0
0
0
0
0
0
0
0
0
0
0
0.2020202
0
0
0
0
0
0
0
0
0
0
0
0
0.2020202
0
0
0
0
0
0
0
0
0
0
2.222222
0
0
0
0
0
0
0
0
0
0
0
0
0
0
0
0
0
0
0.6060606
0
0
0
0
0
0
0
0
0
0
0
0
0
2.424242
0
0
0
0
0
0
0
0.6060606
0
0
0
0
0
0
2.020202
0
0
0
0.4040404
0
0
0
0.4040404
0
0
0
0
0
0
0
0
0
0
0
0
0
0
0.4040404
0
0
0
0
0
0
0
0
1.616162
0
0
0
0
0.8080808
0
0
0
0
0
0
0
0
0
0
0
0
0
0.6060606
0
1.616162
0
0
0
0
0.2020202
0
0.8080808
0
0
0
0
0
0
0.6060606
0
0
0
0
0.4040404
0
0
0.4040404
0
0
0
0
0
1.414141
0
0
0
0.2020202
0
0
0
0.2020202
0
0
0
0
0
0
0
0
0
0
0
0.2020202
0
0
0
0
0
0.2020202
0
0
0
0
0
0
0
0
0
0
0
0
0
0
0.2020202
0
1.010101
0
0
0.2020202
0
0.2020202
0
0
0
0
0
0
0
0
0
0
0
0
1.414141
0
0
0
0
0
0
0
0.2020202
0
0
1.414141
0
0
0.6060606
0
0
0
0
0
0
0
0
1.010101
0
0
0
0
0
12.72727
0
0
0
0
0
0
0
0
0
1.010101
0
0
0
0
0
0
0
0
2.222222
0
0
0
0
0
0
0
0
0
0
0
0
0
0
0
0.2020202
0
0
0.6060606
0
0
0
0
0
0
0
0.8080808
0.4040404
0
0
0
0
0
0
0.2020202
0
0
0
0
0
0
0
0
0
0
0.2020202
0
0
0
0
0
0
0
0
0
0
0
0
0
0
0
0
0.4040404
0
0
0
0
0
0
0
0
0
1.414141
0
0
0
0
0
0.4040404
0
0
0
1.616162
0
0
0
0
1.616162
0
0
0
0
3.434343
0
3.636364
0
0
0.4040404
0
0
0
0
0
0
0
0
0
0
0
0.6060606
0
0
0.2020202
0
0
3.030303
0
0
2.222222
0
0
0.6060606
0
0
0
0
9.89899
0
0
0
0
0
0.2020202
0
0
0
0
0
0.2020202
1.010101
0
0
0
0
0
0
2.222222
0
0
0
0
0
0
0
0
0
0
0
0
0.2020202
0
0
0
0
0
0
0
0.4040404
0
0
0
0
0
0
0
0
0
0
0
0
0
1.616162
0
0
0
0
0
0
0
0.4040404
0
0
0
0
0
0
0
0
0
0
0
0
0
0.4040404
0
0
0
0
0
0
0
0
0
0
0
0
0
0
0
0
0
0
0
0
0
0
