1800
1600
1200
3400
27400
8700
1900
2200
1500
1300
2000
1900
1700
1600
1300
983
1300
2700
912
1900
1100
2800
1600
2900
1200
1100
954
846
1000
1400
1200
1500
70600
1600
1400
1100
5700
3600
16200
1000
3800
635
1500
969
2700
564
4300
2400
740
1100
750
18200
3100
1000
211
862
1500
1300
98500
6500
702
779
952
579
685
3800
553
462
664
1400
1800
5400
1200
1300
1800
5800
3600
919
37900
1900
828
2000
8000
102500
670
832
2300
1200
1100
1800
6400
11300
2700
1900
1500
987
1400
1800
853
1200
817
1300
2000
4600
861
697
5100
1500
1400
3000
14900
907
2700
1000
1300
1400
810
892
1400
2200
2000
637
2200
2400
3700
1400
5000
1400
1100
1000
2000
759
1400
877
1300
1600
6900
824
1400
895
2500
1200
1700
1800
1600
647
5500
1400
1000
1500
786
749
1100
1200
5900
887
1100
887
1500
12300
6100
806
2900
626
1100
6100
7600
116
1300
2000
1000
1100
12500
847
2100
1800
1100
9400
958
795
2600
27300
37000
5500
2000
2000
1000
1100
1900
2200
478
532
1200
2800
2900
3700
2600
3000
821
2900
8200
16400
1100
1100
11100
2000
1200
883
796
730
1900
2800
1100
723
1400
1400
1500
2700
1100
3300
2400
2200
1900
980
911
1300
5300
4600
1400
1400
1800
797
5800
2600
1300
1200
1100
1500
1000
1200
3100
1100
653
1200
4600
1100
7700
3200
1200
960
943
4900
2700
1100
735
971
964
2500
6700
1100
7500
817
1300
1100
820
6200
543
1500
1000
1600
1900
12100
1800
1100
6700
1700
8100
562
1800
1900
754
1400
2300
4400
4000
807
687
728
3100
1100
1100
2200
729
622
1100
1100
3000
2100
2300
867
2600
8900
793
877
607
1000
849
2600
550
947
1300
952
11900
759
543
6000
448
2100
2200
1100
996
3000
1100
77200
3900
921
902
311
761
1200
721
1000
2200
3400
10800
867
856
1100
4600
1200
1500
1500
775
842
6900
3000
782
1200
2200
1000
2300
1200
24900
2600
1300
66900
879
96900
559
1900
9300
2500
1300
665
900
648
605
4100
13300
997
1700
1400
2800
975
2600
734
3800
808
7400
962
984
1900
678
4200
1600
6300
6300
1100
3200
3700
785
2200
1700
1100
2100
1400
820
9200
1500
14700
1900
162
1100
2400
3500
4800
8500
24100
2100
881
2900
860
4700
3500
2900
3300
1300
1600
2700
1600
1700
8700
2000
1200
2100
1900
1500
2200
862
1300
785
9700
1000
2800
1100
943
725
1400
1300
8000
910
6500
1200
530
1100
3600
2800
3500
1100
3100
1400
901
2700
674
3200
960
823
560
4600
2800
1100
925
907
3400
1400
1400
3800
20700
201
1200
1000
1000
891
3000
902
1300
13900
3300
1800
7100
1500
910
1100
10100
766
93
1400
2400
3100
2000
1000
1600
2200
4800
910
15000
1700
21200
1100
4700
1300
3000
1600
1300
349
1300
6000
1900
864
5500
4900
938
11700
926
6000
1200
3100
1100
1100
2700
2100
652
587
3000
644
2800
2100
2200
956
11400
10600
1800
1300
12500
2100
1600
6100
2100
1500
22800
1300
1000
15400
2800
887
8400
1200
3900
1900
1700
4300
2900
967
797
1600
587
900
3200
4500
1500
2700
1300
8500
102
9000
828
4400
2300
887
1700
668
606
1100
1000
612
10300
3800
1200
5500
2200
1500
2900
701
885
2100
1400
1500
3800
1500
1700
1500
959
1100
754
2200
944
1700
1100
1700
1400
2900
2200
1200
1900
2200
4400
813
3400
3900
794
49000
1600
1100
1700
516
3800
1700
868
613
6600
917
613
626
645
1500
2200
826
1200
1000
961
988
799
1400
1100
3600
1600
1200
1200
4300
3500
1100
1600
1100
824
2100
1300
1300
8200
635
1200
1100
1500
1500
2000
3400
853
3300
1400
6200
946
478
1800
2300
1300
6400
3300
4300
849
6400
1500
2500
805
535
2000
834
7100
655
1100
1200
1200
1200
3100
531
1500
2500
1400
3100
1400
2700
3900
33000
2800
2600
2700
1800
1100
4900
869
4200
2000
1100
937
861
2900
919
740
1400
880
1800
886
1300
664
7400
658
471
2000
686
2900
1100
4400
2000
664
1400
1600
958
1500
1100
1500
2400
7900
1200
1200
1700
8600
1700
7200
555
1700
6900
8900
1400
980
11900
2000
1900
16300
3100
1300
723
1100
5700
3600
824
4800
1200
1200
8000
1300
793
1700
1500
1200
104100
95300
816
4400
13800
1000
2000
879
3500
1400
1100
1200
894
802
454
2700
1600
1400
4100
907
37700
382
959
3000
2500
2300
1300
786
6500
1500
1700
817
1400
3000
1300
1500
1700
1600
3600
2400
1500
1600
5000
1300
938
1100
1200
1400
1000
659
773
843
2800
7400
6100
2700
1600
8600
5800
695
46300
5600
2000
17500
1500
667
2900
3400
820
864
1100
964
1300
1100
1200
1700
952
8800
671
1800
608
1500
2500
1400
1100
1000
483
1100
2100
1300
1600
2700
1000
6800
2500
571
823
1700
10400
1300
2700
3300
1100
31500
7800
11100
2200
993
906
1700
1200
1700
519
818
2900
1400
4500
1600
569
970
1400
1900
1400
1500
552
389
681
1500
724
829
3900
826
1900
918
956
860
1400
1500
973
775
16900
2800
1600
1100
1700
35800
5100
670
615
7500
1500
824
754
1400
7400
1000
1500
5200
5000
1100
1300
839
24500
1000
1000
1700
21100
18900
10400
5300
1100
2000
671
481
1100
758
1200
1700
745
765
26400
3600
2700
1300
1300
1100
1300
2200
1100
6400
1200
1400
1100
715
749
28800
11400
9200
1300
7600
111
2200
3800
856
2100
633
24000
974
1400
1300
753
1400
4200
1600
1700
1100
812
1700
699
930
625
2300
2900
1400
855
791
4900
2000
3500
1900
1300
801
7900
534
1200
1600
507
137
4400
893
2400
4600
127
708
1600
714
991
1400
658
1200
11300
2500
1400
3200
1300
768
969
1000
1400
1300
536
1100
2100
880
1100
799
1500
6500
1100
872
827
2600
2900
4000
932
1100
451
2500
4000
12000
1100
865
1600
4100
6400
1100
752
796
1900
1100
975
761
1400
764
2200
1500
8800
1200
4000
955
1300
1300
739
3600
2700
4700
640
754
633
886
739
1200
2300
1100
10000
954
920
54900
4600
10400
1200
1100
31500
1100
21700
811
1500
2300
1200
1000
821
3600
1300
1700
1800
6300
882
838
2900
834
789
1100
1300
1100
2100
1500
1100
1200
3200
942
1000
4200
806
2000
1100
1400
4600
1300
634
2600
7700
974
1500
1600
1200
6300
4500
1900
3700
969
1000
2500
1200
376
16900
777
1200
1800
8500
1600
1200
3300
5000
1900
581
928
812
421
2300
1300
8300
25500
1300
1800
971
2900
2600
1200
924
1400
2900
1800
2000
882
608
704
1900
45900
1100
786
841
2000
4200
1800
955
2400
3100
12800
16300
1300
11600
1700
1300
1500
741
1300
4700
1300
1900
990
1400
721
3500
31400
1600
3900
1900
10400
1600
14400
3300
777
1300
3000
1200
1800
1100
3500
1500
1000
6000
3800
53100
4000
1100
7800
1700
2400
9000
1200
1600
1900
635
5200
971
1500
1500
924
1500
9500
1700
1400
986
2100
1900
7900
969
1500
3600
724
960
3200
2700
4800
1500
3200
727
11000
1700
1400
4700
1300
3400
3200
4000
754
1900
2300
1500
825
1000
1600
1300
2000
2700
12200
665
1000
1100
816
640
911
4900
952
2400
2200
1100
2000
2000
1100
841
16300
795
751
571
12300
1300
1100
139500
1900
1100
1800
1500
1200
914
934
1700
2700
1900
918
2800
1400
8400
1400
1900
653
732
6000
1700
9500
1500
988
3400
2700
1600
10000
1200
2500
828
1700
4100
8200
1200
2000
766
1600
110200
2700
31900
4100
1400
15000
1700
12800
1200
1200
2900
1500
451
1600
1700
638
934
2000
3300
832
902
654
1700
1800
8400
2100
873
2800
1400
1200
5900
1500
1700
1100
3500
1500
1800
7500
531
618
422
975
1200
12900
3200
2400
1100
1200
1200
69300
969
833
1900
691
2500
2000
917
2800
1300
1700
942
11600
1200
13500
1600
10700
232
1100
2900
11800
6500
10500
924
3500
3600
1500
821
934
767
32200
554
1700
1400
884
836
972
8000
12800
1900
1700
905
3500
2700
2300
7600
624
745
2800
1400
1700
1500
1300
816
638
950
1300
6700
3400
1900
4000
714
2600
4700
4200
776
803
872
7000
1000
679
965
1100
1600
3500
1000
914
1100
2100
11500
692
1100
2100
1200
1200
724
187
3400
1400
1400
2400
1800
717
3500
3900
613
6900
4200
656
3400
590
787
2200
1400
65
2300
1200
1100
724
4000
1800
140
10700
15800
1100
12600
1100
920
2700
4600
4500
3500
886
1400
1100
6400
1800
1300
2400
5100
542
1800
2600
573
907
1500
1300
33800
715
730
2000
1700
12000
1800
1200
484
2200
2300
1000
1300
88
1200
1200
2200
1100
6500
1600
989
1200
5300
949
3500
2800
9200
3100
10200
528
2500
3100
575
12900
826
1300
5300
1300
950
10400
1300
1200
1200
621
524
693
20700
1600
2000
1100
2300
2400
604
12900
1300
797
1300
1200
2100
1100
1500
606
2300
1100
1700
2400
813
712
2000
1600
2400
1600
877
11700
1400
1200
1500
2800
1500
1700
2600
1800
737
1200
2100
6200
11800
2700
678
2200
2000
3500
10500
2100
1000
5700
23500
777
1400
3400
1500
743
748
2400
10000
4200
788
1900
724
2600
2000
1400
1500
990
1000
14800
7100
3600
1200
20800
887
830
2400
4200
2700
1000
1400
1100
1700
1100
1000
4600
1600
718
1200
14300
4000
2300
5400
1400
6100
1200
4100
1700
3900
1800
3500
753
1400
5300
729
1900
3700
12900
2400
6000
1400
1300
846
779
22100
11100
590
452
1400
3200
1600
1600
824
1300
9200
1400
14700
2400
2000
5100
1200
412
1900
873
9700
1100
940
1100
1500
4300
812
1200
514
5700
1300
2600
1500
1300
5800
39800
437
1500
4400
16600
925
1100
839
707
2600
1600
7000
2300
9500
3600
1000
1200
1100
1400
752
1900
3800
1200
819
1700
704
1100
1700
39300
2300
765
1200
2000
2100
1800
928
1700
723
1700
874
823
2400
14100
1900
1300
1300
1300
9700
1700
1400
1600
5400
1300
1000
1700
1800
2200
1900
1500
6000
9400
736
1000
1500
1400
1300
83
1600
4100
1700
2900
2200
1200
832
2000
3100
807
1900
895
782
866
2100
2300
791
1100
1300
15600
3500
811
792
4500
1100
3100
1100
1500
5100
4300
3800
682
1400
741
882
846
4600
2000
1100
985
5500
653
1100
1100
1300
791
942
2400
1100
1400
7800
744
2200
1600
2300
1200
2800
738
1000
5900
942
2300
1700
1200
1000
2300
2000
832
55200
2700
1700
17400
1700
1200
20700
963
624
1200
1100
5700
6000
2400
5500
82
1300
2300
1800
1700
1200
15800
914
23000
236
1900
6100
9000
783
888
2100
2100
2200
1300
4300
2300
2200
1900
1700
750
1600
1000
577
714
1700
7900
1800
2300
12700
1400
1200
880
2600
2000
2000
1600
1100
1600
1200
1200
1600
1100
1700
1400
840
2200
844
816
2900
1300
4600
7200
504
4400
1200
675
1500
5700
1000
17800
2100
4800
3200
7700
11100
846
3000
1000
354
858
1500
903
2900
4600
4000
640
3900
1400
737
1400
2300
3100
11100
645
992
560
3600
337
969
2100
1500
4500
996
1200
583
2700
2700
942
4100
3500
908
3700
946
1400
1100
16700
1600
1100
852
3200
3400
1800
675
1500
3600
13700
1800
1700
8300
1100
859
1800
5700
9200
530
792
1400
1000
3500
5200
12400
838
745
1200
1000
1500
1600
725
2600
3300
2000
3000
1500
742
1200
1300
1600
914
1700
1300
5200
3700
200
755
1300
4300
1900
1200
1600
5100
4600
2400
1100
1600
3600
1400
404
1500
1600
828
871
7800
1800
24900
7700
914
1500
2900
1500
1400
1100
1500
536
1100
940
5000
1700
2000
9800
587
1700
1400
12300
106400
1900
485
6100
1100
3500
805
917
4500
2300
1700
787
2700
1700
2500
509
2600
922
7800
636
732
19200
2600
1100
5000
704
657
726
1200
806
1600
1300
1700
56500
1900
1900
842
2300
423
1200
5400
707
1200
906
713
791
4500
2200
943
4900
1200
1900
3000
6200
1200
1200
1200
6100
1300
1600
508
2900
964
1200
764
1400
5600
850
1500
2500
459
1700
473
4200
1400
3000
5700
21900
377
1300
789
19500
3200
8200
522
2500
2500
2800
384
1200
685
1900
1100
2300
645
701
1600
1600
571
1300
1700
1300
1200
1100
666
395
3600
2400
1100
704
1300
2000
625
4900
1500
7800
2900
5800
41800
950
1700
16300
1600
1700
4400
1100
1500
898
1500
3500
1500
1900
762
3000
1100
2100
2100
1800
1100
18800
564
1300
3600
1300
1400
871
1400
1100
943
1500
8000
2700
804
8700
1300
1700
999
1900
882
26000
7800
967
4700
1000
944
1100
556
73100
941
13500
1900
3700
1600
1100
2000
813
7300
1200
1600
2200
930
1300
1400
807
2200
10900
286
8100
944
1000
3800
840
930
1000
3100
809
804
2000
732
907
987
4300
917
1200
701
3700
1500
2100
1300
1700
746
726
1200
1700
594
1700
931
7900
5100
939
5800
5000
3900
1000
24100
1100
1000
521
4200
1200
3600
1100
6600
727
635
2400
2700
171
6400
1100
1500
547
529
2100
2700
2900
3800
3500
1000
2300
1300
1200
951
887
952
660
5000
912
1400
1100
458
1100
1500
1200
890
8200
5200
1100
19500
7200
2700
2000
6600
1200
1100
10100
482
684
310
809
3400
1000
1500
2200
1400
944
976
6100
968
2500
2100
11800
865
429
2500
617
1000
1100
2300
1700
1300
515
802
1400
1900
1800
2900
870
417
1000
984
902
2100
5600
721
2400
1000
1600
1400
862
2100
1300
3000
2200
1000
1100
1200
490
1200
967
1200
577
1400
437
1400
3500
1200
1900
1700
1100
2100
1600
6300
1100
1100
972
1600
13700
1000
2500
1600
2300
98700
3600
3100
974
14300
1500
519
3500
800
1200
31300
4700
1200
988
1400
2400
1500
2100
780
16500
1500
952
895
872
818
1600
23500
591
1100
205
1400
775
3100
1100
717
670
1900
1900
9100
1700
4000
806
1700
618
2200
1300
1600
2500
3400
709
1800
2100
6900
6000
31900
1800
1700
1400
7600
3100
1200
3900
789
2000
804
703
2000
1100
38200
8200
1100
1600
1600
1700
732
2900
825
1800
1900
1100
535
3400
1700
1100
1000
3400
807
7700
4500
1900
2600
4400
2500
748
6500
655
1400
680
22800
1000
7900
650
1900
1400
1300
763
6000
568
1300
3300
7200
599
840
9900
2000
1700
2400
11500
2800
1600
3300
791
484
2200
3000
1900
1200
1100
1100
627
1100
3400
1200
13800
375
3000
773
1000
11100
3400
783
2600
638
3400
788
3400
9400
980
1600
23000
2700
613
2000
4100
1000
1900
1000
3400
2100
2300
894
7500
894
2300
562
4200
1700
917
845
2100
10900
2000
396
1500
1300
2800
3600
1800
7200
3700
3900
1900
3100
1100
2400
2300
3700
1200
2400
1300
4500
3500
3500
1600
1500
3000
1500
20800
1600
1000
1200
3400
518
938
3900
1200
840
790
4500
992
1000
951
930
3100
1200
1600
1000
3200
1800
1600
6500
2500
1900
2400
971
2000
2600
1400
2100
1000
13900
744
2400
1900
2300
10300
587
980
585
4400
1100
2300
3200
1400
1100
3600
2000
473
800
1700
777
720
872
2300
19900
37500
800
2300
1100
1200
989
993
1200
639
2000
1100
2300
1200
1600
1500
2100
3300
643
958
4200
1500
3000
3000
1900
489
3600
9100
896
1100
13000
1800
661
1600
1400
817
6200
11000
1500
9600
663600
538
1500
1700
767
1500
1800
1300
1100
2000
4100
1900
867
1100
3700
915
989
578
7300
2700
1700
12300
5200
1400
23100
1300
1000
1000
1700
860
707
865
7800
3400
1600
804
897
786
1500
1200
1800
962
5500
2800
529
1900
923
1900
994
5700
1000
1800
2300
691
5500
2000
248
1200
1300
956
1500
999
7600
15900
1700
943
1800
4900
1900
2700
1200
919
1800
564
624
2000
706
2200
3200
1400
902
903
719
1300
3500
1000
1100
3600
1700
606
1300
984
5500
2200
5300
1800
1300
2200
1500
1100
902
1500
1900
6900
5500
1700
884
996
2800
866
15000
915
4000
831
2800
1400
1100
4600
1200
478
1700
1200
554
882
1500
903
864
1600
1500
50100
2800
3300
1400
7200
1600
686
2600
4400
2500
2000
3800
6100
1400
782
1100
3300
1700
2700
3000
1200
5000
1100
1100
1400
1300
701
2100
2200
32100
392
1900
2900
6000
1800
2500
5200
3100
2100
6700
704
612
2900
4600
1500
1700
1600
3400
2100
992
1600
1000
1700
10300
929
806
1300
4600
780
1400
736
4600
1000
2600
1700
781
1800
1300
10200
4800
900
917
7400
1000
1000
2000
299
827
589
1000
1600
3200
1100
3200
815
1700
2300
905
8700
1400
1000
4200
1600
3000
4100
1700
1400
1000
1200
496
944
913
2600
500
704
1000
956
1400
3600
1200
1900
3400
442
1900
1700
1400
1300
830
1800
1200
1500
891
907
695
2900
650
690
1500
839
1300
7900
2400
2800
1300
17900
3000
777
1200
848
1700
882
1200
974
1900
2500
1300
2200
2700
1100
4300
3300
930
1400
526
4500
6300
6500
3900
1100
964
7700
4900
549
728
7400
1100
1200
629
1100
1300
3300
968
1800
3500
855
868
3900
1600
935
1200
4100
390
924
1100
2000
6700
1300
1100
5900
731
1200
2900
1400
15700
3000
891
1100
1800
575
1300
2000
1300
906
1900
2100
1100
1100
436
1100
6500
650
6100
4100
56400
1400
3600
809
997
739
880
1700
1100
2000
1400
468
668
27800
1700
1200
5600
813
5500
42000
3200
1600
2700
866
934
1400
2100
3100
674
638
854
4200
886
1300
1100
1700
793
3400
3500
758
1000
532
5300
1600
1700
5400
1100
3300
1200
1900
6800
1400
911
1800
4400
995
882
1800
1300
1600
2100
705
899
36500
3200
510
3500
1900
641
491
20700
3500
15200
1400
701
2600
17900
1600
1600
843
671
860
1200
1400
5800
1000
1200
1600
5800
862
2600
1200
96000
3500
3700
924
3900
3400
984
1100
1200
284700
5900
2200
9000
1100
1000
1500
1600
11700
545
1000
634
1200
2500
1400
1200
1500
1800
755
1500
688
1500
936
1100
1300
859
737
875
11600
838
2400
1100
1600
733
1500
1200
1900
624
995
1300
719
1000
1200
1000
14600
765
729
966
1300
3100
1400
1500
1800
1200
1500
3100
1500
1800
606
3700
3100
2700
2300
1900
4400
911
4500
1400
5400
2400
3000
2200
2400
1400
905
1100
1800
782
9400
1200
4000
2600
1600
1500
1400
2000
9700
2400
1900
2000
5300
319
1800
897
790
4100
4700
1100
1000
508
1900
2900
5900
2100
98000
733
1700
1100
2100
1500
609
2800
2500
926
847
903
1800
4600
931
1100
2000
1900
1000
1600
1400
719
920
1000
532
12300
4300
10800
419
6400
321
2300
1500
857
712
807
1400
919
3000
3700
711
2400
829
1900
1800
16900
3400
1600
770
569
2000
3200
919
1200
1000
1900
5200
929
850
2200
3900
874
1300
642
682
2400
549
5200
1100
2700
653
896
1000
5100
912
2500
1600
1700
1500
1300
815
6400
1500
807
3100
11800
11200
3400
1000
1200
3200
1600
666
1600
3200
471
511
726
597
9100
652
1800
3600
566
722
913
5000
766
1100
1000
14800
1700
890
651
1800
1300
463
1600
4500
1500
800
770
712
1600
1400
474
1000
11300
2000
1400
649
623
1400
1600
2200
1300
3600
6200
831
1000
1100
1900
1400
2400
2500
10200
14900
716
840
1400
2600
2400
1600
5900
1500
4600
851
1200
8800
1700
1900
1100
2100
2300
3800
3600
3400
4500
1100
1100
855
2600
1800
3300
726
2900
900
2000
895
949
1400
1400
971
538
1600
1100
4500
1700
1000
1100
989
876
1500
2400
4400
600
1100
4300
538
400
6900
4200
1100
576
913
3200
809
1200
759
2000
1400
1400
1200
963
7900
5100
5400
786
1400
785
691
6300
1300
1800
1600
1300
527
2900
3500
12700
1900
3300
671
806
1700
2000
17200
1700
53700
3300
824
1200
2100
23600
5100
1600
728
1200
682
6400
1500
16900
967
7600
2100
1600
1800
1400
12400
9400
819
1400
1700
1100
421
1200
2000
2100
3000
1500
30600
2300
4300
1400
529
408
3400
1300
1500
2100
1300
1200
1900
484
2200
1700
2200
1300
639
2000
1400
6400
1900
3500
1600
1300
9700
4000
919
2500
1900
1200
1600
528
19800
1200
1600
2100
8500
728
2900
2900
731
1200
2000
950
942
4900
2300
1000
1200
1300
721
1300
43
1700
1800
732
400
7400
1600
1300
1200
749
953
1300
2300
2600
4600
1000
2200
3400
2400
1200
974
1100
1200
666
7700
1900
3900
2100
996
1100
957
3200
1300
2700
13000
1300
2800
1600
1300
820
1300
1200
17300
444
2100
10400
715
1300
1200
7800
10800
1400
693
1500
1200
864
14000
3000
4100
1600
1700
943
1600
932
1100
1900
3400
664
723
4700
1200
1100
732
1300
5800
1100
3100
2300
1900
583
1100
63300
16500
1800
488
4900
21000
974
4900
605
6300
1800
4200
1300
727
5200
5900
790
1600
1500
4900
1200
5100
6500
690
843
3700
818
4200
1100
1800
1500
966
14500
1200
2200
3200
2700
8500
1300
3900
1200
1200
1100
2200
2700
1600
1100
1500
2700
29400
1300
1000
1100
899
2900
1200
606
1800
8300
1200
550
3000
870
5000
5500
650
1100
6400
894
458
790
847
2100
1400
799
729
762
2000
1000
1200
1000
1500
2800
1400
1100
1900
768
916
639
2200
1100
666
1100
2100
6700
1600
1100
2000
1000
946
6300
1200
2200
1300
8300
750
1100
1100
1200
1100
503
4600
540
4300
2300
2300
990
919
1400
1100
2500
931
2500
710
4300
823
4500
805
3100
1200
881
854
981
1500
3300
2300
387
22800
14600
4500
2900
34800
2200
1100
2200
4100
944
716
3000
867
971
579
1200
5500
11500
810
3600
7800
1400
2200
3100
3900
980
4200
3000
2000
933
2100
1200
3700
532
1000
1700
802
14200
1900
1100
813
957
667
9100
679
4600
2000
2400
300
1200
2600
2700
1500
5100
1400
2500
753
310800
939
2200
2900
1400
1100
2900
1000
2300
8500
813
815
1100
1300
2500
2400
1800
1700
962
2500
667
928
1300
1200
712
1500
1200
1400
1400
9100
2900
958
2100
4000
884
1100
839
967
1900
3100
4600
1100
4300
580
796
20900
1400
857
3300
2200
1100
846
964
910
850
19200
5000
2300
736
1200
983
2000
829
1400
797
1400
5600
2000
11200
1600
3500
1300
630
18700
2700
1800
2600
889
3300
1800
1900
2400
1100
5400
1400
1100
7300
2000
1200
5500
6900
741
8200
1700
1600
5800
485
2400
1100
1600
6000
850
1100
1100
1600
3300
816
12400
13400
1500
731
1100
928
1400
940
2100
828
2300
626
1100
882
1100
507
3400
1100
972
27100
15100
6300
1900
760
13800
3700
4100
788
1400
818
1400
2700
1100
10200
835
5900
1500
1300
738
16100
718
5300
4400
818
1300
7600
1000
2600
3700
372
2200
6300
2500
828
791
1800
2700
6700
590
2500
951
969
1100
7000
880
1300
1100
989
758
1200
924
2600
17800
1400
2200
1300
1800
4800
1400
5600
5700
1500
3700
493
454
3300
718
1600
2100
1700
2000
3100
1100
1600
1900
10700
623
1800
9400
588
811
2800
1300
6200
1900
2700
552
918
2600
1200
4200
2100
2200
2600
2500
698
1200
1900
1800
2500
1600
1600
1400
14900
1300
1300
696
661
845
1200
4200
1600
7700
4100
1200
2700
6300
2000
1500
1100
5200
792
9600
738
3800
7200
1200
24300
1200
1700
3900
1100
1100
1600
7800
587
1200
2400
1200
9800
1200
750
1900
1200
20000
676
698
2700
1100
1000
3900
785
8600
1700
10500
2500
4300
2300
1700
1400
15000
584
1100
966
10600
959
698
1200
10300
2100
8500
694
4100
1300
2300
909
1200
1500
1100
661
3100
1000
2500
738
4300
1400
995
4300
17400
964
1700
1100
1600
1900
621
1000
4100
1900
6300
1100
4600
860
2500
1300
3200
13900
1200
1200
1100
1000
935
2800
1500
733
1600
45100
4500
3900
819
1100
1500
104100
532
737
49000
4800
847
1000
1000
2600
820
984
1100
740
1100
2300
537
527
1400
1200
989
54300
648
3300
1000
866
864
1800
3700
1700
9900
1500
1500
1200
2700
1100
1200
3500
964
3200
7600
870
8100
15800
1300
755
945
823
3300
2400
955
876
467
3400
1500
951
1300
2600
903
2000
1100
1200
748
1800
950
1700
1100
888
3800
1200
1600
2300
28300
2100
4200
1800
3900
547
2500
2200
2700
4200
978
901
860
2600
3700
3500
1600
1900
1100
1600
816
1400
2000
3100
3900
6600
1600
2000
14300
859
2200
1300
4100
3300
944
3000
1200
1200
2100
2500
1500
1200
8000
1400
1100
486
1100
1900
995
5700
11000
722
2100
1100
989
1400
774
1200
632
2400
2600
932
3100
928
3500
3200
7700
800
1500
3300
7200
16700
4500
1700
2300
764
1000
1200
2300
791
1900
1600
15000
984
1100
853
1200
12500
1800
1000
1100
19900
4700
1400
645
2500
1000
2600
684
896
2200
4600
1700
4700
981
2100
1600
1500
2200
705
1500
4500
722
5100
791
3500
2000
12500
1100
937
782
933
1800
1400
990
1100
929
917
1000
882
2600
884
817
1000
647
6800
1100
1100
796
255
2000
9400
699
498
4800
1300
551
2800
5400
1400
2200
660
10100
930
9200
1200
1000
731
895
11100
749
210
764
546
1400
726
4900
1300
2600
2400
3900
1900
826
732
2600
803
16100
1100
728
1500
1100
2100
994
1400
588
4300
1100
1200
25700
2500
516
655
1100
628
662
838
4500
976
9600
1200
1100
693
2000
1700
3000
1300
700
12800
920
1700
1500
1300
857
7900
2000
1300
1900
4100
826
1200
2700
968
985
941
1300
1400
25900
1300
1100
742
2200
1400
3000
1100
1400
2400
1600
828
659
1700
2200
6800
2000
448
1400
518
2300
1300
1300
1200
3100
841
1300
4400
933
4200
2000
1000
2700
4900
1400
1900
1200
392
1300
737
494
2500
775
2000
3500
3000
2400
2000
2600
807
6100
78
18800
21000
9400
843
1800
6900
704
1200
798
1100
2000
2000
682
1500
726
2600
6800
2200
915
3400
1400
14100
1200
616
32600
1200
950
916
980
2800
1500
696
15400
958
2500
1000
1100
1800
5800
946
641
2700
7800
10300
1900
1200
2700
1700
1600
1300
2600
10200
1500
2200
1300
3800
2200
4400
7000
997
1500
1100
680
356
7400
1600
1200
518
1300
1600
877
560
962
10000
1200
3500
716
6000
52
1000
728
3200
1100
2000
577
1300
843
936
2200
5500
2300
1700
2400
769
2600
16800
731
1100
5200
1300
2400
1600
824
1800
950
1100
2500
48000
13000
1100
430
1900
564
9200
1100
1400
1200
1600
14400
4100
1200
771
2700
1600
1200
2100
821
541
1200
3200
1500
1300
1100
2000
1700
1200
774
9200
1200
4800
1800
615
777
719
1800
18800
1100
748
633
1500
790
2000
8900
6600
2800
40400
3100
3300
3800
1300
2400
712
513
1800
6900
1200
150
2300
2200
1800
2100
2700
2800
638
1800
3000
1300
3000
4000
790
677
3400
625
512
7300
962
667
1400
1100
762
2500
4200
1400
1500
6400
1600
2100
14700
4700
1300
1200
8900
1100
4200
895
5400
916
924
2300
4600
971
1600
3900
1000
530
499
1700
4700
4100
888
1100
2100
1300
17300
3200
2300
919
749
898
874
2300
501
1200
692
2600
1100
1400
1200
1400
905
2400
2100
1300
52600
615
1100
2400
906
2800
1100
2700
1400
8900
3400
5300
1500
2800
591
1300
5800
2600
972
70800
1600
2200
2900
1800
556
6400
2100
934
1800
2300
55600
3600
678
1800
1600
974
670
3300
7800
3600
2400
3300
8100
876
1200
4200
2700
1100
44700
4900
1500
29400
4000
1300
590
7700
774
2300
1100
1200
1500
1700
1300
1600
5700
960
1300
713
795
1100
1000
21200
7200
1200
1500
784
753
1200
1300
2700
580
1200
982
917
1300
1300
3500
1600
1000
1500
810
3400
2100
1300
1500
652900
3000
1100
1100
949
1200
1900
897
1300
925
13300
610
26300
1000
690
2700
8500
1400
1800
2700
1200
5800
873
6600
907
1000
742
2500
765
1100
1300
2700
7200
47700
3100
442
2000
1800
2600
806
36200
1300
5700
1300
1100
1100
1800
949
2600
1100
618
1200
1700
18800
4200
1100
694
1600
9700
877
3000
3600
1000
3300
752
1000
1600
14800
1300
2200
3700
1800
1400
1800
1100
969
201
1400
4400
510
1300
1100
1000
1100
665
2700
1500
1200
1600
1200
1800
1200
984
2000
3700
395
613
1100
1300
1200
683
2900
1000
3600
1700
2600
1900
1700
241
1500
1300
1800
647
902
1400
224
