1100
886
3100
2100
3600
1300
1000
1900
1100
3600
754
4100
1400
695
1900
876
409
779
1500
6300
954
1100
1800
952
1200
614
1800
1200
1100
947
6500
1400
6800
1700
1100
1200
2100
718
9400
13400
2000
1100
1300
2000
1100
6900
1500
636
1800
1500
5100
4200
1000
2500
1500
566
2600
737
1300
3200
11900
1200
2200
2500
1800
3700
1200
833
1800
578
1100
970
2500
1100
1200
1300
827
1200
872
861
959
3200
665
998
1100
3400
6700
638
1700
1300
4400
7000
992
99
2400
3700
1300
2000
1400
1400
1300
1100
776
592
1000
5000
3300
8200
1100
2700
1300
2900
642
3100
9000
3700
2500
2400
936
1800
483
2100
1300
2700
826
1900
11700
2200
5700
593
1200
2400
19200
1200
33300
20100
4500
872
2300
1300
1200
1700
3600
1400
1500
11000
1500
1300
1000
853
861
4000
894
1600
2800
725
9100
1100
3900
2200
1300
818
889
1200
720
1200
681
1000
522
837
1300
2100
3600
951
1000
1600
1900
944
3400
2600
1300
2400
1700
14500
917
902
631
852
2700
1900
2700
2600
457
1300
2000
1800
939
678
3800
703
1600
1900
1100
1100
1200
1800
4000
4600
1100
1300
2500
1300
25000
898
2300
855
24400
945
13200
1300
12500
1300
7600
2700
1100
2600
742
1200
17000
1400
6300
935
2500
732
26900
431
1300
1200
1400
1100
7800
1700
2500
1000
929
919
1200
2300
100300
1000
2100
2600
513
758
1100
2000
782
1700
584
1100
972
1100
1800
889
4500
2100
1600
862
567
757
7800
3200
1500
920
1100
1800
912
1700
4700
4100
4800
1500
1500
1800
827
973
3700
6500
1500
1100
720
13100
1500
6700
2000
1100
5100
5900
1500
1100
2000
3300
5300
797
2600
2200
1900
1200
1600
1600
1300
739
778
1400
1700
2000
1800
1400
2000
3700
1100
582
541
3300
899
13400
2500
1100
1600
2700
1400
6300
940
2600
5600
584
940
2800
1400
1500
723
2300
2400
498
802
1500
3500
8000
688
1300
808
1900
1500
834
1600
2100
743
16300
922
4100
2400
711
2100
11100
1900
2400
7800
1100
1200
1200
1000
1100
1300
1100
1500
698
598
2100
852
19100
5300
2200
2000
2900
12000
773
3600
1500
1400
404
812
853
960
2300
2900
581
1500
1800
983
769
4100
1200
1300
2500
1600
1100
2100
990
4600
744
1200
953
1900
10000
1400
1700
1200
3700
1800
946
2000
1500
1700
11000
930
707
1200
6700
721
22000
2200
3900
6000
820
806
1600
843
13700
1100
2700
2700
589
864
9300
7700
816
913
688
767
1100
1700
1200
3400
466
4100
877
1100
569
766
1200
1100
1300
739
3000
819
1800
1800
569
1600
8000
1200
2900
18800
3700
2200
4700
698
1500
643
3400
743
3000
3900
1800
1100
12000
1900
938
1200
723
859
1200
702
479
8200
2800
5400
2400
1100
3300
883
1900
737
931
806
12700
2200
17400
6000
1400
2000
1400
4500
4600
1400
1500
929
4300
1500
1400
2500
2500
7400
663
366
9300
3900
7000
4800
4200
4800
940
1100
1000
1400
956
25600
2200
2700
1100
43200
1200
1700
578
1700
9400
2000
15500
975
1700
929
393
1900
981
1300
4000
2000
2800
607
1200
5800
1000
2500
2500
1400
13900
1800
6000
1200
1100
1500
5900
2400
2500
110200
1200
4600
1100
915
8500
1100
3900
2300
695
3700
854
1200
1200
1300
1000
1300
1700
2100
1600
2800
818
2100
1500
2500
1900
1000
1000
1100
2200
853
2100
1500
810
1400
7900
1100
1500
918
983
3700
716
937
9000
3900
1000
1100
1400
4300
1700
664
1300
1600
1800
1400
2400
1200
5200
810
4200
1700
773
1700
987
1600
3400
1600
981
7400
1500
958
2100
1500
794
4100
6200
845
873
1700
1100
731
916
8900
3200
11700
1100
3400
939
5700
6400
1400
1100
15500
891
4700
1400
1900
1600
896
2000
1000
2500
522
3500
1000
1400
3000
806
1200
10400
720
835
1300
10300
848
1500
1000
784
3400
814
935
889
978
2200
1200
824
1200
975
2500
6400
1900
1000
669
1400
1000
868
3100
1700
1300
1400
2800
727
1800
2500
1400
2400
733
1800
1500
2300
2000
1700
3800
536
2100
1600
1700
15900
1300
608
874
1100
1500
3100
1100
4200
2200
968
753
2500
2900
1200
2800
1000
757
3000
1300
780
8700
1200
2400
1000
1400
1200
6400
739
1300
869
2300
1100
1600
5100
844
1100
2000
1000
681
1500
1500
40600
850
713
821
2600
2500
1900
1500
4600
3100
920
48000
2300
668
4800
893
2700
6000
5900
5800
799
3400
1200
1100
21000
1100
843
786
2100
4300
1600
28
1600
779
498
690
1900
488
1500
1900
1700
1500
688
1900
2200
3300
774
1400
3500
2200
1700
719
2700
2400
1200
1200
3200
840
7600
14300
2500
729
3500
6500
905
430
1600
1800
789
4200
1000
780
1200
1100
1400
1300
952
552
955
833
584
41000
3700
1200
2200
1300
1400
1400
1800
14700
3400
1900
6000
1200
691
758
5600
1800
1100
938
342
1100
824
3200
1700
1300
10400
2400
3600
1100
4600
933
1100
888
6100
1900
2300
2500
14800
1400
2000
1400
1100
6500
1100
2500
211
2100
2900
1300
1500
1800
4000
745
887
7700
2100
1400
1400
1000
2900
1300
2600
817
1100
429
2500
2900
1100
2100
1000
1100
1800
788
1700
635
3300
1100
1200
2000
16500
37800
644
2800
779
719
1400
1600
4500
1100
1300
1500
909
902
4700
2000
1500
1600
1000
26600
1300
944
1100
1200
1200
10800
2300
1200
1200
1800
4800
8200
753
5300
857
1900
1800
3000
5100
925
1100
3100
661
4100
1400
3500
6200
832
871
1400
8300
1500
2700
844
1400
2800
936
2300
112
574
1500
2600
2000
2600
11600
295
822
34700
1400
1300
5300
1000
2300
1500
805
3500
629
852
2100
1400
795
1400
6500
5500
903
2400
1500
895
994
445
2700
1100
2600
8400
2500
1400
621
1400
1000
41600
3000
947
2900
532
4100
1400
141400
1200
8200
1200
2300
1700
913
9500
1100
4100
2900
892
1300
758
9600
907
720
5600
1100
2800
3200
1300
1400
1000
1400
657
1100
58800
1400
3600
1300
6500
2200
1400
3200
1200
2400
1500
1300
1100
6400
3000
725
1800
1900
5000
1600
903
3100
895
888
688
6200
4400
940
3000
23300
883
1500
8800
594
1100
2800
549
5100
1900
3700
5000
1800
1800
1900
3800
1600
675
1300
1000
1000
2300
6500
4800
828
821
1100
6100
1900
2200
3800
26200
880
1000
3600
925
4800
670
2700
3800
4500
1400
5100
1000
11000
988
1200
2100
8300
1000
2300
8100
753
6000
1400
863
1100
2000
4100
1500
890
1100
1100
11100
891
961
25500
310
1400
851
946
485
5000
1700
1200
1200
936
1300
3200
6700
950
762
3800
4200
1300
718
1800
4300
1800
777
2300
556
1100
4900
886
788
3800
1300
1700
560
1400
3500
776
816
624
1000
735
1700
2800
12600
667
1300
1900
2600
1400
1000
1500
667
2600
1000
2000
1100
2400
5900
1400
1400
1400
1500
1600
1600
1200
435
659
3800
806
2100
912
2400
10900
958
1700
8600
808
963
14000
1100
1500
552
859
1300
2900
1900
9700
1300
458
730
1500
1400
713
1500
771
4200
995
1400
4200
893
532
1400
3100
535
1400
681
942
2800
1500
1100
4500
1000
2800
4100
2700
844
492
757
4600
855
791
1100
1900
1800
2700
993
4100
3900
1200
1200
5000
615
869
659
563
487
3300
913
1400
1100
1500
415
617
860
2200
830
1100
1800
660
1900
633
11700
5800
1300
2400
9000
5000
1300
5000
1100
9300
759
11500
815
341
1100
536
1200
6500
3400
2400
987
783
566
922
4500
5500
6900
1200
506
2600
1600
1300
1100
1600
3000
1900
2600
1400
4100
2100
70600
2200
6500
4600
16900
830
4900
1100
1100
1100
876
3700
1300
1600
1200
4200
860
716
3400
1600
3800
8900
777
2200
1500
1700
4500
3500
897
1300
813
4800
12000
21000
1500
7700
1100
11100
638
1300
1400
1200
1200
962
768
2900
958
1300
2100
2300
1100
5400
4800
5900
1300
1500
780
2400
11000
597
4000
570
903
648
1200
1100
547
951
1200
1200
711
1200
6100
14800
2500
842
3800
2000
1500
639
1300
12500
1500
12300
1600
4300
705
2600
2300
1200
5300
658
971
737
790
5500
2100
4600
9600
970
16600
479
1900
29400
1500
1300
13400
1400
1900
1900
2200
1200
1200
3300
784
970
1100
1100
3000
1400
2200
1100
416
1200
6000
2500
31300
1100
736
977
1500
1000
8800
4700
1100
1200
609
1100
1900
1300
11100
3900
1600
3500
5500
680
1300
798
1900
2800
3400
4700
1300
754
1000
633
8600
6300
1400
1100
2000
5400
726
4200
902
2600
1100
1000
1200
11800
12400
25900
622
749
9700
2800
750
1900
1700
2200
3800
7900
645
2000
1000
1100
3000
4700
2400
2400
3000
8000
3700
840
1200
1500
3800
1000
2400
3200
655
1400
3800
1800
2000
705
10300
442
5300
1000
2400
786
2300
1400
902
12800
822
2100
12400
1100
473
1300
2400
1400
846
946
5000
916
8200
1800
786
1200
1100
1700
963
1600
954
714
1700
17400
4200
863
1200
590
869
3200
1300
1200
481
2300
5400
2000
1100
996
2100
688
854
783
935
1700
992
1700
456
1600
2500
1200
1200
1900
1000
2400
1200
573
550
1900
525
856
840
7300
1300
1000
1400
2400
715
9600
951
4500
814
1100
959
1100
1300
798
1100
629
463
598
788
1600
6100
305
1100
806
944
2500
900
3700
8200
18200
3400
1900
1100
3000
841
3000
3100
778
1900
4700
2800
10800
65900
268
992
1000
7100
4700
2500
13900
562
1400
2200
870
651
1100
1700
755
1200
822
755
1200
1300
1400
664
2100
1100
17100
1100
802
6400
3000
5400
1800
413
826
1200
3000
6900
19300
717
430
664
4300
1300
7900
19500
1400
3000
1400
3300
3300
1000
1400
3900
12000
2500
1300
2300
2000
1900
3000
602
3100
1600
1200
1600
996
1200
940
712
1500
16200
786
1200
838
946
1700
2000
966
488
992
12900
1000
800
1700
1000
2700
2100
908
1200
87600
904
4700
402
954
880
701
3400
5900
1500
804
3900
17300
1000
1600
1300
1600
15400
1400
2200
4200
908
2400
1200
2700
756
1200
1000
1000
915
4100
906
1400
1900
2100
1400
2300
3900
1800
927
1300
1800
1100
1200
3100
22500
699
1700
5800
1400
7200
2000
1200
1600
1300
935
1500
615
1800
4400
2200
1900
1300
1200
1600
13600
9300
747
13400
731
1900
608
1200
6100
726
3700
682
654
779
532
2100
1600
782
2000
621
2000
1400
1300
3100
900
432
591
2500
846
4400
1300
1200
1600
766
2200
3300
874
1300
403
1300
9000
1400
4100
1400
1200
1300
1800
751
7000
936
2200
3200
685
1000
1100
888
1600
1100
2100
2000
1600
2100
1100
1400
5400
23700
1300
908
4800
1700
851
2100
1400
2700
1700
2000
5600
2100
2200
390
1700
1100
669
750
3700
1400
971
2000
7600
2600
919
755
1700
663
1400
972
2300
5500
2900
2000
933
2900
575
2300
2200
1300
1500
16200
1500
6000
16900
5100
1600
1100
2000
16500
1400
2600
1100
1800
1800
89500
1900
666
723
2600
2900
5700
1100
1400
144
1300
4800
829
613
849
1200
563
2300
629
1500
1800
1800
2900
3600
18100
792
1900
1900
3800
3100
524
696
1400
627
823
1300
723
1400
2400
6000
482
820
552
6700
1600
990
3300
5200
827
965
1400
1100
1900
640
5200
1400
8200
2000
1600
704
960
1500
1400
2000
893
1100
1300
1200
1100
1600
1700
628
1500
1700
913
1700
2300
2700
1500
4400
1100
29900
907
8300
2700
1000
1400
899
1300
2100
747
1500
656
257
3500
2400
11500
1100
5300
744
2500
1600
2000
3100
934
606
2800
1500
2500
2100
1900
530
992
1500
3800
1300
5400
828
2200
6200
1100
4900
731
7400
4700
1300
5800
1500
1300
1300
1800
3000
854
1600
837
853
521
956
1800
496
897
1800
20700
1900
1300
3000
835
6700
2600
1400
1700
8500
1400
1700
5500
1200
892
3300
3100
914
4700
863
3800
24200
15700
1600
1600
1300
1100
24500
626
1400
1400
2400
6000
2300
9400
560
755
9800
1300
1900
1200
9600
989
1600
1600
1300
2300
3400
990
1200
3400
5300
753
2100
4200
7200
1200
708
2200
525
16200
970
26100
5800
1300
2100
2000
1400
1000
1700
1300
1800
1200
1400
774
1200
1700
1800
1000
4000
5700
1100
1500
1200
4700
3800
2500
1400
1900
13300
798
2300
2500
1200
700
674
4700
5300
904
995
937
751
405
898
1300
820
654
1000
980
1100
4100
1100
1000
10400
1400
1100
1500
3000
1400
12800
4200
7700
907
14500
700
619
1500
1500
36100
516
858
1300
2700
516
1600
745
1700
303
1100
1300
3800
1200
1400
1500
6400
985
1600
774
1200
1000
922
1200
984
14100
3100
1400
1400
784
3500
1300
551
877
612
2400
507
696
3400
706
1200
2400
1100
554
963
7800
4200
2900
1300
730
690
1700
3000
3200
1200
1900
1200
659
1400
1400
14600
1000
3500
3200
8000
535
784
1100
5300
1300
3000
645
1000
1400
1800
800
1600
1100
663600
2600
1000
3500
2900
1600
1700
1100
1100
1700
1900
1000
23500
2900
942
802
974
3000
7800
2700
36200
1800
673
980
1100
2900
280
971
722
859
7500
1800
775
790
542
1500
1100
968
1900
1800
1400
1400
1300
676
3000
5200
833
1400
921
612
867
987
5100
1000
1100
619
1300
461
6500
656
2900
585
5500
763
2400
2200
612
1900
1900
741
1400
1400
5100
936
510
2200
2000
2500
2000
1800
1500
3400
1400
1100
1100
2100
6500
1100
10400
1800
10700
1400
811
306
1400
1500
3000
786
2000
625
1100
1200
685
6000
23700
1400
476
650
1100
12200
938
994
350
799
1400
15000
1500
111300
830
1000
1200
1500
3300
1300
1200
1100
2200
2200
1600
2200
1900
1300
947
1600
804
1100
1900
1500
1200
1200
695
663
1200
4700
18600
10000
3000
2100
3600
634
1200
2800
27100
878
642
9700
6400
897
1200
461
1200
1700
2300
935
1400
5300
552
377
1700
475
2300
3700
1300
788
2400
451
5400
713
1500
698
684
699
3600
1900
1000
871
1800
990
2100
784
6300
799
1400
13200
1000
1600
2200
826
1600
2500
1400
4500
1700
1900
3300
1600
4300
4400
835
694
1000
798
671
4500
2200
622
665
2300
694
735
559
2600
2500
1100
630
11600
3000
1300
902
9900
739
4100
25200
12400
812
789
659
6600
1600
7400
2100
1900
1900
1300
991
13800
686
1500
12900
1300
6900
1300
2300
964
2500
1500
1100
532
3000
1100
503
1700
7100
1600
20200
8300
5000
3600
1500
6100
1800
2000
658
4500
1100
1200
2500
1800
1500
1300
869
973
1200
1400
1800
1800
934
596
682
2800
9600
1500
1000
595
1900
726
694
536
1400
1400
21900
1100
1200
1300
1400
4300
982
4400
11800
961
936
1100
1600
1300
1400
2000
3400
5400
962
1700
1300
7700
791
867
5600
915
1000
910
1900
1200
703
2400
930
2000
1300
1500
429
3900
1300
578
3400
2300
703
233
550
1100
933
1100
786
6600
3100
16400
822
30300
1100
572
878
1300
651
2900
419
3000
667
1900
428
1700
3100
1600
842
506
23100
3300
1700
13000
1800
939
18400
1500
10500
2800
3200
2500
1500
1200
949
1600
759
3900
1700
613
629
818
868
1700
813
2000
2200
669
5000
4200
1700
11600
1400
6400
651
2800
1100
1700
925
3300
3300
8000
1400
1200
4400
865
1500
1800
735
1000
1600
5500
1200
1200
2300
779
2000
1600
896
643
7100
1100
1200
1700
2400
1300
9500
1600
4600
300
11600
1300
1600
1100
3000
6400
3000
6700
745
1200
507
7900
5800
9000
2100
1100
14700
3500
5800
1200
2500
1600
842
6500
642
1100
7300
1100
563
1200
1100
3100
2800
1100
3700
2600
1400
2300
1800
53100
593
1200
1100
2400
1400
1200
3100
6000
1800
1900
1000
3900
655
5500
1300
10500
3500
2000
1000
1500
2200
2700
6400
1300
36500
882
1500
128800
1600
2200
539
1900
561
973
1400
4200
2000
825
16700
613
1800
2400
2500
1900
3700
931
1200
635
885
605
2700
3800
504
1100
616
621
1200
1100
8500
1400
1400
1300
1000
20200
4100
900
4100
1100
1600
1300
18800
941
732
682
843
2600
16300
1500
1800
1800
500
1400
373
1700
908
872
723
871
694
1200
596
2900
840
7400
942
1500
1900
2900
714
719
2000
459
1000
894
833
6000
3200
828
2700
1400
2800
1500
653
2600
2000
4100
1100
1500
932
700
1700
1100
1300
349
1900
3200
1300
4200
1200
835
4000
1700
1100
2000
3200
1300
3200
2100
2100
1000
1500
2300
758
816
972
838
1200
2100
2600
1200
3000
3700
1100
1300
2100
17600
813
4100
2800
1200
4000
19100
944
1200
2700
2200
3800
1400
892
2700
1100
816
2800
2000
631
976
1200
812
1600
1600
5500
4700
869
2900
1100
1300
1600
3500
2800
1100
622
4900
809
1300
964
1700
945
4200
2300
3700
911
1200
1200
8400
3300
4100
2000
25300
1500
1600
2900
1200
5300
2600
6300
727
1200
1400
1200
2600
13800
692
3500
3500
1100
3700
4700
960
1300
783
1200
2300
7700
1500
2700
380
1200
5300
1300
1600
2500
587
1800
2700
1300
1200
716
1100
879
2000
2300
1400
1400
825
3500
1400
1300
640
7000
2800
955
1200
1000
9100
788
667
930
1100
1600
2700
2900
797
882
862
550
3500
1400
724
1300
1600
1200
812
1400
1800
2200
860
975
1600
5800
4200
1500
1000
2400
858
7700
2500
1200
14400
2100
3000
743
821
401
848
7600
1600
860
2200
1300
1100
1200
5900
787
700
562
1200
1000
4200
4300
943
4900
1700
4700
1600
738
1400
1500
1300
3600
2400
814
460
1800
911
718
2100
963
1700
1900
740
958
1200
2500
5500
1900
1200
1200
1100
1000
2900
2200
983
1800
969
2200
1500
794
1500
1000
15700
727
573
4600
774
720
1200
5600
558
1300
871
6500
1200
17000
1000
491
901
8500
1800
1000
846
1600
2100
1600
1300
1100
1600
4800
1800
668
805
1600
1100
508
1800
27000
1300
1400
767
1500
1900
4600
1400
1600
1500
75600
1300
894
1200
2000
1100
469
3300
2100
644
1400
2700
919
1800
1300
892
626
698
776
1300
4300
875
13700
890
4400
719
7300
939
913
1400
3900
696
496
3100
753
827
1300
770
1200
3000
1600
678
3100
1100
3900
11900
10700
2600
5500
7800
940
1100
874
552
1700
1000
1300
2300
2400
10700
37000
754
1200
1300
532
1100
9600
2000
1400
2600
3100
785
6900
1400
1200
1500
6500
1600
1800
17900
1700
954
2500
5000
3500
2200
1200
2100
1200
742
751
1400
889
1100
1400
1200
2200
3100
1500
1300
4400
7400
731
399
1700
14500
1100
924
1300
4500
486
21000
100
708
1400
1100
482
3400
16600
1200
1900
2300
1400
1300
1200
752
1000
3200
791
1800
1100
555
3200
5900
1200
1300
1600
5000
1800
760
966
936
4900
3600
6900
826
10200
1900
526
906
2100
706
780
2300
2700
1400
1200
1600
585
1700
1000
1100
937
17100
3400
1100
968
922
1200
2000
830
2000
716
5500
792
1200
6300
1900
1600
1300
832
850
685
767
1100
6300
1400
1500
494
1400
1100
870
956
3800
2000
747
1400
661
804
2400
1200
2600
1500
13300
2000
1300
2500
1000
5600
2200
1600
2500
1900
1100
741
4800
1100
1700
6000
696
1300
653
9600
3300
499
2000
3900
862
1300
908
799
870
887
1300
4400
1900
3900
1400
3100
12000
6400
2800
6800
1500
3900
1600
2700
865
2100
2700
651
1900
3700
25300
2100
2100
3400
881
862
1200
1600
444
982
1100
1400
1100
2700
1300
1200
1700
645
2000
622
6500
1100
10700
441000
14800
1200
948
854
1200
1100
1800
1000
1500
1300
1600
1100
934
2500
7800
1600
787
459
2500
927
1100
760
777
606
4100
641
5800
2100
673
1300
2300
1200
1400
13000
2500
1700
3900
3000
1300
1100
1400
1300
2400
2400
985
1700
12300
5100
1000
3400
757
687
810
1200
530
1600
1300
1100
479
2500
1200
5800
5900
1300
1100
887
1000
859
1300
765
896
3800
3500
1500
1600
4100
27100
2900
971
1200
6300
6600
500
29700
8600
969
1400
1200
1900
2000
1800
533
823
638
854
672
1
20500
1300
1900
1800
1400
925
1000
1300
1800
1600
1400
2100
2900
1500
58100
1500
1300
2900
4600
1400
3600
2700
2900
741
4200
864
629
859
2200
1100
48000
1400
642
627
481
1200
5900
6300
1900
949
673
797
1600
701
713
640
890
1300
3300
932
1800
1200
2400
964
1600
1200
1300
1900
2800
1100
869
52
669
5500
2700
2100
905
663
1000
1000
782
1400
1400
1900
1200
4200
562
4700
6900
863
3600
1300
4300
642
3800
407
2200
1300
2100
1200
2000
855
1800
775
902
340
1100
821
1100
1600
3000
622
1200
1800
566
6400
2200
1400
545
1600
806
1700
665
724
1600
853
14900
862
476
4200
907
1000
495
5400
606
1300
716
1500
2400
1600
2200
7300
994
1500
2000
398
1100
1000
1000
25500
2100
15800
704
1500
783
595
996
6600
1500
4700
1000
1400
1300
4700
563
2400
5500
2000
950
11500
2000
740
1100
740
735
396
986
3900
1700
115700
2200
716
874
1700
2000
1400
3900
722
16300
2200
539
2300
7000
6400
798
701
4500
1200
7700
1600
824
734
1200
4000
2400
552
7800
524
889
45900
1600
10500
1100
1300
103
12500
2400
699
19700
1200
1800
2900
687
1200
878
1900
1800
4900
889
278
2200
2300
1700
1700
4400
739
6500
2000
756
802
682
1600
823
7400
3100
1100
477
1400
913
780
669
1400
967
4400
1100
2400
772
608
1200
1100
250
11500
4600
1400
5100
1400
1700
693
1400
2500
609
3200
18700
2400
1300
5800
1900
2100
1400
1500
951
21900
893
1200
998
5000
1100
911
2100
967
627
2000
1100
671
2900
5500
1400
2100
4300
4100
867
2900
18300
1400
14800
1000
2900
6400
944
4600
873
1100
1400
2200
661
1600
26700
6300
1500
7600
913
3000
8600
4800
3300
6600
829
830
1300
1200
1300
11800
1300
1600
2300
1400
745
927
1700
1700
1800
1100
2900
5000
1300
1200
4300
1100
1100
920
1200
3500
660
579
1300
841
1100
2900
10500
962
1300
1600
4100
1300
11100
1600
945
998
1100
1300
707
3100
2200
1700
950
1200
2000
553
4000
4000
828
16300
8900
914
3700
1100
633
1300
13300
2200
1800
2000
1400
2700
1200
1700
791
716
2400
868
1500
1100
1800
1600
418
1000
546
1400
786
1500
178
1800
1100
40000
5800
1500
907
1600
1000
698
1600
742
1200
1200
1400
672
1100
5800
2000
1700
1400
1700
645
559
52500
4800
922
2000
3200
1100
3400
3800
810
2000
6800
1700
7800
5900
2200
1900
774
1100
1200
12900
972
892
1300
7100
534
1100
5800
1600
1200
1500
1100
951
7600
1400
22800
930
1300
1000
606
1200
2100
815
1500
1300
3800
1200
1300
1100
968
3700
927
975
856
1300
1200
1400
842
1100
3200
1400
3400
871
945
959
1000
4000
16800
3300
983
3700
1800
1700
2700
1800
813
928
1700
925
850
765
4600
571
1200
1200
2500
1100
885
1700
1700
19500
63
2300
722
1100
1700
1000
538
3400
975
2400
4200
848
4000
1400
1300
9500
1800
1200
2100
895
671
872
6500
4300
939
1100
3200
1300
2500
1400
18400
2700
1900
4800
1500
875
1100
716
1700
1500
798
733
731
1300
843
5900
1700
665
1700
1600
2100
1200
873
528
2200
878
539
2100
6700
1200
2000
509
885
1300
6100
1000
4600
3600
847
1900
1600
868
672
1200
905
8100
395
2000
1600
1500
5900
1400
1900
2400
536
2400
1400
1900
3800
1400
1200
716
675
819
1200
604
855
515
4900
14300
1100
3900
1100
4300
2000
1400
2300
816
583
1700
725
2100
1100
5900
1200
2300
1500
6700
1800
10000
664
2500
1500
1100
1500
1400
1000
1600
2100
4100
1500
2700
2000
826
4400
1500
1100
999
748
35400
3300
5400
1400
1400
998
3000
3300
1800
594
946
601
1000
677
1100
1100
1700
1700
2300
7300
34300
2200
921
1100
1100
1500
1400
1100
748
1800
1200
5500
258
1300
1700
1000
483
841
899
886
2200
1600
2000
1100
711
4400
1000
2600
2700
2200
891
1800
2000
1600
854
17100
1300
495
1600
532
923
737
1400
832
932
699
1600
499
1100
869
909
1300
1600
2300
384
5600
765
897
8300
1800
834
7800
1600
1400
35500
1700
1100
1200
1700
2200
1400
950
1600
780
905
4900
829
13300
3200
1700
776
728
15600
992
4500
1700
1600
1300
2100
2500
1100
531
833
903
759
833
1200
559
667
1200
3600
17200
200100
12300
4200
31400
930
962
601
2900
9100
1200
579
919
1900
731
939
3500
2800
3000
2800
1200
1300
722
1800
3900
1200
1800
649
819
3800
1600
1700
2800
500
727
802
1100
3700
713
1800
9400
7200
1400
1000
1500
16300
1100
11900
1500
18100
13300
1100
3300
4500
3800
501
1400
10800
1300
3600
1400
2200
595
2200
81
2000
5500
1400
1100
1400
4700
773
1500
2200
1600
3800
808
982
2900
1500
7200
3700
9500
1300
29000
864
4100
1700
1600
1500
5100
3600
652
730
4700
948
1600
3500
730
1300
2400
1500
486
947
798
11000
1400
1100
1500
1800
862
7700
895
1200
515
2100
1600
743
1100
213
2600
611
3900
4500
1200
4100
9000
911
747
1500
1600
888
3900
740
1300
1100
1400
2000
1100
2000
1100
1300
1400
796
6500
646
3500
778
3500
1200
3600
1200
8500
3700
13900
7500
2400
4700
13100
874
2300
1000
1100
2700
2900
2800
6000
1800
1500
761
1300
663
807
1600
1600
814
730
1000
21900
966
882
8200
1700
925
9100
9700
1200
25500
1900
143
6000
1400
5200
560
2200
807
3300
502
3200
1800
1000
1700
920
1300
1400
9200
1700
1500
4500
738
2100
833
2300
1900
833
2500
5800
7500
4300
5200
1700
937
714
1200
49000
851
1200
1900
2800
966
4100
3000
1100
2100
1100
425
2500
899
3200
3800
1200
984
1800
2700
1100
6000
1100
474
1300
1800
1200
1800
2500
753
5900
1300
2900
1400
1300
1300
1300
1100
1700
1500
6600
2000
2200
1700
815
2300
7200
1000
649
2200
1000
3100
531
2600
1700
2400
1300
18000
16200
8200
48100
20700
1100
1300
741
3100
2000
2200
1800
2000
1100
2800
1900
2400
341
1400
1500
750
942
6000
1300
890
4000
563
2700
3500
1000
2200
2900
1900
440
635
1700
593
2000
1400
1100
1400
4300
639
895
5200
887
867
671
6100
1200
4400
109500
8100
5000
4100
12000
1100
969
690
1700
1600
6300
902
1900
1700
2400
2600
1600
287
2600
8600
2700
1800
1100
3000
1200
1100
1500
1400
1300
9300
777
590
1300
629
2300
1400
2700
2900
2900
1400
1300
4600
739
1700
3200
1000
740
2400
589
11500
1100
11300
1500
437
1300
609
2400
1200
2600
1900
1500
1100
1100
504
3900
777
811
440
2100
882
5800
2300
1300
1600
1600
4300
574
1400
1600
1900
196
1700
2300
2000
1500
2400
15700
377
1200
1000
682
944
4000
59000
1300
9800
823
969
959
916
3700
45800
750
7400
674
15500
813
3000
1800
903
9900
2700
1500
1100
3400
917
4800
186
4200
2200
674
1000
799
5700
1900
1500
6500
887
11300
2800
3400
3000
943
2300
1100
630
1700
4700
878
2000
4900
2700
3600
6800
954
32500
2100
749
2900
926
1900
1400
2300
408
1800
2200
3400
709
1100
3200
1600
633
2300
1600
8600
848
1900
711
1200
8300
805
817
1500
1200
1800
1500
1400
623
5500
54200
820
603
1600
9100
12300
954
681
1200
915
1900
4800
927
3600
1600
811
9200
7400
789
12400
3900
1900
942
1700
878
3000
977
1200
6000
7800
758
10800
36100
759
2000
1200
1400
1300
1500
1100
525
8500
1300
856
1100
3200
1100
313
1100
651
1900
8900
2000
2800
2800
1500
1900
910
3100
677
1800
1300
1100
2500
1100
815
1600
1400
1300
1500
2400
936
6000
4200
2500
2100
8400
1000
1200
761
5200
2000
4600
916
1300
1500
8700
1200
1200
2500
1000
5600
1800
529
1700
790
5200
1000
655
3100
797
515
5100
1400
609
1000
1200
1600
4200
711
1200
1600
1200
15000
726
1300
2800
650
4400
4200
836
593
3100
1900
1200
1100
4200
2000
1500
9300
1100
3100
565
1300
10600
1900
14700
1300
71800
1100
4100
1300
6500
587
643
7100
653
1900
1200
4400
1700
1700
8300
1100
2200
1000
1100
1700
1500
1100
606
869
