666
1700
661
1200
9000
3500
3000
3700
1200
877
1600
5600
1500
2700
858
4200
2700
1100
626
1300
2100
1600
1200
3200
1600
1900
16400
5400
1100
1000
483
1100
681
1400
1200
1100
952
2200
2000
1300
636
4500
1800
1700
2000
594
2600
3100
1300
1100
2700
1400
1100
1200
4700
728
1400
3200
2900
935
1500
2600
5600
1300
12200
2800
1100
542
1100
1000
3400
1800
658
1900
2000
2500
1300
2000
40200
1500
2500
4300
2500
3800
2100
1000
11400
7000
2000
2000
4500
1300
1600
1400
2500
989
683
693
1200
960
989
6400
674
658
825
7800
732
11400
980
1300
3300
10700
2300
1400
701
3300
581
1300
1300
6500
1200
1400
763
704
598
3500
2100
923
4600
593
2800
4800
1800
1500
15500
492
987
1100
809
1200
2000
1700
1300
1300
1400
7700
1200
5500
2900
4200
1100
683
998
8900
1100
2000
1200
3300
1600
6700
3400
713
3100
943
2300
947
697
701
774
864
1700
11000
1400
1000
3000
1400
2500
2200
1400
1300
7000
2200
969
20800
1500
1200
742
1100
5200
1800
1300
1900
262
2400
820
5400
1600
431
535
663
1800
624
959
10000
4500
3300
2100
922
1700
29300
1100
1700
1900
3900
1600
3600
1600
2600
589
1400
4300
2200
1200
619
739
1300
7600
1000
4200
681
797
1100
756
1100
1600
1600
1600
1100
3000
1400
911
2600
866
1500
1200
4200
1500
1500
1200
738
1500
993
1200
1200
4000
1500
3700
1700
1300
1500
2700
5400
1500
618
1100
6100
690
1600
301
38200
784
1900
3900
1300
677
1900
5800
3600
879
1200
2100
3500
2600
2600
5100
1700
3300
811
587
1400
1300
1400
1700
1500
996
1000
1500
8300
1400
2700
827
963
1700
1400
1600
787
724
4400
893
1400
1900
665
16700
712
1600
2100
1000
15200
1200
793
2000
622
1400
3200
1800
1100
5000
9100
710
2700
981
26700
2100
1200
651
998
782
2300
775
1900
1100
1600
1900
1300
420
926
967
773
3600
941
1600
773
1100
981
1200
4100
740
4600
894
1300
2800
3500
2300
643
651
1900
5600
1500
1200
1100
560
302
3000
7900
12500
1800
2300
6100
1500
1100
2500
15800
889
1300
989
6500
3000
9500
5700
3300
951
1100
1100
3400
1300
21400
7800
1600
1100
1500
4000
609
1300
6800
864
5200
808
10000
2100
4100
1700
1300
1100
946
1200
1800
4900
1600
3300
1700
3900
7200
1200
2600
1800
5100
1500
612
2300
1700
5600
25900
922
2900
1400
1000
664
3200
939
1300
531
1300
1500
1900
1900
2600
6300
3300
2900
1600
1200
1500
2000
1100
6400
891
698
10000
922
852
1300
832
128
71300
1200
1900
2500
6400
12800
3400
1200
2100
3500
2600
1300
613
1700
704
1300
1300
843
16800
806
1100
1200
1800
7500
1100
1400
1200
2600
1800
866
895
2000
1000
947
2400
1000
2000
2400
1300
4300
5600
753
937
5500
2200
4200
825
10800
642
1000
2700
807
2400
2100
963
1200
987
5900
1400
1200
1700
1000
1900
1400
1200
35100
69000
1700
5200
527
4100
936
945
1100
1500
1700
11400
1300
1200
902
14400
1900
1200
2900
725
2400
1100
3300
9400
5200
498
2400
3200
483
10000
3300
948
54300
1800
1700
1100
724
1600
2300
2000
673
1300
1800
1300
866
913
1600
1200
2000
2000
1100
3100
1400
500
596
703
1900
939
1100
2600
1800
21900
2500
19900
3000
2100
915
988
7300
1600
992
9100
992
64
940
840
1100
410
484
1200
1100
961
1100
1800
1400
987
1100
991
500
925
3300
1300
1800
2000
2400
1400
1900
782
2400
930
739
1100
3000
2000
857
1700
2800
1800
790
1200
5200
1400
12500
9800
2900
1300
713
805
7600
669
4900
944
1400
3900
1000
1200
1000
603
9900
3800
10600
908
1100
782
837
6200
1400
7700
1000
1100
3100
1300
6900
540
6400
1800
4500
1600
473
844
3100
1600
1700
802
689
2300
7200
1300
1000
1100
1100
1700
1800
2700
1200
714
1700
605
2200
1800
3100
32200
2800
1700
969
2900
3100
813
417
2100
1000
716
2200
1200
1200
2200
1500
1100
1800
20500
3900
7800
7700
977
4800
1500
1100
2800
725
927
2000
759
1100
5600
1300
5100
1400
3700
3800
951
1500
2200
1300
2700
918
701
2400
607
530
2000
2800
1100
546
1100
1800
3200
2300
744
24300
7400
1500
1200
6900
3500
3200
1400
835
1100
720
1200
1300
997
2200
29900
3100
806
2100
541
3100
898
612
1100
4200
1300
2600
3700
565
454
2400
1100
1600
948
854
2000
1500
828
5100
2700
1100
979
1600
680
1000
1700
630
1500
716
845
962
1300
34800
4800
2200
1000
1100
2400
522
1200
818
1300
1400
1700
1400
1600
540
522
1500
15000
1600
768
1200
2100
852
3000
2000
1100
4800
5900
775
3400
10400
18400
784
1300
161600
587
23000
1700
1600
1300
947
1600
1200
4800
1100
2100
1000
871
2900
841
5100
937
1400
1300
2700
1200
1700
867
1200
1500
3200
1400
19800
8300
1200
1100
2100
2700
624
2000
1200
1700
519
1100
2200
15400
2600
1200
653
629
955
847
1700
3100
8000
736
911
1400
930
1400
2800
599
1100
5000
2200
2800
3800
2200
1000
1100
1400
1000
945
1800
11900
1200
38800
1500
756
17700
798
1000
756
18200
1700
2900
527
2100
1100
957
589
1400
474
802
1800
467
27000
3100
2400
3100
1300
769
2000
1000
5900
845
9200
4700
7500
2200
1000
4600
13600
1400
4600
1000
3500
516
4200
635
20700
2200
3600
4300
1800
885
1300
1800
1600
1300
936
884
732
6300
804
3000
715
1400
784
5800
6200
1200
721
13900
3000
1300
1100
1200
1400
4500
930
462
1900
1400
4200
10100
1200
1100
1100
1400
750
2300
687
12500
3600
12800
1600
1100
14500
1400
526
3000
1100
3900
1700
669
2000
1900
7100
728
278
900
1800
3800
765
1100
2400
883
3800
2100
2200
816
1800
6400
1900
1400
4700
2200
1500
979
1800
1700
1700
1600
806
2200
436
5500
664
1100
2200
1300
2700
940
2300
1300
1500
956
35800
771
13000
3500
3000
1400
983
3200
899
1800
2400
6800
1100
646
1200
19000
682
887
2200
1600
949
3500
6500
2100
16600
2400
1500
1100
35200
2700
942
1300
3600
2000
1200
1700
970
2000
50100
841
822
6400
4600
1400
7500
4000
656
1800
1500
970
9700
581
960
2100
1200
797
1100
2700
2200
630
7800
1100
954
952
1000
1700
3800
1500
3600
934
868
14000
863
317
52500
1200
6500
2000
960
1400
776
1300
1800
1000
2200
3600
1600
7700
1800
525
897
11200
1300
2000
2600
2000
1100
5800
412
1500
21800
9100
6600
2500
1300
865
2500
2000
2200
10600
2200
1300
2000
869
4600
653
12700
1700
1100
22300
2600
1400
403
1400
3800
1200
4400
1600
1500
571
5000
1500
1400
814
985
16300
970
10900
1500
683
11200
1500
858
1400
540
684
692
1100
972
13000
1800
648
517
1600
1500
1800
949
5000
756
860
569
3100
2000
8000
1200
705
1300
1200
1600
981
16900
1300
911
1100
1200
2600
699
827
589
711
3100
4400
774
852
1400
3800
19800
1100
4100
1000
1500
1700
1700
1500
1500
1300
1600
1200
1900
673
1400
1300
862
782
1300
2000
1000
2200
5800
1200
970
872
3600
750
891
1300
612
855
1800
1100
959
1900
1200
1400
1000
938
5200
905
2200
745
2200
618
2400
806
119
9000
754
994
3500
779
1700
3000
671
3700
1800
424
2300
7500
2000
2400
3300
2700
1700
4200
1500
1500
7200
1100
2100
673
8400
596
4400
1400
523
918
847
1400
4500
1300
860
1100
12800
746
1200
3200
8300
983
2300
735
1600
1300
802
825
1700
1700
2200
1100
6400
1600
1600
545
10900
665
946
4300
820
970
5200
1400
682
1400
1300
1100
1600
1800
785
3500
885
606
829
2000
879
6900
918
1900
3500
1800
1600
5200
22100
1100
855
7800
1300
846
16500
3000
1700
737
70
1700
6500
1000
13200
5200
8100
1300
1700
1100
1800
1300
41100
743
2000
922
1300
5600
4400
988
764
3400
6300
18000
831
1900
2900
6600
1200
1400
515
1200
45
196700
1300
2000
1100
4200
628
2000
4200
789
1100
805
4200
2000
664
528
921
1300
1500
2200
1800
941
908
992
1200
7600
753
1300
1800
898
2400
1200
1900
1400
1700
790
1500
775
1600
6300
1300
2700
2600
1100
1700
5800
4100
112500
2500
693
4200
2600
667
847
1400
653
857
2500
1700
572
1400
993
1000
3300
971
1700
7900
1400
547
2000
2000
1700
572
8900
2600
1400
704
864
5300
6500
4900
876
895
4400
819
2200
862
1600
1100
1400
1100
1800
1800
12700
21200
794
4700
497
758
2000
5700
2600
795
993
2600
1100
1100
17300
640
5100
2800
1400
7200
2200
18400
2000
2700
946
546
708
1300
925
3400
2000
986
12500
9200
1500
553
2300
2100
1100
1100
876
2300
2800
22000
18200
948
469
2400
1600
1800
5800
1400
3900
783
176
2900
2700
445
2000
4100
7900
1200
3000
931
1200
1600
1700
8700
3500
2200
2900
1200
2100
896
1300
930
1300
1100
2200
1800
2900
1100
940
790
907
1800
819
2800
93800
2100
2600
687
2000
719
1400
1300
9100
4100
5800
761
2100
619
688
23700
605
754
1200
2700
741
1200
1500
1400
8000
1600
874
1700
6200
1500
4600
4300
1600
847
5400
950
1500
4500
5500
1200
1200
819
1500
5700
1400
14300
1300
352
4300
1400
1900
1800
2300
13000
1300
3700
13400
1700
7700
889
387
1100
1500
924
848
2400
1800
1200
4800
1100
6700
1800
1100
25700
1600
858
3000
5900
2200
1100
605
1200
1700
1100
828
60
980
2500
544
942
1700
1600
663
698
2300
3300
9700
1200
799
1300
3500
4500
2700
1400
5400
5500
7700
1100
901
2200
802
927
1100
999
1600
939
6000
1000
1700
1600
1800
976
937
1900
3200
1500
6000
1100
2500
7600
964
969
817
2500
4700
3300
2700
361
1500
621
1500
2100
872
1600
1300
17400
3000
995
10100
1600
1100
809
774
1200
1200
1100
1000
888
5900
821
3500
1200
2400
527
1200
2800
1400
500
1300
3000
11200
4200
2700
1600
4600
922
649
1000
3300
9400
1200
6800
1500
2200
2600
1200
2000
923
1100
1300
2700
438
4300
3900
2900
8000
2500
11000
2100
1400
2400
2100
1500
1200
1300
1100
2200
1100
935
1100
785
1200
715
824
1100
1200
867
36600
1300
2700
1100
1200
859
1200
1000
1000
2100
410
633
1500
1600
671
2200
971
606
1400
1600
532
860
863
2900
1200
2700
949
1700
2800
474
3900
2300
2500
518
1200
1400
2900
8200
9800
2200
4500
812
2900
838
1200
975
2100
1800
10400
1100
958
47800
975
2700
624
3200
718
807
676
1600
942
6300
2100
1400
564
1300
3100
1500
6000
593
1600
1400
1500
2400
807
1800
2100
3000
635
5000
1300
1800
9800
1700
830
1800
784
943
451
1700
3700
2800
1100
6100
2200
1200
1400
3700
1600
2300
464
1400
808
2200
1700
4100
2100
944
1200
926
1400
1600
955
11700
15700
979
529
1000
3900
2000
589
13800
1400
1800
25000
665
1400
1600
993
842
1000
8100
2900
10100
27500
911
3700
1500
3700
1200
1300
4600
1000
1400
1500
24000
3800
4000
3900
1200
589
1000
1600
8800
795
98700
5600
1200
1300
1600
12800
1900
3000
454
791
2800
5100
1200
1700
2000
9900
37200
6000
3600
8200
1100
1500
1400
812
836
2100
2900
826
1600
1300
952
581
363
926
5500
3500
952
5800
2800
3200
1600
12000
878
1300
2600
264
2400
1100
2400
2500
523
1200
546
12400
975
452
1200
1400
3400
3100
2700
848
985
1400
12800
2600
8100
3700
899
4200
849
7900
1100
6500
6000
441
2700
1300
1200
929
454
4900
1100
1800
1200
701
2000
2800
753
942
721
1600
1700
20000
1200
2700
1700
2100
1500
1800
3100
10600
788
893
1400
1200
1800
1700
4000
1700
10300
4900
1600
971
1100
1700
2800
1100
1300
1600
706
1700
1100
821
1900
2700
5700
5300
1200
886
924
1100
1100
983
901
1100
3400
387
659
908
1500
1700
4300
27100
1600
807
469
798
1300
1200
3100
735
2000
1700
1100
3500
1400
2500
523
2100
3600
1400
484
6500
1400
744
1100
778
753
2000
952
5600
1200
4600
432
1400
1500
2000
1900
1200
640
8900
1500
2300
2800
9100
3600
743
1400
1800
717
4100
1200
818
997
2600
893
373
902
715
2100
774
909
4500
689
2000
811
2700
1800
3200
1500
683
1600
452
548
1100
1200
4800
5100
1800
1000
832
1200
2700
1400
851
944
2400
1300
2000
1700
2300
1400
1900
2600
1400
1300
3400
6100
2100
1900
1700
8900
985
1400
2200
475
3400
1200
3500
1300
3500
1500
15600
2800
1100
1300
491
1100
4500
469
4300
1200
1900
998
4800
2100
1700
1700
1100
1200
2300
27600
910
2600
856
2200
554
870
1400
4400
2800
1100
707
750
847
3200
1300
1100
711
2100
2400
2100
979
2400
7900
3000
1700
801
5100
1400
1200
2400
30700
740
1800
1100
1200
828
4900
813
1700
635
1500
1300
2900
1300
777
1200
1400
739
1300
890
759
952
3200
3700
1400
7400
1300
1800
4700
1100
2000
1400
946
2400
853
3600
4800
9100
780
2800
843300
20200
1100
1500
1400
532
1600
1700
468
1300
1700
847
621
42300
1100
663
1700
2700
1000
812
1700
856
955
1100
5700
1500
2500
2400
1500
1100
4000
8300
543
640
612
583
11600
854
1500
1300
1000
6300
2400
1500
2100
558
4900
756
4500
1100
777
11400
1800
910
1300
8500
2600
3600
8700
982
966
1200
789
807
729
753
932
958
1200
1100
1300
2000
5100
1400
963
5300
1700
2800
1100
637
489
983
955
9800
753
1000
1200
952
1100
2300
11500
1100
3900
1100
2100
3400
3800
1700
597
1400
846
908
3400
773
4100
958
2300
863
1500
3600
2200
1400
2000
4800
1400
4100
752
13300
1300
1100
2800
1100
1700
3300
1600
759
1200
2100
703
321
916
1400
1900
10800
902
1100
795
3600
228
1100
1400
2000
2000
644
1100
835
740
1100
879
761
588
1600
399
6800
587
3000
717
2600
1500
3500
991
3000
2000
2800
361
4300
1200
812
885
9200
1000
1900
1100
611
845
482
685
2800
750
1800
8500
9200
486
1600
2200
1600
481
6500
1300
764
1700
5600
2200
2200
995
2500
1000
7200
7600
1100
379
1900
1700
2800
1200
2700
1100
798
14400
13600
2100
1900
1900
1100
1700
501
2600
1000
2600
1700
2900
5000
1800
4800
46000
2000
1100
1600
933
895
16100
634
1600
17400
576
740
1100
863
968
2800
5100
6400
909
1100
3300
740
680
1100
953
5400
3600
1300
1200
907
1900
3700
1500
1500
3300
1200
600
1200
479
799
785
469
656
10500
790
2200
718
3400
8100
10000
1400
1200
2200
1600
380
975
1800
2700
1300
1400
773
2200
1200
8500
4400
788
4100
17000
2100
1400
1300
821
2800
693
713
143
1700
1300
846
1100
3000
563
2200
1200
1500
1300
753
985
2000
832
1300
2300
876
1800
1600
1000
926
943
1100
965
2100
2100
6700
4100
3800
493
661
1300
875
721
2000
1100
724
724
580
596
584
3500
1900
1500
1300
1000
1100
6200
904
1700
1300
4600
687
938
1000
42500
545
1500
2500
2300
987
831
2700
26300
639
3500
518
4000
4200
4100
2300
1900
1900
969
3100
689
806
2600
651
3100
20000
1500
1000
1200
3100
1600
890
2400
2200
4700
871
791
577
3500
1700
2100
7300
1300
1200
3800
1400
3200
11200
1800
1300
1200
3300
4700
9600
1300
3800
2300
1400
709
16800
1600
1200
1300
2000
8800
701
8200
707
903
2100
112600
1400
1700
759
1200
2100
924
2500
2500
25300
911
5700
1000
4900
5500
1700
4900
776
2500
3800
1900
3100
923
180
1400
3700
530
1100
747
1600
1400
1500
952
956
1600
12900
5200
1500
1500
3900
1100
873
1200
1000
1100
2900
2700
1300
1300
1300
3700
1600
695
1000
4200
15600
1200
1100
747
1100
1700
3500
919
1400
4400
3400
1200
11500
1900
2400
3600
976
17300
1800
731
1600
1100
2900
10600
1600
1300
797
2500
1100
498
738
518
3300
574
1000
970
3600
612
839
977
11500
2200
1400
1900
3200
2500
5900
683
4900
2200
6800
1500
2700
2600
1500
2200
425
2000
1400
9300
831
712
1500
928
8300
917
5500
13000
770
1300
6200
645
1500
123
2500
2400
729
802
955
3400
1200
1600
1100
805
8600
687
689
1400
1000
1900
1600
14800
1200
6200
1100
13700
13200
2100
971
805
3800
2200
20700
3000
1200
4600
889
851
939
2400
5100
955
657
1400
810
17700
79900
2000
942
10000
2600
629
2500
30400
927
461
1100
5600
1200
3600
11100
1000
49500
2600
1200
3500
3300
2100
551
2600
7100
1200
812
7700
18400
2600
3700
1900
1900
907
2100
819
6000
8200
2000
718
955
1300
830
5400
1400
3700
2000
559
1000
742
1200
3100
944
753
2400
4000
759
1600
604
2500
1400
982
2300
625
1800
2700
3400
1100
1100
366
1300
885
953
1300
25000
2600
637
2100
5100
1200
2000
1100
5800
1200
1100
2500
1400
14900
1900
1000
905
448
8100
12600
1300
1200
3500
4300
3000
1000
2100
4200
1100
947
1400
1500
1200
1500
5300
1100
920
1500
6400
3100
3900
12900
2300
2000
1200
721
17800
20700
585
1100
10200
930
1400
885
986
2500
495
880
867
744
4700
1300
3500
149
629
1300
2300
892
1500
1400
1100
1500
2400
3000
3400
1600
361
3800
1300
16600
789
878
308
1600
987
4100
1900
2000
1800
996
698
1900
894
2000
1100
6500
2200
792
682
1600
2600
1900
671
1800
827
518
6400
1200
2700
1000
2000
2400
1200
1600
1100
1700
651
760
4800
26200
1300
3000
805
2600
1600
1200
1000
1900
1500
1400
788
1100
1300
746
3000
844
2500
1100
1500
2100
2100
700
5700
969
1400
1700
898
1500
953
57
967
1100
606
924
2600
16800
396
641
970
1000
7700
1900
10700
742
3400
4900
622
582
1400
1400
2600
941
3700
522
5100
2100
2700
2200
1300
1200
1700
1200
2200
8500
2300
13900
2000
6000
15200
558
940
1000
638
1400
2000
1000
980
1300
2100
1800
1300
2800
1000
735
1100
1400
2300
1200
1000
1400
5800
7400
879
2200
3200
841
2200
3800
900
3500
1100
1700
716
687
409
11000
5800
430
1300
8700
1700
1000
2600
675
34700
6200
1900
1200
310
1800
671
933
781
2400
1100
1600
9800
732
2900
1200
1600
1700
7100
2400
588
585
1600
909
3000
1500
3200
821
978
994
1100
1600
1700
971
1500
897
15800
1300
724
1300
4900
2300
695
1100
1100
62900
833
3100
657
1000
2700
2700
727
32600
4400
1600
10700
1800
659
279
2300
1500
1800
9100
861
968
1100
1200
7000
1200
779
6500
1400
880
1300
876
25200
863
501
699
1200
775
15600
974
983
864
874
6100
851
2700
6500
3700
2000
640
2000
4400
2200
5800
837
1400
723
1700
720
1000
6800
1100
1300
714
3400
2400
3400
927
605
1700
4800
9400
1700
3000
1200
1300
2400
1200
2300
2500
2400
1400
878
1500
6600
1300
1800
1300
14400
2700
3000
1800
3900
1400
1600
1800
1000
1500
910
4700
953
5300
612
602
1600
6900
1500
1500
6200
811
1800
2500
1300
1100
2400
2700
11500
797
57800
379
5600
2100
1900
2100
565
1200
1200
1100
9000
1400
1100
709
785
1100
2900
1600
1600
812
1200
1200
1500
900
1200
71900
6100
1200
1100
1100
2000
1100
709
750
1600
3200
4200
5200
1700
1500
2000
1000
1200
1200
7300
743
8600
1800
7500
1100
6500
2100
1500
717
1100
1800
959
2200
3400
2400
3800
1600
5000
12100
2100
4300
980
7800
1200
1300
1000
1100
12400
3700
17200
878
1700
845
928
5100
905
948
7900
4000
846
1300
16500
766
3900
1200
709
2300
1200
654
9200
455
885
1200
803
806
731
1100
4200
18400
710
4100
13400
718
3400
870
1600
3800
2700
891
5800
787
3100
1100
568
1100
1100
771
5800
13000
1700
2500
3800
835
779
1100
1200
2400
941
1100
9700
2000
236
616
808
1100
1200
1000
899
3400
3600
770
2000
10400
396
1000
1200
679
1900
787
5000
4200
1000
12100
1600
1100
703
1000
51500
470
3200
1600
11800
853
446
2800
3500
2600
614
1500
974
966
5900
1000
933
1500
1200
1100
1900
1200
3000
804
2100
1100
834
716
1200
615
1600
3000
1600
1200
3300
2000
730
1000
905
1300
6400
1600
7900
629
609
7600
3600
879
1900
991
75600
2800
1500
1800
1400
1900
1000
18100
11900
1600
427
1100
497
11200
2800
469
597
4900
1000
720
2300
4700
2300
1300
1400
1200
924
860
1000
716
576
1400
3700
646
5900
2000
2600
960
810
1100
995
2700
899
2000
5900
1400
892
654
2500
1400
527
2000
2200
3300
1900
88
606
1800
1100
1600
2200
4000
2200
1400
657
681
1300
864
956
747
4100
629
1300
1300
1800
709
2400
1900
1300
2400
1900
956
15100
698
3300
1200
1900
4500
958
2500
1400
1000
4600
892
5700
1200
1400
1300
4900
3900
1400
820
5000
2500
1000
1600
3000
13900
2200
308
1900
3200
2500
922
631
10000
13900
1100
1000
1100
626
1900
1300
2200
1700
1200
902
1200
1800
1300
1100
1400
965
250
16300
3600
4300
5500
1500
6100
1800
1700
2800
637
10100
1600
794
5100
2600
20500
1400
10000
5900
7400
1100
2000
1600
1500
1500
1100
2200
874
15000
1200
3900
1200
24400
1500
4100
1600
13300
1900
1200
1700
4300
5900
2100
5200
508
15800
862
9000
10700
788
1800
3800
982
3400
928
2000
4400
1500
10100
1400
486
9700
7600
1300
2500
1300
4100
2000
7600
815
1300
1500
732
1300
3400
9900
1600
1200
1000
1300
1900
568
2200
2700
5300
1200
985
615
7300
902
5300
915
875
526
1600
722
1400
1300
601
633
1300
1600
907
3100
938
2700
7400
2600
4400
3300
1100
11200
2400
4400
2700
675
7400
2500
796
1300
2000
1800
1100
3200
1400
2600
1100
973
1100
2500
935
855
1300
1100
695
2100
1500
690
913
2500
1600
10300
2200
1200
3000
1200
1500
882
667
3400
1700
4000
963
1000
1100
1100
929
1400
1100
2900
287
597
670
1600
996
8600
822
2600
954
2800
1900
1400
1300
978
468
884
3100
1000
2000
673
876
2900
2400
916
925
1100
3200
1200
4800
922
17400
2200
907
903
1800
1100
869
4200
857
1500
1000
2600
595
3400
16700
1100
2900
2700
5400
4300
4900
1500
3800
928
1800
300
1500
1200
615
3300
3500
18800
8000
1400
23000
823
936
6800
551
3800
6200
949
1400
1600
2900
2100
1400
2600
1500
950
858
21500
1200
1900
1400
2000
1300
563
1900
3800
617
59
4100
2700
1700
915
1400
735
924
482
1500
1400
1000
7800
1100
642
940
742
11800
3000
654
246
985
4100
1200
16300
1800
1300
1000
3700
1700
11700
11000
2100
36800
604
2000
2400
1200
5400
1900
2200
1500
735
864
778
4600
713
12900
1500
7400
2000
2200
793
15400
2800
730
3100
3100
1100
1300
644
925
1200
377
1600
3500
2800
1400
2000
2500
708
1900
1000
1300
156
3200
822
1100
807
450
1300
742
741
551
853
5300
183
1100
1800
2100
1500
2000
1100
903
975
3700
578
5700
1100
30600
2400
963
6600
938
1900
1000
1200
2000
997
860
1100
979
3200
2100
1500
2100
3600
2500
1300
869
5500
4200
9000
2100
982
2000
585
1000
1600
17900
924
1100
3700
1500
745
820
676
2200
1500
1300
927
12000
1800
634
450
993
918
906
847
984
32500
1300
8700
911
2700
3100
720
6700
1500
2200
857
600
952
977
1100
830
1500
34700
16100
1400
1700
1000
3900
2700
696
1800
2000
2600
8800
5300
1800
1200
1100
2000
790
1300
689
2900
1900
4200
1400
1800
2400
4500
6800
1400
828
1100
1800
2500
1600
434
1300
5300
618
2300
3600
815
13800
2400
1200
1600
3400
1100
3600
950
96000
865
1900
736
2300
6600
3300
1600
4700
2000
773
434
7100
988
867
842
2200
1400
1000
11700
2400
1100
2500
4500
3100
1800
928
1300
798
24300
1200
949
1700
3500
694
1000
1300
1200
914
2500
6600
1000
2100
3600
657
1600
1500
2000
13300
2500
9200
1200
2900
2400
2700
5100
1500
2100
18800
750
1800
1700
12200
1600
874
9300
78600
14900
7600
5100
2900
1800
7900
1500
2000
735
1800
1800
1300
1900
1400
1900
17800
1800
5700
486
1200
1800
978
645
998
579
3500
988
1100
2100
974
4600
7700
1500
5000
3100
2700
2400
3800
941
1800
951
1200
565
942
2900
3200
5700
1600
1700
977
1300
1500
660
954
1700
790
311
6000
2600
6500
1300
523
1900
217
1900
1600
873
4800
368
58800
1100
992
1100
5900
1800
1500
2100
1200
3000
1100
2800
1600
32000
561
1600
4900
1400
676
1400
884
485
2500
604
1300
5200
2800
2000
2500
1400
1300
1800
5900
1300
688
7400
8600
700
1000
1500
4800
1100
625
2200
381
2100
1200
1100
1100
2000
4100
4200
1700
2200
674
1200
1900
1700
501
1200
3000
684
1300
1100
2300
424
2500
13400
2200
1400
1200
844
1100
925
1400
1000
2200
3900
1900
2000
1300
840
1500
12300
2700
3700
4200
1300
3900
473
18700
2600
676
968
2100
932
1100
389
1500
1000
3400
4100
2100
1900
607
2800
1200
999
1500
1800
2100
856
1100
1000
816
3000
1100
7300
33800
618
948
862
6400
2600
906
970
754
2600
2900
3700
1100
987
1400
3800
3800
473
1200
1800
2400
2200
1800
5300
1000
701
6500
1800
1400
2900
1900
1800
715
5200
2000
23100
596
1100
5500
1300
1000
795
12100
1100
20700
2500
26400
2100
13700
1600
1100
1700
1700
1200
919
542
1000
1500
1500
696
2300
3000
840
2000
4900
924
4400
630
1900
2000
632
5100
2600
9200
1200
4200
751
1300
755
3400
1300
1200
2000
2100
872
1200
1800
1200
754
7100
889
2400
515
850
2700
2500
4600
830
2300
1200
1300
869
2900
718
1900
1500
883
11400
956
1900
1900
1600
712
1600
1000
1300
1600
802
11300
1100
2200
619
1600
2100
3500
1800
54100
1500
957
1400
850
633
1300
1400
1900
3000
1500
1300
1200
2000
729
6800
662
1400
752
3800
855
610
3100
863
1300
1300
971
833
622
2000
1000
1000
958
1600
709
771
33400
1400
4000
2000
883
702
816
1700
9900
1700
1700
10500
577
2800
2700
1300
1600
823
985
2100
2500
691
3000
1700
735
1700
1800
4100
1100
2300
596
1200
775
6300
2800
3400
621
1100
1900
1100
1100
5300
3200
703
2200
973
703
972
2200
1800
478
2000
781
1300
1100
1900
501
802
4600
823
840
1600
835
675
2900
602
720
828
691
1900
4500
612
1000
24000
15400
913
1700
764
1100
6900
4600
883
1000
11100
3600
1100
4100
1500
532
4600
1100
14400
1400
4200
1300
6200
1700
1100
2600
452
869
786
575
3100
889
4700
788
926
677
1600
621
2700
2500
478
1300
1200
918
1200
886
1100
1300
603
970
3700
1800
1300
20000
1100
2100
983
2200
1100
680
1300
39000
2100
5400
915
4200
7700
667
2700
1600
1500
815
2200
729
2300
806
801
3100
873
815
1600
41800
1800
1400
9500
2500
883
823
2300
1100
843
1100
644
3700
1400
60
1400
7100
9200
972
11200
1300
657
18000
3100
609
1100
1400
1100
4000
1600
1500
1400
1400
25300
1700
2300
1100
2600
2100
1200
4700
1600
4400
3100
1200
2000
2400
1300
710
3500
1300
683
1100
2100
2800
741
693
1300
519
1300
6200
24500
855
20200
1100
1200
2000
2300
902
6800
1200
3800
3100
3800
80
984
1500
986
2800
1300
510
1500
645
666
583
190
210
3500
2300
1200
1400
839
3100
783
2200
2100
3400
2100
882
7100
1200
1100
1100
919
1400
6400
2900
1400
692
7800
1300
921
862
1300
2200
929
620
1900
1200
752
1500
3200
1200
1400
1300
3200
417
1300
1100
1100
1100
4100
2700
1000
1900
806
1600
843
731
3700
1200
1000
1200
7500
13900
1200
1100
5000
2100
1400
1500
5200
1200
1700
1100
1800
5200
832
1700
850
1100
2600
1200
2400
724
1300
13300
2200
1400
980
1300
1100
1200
900
3900
1100
18300
1600
3000
4100
3400
773
1300
2200
923
679
693
2000
912
2100
62300
1200
4200
884
971
11100
1900
401
1700
6200
1300
1600
780
1400
2400
1400
30200
1800
1600
901
1700
697
758
359
835
31600
33500
1100
1000
6200
5400
1300
1100
750
740
897
1500
854
2600
804
10400
1600
887
663
677
18000
2600
