1500
888
1200
1300
3000
1400
1300
2000
1700
792
2200
4000
2000
1600
1600
1400
667
842
2700
1100
1700
1600
1600
1400
3300
1900
26000
1800
1800
1200
927
1000
45900
1700
5500
7700
1000
737
1100
1600
1100
217
1900
1700
2000
1100
1600
3500
9100
6800
1000
3800
574
1500
2000
1600
815
205
4000
941
2700
946
3100
818
1900
773
1100
1200
839
684
9500
860
1500
760
1500
5500
682
1400
6400
19400
862
1400
841
1000
865
2900
2000
4100
895
5300
6200
474
1600
2500
14700
685
67800
3800
12900
1100
2900
3400
752
3200
2200
1200
2300
474
5800
1100
5500
1300
2200
1500
1600
1300
2000
951
1400
2700
2300
7000
767
2200
1000
1100
845
1200
722
2800
724
34800
48500
1400
818
899
1400
586
1300
6500
1200
2000
1500
932
1000
3800
1900
1600
3800
4800
7200
719
19700
649
1100
2900
936
1100
1100
2100
807
1600
7600
797
790
1300
962
732
581
1200
1100
2600
1400
744
2200
3200
753
6500
5100
1400
1300
1800
7000
911
939
431
15800
1100
991
1100
1500
1100
811
3000
649
1100
21000
2000
759
987
698
13900
2900
1300
1100
2000
3200
3300
1200
86
1300
730
984
585
1000
6500
8100
819
1600
2900
932
2100
1200
1100
1300
3500
1700
1100
2100
2000
6400
523
1700
910
1100
2400
742
788
2800
884
1300
2600
9400
3000
695
842
7400
548
734
6200
1200
608
2400
1900
1000
1700
1100
3400
2500
1700
3000
1300
1200
3000
926
932
1300
4900
813
2600
1400
1200
6700
1800
1600
2700
1300
596
2200
1600
1200
727
1600
827
1100
3000
33100
1000
7300
1100
59000
850
3800
713
1200
18900
2000
1300
964
1600
1600
1300
1100
1500
823
5
4000
702
17900
569
2100
6500
18300
1800
1200
1500
4700
1000
942
371
1600
897
859
13400
4100
3900
896
2800
813
1000
1500
2300
129
448
955
1500
2800
4700
1600
1800
1900
791
662
2000
7000
36200
941
1200
4000
1200
900
1400
2600
979
3000
2200
827
1000
1300
5900
2700
1100
1500
1600
2200
2000
1100
789
851
1600
1400
1500
908
1900
2700
1300
1200
776
1200
1700
766
677
734
567
1900
1200
2000
1500
1700
989
715
641
2300
1000
1700
645
1300
1300
1200
2700
1900
934
445
1500
567
824
1600
17300
2000
1200
3400
2500
2300
992
1100
4200
3900
1100
1700
1000
11100
3800
12700
1700
1500
1200
1600
200100
1000
4000
718
2000
1100
1800
937
525
882
16700
6400
2700
5200
1900
1200
789
820
9900
2200
1400
510
16200
777
2600
1600
1900
723
990
1500
894
752
657
956
787
787
3300
8500
779
434
819
1300
350
688
1400
805
3800
2900
1200
9100
1200
3200
15400
843
1300
2600
6500
742
2300
1700
660
42400
1300
1900
1800
686
1000
6000
1400
797
18700
3400
1100
5400
3100
1500
781
1400
2400
1300
1400
1500
1300
4300
1900
669
1000
751
1600
1400
1300
2100
2900
5400
2800
1100
1400
4000
10500
5000
1300
3900
1100
1800
562
473
740
6800
3100
2700
981
1200
794
2700
1000
1300
702
8600
6300
4500
755
1300
1100
1200
8600
647
4800
1300
1200
2400
1900
1300
1000
1200
1300
748
874
2300
1000
2000
952
3500
2100
3500
1700
2800
2000
2700
9300
1900
2600
1600
1600
2700
815
1400
2700
750
397
2400
12800
2100
2400
533
2300
1500
797
985
714
1400
1100
7100
2100
2300
735
874
4200
1100
1200
744
24300
1100
1600
8200
1200
2600
1700
1200
495
4200
1800
1200
1400
1300
626
2000
24900
1500
2000
8100
923
871
856
1700
1800
1300
6200
1000
77400
539
2000
2000
471
1800
759
1200
1000
21700
6600
2400
1100
788
1100
621
1500
1200
1300
1000
653
3100
981
1300
1000
644
775
1900
1000
758
1100
1800
5500
1100
57600
610
790
920
18800
24000
1100
1100
802
1200
1200
1800
1400
875
962
742
1200
1000
3200
877
1900
679
5400
2400
890
1200
116
3200
6000
2100
3700
566
2400
923
9400
1700
522
2300
1000
1900
703
913
900
2300
861
1100
17200
2300
493
2000
1200
2500
541
2100
18700
1200
2000
2200
7100
2500
2500
3000
760
10800
2000
881
1100
1700
1900
1300
2600
1700
1300
1900
726
2000
1500
1300
645
1500
840
757
3600
937
1600
9000
2100
4600
4100
1200
834
3100
1100
9900
726
766
747
5600
3000
1400
6200
210
3000
2300
3500
740
2600
1500
2500
905
708
1700
1100
540
1500
1800
518
2000
2100
961
1400
1500
4100
718
1600
2000
759
1900
3500
824
642
1000
1200
1500
7900
7300
891
5500
1200
1000
35900
1500
2300
966
1300
2100
84800
6600
1900
1400
6800
1600
3400
582
880
975
17500
30300
2600
1000
1300
1500
2500
20400
22300
3100
2100
801
366
2600
1300
561
873
3700
1700
12900
2700
2300
900
1000
1900
4600
799
1700
793
665
2200
1100
745
2000
1200
3100
1800
3100
991
1700
2700
7400
1200
527
872
1400
10000
533
8100
1200
1200
1800
381
1000
8300
1500
2000
1400
417
1400
1500
2800
804
1100
6800
906
425
2700
4800
1400
1000
820
6400
2500
1800
597
6200
874
23000
1700
2000
2600
15900
1300
451
831
1200
2500
657
2000
26200
2100
6600
1800
2100
4400
1400
1900
1100
572
1300
6200
483
3400
2300
1100
3900
1300
656
867
1600
2500
3000
933
821
2500
2700
719
1200
2100
811
1900
2200
4000
2500
671
902
720
1200
828
448
1700
2400
976
2400
1200
1900
1100
1400
10300
1800
1300
877
629
9100
1000
2900
1200
773
3100
3500
669
4800
2700
1800
1200
1700
2900
2700
817
2500
1500
1600
902
6600
999
776
2600
2700
1400
1600
1500
904
1300
746
2200
882
958
23500
2600
3100
13500
912
2000
878
60
1800
285
1400
469
4000
1800
1400
3100
1000
3400
662
675
2700
897
1400
6900
934
4100
563
1100
1800
898
3600
469
8400
901
1200
676
7100
2400
1100
29400
716
891
2200
1400
1500
14600
4300
532
1600
1200
1400
992
697
990
1900
1100
24000
990
1200
1400
1100
992
789
944
936
730
2000
1600
842
1500
1400
1000
1900
990
9800
3200
1300
9100
1300
843
2400
1200
1200
20700
961
788
1300
1100
924
11800
980
584
912
9000
2100
900
4200
775
681
12600
4300
1200
1200
1000
868
4300
2700
1100
12500
2900
948
1400
1100
876
20800
6300
2500
2800
1300
2900
822
2600
938
1700
824
1200
5200
1200
1400
2100
1400
1400
4500
960
2700
927
1300
612
851
743
869
877
1100
4500
975
1200
2100
870
1100
2300
850
4600
918
851
953
28200
727
5900
10200
1300
5700
1100
2100
910
761
1100
3100
973
9200
1700
1900
18800
12300
1400
588
618
4900
1500
1100
2100
830
4300
2000
2100
729
2000
1400
13500
4900
1200
1400
707
3400
988
917
1400
1600
13400
602
18800
2000
1100
732
1700
683
1700
1700
5800
1600
2200
2600
2200
1400
913
2500
1400
2300
8500
854
3500
1300
3800
2200
377
1200
715
599
11900
3100
1100
2100
7000
3000
8700
949
459
1100
2600
1400
6500
3400
1700
751
796
1000
3400
3100
1300
4800
2700
42000
1300
1500
45
563
3500
3200
3000
1100
2900
1200
1400
2200
1100
939
908
448
29000
1600
6000
635
3800
3800
1700
1100
1600
6400
2200
712
891
28200
616
5200
2100
1300
3200
1500
1500
1400
1600
698
575
964
127
1200
1800
47800
999
5300
12500
6800
1300
1700
816
1300
593
4600
5500
958
656
2500
1800
5700
786
543
2300
1800
933
680
1300
1500
1100
866
5400
803
791
507
2400
939
1200
1600
2000
1400
815
3200
1100
1300
2000
22100
1500
1600
1600
1000
1200
1100
762
1100
1300
1500
436
718
579
1900
1300
1300
6500
1200
812
12800
2400
1400
1500
874
2000
3700
3900
1200
3900
6700
1500
13100
1700
1600
10300
1300
724
1000
2900
2100
1600
736
3600
4600
1500
1100
781
1100
1400
3500
1200
2600
1300
402
1300
648
2000
1700
935
6100
789
5000
2200
1300
878
1500
4700
17500
3000
642
1400
860
5500
2600
876
12800
1200
7700
2500
20000
57400
10000
1500
782
773
1900
14300
3000
1400
3400
3000
2600
4100
12200
1400
2900
1200
2200
2700
10000
1900
1400
2100
795
2400
973
1800
2800
4600
4700
2400
742
560
3100
4500
11700
731
1400
10700
2100
436
1100
3200
1100
1200
1700
853
1700
2500
14900
993
8200
2700
917
1300
2200
1100
2300
20000
1600
704
5400
1500
1100
814
1500
727
1200
755
2000
1700
415
1500
109500
4200
854
5400
667
6200
64300
675
1100
925
952
664
1400
1000
2100
1100
6600
1300
545
2100
1500
873
1700
1400
1600
446
3700
2500
20700
1900
10700
625
14000
1200
3500
1300
539
1000
2300
739
47100
749
456
1200
532
1200
667
642
1200
1500
936
5500
1200
883
7100
4300
895
18600
1200
949
2200
1900
633
4900
1100
889
782
1900
1700
1100
396
1600
14100
4200
593
3800
3900
1200
1400
4000
597
12500
2400
1700
8300
1300
1300
1300
1300
2400
2400
2800
18800
8600
3600
4500
1200
5200
2200
759
5500
1600
4900
707
3300
2000
128500
1400
741
1500
3300
3300
1100
1000
713
1200
2300
2100
664
1400
2200
845
1800
1700
2000
14200
3100
1200
2500
4300
581
1300
10300
7700
800
500
1700
717
5400
1300
2500
1200
4700
42
935
1000
1800
877
867
829
14300
1100
6800
955
1400
892
972
812
717
1700
2300
1100
339
2800
893
1200
4000
1100
15700
1200
19800
2000
738
1200
4300
6900
538
1600
1200
413
869
1400
723
4800
1600
1100
56900
1400
1800
723
703
1100
1600
2100
752
1800
880
50900
913
856
709
1200
2500
878
2400
5900
1500
1200
1800
8600
1400
1700
1400
799
1100
10300
699
1100
989
3700
3600
682
1300
671
1400
1000
967
1600
11900
30200
2300
7800
681
71900
1000
2400
820
688
742
1500
1600
497
686
2700
2800
733
688
2800
8300
802
918
4100
798
2200
1300
1300
6100
1000
1100
1500
2000
919
1000
8500
469
1400
940
1200
925
557
1000
2000
2700
576
850
19300
4300
2600
1400
1600
604
2000
771
1700
1100
935
5900
3600
1100
17300
1600
1000
2300
1100
2400
1100
11500
2100
4700
395
1400
3500
53100
971
1100
1700
719
2400
1800
1100
2200
1200
901
415
607
1600
4200
790
865
6100
22000
4000
10100
951
1100
588
756
977
1200
1200
3900
1400
1100
1200
874
2000
1500
1000
593
980
7300
449
763
3800
3200
3800
1100
904
3400
1100
417
1400
1000
2100
1000
797
815
3300
5400
3100
1100
9500
21000
1000
4200
1600
2500
3800
942
1200
664
1600
5900
7200
1600
3600
807
1300
5000
681
1000
1100
2000
3200
2200
2000
1300
1100
684
959
859
1500
1800
1300
1100
671
1000
1000
827
4600
1700
2400
791
918
1000
768
1000
5900
3200
18900
2000
650
78600
36200
1900
6200
1100
20300
49
976
3200
890
810
2100
396
1300
1700
1100
2100
862
1900
1300
4700
2200
384
448
4500
1600
1400
2200
990
977
997
759
978
4700
2000
3000
500
1200
2400
1800
1800
586
954
2000
2000
1000
13000
878
1700
10900
1200
1100
1100
6600
1100
552
1200
1200
2500
663
1500
518
20800
1400
813
1900
5900
899
9500
6700
6500
1400
2900
798
4200
3500
7600
1200
309
9600
6700
1200
828
16900
1100
571
1600
3300
2500
4900
755
2600
5300
2200
1300
1300
1300
2000
2600
1100
721
1100
492
887
27900
605
4700
639
3600
1500
1500
2900
1000
883
551
1500
1400
2600
4200
931
1500
498
1900
923
811
1800
1200
876
972
790
3000
2000
3300
1400
1100
122800
2600
946
1200
1300
731
1200
785
5000
603
22200
3800
28400
1400
1700
1100
727
1300
1200
6300
23100
1700
3300
957
1000
6000
1400
1600
1100
924
1800
1600
844
1200
1100
926
1100
985
877
2100
942
545
2000
1300
1200
3500
1300
491
5400
1500
5300
3600
802
59
1100
1500
1100
696
3800
2400
653
1200
4500
573
445
1200
530
2500
943
20900
2000
1200
1300
2500
1700
17800
3800
2800
5800
694
1000
31300
7200
12800
2000
7200
1800
3600
587
1500
1000
2300
921
2700
850
681
1500
4800
761
1900
574
791
1300
2000
5200
1700
3300
953
1300
2200
1700
1500
1100
4100
1300
1300
1100
1100
9200
3200
1200
2100
1400
568
3000
1600
859
2300
1200
3200
154
1000
1200
1100
2600
1100
3600
21600
1000
1300
1400
2000
1000
2300
2400
2100
1900
1400
211600
2200
952
851
1300
1800
4400
845
2000
5100
1600
6000
450
1900
5500
533
1000
855
954
1300
1100
1200
614
3500
5800
753
4900
1400
768
3900
2600
1100
1000
5200
938
885
3300
18200
1100
2300
880
1600
2200
1100
1900
1100
2000
758
1100
878
762
526
819
686
1100
2900
2200
1900
1100
2300
9000
773
2000
42600
5400
5000
1000
1700
1200
1200
997
1900
5200
9300
547
1000
9700
1400
829
1000
2400
2200
97
5400
1800
987
1200
14800
1400
2900
894
11000
2000
728
2300
1300
806
494
4500
23200
2100
882
2700
2600
2000
1800
3100
823
2400
2800
827
779
3200
957
6300
2500
1600
1500
1500
20300
2800
594
1400
559
1500
4400
2100
2500
1500
635
1700
11400
4400
1300
3600
8900
30000
1400
8400
5100
902
453
1100
924
1500
1100
1300
1100
904
3000
350
1300
1200
2700
849
1100
1300
1000
2000
864
2500
2400
1800
683
435
371
1500
1800
8300
863
593
694
1300
879
6100
962
459
2900
3300
1300
1000
1900
956
1400
2900
766
1500
689
1300
1600
1300
927
2200
709
2700
3000
767
856
1300
3200
2600
1800
1100
939
1400
812
3500
924
4200
989
138
6600
1200
1300
1800
2800
1200
1700
527
705
1300
10200
1200
585
3000
1700
1900
2400
1400
2100
2400
927
1300
1200
1200
5300
701
925
970
2300
980
1600
1500
1100
2400
2700
2800
1900
20800
2300
1700
717
1500
3500
4600
700
1200
946
1700
3800
1300
2000
1400
1100
1200
3900
21600
1200
922
1800
1100
1900
1200
4800
685
769
527
3000
877
379
2200
4700
5400
3200
2700
3500
1300
962
2000
884
9700
1500
1200
1300
1800
2400
10000
1600
1800
3600
6200
766
1200
1500
990
2100
761
2200
2000
650
522
1400
454
1900
3200
1200
410
1400
756
2100
515
1400
833
2500
1100
173
2800
1100
10300
2900
861
775
1300
3400
3900
853
1800
854
1400
587
1100
2900
2400
1400
3200
1700
517
338
7800
747
981
2600
1600
4500
1100
1400
1300
1300
5200
2200
5100
955
2500
4600
924
4100
814
877
5300
1200
1000
1700
4900
1300
1500
697
1200
415
1300
1900
915
5000
1200
860
11400
1300
709
15300
2000
6300
171
1200
1300
888
3000
1200
4200
1900
899
2700
9500
1000
767
68300
686
588
7800
1600
1200
997
2700
2500
3600
1800
1600
2900
13700
964
1100
1100
1100
1700
1400
1800
1100
1100
1700
1300
18800
2100
932
961
10400
1800
1300
8500
4000
1700
876
588
533
854
8200
1900
3500
5600
802
1500
2100
3200
3000
969
3200
1700
516
1300
1000
756
2600
2200
822
1400
721
1500
498
1100
10900
1000
1300
6800
841
840
1900
2900
1700
1300
1100
3400
3700
1400
1400
2500
1200
660
1300
6300
2600
1300
3400
908
15600
716
424
829
1300
2500
1200
367
675
3400
811
817
11000
1700
1500
4000
3200
4500
971
1400
1600
3800
1300
797
3300
706
1200
790
1300
2700
620
615
2700
7200
1100
2400
1400
917
1100
1200
2800
1500
884
1100
787
3700
766
8300
2100
4400
1100
584
11800
630
10400
1500
5900
987
10600
1200
1100
1200
12400
870
1200
3500
1800
2200
670
695
1700
1400
1500
780
2900
558
642
1300
4400
3000
9200
793
548
1400
1600
596
2500
2700
763
812
1600
613
994
836
1100
459
698
4400
3800
1400
1300
28
1000
987
1600
3100
368
475
3200
2000
1200
6600
1600
11700
1000
1300
1400
981
4200
4400
730
1400
1400
1800
1500
2700
2000
5300
851
11100
1300
1100
839
3900
1200
1100
1200
1000
1500
13200
1500
781
828
2400
1700
551
5200
2400
22500
905
2300
2900
813
881
1300
788
1200
800
755
2400
1600
802
2500
3200
987
960
1400
19100
3800
2000
1600
870
1200
989
2700
16400
1700
2300
58800
1200
3800
563
9200
5000
733
778
37800
1100
824
1300
20300
846
920
935
860
2900
2800
1300
949
3900
4200
1700
2200
2700
4800
393
1100
818
3800
1600
4100
224
1800
1100
2600
2600
1100
2200
11800
8100
847
9600
1600
880
2400
736
1200
895
24700
1600
619
907
910
1600
862
752
2500
9200
992
4000
1700
6300
2900
3200
1300
2000
2200
684
1500
1700
1500
2300
820
2300
3000
41600
7800
577
2700
880
2900
5800
903
6200
741
2500
2700
3100
1400
2300
753
5700
3000
2200
526
6900
966
837
3900
950
1400
1900
1200
1300
6400
41
1000
17200
2800
652
3200
1000
784
2500
939
1100
6500
1500
9800
27300
918
3900
3500
4800
1000
4000
2700
846
882
2100
3700
1600
584
5400
1300
1500
2500
205
2000
762
1000
1900
855
874
2200
3300
1100
628
2800
111300
3800
1000
2600
1500
2100
1500
3200
2400
2600
1300
1700
2200
950
4300
9700
1600
1000
1400
1100
7600
12600
47700
3300
724
1600
827
639
1200
2200
7300
1100
972
860
80
14900
1700
1300
2200
4100
6300
1300
2900
598
4000
8200
2200
1100
4400
818
1200
1700
2700
737
2600
3000
3000
893
761
2700
3500
1700
1400
1000
667
15000
5000
2700
997
1800
991
2200
1400
1700
2100
725
2200
32200
4000
1500
2300
538
1800
510
665
2300
1300
1500
4200
7000
882
2300
2400
1700
2000
1600
803
813
2600
1800
753
792
2300
1400
1200
2100
11400
905
1300
4200
1200
748
1500
550
6400
1800
11200
7400
635
1200
740
656
1100
832
1600
1100
3900
1900
2300
1300
1100
759
38400
8100
12800
1200
772
1800
519
6200
1700
2400
2600
5300
4000
1300
1100
3500
1900
1900
761
941
723
88500
4600
985
1400
2100
1700
1000
868
3100
802
1500
19800
1200
565
1300
640
2200
745
1300
1300
2200
3000
2200
806
782
869
1100
4700
4100
889
1000
3100
18000
1100
1500
1400
1300
2700
2000
82
1100
2900
2700
1500
2400
6400
4200
1300
2400
2100
4800
832
2000
1500
1100
3400
2400
1500
648
1300
2400
2800
4500
6400
1100
1900
962
891
3400
1400
996
7900
1200
8000
984
2700
846
3100
777
1000
1600
456
3800
226
144400
3200
6000
4600
1200
1900
2600
3200
500
2400
4700
3200
1200
1200
7000
914
3200
996
1200
1900
1700
917
9100
3100
2100
758
5000
1800
1200
94800
1100
704
992
4200
1800
7800
1500
931
5300
610
4300
1200
725
8400
1900
3500
982
1100
958
9100
1300
2200
2200
1400
736
3100
9200
2100
903
1100
1300
852
914
257
887
3300
742
1600
813
2900
1300
750
789
2700
2600
2300
494
777
981
485
17100
1300
1900
2700
1100
899
1600
636
6300
983
960
1500
796
419
1300
1100
3100
2400
654
1200
10200
5300
4200
5300
3800
1300
1100
2600
1600
11400
93800
1100
6600
7300
995
6100
1900
13000
2500
1100
1100
1700
744
1100
430
1100
16800
255
4500
2400
875
647
2100
2400
1300
5400
1300
758
1700
1100
2400
2600
834
26800
3600
901
875
1500
498
1200
1500
851
1300
680
856
1000
1400
623
587
805
1000
7700
23700
10700
782
2500
1100
991
1800
1100
1100
856
1000
4400
2100
17600
1500
2800
6600
1800
5000
6800
3100
2500
1700
723
2400
1900
12300
1800
3100
4700
603
2100
7900
522
864
1300
1100
1500
1000
1100
7100
7000
2100
924
4500
1400
958
1500
1000
1100
830
2300
1200
1100
2200
2300
1300
2100
857
25100
841
859
1100
410
1700
1100
857
2600
6100
528
5100
864
1000
1000
1400
657
1100
2300
1300
3200
992
6900
2900
7300
835
16900
12300
853
600
1100
1200
1500
3800
4800
701
13400
2000
11400
4000
804
1800
620
3500
1300
2000
4500
709
9900
731
1500
975
1100
906
4700
1000
1400
12100
1200
2900
932
1400
770
26300
2600
1300
1300
19200
1700
647
919
1800
1800
1100
3900
701
24400
556
39400
1600
622
717
829
642
5500
1300
2000
955
860
645
2000
1500
3400
693
988
871
1000
928
1500
2000
878
722
1100
946
4500
3200
3700
1300
5600
1700
3400
962
3400
1000
1600
6400
700
6600
1600
20900
1000
1100
1400
1500
1100
104
2000
772
1600
1000
96100
1500
9400
6400
2400
845
816
1300
808
2100
21700
77
4600
9300
1300
956
929
2400
712
2200
869
8100
12700
3400
997
1000
1300
2200
820
1600
1300
761
1200
4600
7700
830
1900
19300
2800
1200
21700
2900
1000
830
2200
3100
3400
878
1900
1100
2600
1300
1400
1900
1800
6200
1900
4900
912
2100
3300
3700
5900
7100
4300
731
1800
1900
1200
1700
1200
2100
1300
869
52900
745
3100
12800
623
1300
2200
842
653
2800
1500
682
2900
1400
1900
2300
826
4200
400
2000
996
3200
1900
1800
2300
1900
419
622
953
2400
582
16100
6000
12900
1100
581
1500
41000
1100
2100
874
1100
1200
2400
1200
6000
3600
7000
3800
806
1500
2400
2200
954
11100
1300
1500
2500
528
6700
5700
140
859
1400
208300
4500
966
1200
2600
533
766
1500
1300
905
1900
2000
1900
877
2700
12800
11200
2500
2000
573
719
705
13400
3600
955
2500
1600
799
4900
7000
4300
1000
1000
495
736
849
2700
8400
2400
1200
839
645
3600
879
975
1700
5000
1900
824
9200
1100
756
2700
2300
762
2500
1500
726
672
31500
1500
5000
4000
5200
7200
871
1600
1000
5100
2600
1000
845
2600
1300
1100
2100
1200
2600
1100
3400
982
3300
2200
1100
775
2300
1300
571
395
1100
661
976
1600
1400
843
1300
1600
986
1800
1500
7800
421
723
2600
28900
6600
878
732
1200
2300
1700
814
6900
1600
1100
5300
583
3900
1000
906
3400
1600
1400
635
3700
2400
1100
2600
872
860
1500
2200
1500
12300
989
728
19900
6700
2300
1300
1400
1400
2100
1600
460
1100
4100
200
596
1500
1600
1600
3100
1100
1000
1300
11300
16200
889
7500
910
3400
689
1100
1300
5300
1200
272
1500
3300
1800
4600
1100
1100
1200
402
1100
11300
450
2200
1400
3700
5700
1400
1500
2400
1300
1000
1200
819
6600
7900
3400
644
6000
1600
1300
1700
3200
3600
1600
2100
19000
2600
1300
15800
39500
1400
753
1300
8500
3100
2300
10000
1300
548
654
1800
999
2400
1100
1100
1500
4300
1700
2200
1100
1300
1300
2100
2100
2000
2100
4200
6400
4400
1200
818
1600
7900
1500
1800
1100
842
1400
2700
1500
689
874
938
8900
671
1000
707
2400
1300
699
936
2500
1900
1100
23000
7700
823
3600
755
3600
1300
1200
1600
954
2100
1700
21900
1100
3600
1800
8600
1100
992
1700
1100
1400
1600
740
1500
3700
969
35100
2700
6200
919
1800
4100
8000
6100
873
894
6000
774
1200
6300
3400
1900
2200
803
1400
5300
11700
903
2900
5100
1600
1100
631
2100
15000
631
1100
786
17500
417
447
791
848
1000
3200
1100
2100
1100
2300
864
6300
1900
2300
1000
847
2500
882
903
1100
4100
1200
1800
1000
3200
5500
3800
954
725
954
5300
701
1200
1100
7700
1600
17100
33500
7400
1300
1200
9500
3400
790
2000
718
1100
884
920
726
930
5200
10500
5300
570
767
1700
713
864
861
1500
964
3300
1300
1100
8200
2300
613
1400
658
1100
16400
1300
8500
15600
2100
15700
3000
1200
629
933
961
2500
6800
700
3200
735
932
907
1900
3600
1800
737
547
1300
1300
1000
1600
4500
1200
6400
2700
1700
672
1100
1300
23900
1000
3600
2100
579
8100
2800
1800
1600
711
2600
585
9000
2800
1800
1400
1600
2000
2100
935
3700
1000
2400
1200
2900
1100
1800
398
2100
5900
2600
1100
1400
1000
1100
7800
864
1200
9900
3600
603
2600
691
20000
799
921
2700
425
701
3600
1400
1100
1500
568
3800
1800
1300
22200
5100
4100
5200
17100
2300
516
1100
1100
2800
909
2000
4600
667
7200
1900
3600
2100
1100
1900
719
590
1200
4300
722
694
1300
1200
1400
996
5200
823
1000
6200
1400
5100
12500
2000
707
1600
2200
2200
1000
4600
3500
2200
841
699
1400
878
3700
1200
904
1000
713
1100
3000
1000
1000
318
8000
1600
14000
455
564
982
4500
1500
1000
4600
1100
2600
572
3200
1600
917
1200
805
19400
1600
685
2500
537
670
1500
4500
924
926
2000
475
1100
1000
1200
767
1900
4000
1300
937
2500
2000
1800
1300
3200
18300
2200
908
2200
1800
2300
2300
990
11600
745
1100
981
2100
1300
2100
894
1200
1000
9800
1400
1100
1900
2100
1100
1200
5100
1200
972
3200
629
4200
5000
4400
16400
448
693
1100
19300
580
685
3600
11800
828
6300
897
6500
1600
589
3000
716
757
970
1200
1300
844
554
4100
786
1700
6100
925
2800
1800
1100
860
1100
1100
1100
1100
861
4600
561
775
1100
1200
684
7500
3500
4500
2600
3000
1000
679
13100
847
1200
1400
1500
3900
1700
1200
1400
50
733
655
1400
811
4300
1100
1300
975
1200
620
2500
12800
1500
4900
1700
2800
759
1600
1900
1000
59100
1800
1200
925
2100
716
1600
978
966
957
1300
525
4500
985
582
1200
3300
3200
462
478
5200
2000
1600
725
3200
4700
4500
8100
587
1200
982
792
1100
2900
1000
903
1400
1200
1300
606
2500
1000
599
2500
950
4700
4500
595
2500
586
405
854
1300
1500
3700
2100
890
866
552
1700
909
960
679
5500
12800
3200
2000
4700
10900
618
574
959
14900
180
1500
935
1300
1200
5500
912
3800
2000
3500
4200
6400
1000
1300
2500
1100
847
64
652
165
2600
2900
11700
586
865
1300
642
1200
5100
899
9800
1400
9100
709
2000
1300
612
1700
2400
577
749
2600
1100
641
454
2200
1400
1600
750
790
4600
2600
40100
1200
4100
1100
1400
1500
1300
7400
3100
1400
1300
1400
2200
889
1900
657
29600
2200
942
25300
7000
1300
901
792
832
6800
4200
865
802
1400
799
1000
848
932
786
1400
26900
1200
1300
1200
4400
614
791
970
1800
1500
7500
1600
2600
861
2100
639
3800
831
753
1300
597
3000
138700
2900
916
606
2100
1500
519
1700
624
893
2900
2300
571
1900
820
486
2000
950
1100
5700
6000
714
701
6600
1900
4900
17100
1500
784
820
2400
1100
1400
544
1300
1800
975
5100
1700
1500
2200
1100
1500
3600
3300
895
1100
1700
3500
936
1100
1900
2300
692
1100
1600
830
7900
599
794
3600
1900
705
1100
1400
2000
6000
2400
5800
1800
621
899
1300
3200
1700
998
1300
2700
642
2200
4300
2600
1500
1900
606
10300
1100
2800
981
881
955
1600
919
1600
65900
1700
1600
4300
1700
788
1000
775
2600
1200
1300
1000
1400
1500
1100
16300
4200
790
1500
2500
5800
1800
721
2500
2200
2900
721
519
1200
1200
709
1200
795
1200
3300
341
1100
1400
3700
1400
1100
1000
3200
635
1600
6000
6800
1800
1200
1900
2700
671
943
708
18200
1400
45900
1000
11800
686
795
659
3000
1000
2500
1300
1200
3500
6200
3200
2000
1800
924
17800
1200
2300
191
22100
7800
651
796
377
864
1200
1200
1500
634
871
2700
859
1100
961
1500
2500
3800
971
743
619
1200
3800
1000
4900
1200
820
2100
13000
1700
847
3000
968
785
1200
1700
699
12400
1000
2500
2700
989
643
2800
760
6200
981
1400
587
12200
5500
4600
1000
1200
1400
17600
1300
14700
1000
213
27300
5900
5700
2200
6200
9700
653
2500
1100
478
1200
2100
9400
652
932
1400
834
211
1600
3500
793
870
3800
4300
8700
25000
1800
1500
2800
1500
673
2200
9200
57000
6400
1600
1400
922
352
3800
2400
753
1000
945
946
4500
1900
9700
2300
1600
1400
1000
800
1500
943
2000
1100
468
5200
6400
6100
864
3900
3000
5200
892
5000
3300
998
931
19800
781
454
1800
1700
1500
707
1800
1600
7900
1500
946
628
4000
1700
1700
1000
1600
1500
1400
1700
3700
1600
599
2200
1200
3600
2100
959
2800
1800
6200
538
22800
3000
1300
806
2200
10100
1200
2400
1800
1600
3200
950
480
5700
655
2300
3500
4300
902
4300
967
646
510
4600
1300
1100
834
1600
2100
3600
2000
4600
804
1500
872
941
3700
1700
2400
3700
4000
907
1300
3800
827
705
25600
4000
