1100
6200
2800
6700
3200
744
666
786
2500
3800
1300
2700
2600
1100
1300
2500
1500
1200
5600
1000
896
1800
10000
1800
9800
2800
912
1700
1500
777
2100
1100
3800
835
3300
987
1400
916
531
2400
5800
1100
2500
2700
1700
2600
4300
11300
1100
1800
3600
4100
8600
2400
561
941
1700
3100
2000
2700
640
1800
1600
17900
1400
2000
1400
2000
1100
2000
1000
1500
1100
1500
929
6400
1100
1300
5100
813
1300
707
1400
4600
1000
11500
1400
1400
866
224
1100
853
2600
2000
2700
1200
1100
6900
1000
3200
1200
1400
1100
1200
1700
1300
718
10600
1200
4900
1100
605
1800
1300
377
2000
1100
1600
5600
1500
1200
6300
6600
1700
387
907
5400
1400
5800
1700
1400
5300
9700
1700
755
1300
1300
2100
655
627
2400
1400
1100
568
2700
805
534
11300
672
2900
2900
3500
4400
1100
5400
7100
1100
1400
15500
15800
4300
2200
1000
489
684
267
1400
844
621
6400
1400
404
4300
834
2400
1700
2200
1500
11100
551
798
1200
950
799
1100
1800
5000
5900
1100
1000
236
4300
3200
594
3700
5300
6300
1700
2000
7400
5200
948
6200
902
1800
1900
210300
5200
1200
906
606
1100
555
16600
1000
1400
1200
1100
8500
925
409
6300
2000
3700
730
870
2000
6400
870
2400
3300
697
6100
2100
1500
6000
600
4300
660
1400
815
550
830
2800
6000
8400
2200
2200
14400
1200
1000
5400
1300
3600
11600
2300
1200
1200
6300
2900
2700
572
6400
2900
4400
11100
1700
843
1500
505
527
750
1600
112500
5900
602
927
1700
1500
485
20500
5500
930
1100
2500
2500
1700
1500
764
4100
1800
1700
1100
2000
1500
1600
965
3100
1200
883
4500
737
790
659
1000
6600
729
1200
2600
6500
2500
3500
2600
11100
714
1600
1500
6900
1600
702
1800
4600
1100
1800
201
10300
1900
824
1400
1200
1800
8200
1400
1600
1100
9700
2200
4500
765
14400
966
2300
7400
18400
1800
1900
901
16400
781
1200
1300
904
1100
1300
843
2000
2500
1500
537
828
1000
1600
1400
1600
7000
1900
873
1100
835
12900
1000
1600
968
8600
2300
1100
711
1100
9400
1600
4800
31000
1900
768
13900
12400
1100
813
1200
6800
2200
20000
2000
1200
5600
2000
2400
779
3100
10400
1600
1200
3500
924
9100
765
1100
1100
4400
766
1400
2700
7500
5000
2300
952
969
980
759
1000
27900
1500
867
3900
872
596
807
972
879
903
2200
436
823
2100
19400
4300
1300
869
5900
9800
980
1800
13900
2300
4400
1400
585
1100
765
683
1400
1800
2000
735
789
1100
2100
2400
565
2400
1900
2200
618
829
3500
1900
766
318
1000
1100
715
23100
36900
1000
8700
1200
1100
536
2200
2500
1200
2300
1100
1000
682
4300
2900
9000
850
679
1400
2400
1400
1600
544
14400
851
1300
1300
604
2200
1200
4300
2100
837
1200
16900
2000
889
1300
1700
2000
3500
1300
1300
998
3800
1100
1300
978
306100
2300
3800
5000
735
9000
1000
745
6300
6000
645
11400
2200
936
1700
1100
3000
1900
379
1000
786
965
13000
1900
703
5700
3600
1700
1900
5300
2700
4000
2900
637
1100
3400
1300
995
1000
2900
698
13900
412
12500
1200
1300
1000
2900
23200
903
1100
906
1400
2700
732
5500
960
731
1000
1400
1000
5000
1600
20400
2000
2000
6800
929
1200
1300
1200
1900
1400
784
7500
1700
1200
848
2900
1200
6600
15100
1500
1200
2400
2200
734
1100
1900
1100
647
1300
920
801
18800
1900
803
3800
2100
1300
1100
1600
3500
1600
668
12800
1800
762
943
24200
940
904
930
1600
1300
1000
6600
451
4900
3700
1700
63100
6900
809
5300
716
1300
2000
980
2400
654
1700
1800
3100
1100
955
1500
2100
3200
2400
895
1600
3600
1200
1700
3000
964
928
1600
4900
897
1600
2000
6900
1700
783
6200
1900
5600
2300
543
930
995
973
826
703
798
991
2200
2300
627
1200
1200
596
1100
996
1900
1200
974
1600
911
1200
930
2100
1000
3300
62300
9200
950
16000
3000
649
714
671
2200
1700
12200
3300
2400
1700
1500
5900
1500
706
1400
3200
1200
2600
1400
3400
987
1800
1700
1300
878
1100
14700
5200
4200
12600
1100
2000
2000
3300
796
1100
1600
957
510
7900
686
979
473
1500
1600
1000
4500
642
2900
8300
1200
627
2700
492
1200
4600
1200
1300
2900
1900
998
1500
882
1200
3600
2400
919
2000
580
30400
1200
1000
686
2500
787
1100
6300
1100
2500
2700
1100
835
899
1300
4500
992
1200
52100
16200
1100
787
879
853
4200
1300
6100
1600
3400
2800
3100
1200
573
935
574
752
753
868
11800
754
64300
3100
3700
2900
3500
2000
657
8600
2900
1100
1800
967
5400
1100
1100
598
1300
1100
625
1400
949
3500
1300
749
452
7200
2300
1100
1900
325
1200
3100
1500
843
9100
3600
1000
1100
2600
597
3800
1300
964
1000
1300
7200
1400
804
736
721
2700
865
1000
4900
1700
900
953
1500
698
1100
825
804
1400
3000
1400
2000
594
1000
3000
569
548
2600
2900
1600
1600
824
773
1200
3700
21900
972
4800
17700
633
1000
4600
2200
1200
662
2200
15600
5500
2000
701
8200
1100
7900
2200
492
2400
538
980
2900
1500
6200
760
8100
1600
661
54300
26000
1300
659
1100
896
1500
2500
589
1700
444
881
1100
1100
2100
4000
1400
820
1100
4400
2200
4600
5400
925
750
3500
6500
2200
2400
8700
801
960
2300
2100
6900
1200
649
1200
3800
655
1700
702
679
1700
1500
1300
8500
92600
2800
1000
2000
2600
1200
7100
3400
2100
1400
8400
4100
2800
12700
699
559
1700
1000
997
12200
2200
927
3100
932
1100
1100
1100
1700
689
1100
5700
1500
933
1500
584
1700
1100
2300
3100
475
2000
957
1400
2300
36600
1200
476
4300
1400
2800
823
1500
544
1800
1800
10200
2000
1100
1400
746
732
761
4400
953
3300
854
15400
1000
1600
3100
6700
5000
906
1600
1500
511
795
4800
910
781
746
1300
736
1200
832
2400
5700
1500
939
788
4700
4100
1200
4800
3700
3500
2900
2400
27700
1700
744
1200
1400
1300
984
5000
4200
1600
672
23800
1800
22500
1800
1300
1400
2000
2600
3300
1700
2900
3100
1000
946
2500
914
3300
339
660
1900
4600
1400
1200
1400
1700
1200
3300
1900
1000
1700
688
1700
1900
1000
2200
1200
840
1400
1200
1900
909
1900
1500
775
1100
1600
1100
2400
4300
2000
1500
1000
784
833
1500
1200
3200
2200
1500
2300
999
9600
789
770
1900
1500
1500
1400
2300
5300
2300
2500
761
864
606
3200
1400
4200
1400
642
1800
2600
3000
812
1400
3400
1500
2000
4200
2400
907
1800
2200
1000
1500
955
538
1000
1100
812
2400
713
1500
3200
1000
3000
10700
2100
14500
5400
2300
1400
2000
21800
623
9000
1200
1500
5600
3100
1800
473
1200
4700
2100
1200
5200
458
1500
3700
641
1500
10100
648
4300
674
9100
2000
403
38700
4300
5600
1900
2900
5100
537
4500
1400
2900
3400
1500
1200
2600
11900
2900
3300
1400
2000
2500
6300
697
1500
6600
5600
966
727
1700
2000
1500
1300
1200
3500
741
6200
1000
1100
3700
815
827
11100
988
1200
970
11000
1600
2200
6200
688
1700
1700
22200
1200
611
4900
1200
707
718
1300
797
10000
1400
2200
1300
1400
6100
983
1000
1200
1900
1400
143
825
7300
1500
2500
753
6600
2300
8500
5300
845
1500
1100
736
2000
1300
1600
1100
1400
1000
989
4500
671
726
3100
3600
2500
701
2500
7800
1100
2500
1500
1900
2900
826
2000
1700
3200
799
573
14400
7100
9600
1200
2200
2200
1200
559
2500
5300
1600
2200
1300
1800
673
887
7700
3400
2000
1300
1600
1300
2800
1000
2000
1300
2300
1500
962
1000
2400
1200
1600
2400
19300
1100
47800
1100
1300
485
11800
2300
1000
5600
2900
13900
1100
1000
1300
2600
848
1500
43600
1300
562
907
874
519
1300
960
3100
1200
1200
2300
1600
1700
6100
1700
895
3200
877
7300
1600
757
777
2200
1300
3300
1300
1700
1900
3400
2500
1100
1800
1300
482
1700
1200
1500
3400
4300
2600
56400
785
962
1000
630
905
916
1100
1200
888
941
2200
2200
5200
641
577
856
2600
2200
919
956
2800
6500
1500
1400
3100
962
1900
1200
3300
5000
6100
1500
1100
1400
3400
2400
2500
756
4200
3800
5200
14500
2900
1700
955
1200
597
924
690
3400
869
12800
1300
845
1200
2900
759
7800
3800
1600
1300
1000
1100
7700
802
1500
428
884
4400
664
1600
3800
842
843
1700
988
3800
2100
585
2900
1900
1300
3200
1500
592
1200
1500
10200
1500
5400
424
1400
2800
822
974
2900
1500
1100
1200
3100
10600
1100
1900
1200
849
698
2900
7100
1900
1500
8000
3900
959
726
770
968
6000
609
3300
1900
859
1500
1600
1500
767
1400
911
1800
1400
1200
1000
1900
871
8400
1200
569
925
891
12300
1400
1000
8300
1400
1000
1800
2400
1300
596
2900
1700
1100
1100
1300
598
1800
1700
1800
500
1400
1800
11300
1300
2600
1100
1400
5300
973
1500
1000
4200
751
1000
3200
1100
238
595
28400
1200
621
4200
200
1200
2100
3600
1100
6800
807
1300
488
766
1400
828
1300
26300
760
570
1600
51500
1900
1400
11900
2000
4700
1200
492
2900
1300
1000
832
6600
815
6400
1100
17400
3600
896
901
2400
1300
20800
1900
942
1600
2600
1500
12500
857
3100
890
1900
609
2100
500
3200
13800
2600
1200
1700
1800
1200
49000
2500
1800
1700
3100
1300
1100
2100
650
786
1300
649
1400
1200
1300
755
3700
2300
664
1300
864
10300
1300
280
1200
1600
11200
2300
1400
5200
908
4300
1400
2500
7500
1700
1100
1100
1800
924
1100
1600
3500
937
73100
1300
16400
2200
1000
2800
1900
1400
772
4800
2700
1800
3400
1400
1600
4400
2800
1600
1000
2700
1100
4300
48
1400
1200
7200
688
644
1300
5200
1100
2200
1300
1700
3000
1800
939
1500
872
3400
21400
469
478
1100
768
343
1400
412
2100
4500
1500
791
846
720
3800
1600
67500
4600
2200
3000
591
6800
2000
1900
983
809
1800
863
1500
2100
3400
1400
3100
1000
1200
2800
6800
510
952
1200
27400
2100
430
976
1700
813
1400
747
2800
781
1400
9400
5000
1400
2100
918
454
2000
1200
1200
13600
1000
1700
1300
1600
975
1200
1200
5500
2700
432
3800
808
1200
2000
1700
77600
862
1100
9600
2500
1200
791
2000
5500
3200
869
922
2100
998
1200
5700
914
5700
845
1600
787
937
1100
1300
1000
1800
3300
3000
1800
804
551
1600
3700
2500
2300
919
9200
1900
1300
983
5500
1800
1500
12100
2100
6100
2100
48800
2900
737
2500
1300
905
2100
2600
3800
1300
1600
860
966
542
1600
803
3500
1200
2300
863
1300
2200
1500
716
773
909
708
848
1000
948
1700
2000
1200
1400
893
2000
3800
1200
742
1000
2000
1000
1400
1400
3800
3100
1400
1900
1100
3700
2000
1700
872
759
5400
11800
3400
7700
2100
642
2100
949
1400
2000
2500
969
2600
665
680
6700
509
5100
3600
1300
746
1100
2600
5000
1100
1100
801
827
872
1500
1700
569
1400
3000
1100
4000
1900
1000
1100
6800
1200
451
1200
597
8100
11700
1700
2000
2400
5900
446
2700
788
3700
1500
1500
18400
1700
606
761
108400
511
561
2300
8400
1500
1600
1400
3200
576
20000
2100
771
354
847
1000
1700
28
2400
1100
2400
5300
1300
1600
4600
7100
38800
471
958
900
6100
1700
1400
1200
1000
1800
839
872
648
2900
6500
6300
2000
6100
1100
1600
1700
2800
2300
504
1500
3800
1100
996
1300
2000
11200
6000
930
887
9900
853
997
1600
693
4500
6500
4600
2500
900
816
2800
2000
1400
2200
1300
14900
775
705
723
1400
1200
1000
140
2500
1500
877
1100
12700
1500
4900
4900
965
16900
1900
5600
434
1200
2600
3500
15100
587
10500
3600
698
385
29300
491
791
7600
1400
2300
2100
1200
974
1600
6000
3800
1300
1700
450
949
1700
2500
636
515
3800
1600
1800
1100
5200
731
1100
7600
1400
7900
8900
1900
731
731
870
240
39100
366
993
973
1900
4900
967
2200
1000
902
5600
1800
683
1000
710
3600
1100
490
2700
564
7900
6200
6500
393
583
512
1200
1100
1400
1700
1600
891
17500
2700
3400
3300
807
1800
1400
1800
2000
1500
4800
1000
1100
6800
701
842
2500
1500
3400
5500
1900
1300
1800
942
1600
9700
820
3100
1100
3000
2200
986
31500
931
4300
15600
769
2100
2600
816
672
712
4000
902
3300
2500
4000
6000
1500
1900
1200
1300
2100
5500
988
2400
1000
4900
716
1400
802
3600
1200
2400
1200
2100
1200
1200
841
2700
1500
1700
1900
26000
3700
966
41200
857
4800
1400
2400
430
8700
7700
10000
815
984
4600
1100
1700
13500
995
5200
2600
1100
1400
756
385
494
857
18100
2800
654
1100
932
912
2100
1500
3100
3600
1000
1100
1800
815
1000
1400
2100
1100
2000
709
976
3800
1500
687
1300
4600
10400
919
801
3000
560
1200
1500
1100
1100
2000
1200
1600
2400
2300
5100
1100
3800
832
1200
1100
644
6500
1700
4500
1600
1900
1300
598
1500
947
1600
2700
1900
2100
16900
13400
1100
650
1200
4500
4100
3100
2200
5600
717
1600
410
7100
3700
3200
1700
780
4300
3000
1700
1800
1500
1100
2200
2200
4900
771
5100
1600
2100
1500
2000
49000
2000
53500
1900
3200
855
1100
6800
1800
1400
3800
752
1400
975
910
1700
553
3100
705
1100
1200
2600
708
1200
1200
922
3300
614
1000
4500
1000
1000
1700
599
917
1100
1200
1800
2200
6800
1100
2300
1500
1400
1900
1400
1400
2800
2400
20200
134
3100
11500
642
4000
1500
824
480
926
3700
4100
2200
921
1800
1600
770
927
3300
594
11100
1500
726
986
1700
2400
3300
4800
877
2000
971
961
3100
970
1400
894
2400
1700
1200
525
822
4900
1900
4200
884
1200
1700
864
1600
2500
2200
1600
1500
2600
1100
2500
36200
1200
1000
11900
2000
766
2900
1100
1000
8300
540
939
1600
1100
732
1900
1100
974
676
2500
1700
521
1700
1000
2000
6300
1300
2200
2800
915
1900
3600
958
2600
1300
1500
1400
571
7700
1700
6100
1400
3200
909
621
1200
2900
2400
3700
2500
1100
933
2000
695
4100
14700
1400
421
5200
2100
731
1400
19000
870
1100
1700
674
2300
1500
7400
1900
7400
454
3400
5300
56000
17300
1200
919
766
1500
284700
1900
3600
895
1200
1100
7500
826
1100
2600
923
644
1100
36100
1600
843
448
4600
897
483
1300
1700
1200
2500
1100
1900
6400
1900
1000
2900
2300
6300
1400
1200
4500
2000
506
1100
2300
998
613
1500
1300
6200
13100
1100
2600
888
4400
1100
919
5100
1100
6500
924
8900
1500
388
2500
768
1200
4200
2100
1200
5700
1200
3900
12600
2000
2800
1200
1200
986
1400
1100
891
5500
2700
624
2700
4700
1200
598
1400
898
1100
97200
1600
773
667
1400
1200
908
1400
2000
9500
573
493
2100
1400
1900
1000
1300
1700
1000
1400
1400
1100
1100
884
1200
4400
2600
1500
838
2400
1100
3300
769
767
904
505
2200
1200
1000
2500
894
908
429
957
2800
1000
1700
824
1200
7800
5100
772
2500
820
3700
1100
971
3400
933
1500
3400
971
25300
2200
13900
16800
1200
2100
2500
1500
2800
3200
1600
768
2400
2800
753
1200
2000
1700
1900
3400
9200
1900
356
3900
1600
5300
781
2000
1500
2200
2800
2500
923
8900
838
43700
2500
1700
13100
1000
10200
2000
1000
873
8100
3100
578
3600
937
1300
1400
1100
1200
9400
724
808
881
473
2000
840
1700
618
4600
1000
1300
1100
1400
6400
935
1100
658
1000
4900
1100
612
1200
5400
1100
1200
996
562
2900
3700
742
3400
1100
1100
1900
3700
922
2000
549
542
2900
11400
704
1200
933
720
1600
1300
7000
1300
685
718
718
1100
1300
2600
1300
938
2100
2400
49000
865
4800
317
608
12200
713
1500
897
1300
987
14700
1300
1400
2400
2600
605
1400
1400
2600
3700
1400
1700
859
14000
2300
1700
2300
2000
1800
6400
1300
916
5200
3600
1100
5100
1400
9000
682
956
67100
1800
2400
3500
2200
804
1600
1200
2000
18000
925
2300
1100
4700
1000
1900
4200
1500
1400
1100
1400
3500
11600
3200
3200
689
1600
1800
1000
1200
896
7500
2200
928
1000
78
3500
934
1800
1500
2500
782
1900
3000
1300
1100
1400
21200
876
1400
2800
1400
1300
777
2200
1300
932
1400
4800
916
2100
10000
3800
2400
1300
3000
1700
2200
3600
1600
782
762
1500
1300
6000
755
2600
1000
1500
53900
2200
728
4800
6700
596
855
992
2000
1400
2500
936
2100
1800
3400
4900
10000
896
2400
858
1400
3700
939
984
2700
703
1100
782
635
10100
806
690
5400
1300
2000
1100
876
1300
2700
872
1400
947
1400
1200
1100
574
1600
7300
1100
4000
17100
578
642
4700
860
1400
2300
3500
5300
1100
4300
934
588
1600
904
831
30600
2500
1200
1300
950
2000
447
1100
10000
1500
542
2700
771
2300
1900
21300
33100
823
1300
3200
1600
853
17100
2900
2700
556
938
638
5300
1000
1500
1200
2600
633
666
3100
1000
1500
4000
917
3400
4000
1300
8100
496
700
1000
1800
1100
488
5200
998
835
1500
783
2700
1400
54700
1500
502
1700
31400
6800
15000
1900
3600
1300
25400
2100
436
769
3400
1300
1400
1600
4400
496
752
843
992
994
682
2200
2200
1300
2600
900
696
6400
2100
819
664
3300
4800
4700
768
645
1300
920
663
1800
1600
13300
1100
2600
655
706
1800
1500
642
3300
17500
576
1300
1000
885
1400
599
3300
11300
1100
2900
657
1000
1300
1400
629
1300
17500
3500
11300
904
1000
1000
1300
807
775
6900
2600
1300
982
6000
1500
4800
1200
540
4600
810
1200
1300
13500
958
2000
602
1100
4900
1200
3700
845
1300
2000
1000
901
14200
3300
1900
2100
1200
5600
13800
1100
734
1600
17100
998
1700
6200
2600
6200
707
1200
594
5000
1600
3400
1300
808
1500
1300
1200
605
11000
3400
3200
1100
1100
1800
744
4000
1400
733
1900
1700
982
910
22200
1600
1900
1000
2300
1800
5500
1000
780
1700
1700
1100
29400
2800
942
14800
1400
3800
1300
5800
841
1300
1200
426
802
1200
783
3300
692
6300
2400
1500
2300
10100
1700
1200
1200
4700
783
3700
926
721
861
995
1200
1500
2400
19900
1400
851
2600
1200
1400
686
3200
1800
1700
3900
15600
1200
8800
778
2400
610
1900
720
775
843
5300
1300
755
962
1300
2500
971
2600
724
2700
3800
1400
1200
6000
3200
1400
1000
962
1300
2500
2100
3500
832
836
1600
1700
878
442
50600
680
788
606
3900
896
2800
2000
1600
6300
595
1400
562
4900
3400
4300
933
515
798
3700
1100
2500
731
1500
1000
1100
801
1600
1600
1500
1300
1200
405
901
1500
1900
919
927
2800
992
1200
1100
13100
1300
2100
1400
990
1400
715
1600
3700
68300
843
1100
1800
3000
679
11800
940
1000
7900
815
9300
1200
4300
809
2000
2200
5700
752
544
962
6600
2000
1900
1600
706
4100
4200
1200
739
6800
1200
3800
1000
484
1200
4700
1200
2700
4700
1300
705
1100
1000
514
1400
2600
1100
1100
456
2100
798
20800
877
2000
13300
1400
2600
2400
1400
1300
1300
1300
6800
994
1300
1000
14100
1500
2200
24900
1800
3100
792
2100
1100
940
755
896
3400
10400
2700
1300
576
2000
805
1400
2400
1500
1200
2300
1700
791
7300
2300
971
524
1300
1500
2200
910
2300
5800
923
712
2800
4700
5000
1400
382
846
1400
1600
649
1300
875
20000
842
10000
1000
9200
4200
1500
1200
947
1800
863
5500
1400
1900
4700
1300
1500
2000
1000
1300
2400
1200
1800
1200
565
1300
17000
8100
1300
841
730
7400
797
7600
448
621
18600
1100
1300
11900
8500
1100
843
1000
1700
669
1200
1700
992
790
9400
992
3800
924
4100
1000
1900
1000
1400
2100
1200
2000
1200
1500
2500
2700
728
5600
7700
5900
1500
9200
866
43000
8700
9000
4000
4600
707
1300
2000
1200
1400
2000
841
1600
1200
463
741
4200
1200
1200
929
1200
964
12700
2000
23800
802
6400
250
1200
2400
2300
1600
1400
4500
26400
8200
1100
1200
1200
38200
818
727
801
25200
1300
2100
2100
1000
2500
3800
4200
873
1000
8700
910
656
1300
436
19200
744
1900
211
1300
1100
1200
882
1800
2400
939
3300
853
1200
8100
1100
607
844
741
19800
6400
1300
966
772
1400
1200
4100
1500
1300
1700
914
2300
1400
17300
7800
30700
6100
537
1100
2200
864
868
860
2000
600
3200
9500
3100
740
1200
4100
2400
3200
1800
3500
830
3000
10900
4700
3500
8000
18200
1400
2600
8000
1900
1900
2800
1000
8200
1300
2100
1100
985
927
1400
1000
854
2300
16800
777
4000
1100
2200
2400
2300
6400
802
977
9800
485
8100
938
2500
1300
6500
1500
1100
4400
8400
2100
505
36100
1900
1200
12900
1600
6900
1900
1000
3000
3400
1300
1800
937
2000
22100
1400
783
1600
1100
7300
1400
7100
1100
2700
1100
8500
503
5800
11000
1300
945
652
2200
1900
2200
40400
4200
654
728
3300
4400
899
1500
228
2600
963
3000
936
869
2200
1500
3500
1700
4500
841
1400
1800
1200
407
2000
744
2400
10400
1300
1200
4500
2200
3800
1300
20600
1000
1500
1700
732
2000
4400
18800
54200
709
678
982
2000
808
2700
2900
782
1900
691
669
2900
889
7000
1300
2100
768
3300
851
2000
2200
1200
3800
1100
8600
2800
942
1500
3600
2000
500
2900
797
3800
441
3000
930
8900
1200
1400
3300
2400
2200
1100
2900
8800
981
519
4100
6100
616
1000
474
2000
3700
8900
788
2100
1600
937
1700
2000
1500
995
899
1100
516
1700
1000
1600
734
1300
5000
2000
1100
7700
958
3400
17900
1200
1300
2800
2600
886
1200
2800
2900
599
6900
959
777
2700
6000
1200
750
2600
2000
1200
1500
1100
2600
24200
1000
9200
3600
2900
948
1300
888
955
4400
11800
6300
5300
508
694
1200
1300
3300
980
608
3800
1300
5300
3100
3200
2300
868
2900
7200
2400
2000
3000
1000
1600
1300
1600
11800
849
876
3900
1900
13000
2200
2900
1900
2000
3200
718
1600
1900
3700
1300
11300
1900
47
3600
746
2200
5900
1100
1300
2100
52
1100
889
918
2300
666
5700
1800
1400
4200
1600
923
2900
795
2000
2300
795
2900
1400
880
6900
4100
1200
16600
984
1200
3500
2000
977
1100
10200
1300
708
20200
2300
990
2600
1300
3200
1600
404
1400
1300
1100
1100
874
321
624
2200
4100
4000
7500
2000
1100
1100
3800
1600
10000
774
5400
1500
2000
980
950
2900
4800
1200
5300
852
1400
1100
412
2600
862
1900
720
1100
9000
1600
606
3600
2800
1100
1300
1900
2200
3000
8200
955
1800
927
879
780
793
560
47800
4200
1600
1600
474
1700
59400
720
1600
874
1300
1500
1200
639
1200
3500
642
3100
753
614
1500
986
896
7100
1700
557
2600
1200
6900
5100
6900
14700
1600
1900
2000
1100
42300
1300
5500
508
28200
1700
35400
2100
1800
2000
2000
1200
11000
516
3900
3100
1400
1900
1400
4000
811
1500
988
826
874
477
3100
1500
2000
53100
1200
2200
12000
1100
697
424
6400
990
718
1400
888
1300
1800
1600
5800
3100
1500
1200
1300
844
1000
2200
1000
502
2100
3100
568
696
790
900
2900
990
827
620
1300
1300
1200
910
623
2800
1100
911
26800
495
2100
904
6100
3700
272
860
3600
979
871
3900
1200
1200
1200
3500
991
1100
11000
2600
1200
78600
45100
5800
808
489
741
3500
1200
1100
934
864
722
26400
4000
1200
1200
819
1900
2200
1400
41600
1900
1600
1400
5900
608
428
723
472
1000
407
591
30000
1000
908
720
95300
11200
2100
2800
1500
5100
2300
14500
3700
1400
958
1200
2700
936
4100
504
1100
1500
4200
726
1700
384
5800
1500
808
13800
884
7700
1600
4
1200
760
669
1200
27500
1800
708
2400
7700
2200
1900
2700
2300
1500
1300
1400
1200
1100
3300
464
2500
3300
832
772
1900
1400
1700
6200
5600
4200
1300
485
1300
942
24800
1500
922
1700
1100
1000
5300
1500
1100
922
1100
15800
1700
88
1100
1100
1100
915
2100
1600
6100
865
1800
1800
812
1600
814
2100
1800
1700
2400
1200
1900
1300
6000
15000
873
2500
1000
1000
1600
4100
1100
587
1600
19500
3500
5100
938
956
1500
677
1100
1500
622
864
1700
886
2900
985
722
3500
1000
2300
778
458
922
465
1800
3000
1200
984
1800
755
1000
1000
1000
713
3200
1400
8700
2200
1000
1200
1500
1200
869
818
18800
4000
56900
2100
806
2200
900
3100
1000
51900
1100
2300
1100
2600
591
908
715
1100
4800
2400
1600
956
1500
6400
537
889
1100
906
2500
409
1700
1400
785
1300
838
1300
1100
9100
1000
469
6300
3000
3100
8200
3500
18200
669
867
20600
10400
2200
3500
891
845
947
1200
691
2100
2100
1800
699
757
1900
358
1600
1600
2100
1800
1000
564
816
2900
1300
1800
873
2000
992
9100
955
732
589
1300
1000
1300
15000
939
1700
105400
592
698
2000
8000
2000
42400
1300
1000
864
3300
846
1000
1200
1400
926
8300
1800
4000
555
3400
907
1700
2500
975
899
14900
1100
1300
1300
200
6000
12700
672
1200
2200
3600
2100
714
1600
1800
990
1700
2200
959
10300
1400
2400
7400
878
2000
3100
707
3600
237
797
8400
869
1100
1800
7400
807
957
1200
980
1500
2200
2400
675
2200
849
2200
829
7200
10600
4000
15700
3200
1900
2800
593
6600
1500
1600
682
1400
3800
1600
737
1100
941
2100
2800
913
3300
2000
864
2000
1800
884
908
815
821
2000
3000
1300
1700
1800
981
3600
258
1100
1400
802
678
2300
1300
874
633
2000
1000
992
834
1100
1600
994
548
1400
1400
1100
467
9800
848
1300
2100
2500
2300
2300
807
1000
1000
1200
716
2000
963
1700
644
2000
809
903
1300
537
870
4300
786
1800
914
3900
11700
844
934
2000
857
900
11200
463
2700
1100
783
775
783
3600
2000
1600
840
1400
1600
681
104100
3900
3100
1000
1400
3600
7300
1200
261
4100
4600
738
1700
861
3000
729
10100
1200
1200
5000
1200
1900
863
572
900
4900
678
2200
971
2400
710
1400
498
710
20700
791
598
1100
1700
943
2200
1700
1900
1100
1200
1300
14800
1600
2700
1000
2900
774
2100
2200
24800
2100
1700
848
582
699
1100
917
1600
2100
1600
10300
1100
1100
1500
7800
4000
3000
1500
1000
700
5100
1900
768
3000
3800
981
671
2000
1300
606
5000
1300
4100
817
1000
1900
1300
2200
1100
1000
957
1100
1200
2100
2500
30900
1200
1800
3200
6900
2800
2800
2400
525
2200
3000
2800
1100
823
557
822
854
3100
2900
10500
717
10100
4100
4600
1300
5000
2500
9200
916
11300
1200
2600
1500
3700
1700
527
1500
1100
1300
1200
442
1200
1900
19800
1100
1700
850
2700
1200
1400
3300
8500
1300
5
1600
984
858
1100
5300
1500
1200
1500
2800
1300
1500
615
11700
4400
1100
776
1000
695
6500
18100
1400
3500
1700
989
917
1700
3500
5400
4600
1800
3000
1500
944
2100
22300
653
1100
8400
1000
1500
2500
497
3500
899
1600
994
586
4400
1900
1500
2900
3400
1400
2300
932
4200
1800
744
991
687
969
787
978
399
3700
804
1800
569
4200
1100
613
3400
1000
875
4100
2600
3300
2500
1200
755
1500
9100
1100
902
3900
1100
5600
1400
9000
8400
3500
1200
1400
1200
903
3100
1400
9000
1900
694
1300
1700
783
1600
686
1500
864
1200
2600
674
3600
913
7400
1200
1800
720
6200
3400
2100
913
4200
8400
1100
2100
1300
6700
1700
966
4200
1400
787
1500
3000
2600
2900
643
1200
24200
823
1800
6300
1200
650
3500
1300
5700
872
1200
2500
4500
1800
2100
2200
1400
8500
718
920
1000
3100
683
874
1800
704
862
2100
3800
2900
878
799
750
1100
3300
862
4700
3100
885
760
1300
18200
377
943
1600
846
1000
2200
1500
1300
1300
1200
4800
879
17000
701
5600
679
3000
5800
5900
2000
4600
2200
2000
930
969
1100
640
3300
2000
2200
653
3600
3000
554
1300
1200
4200
7800
3800
5800
2800
4800
1100
3700
3300
4200
1700
1000
776
1600
1200
588
1600
325
1200
1700
1000
2100
