1600
1600
2500
1400
744
1500
859
686
31600
826
6200
935
1100
645
2100
1500
950
1200
2700
2900
3400
2200
831
606
3300
724
2100
573
932
575
1200
966
11300
1500
2700
5300
1500
1800
884
3400
582
3700
1100
1600
820
1000
1200
3200
915
5000
736
1700
5100
48100
753
1600
896
465
7800
1000
1200
627
3000
1300
455
3300
2900
859
1100
751
1600
468
1400
2800
12400
1200
2000
1300
2500
1500
1800
1000
2800
2800
37300
1300
6000
8100
3800
1000
2400
812
621
3000
1900
1000
1000
1300
3100
771
659
64599
7200
1000
1800
1600
974
646
1200
1500
3500
965
1300
26400
787
393
776
903
3600
2700
930
727
960
3900
1700
1200
2000
29700
1300
8100
850
1900
2000
3600
11900
12200
722
590
1200
1000
561
1200
2800
1000
25200
720
878
3200
3100
8500
8200
1000
1000
832
659
1400
505
2300
1100
507
1700
1200
20000
1100
983
6600
1500
598
4100
2300
2500
843
5200
1800
2300
1600
1000
1500
1100
2900
2900
1400
1500
2100
1200
5600
2100
1300
2000
949
4600
1400
1800
905
1300
812
1200
673
3600
821
1100
1500
7800
996
3700
940
791
1200
846
2500
1200
1900
995
897
1700
1100
1100
780
1300
902
1100
2000
9100
685
2400
4500
754
1900
5400
3200
1600
2000
707
1300
2800
836
1300
3500
14700
9400
1200
957
896
690
841
953
1200
1100
784
6600
6200
2800
3000
1400
1700
1300
1500
574
10200
1500
115
1000
1600
1100
775
2400
4200
653
3000
1500
1300
636
4100
3100
1400
1900
1600
724
1200
18200
2000
1000
1800
781
7600
2100
1200
3300
1000
2600
1500
1900
2700
1000
753
2700
2100
1200
1800
961
4400
1600
3100
1100
627
1200
1100
1100
671
1400
2600
6300
827
1100
942
13300
942
5900
1100
1300
1300
1600
1700
760
739
1700
986
743
13400
1900
3600
6700
1000
6900
5800
1200
419
1700
881
753
1200
788
4200
1900
1300
2300
4800
7500
452
498
1400
1800
6100
3100
1600
1000
7000
2400
1500
938
2000
990
3700
732
3600
1200
1300
1500
1700
930
19100
1000
2100
1100
1600
1400
1200
1700
2200
4500
973
1900
564
1200
1300
722
1200
690
9200
1200
16900
1100
1100
549
2400
4300
2500
1700
699
1700
1500
1300
1100
1800
853
2800
22300
2100
14600
1800
2200
51000
1700
828
3000
625
1100
375
897
1100
1100
1300
722
1400
3400
3600
2100
761
717
1400
1000
1300
88
403
2300
2000
1600
797
26700
4600
1100
2000
1500
973
2600
842
741
12300
9000
1400
10000
798
1300
881
1800
7600
1100
684
1100
1300
756
1300
739
5800
930
1600
637
1800
1200
2600
2800
5500
740
803
1200
1300
1700
6900
3900
1000
1100
874
2400
2700
1600
122800
1100
1700
1200
1000
1400
1300
2300
3300
832
627
1100
834
1700
1700
2100
1100
386
3100
2700
2600
706
640
781
1600
2400
2100
3800
903
1700
1900
971
1100
1300
816
1500
1000
1800
472
985
4900
790
2900
597
1000
1200
1100
1500
3100
780
10500
4800
732
3300
823
1700
47
842
2100
2300
1300
3700
1300
409
1700
1100
1900
2000
2500
1200
17800
1100
811
1300
1600
6800
776
3300
2000
7800
1200
1800
31900
1900
4400
8600
1000
793
3000
1100
1500
1200
4100
12200
569
493
2000
6000
900
1100
9800
2600
1000
8000
1800
767
2200
810
10500
5700
641
1700
1200
2100
1600
2900
1900
510
1200
3700
1500
3800
724
1700
716
7100
5200
4500
806
1200
4500
878
3300
1400
620
1100
3300
975
1800
913
779
2400
22500
4400
850
1800
1300
438
946
4200
12800
4400
2700
1300
1600
594
3000
842
941
1800
1100
2100
845
1500
745
850
4800
880
3100
3100
2600
1100
1100
1100
5200
2200
5900
1700
1500
18000
20500
2200
1400
15400
1700
1100
790
1400
2900
786
2100
3100
881
2100
8700
639
822
1200
4500
1700
2400
1000
9300
1800
2400
1300
3800
1100
2300
1300
924
532
2400
488
782
57600
1300
556
2000
831
7000
4800
1200
1000
1900
2600
855
710
3800
4500
735
773
431
1400
1100
4900
1200
1500
1500
1600
1500
2100
1200
1400
1400
1300
982
4100
1100
12800
424
697
7400
822
1100
1700
1800
1100
5100
5300
1300
1400
1900
3300
6300
666
4400
6500
982
3300
705
3600
968
2200
2500
548
5700
968
850
6300
4100
3000
4600
4200
842
1000
1100
3600
636
816
629
2000
25000
708
1900
1200
3000
4500
1000
3500
1700
1200
6300
701
1400
1400
14600
6400
1400
1200
1400
717
2500
2900
7200
1100
1300
3900
1100
8300
2300
1700
1200
2000
818
3000
887
815
992
4400
437
2900
2300
1400
7300
461
7900
1100
1200
937
969
1600
945
1600
1400
1800
2300
1600
1200
1000
1400
7800
907
1800
1100
10600
821
711
835
1200
2400
1300
2300
780
1300
633
731
4700
3700
1300
946
1600
3400
1000
3800
775
1300
1500
2900
855
1700
877
1600
5400
711
1600
1000
2300
1800
4600
2100
32800
4900
2700
1200
7300
733
2500
2100
4600
1900
1200
1500
883
1100
3100
1200
1700
1300
9900
2100
342
606
26800
1200
1400
1500
1300
1200
9500
1100
1700
5500
2900
3300
2300
4600
1800
1700
764
1000
2100
1500
3200
767
2800
8600
1400
8300
474
1100
3000
456
1500
6500
1200
1500
968
1200
882
3700
5800
1600
1700
1500
1200
2100
1200
57500
3700
2000
1400
11100
220
808
1100
7500
2100
2800
1400
697
6100
518
1500
4100
8600
1300
1100
841
14900
672
5700
2100
4700
1300
7500
1500
1400
1200
1200
5700
550
1500
11700
755
952
1000
1000
1000
1300
1700
588
1700
913
1300
2100
1200
1800
6500
1900
862
1300
1100
4700
720
5600
775
2300
934
5600
130
3600
1400
1600
2500
3700
7600
790
2400
860
845
6500
6600
16800
1400
777
2200
409
793
2300
988
770
621
6700
8300
1300
934
3000
821
7100
2400
1000
809
1000
603
1100
3800
1300
1200
845
287
1100
1600
1000
105400
4600
544
5400
12800
2000
918
3300
1800
690
7000
1500
920
758
1400
2800
1400
895
2200
1100
832
3300
9000
1200
5200
1700
871
1500
956
1300
4000
2700
950
1800
1600
2300
1700
710
8200
1000
2000
1000
4000
1800
1100
12000
807
1600
926
1000
669
3100
3800
623
832
2400
1300
1200
1600
1500
1800
6400
998
2800
1200
5100
1000
69000
3300
2000
1100
1400
1700
1700
492
2600
1500
1600
606
1400
871
658
957
2600
1900
1200
1100
3000
12900
2200
923
847
1100
3900
2800
626
5200
1200
1600
923
2200
4100
2500
2600
1100
844
5600
506
1200
1700
2600
2600
1100
2200
1100
1000
512
729
2300
1600
2200
2300
2000
1400
1000
1400
942
830
925
6400
86300
643
1900
1900
3000
1700
792
6900
921
5300
1600
1700
1200
822
8200
755
1100
8500
4500
3500
722
3800
763
543
1100
1000
6500
606
2200
6100
935
3200
2800
582
3300
1800
1100
1000
853
1400
1200
1700
2800
6500
2200
755
3100
656
970
982
2200
7400
1300
3200
704
1200
1200
1200
1800
857
1700
1100
2700
1200
889
1200
1300
604
2300
1300
1200
2400
1500
3800
991
3000
7600
1400
2000
1200
19100
2200
7400
782
1100
1800
4700
6800
1700
1800
3600
4200
1000
583
3500
1200
3800
2300
3100
898
871
12700
1300
1100
993
1200
2400
784
4700
1200
709
805
2900
763
11500
6200
801
754
1500
1200
11800
1700
1000
1700
4900
11700
678
1900
1300
1200
3700
461
602
123
2500
2200
53200
1400
829
3900
2100
205600
8200
3000
833
1800
926
1100
1800
803
1600
4100
980
1200
786
1400
1300
10100
1300
823
1200
566
781
877
1200
23600
1600
1900
645
901
1200
15400
1100
908
965
861
1000
388
1200
6600
3000
8700
450
1000
739
3500
1600
1600
729
987
1900
2800
2000
11800
954
2800
992
2900
350
1200
984
1500
698
721
1100
610
1900
1100
626
1500
928
3900
838
681
1800
2500
16500
1200
689
868
1700
1300
637
1000
6300
3800
754
773
14400
1200
2100
2000
1700
1400
1400
649
5000
1300
16100
1500
5300
6900
964
2900
5100
1800
1000
687
2600
4000
3300
7700
4600
7900
1500
2100
1400
1100
6400
774
479
4900
750
640
485
15700
1000
14400
21200
3500
793
2800
2000
2400
2900
1100
529
842
503
591
16600
1200
918
3500
1900
939
2600
727
1100
1700
1800
6000
811
1100
1800
5000
3200
1000
2900
1500
672
5200
9000
2000
1100
46600
2500
2900
1400
1400
2500
1200
670
581
1600
1900
23700
925
3900
5500
732
1700
1300
1000
6900
4400
745
754
7800
1900
1500
2000
1300
2100
995
20800
2500
484
2400
1000
1300
7200
1100
1400
3800
881
1000
1400
13400
1300
7600
1400
650
24900
7000
1400
1100
1500
1300
1700
1200
885
16300
1500
815
5700
552
1400
649
839
633
1600
1700
10900
986
1300
5400
4000
753
875
2700
702
8600
48
1800
1600
5300
3000
925
1900
2900
463
497
459
18600
687
3100
4200
1200
822
2800
1400
1000
803
3000
739
591
668
1100
814
810
1200
593
3500
1700
6000
1500
1100
1500
836
4200
2200
2300
1500
7700
733
5600
878
750
799
620
7100
2100
3500
1000
1600
745
7300
3200
877
1100
6800
542
1600
739
842
648
1100
429
2100
428
7300
2000
1600
1000
1300
3100
2900
1100
1500
1200
1600
2300
6100
1400
7500
698
3800
877
454
1100
1200
4700
627
991
853
1800
1500
4700
930
507
1100
5700
3000
352
6500
1500
1100
7600
6200
2600
868
1500
1200
1800
5800
575
618
1900
813
4300
813
1400
986
2700
3500
1100
626
1100
671
1600
821
791
1200
973
2000
2300
4500
1000
1300
1200
678
3500
2300
566
899
1200
2500
7600
224
4600
1200
1900
266
1800
1500
1200
1100
5700
4300
7900
4000
842
1300
4300
1200
904
1600
4700
45
1600
1200
2000
538
2200
4200
1100
2000
657
1300
1000
1400
37200
1800
1700
1300
3900
1200
2800
1200
3700
854
1200
18800
1800
1800
1100
895
859
1400
6000
2300
441
121
1700
885
5200
417
3500
2100
747
1600
3500
4500
895
4600
554
3500
1200
2800
1200
959
950
752
2800
5400
1200
511
1400
1400
5700
3900
1600
16000
6600
815
2300
3500
1600
752
1500
818
9000
728
944
1200
4700
669
1900
1400
4300
1100
1000
982
2100
949
1400
856
852
1800
23200
1200
1900
724
887
1700
23800
1500
2200
2800
1100
2800
872
19300
370
802
3800
3100
3400
1900
5300
1000
1400
817
4900
646
1600
2300
1200
9200
996
643
713
2800
31300
5200
1500
842
3800
886
1200
3100
631
2900
1800
783
1200
626
664
5900
2600
1000
1200
1400
843
599
11800
2500
23300
3600
1000
2400
3500
761
706
3100
4700
845
1600
536
587
4400
2400
8300
830
539
3100
1100
1300
3600
790
1900
508
798
1600
976
766
3700
2900
3300
8700
788
2400
7700
522
690
839
3800
1900
2100
1600
3000
2200
659
1300
642
13700
12000
1500
533
951
3000
128
7100
2400
571
1900
2000
5600
3400
3400
1200
450
1200
890
678
1800
1100
1500
4700
343
1000
822
833
4200
1100
3200
1100
1500
10500
2800
726
9500
4700
1100
1200
568
993
1200
2600
5500
3300
576
1700
3700
877
3400
1600
508
1300
1900
823
1600
12500
876
1400
1200
2300
1000
826
3700
811
566
802
1400
3800
819
500
12300
6200
741
1800
18300
918
1100
2100
2800
1300
2000
53000
2200
1100
650
14300
1400
873
2200
621
3500
1700
712
3200
1500
942
4500
828
4700
1300
10100
3300
2900
746
1200
621
1400
1200
940
2400
827
939
1100
14900
4500
864
3100
1800
3700
3200
1400
7300
928
2700
2500
1300
1100
433
1800
2700
956
816
6900
545
399
2000
941
1400
17400
1300
4000
590
946
7400
500
1100
6700
342
3200
1300
1300
1200
910
472
1800
590
978
1000
1100
827
1900
1000
1100
1400
47100
541
1900
1300
1700
1200
1500
835
2300
1600
1600
1000
1200
2500
1300
1100
791
2200
1400
528
484
591
1000
1200
807
2100
1100
2500
1600
791
4700
606
4900
804
1300
916
2700
2400
2000
1300
14900
3000
1900
15000
1000
1100
510
1400
6300
1600
1100
2400
2000
2000
6200
3800
938
2100
4900
972
1300
746
917
539
3500
1600
602
2100
634
2800
16200
975
1000
4700
1200
1400
3900
262
548
6400
5000
879
1100
816
1200
1100
3600
1100
1400
780
8000
4500
3500
3500
1400
3000
789
1400
1200
1200
4900
434
2700
877
1200
1900
1000
2100
1500
781
1800
834
3100
1000
670
15700
2600
1400
1300
793
1000
3700
736
1000
1600
9000
1100
2000
477
9700
1900
7600
1900
930
1900
2700
718
1100
833
910
4100
1700
894
560
17900
1100
1300
651
874
1800
1100
24400
2700
820
988
2100
707
475
6100
26300
1600
11500
925
10000
3400
3000
4100
3400
732
3000
5900
16900
976
3400
1100
3300
3900
479
837
734
709
1300
2000
1500
964
994
1900
2200
6400
1000
2300
3800
1600
2000
2000
960
2100
2900
2000
811
1900
1000
1700
1100
5400
1300
538
1100
1000
1400
676
1600
777
2700
885
1900
6700
523
782
3300
1200
3800
30300
2500
714
1600
1000
2000
1300
2100
5100
3000
1300
2100
3700
913
3400
1100
1200
427
843
3500
478
775
1100
1000
1500
1900
2700
10900
2100
28600
1400
1400
2500
1200
5900
2500
1800
1500
769
2500
3200
664
2300
2400
841
1600
701
1000
1300
846
1100
877
746
24900
885
4900
769
767
2200
924
1800
803
2000
1700
3700
2900
1200
655
2100
800
1100
613
1900
1300
1700
2100
858
1900
6200
1000
850
19500
836
5300
616
675
3300
16700
752
2300
1800
1300
754
3000
3800
990
493
2000
2600
341
2600
811
1200
1100
4800
863
8000
895
1100
1400
1200
1300
21000
1100
1500
822
1200
2500
7900
2500
969
1700
1200
1500
1700
2000
15000
579
2900
1500
701
866
1400
2000
665
1600
1500
800
3900
3800
704
3300
7400
2300
1200
1100
3200
1100
1800
5400
750
742
1500
2500
1200
1400
880
677
1200
3900
983
1900
1600
1200
2100
1700
4700
2700
1500
3200
720
1500
10800
918
1600
1000
6500
712
888
3500
1800
1000
1700
17800
638
1500
1000
1200
906
769
6600
16600
686
757
9800
884
976
1600
1300
1200
858
10100
1400
1600
1200
2900
1500
1400
1200
2100
629
917
1200
4400
612
547
629
25500
1600
1700
2000
1900
1100
7800
696
827
1700
1500
714
4000
891
2100
20700
547
688
1300
964
591
1200
2800
1000
473
2900
683
1100
1600
2800
2400
633
18300
2100
2000
452
2300
2200
1000
2500
1700
4000
2300
2300
774
2100
885
1900
6600
991
2300
715
640
4000
11700
1500
1300
1200
746
2200
1200
1400
708
6500
2100
2100
1500
6200
1100
1500
661
914
1200
1600
654
1300
1500
1700
1200
980
886
2900
1100
1300
1700
990
26500
746
1300
14400
3600
1300
813
789
1400
20500
1000
1300
899
993
1200
2700
1100
1500
1300
2300
2200
500
360
1300
1500
1100
1200
8000
1400
996
755
558
3300
1600
1400
938
1800
629
2000
1700
911
705
682
620
2600
2300
3500
2400
5000
5000
769
742
2700
913
712
1200
1900
999
6500
2100
2000
5400
3100
8400
5200
3300
7400
887
1800
1800
665
952
4200
12700
723
4300
1700
989
835
1900
58100
1100
4100
1100
3800
1300
1200
1600
2000
1900
1000
1000
1400
641
1100
5000
7800
4400
1300
733
2000
1200
20200
898
1600
698
1900
1200
824
531
1300
2500
687
1400
782
11900
540
3300
1500
4700
3500
1400
676
1800
2500
1700
4200
25000
2200
2500
1300
1200
2300
2600
3300
1300
401
716
885
1500
915
2000
2500
888
955
1600
623
6900
805
1500
4200
1700
770
3400
2500
5700
1400
1000
10100
5200
727
1400
3700
890
1200
1500
1300
587
1200
3000
1200
5000
1900
1300
2600
744
5700
2900
852
2400
2800
2600
699
1300
1100
2900
711
1900
4400
1200
977
50200
3500
1100
258
884
17400
1100
736
779
5600
934
540
3200
1400
1400
2200
876
1600
8600
2900
1500
2200
859
10100
995
1100
1900
4700
84
1300
1500
808
914
855
7600
1000
2000
921
2000
4100
1200
1200
21900
11900
829
891
1800
870
2000
683
1200
2100
2900
1900
1900
852
929
1600
1600
1600
613
5200
5700
753
1900
1800
1600
2100
2700
865
818
5700
712
1200
6400
18200
3400
1000
2700
3100
1500
1500
1400
1100
665
865
1500
3600
1000
791
1200
1100
701
969
1500
2200
18700
1900
3300
3700
1400
485
1900
2500
4400
22100
2400
1100
598
827
377
994
1200
1300
927
1600
1100
1000
3700
975
6400
1000
875
2800
1600
773
857
757
2900
1800
4800
2200
466
1800
903
762
436
17500
1100
580
908
742
936
601
2800
1100
5200
3500
2300
1200
804
2500
3300
1100
3300
1000
6600
1400
1100
12200
2000
3600
2200
13400
1000
17900
1100
27400
1100
899
5300
854
1400
839
4400
963
5500
710
2600
1300
515
1400
1100
910
1200
792
1800
2600
747
971
700
883
2500
837
549
3700
3100
6000
81200
1700
1700
1600
1700
1900
1100
4400
900
668
1500
1100
12700
787
2000
1900
23200
4900
686
823
1100
1100
1100
4100
1700
1700
1800
1700
379
3100
1200
620
2500
602
3600
1800
3200
1300
4000
10000
2200
912
751
1000
2700
2800
1800
1100
1500
1200
1300
12400
6200
2600
1100
1100
2000
4500
3500
1900
1000
707
1900
2900
859
1800
2200
975
2200
1800
1000
647
1500
748
1800
1400
998
806
2000
1200
4600
2300
962
5300
4300
9000
6500
6000
1300
1000
1400
619
1200
1600
1100
552
839
4200
698
1600
2500
12800
1500
1500
366
2100
1400
755
250
380
1400
2400
382
846
534
2000
1800
1100
1900
2300
3700
1700
1600
4800
1100
911
1400
1100
1600
1100
42200
738
734
1800
622
4600
808
1100
393
1400
1300
1300
672
1800
1600
1800
511
4000
758
1300
905
1500
3300
753
891
102200
2100
988
3300
869
1400
27500
3600
838
35
934
1600
2300
984
693
550
1300
775
1900
884
1100
4000
1500
1800
763
695
813
1400
779
874
9400
1900
1600
706
1200
2100
1600
901
1400
2600
553
693
862
611
1100
1200
2100
574
2200
1200
1300
1300
684
896
10700
412
4500
7400
776
1400
3200
3800
567
1300
919
1500
2000
1200
3000
2000
25900
1600
989
748
6700
5200
3000
783
866
2400
4000
636
1400
901
13400
2000
920
3000
2500
2200
868
903
1900
1100
1100
4600
782
1100
8700
1400
1100
6900
1800
866
4500
816
997
1900
836
1400
1100
2200
1400
865
1100
1200
3900
1400
2500
1900
340
996
689
1700
845
1900
1400
2200
16100
18500
1200
140
1200
1400
3600
11500
9600
870
813
1500
30900
1900
4400
1100
831
2800
3600
2100
880
4600
778
1200
3200
1900
4200
712
1100
1300
1800
1200
2000
1100
1100
476
2400
1300
1200
1300
3400
1600
1500
923
1200
23500
959
361
428
905
1900
7600
2500
3200
6700
674
2500
6000
956
2000
16800
8900
1300
6100
774
9600
857
731
448
1500
1500
3800
1100
1400
962
821
5600
643
656
11900
806
3400
6600
1700
752
2200
158
1400
2000
7400
788
1500
5100
1500
384
3400
1400
1500
1600
3000
3600
1100
902
804
787
161600
1200
1800
2500
1100
6300
2300
1700
1100
2700
1400
6500
25300
2200
1300
4700
1100
4300
2200
1100
2100
1800
3600
970
2200
776
2900
861
27700
1100
5100
1300
1800
3500
10400
3100
1200
1100
984
2000
815
7000
1500
14900
810
1700
1300
913
1700
853
2100
1400
2300
2900
1200
11800
1400
1300
1200
5200
878
909
1000
1300
2000
9400
1000
876
1400
700
1000
950
3000
1500
1300
1200
1700
1700
594
962
3900
2000
798
1400
909
2100
158
887
1900
670
787
1600
1000
1400
2400
772
925
1600
1000
2100
927
2100
2000
1900
717
1600
1300
888
2000
1300
1300
976
1200
2100
860
691
1400
13100
1300
869
1300
17900
2400
6300
5100
2500
991
8800
1800
109
3700
560
871
1400
1300
923
2400
1900
9300
1000
1200
1900
5200
5600
1900
7600
819
53800
665
455
1100
3600
768
640
1100
2500
920
402
3200
994
2600
824
10200
1500
3100
596
812
2200
1100
5900
1600
1200
1500
1500
3200
1900
1100
16600
15700
688
811
646
755
952
2300
1800
4600
1300
1900
1400
501
528
3800
650
2000
1100
1600
971
1400
1300
1200
1600
2500
1200
1400
7900
914
1200
2000
1300
817
1300
761
1000
478
1500
1400
1700
3100
846
1100
705
57
836
832
2600
823
4100
1600
1200
708
1300
1200
890
1300
3600
5000
2400
1300
13400
640
1100
638
1600
3300
1300
1600
940
1700
16200
1300
1100
4800
6800
8800
3700
1700
1200
2000
1300
3300
675
14900
1300
4900
785
482
734
416
9400
1100
375
2000
1700
596
1100
1300
1500
2800
972
11800
1000
1000
31300
2600
1200
1200
2700
772
653
1400
1900
306100
562
692
1400
2400
6800
732
12800
6400
1700
3100
2600
743
571
477
497
1700
3100
3000
2600
1200
1400
1200
1600
2900
983
999
4500
1400
1500
4000
11100
718
9800
1700
1200
4600
941
1800
731
3500
1200
826
4800
589
33100
618
1700
6600
9700
873
1100
1500
1100
986
3000
1000
471
2900
2400
1400
1100
863
1100
1900
6000
577
2100
1800
1700
775
5800
49
1700
2900
1300
828
8400
783
1400
542
1300
3700
1400
4900
913
723
964
1400
1800
2800
641
1100
2600
1400
1300
1300
5700
923
1000
1100
535
871
1800
16200
1400
755
935
2200
17800
1600
822
2900
1500
1800
2000
982
2600
983
1300
2700
806
1700
1100
15100
1400
1100
1700
959
4500
1700
793
2700
573
1200
587
2000
1400
797
2700
2800
1800
8300
2600
4000
1400
1500
1300
1400
1800
590
2400
5900
17900
12000
1200
730
2100
1000
1500
1000
9600
3500
893
4700
1500
1300
4600
1300
1600
595
1000
5900
834
898
34800
1200
3100
1400
144900
12400
1500
1300
627
1300
1500
817
14300
2300
16300
648
1000
979
1100
4700
905
1200
1500
1400
1200
779
1400
1100
5300
3100
3400
1100
931
2200
1900
2400
615
4300
909
590
501
2100
1100
1900
958
44700
1300
1900
981
2700
1000
9100
1400
878
805
859
818
1400
644
984
2500
823
1400
576
4800
1100
833
730
2000
821
765
1500
641
853
3500
4900
2600
1200
1300
1100
2900
9200
1200
740
1100
4300
3800
959
4200
805
1100
812
1700
1300
65300
7400
1200
684
1400
1000
992
4400
3000
837
1800
9800
440
313
66
891
1500
1700
874
1200
42300
1500
4100
812
27700
11300
1800
670
2900
1100
1500
913
4300
2100
3000
9400
1100
5800
8800
2100
8100
1300
597
2200
1600
3900
5000
885
5100
12900
736
16900
927
536
3000
1600
576
646
873
2100
1300
5900
888
845
980
1800
1000
2400
1700
917
1000
840
1400
3000
1200
703
1100
322
1100
1400
1300
1300
1400
2000
3500
1500
2100
1300
807
1700
11100
1900
1500
2000
1100
1100
911
702
3300
1900
1600
3100
1700
723
955
1400
2700
778
2700
811
1400
1900
2200
799
4700
1300
913
1200
1500
3900
1600
754
3400
4800
3100
4200
1600
1500
3200
806
8700
2100
1100
3300
1200
1100
901
1900
13700
7400
1900
593
3100
782
1300
905
2700
2500
690400
866
1900
7700
1400
925
681
2300
605
6100
925
865
525
15100
1100
1700
29300
3900
648
812
2300
3500
7600
5800
1100
1000
11600
1100
1600
2100
3400
2100
823
3000
854
1200
1400
2200
13500
5200
11300
2500
1800
981
814
9800
1500
674
1100
4600
2200
868
6700
916
1500
1300
1500
1100
1600
1200
1500
1900
558
1500
1200
8800
1200
977
6900
1400
741
3900
8300
4500
1200
902
1200
1200
720
4600
1100
903
5000
3300
736
7400
849
450
1800
805
2200
2700
1200
3500
651
1800
1200
35100
5900
1300
2500
924
1700
1100
3900
687
850
1200
1500
5100
1600
31300
1400
1000
1600
1900
846
1200
788
1300
2100
859
16300
1700
6500
2500
4200
1500
1600
1300
1600
10500
1300
9200
446
707
1000
1500
1200
784
1400
1200
5300
693
790
6800
987
798
693
4800
898
4300
2000
2300
1300
3200
925
24400
2500
952
2000
642
6300
1700
1500
1300
1100
1100
354
7800
1400
681
3100
898
12300
3400
552
3200
895
2200
970
1100
1600
981
4700
4800
1400
11000
619
1400
834
1400
1500
4600
940
3700
2400
890
674
20600
2000
1100
1300
873
4400
682
6000
1200
885
4000
1300
936
1900
1000
12900
1900
955
821
1200
939
836
1200
10400
1900
1400
1800
3900
791
1600
3900
1000
964
5000
318
860
758
1400
1600
884
2100
2600
799
2800
1200
597
2100
1500
4600
13300
747
543
5500
652
613
859
980
537
933
1800
24800
2600
777
643
1400
1000
1300
1400
393
648
700
2100
950
1600
964
897
1900
1200
2000
2500
737
3400
44700
728
1300
7900
1100
2800
1300
8000
958
1900
4000
5100
5700
4700
3900
693
1700
1200
510
2700
1400
1400
881
508
7800
2500
480
910
5600
3100
9200
2500
838
1500
2600
3700
4900
917
4600
4700
744
1100
1800
3200
6600
1500
1200
55600
3300
2000
1000
3600
1300
1700
9500
2100
856
2500
703
3000
746
2800
1800
701
972
928
1900
640
673
1200
2600
1400
1000
1100
2400
1200
2700
1200
525
1000
485
1300
14800
5700
1900
711
2500
2500
878
1400
1000
907
647
988
19700
1300
1100
3100
4700
1700
1400
1000
10000
721
1700
717
1000
3700
881
6900
1400
1600
1400
348
642
3900
1900
763
1200
7900
2600
4300
1300
1500
4700
16200
1400
1900
750
5500
395
1800
1300
437
714
1500
2300
1200
808
1700
1200
3100
1700
800
2200
3500
7800
10400
830
1200
895
873
843
2400
3300
2900
6000
858
2900
3500
911
3700
1600
1400
7800
1500
1000
429
1500
3400
1100
5600
1900
2400
9900
925
5700
1800
1500
1600
2200
1100
2200
2300
5500
5300
11500
1300
4500
1500
1500
693
1200
27900
952
1800
1600
1100
1000
1800
687
1100
1100
1200
775
2500
8100
1000
1600
47400
14500
1200
916
3900
447
3400
5500
4200
2300
1800
1300
2700
1400
1400
1100
1400
7100
1400
6500
1600
3700
1800
4800
1600
5100
1500
1700
1200
3200
937
707
775
3700
3400
8500
1100
3800
882
951
1200
2700
587
762
3400
1300
815
926
653
7400
1400
2800
4600
775
1100
8400
2100
1300
1900
1300
846
1100
753
11400
4400
563
18800
986
903
1300
885
1000
74300
1000
2300
837
934
7900
34600
2500
916
1300
1100
456
855
1100
1100
608
2100
963
765
7000
1300
20200
1900
473
10800
2300
1600
6000
1300
2100
654
13300
45900
813
1100
1100
1200
5600
1200
2100
1900
918
1800
1500
11400
24500
827
1300
3400
2100
1000
9900
1000
2000
2700
4200
20100
5500
1300
3300
1700
3000
1400
887
1200
1100
1300
325
8700
2100
1300
2900
1800
659
3000
1500
898
735
498
1000
854
857
3900
2100
1700
1400
974
950
1500
666
848
1700
14200
1500
4600
1800
20300
1100
1000
1300
2200
1100
2900
1500
2100
710
1900
4900
720
5200
5500
746
2900
874
957
723
2400
1100
2200
1300
762
17600
1300
998
2200
18800
1400
1300
928
1100
1400
1200
1400
624
1400
7800
1900
2300
983
1600
989
3100
692
1700
590
1100
949
766
2800
689
1400
1400
1600
1600
1400
4800
1800
1900
2400
1200
1200
4900
2700
2200
860
2200
2000
2000
5800
897
829
1800
1600
635
29400
9500
992
705
1300
880
1400
1000
2100
1100
1300
1300
1300
685
2500
824
5700
3100
9200
1800
2900
1200
758
823
2800
1100
3800
1100
8400
657
667
1200
1100
1100
1400
889
1200
1300
1100
1200
1600
706
4200
2300
1300
847
5500
2900
1200
1300
2800
7400
1100
1400
2200
840
6200
1400
811
1100
1300
860
978
922
13800
1800
630
1600
1700
2000
17000
15000
4800
651
2100
877
2000
823
719
3900
13300
2900
1800
3400
2000
3400
517
1400
3600
2100
21000
1100
5900
4600
478
2000
1300
1100
3000
786
923
3500
3800
8300
1800
1100
11800
3800
725
823
910
1300
1700
3000
2000
8500
3900
739
668
890
484
1600
765
957
2000
1400
1200
4700
500
2800
964
34800
2700
722
1000
1200
2200
1500
1400
878
816
1000
900
1300
58400
1500
1200
548
1900
2700
3800
5000
1500
2500
6400
801
3600
1000
3400
1500
5000
1300
