3100
1500
653
786
2300
4200
1300
109100
1200
909
611
3100
3400
840
1800
3500
671
2600
4300
13700
869
3500
1900
2600
1400
2200
4400
947
1200
937
40600
3400
769
1700
16700
2800
1400
1500
750
1400
473
2400
1400
1600
62900
1000
574
663
1400
1100
1400
1800
50
2200
1600
2800
565
2700
1700
13600
1700
757
566
3200
555
798
1200
1200
2200
22300
1800
1300
1600
2500
1300
1200
6400
770
6500
5100
1700
1800
446
1100
3300
2000
8200
12300
808
983
10600
1100
544
975
917
1800
878
2000
51900
1500
779
1200
1100
9000
1500
5200
2000
6600
749
1100
1300
5700
649
10300
5400
2100
1600
12400
5300
1200
1500
994
609
2100
4900
2000
2700
2500
846
1000
856
1100
467
896
952
760
1400
1700
1400
549
17900
554
1100
1800
891
2700
1400
974
1600
62000
1100
558
716
874
1600
464
970
1100
1100
635
856
1200
931
2500
1900
1300
2600
3500
1800
44100
1400
1100
1400
1700
889
1200
3500
5000
965
753
806
1400
9000
2500
978
825
1600
3700
913
3800
1100
2900
11100
1700
1300
1100
1800
835
1300
9500
1200
1100
860
1100
1600
1200
2000
1500
1300
1100
1200
1600
17300
2700
5500
1200
2000
817
495
1700
942
1700
2300
1900
2000
4600
2900
1000
755
947
1900
1300
3900
1000
8700
2600
6000
7200
1100
816
4600
982
70
783
783
2500
436
1600
4200
1800
694
1600
1200
2600
2300
823
32000
2500
1300
953
1400
4000
892
1800
1100
7900
3500
537
4800
1100
3300
908
6400
1900
4400
678
1500
1400
2100
4600
1200
1400
774
1400
1200
13900
606
3500
1900
713
1400
1400
935
2300
2300
1200
1300
1400
977
1900
2900
1200
946
1700
776
2200
745
2200
538
1000
499
1300
4800
955
1300
5200
1000
1200
788
8100
3700
520
601
1400
861
2400
1800
10100
1500
3900
5200
1600
5000
1500
1000
1000
1200
2400
8000
936
939
1800
606
2300
4700
548
4400
4100
691
1000
2600
2400
1500
812
1100
1200
4500
1600
643
2500
1100
7900
988
858
2300
1900
1000
2400
809
5800
582
1200
6800
1700
2500
2300
1300
1100
15200
10000
659
4200
971
762
1400
1100
1300
5300
7600
1000
935
1500
2800
1200
1400
1300
2100
3200
587
1900
874
16300
645
1700
1100
1000
2200
5200
139500
905
1100
1000
1000
1600
936
824
8700
4700
432
6200
992
699
2400
24000
750
1500
5500
787
7100
980
992
6500
5700
1400
4100
2000
4800
691
1000
957
2700
608
709
34800
2200
12200
771
1100
1400
4300
1400
3100
2200
6200
1600
1700
1200
1100
2800
1100
10700
701
12800
2300
1400
20300
851
908
1200
680
2100
1200
1100
759
3200
925
1300
1300
1200
680
11300
1600
1300
1200
625
1000
1600
3100
760
1900
945
3900
2600
7900
815
1100
3900
1500
1200
2800
773
7200
853
595
857
1400
12800
20200
1100
8400
1600
3100
16300
822
545
974
2300
2400
1100
2800
1700
805
794
2700
4300
2400
8400
2300
808
645
568
1300
1200
2900
975
981
922
1900
823
2300
1100
717
968
1600
1200
968
1400
2100
2800
6000
2800
856
816
1500
1000
691
1400
1600
1200
3300
1600
1600
1100
1800
1700
1100
943
3400
1200
821
777
2100
2700
731
1300
1300
1700
4200
3900
7600
1700
3800
990
4100
834
925
4000
1300
10500
1100
2000
3600
1500
823
2700
19100
915
852
1300
1700
822
1400
573
6000
716
1100
4100
1100
5600
12100
1600
3300
6000
3600
1800
1100
238
3600
571
29400
530
1200
1200
47800
10200
12000
1000
955
16200
208300
5700
1000
1100
6200
1900
3900
1600
739
1300
1700
1700
1200
879
693
756
1000
14300
1500
2900
2200
2900
2500
753
1400
1500
2100
3800
988
2100
3100
8000
894
4100
1100
1300
3400
861
481
2000
13400
939
2800
2400
29800
1400
2100
790
6700
5500
1700
648
1600
1800
55600
1100
590
1400
25400
9200
3800
948
797
780
1900
1300
1900
1000
932
7800
656
729
995
1100
2200
1800
3700
830
1500
1500
3600
2100
979
2800
1400
592
4300
1200
793
36200
888
1300
573
932
3400
877
1100
1400
12900
16500
721
1200
499
818
867
622
1000
6700
2100
3400
1500
1800
740
1200
534
3400
7100
15000
436
1600
1100
824
642
638
1100
579
2700
9200
603
1800
1000
1900
818
656
1300
6500
9000
4900
1100
18300
620
5900
800
1500
1900
12400
976
875
3100
3200
1200
2600
975
2100
27500
11800
54200
9200
1200
1300
1300
2200
955
8600
985
1600
924
5700
1100
505
1100
7200
4200
2600
956
1200
718
679
731
922
2500
936
1100
729
2400
1800
1500
1800
7100
897
968
3300
2900
2300
667
1300
11400
1400
1100
2900
1400
2100
843
5300
729
967
5300
3200
1200
2700
798
970
452
843
1200
8400
1300
866
3900
6800
1200
3600
2200
1400
955
20700
977
2600
1100
1700
759
403
1900
1300
14700
2300
7400
737
1300
6300
1200
851
1500
1100
3900
14200
1100
949
8600
745
3300
5500
935
26900
2100
1900
703
14500
1700
6400
2700
555
741
5400
859
1300
5000
639
3400
1500
2000
1200
1000
1000
1200
2100
621
1500
2600
1300
1500
1200
3000
6100
2600
4500
504
1400
1300
1500
1500
5800
2600
109500
910
1100
997
1000
9500
1500
1100
503
2600
2100
221
2400
6800
1200
1100
4100
2500
11100
2400
9000
4400
1200
853
1900
1600
776
16100
1700
2700
2800
1900
2300
754
1300
257
1100
18600
2700
6300
1900
8300
9800
748
822
2900
2300
711
986
5900
1300
1400
1300
1100
23700
656
699
2500
1100
5400
1600
1000
5900
1500
2300
507
508
2800
1500
3000
1100
2400
760
4000
2400
452
707
1400
9100
2500
777
6400
881
2700
35100
639
2100
1000
891
2000
1100
953
1000
857
1400
1400
726
2500
8000
181
1100
1300
4400
752
2400
1200
768
1300
1400
1100
4000
19800
988
7800
618
1200
899
1300
836
846
750
768
568
2100
1000
3000
5000
11300
6800
2200
4500
1800
738
662
4600
3100
1300
942
1800
3600
1700
612
882
780
1100
823
2500
4700
797
1600
874
2000
1500
2200
1500
6400
2600
2200
2500
895
1200
2300
824
3700
1800
6200
706
2000
1900
874
1100
886
1400
915
1900
606
1300
902
1900
1400
776
933
17300
2500
3300
1400
2100
23000
814
613
2800
735
444
1700
699
518
4400
1300
1100
1400
6100
1300
852
1400
688
4400
4100
711
1400
2000
4500
985
7200
1100
726
1000
1500
874
1200
1300
2500
1300
1100
811
10300
823
8600
703
760
2200
904
733
551
1100
6200
771
1200
1100
982
996
2300
1000
1500
1200
3400
16900
852
803
1200
689
2900
1500
769
1000
1700
1100
1800
737
1600
3700
12700
831
1500
936
1100
868
2000
692
4300
874
1400
830
1400
200
1500
1000
1700
1600
1400
1100
910
1100
14900
5000
706
1300
920
6100
12700
2800
2200
1600
2100
989
2700
19200
1800
2500
955
12300
12600
3900
1500
663
817
966
224
10900
724
1500
3000
884
2000
775
884
1400
771
2100
838
1200
1100
9100
1200
1400
46000
1300
1200
704
2800
725
8800
2700
1100
2100
1100
458
262
572
518
2500
604
669
5200
1300
954
980
1200
5900
6700
2200
1100
3700
2000
112
3000
7500
4100
1100
1900
2400
2200
663
1100
9200
6000
8900
5000
2300
599
6500
3300
19000
4300
1600
2600
1200
950
823
1500
683
846
4700
1400
2300
1900
1000
1000
2400
825
1100
660
3100
1000
1300
1300
712
9600
1700
518
1800
689
1600
1200
1300
1500
1500
1900
1100
1900
437
799
3200
1500
16800
48
1800
656
3300
2000
1100
977
1300
2100
1900
665
2800
886
5500
3700
826
969
1100
3200
768
1400
565
6000
1100
10400
916
1200
14700
865
6600
701
6600
1200
590
1900
1400
1500
1100
1200
1700
1200
789
1000
7500
1000
1000
552
9000
1500
1100
969
3200
2800
15200
1400
1700
2700
1700
3700
1000
10700
1500
2900
1100
2000
9000
1000
9900
590
1400
708
2700
2500
1300
2000
756
1400
1100
3900
913
550
8000
1100
2800
2100
1700
1900
1300
591
761
628
2300
1100
4300
47300
1500
548
933
856
4100
2700
1100
1500
1300
1800
5100
1200
984
1600
2200
5800
2200
893
461
18200
675
1400
960
764
924
979
752
1500
2800
914
920
1300
7700
1600
887
968
9100
509
2100
6800
4800
4400
644
1200
1500
1100
4000
1300
2700
633
3000
1100
1800
1100
2400
7100
436
2400
1000
1300
478
876
493
2500
2500
902
1700
3800
2300
2000
1300
1600
10500
2200
1100
966
1600
4000
795
621
2100
3700
1600
3100
4100
1300
1400
1800
1500
1100
1100
995
1000
1000
3000
3800
1600
15000
34600
759
1500
750
861
1800
3400
672
721
741
1000
1100
21400
4800
1600
1700
1400
828
2200
1400
18400
1000
1000
1000
3600
1100
1700
884
2700
1400
1300
1800
725
1200
1700
2900
504
16800
2000
1300
1600
930
1200
6600
833
1000
753
1300
1600
805
1100
2600
2500
5600
2900
49
2600
1600
3000
599
1400
1400
7800
802
948
1300
1000
815
8400
1800
6900
1900
3400
9000
4900
1200
992
1300
17000
1300
2300
887
3900
2400
416
7400
729
834
2400
2000
1500
819
3100
9200
16500
996
6200
2500
2000
2500
29600
3000
622
3800
3500
41200
1700
10600
1600
3000
1200
12000
1700
724
842
1600
1900
1700
3000
827
1000
476
1900
1000
659
1500
47300
1600
7200
1100
12900
1200
522
1500
860
1700
1800
6300
2800
1500
2800
24400
6400
3100
1100
4500
1700
674
971
1200
1700
10300
1200
381
1400
1400
1500
1000
2200
2500
636
898
845
2200
1400
2100
1200
859
735
974
4000
1500
852
3800
4100
3700
8500
5300
977
14900
1000
1400
112500
877
1300
1100
1500
2100
656
3300
868
1300
3200
1500
5000
4100
2000
1700
531
1000
815
501
1000
5700
3100
1700
911
827
2100
1300
908
2200
957
1700
4900
474
7600
1700
798
683
1400
2900
1500
1300
6600
2000
1300
1500
2100
1200
970
1400
301
1900
1200
1000
454
744
1000
1500
5500
2600
1700
1600
3200
1700
722
1100
823
1200
1000
1100
3500
1500
1700
1300
1000
2100
3800
699
775
770
168
11600
1200
864
1900
791
859
1700
4400
4700
1700
2700
1500
944
998
1200
2400
2300
2600
876
1200
533
1200
1100
1000
183
1500
1500
595
800
1100
1300
759
1300
465
444
1000
2300
15600
1300
1200
1200
913
2400
1500
162
1200
1200
8300
1300
858
4700
2800
597
6600
8200
1100
1400
192
3100
3700
932
784
1700
25700
1200
356
6700
4800
773
2500
1900
892
11700
939
850
4600
886
827
2400
1100
720
1700
615
2500
1200
823
10300
1200
8700
6600
1300
1000
5200
20000
606
1400
4500
1700
1100
12800
2100
593
2800
1200
1000
587
2300
1400
1800
1800
1400
2300
730
2400
9000
1400
1300
9300
1600
3500
988
1700
4200
857
3300
2600
2500
1800
473
2700
3500
577
2300
1500
1100
1200
6100
6600
962
1100
851
674
8400
608
2900
3300
1400
3000
965
831
820
3600
1100
2700
4800
674
1100
871
1600
1700
2400
3500
3100
817
1100
2100
818
2900
913
17900
2500
967
5400
838
1200
1200
1400
811
744
291
7000
1300
897
1100
2500
731
1800
1800
4900
924
593
1300
905
1300
487
16900
2300
23200
1500
57
1400
3700
556
3400
1600
1700
3000
760
605
1100
1200
3500
27400
1400
1000
1500
1300
998
1600
1300
934
916
1000
880
1800
873
605
1300
981
1900
7500
964
19300
14300
2000
1200
1800
1200
2000
1300
438
2400
4000
1000
1700
4400
906
901
550
1800
767
3900
2200
1100
892
1400
827
549
1900
7200
676
11000
969
10900
1100
1400
18100
2200
622
1000
1100
1400
923
1200
3700
4300
999
1200
874
668
3300
1600
1200
1700
1300
1100
1300
6200
486
11300
1200
9700
1300
724
1300
928
973
923
593
935
3700
2700
2300
2600
1200
900
2600
4500
877
3300
3600
7900
621
923
1800
868
1300
4900
2100
827
1900
1600
1600
3200
1100
3400
15700
1400
1100
1200
2300
560
1700
1800
1500
1700
712
1700
2400
1100
719
5500
1200
2400
3100
2400
27100
3100
1100
2200
401
1400
940
1400
715
2400
1500
1400
1700
948
1500
1900
927
1100
712
1400
389
5700
1300
1200
719
839
1800
1300
2100
662
2900
614
558
801
16900
846
3500
745
1900
1100
894
898
1900
782
1600
608
980
2300
1600
2000
1200
3000
1900
940
1700
1100
1100
2700
1100
3400
2300
1300
2400
3000
932
2300
902
1700
1400
838
781
1800
1100
12900
4600
1100
1900
899
1100
4400
1800
698
1500
910
967
1100
919
950
1400
2100
2900
39000
14700
888
948
2100
440
6800
6500
2000
686
8600
5500
1800
863
5400
24800
5800
1300
2100
3500
1100
920
606
2100
2700
1400
1200
2600
3900
1600
1900
817
1100
8100
2700
1600
1200
7400
2900
1500
581
6400
6300
888
4200
4600
3100
1000
1500
1000
1700
1400
2600
2800
1700
1500
969
741
2000
1900
1300
2300
863
835
1200
60
655
5700
8200
987
20400
16900
47100
1200
1300
1000
5100
108400
428
1500
2600
1300
2900
1600
5000
787
1200
4700
5600
1100
2000
1500
894
947
1400
890
8900
1200
1100
1500
6400
696
2000
2000
1100
1400
1100
1300
4600
8100
5600
1400
1300
634
1000
1200
1100
3400
1300
2200
1000
2700
6500
537
2200
790
1100
1600
1400
1300
17900
4300
984
2800
790
1300
3200
8200
1300
1600
1300
10300
1200
4400
4600
3700
455
442
1600
4800
1100
891
1700
29000
1400
4500
10300
925
894
1100
786
818
959
523
8400
5600
608
812
871
610
898
1300
3100
527
1100
3300
1500
1300
11000
1200
1700
89500
1200
1600
2000
6200
4500
2400
5200
3700
1900
723
2200
1800
2300
1100
3400
3800
2000
7300
1500
1900
4600
4800
668
2500
3800
3300
4100
1500
456
1700
1300
1100
1300
1300
2200
1200
3400
9000
1200
856
695
1400
860
8900
513
930
5500
1900
8000
768
8800
1800
1800
1300
1800
2200
3200
1100
1300
1500
48000
1600
539
1200
1300
472
984
1300
797
2800
1000
728
910
8100
1100
661
627
4400
651
791
1300
1400
5800
1100
1800
3100
2900
1100
24900
445
1200
6100
1300
1100
933
1500
1500
2700
875
25900
937
1200
905
3200
4200
1500
1500
2300
1100
1500
1100
13500
3300
2000
1100
659
1600
960
1200
2200
3000
1500
1200
7400
931
922
5100
2300
3700
1100
1500
1700
3800
3900
1000
3200
4600
33000
1500
760
23600
5300
522
2000
2800
2300
1600
1000
1000
791
830
816
1800
1200
844
1400
2100
2000
1000
1400
3000
982
1800
705
1300
5600
1900
9800
957
77
873
24800
6800
607
2500
1200
1600
1500
969
1500
941
5700
1900
817
4900
2400
14500
1500
1100
1400
3000
3000
2300
704
1300
1300
3100
2300
2100
2100
22800
3400
9900
830
9700
1100
3200
715
1100
1400
1000
966
1300
1000
779
916
2900
2000
637
3100
102
11000
1100
2400
636
1500
884
466
4200
1300
1700
12500
1800
5900
828
897
3700
905
1400
580
1100
580
4000
6800
779
1600
2000
2300
19700
7200
3000
1000
3800
704
3600
2300
1600
1300
1800
1200
2100
6100
1700
1200
1300
852
1600
2300
2300
585
46600
4900
655
1300
2500
786
377
1000
761
545
11500
1100
2800
3700
1200
989
6500
1000
493
978
5100
789
820
1000
955
2300
1300
1000
2100
2600
689
6600
669
5500
5600
1100
4500
975
1100
1100
2200
1100
2200
1000
945
1200
1200
1600
3700
940
769
897
7100
30600
1600
47800
3500
693
14400
1500
3900
2300
727
491
1100
763
846
2200
1500
9400
1300
1100
4700
1500
4000
1000
1200
396
1600
766
2200
2400
8000
895
3100
2100
396
1100
1800
2200
1000
900
8400
1800
2700
1800
2700
693
1300
3100
1600
11400
2500
2000
3200
1300
2300
9500
1400
878
1100
2500
861
580
3800
14400
2900
1100
3400
1400
1600
1500
2300
469
682
791
1200
868
20000
1200
8300
3400
2200
1100
1000
10500
2000
847
2000
635
992
1400
5200
6900
2500
756
798
13400
1300
1200
2500
993
703
1200
3100
5800
851
1700
935
1800
724
1900
3300
1400
1600
709
943
3900
1400
3300
21000
3200
1300
461
8900
2200
1100
937
1100
1400
3200
2900
1200
1200
595
924
1300
576
589
2700
3600
2300
1200
995
10700
1300
8300
1200
907
2000
15300
1100
12200
2000
8700
9300
1000
6200
5300
545
1300
1700
1900
1200
821
582
939
987
1100
7400
4400
7700
1400
883
1400
2700
1100
2900
1100
1400
10300
1500
456
3500
695
1500
7900
974
522
6800
2300
1200
462
1000
1700
877
17800
3700
1300
2900
948
3400
1800
2400
503
2100
860
886
966
2200
486
847
929
3300
3400
6000
9800
1400
1800
1100
1900
2200
80
3400
1900
1900
1800
4200
2600
812
1000
1300
1100
7600
4500
855
1100
1400
31700
5800
1600
2700
2500
587
712
17400
1400
1100
8800
2200
784
1700
1500
2500
823
4800
1500
8800
943
860
2300
2900
1700
1300
3400
1900
1300
644
1200
395
892
2500
3700
1900
1300
687
2200
750
3600
712
7300
6300
1300
895
1300
3700
1300
15600
2200
6100
4700
2500
2600
449
5500
1500
1500
441
2000
969
560
9800
766
763
5100
998
1200
1300
6300
6800
2000
1200
1200
1300
911
906
744
1300
2400
1500
1500
5200
1200
2500
7500
939
4900
820
1100
2700
1700
1500
2800
1500
5700
10500
1700
674
774
429
5200
831
1300
1800
814
960
49
3300
3900
699
1200
1400
2500
3400
2000
15000
1600
1100
636
2300
1500
1100
9700
687
1300
6000
1100
1100
722
135
508
13700
1200
1000
736
47100
1100
2200
4100
8300
669
815
1700
6300
2700
1500
2300
4400
698
922
1100
2500
1700
1300
3900
1900
3000
688
996
1300
712
1400
1100
1300
1100
1400
598
1300
3300
729
1900
3100
24300
1800
1500
1000
1200
1300
7800
3100
3800
1100
1500
852
1600
1200
3400
3100
1100
2100
1600
10800
16800
21000
2300
3200
782
1100
1100
1900
1500
845
1400
2900
1300
2600
1900
1900
15200
19500
705
589
2100
1200
6800
1300
1400
31600
2600
1300
2100
1900
3400
9000
2400
2000
448
2700
2900
802
1400
875
1100
1600
2900
2900
916
3400
5000
912
1100
841
920
911
807
1400
9100
3200
1200
1800
2700
657
2600
3400
992
1200
3400
1700
964
1100
1900
1500
2400
1200
3000
2600
1300
2100
1400
1700
2500
1400
684
43200
608
1900
1300
535
767
997
1100
2000
2200
1800
819
2800
1300
3400
2400
1500
1400
1100
4800
3800
2000
7900
1400
675
1400
11500
839
963
538
3500
2100
9600
1500
1900
64400
914
2700
1700
697
777
1800
2500
1600
1200
1300
1400
2700
1000
957
594
3300
694
1400
1300
1600
1100
1200
1400
871
2700
1700
735
498
1700
2100
10900
3500
2100
539
1100
1600
4400
741
2200
1800
847
1200
968
919
1000
10900
25300
3300
2700
9400
398
4000
1200
989
1100
2700
3000
943
1400
1200
1200
16500
1500
2500
7600
6200
1300
732
1600
1300
3800
842
1000
2000
1900
2400
655
1400
94400
905
725
1300
2400
682
5200
2600
828
1000
1200
1100
812
1500
1100
1800
3100
2300
971
1300
5500
4000
723
3100
1900
2000
1300
6400
1100
742
3600
5000
761
2200
693
1200
1200
559
6300
84
723
3800
1400
1100
2300
976
1100
4500
900
1400
416
1500
1200
1500
2600
1400
1200
791
1400
951
587
749
2200
1100
552
1500
626
15700
2200
1500
1700
1700
1500
1300
9300
1600
3800
2300
2000
732
18900
1100
2900
1800
2600
3500
2100
672
801
4000
2800
2300
790
880
1200
3600
2600
2700
1300
1100
3600
819
4300
890
1100
3400
1200
38900
776
1400
4900
4900
428
1500
1500
1600
758
759
879
8600
2400
11700
2000
3600
1500
4100
2100
12800
413
2200
791
403
2100
696
717
1500
1100
1600
2200
1300
1900
10900
2500
2200
497
1100
900
97200
572
2000
691
3300
8400
543
4300
257
672
1900
4300
960
1500
16300
2400
1200
2200
871
963
1000
1500
1300
3900
1400
624
7600
618
4400
2600
1500
2600
6900
1600
2400
1100
1500
1800
3700
4200
1700
2100
4500
1700
2000
12700
1000
578
829
1300
3300
1000
11800
1700
854
2100
784
1300
2700
1100
50200
4500
855
1400
1300
695
342
1200
827
3600
2900
1100
1300
728
3100
2100
2000
3000
2700
635
836
868
1600
991
942
6900
12800
1500
1100
3000
1300
51900
22500
1300
1300
669
1400
8000
1100
831
1500
1100
1000
2600
812
7500
1700
21500
2100
2000
1100
2500
3700
2100
6900
1700
532
825
5200
2200
2400
1600
1600
2100
2500
12300
14200
911
3900
11200
1000
50600
1200
3100
3000
3200
538
645
1700
1200
1500
2300
1300
1100
2100
1500
977
4200
5000
1600
3500
1300
637
942
3100
1700
798
1200
1600
1300
805
2300
1400
1600
1000
8500
1500
681
2300
7800
2600
1300
991
526
1200
4800
2400
1700
649
3500
1300
5200
8500
1000
1000
1200
918
960
1100
4300
959
1100
2100
7800
1600
2900
1600
650
1600
1600
606
628
2600
945
1000
838
37500
944
1300
806
1900
984
770
2100
619
33400
2900
867
1400
1000
668
1300
615
756
865
4800
1600
15400
4400
975
2200
1200
614
959
4700
1400
3700
1900
1900
1600
1100
903
2300
1100
1200
1800
1600
3200
2900
1200
1100
2100
2700
833
3300
945
11500
822
13400
3100
1700
583
4000
696
1600
1300
2100
937
1900
3800
8500
16600
996
1300
1100
2300
100200
431
6600
19300
1300
717
814
874
1400
2700
4900
1200
6400
210
6200
1100
2700
758
4400
917
2000
6000
1600
720
1500
210300
750
1300
20200
872
2700
863
907
1100
1500
629
16100
2200
1100
1700
386
6400
1700
8500
1200
2600
1300
994
1900
1400
10900
6300
2300
1700
1300
7800
2600
1400
4100
1800
130
5400
743
902
916
1600
651
3600
8400
1100
659
932
1200
448
1300
1200
2200
1600
905
838
1700
873
641
1400
1200
1000
510
2900
2700
2700
1200
5200
1400
845
1500
1500
1100
1400
1300
1100
983
1300
1200
1200
1600
1500
12600
826
2100
808
1100
1400
2900
4800
816
1100
735
1100
1000
1600
1000
828
1500
550
1100
670
559
1300
1700
1700
1200
1200
528
3300
865
2500
3700
13900
772
749
888
414
3000
1300
1300
686
863
1800
862
652
5800
1200
6700
2300
2500
2700
750
3200
27300
1300
2900
985
1400
3200
5600
889
1200
9000
774
1900
785
565
1000
660
1300
1000
2100
847
1200
815
4100
3800
928
1400
1200
1100
939
1100
979
1300
2400
10000
1700
3000
19400
4600
623
1400
626
892
1000
527
1900
4300
1300
7900
4500
1000
1300
993
11900
2100
1100
985
12200
932
4700
4800
700
3100
980
1300
1400
516
1400
4500
5300
1700
589
855
1100
768
473
16300
1200
2400
712
18400
3300
1100
478
2300
636
2300
898
473
2700
6300
2600
1500
723
1900
970
500
1500
4300
2400
2000
871
4000
2300
1200
1300
587
917
864
675
1200
2400
11800
1300
2200
5200
471
1300
731
1100
1300
1000
877
3000
1100
969
3000
11100
897
696
2800
1800
1300
901
1000
657
1200
3800
1200
7600
715
1300
901
474
1300
771
2100
622
1300
725
724
574
797
3100
3400
1100
989
2100
1800
1200
919
2000
8400
12000
2200
765
1300
1100
1500
1200
1200
983
1200
2000
770
1500
1300
923
634
1200
895
1400
783
937
2000
946
1100
1500
942
6500
1300
3100
2000
9100
579
1500
1000
877
13200
699
756
1500
1600
2900
1000
2600
2100
13300
1700
762
880
2100
895
1100
1900
998
1100
2200
2200
2000
3000
889
703
2100
2200
1100
1300
3800
23100
17400
535
1500
2300
2400
691
6000
922
823
6500
5700
3800
1800
45100
6300
2900
1500
787
8300
1500
776
3600
4600
2500
4700
21400
851
2000
2700
3200
1600
2500
1000
1700
1000
1200
5200
1200
657
2100
1600
830
771
4300
10800
1300
1000
5500
1400
4200
3100
2200
806
887
1400
991
1300
1900
1200
1400
1200
518
6500
973
1100
2200
3100
99
1400
9400
21900
86300
1400
990
4600
1100
799
1300
864
1400
1600
1100
4000
12300
1700
992
1000
1200
870
1800
711
807
6100
10800
1400
2200
1400
1500
77200
955
5900
1100
3100
606
884
3400
676
1500
7500
2200
1700
2900
905
4200
510
822
897
490
11700
2400
1000
13400
1300
713
2100
4600
785
2900
685
1700
657
2600
964
1200
1600
1100
902
556
16800
1900
622
1800
657
4900
1700
6000
2600
762
8000
8300
1800
3300
3200
3300
768
4800
1100
18300
974
621
1500
862
2900
1900
1900
530
749
2800
1600
1400
1200
7200
1000
10400
2400
2100
10300
1600
1100
972
820
2600
657
728
2100
1600
1900
4500
1100
843
939
1200
918
1300
3400
1300
2000
879
12500
1100
1700
699
1800
1000
7300
1200
3600
2600
980
888
4500
1100
588
3100
699
2000
1400
993
2500
3600
728
774
1400
2700
998
1700
233
1100
3600
991
1500
2900
477
2000
129
11900
1100
982
1600
2800
1400
2500
5200
926
2900
2200
1400
1700
3700
1100
512
2500
1500
2400
4200
980
2400
749
20800
1900
4400
4400
3400
3400
6900
1500
742
990
1800
2200
2900
845
1300
8000
841
881
783
3400
532
759
1300
515
7600
1700
1700
1500
42200
2500
13200
2000
1200
593
848
6700
1800
1000
6500
1200
1000
775
2600
946
1300
5500
4100
5600
938
927
1100
566
5300
4400
1300
383
322
929
1000
461
987
687
1600
979
1200
2600
25900
2100
3500
1700
4600
3100
2300
1500
1600
10200
20700
686
1300
5500
1800
31300
13300
13300
1200
2000
1500
6300
417
1600
1600
1400
1000
1400
1300
2000
2500
1200
1800
1200
2200
1900
5700
1100
579
1200
1500
816
4600
2100
2700
51000
992
1500
643
1100
1500
1100
691
1500
1200
6500
2100
2000
1300
1900
684
1900
1600
23100
6800
2000
1700
15200
3900
1900
1300
1600
4700
1200
425
2800
2600
607
3800
1500
2300
874
1800
2400
5800
1300
1200
1600
1300
24300
923
2400
1000
1000
1200
1300
930
954
848
1500
2600
981
871
790
3400
2200
3400
2900
5600
878
1100
6100
1000
7700
1300
1000
692
3500
1100
1200
1300
1200
1300
680
674
910
3900
1300
992
968
1400
633
1100
878
1700
4900
3100
1300
456
3400
9700
1100
430
4800
3300
828
2600
1000
1000
1200
1000
4300
1700
631
1800
779
9100
1300
2600
5500
570
5500
942
1200
258
536
1400
1100
1200
8200
753
13200
1800
639
1200
6200
1100
7300
1400
1100
987
756
465
707
2600
4200
691
1400
7300
3400
760
1200
1800
1500
948
884
3000
878
1100
693
1900
1000
2600
1000
3800
1100
1200
2600
1100
1300
8200
1900
1100
1000
3000
1800
1100
1500
3800
4900
1300
1200
701
1300
1100
874
807
2000
1300
975
886
658
3300
3400
1200
2200
2200
630
952
2600
7500
2300
478
8000
2500
898
2000
1400
10600
1600
2400
492
629
6400
8300
1600
737
3800
10300
640
2700
1500
2100
759
2300
1500
23700
1900
2100
1100
1100
914
144
3100
776
3700
759
1200
1100
1400
932
2100
964
2700
1200
1500
2900
1500
1300
2700
3600
925
4300
818
1500
3000
10100
4300
2600
2100
1000
5400
2700
429
1400
2300
1800
1500
1800
2400
2200
6400
601
1800
1900
1100
1300
1400
1800
4400
1600
1200
743
507
5800
3600
1300
3700
100
1700
555
1300
2400
1800
1200
2100
904
1900
26900
11500
1800
1600
803
1600
1000
1900
2400
397
698
7300
838
3300
3700
1800
829
757
536
4200
2200
4000
1900
1400
769
2400
3400
1700
727
1300
1100
977
23100
1000
1500
3300
1200
2600
551
14300
1400
2900
1400
3100
2600
787
1100
2100
2900
956
1400
1600
10600
873
839
1300
592
1800
1
4400
896
1200
1300
639
1700
1500
1600
881
1100
568
829
5100
6700
1500
1200
2100
10600
492
1100
889
2600
4400
1400
4400
3100
1100
1000
2600
917
1100
2100
6600
88500
14500
16200
4100
5000
6200
1400
1200
2200
1300
1500
1600
8300
1700
5000
2800
5700
3300
2300
884
1200
309
1400
3200
883
1300
3800
1200
10200
1400
91
1700
1900
1200
723
3500
697
3700
706
941
2600
3300
1700
2200
1300
1600
162
1700
1600
1500
2900
1200
2200
1400
1500
6500
1300
1600
500
2900
1300
908
1400
3200
889
746
750
4000
4000
2900
1100
1000
721
676
1500
2700
6600
1100
3600
