4800
4100
960
1500
1200
866
3600
1300
984
3900
1600
1300
2300
2500
2500
1400
3800
1600
1400
1000
886
2300
1800
1600
1900
2000
1300
11400
4400
6800
7600
3800
678
918
512
484
1900
1600
9900
1500
1800
1100
1500
5200
1400
1600
890
3700
897
786
1200
1400
554
1400
3600
1400
1200
1200
3500
1100
251
1000
42
659
1100
981
588
727
963
1200
1500
1500
2700
12400
740
1200
1300
936
2700
939
1200
2200
940
3100
1700
2400
1400
3900
3200
1400
852
676
982
3000
925
1400
813
2100
1300
3700
1200
1100
1000
16700
784
2300
2000
940
1400
17100
980
11300
1800
558
944
746
57000
900
1100
5200
1200
622
1100
6500
1500
945
1200
858
2100
9900
1500
763
958
625
80800
4700
1700
1100
1400
1400
910
743
2600
1700
1100
6400
4600
935
532
1700
974
3300
4800
776
1200
2100
1300
1100
1200
2500
8800
330
1100
6000
2400
1300
4300
3800
598
3900
5700
18300
1000
4600
1400
928
1900
1500
24500
1100
7100
4100
1200
1100
58400
850
818
2900
853
2800
11600
1100
2200
759
1400
1300
1200
22200
1200
609
1700
1800
1600
1100
9500
1300
638
1700
1700
7800
598
3100
7000
1600
1300
5100
828
1800
2100
1400
1100
1400
1400
9200
3400
691
1400
1400
4500
2800
2800
2200
878
2700
553
1600
1600
441000
760
1800
651
1600
1200
918
2200
454
1600
1200
1400
52900
6500
564
1000
1300
1200
1300
701
1700
1800
1500
1100
1300
6000
966
2100
1500
1200
2400
1500
629
1800
744
2100
588
660
714
3800
459
533
1100
1500
1000
1600
10800
4400
924
647
748
1900
3600
2500
863
4400
711
523
1100
714
1200
1100
2800
1500
141400
3200
915
1200
18900
1700
4700
746
1300
468
1800
898
753
1200
9500
2300
1900
530
1400
874
1500
889
4000
11500
4600
1700
9900
4200
1300
1500
1400
1600
901
7800
1400
1800
325
2800
773
1100
592
887
4400
648
8200
3800
790
527
2200
3000
1100
937
3600
547
914
861
1300
1200
1300
2900
882
868
46000
1100
3300
16900
2800
2400
2700
809
1300
1300
2300
1500
7200
16600
1000
1100
2300
1000
20000
2800
1900
8600
1400
742
1300
1200
7700
40600
2300
1700
691
996
2100
699
587
54
11600
746
566
1500
2700
1100
4600
773
1800
1000
1400
4100
3200
777
747
835
4100
11400
1200
2800
1000
802
1800
1200
4100
1800
1200
9400
797
1000
608
461
797
747
1100
1500
4300
24100
1200
787
1000
1200
585
10400
1100
1900
2700
745
1000
1400
606
1500
1500
3900
1200
927
6000
2600
1900
1400
1300
806
1200
1200
452
1300
1800
1400
962
21300
2400
945
902
1200
907
1800
2400
1200
1500
1500
560
1000
5800
1000
945
4700
11600
1700
2000
662
894
1200
5500
576
6700
1600
1400
3100
5300
1200
393
1200
492
2800
662
1500
1700
9100
11500
7400
1000
3700
946
941
4100
2000
4400
790
706
2000
766
1700
1200
2100
1100
10400
1800
1000
856
3100
2700
2500
1600
1700
650
2100
1000
10600
707
962
6300
753
2400
1600
480
2200
1700
1100
1000
1700
2200
1300
5400
1500
4400
1000
786
1400
3600
4500
960
1200
6200
19300
1100
1400
1200
642
5600
1100
4400
1800
7500
1600
621
2700
1100
989
1100
2400
26500
1300
992
8400
1100
2200
497
1900
714
1800
4200
782
1500
989
699
558
1200
681
1500
1900
3700
2300
9800
4800
3100
735
780
6000
1100
2200
839
2600
5600
1100
22200
713
3700
1100
10400
1400
986
1100
1200
2200
1700
1400
2400
2500
1700
1300
474
874
994
902
528
970
639
3100
5100
3600
838
5700
4800
2700
519
5100
1500
898
1900
1400
643
1200
2400
1200
2100
9200
2200
1400
936
980
2000
811
1400
2400
1100
742
742
2100
1300
2000
936
803
2800
1100
1100
1300
3200
2000
6600
1600
1100
1800
806
1300
1000
704
2400
553
776
20300
2400
2300
1100
731
1100
1500
1600
1600
649
1200
3500
937
1000
1800
4500
6900
1300
3300
813
634
2100
7800
2800
940
70
780
1300
1400
983
571
1100
718
2900
2100
3400
4500
1800
753
1500
1600
1300
2100
1800
2200
22500
2500
992
1500
1700
1900
505
1000
1000
677
1500
1400
1000
1700
1200
4400
2200
3600
2400
3400
1600
1300
1100
1600
1400
955
2500
2000
886
774
1300
624
14400
594
1600
1700
2300
1600
2300
773
2200
1200
959
1600
1300
1700
905
608
12900
822
951
1100
6200
2000
1400
3500
1600
8000
2100
2200
1700
3600
10800
781
1700
1300
3400
468
1500
1300
3200
677
1800
740
546
342
13200
2900
3800
3500
995
1100
2800
1500
3100
1300
2700
428
1800
9400
1200
13300
5400
645
20200
502
9100
805
2200
2900
628
2800
2000
845
1000
707
456
1000
610
5800
23000
3900
836
3100
1300
7400
691
3000
589
51900
1100
20000
1400
1200
1800
1500
1500
1000
1300
905
3100
970
962
728
1800
772
615
716
1200
4500
474
1700
1200
2200
1600
3600
1500
4000
3300
1700
1200
3200
2400
1600
965
1400
1100
3300
1100
1900
1500
25500
3000
3000
639
1100
1400
2000
4400
519
1100
918
800
1600
684
2200
1400
1500
3600
1200
764
2600
1600
4600
1300
1200
712
1700
1100
1600
1900
845
831
1100
1100
708
1300
4400
11700
523
8700
1100
1600
7600
3600
4700
1500
1200
970
1600
860
3500
2500
4700
747
1100
2200
991
1000
917
1300
423
2200
2500
720
2000
1300
2800
2200
3300
713
738
1700
850
1300
1200
1900
1100
1200
27600
1100
1100
7900
4200
215
522
2900
1300
8000
832
651
876
3000
689
3700
1400
1600
1000
875
988
1200
584
1200
2500
939
1800
1900
2100
2800
971
4200
3100
766
1300
1000
11700
1600
12600
2000
1900
28800
3800
4200
1000
1100
2200
2400
844
512
1300
1900
1800
1200
1100
784
2900
3800
846
1100
1100
1300
4300
2700
791
109
778
1000
1200
983
984
60300
1400
113700
11100
2800
1200
1200
1800
1600
830
1600
6000
779
10000
1900
2300
1100
1400
2700
22300
916
3000
1600
3800
19600
720
977
783
998
4900
1400
641
1200
942
1100
7900
2600
2300
679
673
792
1600
1300
717
1100
1300
1500
1200
604
748
3900
3500
1800
4000
2500
1400
5200
1100
1200
10700
2300
1100
1300
1100
8500
900
25400
776
2200
2200
16500
3500
5000
946
888
956
19500
852
2900
1300
608
1300
1800
1600
7700
3900
2200
2600
889
1300
830
5500
1100
6100
1800
969
629
1700
1000
909
412
735
1600
819
1200
777
870
1100
1100
750
1700
3000
786
498
454
2900
1200
3500
1500
2300
1100
1600
1300
2100
11000
7700
757
309
852
1800
640
977
1000
2700
1200
1200
903
1100
1800
1100
1500
10100
1100
2000
1400
6200
1200
2900
2600
1100
751
5100
949
1900
1300
4600
885
1200
23700
819
1500
1100
1100
1700
527
860
5300
1100
1300
4400
650
1200
15400
804
1000
1200
8700
1800
6600
20000
1500
1400
804
998
1200
845
1100
1400
1200
2500
851
507
1600
1300
1100
5800
1400
1400
3300
6900
1100
3100
2800
856
1300
1600
1800
1400
434
11000
10400
30500
4400
6200
2500
2600
2200
2800
8800
7300
2200
1200
2900
1600
2100
2200
914
13600
3100
1400
4200
1100
2100
8300
13400
892
1200
8600
734
1200
2700
1900
2000
454
986
1100
653
1100
7500
3400
1500
3600
1000
1200
861
2400
3600
880
2400
775
4400
3100
2400
1000
1100
3600
2400
409
5400
719
898
744
5300
3000
1500
935
2200
895
1400
900
979
1100
718
1800
7000
2700
1200
4500
1400
725
622
1400
769
1100
1100
656
2000
768
4600
615
2200
1200
1800
1400
1500
671
2200
790
2200
5300
788
1100
1900
1100
1500
1100
1200
3200
1600
700
1100
741
2600
2600
5200
4300
5400
3300
1800
1800
1100
722
9300
1500
1600
6500
2000
1100
523
1100
1200
5000
2300
2100
772
2200
1400
2100
2000
2500
592
946
1100
1100
1500
1200
830
1500
859
1000
1600
1100
971
1100
3700
1500
2000
1300
1700
2300
3600
1600
3600
1100
1600
1000
539
535
2600
1100
533
2000
1200
1900
10700
11400
2100
1000
2100
1700
1300
1200
1100
962
804
454
1000
5000
2000
15700
2500
947
698
1100
454
2200
834
1500
1800
1800
1300
612
1200
1800
913
1000
585
859
1700
749
2500
2100
1600
3200
7300
1500
3000
1200
2100
6300
1500
1200
1200
868
15000
1400
2700
918
603
903
2900
672
1900
1300
736
852
797
2300
2400
821
4400
1000
1300
8900
3300
5400
3100
1600
3000
3600
3400
602
10000
1300
4600
866
1000
2700
662
1600
6000
4200
775
1500
1200
2200
2100
2300
1800
979
600
11300
1000
1500
1400
841
1700
1600
844
893
878
1200
1200
3200
7200
787
1700
2900
869
308
1200
3400
37700
703
2900
2100
9200
778
2100
1000
2000
788
902
1200
721
566
497
989
508
1100
792
1500
1200
4900
956
1200
932
14600
951
606
14400
2200
2200
3900
483
4800
896
2100
1300
1600
1500
3700
679
2700
2900
13400
1000
2900
1300
2600
548
923
3500
2600
1100
1800
688
955
2500
434
2100
4400
1300
742
667
684
2000
2600
899
969
2400
713
2400
1300
1500
1800
841
1600
2400
1200
1300
3200
2500
1100
12500
1500
2700
1800
29900
1600
897
1500
592
2000
754
2100
2900
915
512
2000
2900
2700
5600
263
1700
682
2000
1700
820
930
1600
7300
2000
4000
924
936
1800
1800
877
773
694
1000
959
1200
2500
859
12300
2800
786
4200
707
2100
1500
1000
1800
1500
800
1500
971
4000
6000
1400
522
1400
1600
1900
835
3300
1300
1800
3800
623
703
2100
1100
2500
11900
23600
2500
1700
1500
598
2900
1200
740
667
5100
27300
1400
3800
7400
6400
2800
1200
795
972
7100
2100
1200
1600
4000
1900
1500
1100
1700
7100
6300
6900
984
1400
1100
14900
1700
977
1100
2200
980
826
1200
906
861
3200
1900
2900
1100
674
1700
1100
3900
815
9300
998
805
1500
1200
3100
1400
4600
889
590
10700
1100
1500
730
10000
630
3700
1700
1800
599
3200
810
1000
758
7600
1300
870
10600
4400
685
3000
3300
3800
552
15500
3200
1600
1900
7900
1200
1500
609
1100
977
2900
27700
1200
778
816
765
1700
1000
1200
2200
722
5300
924
7600
1200
1600
11800
4700
1600
1300
1100
3300
123
14300
1300
1500
3800
1200
645
3000
836
1200
3800
5100
1000
1500
3600
1200
11800
1400
4800
2600
1600
760
688
2000
952
3200
1000
3200
9500
732
6600
1400
2700
1700
1800
2300
15600
3100
974
3900
1800
1300
11800
6100
3000
17900
2200
612
4200
1700
2700
1700
3600
878
1300
4300
1800
419
2500
1400
1700
675
937
1400
510
1700
1100
1000
1200
1500
989
1400
1300
3300
1200
14400
977
1500
1000
2000
3300
3000
1500
27500
1300
752
1900
951
1100
1700
1500
5800
580
1300
1200
1400
649
949
1700
2000
1500
1100
1400
547
10900
2400
3900
1300
1500
818
1900
1300
6100
2500
875
486
1600
6000
4300
752
1800
751
602
1200
898
2800
531
3100
634
5100
568
3800
544
1600
2000
10700
1800
837
638
920
6500
883
2400
5100
589
561
686
77400
7700
1900
1200
1200
1800
1100
6100
24900
936
986
15700
1100
915
1600
806
720
816
5800
2600
2800
825
106400
1100
2200
939
1100
5500
4300
1600
996
948
4500
1000
627
883
9000
652
1300
2000
536
1400
24900
2200
1400
970
973
1700
830
1600
1500
894
1000
2400
417
783
1600
2700
1100
2500
758
7100
24900
1200
7500
798
1800
1700
914
860
540
909
1100
2500
5600
21700
1300
1300
1400
1100
1700
2400
503
1100
932
8300
753
534
4900
451
1300
1800
883
884
2200
2200
2300
3300
11600
1600
870
1400
794
15100
19800
4900
1100
786
1100
5700
1200
1600
3800
8200
37500
1800
1300
4100
2500
2800
15400
1700
637
1400
3400
1600
1900
2200
1700
1400
1800
3000
823
867
1100
5000
506
1700
1800
2900
3900
565
836
1000
2100
2500
1100
9000
18600
4100
6500
2000
2300
11000
983
2900
2400
795
6300
560
7700
1600
4400
704
1300
2800
2500
806
1400
597
5300
1900
1400
4500
1600
18300
830
1100
736
11400
11500
3500
514
1600
2900
1700
685
3000
1100
704
1900
910
4100
2400
1100
1800
1300
977
16000
1800
702
582
53200
716
1800
978
984
1300
400
1100
6200
1100
2400
1900
2500
3200
71000
9700
8700
622
1300
1300
1100
681
1200
1100
696
2500
3100
2800
2600
2300
954
1500
914
2400
5200
1700
1500
1000
1200
8500
807
7800
1100
920
2800
539
535
10500
1300
3000
1100
899
744
910
1100
10300
4200
1600
727
2400
1500
2300
1400
1800
3100
2000
15600
1000
26200
4800
787
12200
4300
1100
849
978
889
1000
1200
1900
3800
205600
11800
745
7900
779
2800
228
1000
4000
2800
10800
2300
3000
3100
1200
2100
1200
2100
5300
1700
16100
1700
12200
261
1900
744
3300
1200
1100
1200
1400
3400
640
1800
1100
408
4500
683
1000
1000
2400
1600
11200
674
1500
50100
1500
1300
792
4800
1500
64
712
1800
1500
2200
793
5300
1100
22000
1900
1600
998
1400
1800
1900
1000
3600
983
10100
1900
5700
2200
7100
1100
1600
1400
1100
508
1200
6100
4800
1400
1300
1300
5900
53100
2500
1600
1800
1100
771
1600
3100
2500
761
1400
694
1200
1100
531
6000
1900
1300
618
4700
8900
1100
2300
845
1200
2600
7300
3300
1200
949
1500
3900
551
828
2400
26200
1900
2300
1700
1100
2100
811
1300
3400
1000
4800
940
1900
2500
1600
1600
2600
859
1400
808
823
1200
1800
2500
1000
2600
1400
954
692
1700
444
1000
865
1300
3400
1100
2600
13300
1900
613
1300
2100
16300
1100
882
871
515
779
2700
861
2000
1800
1700
2000
1300
1200
1300
1200
866
761
901
817
5400
4200
901
1200
1900
3200
2000
11000
1200
1700
1100
1100
2300
2100
1600
2600
1600
805
1300
850
1000
4700
1400
1700
3000
739
5200
1200
6300
688
1400
11500
1700
536
4500
4000
1400
814
1300
561
2900
2600
1400
4700
3000
1200
450
1500
1300
967
6100
1300
1200
1400
1300
1400
6500
4700
18200
1300
1200
1200
2700
2500
730
1500
2700
2000
1300
1200
1600
4200
3100
1200
3000
17200
1700
1100
6600
3400
1300
2600
940
518
221
3500
988
12500
233400
1900
1700
3700
1000
3600
893
1200
1100
847
1400
1300
7600
2700
724
4000
860
1400
546
852
1500
1200
766
2000
965
904
5600
322
918
1000
3000
887
5800
893
4000
450
1400
2700
732
937
733
1800
2400
573
716
664
816
705
860
458
1300
1900
1500
2300
1000
1800
1400
956
1300
1900
1500
1200
1000
1200
6000
1100
925
570
1500
1500
592
1500
3200
1400
997
7700
1300
12000
1300
2000
836
805
16300
1300
8300
1300
1900
6600
559
1100
975
458
2600
3000
1600
399
853
1700
2700
1000
1100
891
578
3400
699
6800
7800
516
11900
3500
1000
686
1300
2600
2000
846
701
968
1700
395
1800
2600
1100
4600
13900
613
2200
4400
1000
5900
1400
761
2600
873
6800
1100
2700
2400
3200
1000
2300
862
2200
2000
537
1800
543
1100
1500
1500
5200
797
1400
651
854
1900
9600
727
12700
3200
1100
1200
1900
1900
2100
3000
6600
2000
1900
3100
2000
4600
773
3200
941
1300
953
2100
1300
1700
1300
9200
668
560
608
1500
1400
782
2200
3100
11300
3700
1400
3300
10300
1500
6000
7900
4600
11400
1300
572
820
945
704
551
640
929
1200
1400
873
3200
1300
1000
1400
5700
913
1100
2500
980
1600
9600
1000
1200
3400
860
1000
2200
877
9300
10000
1000
936
830
4200
1500
11500
998
1200
903
3000
3400
2100
923
9200
1700
488
1100
772
2300
4300
5200
3400
13900
874
3100
1700
1000
3600
760
1500
664
1300
857
3800
923
6000
902
3200
1500
56000
3000
1300
2700
29900
2600
520
5600
1900
1200
1400
2900
2400
3300
952
1000
899
1600
3800
1800
20700
1200
1100
1400
1000
1900
2700
633
2800
2800
3900
2900
1100
2100
1200
1900
9400
1200
724
4100
1200
684
1400
865
1100
1200
81
1400
1800
574
31500
958
1700
2500
1400
5800
585
3100
672
2900
3100
986
5900
5100
39000
1900
2200
1500
2000
1100
4800
1100
548
966
2700
9700
996
3000
17300
1600
1100
622
1900
676
4000
1000
507
1800
1000
2200
5700
1400
1500
1100
14500
648
1300
2000
676
228
3400
3300
2500
758
1300
3900
1800
1300
1900
905
1100
2000
971
1100
576
2100
1100
909
3200
1400
1100
1200
1400
375
1900
8500
964
1000
1600
14100
966
1300
1200
689
53800
1500
1700
1300
3400
2300
773
4800
1100
1100
4100
2800
568
5800
4000
991
703
754
1300
1300
795
823
940
1100
154
1600
24900
657
11300
1000
1200
1500
1100
1100
3400
6300
1000
5100
6600
6900
1500
809
3100
1100
13700
16800
566
912
976
904
5900
4000
436
8400
3700
1700
769
686
3300
617
2100
698
3400
5500
968
820
3000
4100
21000
2000
4600
4800
12400
2400
980
3800
2700
721
11400
928
1400
87000
1500
890
3600
807
3900
904
2000
798
1100
683
814
1400
607
2200
2900
1100
954
47300
2400
808
1100
817
1700
1200
1200
2100
5200
2100
3000
1400
1100
545
4300
735
1200
1000
481
51900
1100
1100
3100
1400
3100
1700
4100
5500
2500
1700
1400
1400
1400
3700
337
1200
1800
3300
2700
3000
903
1100
9100
1600
18900
2700
3700
1500
818
1700
713
1500
2000
32400
2200
962
1200
1300
934
3800
1300
1100
5100
912
6600
2500
1100
3700
25600
707
841
1500
5000
1400
1100
1300
1100
1700
9700
3700
1500
1200
681
17900
952
1200
2100
1300
9800
1200
1200
936
1300
559
20200
1100
1200
1200
4100
2500
6400
1500
3000
1400
2700
1000
1900
1700
905
6600
3200
2600
1200
1100
735
803
4800
3500
777
1400
864
1600
1100
880
2900
10400
50
625
8000
920
1600
436
921
1000
1200
1400
1400
1600
816
23500
30200
900
1300
27100
939
1700
1400
2300
1300
1400
1500
929
1900
15100
1200
827
669
3100
1300
6900
671
3700
2900
2100
2000
1600
2500
1500
5800
787
29400
2800
554
6300
801
2400
7000
785
2100
867
964
1500
1500
3900
1200
3200
943
1200
1700
860
1900
576
1800
3600
895
804
7200
1300
2400
720
1400
1000
5800
1300
8100
979
7400
993
1100
2100
2300
484
1500
1700
1400
1300
4700
655
1200
442
731
2200
827
1100
1100
2200
986
1900
987
1200
989
1600
4800
56400
20200
646
3500
1200
2300
1800
6500
2800
914
1600
574
2500
696
1900
4400
781
1700
1400
578
2200
4900
8000
4700
2600
701
3000
2700
1100
1500
3000
938
5200
729
9800
852
6100
1500
908
657
4100
527
1900
479
682
8100
5200
1100
1600
2200
1700
2300
2200
6800
3200
2500
3600
1000
1100
813
128800
1000
836
1300
3900
1800
1400
8600
1200
11500
1100
10100
1300
1000
1100
1100
913
1200
899
8500
648
761
3200
1100
2900
569
1100
3300
698
893
1600
1700
5800
771
6400
2600
1200
966
11800
2200
799
1600
455
1100
41800
1400
3900
1200
471
1100
1400
2400
15000
638
11800
1600
5300
1600
2400
2900
1100
3700
2300
4500
18200
1100
946
854
1000
2100
2800
57800
1700
2700
4700
657
7400
3800
2000
1100
439
4300
26800
2200
15300
1100
4200
1400
1100
1800
1300
1300
1900
5300
1800
180
2200
719
2700
2200
1200
3300
1100
2100
3800
1100
45400
5300
573
3100
4800
1100
752
1100
3700
981
2400
1200
1200
5400
2800
1000
5600
1000
1400
4500
1100
1100
912
3600
1600
1200
823
1200
1200
2000
1000
1100
1900
1200
1400
2100
4300
1000
1600
935
4300
1900
1100
981
1400
441
762
1000
693
18400
871
2200
1000
986
718
2300
519
181
1500
7800
615
951
2500
2400
718
1000
1400
901
10600
1100
859
857
4600
1400
1500
1200
5300
1700
787
9500
1200
5100
1100
5000
15500
687
2300
3000
1000
1600
1200
1100
2200
1600
4400
806
16400
1300
2700
2200
1100
1400
1100
974
1300
936
1000
924
1000
974
986
5600
1400
1300
721
764
1100
2400
10000
5600
6000
1400
587
2000
2000
1200
1000
25300
3700
262
1200
12700
4700
716
875
1600
2500
1200
626
2700
891
2200
5200
438
4500
605
5100
1200
3400
826
2400
5900
2300
1100
1500
685
6800
786
2100
1800
6100
2100
1700
300
436
3200
757
1600
674
934
692
3800
1300
6100
855
1600
1100
1400
3000
1700
855
1100
2000
976
1200
2100
853
8200
3300
4200
1200
581
1000
1500
2500
645
676
2700
2100
1800
3500
2500
1700
8300
1400
6900
20200
1000
971
902
1400
2100
1600
2100
2200
1500
1100
2100
3500
2500
2800
1800
1600
496
1500
1300
7000
842
968
1100
36300
2600
1300
7100
1400
4300
876
1700
16500
1200
753
4800
882
867
2000
15400
1000
1000
2500
3200
1100
12000
468
649
6200
2300
2000
2100
600
1400
1400
696
2800
4300
891
2300
1900
1200
1200
1400
1200
974
816
1200
1100
963
843
663
947
1700
1400
1700
2100
626
3400
748
3000
1600
1100
617
1100
1300
810
3200
5700
2600
1400
3200
879
1800
1400
3500
27500
965
969
2200
17600
2800
3100
734
2800
1500
1000
11000
968
4600
4400
2100
2200
2500
935
571
1100
1400
725
664
972
890
840
1400
2300
4800
867
5200
1100
7600
1600
396
3800
11300
3000
1100
723
8900
1100
840
1900
649
1200
1400
3000
2800
860
709
956
1400
2500
3000
3200
869
2200
750
1800
660
1900
5600
7700
1900
4100
563
881
1800
3200
1700
3500
1500
615
10000
973
6200
2400
635
2900
1400
1000
1500
3300
2700
747
5800
1400
998
1100
7800
5400
10300
854
1200
3300
1200
862
822
1300
3100
1100
902
1500
560
932
1500
955
694
847
994
9100
848
2200
158
659
1200
762
3400
1300
1400
3200
1600
1600
744
462
1500
1400
13600
622
4300
2200
1300
1300
873
731
1100
4800
6500
1500
838
442
5100
4100
1000
5400
452
1400
833
1500
4100
15900
1600
795
809
10200
5100
3300
929
674
1900
919
506
98500
711
3100
947
1100
1000
4700
901
495
1500
1200
8500
1300
1300
618
802
2500
968
11800
1100
611
1400
2500
2600
18400
1000
596
940
1500
1400
1200
870
1800
1500
1900
11600
1100
2600
913
2000
12600
593
1800
898
3100
1300
5600
1100
2300
911
709
713
1400
5000
1300
2400
735
933
1500
778
884
1500
12100
2600
1000
3700
1000
856
807
1400
1600
721
754
1100
1500
9100
8400
2800
6200
2000
1000
4700
2300
1300
2100
1400
3000
879
1400
2300
685
50900
5900
3300
1200
682
1400
1900
2200
7800
4300
20300
2400
1100
541
474
4300
45100
2200
840
840
1900
1300
1700
1100
356
1800
998
2600
2400
2900
2600
773
2100
2000
795
7200
10700
485
767
5000
1500
588
1600
625
712
5400
1100
7700
2000
2900
10300
16900
1600
1200
723
899
1100
837
1900
935
3200
1700
3200
115700
21500
1700
4500
916
6600
9200
1100
581
1400
1600
593
8100
2400
2400
30900
705
1200
5700
1100
4800
2000
7400
844
985
1100
2000
594
826
1300
1400
2100
11400
552
707
1300
2500
809
10300
665
2100
2500
2700
769
1700
2700
1100
711
725
2100
1100
5500
1800
936
1100
1700
1300
956
1000
2300
1900
1800
1000
839
13900
1200
806
925
1900
1300
1100
3400
712
728
1100
13300
1800
867
2100
3200
726
2700
3200
1200
768
669
895
5900
4000
1100
2200
715
1600
911
970
6400
1600
1700
1100
598
29400
968
812
2700
1600
942
678
1300
1300
1400
4200
2400
8300
3700
1400
1100
872
3600
1000
2900
2100
1000
937
2100
232
3100
864
1900
629
5100
2900
1000
7200
1500
1200
3200
2700
4000
1300
2800
759
1000
796
925
3500
519
2300
849
92600
1400
3200
796
19200
5500
8300
548
2000
2300
852
2200
2800
809
9800
1800
616
1200
1100
1800
14900
721
1000
987
1200
13900
1200
483
3100
1900
816
2400
1700
584
777
1500
913
681
848
710
1600
1400
5700
811
1300
6200
1300
1600
913
1600
3600
2700
1300
861
1300
2200
1800
8600
1200
1200
9100
866
711
607
3400
1100
763
1900
1800
1700
3600
969
5700
1900
3400
661
7700
3900
1400
631
7800
12000
1400
135
1200
9700
1100
1900
5200
1500
828
2500
2000
621
556
4600
3200
1900
447
245
863
1100
625
9200
986
1300
719
3600
771
1400
1500
3600
1200
4900
626
1600
6900
1900
942
670
933
1000
890
1100
1500
1100
762
414
1400
1100
1400
2000
3700
7700
1900
3000
1200
1300
673
1800
5600
3600
1400
798
801
2200
1100
921
806
1600
1200
969
752
1500
10400
1100
1200
863
1500
10900
1500
1600
4600
1300
860
2200
1500
4200
3400
1300
10200
4600
5100
25900
3300
3300
981
806
1100
1700
1600
532
750
2100
634
12800
855
25900
5000
1200
686
500
1900
867
1700
2400
2500
1000
571
1100
1700
4200
3200
1100
1100
3600
6500
974
658
4200
855
599
1900
538
2600
1300
760
751
318
32000
3700
8000
1200
1400
1600
2700
1500
1100
1000
4100
1400
3700
981
1900
18100
1800
1800
4900
412
1800
5600
517
1500
1200
741
640
974
1000
2000
629
1300
662
689
2500
5900
1000
893
2400
917
1000
1100
1400
4200
721
2200
1000
1000
45000
601
3800
2400
549
841
1100
3400
4000
12300
761
1200
1900
1700
800
11800
1200
703
3800
5500
716
957
3700
1900
3700
554
3100
1500
956
1300
4700
1600
805
2000
3700
2900
2300
865
524
20700
2900
661
1600
2800
2300
733
783
2200
954
1500
1100
33800
87600
4700
3800
586
599
1600
1600
2700
1000
5400
7000
774
1300
1200
5700
1700
5300
3500
936
4200
8500
1700
874
6300
497
2800
1100
1600
5300
4800
3400
770
1900
2400
1400
1600
422
2000
1200
1400
1400
925
1200
3000
8200
1400
3000
573
955
1600
3600
569
3400
12300
1200
1800
1300
7300
3300
20000
4200
2000
640
14300
5100
4100
629
1300
7400
1900
3800
1100
563
1300
1300
738
1900
6800
1100
757
3700
1000
8600
829
595
968
1900
1900
1900
2900
7400
2200
1700
9500
9200
2000
871
4900
1800
2300
1200
16600
891
2500
1300
1500
2100
3400
3200
774
755
1300
1400
6300
1800
901
783
915
2300
2200
1100
2500
818
919
1500
2200
669
875
965
1700
656
2000
25200
1800
937
1700
2800
6000
1200
1200
1800
1400
2700
4900
1600
4100
1100
1400
2300
1100
1500
1200
4000
1400
11600
26800
1100
5700
1000
884
1700
898
1200
1100
10500
1800
6800
9100
1800
1500
1600
1500
7000
1300
5200
2500
1900
2400
1400
1800
1000
691
1000
2700
2400
29800
827
286
1100
1700
2300
1100
1600
1300
4100
811
1100
1100
3100
907
661
3100
1900
688
740
1000
954
4500
969
354
8300
2200
4700
1100
5800
1500
552
816
820
659
688
9800
7000
1300
2400
2200
1600
1600
935
5600
493
1600
1300
925
909
4500
663
1400
1700
1500
20600
1400
1700
1500
677
1100
1200
9200
882
656
807
1200
217
1700
2200
1400
3700
3700
1600
1200
31300
10800
627
979
2800
1500
4100
999
501
2400
765
1600
2400
993
1100
1100
3100
2700
989
26600
1100
2000
2500
7300
1200
582
6400
1400
12500
1100
1300
877
1600
1100
990
1400
2800
1100
776
221
1000
1700
845
770
970
2200
1500
3800
1300
570
6200
1800
1500
1100
777
2100
19300
13600
565
311
590
4200
3300
4300
451
804
583
807
902
1100
1500
2800
803
27900
728
13600
413
1200
2100
1300
1300
1600
3300
1300
1000
2800
576
7300
1000
729
530
3300
1300
2800
1800
1400
1400
528
1300
3900
703
3200
1200
18200
1200
2500
7900
1300
2000
6500
633
1100
1200
3600
698
4100
2900
1900
1200
1300
1200
2700
393
3500
2900
599
5100
1100
815
2000
1300
3700
955
574
936
1200
1800
1100
2200
5500
1600
1700
1100
2000
4100
2700
998
686
924
66900
2900
13000
112600
783
1600
5200
17900
1300
1600
1400
421
1000
1100
3000
542
1100
1300
4500
1000
1400
1200
8800
1100
3100
3300
3400
6700
10900
13600
1100
1400
3700
1200
1000
4000
929
752
3100
2300
2200
4200
1400
1100
2200
374
532
4800
934
11000
838
642
6700
4400
871
753
1800
5200
1700
1400
3000
1400
2200
2000
1200
2100
1300
1000
7800
6800
7300
8600
993
2000
3300
7500
26200
102
1400
680
1100
