2500
96900
583
876
1600
3100
3500
1200
2200
2700
1500
813
997
2900
629
2300
6200
900
5500
4000
1600
2100
31300
822
1200
1700
2000
2000
1900
2100
1100
1900
2100
1000
1300
950
1800
880
956
1700
769
1100
732
3800
1000
464
436
1100
1200
944
5600
3300
2800
1700
1600
4600
877
1100
692
2400
2500
497
1500
4300
2800
661
1700
1000
3800
3000
7700
1700
2300
680
1100
1600
1100
729
1900
809
519
7700
2500
1900
549
3000
739
943
4800
3000
3500
5200
1200
656
2000
949
997
477
6400
782
295
6100
2100
7700
671
5400
2100
1300
896
14700
1400
1600
714
468
3000
2400
2300
13900
11300
1500
1200
1700
585
596
2900
3900
790
1100
6600
4800
47700
1200
955
863
3000
888
1500
4500
1700
860
7200
2700
1200
1600
1500
357
3800
1800
1300
6500
956
910
1200
773
723
1400
1000
953
725
988
775
4300
1600
715
8100
1900
658
1200
1500
759
2300
641
75500
1900
2200
914
15200
976
4600
673
6900
540
925
6000
5700
877
1100
88500
844
2000
4200
1400
1200
8800
1700
1600
762
9900
1800
1800
861
1100
767
1300
1100
3200
1600
1500
768
5800
712
2600
2100
895
9200
5900
13400
875
8200
1100
2800
6000
7200
1100
3900
7500
609
563
2100
6500
1600
2300
1600
6400
1400
640
2300
813
3100
927
2900
1100
4000
1800
533
802
863
1600
666
5900
1600
1000
979
761
2500
5600
1300
508
922
1200
1200
928
1200
679
1800
1300
1000
525
1100
1300
614
183
717
3700
709
764
1200
1700
27400
3000
8800
6100
1100
1200
532
633
5500
2900
1200
960
768
989
9900
1300
4700
954
18300
795
1100
1500
2700
1400
1900
764
1600
1200
3400
8200
913
1200
1100
702
808
1800
1600
651
694
1300
907
860
690
2000
10700
2600
919
3900
1900
1900
1600
1000
719
1900
542
621
898
1300
826
1500
489
3100
2000
3600
661
1200
7900
1100
2400
413
3400
1100
872
709
791
1700
9500
14700
8100
1900
1600
782
794
2100
692
2600
1600
1400
1600
2700
1100
1500
1300
2000
1300
977
3100
965
381
1700
1200
1800
2000
2600
897
1000
1800
1100
9300
145500
1400
3500
817
975
1100
1100
2900
3600
3800
858
2500
1400
1900
2200
7200
740
2000
905
818
639
1200
1200
937
1100
843
789
869
1600
2200
2900
647
728
1800
318
780
21400
3200
664
974
1200
6100
2600
3300
3500
1400
319
1100
2000
2100
2200
913
1500
740
1800
891
1100
1800
531
813
1700
1600
3600
1900
957
583
13600
63
999
715
2000
5900
1400
983
7300
6600
1000
4000
1600
9800
1100
10600
631
731
5100
1300
3800
1400
523
1300
1000
1300
5600
5000
4500
3700
1700
1100
953
2100
444
1300
2600
925
1200
1000
754
9100
1500
1500
6600
2300
26200
3400
5800
922
39000
1900
1400
4100
1600
21700
1400
1300
850
877
1200
2000
840
2300
1500
2200
4800
1300
2300
1600
3300
850
9400
16200
642
1400
1700
7700
892
1500
669
669
1400
1900
765
1800
13300
4600
1100
5400
952
1500
2100
4300
951
4000
1100
3400
799
1900
210300
931
3500
3800
1500
1600
4300
5400
1400
9600
877
1700
897
8900
3100
1200
9100
1200
1100
6700
13900
973
3100
1100
3100
526
571
1200
776
2200
2200
3900
1700
2800
956
2300
1400
5300
1300
1400
1800
836
845
1100
2800
1100
870
1300
1400
1400
4600
786
1100
1100
4300
917
6100
1200
16300
1700
90
1000
823
2000
3900
914
2100
1500
1300
1100
1400
444
12500
26600
1500
2300
9200
481
8300
10700
804
1100
2500
941
1800
1500
2400
699
2600
595
935
1100
1100
3800
1100
814
4000
1200
2400
2700
1100
911
953
926
2100
60
1300
1400
2700
1300
907
810
54
2000
752
752
558
795
904
1100
1800
532
978
2200
7600
1300
1200
951
2800
221
1400
880
631
28800
1700
3500
6100
940
1800
685
1300
899
650
571
1100
1800
3500
1900
1500
704
2100
2300
1300
865
1000
8000
24900
2000
1200
1200
3800
5200
11500
8100
1400
3700
1300
1100
1100
1100
5000
12200
2100
3700
3400
5600
540
2800
7100
1500
2500
1300
3500
3200
671
888
1400
3100
4800
660
950
664
6500
1300
955
2200
4100
2300
910
1400
666
725
1200
1700
1500
943
2900
1200
1200
1700
1000
4800
842
838
1400
1200
1100
1200
781
691
9000
1800
1300
1200
4100
5500
4800
2900
1300
1600
1100
705
2000
1900
1500
590
19200
5600
15000
1800
950
1200
1100
1400
1400
1100
926
343
1400
4700
754
2500
4400
628
1200
2100
1100
956
670
845
379
875
848
3200
875
524
8500
2400
2200
913
798
618
1100
3400
1000
1500
790
935
901
3800
1300
1600
635
5200
1200
620
2200
2400
1700
832
1400
2000
791
1200
3100
990
2400
1400
728
1900
2100
321
10200
937
975
1700
1300
1300
1500
942
1700
525
2000
903
4800
1000
2500
1100
1400
1400
2100
1900
1700
1500
18000
2100
1100
727
2000
1800
2300
568
2000
2300
731
374
2400
2000
446
3400
2100
466
903
841
2100
1600
875
1700
5400
574
815
2600
2700
775
231
4100
2800
1100
1500
1800
439
714
1100
920
1600
3100
8700
1200
1100
5700
890
1400
880
16500
3700
596
7500
1500
1000
877
987
15000
681
680
2600
1300
1400
1400
960
1100
2400
1400
857
7500
1100
1900
771
738
988
1700
2300
2700
1900
789
1100
4200
1300
1600
1600
641
2100
3400
1100
1100
1200
1200
1300
714
97
2300
1900
615
1300
990
752
366
2000
592
787
8100
4100
2000
1400
27700
546
1700
703
1700
2300
3600
1700
2100
2300
5300
1100
1200
2100
711
3300
1100
2500
3500
815
985
24400
982
1100
1600
1200
2900
37700
804
673
2600
5000
983
1300
1300
3800
1300
1400
717
1200
1700
6700
21700
1200
572
1100
1600
1200
5000
2300
1900
1200
1000
22600
1400
2000
1200
798
7500
4000
4200
2100
5200
1600
2000
19200
1100
1000
1100
1600
3300
6000
2800
3600
1500
2000
1400
704
839
1300
4500
736
1300
691
781
2300
775
6600
1500
35800
605
1400
1600
681
920
1800
11400
613
899
1600
1400
3600
689
3900
1900
791
1400
942
1700
1400
2000
1400
4500
1200
4000
3200
4700
314
559
12600
915
13700
2300
1000
938
354
2000
5200
802
1800
1600
1000
432
5700
1400
412
369
523
779
548
16100
1300
2800
6200
5900
2100
1500
983
1200
4300
914
710
1300
2900
1200
2100
2100
1300
1600
6900
5700
1500
526
741
8900
852
8900
2200
3300
1300
2400
1100
1600
1500
11900
846
3100
1100
2800
664
730
1500
1400
1900
2300
930
645
6900
890
879
909
529
2000
998
1500
943
31400
15100
15100
1400
1200
654
1300
8100
5000
4400
1300
2700
6900
6100
2200
1700
6000
11200
1900
2500
5100
5200
19100
3300
1000
862
1200
4900
851
1400
1900
1500
1000
2300
1600
2400
3500
503
949
1600
1900
1200
629
1300
1100
1000
572
1500
3000
2100
12300
1300
2300
577
1600
4100
2000
1100
4900
932
11400
1600
1200
896
885
827
2200
6200
1800
1400
1900
1000
1900
1700
1500
884
1500
5000
860
2600
652
1100
2000
890
1500
5300
2100
1500
5100
1000
3200
974
11800
2100
2300
766
2100
5000
877
784
7700
1000
2600
608
8600
2600
722
1000
1600
3300
2500
1400
1500
1600
1900
6800
912
2900
3000
1100
690
865
606
710
1400
600
1100
921
869
3000
543
1400
981
3300
1500
917
926
1200
540
1400
2100
979
2800
1400
2200
560
9100
1900
773
1200
1700
3200
1900
7000
3900
1600
2500
652
1100
9400
1800
1400
1400
1600
3200
9000
7700
589
3400
1300
1600
2400
727
2300
927
1100
22000
2100
746
826
2400
1600
1800
799
2400
505
3500
3600
420
882
1200
4200
871
890
2300
1600
1400
523
887
18100
772
1600
597
1300
2200
1100
1300
1100
1900
1600
564
1800
357
3000
1300
1600
1100
5700
1600
1800
6000
2300
866
6700
1200
1200
1000
983
3900
969
1400
967
713
730
2800
20000
5900
1300
2000
6000
669
1000
1100
1900
391
634
2800
2500
1600
991
705
898
1100
2200
3500
5100
779
1700
2100
17500
3600
917
1200
698
24900
1700
778
818
792
1300
3900
13700
1300
2600
306100
724
1200
1300
709
1500
569
4200
1600
2300
1600
1800
7000
3000
1100
1200
790
2700
1300
2200
3800
664
387
6200
1900
4400
1600
1300
640
719
787
1200
816
3600
847
1100
3100
1300
1300
1300
2600
1400
1200
56400
840
5200
1300
20600
450
3400
660
682
1700
762
4700
760
905
790
1300
2100
32500
1100
1500
3200
2300
22800
4200
2700
1900
2900
1600
2600
2400
967
3100
7200
978
1000
1600
3500
2100
1100
1800
3900
2700
1000
1100
5400
2900
917
1800
4600
1200
1100
3800
3700
1700
932
1300
8300
6300
7700
15700
734
1200
1600
912
731
714
1700
1100
845
559
3100
829
940
10500
5100
1200
1600
735
1700
537
1900
867
1500
532
2800
812
1100
918
2300
1300
12100
938
1600
4500
6500
24000
7100
3800
2300
1100
949
2700
959
3300
5000
6800
1900
1200
688
5300
3100
2100
3000
2700
1600
1700
1000
941
1300
2400
716
2200
12100
3300
654
1800
980
2700
1900
5000
705
6100
863
2700
1600
875
5200
885
6200
647
895
3300
726
1800
16400
1300
893
1000
1100
10400
527
3200
2400
7600
621
772
874
5100
820
1200
523
1000
1900
1000
803
1500
3600
331
2000
2400
1200
859
2800
1600
1800
2000
1300
1100
1500
991
1300
1700
50
2600
521
1900
2500
887
1200
8300
1200
19800
1500
996
4700
2800
4400
1100
3200
2900
1600
1200
1200
2500
1500
1200
1500
1100
2200
1800
12000
2900
6500
2300
1000
2400
4700
2100
812
949
64099
562
782
2000
1400
698
581
902
1300
137
2800
2000
1100
1500
2500
1300
2100
725
943
1000
1100
4100
369
2400
2700
1500
843
990
822
24000
902
3000
1100
2100
1000
743
2500
2700
2200
1400
919
3500
682
943
1100
3400
624
1300
1900
1300
954
1000
1800
1100
16100
1700
991
905
2300
3700
1100
1200
1500
3600
645
1500
4100
918
3400
5900
3900
853
741
996
2300
640
1200
1300
1200
1100
455
721
1300
961
913
1300
904
1300
1200
917
1600
636
567
3100
1300
1900
1200
919
811
10200
894
1200
481
979
1100
995
1700
1600
575
1400
11600
809
977
412
2900
610
998
11600
967
1400
500
2300
571
1900
1500
1000
1800
1500
5300
817
43
945
4600
2600
2100
1100
17500
1200
2000
537
3900
1200
1900
4000
1100
2900
2500
2600
9900
1500
5500
1400
1100
753
677
1900
9500
2400
2600
976
737
3100
1800
803
2200
786
1100
817
64
1600
1200
1800
858
21800
2000
956
3800
856
797
840
1800
1900
822
3800
560
10400
3100
1000
868
863
985
1400
828
1400
1200
1000
667
838
535
773
1100
1100
1200
1700
8600
1900
989
64599
744
938
1800
1500
1200
1800
729
1700
1300
1400
3500
775
86300
1100
3800
579
994
872
737
898
1400
4800
6700
2000
811
1500
4200
3800
924
780
669
1700
874
2900
19500
2100
1400
1200
3600
580
857
625
973
725
2600
1600
716
781
917
5400
3600
3200
1200
3400
834
744
1100
1100
871
3500
1900
1300
484
1100
1500
6500
3300
8800
5200
2900
17100
2900
1400
1600
11300
665
863
1700
1600
886
5500
735
2600
3500
1500
6300
620
503
4300
912
1500
789
527
859
3100
9900
3000
1200
1200
2300
7500
655
1100
11200
1100
1600
651
783
569
1900
2100
9800
96000
8200
1200
486
1700
742
1100
1300
4100
12200
4700
981
1700
1500
2400
990
970
968
1700
532
1700
1500
670
3300
3300
682
1900
3700
5500
838
478
9000
2500
1500
6500
900
4600
1100
2500
818
1100
645
1400
625
1700
6900
15100
826
608
6100
3000
2100
565
6300
1900
1200
2600
1300
1300
8800
1500
727
1100
3500
764
1700
817
1200
11800
4900
1200
1300
900
2200
1200
1100
2900
1400
1600
1400
923
4000
2300
5600
733
4300
2900
11300
875
2900
9800
637
6600
791
1800
10500
2800
1600
1100
798
7500
13900
3600
2600
3900
505
1200
1100
690
937
3300
12400
2700
4300
560
943
1100
13700
566
854
506
433
632
948
1100
868
3000
1600
836
2200
1400
1200
1200
1700
919
1200
755
1200
3500
915
785
968
2800
2500
32200
7700
924
1000
964
1200
998
27400
1700
1400
3400
1500
2200
3800
1700
4200
6700
11500
1600
895
1800
2200
1400
5700
1400
17000
785
1200
877
1200
1500
723
1000
559
1700
6300
187
3100
870
1000
930
1300
787
2600
1400
1100
935
960
1800
18000
870
759
1600
3800
3200
1300
740
38800
2000
1900
1500
1000
4500
1100
972
1200
2600
959
8300
1000
1100
2500
887
1900
1500
7800
1400
541
1800
6400
619
11000
1400
13400
1900
1100
1900
5600
1100
1500
2100
2300
716
1100
8300
916
6800
5800
824
709
877
3600
684
1300
687
973
3000
2700
1200
1800
6600
1200
536
17300
1200
33400
1800
2100
1600
7400
1100
654
899
11500
1200
6800
1000
1200
611
1400
1000
1000
1100
1900
1000
2700
1900
713
6800
1200
399
1000
955
777
525
1700
1100
719
2400
998
14300
6700
1400
826
23000
2400
5800
220
1500
384
3500
948
1000
769
1100
2600
2300
3600
2200
1300
1900
854
8700
1800
1100
746
9400
1500
2300
3000
587
3000
1500
3600
1500
1400
1200
590
1500
838
1100
901
2000
1100
702
774
2600
3200
1400
7100
1400
915
930
846
2000
1100
1300
1100
7900
1000
358
1100
888
521
3000
804
2300
2200
18000
6400
1100
994
893
548
875
3400
2100
1400
2600
1400
580
1800
1400
536
16300
713
1600
1200
1000
5100
989
870
816
816
1200
774
955
1000
3200
6500
1800
2500
532
3900
538
986
8700
1600
864
2200
20500
1200
61500
1600
1700
867
667
2300
916
916
1600
911
1000
4400
633
13800
1500
8700
1600
873
689
27400
1300
946
2000
722
14200
14700
7000
1100
618
1100
2700
1000
1100
2100
11200
3700
2100
1500
1100
1300
2500
1400
1300
1500
2100
6800
796
15700
738
858
725
1600
2300
917
811
731
2300
794
1200
2500
795
5900
2400
895
4100
26400
534
62300
891
26700
4100
902
2100
752
643
1100
1700
715
2400
2100
18700
717
1300
1200
1100
8100
1700
892
560
7400
3000
1100
1700
438
1800
873
872
1600
772
1700
1300
3100
3600
980
5300
2700
5900
2800
1000
1100
1100
3300
1900
2300
1000
1000
5000
1400
1200
6200
2200
981
540
1700
1500
2700
140
2900
758
1000
608
586
1200
4200
1500
2000
1000
1500
1000
18600
829
10500
1500
1100
1000
7600
1600
1500
2000
539
1700
5900
778
481
2500
2200
1100
459
3000
6500
693
27500
574
824
1600
817
2400
2300
2600
1200
4600
1800
1300
1100
1000
1500
4100
1200
935
777
1500
806
431
1100
542
795
2300
820
751
833
846
844
544
1100
934
1400
1100
2800
2900
866
1900
971
774
1200
12200
1100
580
4800
1600
678
872
1000
4700
4200
1200
1100
467
3400
1500
1900
1000
5800
1200
874
1200
678
1300
2300
1100
2700
2200
12200
3100
6400
2900
1000
1400
32200
2600
26300
1700
874
988
815
2100
30200
1100
17300
1200
667
1200
5000
2700
1700
1100
6600
822
1000
850
1400
760
2800
1100
996
1300
1500
4700
9000
2700
277
2600
803
884
1700
2400
10400
9000
6400
1500
1600
12800
1600
1200
934
622
4700
3000
666
1000
1200
578
2500
2100
326
2200
939
1400
1600
4400
1100
3600
6300
224
640
25900
1500
2800
790
783
834
1700
1000
3600
2700
1300
1400
3000
7600
949
1600
350
776
2000
489
765
2100
1300
21400
633
2500
1400
720
1300
3100
994
1300
1900
728
768
2200
721
1600
711
1100
525
8900
1200
5000
937
1400
876
1000
4400
1800
1100
2900
396
47300
980
1600
962
1200
915
1400
3800
4400
879
2300
2800
1500
819
851
6600
939
1300
2200
1400
1200
2000
1500
4500
882
1100
1700
1200
112600
1100
2000
1100
1400
1800
2300
1200
1200
1400
1000
776
1200
4600
1400
1600
1300
1700
1400
4400
764
922
1700
762
82
1200
5100
1000
103
2900
819
890
1100
1600
1400
474
4700
1800
688
3500
505
1400
607
861
1600
2500
1500
2100
1100
998
1500
2300
1900
1100
23000
731
2400
2700
9800
1200
1200
1700
2100
1200
990
2200
4000
2500
589
606
2500
6400
997
7600
3500
2300
5300
1500
13000
1400
1200
16000
3100
792
3300
7400
777
870
1300
6000
1200
12300
2200
2700
4800
659
6400
746
748
1400
1300
1300
1400
1600
1500
7100
1600
1500
817
2000
3400
1200
1100
977
3200
1800
2500
1000
900
12800
8900
2100
625
1200
8900
1100
1900
2500
1600
3900
2100
846
1600
1200
5300
755
20700
2500
822
1300
13000
841
1700
1100
6200
1200
1100
642
2000
783
442
1500
810
871
4600
863
1500
1400
760
940
3100
1900
1200
3400
1500
1100
17900
1200
744
1400
68300
829
613
1100
1700
831
941
377
970
1100
1600
4600
782
12300
1100
12500
1400
11600
952
8600
1500
820
7500
1200
761
958
987
960
1200
1800
6300
851
832
1000
681
5300
3900
2400
282
3600
12200
1200
3900
1500
1300
2700
2300
3000
1100
607
861
1200
2300
1400
823
591
775
4200
787
550
1200
981
615
3400
2800
1700
3500
1500
1600
10600
8100
451
831
1100
3700
930
6600
1400
1200
2600
1000
473
693
1700
774
1200
642
11200
1100
2400
856
27100
1100
2200
916
1100
805
1100
851
1200
757
1300
30600
1700
715
1100
923
5200
6900
852
758
724
991
745
6500
2800
722
1100
943
2800
794
1800
982
877
1900
1000
1800
5600
3400
10500
871
1100
3500
2600
798
2600
1200
7200
13700
559
2700
480
1200
4800
242
2800
771
5600
5500
1100
7900
1700
9600
1100
2000
1200
654
53900
934
1100
1600
812
1300
894
8500
1400
1200
2000
1600
937
1100
2100
811
2200
1800
1800
2900
1200
691
2500
3200
940
760
5400
1900
1800
26400
2200
1600
2900
2900
5300
973
752
1100
1100
4400
4900
1300
1100
5400
921
1500
920
2200
977
3100
817
1000
11700
1500
883
4500
2900
836
3200
1600
2600
987
1500
4800
8900
1100
1400
4100
671
1500
397
2100
590
18200
7400
1000
1300
1400
1300
1100
1500
2500
873
382
1900
629
1100
939
797
1800
2300
1500
2800
2500
872
1800
1200
496
1000
1100
840
3200
866
1500
948
1500
1500
1200
2800
830
2100
5500
2000
5300
624
3700
3100
1500
2400
1500
1400
1300
2100
1300
2400
859
675
1900
1200
2000
3500
800
714
1900
1000
5200
7600
1100
821
8500
867
883
1200
963
506
1400
1400
4500
9600
1300
7100
677
2600
1800
1100
1100
2100
884
2700
4200
1400
1500
3700
2200
1500
2200
1300
2100
4100
5800
1400
4000
1500
4900
4000
773
2500
2900
2200
30500
524
789
742
798
495
2800
450
788
1800
1900
1800
9700
917
7800
667
1100
1400
1800
923
2600
1300
36600
1100
1300
1100
1900
690
1100
3000
783
3400
2000
2500
928
2200
1300
1100
1300
535
2500
1700
1100
887
1200
3800
1300
2200
1500
3500
7400
1300
2400
1200
1100
790
7700
1400
1300
1400
763
1200
895
1700
2000
5400
1800
857
1100
1300
3300
3200
1600
1200
12900
867
1300
4100
932
5200
4700
1300
813
1400
21500
2000
1400
823
3700
1900
767
1300
518
1000
1600
504
1000
1100
2700
1200
780
4800
9800
2600
900
12100
570
9400
584
1200
1800
1100
1100
867
12200
10300
1200
2600
3700
467
1700
1800
753
5300
1700
215
1000
6100
1400
873
824
1800
4200
1000
907
1800
962
940
981
802
1400
1400
2600
2400
1200
3600
123
15700
1800
1200
808
5900
370
4600
35800
865
554
2100
680
977
970
1100
1300
1900
1300
1200
919
5600
797
11800
549
817
917
3000
1200
538
1500
2600
5700
3400
9700
831
1400
1600
894
2100
1500
654
1000
1200
2500
608
956
1800
377
1100
1000
924
2300
1200
1000
27300
1300
1600
4800
4800
1900
2000
4600
513
1400
701
3200
1700
1100
2800
827
1800
993
1000
2400
854
1100
980
1600
1300
1300
2100
1100
1100
528
889
1200
1800
1100
3100
1900
2300
716
747
807
969
2100
901
1300
4500
1100
1000
1500
1200
1600
772
998
3100
3500
3000
618
13000
1800
2200
1400
936
2400
1900
2300
969
2000
987
1100
718
6200
1000
1700
784
35700
1000
8200
673
1700
1100
50100
9000
971
589
2200
2000
456
768
2300
716
1400
4900
1900
1500
438
1200
614
8400
2600
794
1500
1300
1000
2300
6800
588
618
1000
907
3300
574
917
10500
5000
1100
1300
3200
659
1300
1400
2300
973
1200
772
1100
612
1700
6800
949
3200
514
1700
2000
755
354
1300
1500
5900
1900
278
4500
1500
1300
1300
935
755
1400
4700
1100
598
2300
22300
14700
922
2600
58400
463
2600
7800
4500
1200
758
1400
1300
1200
2300
4900
957
1800
2800
2000
585
4500
738
6700
595
998
864
7400
469
934
4000
731
1800
858
1600
518
2200
842
2400
4500
1500
1200
2800
1700
1100
10600
5000
698
864
4100
877
5900
729
1100
872
4700
843
3500
1400
5200
996
581
1300
1200
1200
1700
759
900
781
957
4900
533
1200
717
5200
1300
909
1200
1300
1100
969
626
1500
725
1400
5700
806
87
1500
1800
1300
1400
940
1200
959
683
1100
992
2000
2800
1000
669
2200
2600
907
13600
3400
1200
1000
760
1100
967
2500
1000
1500
1400
1100
528
646
1000
752
1300
1000
10200
2300
875
1200
4900
1700
1700
800
1300
5800
1000
2600
1100
2700
1600
1900
942
2100
1800
1600
266
620
811
789
757
1200
946
1300
2700
991
2600
521
2300
654
1200
1300
1500
3300
773
3000
1600
922
973
1400
498
1500
4400
1700
2200
504
823
5400
986
2800
43700
748
4200
3100
10700
6100
2000
1000
749
3400
4300
1000
9100
4500
2200
1000
1700
955
2500
1300
2100
1200
8600
1100
730
1100
1500
535
1300
1800
1700
1400
937
11400
1200
860
25900
1500
6000
2700
1400
1600
789
1000
3300
2100
1000
618
1000
24100
6000
1900
6400
2700
1100
885
26200
4000
2900
1100
5200
1700
1100
42600
1900
838
1800
1300
2000
859
4200
830
1100
3000
7700
1500
1200
6600
9700
3400
1400
2400
941
7900
724
623
1
2000
1800
944
839
703
889
3400
1500
1900
2600
600
4600
976
5300
927
2300
1500
1100
27900
2200
10400
745
1300
2700
27100
893
861
788
920
7800
1000
3500
696
3600
895
7600
13000
831
954
3000
1700
81200
1400
1300
753
1000
6500
1600
1500
4300
1400
1400
1000
1300
851
1000
565
1800
583
714
1700
1300
3100
2300
4400
1000
1100
1900
518
556
18500
1100
679
2600
1000
2500
1300
1000
1600
1100
1200
8200
4400
4600
2200
3200
625
860
522
2800
4400
1200
7400
6200
776
2500
498
6900
12400
1000
2000
575
1600
1000
997
1100
587
1200
870
2800
9300
806
1200
5100
690
39000
12300
2300
8600
5900
1800
971
606
852
2900
20400
1400
823
933
731
1800
970
3400
1200
1100
919
4700
1200
3900
682
1600
2100
1200
1400
971
555
1800
1300
3700
3700
6400
11000
506
1400
2700
2500
41
1800
6500
985
1500
888
1300
3400
4200
1400
1100
1300
832
1200
2100
465
563
8700
56900
7600
4200
3900
1600
4300
1200
912
1400
8600
1400
1500
1400
1800
3500
8000
1500
1100
1500
6500
851
3700
807
2900
1000
2000
343
2200
502
1700
1300
1300
955
2600
713
31400
718
1200
2400
4300
1000
1400
4600
1300
25400
2500
949
14700
1300
1300
6400
1100
982
1900
642
730
950
2500
2700
3300
1500
2800
861
889
826
1600
1300
144
1200
4900
1300
1300
1600
387
1300
2000
1700
776
1200
3000
15000
7800
3900
5700
1800
2000
879
14800
992
1300
1100
1400
2300
5300
1300
689
936
773
4100
1200
1300
1000
829
3000
597
1700
653
956
2500
1500
539
2500
925
4500
1900
5600
1600
3000
1900
1700
1900
1400
4300
1100
734
3300
1000
1700
25000
3600
1400
742
5000
1300
4100
703
2200
2300
9500
28600
411
1100
826
1400
768
7800
1200
753
10300
1100
92100
937
2100
804
2900
738
1600
1200
873
1800
2300
928
22500
21000
31300
4300
964
1800
1100
2400
1100
1700
647
1100
413
12600
1900
3100
6900
1100
821
716
1000
4100
1700
2900
686
3100
660
1800
3000
811
926
1200
2600
625
1900
899
7700
2000
599
963
4400
77
2000
3800
1200
818
5300
607
2000
1300
620
1100
2700
22300
918
983
1100
849
898
7300
1500
452
822
950
2100
4600
1500
3200
4100
1700
3600
17700
1100
633
14800
1100
2200
1700
2100
4800
3000
3200
5600
3200
622
1400
2100
2000
1800
1300
1600
1800
1400
4000
1100
2200
3600
1100
1300
964
910
3400
1900
981
1500
1000
872
1700
2200
12100
2400
958
5000
4900
1400
1000
2200
896
812
3000
5000
1400
4300
755
1300
2100
1100
4500
12300
695
785
1700
800
1200
917
2700
1200
3300
7600
2500
1200
987
743
12100
3100
802
2500
3000
1300
1700
2900
1100
13600
668
417
1300
803
2300
13900
907
1500
3000
5600
2400
1400
16600
1600
783
1900
936
6300
1200
733
745
6800
1700
3600
3100
1700
2500
714
829
1100
572
3200
1300
3800
1900
1100
1900
7700
1000
31500
1500
2900
1400
931
1400
3000
2300
933
678
1900
704
845
977
822
1700
2000
3800
5500
775
1700
1400
1400
1500
7400
732
4700
415
987
474
773
3400
773
1500
944
4200
1100
1100
6800
3300
1300
4100
1400
1900
893
2100
615
3700
1900
2200
10100
11100
2200
1000
28400
1100
2400
871
543
18000
1500
1400
8100
1100
6400
1300
1400
1000
1500
1400
620
2800
3800
1400
6300
1000
979
865
964
733
1100
1400
2700
653
856
1300
2500
1700
860
1600
4800
788
1500
39400
977
997
1500
1000
1800
1200
858
7000
4600
801
5700
656
870
3400
721
2800
850
1100
1300
4500
3600
12800
1700
3100
1300
14500
2000
8800
1900
1300
20500
1500
566
17200
2600
2000
1400
1200
12100
1100
1100
958
1900
2200
4800
1100
1100
1000
5000
1000
6200
3000
906
834
5400
1400
5000
3200
2100
3300
1500
1400
2800
871
1400
847
3000
1600
1800
4100
787
5300
667
2700
883
4200
556
1500
17100
992
3000
699
1200
1400
838
1800
3000
834
427
4600
2200
1300
14200
1500
759
18600
12200
3300
1500
2600
2500
2700
2100
846
539
3000
18700
1700
799
3700
970
735
3200
10100
1100
1400
1100
3000
1400
3700
2700
1200
509
2000
916
10300
815
902
1100
788
1100
12400
746
1700
703
991
815
1300
751
1500
1100
2300
1200
2800
777
1800
1500
1200
321
10200
4800
694
1400
1100
6000
580
877
1500
1400
1400
800
1800
1700
1400
955
609
1200
7700
1600
1200
2700
1100
1500
2400
6200
1100
1600
1400
928
924
31300
1300
3100
1300
1400
3100
2400
552
6200
3200
687
4400
1900
1900
908
3000
2200
1900
828
2300
4900
1500
14400
1800
839
2200
6700
1300
1500
864
2400
640
667
2400
888
1600
1800
819
1100
924
1800
3100
8500
1000
1300
1300
1600
753
3700
1100
4000
3000
2700
1500
1100
25500
789
1100
566
1300
1600
718
4800
2800
16300
4000
1700
5500
201
2400
762
738
1600
2900
1000
4900
1600
856
996
3500
2000
1100
651
2600
1400
895
1200
969
1600
912
1400
818
731
1100
51500
3900
1400
450
1000
1100
3400
861
2900
852
692
2000
967
1400
853
444
1100
410
1200
726
2700
759
1300
923
651
731
732
792
1500
565
5300
2300
2700
256
1700
2700
710
800
699
200
710
1000
1100
919
924
930
1500
2700
10400
2500
3800
7400
1400
2600
1500
8000
1700
958
2100
36500
1000
1600
1200
819
2000
1800
658
801
13000
2800
2800
753
8200
451
977
2500
1900
850
2000
4300
1100
1500
1100
1200
1200
1900
677
1000
751
820
1200
9500
820
861
751
8900
1600
970
3200
3900
1500
1400
4100
2300
725
5800
4600
1300
4200
1200
1000
1300
1200
3600
915
478
744
2600
1300
705
539
1000
1100
2400
2000
530
696
1100
1800
1100
1200
6900
1000
890
1100
4200
762
112500
1200
1100
5600
649
1200
800
2400
1300
2800
1200
1900
2000
827
3600
507
