18500
708
1800
1600
4900
985
7900
444
902
1600
1200
465
1800
2500
13100
681
6800
3200
7700
5800
808
974
17800
4000
916
1400
1800
11100
32299
1200
956
2900
4900
5500
1200
1300
952
833
2200
1200
1100
1200
1300
2600
635
1100
899
877
811
8200
1400
6100
832
4200
733
1300
1500
841
1000
5500
1100
1200
1600
2500
808
6400
2400
1300
3100
4400
1200
12300
967
1300
1100
778
2900
3400
1400
4300
1400
743
2100
1600
2200
1800
1400
2000
827
1500
6500
5200
1100
929
2700
65300
1400
864
1000
447
2400
542
958
3200
2600
1400
2000
1200
1600
1300
1400
6200
519
11300
5000
61500
28200
1700
1200
1300
709
1800
4300
478
1000
817
1700
2400
19100
1100
2600
1000
6300
1300
1700
4600
1500
788
9300
643
1000
1200
905
1400
760
1300
1100
3500
306100
1400
1600
1500
1100
1400
1300
518
1000
563
2800
720
2800
776
1700
45900
713
2900
894
2900
2100
3300
802
712
655
2300
755
3500
1600
1900
2300
1500
1400
1500
2500
3200
2500
806
1200
873
796
1300
1400
847
3300
923
1600
1600
1100
1800
80400
1700
990
2600
1500
944
872
4500
2100
14100
995
627
548
7700
1200
1300
17000
736
800
1300
605
1500
2200
78
1400
1600
2600
4300
948
4700
1500
1000
953
15700
768
833
138
1300
1600
5100
2400
18600
698
1100
2800
1600
701
7800
1100
1500
2200
1500
1600
1300
2700
1700
134
1400
1400
3800
899
49700
6400
2400
716
720
908
2200
10100
1600
545
6300
895
1200
1500
1400
16200
1400
5000
2000
44800
1100
899
1900
9200
8500
1500
535
2500
2200
1900
1100
2500
690
2100
918
3800
2100
413
6700
1500
65900
4700
8800
1500
3900
4500
6900
2800
8400
1600
1400
1100
631
674
2200
2600
1300
3600
776
1300
644
3600
5400
1600
628
737
1600
2200
1200
1600
613
803
734
736
1700
2100
853
3200
823
869
1400
704
804
1700
1000
1500
2800
1500
860
1600
4300
1800
671
761
45100
6800
1600
2300
596
8300
1100
808
913
4600
946
5300
1800
112500
3000
1200
686
1300
617
5200
477
2600
1000
571
595
3200
1500
1400
1500
1100
720
2100
1700
863
5600
2000
940
1000
3600
1800
1700
2000
988
785
462
713
1900
1200
8300
1500
2800
2200
1900
684
12800
2400
1100
648
4300
1200
4900
9800
932
1600
1000
8800
1400
1300
1100
658
1600
2500
2000
777
751
1300
9400
1400
4900
483
654
958
648
1600
1100
577
880
724
2800
582
34100
6500
1800
1700
506
753
722
3700
5600
731
902
1300
1500
1400
650
1400
3300
685
1100
567
1100
1800
2100
384
788
3800
1700
2500
17000
5100
1000
20900
1400
2200
21100
1400
12500
2900
451
1100
1100
847
1400
1100
1200
1600
979
1200
5500
532
956
10500
2500
745
1300
1200
1000
809
1500
105400
1500
3500
1900
892
444
902
2200
695
587
2000
3800
820
627
23000
1500
655
760
2100
6800
1100
709
4700
657
2700
574
1700
600
1000
1200
401
2000
3700
1200
757
682
4300
22100
10400
3900
946
5700
1600
1500
872
839
1700
3200
830
3700
3400
3000
1600
1300
650
3800
11700
588
16800
2100
3900
3900
1700
1500
1200
1500
2500
6200
9100
13800
6000
1400
1000
732
4900
2100
549
596
919
8600
1400
4500
3500
1400
1600
54
2100
741
435
1300
3500
2700
1600
1200
1100
510
9300
6500
856
968
1700
1500
1700
1100
4000
1400
3500
414
2700
1100
2400
1200
991
1700
3100
1600
3700
7000
928
3400
962
2100
771
857
447
6100
12300
3700
2000
642
7900
1200
915
3500
976
8200
2100
1400
495
2800
1400
621
4300
19700
1300
1200
1100
946
503
1100
1900
16600
597
650
710
1500
2900
6800
953
18800
999
1400
6400
14400
3900
1700
5800
401
954
991
997
1500
1400
1900
1300
864
3500
1300
2000
16700
2100
857
1500
964
2100
954
1400
1000
544
5200
40300
1600
1700
1100
3400
232
3400
1500
2000
46400
10100
817
942
1100
655
2800
860
1400
1800
1000
111300
612
895
932
266
3500
892
1200
764
22100
2900
1700
789
696
2100
1600
1000
736
1800
35800
1200
2800
1400
1200
1000
941
403
1800
779
2900
824
676
794
1700
4100
1000
1500
4400
1100
14000
1400
3400
996
645
5300
1300
3100
2000
3500
2100
816
6400
1100
823
2000
732
1300
1100
2200
973
3000
3100
331
3000
9400
705
1000
11300
3100
2000
1600
1600
992
10100
1600
832
3400
966
2700
4800
890
1300
1800
1200
2200
2700
1800
728
1200
1400
783
9000
14400
640
3200
896
465
1600
3400
902
1600
1800
1500
775
1400
1100
6700
484
1000
20900
1600
1500
4200
1600
1100
1700
1900
877
4800
2900
1400
11100
845
962
1200
2200
992
2100
3500
1400
605
1500
927
1600
1600
6500
3200
1000
8100
1200
1700
1800
4300
1000
2100
7900
2200
3300
1800
1900
2300
7400
2300
3800
4200
708
2800
883
1800
8200
1100
1800
1500
1900
6100
397
1300
6600
2200
1700
1600
909
15000
1100
885
1100
407
3300
2900
677
12800
1300
1600
1000
1100
875
1100
829
3300
1400
2800
1700
1500
1700
1200
732
1100
1200
3900
3900
5100
2700
806
4200
1200
1100
3700
10000
1000
923
1200
859
2100
1600
3300
6700
6100
3400
2200
1200
646
12000
2200
1800
5900
3200
642
2100
10700
6000
78
1800
473
2900
2600
5600
2900
709
1200
4300
872
1400
579
1500
1100
1300
781
1100
633
4700
1300
2600
883
882
731
2900
1600
6700
2300
2300
1100
1200
1000
971
1400
1200
2200
1900
1100
1200
3800
1200
22200
8200
3600
461
1300
9400
3300
1100
739
689
1100
974
2000
35800
20200
1200
6600
2700
666
916
3400
1600
716
921
974
1400
1000
1200
1400
746
896
813
2400
905
790
964
1300
1400
2300
858
4400
6000
944
814
2800
830
719
1800
823
661
1900
921
931
2300
2900
2800
1700
4000
1300
476
3800
1200
7100
1100
1700
548
1500
2300
1000
1500
18300
1400
1200
1800
984
1100
1500
6800
1200
952
6400
1000
973
2800
936
1000
581
2400
3000
2100
2000
674
17800
13200
1700
1300
1200
2200
1200
1300
987
1400
1200
1200
1000
1400
1100
1500
710
3800
1800
1500
1100
976
2200
1400
1800
6600
482
1300
10500
808
1100
3900
1700
817
5900
989
860
13200
6400
731
1300
3800
1100
850
1400
2300
1300
3100
15200
1500
9800
910
2800
1200
12000
4500
2600
1300
850
2900
1100
1700
850
646
761
5900
3700
1400
2900
2600
2200
4600
889
4200
516
984
1100
1700
616
1100
1400
838
1000
1400
916
1200
1100
23100
2700
1200
652
859
1700
718
1300
3500
870
4900
2200
1700
2100
549
698
1100
1200
1000
3700
1100
710
2700
1700
927
2500
1400
2000
1000
423
4500
602
1900
744
13100
2800
17100
935
30600
1600
4800
3800
5300
1300
1400
599
1700
7700
1600
1400
1800
1200
1200
2000
1200
1500
1400
5700
2300
3400
476
4100
691
525
2200
856
14900
754
2000
2900
4200
6500
1000
1700
1400
2000
1700
1300
1400
4600
1400
1700
1000
14300
1100
1200
3600
678
557
2200
667
92600
2700
964
1500
2200
2900
3900
484
973
1300
5100
942
789
3300
10700
1500
2000
2400
2600
5100
917
1200
4200
1400
53200
1000
796
1700
826
7000
844
1100
1500
674
1100
3400
1200
2000
1800
3800
719
975
1700
1400
1600
3200
1300
1200
4200
1400
3200
3000
3700
1100
902
1900
1800
1900
4300
630
5900
3100
787
983
483
727
947
888
3300
932
1400
1700
1500
614
676
2300
1200
1600
1000
14500
5600
1100
1200
1500
2500
11100
642
875
1200
5500
3800
1400
655
25100
1500
20400
914
738
775
1500
14900
1400
997
1200
10700
2700
701
1500
800
10900
2200
1100
925
907
754
799
1800
2400
981
859
638
593
11900
851
3600
4200
1100
1600
2700
1200
1200
2100
1600
2700
3500
633
2700
1100
684
792
1000
1200
759
4200
2200
4400
1000
924
7200
1900
908
3900
4600
1600
1100
1400
851
1700
3400
2400
2500
651
5400
2900
1100
5100
2000
973
764
64099
737
1600
2400
608
698
2400
773
810
3300
4500
879
1200
655
1600
1800
5500
1100
952
2800
1300
34800
1200
1700
598
3300
1800
1400
1500
839
1100
14400
881
777
2000
1100
680
862
825
966
1800
956
16200
1600
1300
581
1700
1900
902
5400
928
1000
1300
1300
837
735
1200
3100
1400
626
5300
860
1400
4400
2400
1400
2200
664
2500
2000
1800
937
6000
1100
2900
2100
840
1000
1900
1200
2400
1100
1200
3000
3200
7200
308
776
485
3500
29000
3300
906
1800
237
1400
1200
733
3100
1400
4600
902
604
11400
4900
3800
10500
892
4200
2000
608
8600
1400
3900
5900
1500
1300
1100
1900
2200
3500
1000
642
779
1400
1000
1500
2400
1100
1600
541
718
3400
1800
1900
974
7600
956
725
77300
11200
840
2300
2000
2200
636
625
920
5400
1300
990
3800
688
1600
6100
2200
805
1100
1400
1100
756
5700
2200
2500
4000
2400
2500
13800
1000
1700
1700
2100
1800
1800
1000
921
959
1700
2200
1000
6500
946
1700
1700
806
2700
8800
1200
15200
962
983
5200
1800
1100
1600
1300
2400
3800
889
1800
12200
8400
980
2400
301
3600
847
4200
7700
1300
1900
1100
913
8000
10800
1400
4400
3800
1000
1300
661
2000
1300
802
763
3100
871
2900
870
483
1100
486
1400
1600
6500
12200
633
1100
1800
493
1500
1200
1600
1900
701
5300
681
432
838
796
1800
1200
2100
1100
11400
934
2600
767
703
2200
1100
1400
4500
1800
3600
978
1500
4800
1200
1400
9200
843
2100
2900
13400
7500
2200
15400
1800
359
1200
3000
4000
1100
1700
3600
1400
998
3300
954
1900
487
4600
1600
976
2000
1200
2700
619
1300
900
722
6500
2300
589
791
945
735
1100
2800
4800
1400
1600
3800
853
1300
1600
2700
1100
617
2100
2800
6100
1900
1800
930
447
13000
985
727
1600
1500
4200
730
989
1500
1100
1400
1500
1200
11700
727
1600
2200
454
859
587
1100
1400
2000
1200
18500
764
928
810
1100
1400
1300
870
2300
2200
1500
6000
4900
965
756
916
48500
2800
1600
2100
1200
146
623
1000
702
909
775
2100
1600
2000
904
993
858
7900
2500
1400
1300
1100
14400
13300
3200
783
2200
932
1500
750
5400
1400
6000
1300
1900
744
2600
1900
1000
1400
1500
501
6500
964
723
3100
2200
3700
635
1400
1200
8100
5300
2000
2500
6200
854
1100
2700
625
2000
3200
5900
660
624
9500
3400
3500
457
1900
1200
1100
1200
740
3500
3200
6000
69300
771
755
2900
4800
97200
602
1300
761
2100
1100
2500
1700
1400
1800
939
704
4200
336
891
1700
1500
1200
2500
3800
3000
4100
2500
3300
977
1400
1300
11100
971
7600
605
749
682
1100
1300
1300
2100
1100
4600
5300
1700
1100
1200
2800
11700
980
5200
1700
3200
2000
5500
1200
7200
822
173
6600
745
3100
4500
1100
1300
14300
979
5400
1000
737
1300
5800
1300
551
3700
1800
2700
4000
7600
1500
1800
6500
1100
788
1600
1800
10900
4200
1000
1700
1100
856
1600
3000
2800
5500
917
591
951
950
3700
971
1300
950
4900
2600
851
2100
519
1700
1000
933
2000
1900
2200
964
1500
14500
1300
890
6000
2700
57500
849
1300
9700
53300
4400
6900
480
1900
3400
1900
2400
2300
13400
1100
1400
845
677
16200
2800
1100
3800
1100
1500
8700
1200
769
1400
2200
8700
13600
1200
28400
4000
2300
453
2000
1400
1100
1600
1200
1900
1000
5000
2900
3300
2900
800
3100
1300
1100
1400
2300
1200
18400
698
25000
2500
1500
10700
1100
2300
18700
826
1300
715
2000
5400
49800
6000
10200
1200
552
835
961
2500
707
864
19200
2000
292
2200
2200
2400
7500
574
1300
1200
2300
969
815
988
1900
3300
938
3100
1200
1700
1300
4200
11500
55600
7500
7600
25200
2000
936
831
3600
1100
7900
915
67800
1400
1200
2100
5700
671
3800
1500
1000
2600
7500
1100
957
992
2100
744
560
4000
4100
3400
375
704
1700
1700
1500
2100
3000
18600
583
1200
1600
5400
1700
2800
1200
1200
3900
9700
2000
3500
834
874
10800
4600
4700
1700
950
830
640
912
873
1100
3600
2000
1700
1800
1700
885
1400
1300
1700
1200
1800
1200
944
897
5600
2500
683
1000
1900
1500
989
1400
4800
8500
6500
1000
1200
1700
2100
845
3200
2400
1100
572
7900
876
847
2200
1500
13800
647
1200
820
10800
798
1900
811
1300
2700
709
1500
6200
718
6500
10900
817
4600
1200
4200
1100
3200
10600
3500
1300
3800
1200
1000
2300
790
3200
736
1800
861
9500
940
4200
1400
910
427
1400
888
1600
2300
1600
1000
1100
1000
6100
794
12800
971
8000
643
726
2100
616
389
2200
1900
723
1900
1900
2300
1500
709
4500
2100
59100
974
4100
7700
6000
1500
959
1100
1000
2600
486
1200
1500
1300
458
3700
2000
4600
1400
2000
1900
1100
758
1200
1200
469
960
1100
1100
874
1800
959
2300
1300
2400
3200
6200
808
491
2300
997
3600
1300
432
1700
2200
3300
1100
1300
2700
2800
2300
1100
1200
1600
1500
2100
583
1100
10000
1600
874
1000
980
2100
1400
733
1500
618
1200
2200
10900
3600
3000
3200
3500
1600
2000
3300
1200
1000
552
8500
4100
1100
3900
1600
6600
1100
2000
496
1700
2200
571
482
1500
1300
2900
2900
2200
2100
1400
12200
1200
1100
823
7700
835
758
377
1100
343
437
1100
1900
2000
1300
715
3800
1700
18100
1100
976
538
1700
1300
6400
883
798
1400
3600
1100
1200
34600
466
1800
3200
874
4200
12900
859
1600
2800
1100
827
15300
859
2100
625
1300
483
1100
1700
924
806
1900
1300
9800
7300
2400
610
919
3900
751
5500
554
2100
2900
1300
1000
1800
2100
2700
10400
1900
1100
2000
800
19500
143
4800
2100
83300
1100
1400
2600
11700
1600
3400
945
2500
829
402
712
936
3400
969
2500
2400
1200
969
2900
469
850
716
1400
899
1300
766
884
354
1100
1700
16900
18800
1800
860
507
1600
2300
1800
768
609
873
1200
1100
1900
977
5200
2600
1800
1200
1600
884
1100
3500
11000
1200
613
1700
1600
1300
874
9300
3400
1700
2500
660
980
892
1400
450
3600
1300
1600
1200
2000
784
1100
7700
841
36900
5700
1400
1100
896
1200
1800
1500
20200
15800
1300
1600
880
1400
1900
1700
952
2900
995
949
95300
2300
1000
2000
1300
941
1700
21800
2100
1100
826
1500
2900
1000
910
1100
940
2000
9100
901
1100
1300
1300
1100
1600
7900
3200
1200
1800
843
721
3600
1900
387
2000
1400
861
24400
2400
545
770
1600
11300
4000
2000
8200
1100
123
625
1300
17900
5600
950
3700
752
3800
1900
1500
1300
71300
881
1700
1200
11500
2300
953
1000
810
1100
256
950
946
1400
4600
25000
2300
907
669
1200
1500
837
1500
2800
4600
4500
906
23500
9700
1400
9400
758
6400
1300
1100
1000
1200
988
1800
377
712
2100
1900
1200
1700
1800
706
1900
887
3800
2300
1200
2000
1700
1100
608
3100
1600
1300
544
19400
2000
1800
1200
145500
2900
8300
2400
4100
1200
1500
936
2300
5900
12700
1000
1600
3800
3000
2400
1500
792
1700
661
2300
2900
936
984
2800
2500
1400
760
9200
488
667
540
2700
3700
1200
518
2200
1200
16900
6500
12300
10800
1700
3100
5100
6000
3400
1000
3600
699
1300
2800
2800
1300
2500
1300
183
1500
3200
774
903
1500
1500
1600
2000
2700
2000
3400
1300
765
2000
1100
1200
804
805
1600
4700
27700
586
37300
1500
1400
13800
1500
1400
4400
7000
2300
2400
2700
404
32200
1700
855
1100
4700
652
2800
2600
1000
2900
1300
1000
1000
3700
1700
898
1300
626
834
5800
1000
2100
2900
924
3100
998
7600
2500
2000
1300
5500
1500
1800
1200
1700
2400
1300
786
1700
4700
1000
816
669
579
4100
1300
21600
1300
1700
262
1400
2900
780
986
1600
537
579
4500
1300
2300
2200
11100
1000
8000
2200
1000
3900
975
930
609
374
3200
7700
2400
3600
969
9000
1200
5400
4500
758
1100
935
866
1100
2300
1200
562
935
897
2800
946
1500
1400
1000
598
5200
552
1200
832
627
919
738
8200
1500
1900
2200
726
1200
982
4100
714
1200
3000
1100
109
4200
1100
1200
1200
3000
935
541
532
1300
972
1000
1200
1500
498
8500
1300
885
12400
6200
2400
745
1600
509
3200
2200
753
1600
1400
1900
563
896
585
1300
3200
1700
548
787
2300
1700
1000
911
1100
1700
553
1000
1600
870
115700
1400
6100
1700
731
2600
1100
38800
2300
1100
1800
507
451
1400
3700
1100
485
900
2500
1200
882
704
1500
874
678
2400
5000
17600
779
20900
849
3300
762
3700
569
1300
9700
1300
781
5300
1900
1300
2500
1500
651
1400
998
1200
579
842
12500
944
4100
18900
2300
941
1200
1200
773
1300
3600
929
1000
9300
2200
10200
1000
2600
1400
743
2500
1800
893
17300
960
1400
1500
2500
5200
2200
18100
2500
615
553
1500
1400
516
779
2600
1200
6000
955
1300
3300
14800
1700
1100
1200
1100
986
1300
2300
1500
771
8400
731
1100
1100
2000
1300
1000
5500
844
2800
722
8100
4700
1100
566
2500
2300
25300
1300
2300
889
531
2800
1800
531
1200
5300
1200
754
704
1300
4100
6400
815
1100
1800
1300
591
1100
673
5100
3800
654
788
3900
1300
875
4600
1300
1400
24300
5300
1200
1600
1200
898
787
1900
1400
3200
753
589
2100
613
590
1100
9000
1600
498
695
890
916
6600
572
882
873
1600
217
2200
713
4000
3800
2100
816
1300
1100
2200
917
1200
4600
1800
2000
1800
2800
769
1800
587
676
1400
1000
804
889
11300
1100
43000
1500
3600
17800
3300
5600
8700
997
1800
9600
1300
11900
7700
1300
1200
983
4300
557
1200
870
1400
1500
1000
1300
3700
1200
13200
1200
1300
104
3500
16900
18400
1600
854
9700
2800
568
4200
1900
2300
901
1700
1100
5300
2500
927
911
1200
3300
2800
2500
710
1800
1400
3300
2300
3400
3400
1600
5600
2400
565
3000
24100
430
1300
1500
882
903
2600
1000
4100
768
3000
1500
3300
28400
936
906
3400
947
1000
3800
755
1700
1900
2100
834
1800
1900
6100
500
1600
905
2600
1200
2200
1200
1800
1800
25100
1600
2000
129
1100
566
7400
850
2700
2900
1000
11600
4300
1200
22100
543
1000
606
2500
1200
1100
823
578
812
6600
1400
8700
1000
988
3400
10000
8900
733
2200
4200
1500
9500
2700
679
928
1200
1600
14300
1200
1500
8300
860
21900
2400
1500
903
914
674
21000
4100
1100
1200
1300
692
3500
986
35300
2600
1300
757
44700
1500
1000
6900
5500
4400
923
10200
2700
1400
13200
14700
1700
12700
2200
1000
1100
1000
1800
1000
924
761
1500
1700
1000
939
1300
4200
1600
5900
736
4300
1500
2100
627
1400
911
2800
4400
3400
934
942
661
455
1100
886
52600
2200
962
1500
687
1300
552
3600
1600
879
6800
1600
66
1600
914
2300
2000
4700
2900
2700
1500
3600
1100
1900
1800
7100
9800
1200
740
676
851
939
1700
48100
735
1300
1700
3200
1100
532
5200
626
3400
1000
2700
3900
3300
1100
880
1900
1200
1300
861
2200
1600
793
1800
857
1700
3300
15400
5300
1000
3100
741
1200
1300
1500
703
921
598
2200
2700
3300
2600
1500
871
559
1600
4600
1100
3500
853
2200
1100
96100
811
1600
1400
578
2500
1500
1300
11200
759
1400
1100
1500
4400
1700
3300
1100
1800
1200
811
3100
2700
3800
1300
988
1600
983
866
3800
956
1600
2000
2800
1900
996
2800
3100
1700
1100
671
867
605
1100
448
1700
1900
3300
2900
1000
1400
1200
1200
1100
1300
729
1200
1300
1800
127
11300
1400
769
2200
1800
3600
722
796
2100
7800
1400
862
2100
781
1200
895
526
4200
3100
1200
7300
62900
1200
1400
606
3800
1500
1700
2300
1000
769
1200
802
1300
6200
3500
1900
629
1000
2700
545
2900
1900
556
874
3000
493
832
828
1400
10400
465
3600
958
438
2100
1300
847
877
3700
597
5000
1600
737
19800
11100
1300
1200
3700
919
1300
1400
48000
8400
1000
1300
868
704
2000
23600
1200
739
2200
1200
822
2900
480
1800
7200
754
1000
8300
4300
1100
710
1600
12100
776
9900
3400
1200
377
5000
2400
1200
937
12400
1200
749
1800
776
32400
5400
666
1400
940
2000
1000
577
972
2500
675
1000
3000
1400
1700
1100
605
2100
715
527
2500
2500
8000
1500
533
899
448
2500
1100
9900
932
3900
5200
1200
1400
1600
25000
1300
1200
971
1000
3100
1300
1200
1000
907
7100
3900
841
1400
1600
549
1300
2100
1200
1100
1700
1600
726
1200
1200
1900
1500
1900
744
1100
791
6500
1100
3300
1800
1400
1200
1700
890
2200
3800
1700
698
5700
479
12300
684
2500
825
6700
1500
4700
1800
984
16100
2100
1300
648
1400
8100
10200
806
1300
1200
2000
2300
454
7600
1100
712
872
626
4400
2100
1300
690
5700
1500
983
5400
562
2700
698
1000
1100
1200
477
786
817
9200
15200
1500
2300
4700
1400
1500
3500
840
11500
11700
1700
1100
2600
1500
1900
1300
2900
1100
2500
664
1900
1000
867
2700
1600
2000
2400
805
1300
724
7100
1500
1100
1500
40000
874
1100
2600
1100
2000
1000
787
4000
1800
1600
2000
6000
1200
1600
3800
181
781
1200
2000
5400
1400
784
1600
785
226
1800
1500
1300
9100
2100
1600
590
1100
1100
1100
709
2000
4400
2000
1300
507
6800
1400
1100
1100
3100
917
5000
1100
1300
2200
3700
1200
2700
2200
1500
500
1400
2400
1100
1500
1700
862
2500
792
1000
2000
69000
1400
1400
7100
1100
997
6500
732
430
3700
1200
2100
941
760
1100
1300
1300
705
1200
3600
1800
1900
1300
773
837
974
16400
1300
2900
725
920
769
2900
4400
3100
39900
3400
1400
1900
707
1100
3000
777
1500
1600
622
1800
901
2100
4300
17600
1800
5300
1600
1300
1600
7300
6200
3600
1100
1000
484
1100
7300
9900
1600
370
671
1600
800
7700
815
1100
4600
3600
680
707
2300
5800
2800
1100
2200
12500
20700
704
1100
3700
1100
4400
3200
15000
6900
2600
2300
1100
768
3700
3800
3900
3500
1100
1200
1500
1100
1500
7500
11100
652
1400
1100
3200
7900
6000
783
852
1800
7600
14900
877
676
812
2600
1900
4000
845
633
2200
2400
3000
1700
741
1500
2000
1300
1100
1900
1000
4800
1400
1600
1800
914
1400
1100
2500
569
4800
1400
1300
2400
565
2700
2000
2300
936
1400
1100
1800
1000
3600
8000
611
792
859
1600
935
1200
878
692
738
25000
44700
1400
957
1300
824
2200
1100
1300
1200
21400
5600
3900
1600
2600
3100
721
1100
566
1700
905
3400
5700
2100
23100
962
924
1300
3300
3500
2100
1300
1100
663
781
626
2000
3000
1200
821
3100
902
815
2400
1200
1900
4700
776
1100
2000
268
4200
501
3500
927
1200
892
17100
2400
1300
1800
1200
27700
1700
2200
1100
2200
2600
2200
1100
1600
1700
1000
769
1200
17200
1300
590
1200
1300
1100
4000
2500
1500
3100
1800
1600
1300
940
859
791
1100
1500
11700
739
737
33100
2600
815
412
981
2300
21700
2800
895
750
1600
1600
16900
904
2000
2800
7100
1200
1600
1200
1200
1400
864
1500
719
1600
4400
1600
781
557
808
17400
1200
736
8200
10800
1200
899
612
995
1400
567
1100
891
787
1100
2400
295
2500
1300
1900
2100
32200
2100
13000
6300
5400
2300
765
1900
2000
2000
1500
1500
500
998
757
858
1600
717
993
651
2100
11600
864
1100
968
4300
1100
6500
2700
762
20300
2500
1000
894
1800
1300
5400
6800
2600
734
1100
919
4600
2400
1400
3100
1200
1200
705
957
3100
1400
1700
1000
842
612
1900
1100
1100
2800
8000
807
552
607
639
2600
1100
1300
1100
948
647
1200
2900
1700
739
1500
870
1100
1500
7000
1200
5200
435
2000
871
558
1600
1200
2300
1100
1000
997
1300
2000
815
1300
1300
1100
5000
543
1900
973
812
1200
9100
761
1800
681
660
4500
809
1400
1400
1000
21700
1200
2800
739
733
867
1900
12100
1400
813
516
2800
2500
17600
1800
1200
2000
1200
1700
541
3500
2200
4700
7800
706
12800
645
2900
1800
7000
1200
929
1000
790
2000
4200
784
1600
968
7500
3600
693
533
775
957
2500
15400
1100
1300
992
743
2300
13900
1500
1600
1600
12200
3500
2000
4000
891
1600
3900
1400
2300
1200
1300
255
988
905
6500
5500
3500
15100
1600
1100
4000
940
2100
4300
40600
9000
2400
1200
1300
6800
2500
1100
1100
1800
2200
1100
897
657
2600
787
1100
1700
4400
1800
804
2300
1300
1700
7400
3300
1100
2500
947
3300
4200
971
1200
944
1600
2100
800
10100
1700
6800
2200
1200
2200
1900
4800
985
1500
2600
1400
2200
733
2400
1400
1400
1100
2000
895
1200
1100
991
579
2200
18400
1100
1300
3700
1500
9800
1400
684
2300
715
56000
4200
512
939
2000
4900
834
2500
1100
2400
960
711
1700
5100
1300
3900
1500
1100
16200
1700
1100
1600
951
1300
853
1600
772
2100
1700
448
2100
955
976
1100
2900
1600
2200
1800
629
1300
893
1100
1400
2700
3200
1000
722
1000
563
599
3000
1600
2200
10300
1600
822
859
6800
1100
1200
6000
893
1600
687
1400
1800
3800
1100
717
943
3700
1200
2500
888
4900
3200
1500
902
628
695
3400
1200
1300
865
506
2000
7000
669
2400
3400
1500
2300
399
1400
1200
490
13300
672
1400
11400
1600
1100
1100
1300
1400
2000
926
12400
9700
1000
2200
6700
1600
816
6800
787
1300
2500
602
1200
2600
1500
1300
3900
1200
840
1100
918
2100
519
1600
857
1600
1800
64
1500
1800
2100
1100
1100
1700
944
6600
2200
718
2900
4200
9800
300
722
369
9300
1200
3000
1200
1100
2700
1700
1000
13600
2700
800
1100
7400
3600
903
1100
3900
2200
560
536
1900
1100
748
3200
1300
2000
1200
3000
422
2300
3600
4900
819
1200
7300
1600
1000
759
38200
5800
1600
1000
1100
1600
1100
1800
1800
2300
1000
26400
577
1700
1000
1500
919
1000
8900
1100
857
1200
1700
1100
808
745
1300
661
624
949
1400
9800
3100
1200
6300
16900
1100
556
2700
599
2400
997
5900
1200
803
3500
3600
2800
908
883
1500
2500
1000
1300
1100
2600
6200
8100
1100
5700
973
773
3300
1200
667
903
1100
819
954
1300
691
990
94800
10700
720
1200
2200
1400
3000
2300
934
6200
4000
657
3100
14800
3000
4200
1100
799
987
736
578
1700
705
923
1400
65
8800
9400
22500
4200
723
4800
1000
669
1500
1700
1700
1100
2500
1600
1200
917
2600
728
663
1400
890
1100
7800
1100
4500
1100
723
1600
1300
2300
398
1700
3500
13500
1200
11400
3000
577
4600
917
590
1900
739
1000
795
1800
1400
679
2200
7900
26600
1200
16900
1200
550
5100
4400
2200
2200
8300
888
1400
1500
1900
7000
1500
794
701
963
7600
24300
2800
962
6700
3300
823
15800
1500
2500
1400
2400
3000
1300
1800
1100
1400
1600
1300
1000
1700
1200
1400
1400
1200
1300
2400
628
1200
2600
2000
1300
2800
1300
2000
621
8300
1800
4300
2100
1400
2100
537
1200
1300
10000
1600
1700
703
1400
6400
1400
808
1600
501
649
991
1000
2500
1100
23300
998
522
1500
5300
1100
1400
10000
830
1100
2900
732
4300
5200
1500
2300
14400
902
1100
10400
1400
5800
416
2100
7800
485
5800
1300
1100
1400
6600
3000
1300
5400
1500
568
1600
3400
8000
1200
8000
794
2700
926
19100
2000
752
2400
1100
1100
2800
3700
1300
828
2300
818
1200
1200
1100
1800
1600
1400
263
893
1000
2900
1500
955
1400
2000
210300
618
1900
4100
3000
2000
3200
880
600
4800
857
3600
8600
690
3500
19500
1100
974
4100
2600
1100
1400
95400
790
1900
2800
932
880
1100
1700
2800
3300
1600
4600
4200
3500
2800
3600
2700
18600
758
391
1800
2300
6300
636
1700
1300
2900
907
1100
4900
2000
1700
1000
512
1300
1500
4000
4600
5500
909
973
3200
1900
41200
1300
883
2200
1200
1600
784
692
777
613
1300
1200
1100
832
982
1000
3900
1500
3700
910
1100
962
1400
1200
1300
171
12800
3700
1300
1800
1400
1100
995
5800
2300
2900
1200
6100
1400
752
1000
802
5000
