5700
855
13600
1800
3200
2000
2600
1100
1500
731
25300
19300
2800
1600
1100
1500
1000
2200
3300
19400
1300
1400
1100
1100
299
1500
7700
4100
696
4900
1400
505
1600
3200
1100
3000
919
2900
2100
1000
3700
1100
1800
964
5100
554
1200
1200
973
2100
1500
498
2300
1200
4500
4600
733
767
671
1200
1900
878
1200
1600
758
8100
1300
1100
1300
1600
1400
510
2200
1800
958
1200
2600
1100
4800
2000
5200
2600
744
1400
2000
1000
982
1500
7300
1700
841
4800
2700
1800
2100
925
5800
820
2700
640
3200
1700
1100
6400
1400
6000
1400
2700
2800
1200
840
2300
1400
876
588
21500
1100
5200
890
658
1200
1100
1500
7900
2200
1400
9200
3400
1400
5700
3700
659
881
9600
3000
709
889
1200
863
1200
537
1100
1200
3800
689
828
2500
5100
343
2000
1200
911
5800
2100
2000
2300
2200
862
675
3100
695
343
1200
1400
723
1000
1100
1300
1400
2300
911
2000
1000
22800
1300
1500
934
972
1300
886
1800
1200
1200
1200
2500
2400
953
547
760
826
1800
2600
3200
1400
1400
2400
3700
1600
1500
1300
804
1600
1000
950
2400
5600
2600
2100
573
1000
2400
1000
3700
8200
5200
698
2300
864
697
2000
30600
2000
864
1300
1300
3700
1100
44800
695
1000
2300
2600
1400
4200
913
1100
2600
4300
695
1100
2300
3700
4200
1200
2700
1600
4000
4200
1000
1400
1900
608
486
662
850
1900
886
960
1100
1400
9100
1500
777
587
2500
1300
6000
409
1600
1800
1100
2300
1300
1400
2600
818
896
934
3100
463
661
1300
9200
1100
1400
917
872
4600
1300
1700
874
1500
748
5300
664
1100
753
678
1100
832
1200
6600
2900
1600
2100
1600
11200
1500
1800
42500
121
1400
1100
2400
2400
16500
618
75600
670
1200
1700
7600
752
933
3000
6900
743
2900
2400
857
1200
2400
4000
9100
2000
1400
3600
6700
24000
9200
2100
863
1100
10300
1100
1000
1800
1100
1100
1400
2000
664
892
1000
801
3100
7600
1200
1700
2100
448
165
1000
2200
803
1100
599
3000
1300
5100
1300
1700
936
1100
462
2300
9700
1400
2700
1600
1400
2000
1500
704
3100
1600
1100
594
858
562
2700
1300
867
1400
1000
2600
783
857
1500
773
1300
1400
2600
2200
1000
1400
11700
1400
2200
2500
862
1100
2200
946
1100
1500
1300
2600
846
1500
6500
10000
1100
1100
840
657
1800
568
2300
30700
1600
1500
139500
868
4300
9600
3800
2100
2800
1200
2500
2000
1200
2800
881
784
554
888
769
10100
1700
2400
4600
1700
3100
1700
1500
3500
486
735
1200
2700
973
1300
603
893
12500
852
1700
1300
3500
978
2500
2300
1600
923
1100
923
2600
871
914
2200
40000
1200
1500
1300
946
1700
1300
1400
1100
802
1200
6100
1100
719
1400
1200
527
4900
25500
1300
988
953
2200
881
633
902
2000
2000
1300
886
1400
825
1100
2200
22500
1100
1000
3400
860
1100
549
1900
3800
946
902
1900
1000
2400
1600
2500
599
1400
1000
1700
724
2600
1500
3000
627
899
11900
829
1200
3200
1300
1200
1800
1700
986
370
797
1200
795
11700
653
1200
728
2100
1000
1300
1100
990
3300
992
1000
1100
930
3000
2700
858
2400
1200
8300
912
902
1300
2400
1300
1100
4100
4500
3200
935
1000
811
1200
1400
1400
6800
1000
7900
745
2100
2600
2000
1900
1800
848
1200
2700
84800
1200
1100
1300
2000
3000
1100
1200
7100
3000
1200
2200
1300
1100
1400
1700
5200
2600
942
1300
561
1400
6700
810
1100
2000
9000
8800
1600
1500
2000
11600
2100
836
4200
2900
3000
2800
787
2600
1300
1400
2100
786
1200
2400
1300
15900
1400
6200
3800
2700
1800
1400
1100
1100
717
861
2400
2300
7700
1000
5400
1300
1200
1800
3300
1200
1200
2100
907
5500
1300
1500
608
574
29900
2800
1000
4500
687
401
5100
894
542
1300
2600
5000
10400
5200
1300
2000
941
560
3400
2100
1100
1000
814
916
1300
1400
3300
2200
704
3400
24900
2000
3400
1300
811
619
1100
9900
1700
11500
1500
654
2000
1700
938
3400
1700
700
917
2100
8200
715
2500
817
964
2800
976
2200
2300
6000
2100
988
1000
1600
861
3000
8
1400
10400
2700
2700
35800
16200
1200
1300
10600
1500
279
1300
5500
933
1300
991
2000
8300
971
915
468
859
8100
1300
8500
2200
3800
13600
7500
929
1100
2300
374
792
1900
1900
1100
1700
543
1200
681
4500
1100
809
1800
3900
823
5000
5900
915
9400
1700
1600
1600
18100
6200
2100
1000
626
3100
1200
1200
1200
926
1400
548
935
4600
1200
924
3000
1200
753
980
4200
2700
2700
771
1100
7000
576
1600
3300
1200
5700
1800
924
814
3200
2000
1400
756
1400
477
2800
2800
1000
1400
921
1200
4300
10300
830
963
2700
1100
1100
1400
1200
1300
1500
828
1600
666
3600
507
26200
1500
607
721
1700
1100
1300
1900
6500
1400
3000
2200
2800
625
11500
570
805
2800
633
948
1000
9000
2200
4400
12800
6500
1400
1700
9600
4500
1900
460
1600
2400
900
6300
1400
924
2700
3300
2100
468
1800
1100
16500
7600
994
2400
9500
2000
2200
5400
9000
1500
1800
8300
544
798
714
3900
3100
1200
1700
1000
5200
7400
2100
1300
3000
576
1800
632
820
1000
3600
1200
1300
2900
1400
688
867
576
10200
4200
2200
517
1500
991
1000
2200
1100
10300
1300
2300
2100
1900
1600
1000
1600
950
844
1000
1100
4700
1600
1800
1100
924
863
8100
16100
3300
1500
900
1900
1100
2500
3000
3000
969
1900
2200
1300
569
1400
2700
4500
3800
623
3900
1500
906
2200
1400
696
3600
872
848
1100
2400
26200
742
1300
950
630
724
1300
2900
789
1800
1000
1200
3400
1900
9000
1500
1700
2400
805
902
5500
4700
1400
991
10300
8500
1600
20400
1400
1400
1200
721
8600
2100
5200
1300
973
2100
989
467
886
922
258
2500
728
1300
1200
1900
1600
954
3500
710
8500
2800
3700
3200
1900
1300
2500
1200
1400
2200
2700
1900
1400
823
1000
754
2500
962
1700
4900
1300
2700
471
721
1300
2400
4100
1100
2100
939
1700
1400
893
9100
1300
3300
584
1600
1200
8500
19200
1100
1100
1200
688
687
1500
568
1800
750
1600
2100
699
1200
2300
847
1700
950
52
2800
6500
2900
3700
8500
913
1500
1100
1100
988
749
7300
8100
773
6800
481
2800
4700
4200
1600
2100
852
866
2700
1400
1100
557
1400
6000
1300
3600
36700
1500
1600
4100
1600
829
936
464
778
7900
7600
1400
2400
1900
1300
2900
3000
7900
5000
1000
3400
2300
1100
3100
2800
3000
9700
3200
579
929
7100
823
938
1200
4300
1100
2800
2600
1100
1000
877
1200
3000
762
1200
1300
718
2900
6900
763
2300
1700
2600
1300
1300
1200
744
699
2200
5200
13700
769
333
1900
4100
1600
521
4300
510
846
1400
1800
492
704
2100
12600
393
1900
757
771
2200
4600
1600
2000
2900
1600
1000
7700
1100
2000
1400
1500
696
909
1700
1100
1000
2200
1100
859
1500
1200
4300
1000
3000
3000
491
882
741
758
1400
911
2600
918
1200
1200
991
439
18400
3500
1100
7300
1100
629
751
933
639
687
760
916
3000
5100
2300
1200
1100
960
435
1900
656
4300
1800
1300
1300
1400
526
3100
789
20100
1100
1200
1900
895
1500
724
12500
819
1800
643
284700
1900
2800
841
2100
14300
881
2200
1600
2100
1900
2400
1400
2700
1400
1100
9100
803
1000
38000
1200
746
7800
846
1500
6900
949
2000
780
475
947
625
1000
4900
935
945
904
2700
529
1200
2200
679
7600
10400
2100
770
775
13300
473
144400
1100
996
1200
2100
566
4500
40400
361
452
15200
1200
1000
1500
6900
5500
1900
921
1600
1600
1800
1000
785
1700
758
820
902
11100
1800
2600
1800
731
447
5200
916
620
746
1900
1700
4200
820
866
1100
4100
545
1500
715
7000
789
1200
7000
3800
939
2900
734
2900
1100
785
1300
2200
3400
588
1500
5800
1700
5100
95
5400
2300
2200
778
894
1600
1300
1400
954
2100
885
1000
5600
954
7200
3400
812
2900
2300
981
1200
860
3400
1200
17800
432
1300
1100
910
818
1900
2000
1200
739
892
4100
718
2500
1600
1100
438
11500
2400
1400
1100
8600
3400
1300
1500
2900
1100
1700
965
3400
956
15300
992
485
3600
915
3200
1000
994
2400
5200
1300
878
3700
358
1800
1800
7000
1100
3200
1500
1600
791
1200
712
1000
7100
1500
1400
1400
1200
818
48800
705
1400
599
3000
2300
4400
992
59400
3500
1900
7700
7700
3000
1500
1000
3100
2500
3400
1800
4000
11000
1200
794
1100
805
3800
1200
724
104100
2000
2600
2000
9900
1300
952
799
1100
4900
1500
20000
783
908
887
698
1100
3800
942
1400
187
8600
695
2100
1400
4700
1500
977
451
1000
698
1000
6200
1400
1400
398
1900
1800
4600
7200
9200
12000
21200
899
6200
1100
2000
7200
693
1400
1600
1200
7100
850
1200
853
1400
37500
17500
896
796
6100
809
530
1200
1300
4100
583
1500
1300
2000
929
1100
1600
925
832
2000
1600
725
906
6200
3400
1900
1400
590
863
687
723
1900
3900
1100
2000
733
776
571
413
1600
3000
33100
1400
4300
1800
972
1500
3600
2500
2000
1000
916
3600
1800
942
14500
2400
548
1900
1500
735
1400
991
4300
1400
1900
996
2300
793
3900
1800
2100
14800
2700
1700
645
3200
2600
32600
1100
1400
748
3600
427
528
1000
1600
1100
1800
739
782
1400
1400
5300
1100
2000
2600
412
906
642
5100
50200
10300
963
1600
792
926
3300
3900
745
1200
612
2600
3500
1500
606
12100
1700
968
1000
4100
737
2400
1200
811
552
750
2600
1000
393
690
754
1300
838
982
755
1800
1100
261
743
7400
1300
667
1400
2300
2200
826
971
2000
1800
1100
643
1500
1100
957
1200
1300
510
1300
873
5000
2500
2900
1700
2700
882
6400
2600
628
1800
851
716
1200
865
1400
1900
1200
886
1000
2700
2900
11200
2000
1400
3000
6400
2800
2500
1000
1700
15200
3500
842
1100
2000
15100
366
1700
1900
1300
1900
588
818
837
4000
610
788
1700
4000
1100
2500
846
1400
3000
739
1800
103
2100
1100
176
2200
1100
3500
691
1100
859
1100
2200
806
2700
478
10400
8800
1200
4800
811
1600
4800
3900
3900
1200
583
772
1700
713
610
2700
2900
5700
731
1400
2200
1400
3000
22300
1500
2000
14800
3100
895
1300
979
654
3000
441
2900
991
1500
1200
1900
1100
635
3500
10600
1400
2000
2900
1100
2000
1700
8200
838
39300
795
2000
3000
3600
1100
929
6000
416
1100
707
821
1400
1200
4800
2400
803
5200
784
798
2200
593
1700
821
3700
2100
2200
825
4300
2600
1600
1000
1400
2900
1200
4200
1300
5100
1300
2700
754
1400
1000
5000
463
2100
1400
10200
500
817
5000
1000
1200
2100
6500
2600
2100
1100
2000
1400
2000
1900
3400
10400
1200
2000
1300
2000
1200
3100
2700
3200
935
1800
1500
10400
2700
884
671
1600
1400
922
1500
982
1800
38900
1900
1500
1800
3300
1200
545
15700
1900
2900
1900
996
894
827
1100
957
607
651
2600
1600
2400
891
851
3000
987
2200
3500
842
1100
1200
1300
1000
713
7600
5300
1800
1700
730
1800
6600
1200
797
3200
892
889
976
1400
3000
9000
25500
930
8200
1300
902
1300
1200
1300
1100
621
3300
2500
8900
6300
4800
1500
724
1600
498
4600
625
719
1800
2700
1200
2700
1200
688
1300
448
3100
1400
1200
3300
615
701
743
1400
1200
1300
888
2400
2600
2400
127
3800
1200
2000
1600
815
1700
1000
500
1100
827
1200
24200
2700
1600
3000
1500
1700
1100
14600
1200
994
1100
8300
837
1800
2400
9200
1600
2000
1600
2600
1600
3300
28200
827
1300
6300
1200
2700
5800
961
1200
650
1700
2200
614
13300
4900
780
6700
2600
845
1700
3800
2000
3600
476
3500
3900
2000
1600
1700
2500
3000
4200
840
7900
1200
1500
1900
1400
7700
648
1200
10100
1700
10200
1100
566
5600
4800
1900
4300
1100
2500
8800
1300
6300
4000
736
737
4800
972
7000
8300
712
2100
755
2200
983
2700
772
1200
1200
1100
1600
8000
1600
971
20900
728
1900
739
24800
459
1700
1100
1600
1300
745
594
788
650
781
1800
875
2900
920
1400
4100
1200
1700
1400
1800
2000
2400
2300
3800
1300
968
1100
2000
7300
659
488
2100
937
11500
686
1200
963
11800
1200
1600
882
2000
3500
3300
480
614
1200
1600
1100
786
3100
5800
1300
587
723
1200
625
750
833
3000
1700
1100
1300
589
434
889
987
1100
6500
2900
3400
556
3900
1100
751
6300
2800
1400
1400
2000
3800
2000
1100
665
22
2500
2200
3000
896
629
1200
942
1100
1100
5700
7200
4300
11100
1000
2200
996
853
1300
769
4200
1200
5200
1100
28400
3100
1900
1900
477
2100
1400
1900
1700
1700
1500
1300
1600
980
756
27900
1600
2900
1100
1200
2500
32000
8700
1600
21900
705
2000
2200
1500
501
1200
70
2200
802
1200
880
1700
938
4500
1100
1700
15100
3200
2500
2900
190
6400
1300
2700
1800
874
576
1300
3100
943
1400
1000
949
1700
1300
533
916
35300
1900
6000
3700
2600
1400
5100
1700
3200
2400
1600
2800
1300
1000
1100
792
861
2000
489
2500
1900
536
1600
743
2100
810
1100
1100
1300
2000
985
2500
1100
930
5200
713
1000
2800
2000
1000
1100
2800
1100
1500
1900
24900
1300
13700
1500
1400
847
501
819
436
1200
1100
2100
2200
1300
1500
1300
707
2100
894
49800
6400
1000
1500
1600
2100
1400
3500
2400
1100
6400
2100
2700
3300
1400
2000
790
3600
6100
539
5000
917
536
775
7300
5000
969
1200
1500
4800
29800
1300
919
3300
1500
574
1000
830
3900
3100
26200
742
2400
3400
3100
414
2700
77
1100
1100
1200
1100
1300
10600
1800
5700
1800
484
772
890
1300
1700
535
1300
2600
1000
1500
729
24400
1100
5100
767
917
1100
1600
6100
17800
3600
1800
238
2000
20600
1500
1200
2000
1400
1500
4300
1300
860
830
1300
539
1700
2000
3600
1100
2900
1700
6900
7100
2000
810
1500
603
1800
516
4100
1700
6400
1100
665
1600
654
6200
1300
6200
3900
7200
2000
4400
2800
9200
814
1200
24200
1900
862
1400
150
1800
858
517
2000
765
1800
3600
524
1800
1300
2800
866
4100
2700
3700
12000
14400
2200
552
861
2500
3500
1200
903
3800
1100
1100
630
1900
1000
1700
1700
659
1700
800
3800
2900
1000
1900
10000
2100
18100
1700
1700
691
918
1200
1400
862
1000
1200
848
526
1600
2100
2900
455
874
1200
2600
2500
1200
1900
1400
1800
904
1300
624
794
956
1000
450
1900
2100
1400
1200
782
1800
1300
2400
1100
836
12900
1300
3200
675
591
20000
3200
1500
2000
3900
924
1000
962
2200
1100
2100
2300
2300
3900
4400
1600
2000
1100
4300
1300
3900
1800
4000
992
911
1300
7200
2000
940
5100
1700
458
1200
705
684
1200
1500
211
926
3500
773
19700
12100
2000
1600
1500
1900
1200
432
972
14700
1500
2300
1100
1300
1600
1100
3600
3000
664
911
22800
1300
2800
817
6300
1300
1700
2000
2000
837
2000
2000
1900
13300
1500
5500
1200
1700
838
1900
2900
3000
1400
960
7800
2000
1400
516
7700
1900
9800
3500
1200
2800
1700
1100
2600
2700
1800
1300
2400
2000
827
895
587
1800
1000
2400
16600
2800
1400
5200
4500
4800
698
740
609
771
1100
957
894
1600
547
1300
28200
3200
3500
1800
1200
561
1100
52500
749
3900
1200
936
2000
807
98000
1600
745
854
1400
1200
6500
773
1600
543
1300
844
681
863
2200
520
903
35400
646
26400
1100
425
736
750
1200
904
1300
683
655
3800
14900
1900
7500
5000
605
1100
24400
1700
899
708
5200
1300
4700
3500
1100
10100
1700
854
1400
4100
1000
13900
8900
840
2000
1800
1200
1100
4600
954
985
510
1300
4400
1400
715
2100
2300
5200
1400
6300
1600
1200
1900
2700
2100
1200
1300
1400
835
1600
528
1000
1200
4900
6400
2400
47300
919
1200
1400
1500
2300
2400
12100
1000
1200
3600
2000
1100
1000
17900
1300
2800
3800
1600
1500
7800
1200
1100
2700
1100
662
782
805
5400
6100
2800
1100
1000
1800
2100
1700
2200
1200
2500
1000
9200
5900
788
2100
772
1200
842
1400
1200
1800
1100
1400
3200
2600
16700
5700
3800
777
17000
824
1800
660
9200
1000
1500
859
3500
1500
2300
1700
1100
772
1000
837
5100
1500
3900
2300
1400
743
3600
1300
1200
1100
1700
1300
947
1000
1400
444
1100
740
3400
734
659
997
741
650
17000
1100
1300
766
1500
1500
1400
1400
1400
1200
1800
1900
406
724
2200
1200
1000
541
1400
56500
4100
931
732
1200
698
1500
3100
1100
943
1300
1100
2100
1900
790
932
1400
5000
7100
2400
600
1500
4000
899
15100
1700
6900
637
4000
1900
23
2200
926
2100
1400
13100
5100
1300
787
1000
681
4900
599
1300
1300
834
1100
1200
1600
989
3300
759
35500
19800
1200
2200
1100
399
1100
1900
862
5100
1500
960
1400
1100
776
542
1200
979
787
571
1000
1100
1100
2600
10900
1100
1500
921
7000
791
1500
743
2000
624
702
23700
944
361
1800
606
852
1300
2100
3300
8600
1500
2100
1100
521
1600
624
1800
1800
1800
2700
750
2000
943
578
6800
1500
7400
6600
856
792
685
1800
1400
1300
1400
4700
1200
1900
690
815
2600
1200
1200
1100
4400
1300
8200
1600
1100
1900
21200
1700
1300
1600
1200
3200
1200
2800
560
18800
7500
1400
2000
1100
402
1300
3400
2600
712
1800
13400
1900
969
971
1500
902
816
29900
17200
1100
1900
4200
1200
3400
2300
1500
887
1100
1500
915
1400
777
8200
1400
1300
7200
1700
3400
1700
3600
86300
2500
679
1500
53000
2600
629
935
2300
1200
1200
19200
1400
1500
97200
821
823
768
2300
1600
2600
2200
6400
4200
457
617
1400
2300
2200
7300
1200
3800
753
1900
529
38900
1700
1500
2800
1700
2200
10100
1500
6100
1300
1100
1000
1000
6600
1100
931
940
639
3300
1200
551
2500
831
791
14000
689
1300
708
1800
2000
5700
465
1400
2300
1700
963
1700
1900
1600
731
3800
710
1100
1300
785
3300
1200
1200
980
1700
2500
1900
1100
711
1200
946
925
1100
1300
1600
602
1100
2300
718
2100
1100
8100
15000
1100
726
524
5400
1300
4800
7400
1200
556
15500
704
5400
86
664
1000
535
3800
1400
2800
998
938
3500
1500
3500
1600
982
2000
970
579
1200
3200
2700
585
4800
1800
979
1300
2500
1900
2400
1100
3100
1700
3200
4700
1100
1200
1200
1400
8300
881
829
3500
1700
1100
1900
815
4000
670
15000
868
3000
3500
4600
1600
3100
1200
5100
3200
1300
4100
532
1000
1000
4000
1800
2900
2000
4500
790
1400
871
2200
842
2300
1200
1500
11700
724
5200
3100
720
27900
1700
2100
1300
3200
1600
5400
1600
16300
800
568
985
436
1400
4200
3100
3900
5100
1100
9200
15100
6600
564
829
1500
1400
2200
3500
1700
1200
1100
1200
1600
691
1300
1400
3800
2800
3100
1700
1100
1900
1500
1400
1700
11100
598
699
144
867
2400
1600
1200
2200
759
946
791
1100
31400
12200
5900
1400
1800
13700
7000
1400
361
4200
1300
1900
656
1700
6900
1000
1000
1900
1200
4000
1600
1400
844
1900
1400
423
1000
2800
2300
1000
308
532
574
721
2900
1200
1100
785
1300
6100
1200
1100
6300
600
1300
1400
12000
1400
3100
2200
561
5800
633
1300
1200
1800
765
2500
680
1900
535
2100
3000
748
1100
1400
671
1700
3000
47800
847
828
573
970
1200
8200
2600
14400
589
895
913
3200
1100
2800
3900
4300
838
688
1600
923
1500
755
4200
11000
577
4800
744
3100
2400
1800
5100
1900
641
953
1300
6600
5400
6700
2100
831
1900
1300
744
1300
7800
3000
2500
700
1900
1100
1500
3900
737
705
5600
938
831
1900
2300
990
20900
1900
3100
64300
1400
7200
877
1300
1900
716
2400
791
1600
2200
622
1300
1100
981
1100
1100
1300
15900
3000
1600
2800
639
339
1900
639
10100
1000
2700
940
565
2700
2200
1800
1100
3300
2200
1200
1400
1700
1400
998
4500
135
9700
742
24500
2900
819
3100
1300
4100
1400
3000
923
2700
1200
1400
503
672
691
3400
2300
22300
963
1500
413
1700
937
17600
4100
838
998
1000
1400
2300
1600
1600
1100
2600
2600
8500
938
4000
5900
5000
10500
1700
1700
811
3400
6500
811
493
1000
1400
1400
1700
4000
735
8400
3000
1700
3600
1100
1300
835
1500
841
1000
552
4400
851
1300
731
1600
2000
969
308
756
1900
1100
4500
861
924
1000
11000
708
714
1000
16200
2300
2400
3700
1500
856
1500
1000
549
3400
705
2700
3200
3500
848
3100
1300
3000
3700
405
1300
3500
1000
4200
1300
5900
16500
4200
467
2900
591
2800
1300
2800
739
956
16300
1100
801
1100
1100
1200
1200
18100
2000
23200
884
1900
995
727
1200
906
2900
1300
2500
1500
605
2700
2800
622
1100
2400
944
1600
2500
1800
751
3200
1900
4100
1700
1100
2400
16300
2600
6400
3300
1600
585
10700
2100
5400
1400
1800
1400
3500
1700
566
1400
2000
3200
83
736
1300
6200
1200
1100
2700
8800
1500
8100
1000
3800
3600
2000
5200
2900
665
377
2300
1300
560
563
1200
931
1500
9000
812
13300
1100
919
4700
2100
1600
1300
1000
2000
3300
2800
1200
9800
1400
1800
1600
1200
1600
1400
1100
756
3700
2700
1300
610
751
3100
1700
673
1100
1600
566
1300
1100
755
1000
1200
2400
4500
3400
1300
1100
1100
3400
1100
681
110
1900
258
5600
6500
1600
676
1800
2300
523
1400
1400
10300
1100
7200
1800
793
11200
2100
939
1500
5000
979
864
604
915
1200
4600
817
3100
1700
718
192
1800
37700
672
1000
790
5800
1400
2000
12100
233400
1300
5300
537
5600
1700
3000
4400
1800
9200
8900
1100
1200
2200
4300
112
737
1100
1600
4700
1000
1000
3600
1200
3500
3700
1100
845
1100
2200
1800
1900
4200
3300
1300
943
1300
976
1000
8700
1600
1200
1900
750
766
9400
1100
719
1100
823
890
578
1900
791
2800
978
952
644
54100
1900
652
4200
1300
1400
674
1800
927
14700
3000
2000
1400
723
1200
5400
1600
1200
882
974
3100
2500
1500
2800
1600
1100
1300
1300
635
1100
955
1500
5100
1000
5900
1100
1200
1100
891
594
2500
890
2700
3200
1600
818
2300
2500
943
2100
1300
1900
1500
775
2600
630
1100
706
1600
620
2600
1500
622
1000
508
1600
657
557
1200
1200
6600
718
1100
2600
6700
1500
1700
1500
26900
3700
26300
2200
1100
9800
3100
735
505
3300
1000
1400
781
1100
926
1300
1700
981
1100
1100
1500
895
1200
998
1400
3600
1100
853
4000
1500
989
2000
8700
728
1500
511
4000
534
1000
13700
1400
749
3400
5000
943
939
995
924
1700
542
2500
2100
4000
617900
1100
7100
1300
7600
2400
1300
5100
992
759
1200
1400
634
527
826
1300
1300
771
8200
2300
797
1300
972
4200
6800
8700
1800
895
28000
7400
2300
2100
2000
872
9800
908
1500
1200
972
2000
1300
6400
1700
1500
784
2300
730
2900
2500
879
3100
2300
3700
842
784
1500
17100
703
4500
867
813
2100
7200
397
1200
912
5800
2800
3000
1600
665
867
6600
947
1700
958
963
716
407
1600
556
1400
818
1600
2500
2800
557
2300
988
2300
3400
2500
2300
836
3200
1600
3000
556
873
1800
808
5900
1400
1900
702
1300
4000
10700
2100
4400
587
24200
1100
3100
1400
5200
725
1500
738
11900
1100
964
7800
913
3000
49700
1400
485
3800
1300
1100
2600
2300
2700
1500
1200
2000
1200
3900
842
8400
5900
1000
4700
1000
12800
2900
1500
1500
992
53100
1600
223
264
889
2100
1200
2000
4800
1800
2200
3900
1000
1100
6800
10700
626
1000
1400
2800
2900
915
939
894
1700
903
980
2000
475
1300
3900
1100
1700
1100
2400
2400
1200
1100
1700
1500
2000
2500
2700
2000
2800
1400
1400
545
2000
952
592
7400
822
1200
874
1300
2500
11300
911
2400
1300
11700
1200
1800
2400
11900
1500
5200
3600
1400
2500
940
3800
2600
14100
1400
1800
1600
806
1100
1000
16700
1400
1000
2600
702
1700
2500
1600
918
1100
1200
1200
1500
634
916
4600
1600
1200
733
1000
731
8300
1500
16700
5700
6200
989
812
1500
19500
1700
1900
1300
562
1200
2400
3100
3800
2000
1100
1100
1200
8700
10000
1200
1900
1600
1200
959
733
1400
1700
1800
683
970
2700
5600
1000
923
876
1500
4100
867
2200
8900
4600
11100
3500
9500
36
4000
15200
3800
1100
1100
123
1100
4100
4500
1100
6500
2800
2200
742
1200
1400
1200
769
794
1200
1200
4800
1300
850
3200
608
1800
4300
2500
10600
354
4300
1400
3100
21000
2500
3300
1200
10400
779
2100
330
1700
2900
863
1100
1700
638
5300
1200
2300
565
758
701
1000
3100
768
1700
813
1200
539
1100
1500
608
515
1500
1300
1700
3200
1100
1800
2100
1700
1500
691
657
4800
885
1600
1200
729
972
1500
2900
23100
430
1200
694
956
780
1200
2400
3000
1300
9100
771
1300
28
1200
595
2400
2000
945
2900
6800
5300
479
5200
497
5400
1100
3300
1900
2600
1100
3000
823
979
4600
17600
871
369
2100
1200
620
940
1200
1700
2700
904
1200
854
10400
2200
1500
1400
1100
2900
972
1800
2700
1400
7400
1700
300
22300
1500
24900
969
8400
2200
6800
815
12100
875
1200
1900
899
2700
15000
2800
522
11100
874
1000
3500
3400
768
693
1700
538
3500
2300
1500
843
1600
720
1300
2700
1300
1700
1900
6800
1400
2100
563
766
1200
1300
3200
531
1900
2700
2000
1800
2600
1200
1000
4200
143
1000
1400
4800
478
1200
1100
7800
663
2000
1800
9100
1800
2500
3900
642
2000
1600
1300
1600
1200
2500
2800
704
2100
973
1100
2300
2800
2700
2100
2600
1600
1500
5400
837
922
1500
3700
985
1200
1800
1100
711
741
11100
3600
642
878
3400
2200
965
1400
1700
1100
1000
11200
1100
6500
1100
955
3700
6200
1200
2300
500
526
2000
2000
371
1000
109
1800
717
1300
2500
13900
2700
1000
814
1300
8600
568
1100
1600
592
1100
663
1300
3900
3700
1800
10500
1000
773
1300
1300
2100
1400
1400
911
1800
1200
925
1200
1800
3700
701
1500
6400
1800
16600
656
998
5200
976
12900
5800
472
3000
698
1400
733
2400
13100
518
1700
2600
6700
248
416
1100
811
3700
4200
808
6100
1600
890
1400
1200
1200
59000
10100
1900
1500
1300
1500
2100
4300
6500
1400
910
974
1600
1200
1700
744
607
1900
829
2700
1600
808
1500
1400
2300
795
2200
998
1500
1000
1500
1000
3300
893
3500
1500
2300
856
4300
6300
340
2200
1100
1100
619
1200
1400
5100
1600
1300
4500
5200
16600
681
1600
6500
58100
761
1200
2200
2100
3100
2300
3600
1700
973
996
1400
1000
843
1100
1400
3700
2100
2600
3700
4200
2700
982
1200
1100
6900
1400
623
4500
1000
1500
95400
2200
757
2300
958
19500
682
3600
5200
3600
2800
1300
4400
936
1000
3900
825
744
3000
3000
23700
2300
1200
4300
768
552
690
3500
12400
3700
1900
1100
1100
618
463
1000
1200
895
1400
823
480
1000
1100
990
3900
74300
964
4100
1100
5500
2100
1300
1100
1900
7500
926
2200
1400
730
792
2000
936
1100
986
3400
5100
859
3000
1200
935
1500
340
701
1200
961
1100
1900
4500
1400
1300
4900
878
589
1100
577
6000
5300
4
992
5800
4100
1400
1600
2300
1400
4200
1100
1800
3000
833
1400
4400
803
1600
1200
883
5800
1700
1300
2600
701
1100
1100
1200
1500
1100
3400
916
1800
1200
112600
10000
2000
1300
740
2800
1300
3200
1400
3700
695
5000
728
7200
777
4200
875
1700
947
788
2100
767
1400
2800
742
1100
475
1400
4300
701
13200
451
2000
1900
3200
828
25400
970
1100
2400
1800
1700
49500
1400
774
1300
890
1400
1500
791
1200
788
1200
1800
2500
416
646
799
1700
10400
3900
3100
2400
910
2200
1100
1200
1500
77
2000
17400
1400
701
931
1400
1400
5600
2000
1800
1600
5200
1500
1100
5200
491
724
943
1100
1600
2000
465
2100
19100
967
515
