12800
781
534
731
724
1100
3400
2900
1100
932
1000
1900
2200
3600
6800
1100
914
1700
5900
1200
3900
27400
1400
11100
1000
7500
19500
2400
730
1300
5900
18800
3900
5100
1800
6000
580
966
2000
741
1400
843
1400
1900
1200
877
527
16800
1100
1000
1400
9400
4700
790
2700
1100
945
1700
2100
2500
1900
1300
6900
1400
4100
2800
745
1200
649
16900
1500
1200
895
77600
590
813
2500
1700
708
802
233400
1600
213
263
348
695
1200
845
886
1700
1200
2900
974
688
1500
1100
1300
1900
625
902
11700
6300
5200
873
1100
4800
787
1700
1200
4000
1100
1200
2200
1100
1600
3000
595
1700
2900
1700
5100
6300
2800
417
1400
1700
788
1900
1100
525
2900
690
907
1200
1400
606
5800
2200
2100
671
1400
1600
1500
2600
1100
1900
1000
1600
1200
6500
2800
240
2000
3300
1400
723
17500
2600
4200
1000
1500
2000
980
1200
1400
15200
1200
899
129
1600
901
3300
1000
4200
1100
1200
1200
563
1600
709
3000
12900
834
6100
2700
9800
1600
736
1400
510
501
674
3100
624
915
975
1400
936
596
1300
1200
15200
2700
991
14600
2100
922
502
585
3100
1000
691
1500
3600
5700
141400
800
1400
3700
1100
1200
919
667
1800
1100
24200
935
1500
2000
823
684
810
522
8300
2200
1500
3600
1600
545
1400
1100
578
690
28400
877
12200
1500
6600
866
4900
2400
587
432
3300
1300
1400
1700
829
1900
799
1900
1200
1400
2100
1000
2300
1100
649
2500
1200
3600
1400
6800
332
1000
4300
1000
1100
740
768
1700
1700
571
808
1200
731
797
1900
567
661
643
6100
2000
97200
833
2000
449
1600
721
2200
9400
1000
1600
882
926
1300
1500
3300
9000
1200
2200
2600
911
1600
2000
7000
907
6900
5800
2000
44800
8500
1100
794
1100
6700
1300
2000
1500
1200
937
1000
800
1100
895
746
8700
751
1200
1100
1600
948
611
1300
753
879
5200
1400
1600
857
1300
979
2400
1300
1100
952
2100
907
497
2100
1200
469
889
628
6300
6700
3800
1100
917
799
1300
6500
1300
830
7300
1800
889
645
4800
18200
1300
2000
1100
608
920
716
2000
1300
1400
2000
144400
840
1200
1400
1400
10700
3400
526
1200
2100
1700
2300
1600
2500
1400
15700
688
4600
2400
1300
7600
941
3800
1800
5500
957
5800
3300
1500
455
1300
1300
1600
4800
1200
4900
1800
1200
947
1400
395
1000
2700
797
1100
196700
1700
1000
1800
853
1700
606
932
2800
1800
1100
1000
4600
18000
1600
1000
2000
2500
18200
1100
1700
990
1600
1700
714
3500
1100
2600
1800
804
791
568
1500
870
346
2100
1600
642
2600
1800
1300
2500
3100
2000
9900
2700
600
2000
1800
835
2900
6800
474
3300
2200
1700
1900
106
1300
7600
2900
2300
2300
2200
871
3700
3500
3700
1200
1000
1900
1900
752
1200
707
2400
10200
2100
817
643
612
712
1400
1600
1100
918
5600
1200
1400
862
1400
794
1500
929
1200
7900
1900
1000
5100
2000
1300
624
4400
1400
18200
32000
26800
1200
5300
1200
5000
1400
926
6100
1100
983
1700
857
828
457
816
11800
1200
826
1900
579
3500
1400
23200
4500
1800
1400
438
1200
3600
5600
178
2400
1200
1000
1800
3100
1700
1700
3800
2100
1400
2400
3200
903
859
13900
6900
5000
1300
755
2300
1400
4500
850
743
1400
1100
1200
695
3900
1400
679
2700
791
780
939
4400
11700
760
1300
2300
4700
1100
4100
22100
18900
675
29400
525
1900
1100
4900
8200
1300
978
2300
3100
1900
2700
505
1100
3800
1800
3600
1800
1100
791
497
621
4100
1000
998
787
1300
1900
1400
819
1100
1900
740
3900
810
821
7700
1000
10300
2300
883
1500
1100
1500
802
1500
1000
1200
1600
923
772
768
1300
2000
1300
1100
940
2000
5900
1300
659
1300
3900
1300
1000
996
987
9300
1400
3000
1500
1200
12300
6000
669
1100
1100
1600
700
1400
829
599
1300
764
874
1100
832
1200
5500
977
3100
880
832
2100
13900
9100
1600
789
1000
26300
930
2700
1100
1800
933
1100
11900
496
495
14100
8600
806
1900
807
572
674
813
2700
912
1400
1400
12700
917
4600
753
662
652
1800
749
13500
1700
3400
3800
16300
846
942
1700
1500
928
1900
725
1200
5700
3800
900
820
1200
2000
9700
109
6200
3600
803
769
830
979
1200
3000
971
7200
1900
693
577
572
706
4300
2700
1600
932
526
4300
1200
1400
211
2000
715
1800
12200
1600
1000
1200
1200
1300
595
1100
888
1400
3300
2300
1400
2100
980
918
1400
30200
1100
1100
1500
1300
5300
1600
1400
1100
5000
1400
667
1900
2500
2200
5100
2900
2500
2800
878
1100
1200
1700
997
1000
1100
1500
1700
9100
925
1200
5500
8500
2400
4100
1100
801
13900
1200
675
16800
1200
8500
1100
1100
2200
1800
1100
5200
7400
4600
1300
4400
1900
1100
864
3600
786
1300
434
1200
2200
822
998
1100
641
1600
553
1000
840
1500
1200
3500
1700
1200
2900
1400
592
493
1300
1300
1600
3800
1200
993
2400
1200
805
1100
1200
1400
1600
2400
719
1300
1900
1400
4000
1100
909
1200
1300
984
5600
1200
1700
1100
2000
784
1800
840
2100
2200
4600
3800
3600
1100
1300
2000
2600
1300
873
665
518
2200
838
1500
360
1200
2600
1700
1200
1700
14800
979
887
1600
895
603
1600
1200
1400
767
1100
2500
1000
822
4200
825
1100
1100
950
1100
4300
712
919
1700
3000
897
2200
4300
1100
1400
2200
1400
3300
2100
779
1600
1600
632
2700
612
1300
22100
1100
2000
2000
760
4300
5300
1800
3300
3500
448
1500
1000
1000
32200
564
553
10200
1700
2900
1700
1400
1100
1600
1000
8500
5000
446
1900
1100
1300
630
4300
929
6100
3400
935
2000
1300
2100
1400
1200
5600
4400
1500
786
718
849
1000
1100
3400
1400
1100
640
2300
1900
1400
1100
1400
653
4100
684
873
736
6800
4200
1100
1400
42200
1600
693
1200
1900
504
1900
25000
2000
887
659
1900
20700
859
9000
1600
801
5500
1700
879
2000
7900
1300
1500
880
1100
772
1200
1500
444
1100
6500
644
18100
1300
914
1500
900
1800
895
22200
7900
2000
250
605
1400
1200
3900
8000
3400
811
987
2200
11900
2500
1500
656
4000
8700
6800
1600
1300
1200
881
5300
653
23200
1200
2200
1300
4600
920
755
1200
5400
1900
5000
953
2000
14000
925
868
4100
373
1800
1100
657
798
2500
890
2700
1800
1400
8800
2000
863
1500
5900
756
2500
1900
1500
1200
1600
571
3300
523
9500
2400
2700
1200
716
44700
4600
1600
2600
6500
1400
211
1300
1100
874
925
633
14900
796
1700
4100
935
1000
3700
1900
1200
5900
932
11800
16300
1200
1900
844
689
903
805
1200
1000
2100
798
4200
5300
1200
3400
2000
1300
1000
1000
1800
1900
3100
1800
1400
1100
4900
878
1500
640
3100
1300
4800
2600
473
1000
444
2900
486
861
871
1600
1500
4900
3000
1600
1400
417
1600
2200
477
824
620
1200
1600
3700
1700
80
966
677
2200
2300
1500
668
2800
1000
671
1300
1700
3800
4200
1300
1400
1500
23100
958
19100
1400
2500
1100
617
6200
579
715
2400
2800
1300
471
4500
1200
1300
1500
908
1200
6100
12400
6400
773
1100
939
11800
990
856
1700
531
1300
496
1500
1800
1300
854
1000
574
729
6000
856
1000
412
1100
2500
31300
1000
1300
430
1800
852
730
582
2300
3600
1200
1600
1200
763
723
3400
767
1400
4200
1100
1400
831
1000
2900
1300
8500
751
589
1300
2100
1500
735
2200
7900
622
4600
868
957
6000
2300
814
1700
3800
582
690
1200
21400
740
584
1100
650
1500
750
2400
1900
2100
602
1300
1700
823
850
2300
1700
711
16500
4200
1300
1900
1300
833
956
2200
1100
3200
693
3800
2600
4700
8800
5100
3500
1800
2000
2900
1700
2000
4900
3800
1400
769
897
8800
579
7100
1100
3800
841
1300
2900
9000
1600
1100
873
994
1900
1100
810
828
649
1600
2600
1300
655
853
2100
4900
13600
2400
959
4000
1500
543
1200
2300
4400
803
1100
2100
501
1800
559
2400
999
2200
945
60
3400
1000
885
1100
8400
481
939
1200
1800
2200
956
550
1300
1600
6100
884
1100
1300
7900
53100
812
1100
2300
1100
1000
1000
894
789
845
860
8300
9600
4100
3100
957
1600
933
7500
2300
862
787
1600
974
300
2700
787
1800
5800
2400
1000
3900
484
3200
1600
1200
1800
3800
7000
1100
6100
725
986
740
1900
2000
1300
574
1200
377
2800
5900
9800
2000
1900
4800
7700
2000
898
2200
3200
2900
2100
739
8100
1000
1600
1800
1400
742
973
25500
2000
807
727
2300
806
10200
6700
846
1400
1300
3700
1100
1600
2000
2900
4100
608
519
7600
1700
1800
3600
6300
789
4800
1200
678
18400
4400
671
2200
1300
2500
1200
15000
1200
981
4800
10300
994
1400
2800
967
4000
1500
5800
857
897
553
1500
475
9100
750
1400
771
2300
1000
2400
823
2800
1700
1300
3700
4900
1200
4900
712
5200
523
1600
5700
1100
814
1300
1600
4400
24100
1600
1600
1200
2000
536
1200
2400
1500
1100
1600
818
2200
954
9400
956
731
2000
1800
3500
951
1200
18400
1300
2100
8800
6900
2700
2600
2100
2000
957
50000
745
5800
1100
909
1600
706
1600
734
589
1300
14300
1800
1500
1200
548
2600
922
67300
1100
1800
1800
728
1700
2600
4200
589
1000
893
6800
3700
4300
1400
2300
7800
1700
6800
1100
8600
3900
738
1600
4100
999
4300
1100
1200
1600
1100
400
1300
1000
969
2100
1300
1000
2800
1100
168
5600
1300
1300
2500
4700
2300
2000
5700
768
15400
701
2000
6200
1200
2300
1500
1900
932
354
742
861
1500
2300
687
655
783
4800
725
1400
4500
1400
1200
6800
918
863
1600
3700
770
1100
760
1500
656
737
940
947
709
427
1800
636
1100
1200
4600
739
1100
847
922
1000
1500
11100
869
860
2100
4700
1100
1200
2800
1100
661
118700
3000
1600
1100
7200
993
1100
896
1100
1600
1900
1200
5600
970
7300
782
15000
678
1100
1600
1100
1700
963
53900
1400
3400
902
1400
683
3900
1000
802
1300
661
1100
1100
921
909
952
357
3600
45400
5100
3300
968
7000
9800
2300
1300
1600
2200
8900
836
4600
4400
2200
885
1200
1000
6300
1800
685
1300
1200
2800
4100
4800
1400
1100
1700
521
3900
1200
4400
482
2500
758
1500
2100
790
9500
979
1200
1700
1200
2200
1500
546
934
907
463
18400
2600
12000
1100
1800
3000
491
1400
536
820
1300
2000
3600
1100
7800
592
2400
544
1100
962
844
1500
1900
1700
2500
1200
1500
1900
2600
829
1800
1200
1600
878
1100
2600
1900
1300
82000
863
9700
1400
2000
2700
1100
3900
838
958
904
2800
1700
1100
1500
907
7800
985
908
1500
2500
1700
786
2800
1800
735
2400
731
1400
772
2800
794
1800
1200
2700
627
6100
1200
1100
2700
1100
619
1700
1000
1200
1200
3800
7700
987
960
1100
1200
2000
18300
1300
799
655
1100
2100
950
5200
3300
1100
21700
1500
1700
1400
574
6900
2800
1900
1200
3000
1000
10200
6400
23800
1200
7000
1400
827
796
1100
693
2400
949
937
2200
1900
2000
11000
1100
1400
3200
928
817
1500
1700
2600
3000
699
3300
2000
877
2100
500
483
1500
1900
1300
842
2300
4200
2400
686
3000
521
456
768
1100
1200
893
2000
1400
2200
843
4600
7200
1500
11600
1000
2200
5100
784
1700
2600
1700
4500
1700
5400
903
1200
1200
1500
1700
10100
1100
1500
3200
892
1100
2600
708
2100
2200
1200
2200
644
701
727
3100
4200
3100
811
2700
1200
1400
1700
905
2100
902
1700
2600
18800
24800
682
1500
1200
485
237
4900
2100
810
32500
5600
4000
2100
1100
1100
9400
284700
1400
1400
1600
1400
7000
2400
820
937
1500
4900
1300
2800
949
15200
1100
1300
1500
983
670
2600
1600
755
1200
1300
1100
8300
1100
895
4400
1200
683
2700
3800
5700
6000
2200
464
2400
4800
2800
986
10000
6000
5200
1100
1400
610
2600
439
1400
860
12400
1500
678
2300
4600
1700
966
865
1100
1700
504
5400
2200
2100
1300
983
784
2800
743
20300
997
2500
848
1000
1600
12100
2600
924
681
740
16300
1100
912
1400
9600
1600
1600
954
16400
735
2200
931
8900
5700
1000
5100
991
9600
4000
615
1300
1600
3100
1300
2000
1300
5600
1200
462
610
1200
807
1400
3900
551
825
1100
3100
3200
732
2400
1100
5100
8100
683
829
820
1300
5700
2900
2600
3000
410
870
767
7400
19800
1100
787
36100
2400
1500
1400
6500
4500
1300
962
1200
3000
2600
1300
7100
892
970
23000
2000
6800
2300
1300
2000
972
962
704
2200
3300
14400
1500
2000
1300
1600
1200
1900
3100
1300
1800
532
1200
1400
882
11800
1000
1100
3300
3200
3000
1100
4500
641
1200
1100
738
9400
15400
3000
1400
885
975
1400
1300
878
1700
1600
7400
3800
1100
5900
6800
1700
2100
921
12800
6100
403
5600
3000
1200
2600
1300
4300
1800
24200
531
3000
2700
795
7300
831
872
1200
262
2800
2900
14300
2100
1600
477
1700
902
11600
5400
2600
1200
768
1200
2900
2900
1500
920
10300
500
748
913
1100
2100
893
1900
1100
518
661
71300
1400
1800
1300
825
6100
1200
3200
1400
2000
4600
1400
750
1600
905
2500
7200
1900
2700
461
1900
1100
2000
7200
1300
11900
562
6100
1400
2300
2600
1700
3500
698
1200
1700
539
2700
1500
1100
875
1900
1700
1200
1300
5800
709
481
6100
667
4300
3700
1200
16100
1100
17200
954
1800
893
996
5500
887
1200
3100
644
12900
543
1300
1700
2000
88
717
1100
1300
3900
2800
2100
1700
1400
1200
5500
1600
6500
303
1000
1300
780
1700
2100
2500
2100
1200
1400
1200
2300
714
1300
1100
1100
4200
731
1000
2600
1100
888
1000
881
2900
656
356
3000
8300
944
3100
4000
1800
2000
6000
1500
1400
2400
1200
1100
1800
1700
3900
2500
53200
945
3400
21000
1100
1500
906
1700
2700
609
1100
1200
1700
1700
861
12800
818
1400
1900
2000
1000
1900
1000
640
827
15700
1900
6900
1300
425
1400
4000
948
2500
4300
860
2100
4500
1800
21700
1400
2100
876
2100
1600
1200
812
685
3300
22300
2500
782
3000
1400
1200
609
633
413
2400
3100
662
1600
854
1300
3300
1300
1200
1500
1200
3700
1200
1700
914
3900
3300
18200
1100
719
950
2500
1200
722
1100
3300
1300
15400
1300
7800
3500
3600
736
958
2200
1900
726
812
831
3200
923
3400
1200
2400
2900
2300
446
982
805
1100
3900
1100
1300
831
109
366
2200
4800
1900
875
1400
1800
1900
5100
3400
2000
895
868
1100
3200
1700
9700
6200
991
659
3000
798
1900
1400
1200
3000
1700
911
9900
906
1600
1200
2700
750
952
827
937
816
1600
2600
539
2400
5200
1900
1300
888
1100
6800
10900
2700
3600
1400
2200
1500
2500
687
1100
855
855
3400
1400
10600
996
786
1100
1400
25100
8000
1300
588
8900
3100
5100
973
647
5700
1300
1000
1500
3800
1100
764
1200
1300
2100
2000
855
986
1800
1200
1700
878
3700
2700
11800
746
4800
928
1600
1600
2400
3000
3500
790
639
1700
1300
1800
1200
2100
7100
707
5400
1500
1800
888
211600
1900
964
902
967
936
653
2600
4800
1100
11700
24500
4100
2000
8500
839
1000
2900
1300
4700
717
2300
2300
622
1400
698
970
1700
7700
2500
3700
10600
544
1800
1000
6000
488
1700
1200
4300
3400
1200
1200
635
1300
1100
6400
781
1400
758
891
515
2400
834
1600
941
2900
1500
2300
822
1000
2300
1600
620
717
959
9900
1100
3300
723
1000
2700
920
1400
8200
1400
1400
6800
991
2300
3100
1500
1900
1600
27500
785
3300
4200
4600
1700
1500
839
2900
3600
6100
7500
1000
1200
1200
1200
436
1400
2100
7600
1900
2000
1400
1200
2800
1300
1300
1100
2000
567
1200
666
795
638
795
1100
2900
763
548
2100
1200
1500
1000
2200
1700
606
3400
725
1100
1100
909
1300
11200
697
1400
653
6400
25700
1900
943
846
1800
20300
469
1000
738
753
957
3100
3200
354
24900
855
4800
455
967
1800
937
583
1200
1800
2600
688
775
2500
4300
50
1500
1200
6500
1100
5900
1400
1700
562
1100
3400
1900
2400
1300
2800
3400
462
2800
704
1400
1200
2600
1400
4100
4400
703
742
905
1300
960
1900
884
2300
2500
901
1900
1200
901
833
1800
5900
1300
11400
2100
1800
1800
4100
5700
1200
1200
1100
3500
1800
2100
2800
1900
1200
3000
7100
1200
1000
876
707
1600
2100
1400
961
3900
1600
32500
4500
1300
1700
1100
560
412
38200
732
1100
1300
797
3400
3200
3700
2400
812
1700
1500
334
14700
1700
835
2500
991
808
17600
4100
603
1600
2300
1100
3000
592
1300
70600
485
1200
5400
516
1100
3000
6400
1100
881
1400
1100
1100
1500
1700
672
4500
3300
905
3400
4700
11700
1500
1100
1700
620
581
1100
1100
2200
1200
8100
1200
845
1000
776
2000
1200
997
4700
772
2100
1000
1400
3500
1400
4300
1500
3500
1300
1000
1900
7800
12100
1200
1200
1000
2200
2500
4200
3400
4400
966
525
23100
982
5500
916
10700
807
835
6300
1100
1900
1200
2000
701
1500
3800
5000
973
1200
17600
3200
2400
659
2000
2400
14500
8400
529
928
895
1800
806
2100
1300
2400
6600
1800
3300
2700
500
5700
741
1100
1500
808
1400
1000
190
11000
1400
1700
2800
589
699
5200
2200
6900
538
2100
1400
1200
3000
3800
3000
707
1800
2200
2900
1100
411
4000
3900
4400
758
1100
1400
17900
790
1000
4200
1600
128900
2400
473
1800
813
2100
417
913
2800
1000
1400
667
694
3600
1500
840
1100
1800
998
920
2400
7500
5400
1500
1100
1900
7800
797
25300
1400
1200
1400
10700
1100
1600
651
1600
708
5200
779
1500
5100
919
3300
850
2500
29400
3600
84
2000
1600
1000
1900
1400
1900
1800
1000
2600
11500
713
4500
1500
3400
2200
2800
6600
1200
1400
2900
872
6600
1900
8600
830
923
5800
1000
3600
905
485
1300
1700
3200
20700
2300
965
4500
1100
1100
1300
2300
861
3400
2400
1500
1200
4200
3100
752
885
2000
8300
1200
3500
1100
496
871
470
2200
5400
926
1600
2400
3800
841
2800
2200
3400
910
2000
1400
2200
2200
1300
722
2700
777
823
1400
1400
845
2800
2600
916
646
813
1400
895
891
3200
6200
948
9000
787
7700
1100
2500
12600
1700
3600
1400
955
14000
3700
839
1500
9800
844
1600
2200
3700
24100
110
1300
1600
1200
1300
603
1700
1300
524
17600
1500
841
881
5800
4200
2100
4600
1100
858
39900
4500
1300
3700
1100
1400
808
10400
495
12200
1600
1000
5400
1600
690
15200
1300
677
4200
602
506
1500
1100
1300
514
550
7100
834
8400
954
1300
842
4400
992
1100
1200
2400
4500
2700
865
390
473
6300
3100
800
13000
982
490
786
23700
12400
838
6300
1000
1200
1500
4000
694
1400
1200
1000
1100
791
593
7400
2600
48
7000
2200
655
1600
3300
516
441
893
11900
917
1800
808
823
825
4400
894
987
23100
1100
7000
935
1300
721
901
817
1200
1400
6400
666
599
2100
1300
1000
2000
5300
843
651
4300
2200
3100
4400
693
1700
1200
2100
3600
5000
6600
1400
981
1600
817
1200
2200
1400
1500
782
3300
1800
1300
1400
1400
1700
1100
1600
2400
1500
1700
750
1200
1200
1700
11400
1900
2100
1600
1900
2500
625
1100
704
22800
11100
784
1400
716
1400
1800
3900
7700
8100
1800
1100
6900
461
4800
759
744
846
931
761
1700
1500
5600
726
2400
932
3600
11000
34600
11100
568
808
602
1700
9800
1400
857
437
2400
25900
3600
969
16200
1200
1200
992
1400
632
1200
695
1400
599
1300
21900
1100
2300
2600
2400
1500
1800
1100
595
4800
717
3900
5700
5200
2200
6300
3100
506
1800
1100
3000
1100
1000
543
856
5100
1100
1600
1400
3500
1500
963
5200
3000
1600
1900
1400
4200
2600
822
1500
8500
958
1700
7900
682
4400
878
2700
996
1300
782
1200
549
1600
14500
4200
2100
767
11600
403
2300
1200
3400
949
18200
1100
10300
732
1300
803
1200
1200
1300
1800
3100
1200
784
1000
53100
851
839
533
1100
1500
740
775
20100
1500
7800
692
2300
826
8000
960
831
987
10100
1300
1100
983
1100
459
703
19200
2800
1800
2500
4800
1800
558
17700
1100
693
2500
483
1700
2800
870
994
2400
10500
1300
3300
1800
1100
1400
1900
736
977
833
1500
4400
4100
1200
5500
3200
712
1000
83300
2000
875
980
1600
1100
1200
784
2700
3500
1200
1200
990
1300
3700
559
865
1100
886
3200
551
10600
4200
2100
897
1900
5700
655
2000
31300
1100
4500
1600
1900
1100
2100
657
2300
829
1700
799
1000
5200
965
1400
8700
583
864
3400
748
18200
15700
2200
850
6000
1000
64
915
759
1000
3800
2800
1500
10100
815
48000
1100
5700
1300
3200
20800
2000
2900
2000
943
1200
1500
745
2200
660
4400
1700
4100
4900
1700
923
1800
9800
1000
1000
2500
17900
12300
776
2400
1600
933
629
593
872
1000
3400
1500
3400
1400
1600
13700
1300
2500
1800
3000
5000
1100
2100
782
1400
1900
1200
1500
9000
1900
992
1800
677
1100
1400
26400
887
1100
1400
9300
2200
1500
19100
1300
821
2900
1100
755
6400
693
1400
5200
955
805
1600
1400
1100
866
778
1100
1400
257
6600
5000
1100
3500
654
1300
18600
959
1000
847
920
879
414
532
1100
3700
5100
612
1100
1800
5300
830
4300
1200
19600
1100
6100
1000
1700
2100
5500
4600
1200
916
680
478
952
864
899
1300
945
1100
1500
627
8800
2100
4300
1600
954
2400
1400
9500
1500
956
4000
825
3300
941
8900
3900
9000
1200
1300
1100
969
759
827
714
7400
9300
725
1000
1200
1500
4100
1500
643
28800
14000
697
2000
1500
1000
1100
2100
1500
1100
13700
57200
4500
945
833
409
99
806
763
16800
1100
1600
952
908
507
699
1300
27900
321
928
712
1600
1500
824
698
1700
974
728
2300
1400
18600
1300
1300
877
1100
3600
743
2000
706
701
774
1600
2800
2000
20300
92100
1300
1800
1300
1000
3800
2600
5300
1700
2100
10100
2200
1600
2700
4500
832
1800
1500
1100
1800
3600
1500
3900
2000
726
2200
6700
1400
1600
1000
964
5900
919
12400
1900
779
1200
1100
795
3300
4800
5700
969
1600
1600
912
5500
2000
659
955
1000
832
3600
2900
1300
968
1500
77200
890
1300
1000
2600
5000
735
1900
678
1200
4100
5600
1800
937
742
1100
3900
17300
1100
2500
764
2200
1100
690
14700
4700
1800
1400
855
1800
4800
1600
1800
736
776
1300
801
1000
6600
2300
2500
1900
3400
3200
9800
5800
3200
3500
1200
2200
3700
16400
669
1300
258
21400
3200
633
3300
1200
1300
871
568
10400
2700
1500
583
10000
744
2900
2400
690
2600
567
10600
1600
8600
976
27300
1200
12500
804
780
5400
3100
44700
3600
1900
1100
1100
2700
1000
961
1200
2400
5500
966
1100
1600
7200
4400
5800
674
947
1200
776
2200
1100
3700
1500
748
4100
937
522
964
993
5200
510
701
1400
1000
942
863
928
2200
4300
730
1900
2300
1300
3700
1000
2000
429
1600
1100
4200
2600
2500
531
1700
474
2300
3600
1300
1100
786
1100
1400
2900
635
682
1400
856
1800
424
772
654
808
829
6200
3600
1300
2400
473
554
854
1000
784
5400
1600
2000
1000
691
840
866
781
5000
2800
917
1700
715
444
119
3100
707
1800
546
1400
918
1000
5300
746
1200
1500
1800
937
1200
3200
2500
1100
1700
796
1400
1100
3200
6200
953
71900
16700
5200
819
3900
2100
4700
4400
1200
2100
1700
705
1700
1600
1000
4100
1600
2500
1200
484
767
913
1300
1400
1000
654
2900
5400
1200
802
2200
1100
1200
1100
1100
5300
6600
810
1200
974
858
5600
1000
1800
680
1200
2200
537
210
2400
804
7600
2300
913
1100
634
3000
2200
6400
826
2400
2500
2400
847
1100
5200
1600
1400
1400
2200
4000
1500
2100
974
1900
821
1100
180
1700
4000
1800
2600
1100
1000
1600
2700
572
787
2100
852
743
7600
2700
1000
735
919
1200
865
984
1000
1100
1900
1100
6500
58
1400
863
1800
1100
3500
2300
2100
1100
3700
1200
3300
1300
1800
1100
612
1100
1800
1200
2500
1400
1000
3200
731
585
1100
951
2200
1800
3600
1100
1200
1200
645
700
2200
778
1200
753
851
7300
1200
1600
838
2700
536
824
9600
2000
1700
4500
26900
707
1000
1100
1500
1900
2500
3400
2200
4800
1900
21700
3200
5500
1600
888
897
602
16900
1200
21100
1000
798
1300
4000
3600
9500
1300
68300
642
15400
2000
8000
1700
923
2400
1800
926
1000
2200
384
65300
521
1200
685
991
2400
1200
139
1100
2100
1800
3100
591
7100
2100
1500
1700
17800
1700
1000
716
1800
1800
2400
1900
419
853
3000
974
5300
670
772
7500
776
380
918
1800
1000
19100
1800
6300
826
494
1300
810
1500
898
12400
10300
738
2700
769
1100
1200
1100
3100
4400
931
1700
5500
757
4700
2200
36300
2900
997
448
1100
3400
472
1000
206
2100
945
2000
847
7400
1200
753
1000
1200
826
1200
4300
626
1400
3200
778
4200
940
1400
2600
1500
663
888
3300
1700
3900
597
2300
5000
1100
689
841
2000
1300
786
919
3800
1600
1100
3500
1200
1200
4300
1400
1500
45900
3400
2200
695
1400
793
1000
1300
308
1300
5600
928
1200
2100
1500
1300
5000
78600
4800
875
4100
1000
1300
807
1200
775
1000
1200
680
30000
530
2700
2900
1300
823
1600
3100
2600
548
2200
2300
5800
507
872
2100
9500
908
599
769
5600
6700
1800
2100
1900
734
1900
8500
2900
4600
1200
1100
745
1500
15600
1300
921
1900
5700
1000
1000
12000
1200
838
1100
1800
736
1300
1200
594
860
990
859
1100
1200
1100
1600
4700
1100
1000
2700
902
6300
1100
890
397
1200
974
760
884
5000
2600
674
790
3900
11400
4800
600
1100
1200
2100
1100
1600
7500
7000
1200
1200
49000
1600
686
674
1800
20400
1400
526
2400
19500
4700
4500
1200
833
854
1600
942
955
1000
1000
1400
855
1700
459
1700
3200
595
549
596
5100
16800
942
681
2400
1600
1900
635
701
2400
890
1700
1200
2600
1200
1000
3200
1600
3300
1100
970
54700
552
1600
2000
1300
594
1600
1100
17600
11400
1400
1200
1700
1400
655
920
1800
17700
2400
1200
1700
1700
1300
3200
3100
2600
4600
871
1600
6200
1100
738
6600
1400
744
2900
361
4200
17500
1600
5300
1200
628
2100
1100
850
1700
1500
1400
3100
1900
1100
3600
1600
1200
4700
1200
6000
3100
2700
996
905
6900
1800
1500
1400
16400
6400
1600
1800
1300
1700
5300
7400
1100
1400
967
739
2500
7100
974
1300
2300
476
1800
1500
3600
762
1400
884
539
137
1100
1000
5400
478
13900
713
1700
1100
2500
3400
935
1300
727
594
3100
1400
1100
818
1600
11200
987
24700
1500
1500
7700
2100
417
1500
1200
916
1200
2200
6100
895
999
1500
2800
779
2900
864
6000
973
5800
1200
1100
727
1600
1600
2000
921
1600
1000
1800
953
3200
1700
960
3500
1100
2300
1400
791
1300
1100
3800
529
1300
1700
2800
3800
798
2800
1500
2100
2900
1400
1400
823
2000
1600
845
761
2800
810
794
993
1300
5200
1700
6200
1600
1200
1300
220
1200
871
3900
10000
1600
952
2800
1800
1800
3900
670
7300
5900
1000
1200
1500
2500
861
1600
1200
1600
1200
1900
1800
1200
939
1900
9100
4000
3000
13500
1200
830
1900
1200
1700
1000
1100
2500
1700
1600
419
2700
2000
827
1100
2400
3500
3700
6300
7700
1200
1200
2100
1100
1200
690
11700
2700
1400
2100
318
25000
1800
3300
764
1900
1300
1300
5700
960
2700
2200
762
6600
5800
8500
573
600
6000
1400
574
540
2400
1500
1300
2600
915
1700
817
1200
607
3500
1400
992
835
2100
1600
13800
719
7400
4600
1700
1400
820
1600
1100
1700
2200
1600
5500
2800
2800
258
529
949
877
35800
3300
1500
1700
1400
1200
3900
1000
2800
921
1500
2100
1900
1400
5700
1800
1100
10800
934
692
1300
1400
