1300
2700
1800
1000
3400
1300
10000
610
982
1600
1100
1100
2400
1200
1900
2200
2700
787
1500
4200
1900
1700
1400
1700
10000
3000
1400
988
696
1500
11800
2000
1000
1100
1200
1700
772
2000
2700
4300
829
1600
1300
15400
1200
15500
1000
1500
958
809
10100
610
1100
12500
1000
1300
921
1900
1800
6000
1700
643
1200
996
1800
4000
7200
1300
822
942
910
920
2500
24900
1000
1500
983
1200
1100
1300
1500
2100
920
1100
925
1700
720
1200
2100
1800
1200
951
1700
585
1700
1500
1500
945
2400
835
16200
1400
769
7200
914
2000
4700
1300
3000
712
2000
1500
1800
3100
759
1300
1700
1600
753
2400
3600
2000
3000
2100
5200
863
3800
3800
901
6400
1800
751
1300
1500
5900
1500
799
2200
1300
478
764
6400
964
2000
1100
2300
461
3300
1200
2400
3200
2200
1000
4000
833
2600
977
885
5300
1200
6600
112
659
5900
1600
1700
2200
1300
659
1000
1900
1700
3600
17100
749
2000
1200
1100
987
821
1200
263
4600
1200
2800
1000
1100
3600
1200
1800
890
3500
1500
1400
1600
33400
1000
782
563
5800
1400
769
667
12000
4000
8800
2300
878
554
1400
1200
620
1000
1400
4000
310
6300
1500
1700
1500
1800
1100
3000
4600
1300
6400
860
2400
3000
1500
704
2300
4900
2000
4600
1100
3200
12600
3600
1700
1300
1100
1300
640
3000
233
1600
1400
761
1600
12300
3700
2200
1700
1200
566
1900
18300
997
1300
2900
1500
2900
1800
3600
604
947
1800
2900
725
3700
8200
3200
1800
1200
1100
1400
917
518
1100
1500
82
5300
874
1300
2900
2500
1900
1600
1100
845
2700
615
1500
562
12200
1100
9200
2000
1200
1600
990
1900
2100
888
1200
538
2200
864
17300
1200
1400
947
1200
15000
3000
2100
797
3600
1900
1100
6700
6800
1500
1700
1200
1200
682
2300
887
1500
1000
712
621
3200
5300
1200
4000
1300
851
2000
1600
3100
2200
2200
1600
925
1100
2300
3000
866
937
13000
4400
810
2200
1300
1400
7800
2200
5700
1100
1500
1000
1200
1400
1100
2400
89500
677
5200
925
1100
2500
1500
994
5000
366
14400
1500
200
4300
13200
7700
1200
1000
1100
2400
3400
3800
1600
2900
2600
5000
1700
918
869
877
2200
632
3300
173
4000
5100
4400
6000
1100
902
2100
12500
2400
678
3300
31900
1400
1600
872
565
497
2000
1900
2000
3400
877
1900
4300
758
787
1800
483
3200
1500
5500
7100
4300
979
851
8600
1600
1200
2400
23800
658
1500
5900
3400
969
917
1200
1400
1500
1100
901
883
8300
497
4200
635
1100
1400
1100
1500
1100
2300
1200
1700
924
1700
1900
898
925
1500
2600
2000
839
852
736
840
3100
1500
963
282
4700
37200
822
2400
2500
779
4500
1200
940
629
947
1000
1100
1100
1600
853
4100
2000
2300
859
612
1100
2500
1000
951
1400
695
2200
590
708
1600
2400
1800
657
1700
1000
1300
744
1200
1200
681
1600
613
1300
4800
1200
1400
14000
2000
1200
1100
1200
14300
1600
1600
4300
991
4900
14300
946
950
934
14000
1400
873
1700
3500
1500
1600
2300
2100
893
3000
1600
1500
1000
1900
4300
30500
1800
695
10000
14400
798
474
985
12700
1300
1600
4800
805
1800
1800
1500
1400
869
808
945
576
1400
874
1700
7900
958
1800
1200
1200
1300
1700
413
1900
837
1100
2500
7400
571
1700
43
7400
1500
1500
1000
139
6100
921
969
1400
4200
3000
1300
1100
1500
7800
1900
576
1400
1200
1800
1200
737
2100
1800
2500
4500
716
796
6600
1100
1700
446
1600
1600
1500
1000
3700
2100
1800
1500
3300
1600
956
1200
1100
811
4300
730
4900
1300
1300
5800
3200
776
258
2700
450
932
1800
810
983
902
845
2000
799
4800
935
1400
3400
1300
6500
1100
625
2300
593
1600
1400
1900
6200
2900
1600
20200
10400
1300
1000
23000
3800
2300
5000
15700
1200
966
767
1000
4300
1300
1900
2000
2000
726
2300
726
1500
769
1000
1900
891
7200
735
3600
1200
1100
1300
4100
1300
893
2600
1400
1200
771
3400
3000
1100
1000
2100
851
463
1100
3400
1300
1300
801
1600
4900
1400
1100
1400
1100
582
2100
816
22800
1800
1000
1600
6500
1500
1500
2100
1800
8500
949
2000
932
1800
28800
1100
1100
2200
937
1300
7200
682
1100
4700
486
1100
1700
517
1300
3900
1200
1000
1400
890
704
1400
1100
1300
674
9300
4900
8
1200
16300
1700
1800
1200
2900
2400
1000
1200
2200
915
867
788
841
907
945
1000
78600
1100
1800
2800
837
1300
869
932
1400
1200
4500
581
2100
2700
2400
5800
1200
5900
1800
2100
1800
2600
1500
878
1500
1800
2800
2100
1800
3200
650
1400
6300
1500
958
1800
7700
14900
2000
3200
821
1500
1300
5900
7600
104100
1200
699
1100
715
7600
922
39900
8500
6400
1100
1900
1700
1100
2000
568
701
1200
519
790
1100
1200
1400
1200
5900
862
750
1800
1700
1400
804
866
1300
845
490
795
3100
771
6100
801
13000
6600
3200
993
742
1900
3100
5400
1400
9800
3500
774
13500
3200
1700
12900
906
2200
3300
1500
1700
1800
738
2100
2000
1200
1400
1400
821
3600
1100
531
1500
183
9600
1200
6000
3100
901
1300
2500
1900
3000
2700
1300
719
121
1300
2100
991
1400
5800
3800
1200
569
1300
1400
841
2800
8200
902
3400
3200
2700
2700
543
692
2800
9800
1600
1300
459
783
1900
917
564
1300
2500
1100
3900
1300
1600
1400
1200
1700
885
484
12500
1100
1300
341
543
31000
2100
1200
10000
4800
2400
3200
2300
2200
16200
1700
1000
2900
2100
1200
915
15000
1200
1100
1300
753
1800
3200
1800
5600
6800
3600
4900
4900
618
1900
4100
745
886
793
950
861
1600
1000
1100
4600
1800
3700
1100
1000
927
3000
1500
686
642
1200
3500
5200
703
1900
2700
3400
5200
7700
1900
1100
1100
1100
1700
1400
890
1300
603
2600
5000
1000
2500
1300
2200
6100
2500
914
982
9000
1300
5200
9300
907
11900
2700
847
2600
909
26500
1400
3400
805
1100
4800
1600
1200
1200
6300
1000
221
2000
1600
2400
647
1300
1300
1600
689
2300
3700
56500
1400
1000
1400
1700
898
1300
1000
9100
1900
1200
5500
804
638
1200
10900
1700
7000
14400
2000
3800
396
2000
1200
9700
1700
660
738
1400
812
751
1300
991
827
502
11000
17100
1900
5300
1200
862
1300
2300
938
1200
2500
777
1000
762
96000
2200
1400
833
943
607
1400
971
858
1200
3000
1100
20400
3300
536
806
3200
1800
3900
8000
894
919
724
4800
1300
937
852
7300
1400
4500
1200
2600
898
980
1300
5500
705
4400
1200
8500
7300
5900
2200
2900
9400
1200
1600
3000
1900
4700
870
5800
1300
1200
1200
924
1600
3300
556
2800
3000
28600
1500
1100
642
3700
784
823
2600
3600
3800
862
2700
1900
1100
1100
595
2200
866
775
4900
674
1200
1400
755
7600
1600
485
1100
1300
981
952
308
1500
938
1100
1000
496
1300
1000
3000
1300
1600
3100
736
783
752
1000
775
2800
597
901
613
1600
798
5700
2800
6100
1500
812
49000
5800
7600
1200
756
8700
1600
1000
10000
67300
1800
7100
1400
3300
12300
693
5700
4700
1800
3100
3000
1400
1100
1300
1300
3900
57200
3300
5600
2000
2100
3400
996
549
884
1000
3100
915
1400
1800
1300
832
1300
5300
1200
1100
874
3700
2900
3300
2400
1400
1200
1200
3800
1200
1200
799
573
3500
9100
68300
13200
1900
681
1100
885
1900
3700
937
916
991
1000
1300
1800
2000
1000
4500
3200
9500
881
116
856
877
1600
700
4200
6200
3600
1600
1000
2700
8800
457
2500
1200
1300
1200
2000
4900
753
1300
752
8100
5000
1500
791
5500
1300
782
6700
781
1400
862
1300
529
1100
1600
830
1700
533
1900
4500
10600
748
1300
1100
8100
14800
1800
1900
4000
392
526
8800
1900
3100
1800
1900
2400
2700
1300
665
1600
2700
2300
959
1100
1100
922
932
1400
181
2800
916
5700
2700
1800
4500
1400
646
1600
776
9700
911
2700
920
1500
1100
2200
1900
1100
3600
1700
1100
1100
832
523
464
1100
4600
2200
1700
1600
2200
4400
2100
1500
2000
3400
5500
1400
1100
1500
4300
5700
1500
1600
1700
868
1700
890
1400
3100
679
695
1300
805
2400
635
1100
15700
10600
1100
992
1500
403
707
2400
3300
1900
1900
759
3500
973
3700
2500
1500
848
1800
20400
2900
5400
1400
26600
2700
3100
5300
1100
1000
841
4900
794
879
2800
1300
4400
1600
55200
434
1200
2700
1800
909
444
1100
637
1100
7400
682
5500
3700
951
599
4700
3700
12400
1000
2400
1400
9400
4200
1400
7600
4400
727
941
2200
997
567
904
581
3800
279
1200
1600
1200
2600
1100
791
984
665
50
815
1600
415
1200
1700
788
17400
824
4300
1500
4000
1800
1400
5100
1200
2000
851
1200
2300
1100
1000
2200
2100
5000
1500
8300
1500
4700
1700
1800
2700
1100
1100
689
2400
1400
3000
9700
2900
1600
1500
835
1500
555
1500
1600
1600
911
386
947
697
1100
11000
8500
3700
781
4000
1600
2500
1000
6800
1600
2100
6200
1200
534
1900
1300
2700
13000
2500
1200
2300
808
1300
939
1100
18800
19400
6900
626
1100
448
765
1100
18100
5600
3800
1600
1100
1200
769
2200
285
1800
1000
829
971
5800
705
1400
904
2000
9700
817
1900
852
818
674
1300
1500
822
4400
1400
787
221
1500
1400
1300
1200
3100
1300
1600
7800
743
910
1400
4000
1600
901
3200
8900
1100
675
5900
2500
474
1200
10300
1100
1700
1100
1900
683
4500
1500
1800
5500
1300
3900
1100
1500
835
970
3400
928
2400
2400
1100
531
1600
1300
1600
1400
1700
2300
8100
3100
21900
908
641
2300
400
10800
2000
2300
1400
6000
3300
1400
1100
1000
6000
2600
672
1100
821
2900
3900
1100
1700
1200
1100
566
2700
1300
5400
1100
4300
10300
49700
747
10400
734
1300
1500
5200
1000
2900
2700
3500
608
950
3500
872
826
1600
3000
2100
925
2700
639
15400
9000
985
1100
888
1400
787
2600
1700
1100
57
892
1100
735
1000
2000
2200
818
943
942
6200
1500
3500
686
1100
1100
1700
1900
1000
2200
1200
2700
4500
3500
621
1200
7600
840
928
1400
733
4800
2300
1200
10500
2600
1500
2800
178
1300
1200
1400
1100
1200
718
571
1400
4800
1800
10000
3000
582
566
715
1500
1200
920
9500
1700
16600
973
1000
2400
4700
5800
687
511
1700
1100
732
11100
1900
1000
4300
861
2100
17700
1000
946
32500
4100
6300
774
1600
527
9900
565
1100
2600
393
744
29600
1200
849
11400
3600
1800
1300
2200
971
2700
60200
1400
2700
1600
3200
10600
590
2100
1600
1100
14200
4700
7200
1700
5100
1400
1300
837
745
3100
6100
840
1900
873
918
723
1000
3300
1200
2600
962
2800
840
24800
932
2400
2600
858
1200
2900
1100
407
9100
1300
3600
2500
2000
1100
6800
1300
645
6000
9400
468
1800
496
907
544
5600
2700
1000
500
875
2400
6100
2400
854
1100
1100
710
3200
1400
2600
1100
2000
2000
1800
3700
1300
2100
1600
947
2600
828
325
1000
964
1400
3200
1100
969
690
2100
2000
1100
630
661
1900
915
638
1500
6400
3000
846
15000
324
2100
978
1500
1500
727
42200
5700
1100
864
1200
788
1300
1500
2400
1700
952
780
1500
441
2000
893
4200
602
3000
664
3600
3700
3400
545
403
827
679
1000
696
13000
2300
716
1000
6700
2600
7400
838
2000
1500
53
4900
1100
985
1800
4600
988
703
6100
1100
8600
7400
1900
859
1400
3300
1700
1100
1200
1400
4200
2600
1600
1800
5200
790
1100
1200
4900
6900
5300
1400
941
930
1300
9200
1200
1400
11600
12200
563
746
4900
7800
16300
973
859
5000
22500
1300
1200
12900
755
1300
1600
4400
5300
1400
1700
1400
10600
834
912
1200
21500
2500
830
686
814
16700
5100
4300
1300
734
4600
807
968
2700
1600
2800
1200
1300
1500
4800
1700
829
1600
1400
8500
3500
1100
1500
5200
2400
966
1200
3800
4100
672
4700
969
1600
2900
1200
2700
3500
1100
2900
1100
930
802
750
3300
6100
3200
3300
812
421
1300
926
1900
934
1700
732
3000
915
982
2100
1600
412
641
1200
790
690
1300
286
804
1600
1600
1100
1100
2200
856
810
9200
716
1600
548
9900
1200
3600
1900
11500
2500
846
1900
449
839
4400
628
987
724
835
2800
1300
11200
1400
1900
111
2200
23200
2200
1300
1500
1000
2900
2600
2400
1500
9200
11800
1300
786
2500
719
129
1300
704
56000
1300
642
1900
1200
943
1000
4700
2000
701
4800
784
946
1700
878
910
1400
3300
984
1200
25300
1000
1600
1700
975
50700
1200
5400
1800
8300
8100
918
2100
579
819
4500
2500
716
1400
1500
975
1500
1200
743
635
3400
3700
1300
856
2200
3400
1300
895
1200
1700
388
917
719
701
1600
1900
1700
1200
848
1700
650
2600
806
699
815
815
576
2200
2700
1600
1000
790
1600
1100
2700
1200
2600
1000
2200
3000
982
1100
2300
2800
16000
955
21700
4400
1600
1200
899
959
757
3900
2700
1400
2200
1600
878
3600
4400
2000
41200
777
471
854
1300
6900
2900
6900
1000
14800
2100
1100
462
991
1000
722
5300
6000
2300
3300
888
828
1000
2100
1100
691
4700
10900
1400
475
4700
861
1400
985
705
637
1900
2300
3800
23100
208300
1500
1200
1100
1100
982
1200
948
1100
4400
77600
911
1800
1600
1200
2500
879
5900
1600
3000
438
4600
622
952
1200
158900
1800
5800
4400
1400
5600
713
1300
1400
1100
739
4800
510
809
2900
1400
857
691
2800
1900
3200
2600
1300
2800
5400
10200
1700
1200
2000
453
767
1400
1100
1400
1600
1300
1200
2400
582
1400
1900
1300
940
1200
3300
1200
1400
76
771
2400
5300
2600
3500
1200
1300
941
2000
1300
6000
1200
935
66
2000
726
1300
1000
1700
1000
1600
2200
1400
1000
685
7700
6300
1500
1900
2000
918
3600
2700
1300
4700
823
38800
13700
806
4000
2100
17500
875
1400
4500
1100
1400
665
3300
581
408
735
1200
672
4000
18000
732
1600
693
1900
611
1800
1300
5700
469
875
1100
1200
759
430
4200
1500
3700
1900
1900
1500
1000
798
1500
1400
626
1000
1300
1300
4500
812
1700
16100
2900
1100
2300
7100
877
420
2200
1500
4900
1100
1200
640
3300
20800
8300
1300
805
1300
979
1600
983
2200
1100
3400
4300
1100
932
979
3500
19300
4700
1600
2000
1400
2100
937
1000
1200
2000
1100
1800
1600
405
4300
1000
5900
7100
646
1300
910
4100
1200
1300
960
2200
1800
2600
906
781
1800
3300
571
1200
19000
1200
6500
5500
895
1200
834
3600
959
1300
3200
2100
1800
1500
5000
401
2700
1100
12000
650
934
978
745
1100
1200
561
738
1700
1800
850
625
4300
895
2100
1300
954
1600
813
893
959
3300
944
2100
983
3900
642
1200
2200
1900
1300
17500
992
5600
816
1000
4200
2400
720
1500
1900
605
653
1100
783
1700
989
5200
1500
1200
2000
707
532
1300
1100
1700
893
800
35
1100
762
1700
3000
1400
2500
1300
1400
1300
1500
982
1200
903
1400
318
975
1100
1300
3200
1600
1400
2000
538
3100
5000
1800
860
1000
1500
1100
874
3100
1200
4700
939
1500
812
49
1100
1400
1300
1500
2400
2000
621
587
1300
999
789
1200
1000
900
2700
4500
2200
422
1000
2200
1400
811
1500
3300
1300
1400
2900
2000
2500
3900
1300
3100
2800
6700
1200
1200
1200
831
2100
2800
1300
821
588
2800
1700
11900
2400
945
2900
4400
945
5200
491
4100
1200
563
512
1600
1400
1000
25900
626
2500
1300
1900
1300
2200
17900
1900
1900
2100
10000
3500
6100
973
539
1400
1100
2100
255
415
1500
968
2400
1700
1400
6200
1500
1400
1400
1000
28200
2200
702
5300
1400
1300
701
1700
1700
720
1300
1100
12700
2000
1500
3700
552
429
4900
671
1700
972
2100
6800
759
1200
3000
3900
804
1700
759
2600
845
1300
857
730
1300
1900
26700
2700
3300
1200
1700
1400
11500
629
3200
2400
5100
1500
2100
9700
6800
13800
1900
241
1900
905
3800
6800
784
1200
2400
1600
2500
1100
30300
2700
5000
2000
854
3200
1300
952
1100
3700
971
1800
1700
904
8000
7700
4000
1200
2600
716
722
2100
1200
848
815
520
1300
817
1300
4500
3100
6800
1400
1000
2700
746
1600
533
3100
3300
8400
1200
5700
807
4200
1200
7600
1300
992
8900
801
2200
7000
11800
321
512
1100
1700
954
128900
852
2000
2000
671
12700
1500
1200
526
1500
947
6000
1500
1400
6300
1200
3100
6100
744
1300
2800
12800
6200
1100
7800
4900
2300
2300
1800
5500
8400
5200
3000
1200
1700
1100
2700
937
707
1500
1100
642
627
875
1000
1500
1400
1100
1500
760
1900
1300
11500
396
977
1200
3400
4100
2900
794
1400
19200
1800
701
31400
1000
1300
1100
3800
1700
1000
2000
1100
758
29400
692
1900
2900
639
1400
1300
1200
6200
879
9700
1300
4700
1300
1700
1300
44700
864
16700
1700
1000
654
1800
731
7700
869
1300
1200
1700
758
713
1800
742
2000
1800
677
768
960
1700
851
1200
2600
1400
1800
1500
927
1900
29300
1700
2000
2000
791
4000
2300
764
6500
807
843
1000
936
1400
2800
455
1800
1100
2200
613
915
2000
1100
1000
1500
798
818
829
323
40100
1800
3200
1600
947
461
2200
2100
1600
663
37300
1100
654
1200
941
1100
816
1200
450
609
1800
863
6000
525
496
1400
3000
810
2200
7100
454
3400
1100
1600
838
1000
665
1200
1900
3100
1400
3000
1900
2700
809
6400
2900
1100
1100
1900
607
1000
728
3500
756
1500
10800
1600
2100
1500
7400
1600
7000
2000
3400
11300
1100
930
4900
1400
2600
1600
855
2400
865
1700
3400
2500
4500
1000
901
2100
686
1700
926
1100
1600
1200
2500
1200
2000
1300
2800
893
1700
6900
985
526
845
2000
2700
781
1800
2400
1400
538
568
25000
4000
1300
853
1200
1200
2200
1700
850
5400
492
1000
1400
12300
1800
1300
874
144
2400
1500
1200
3200
1800
1800
4400
47300
750
3400
742
1500
2600
3000
1400
990
112600
1900
1900
755
763
1300
776
1400
1700
1200
2700
4600
1700
1200
2100
970
1000
4300
613
2200
1700
1300
1900
12200
3000
2200
1400
2100
669
11500
4900
952
2000
922
2900
2800
9100
1200
1000
2200
1100
6600
2400
3900
631
2000
1900
4500
1500
1600
1300
3700
4400
807
472
920
28400
4400
12600
7700
2000
893
1300
4100
1300
2900
1200
3900
820
1100
5800
1100
1200
2000
2100
2000
3000
1100
3600
825
416
661
942
698
1200
1800
1800
1800
2900
1500
2600
876
1200
828
1600
1500
955
901
681
2300
1300
1200
1200
860
2100
799
1300
996
2300
2600
2700
1200
779
6500
1900
962
10600
2900
538
1100
928
2200
1300
1600
836
1600
23200
937
1200
1400
1700
1100
1000
1300
769
1500
1500
602
940
2200
1000
1100
1300
1800
471
730
1600
1800
36200
3700
1100
877
2200
1400
1800
820
1100
2600
573
1400
1400
987
609
1600
10700
822
25200
644
1700
1200
897
2000
1800
7400
5300
2000
1000
3900
1300
683
5000
844
3700
17800
50000
2700
2900
2900
12900
1400
1400
785
1000
2300
1400
1200
775
2200
4500
18200
3000
3000
3700
601
13500
3800
4500
6200
1200
414
1500
546
4000
1200
897
1800
1100
2100
1200
619
4000
1800
1800
868
1900
834
737
5100
1300
800
1200
537
1300
1700
1500
10000
2500
3500
984
24000
654
1900
2400
798
1800
1200
4600
2500
564
4600
709
19000
1100
2700
1500
971
940
22800
1900
4200
59100
2100
1300
645
777
3700
889
1000
913
1100
25500
779
1200
7700
2900
1200
790
2800
969
1000
900
1100
726
524
1300
1500
1200
1300
2400
2800
2200
1200
807
704
4200
1900
978
3800
597
16500
5500
2200
878
1400
3400
807
3600
1100
1100
984
2200
7900
1400
3500
719
974
830
926
1500
1000
1000
1100
749
1200
900
1000
7100
765
1000
4200
2400
1100
2500
1400
992
703
850
5700
2200
1100
4300
1000
2000
904
3300
2000
2000
2000
1800
659
985
935
1100
909
3500
758
1100
967
1300
6000
1900
1200
803
1200
5900
1700
4600
2100
1800
1100
1200
1600
1100
1200
4100
1500
1600
3100
957
663600
1200
16700
840
1100
3200
51000
1400
1600
3000
1000
9700
9500
890
29900
2500
4800
987
885
1200
8300
957
2100
4600
1500
1200
563
2400
1600
1600
1400
1300
2100
3500
803
1300
441
679
6200
713
2100
3600
3400
3700
3300
3200
3200
1500
1300
1600
1700
4000
844
1000
1600
6800
4800
31500
2200
904
567
2800
513
4700
3300
3900
2300
1300
1800
2400
754
9600
1500
565
657
2000
935
3700
15700
1300
1300
74100
550
1700
33100
1900
12700
15200
992
904
717
1100
2100
1600
860
1800
679
454
676
854
1400
3100
1300
720
871
1000
3200
1500
1600
3300
2500
5800
2400
4100
37800
876
5000
21400
899
729
11300
1800
3500
561
7000
1700
823
702
1800
1700
1600
2400
1400
2800
677
752
1200
3800
949
771
526
2200
4400
815
4100
772
11200
5600
1400
868
1000
2000
1100
1300
15400
7600
648
1700
893
1400
2600
1300
537
812
1500
16900
2600
4000
718
1000
823
10800
875
1400
4600
1300
804
3400
651
2000
1500
2600
6600
952
2400
2300
664
713
2800
724
1300
1300
3800
568
1600
1100
596
612
5200
3500
16100
1100
1400
5400
1200
1400
2800
8000
987
974
2600
2200
1100
2000
993
1200
1500
1700
6600
1100
1800
600
1200
821
7800
1100
4500
530
699
669
3200
510
3200
4100
958
2200
1400
2400
1100
946
1500
708
1300
22200
6600
825
2000
928
1300
1100
1100
2800
1100
1100
905
1100
1700
718
831
1400
818
5000
2200
3700
1300
890
3100
921
1300
791
2900
720
1700
2200
1800
769
1200
2100
3800
1500
1100
536
2200
924
12400
1300
1300
1400
509
707
1100
2000
2200
1100
6600
1000
1400
2100
2400
1600
5000
2700
4100
1300
6200
1600
1600
1100
772
950
587
1300
5300
4900
1100
1600
863
1100
1100
8400
1100
1700
1100
2600
910
396
1600
545
2500
1800
3300
390
821
718
1100
1500
2500
796
900
4800
451
1300
12800
1400
1300
812
992
13000
1900
2300
1500
4500
1500
531
1800
5800
6300
3700
1800
529
5300
1700
1100
1100
644
964
2700
1400
1600
936
1100
1100
1100
1700
1600
2700
3400
4600
1400
536
960
4800
784
2900
30400
5100
1800
1100
1500
1200
346
13700
1200
4500
18100
1200
1400
1500
1700
708
1800
7800
1400
947
648
2200
4600
2100
1400
516
877
594
816
832
7000
938
2300
691
1300
608
1600
4100
1100
4000
1600
836
795
1900
1100
1200
910
1100
1500
12200
1600
2200
1200
43700
984
19900
1300
4300
3200
1200
578
1300
1700
1800
926
12200
3800
1000
1700
980
2500
1100
4400
860
2400
860
456
4500
831
624
2700
8700
5100
1100
5800
979
854
6600
2700
5700
1900
1600
1300
11800
2200
1100
13700
14700
1900
1500
1900
1000
597
1300
995
475
1600
3700
2900
186
708
2300
1800
2400
144
135
10900
552
4600
412
916
756
1600
1600
14300
762
2700
2700
1600
1800
1500
741
7400
2800
1600
1500
961
995
2500
14600
1600
238
2200
1000
1400
1300
1100
1100
40600
6200
913
165
13000
3000
624
1000
3700
1800
1300
1200
833
664
5200
6500
4500
4000
4600
798
1200
2400
475
1600
656
700
1600
916
1300
1600
1200
3500
6700
585
1600
1400
1000
1800
2400
930
1300
587
928
8700
763
1900
1700
914
946
1600
4800
602
913
498
723
7600
18700
901
835
5900
10500
756
1700
1300
1100
1400
3800
1100
1200
3500
753
1500
1900
16900
765
918
675
427
6700
2000
865
1900
15600
2000
682
1000
1700
1600
835
1100
6200
954
1200
7000
2100
2700
1900
5400
827
974
5000
4200
889
629
1000
1400
860
3800
980
1200
4300
498
3100
1400
598
932
3200
4800
838
11600
901
1200
851
26300
929
129
840
2000
1500
1600
3500
1000
2200
1500
644
1200
1100
2000
1100
1500
6300
11100
769
1500
1200
1300
842
2700
3000
1900
13600
4700
2200
6500
553
8200
3800
3300
1900
761
1400
1700
5700
963
2600
642
919
1400
1400
13800
3800
17600
558
1900
735
2400
1400
1200
1700
1600
911
1900
1100
1000
2200
1700
1100
382
1800
2100
1500
1300
802
1700
824
1200
2100
1400
1300
827
1300
540
1200
462
5400
1600
1300
341
23000
1700
1800
1600
1100
3400
944
481
584
995
21900
6400
519
451
3600
795
3000
1400
1400
1400
1200
913
5400
6400
5600
5100
538
1700
470
1700
762
1800
36100
432
877
1600
703
864
1300
2100
1100
3400
1700
1100
1300
1700
1400
217
1700
2700
536
2000
3000
696
8400
836
4600
2000
2300
9200
332
891
21700
1100
2300
1200
2900
1100
1100
5200
3400
2900
1200
1200
1700
5700
831
642
3700
18200
11100
2000
2500
629
1700
602
3100
2000
1000
851
606
3900
2000
966
3000
687
1500
1400
2500
2700
743
998
1200
6300
2100
638
2100
750
4000
1500
1000
550
4100
7200
870
537
1200
1400
584
2700
1000
8500
960
1200
613
1700
2200
1400
2100
2500
2000
7000
3700
2000
1000
3000
2400
2100
939
469
2500
1500
3600
227300
1800
1400
6500
1700
1600
900
1100
1200
877
1800
2900
1100
934
533
2900
706
2200
1800
18400
70800
664
4800
1200
1400
1100
1800
3900
7800
948
509
1900
1900
2200
887
10500
2200
2400
923
4200
14300
1300
3900
2800
4500
1300
1200
20200
2000
788
667
1600
1900
5700
745
2900
109500
888
4000
988
2000
8500
1100
24700
1100
1200
3400
975
1200
7900
11700
1100
1200
597
721
9500
16300
7800
4600
1300
1200
69500
5500
2000
932
724
2400
826
1100
622
1400
543
912
3400
727
764
1300
5000
1100
1200
938
3200
4500
2300
846
1400
2700
1000
5300
3900
859
831
993
578
7900
1200
1200
1400
1400
1000
571
1100
11900
10800
1100
1500
1400
6900
701
3200
3900
1000
1300
1300
693
1300
1300
11700
1200
4500
1400
639
1300
1300
1600
785
1200
1000
1000
25300
1300
865
2100
6400
1200
851
8800
3100
806
827
877
48000
6400
1900
737
2900
9100
501
861
7000
1300
630
3300
1100
20500
1500
9000
1600
954
1800
1400
1500
1300
3900
523
1000
54300
954
5400
417
3600
787
701
6800
1600
1500
2800
865
1900
4500
3100
4900
1000
912
1600
1400
3500
1000
767
1500
723
9800
1200
2400
970
2100
698
12300
2600
2400
1100
1800
1300
854
737
4200
3800
2700
1200
474
1200
5700
807
1500
920
1400
1800
1200
23800
5000
847
1200
5100
1200
804
1100
1300
1000
3400
1200
895
742
1900
985
1300
2200
1300
3400
1200
1400
31300
496
419
813
615
676
1600
3400
3200
1900
1800
834
5200
12100
31400
3900
1100
3000
1400
1500
2100
2800
1400
1300
9000
598
2400
909
220
890
6100
1600
1200
850
1700
4800
15700
4400
2300
1300
2900
4900
782
1600
905
10300
12800
17100
2300
422
2400
4300
607
493
1800
1200
933
690
620
4600
2600
1900
1900
908
910
5800
2100
1800
824
2300
806
2600
650
2600
1300
941
1000
1100
750
919
1500
2500
763
2500
5000
1400
879
995
578
1200
870
972
830
1100
1800
2200
1400
2400
842
6000
1200
12600
7100
816
1500
888
27200
1900
826
1900
3600
992
1000
6900
686
569
802
1500
945
604
779
835
7000
1200
500
2000
2300
1100
1300
1200
1000
1500
1600
5900
6200
846
82200
1100
2800
1200
5200
3300
1500
806
1300
1800
4700
518
1200
1600
1800
775
5400
1300
1200
123
3800
2000
1400
1400
9400
1000
800
8600
5000
4400
1300
2000
787
2700
917
1300
982
3300
913
1300
452
1600
2900
1200
1400
617
719
1900
1300
6600
1800
2000
1300
1400
2200
6500
987
1600
21200
3900
878
1700
1100
1100
828
1700
2200
1100
557
772
803
3600
845
1400
2600
1700
1400
2000
6200
923
11500
2500
787
1300
1200
2900
5200
5800
732
1300
39200
4600
1000
1700
772
1500
2100
1300
905
547
1100
853
1700
1500
870
1300
668
1400
1600
1900
2900
1300
3100
9100
1800
1700
1300
1000
459
572
1100
1400
3000
4100
826
3500
2200
1400
