1200
1400
6500
762
7100
753
1900
5300
1800
2500
2200
2100
2300
2000
1100
1900
1400
1100
1400
2600
1400
858
410
2200
634
1400
3600
2200
13600
639
1900
7600
2000
5400
5700
1200
643
2000
1500
1500
2000
884
3400
2000
1500
645
42300
5000
458
1500
6700
3900
1000
1200
2900
2100
986
920
780
1200
1800
1700
2300
3800
1000
667
1300
15600
977
900
1400
1400
2800
1900
486
1300
2900
1400
6200
2700
5200
3300
1700
7100
1500
979
1100
1700
1200
1200
1300
977
1800
511
1300
1800
2700
4600
779
1600
1100
6800
5200
2800
927
916
5500
7800
4200
1600
2000
2900
2100
929
4800
850
908
717
18200
803
1700
13900
701
698
969
780
1200
1300
4600
929
1300
2000
681
1200
1400
1400
1800
1400
1100
987
690400
800
921
917
1700
21900
888
1700
755
1200
984
892
2300
1500
1900
723
3800
521
1800
950
1500
1500
10300
7300
847
2500
1100
5700
1500
1100
1200
1200
1500
876
1800
5000
2600
2000
1800
1000
1000
1700
835
44300
3200
15400
2000
931
521
919
1200
945
727
3200
1300
779
946
880
2200
1700
982
1100
10400
2100
1600
844
1200
6500
1500
856
1700
2300
17800
3700
1100
2200
7700
8600
449
7300
810
2000
958
733
1400
1000
1300
1000
1200
8200
3900
1700
724
2700
1200
841
538
2100
941
2000
7600
986
587
1100
834
4200
4100
3000
2600
3300
932
840
1300
732
1100
581
100200
794
883
726
332
752
839
1000
793
2400
2100
1100
713
807
985
5100
545
1400
2800
3600
2700
1900
1100
1500
772
771
1700
706
5300
917
643
726
14500
629
5000
831
1700
2300
1800
3500
2200
3500
2700
1200
1600
1200
724
808
1100
1300
815
9700
891
2100
1100
947
1200
1600
518
7100
1700
1700
1700
1500
979
5500
997
1500
852
2200
1300
1200
3300
1400
1200
17000
1100
2800
12900
2000
12300
634
896
1900
1400
1200
1600
3400
503
503
3000
3700
13500
2400
1500
2600
1200
1500
1200
1500
896
1400
1300
658
1300
17600
969
1000
1000
1300
3800
1900
887
3500
1300
2900
832
6800
1900
2000
6000
922
4900
1100
1100
884
1500
899
913
5100
1800
1400
2900
980
15300
703
727
2300
14600
4700
4800
9100
4100
1800
2600
1300
920
1900
7600
1300
7900
1200
1600
11900
1500
1500
5400
22
1100
536
7200
714
1600
393
974
1800
669
846
1400
833
6800
2300
1400
2100
1500
1500
1700
946
1100
2000
950
728
1900
4500
916
844
2900
1000
2000
894
581
623
1400
1700
1400
1100
9100
3400
1700
747
42
50200
4400
40600
1500
1700
667
1200
990
1300
3800
1600
1800
716
1500
37700
1000
1400
944
887
1300
1800
854
6900
2400
980
927
1000
4700
957
1100
646
1300
1200
2400
1900
6100
2000
1200
1400
1900
563
2500
1700
787
805
1800
1300
2600
1400
1200
10300
798
1400
2200
5900
5300
61600
827
822
2300
4800
2100
772
1300
2300
665
1500
3200
1400
879
1100
3300
9000
5600
592
2500
970
757
840
2500
1700
3900
1600
6700
1200
2000
1600
785
12900
646
4200
392
986
1300
1500
1900
1100
1400
987
1200
1400
955
901
3000
2200
468
12500
486
1100
2900
4800
2900
7300
4600
2100
2000
2700
375
1000
1200
2900
1100
4200
8600
2000
2600
2700
1100
1400
1900
846
3200
1800
1300
994
987
4100
475
1300
2400
1400
1000
1300
2500
21300
665
983
1700
1200
1200
3700
4000
2000
6200
1300
10400
5900
1000
10000
2100
620
1700
1200
3500
4000
863
2400
2700
1900
1700
1000
6500
740
707
7300
1300
1000
4400
802
836
795
1800
588
1900
9100
1000
1000
881
2500
2700
1100
2800
1100
61500
2100
1200
1100
969
2000
1000
1000
882
843
775
2000
2800
1700
2600
14900
1100
3400
634
2000
7400
619
944
633
2900
916
804
1200
3800
1900
6100
903
3200
2900
2100
1100
3300
851
50000
1800
10600
1400
1000
2500
3300
1000
1100
1600
4200
2100
790
2300
4400
903
759
1600
7100
557
5100
1800
16400
4700
4800
4800
968
781
3900
1500
554
732
919
870
3400
1000
974
2500
978
936
1800
3100
2200
527
1400
726
1200
864
996
1800
618
791
1100
1700
2000
2400
945
904
7000
2200
1800
21400
813
970
2800
815
737
1600
1000
713
3600
775
1600
656
799
1300
6000
1700
7000
930
3500
1400
1700
3000
687
1100
1400
598
1100
1600
2000
659
3100
2600
1300
1000
1200
221
1000
720
375
1100
1900
681
5800
5600
639
902
850
1300
3900
1500
1400
1600
4000
3000
2700
575
633
1600
946
717
992
640
1200
1600
1500
6300
1500
1100
1700
6500
3600
15000
2400
1900
3700
787
805
774
2400
830
3100
739
1100
1100
2700
5300
3200
7600
814
3000
1500
8100
791
1100
2100
843
3500
827
1100
31300
346
795
1800
2200
1300
3200
902
653
3900
27300
1000
585
416
1200
946
987
1200
3900
2700
25400
431
1400
1500
9000
1500
644
755
797
1100
30500
1200
1400
1800
16800
2600
554
1000
550
1600
10400
1300
1000
4700
1200
4900
2500
755
897
624
2400
1800
807
1000
744
1300
1900
695
909
3700
693
19800
659
1000
946
2200
578
992
3900
678
971
7000
2500
3100
975
1200
5200
178
1800
1000
895
1100
804
1200
2100
2200
1100
1500
1300
8500
1500
3400
1500
1900
4800
430
811
4300
892
2600
1500
979
12900
1100
1400
1000
2500
949
1100
2400
800
2000
1400
1900
1500
7000
2500
766
574
893
3900
1700
590
2500
3500
1700
715
6400
702
897
902
2700
6000
2800
1000
5400
1300
3900
2700
2200
5900
855
3900
3200
5400
3500
1700
1200
1400
853
3000
662
1600
1300
3600
2000
23000
1200
1500
703
4800
963
1600
1100
629
962
1100
1800
1000
7200
2700
573
3300
895
2100
802
1400
1100
343
1700
915
1400
462
3700
532
2200
6300
1000
2300
10100
2200
4700
1600
836
498
1900
750
1100
6300
1400
580
1700
831
765
793
4100
3700
3700
814
863
27700
1000
3500
493
9400
713
4200
819
2200
1800
1100
1200
1300
908
5600
1200
1300
982
1200
1500
915
1300
4800
897
1300
1100
6400
2200
2900
869
1600
1400
4600
1200
1300
1100
667
2800
2000
1600
518
3300
889
974
1200
2400
12100
1100
943
1300
4900
638
1300
717
11400
3900
3600
817
3600
2100
4400
1100
1200
1400
1100
1000
829
1700
1100
8400
943
1500
467
1100
1300
1000
7600
1000
1000
666
1400
26900
6400
2800
3100
7300
6800
1100
585
5400
760
1100
1200
983
10500
602
6200
8300
511
1900
311
1300
1000
11100
2300
2600
1700
932
4900
1200
10800
1100
6500
583
4200
4900
6300
1100
838
632
2100
19400
1300
949
4700
1500
1100
1300
3100
4700
926
1100
942
779
1500
1400
1800
596
1100
833
981
1200
2200
905
3000
811
897
1200
1200
7000
3800
1700
702
1000
1900
1500
2700
1600
2700
667
28200
1100
1700
769
835
525
725
1500
3900
1000
1100
1200
2900
1400
804
1600
5200
1200
1200
8700
2300
1500
2200
831
1500
20600
877
4800
615
1300
1100
820
823
4100
1000
1200
12300
846
845
3800
2800
4600
2400
2100
25300
3600
7800
704
2000
5100
978
685
3900
5700
358
4300
676
1200
9500
1100
6900
6300
29900
7900
1000
1400
1500
2000
1100
1600
1400
3100
1200
1300
1100
3000
3700
1300
1300
798
2300
3300
1000
3000
1200
1800
642
6300
1000
1800
1900
1400
718
2400
957
4200
2200
4100
923
1900
791
3800
1200
726
2400
2500
6300
395
1200
920
1100
848
1400
914
700
718
1600
742
1500
936
476
1600
1200
459
5600
2200
916
2400
999
1400
1800
1700
4600
6900
720
1200
1100
841
1300
1100
576
825
2400
1100
1700
8000
1900
1900
1300
1900
774
922
1500
10700
1400
2000
1600
1300
518
16200
601
1200
1200
1100
1700
728
620
429
1200
7800
1100
1500
1400
1700
531
1100
866
15400
2400
1300
1600
1500
1900
972
2500
1800
2800
741
22100
3100
705
1100
1100
1400
1500
2000
1500
4300
3100
2000
2000
1200
549
1200
2200
5400
1800
16900
980
4100
1200
7100
7200
5000
1300
4200
18400
7400
952
1400
627
3500
527
1300
1500
2800
864
1800
2700
829
923
2600
1800
5300
3200
730
1500
1000
4400
944
2200
1100
3300
1000
2200
971
4100
2500
404
990
1100
1100
2000
1500
1100
2000
2300
9900
554
919
4000
727
1700
2500
1400
2000
1100
498
1800
700
626
3400
2100
1300
3400
1800
839
1300
661
627
4000
1600
2400
1300
2100
2000
1700
1900
695
581
5700
1200
914
4500
7900
1800
1500
4700
1500
1000
935
1700
11100
1000
872
925
4300
1300
1800
953
5200
827
2500
595
556
885
1300
4600
1300
1100
921
858
438
1200
815
942
2800
1600
968
859
2000
1200
962
4400
958
2100
1600
7700
700
2800
538
655
13400
1300
1800
1400
899
1100
1600
2700
703
4700
695
861
1600
4600
9900
1400
6800
2000
1600
1400
2500
1300
671
1800
1600
1400
3400
3800
1000
2300
739
9400
1800
3600
6900
2900
1300
2600
650
1400
1300
23
1000
899
3700
2500
1100
1400
9300
1800
5700
2000
504
1300
1100
1800
2100
874
1100
1700
1200
1500
659
10600
423
1200
4300
1300
986
3800
1400
1000
1300
713
1000
671
489
5500
1000
3200
1000
3100
2000
1500
1100
1600
747
923
1200
864
2500
1900
1500
5100
2500
823
1800
1600
2400
865
2200
3700
3500
1800
1700
914
647
16600
1100
2900
2000
3600
2300
377
4800
5300
4000
10900
1600
1200
2600
1600
5100
843
437
480
1100
564
21300
1400
15700
1000
1300
4000
3800
1400
1400
1000
45800
1500
2900
5800
1100
790
7200
791
8900
3400
956
3900
1200
5200
2300
1400
1100
801
1200
3800
2500
791
1800
1400
1200
3900
2000
1800
3400
1900
2300
1100
1200
1200
1400
2900
11900
1600
649
2700
1600
866
1700
962
522
877
3500
444
1300
2300
1800
1400
1100
1000
937
1200
3400
812
3300
496
9800
3800
3900
2400
1500
1700
949
936
1900
1100
1500
843
683
4500
2600
475
1300
1200
2900
10700
3700
4600
1100
661
2500
1400
2000
873
1500
4500
6600
760
636
1200
2200
585
2700
3600
1500
557
2400
2200
1700
926
747
1300
2100
682
868
2200
1100
5700
3800
732
1700
4300
6000
996
822
3000
629
1600
1100
401
1600
939
7400
2500
2700
1100
2100
1100
1700
1900
398
1800
1400
921
3700
1100
1500
829
707
1700
1500
1300
854
2000
1200
6600
1100
540
746
789
11200
1200
4400
823
790
1900
878
1300
1600
2400
6300
2000
1300
947
17700
1100
17900
1700
1100
1400
2600
2700
5500
1300
2900
983
786
1400
908
789
680
1300
1200
847
2700
1600
5300
2400
12000
956
613
1400
754
196700
2800
915
1500
902
902
3900
3400
855
2000
1000
40300
2500
3800
1800
1700
2100
1100
2700
2100
1700
1200
657
775
2900
4600
1200
6100
1400
1500
7300
6800
1100
3300
2900
566
850
5000
755
1700
775
742
1500
1300
1600
2400
4600
697
615
933
2100
2300
1600
943
3200
19200
761
3200
1300
2800
888
1600
1300
1700
1300
4100
384
856
6700
866
1500
2100
580
519
1800
1400
3200
5500
3700
4200
605
1700
960
5200
1000
2700
1700
1500
786
1600
873
144
3400
984
4300
1300
1400
7000
2300
519
5200
982
2400
1000
3700
5600
2900
1200
2500
809
3800
2000
1400
12900
9500
1300
2000
11500
2000
1400
579
1500
1200
2000
1300
1700
701
2200
1200
1600
1900
1900
2200
1600
856
552
2200
2700
1300
2000
30200
2200
2200
1300
3200
1400
1400
1100
1900
1400
3600
1300
21500
451
3700
953
834
743
3400
1800
1200
1000
743
653
3100
1200
1700
1900
414
1500
1800
1000
1200
2800
12500
1400
1100
1500
1200
914
1400
3800
13100
2100
3900
2100
1400
643
1100
48800
802
752
1500
492
2400
2000
435
1700
1400
14800
2100
2400
3000
6500
2300
2400
744
3300
744
1200
1100
1800
4200
2000
5200
782
2200
6100
718
1200
1400
2300
1600
3100
1200
7600
25400
1600
1300
1200
12000
808
1400
6100
1200
1000
3500
3400
123
1400
5100
539
1900
1200
1400
884
799
1500
1400
1800
7400
1200
11200
7400
22600
6300
6000
1600
4200
1100
1500
1100
647
1600
3000
4900
765
1800
2400
900
4900
1100
1100
3800
724
9500
7100
2800
2400
6200
4000
2200
947
450
1100
1900
1700
777
12200
447
1700
1300
1500
1900
1700
12800
1500
6200
2100
1900
1400
966
574
1900
1500
7200
1600
796
3000
1900
1500
701
1100
4300
5500
664
1300
2700
592
3100
4300
1100
2400
744
1200
1100
744
961
1100
1800
617
2700
507
2100
889
18400
2800
1400
4400
840
2400
1400
611
5200
1800
1000
1500
3800
1300
873
563
3500
30400
1300
1100
1200
667
1200
1000
948
712
1100
1100
1300
2200
1700
2000
6300
3500
4700
1200
1200
1100
4500
1000
1100
981
3600
2300
3000
1300
618
1000
751
631
1900
884
1300
2500
838
3200
647
2400
836
2100
11500
4200
1200
1300
995
10000
1000
2000
925
1400
5200
1600
1000
6000
937
713
1100
672
723
2100
2200
29000
3300
2300
2500
940
1300
825
1000
1600
812
2700
10100
1400
715
1500
12200
1100
1400
1900
818
1400
1300
10100
10600
643
902
606
1500
2000
8300
1200
1400
794
842
648
1900
901
493
844
2000
5100
580
2200
1700
8700
1300
1600
1100
642
1000
2200
1200
2600
3400
1100
776
816
1600
3000
9100
2800
1400
1800
9900
923
987
3400
15600
2400
7800
886
780
6200
8200
1100
1600
1000
812
1400
1800
1800
1400
869
3200
2300
7000
474
1600
1300
21000
5600
3800
674
2000
787
6200
6100
1800
1800
1700
6500
2500
7200
724
7200
1800
813
912
4000
1400
3100
3800
8500
1600
1700
2000
10100
1200
14000
9200
9500
1900
1700
2000
781
792
429
953
820
7800
1200
1200
714
2200
5700
1100
1100
1100
14000
489
621
1500
1900
5900
4000
1300
6000
1500
2200
1300
1700
794
913
802
2200
1100
1900
3500
19900
257
5200
9300
516
1200
1400
2200
1200
2100
989
4000
4500
1800
3700
645
1200
9100
2000
2200
1100
2500
694
5700
1700
4600
1000
840
3400
798
942
1200
1700
1400
1200
3100
569
5300
885
854
571
554
2100
1300
4500
707
4900
600
2700
1400
1000
32000
4300
1200
1000
2300
1500
694
1100
1500
1200
2000
904
6100
2100
1300
5500
2000
1300
1500
1600
17400
9100
1100
2500
1600
802
1500
6200
1100
1600
891
999
566
777
1900
4500
1600
4800
1100
1300
2300
1600
1200
1200
3200
1800
1400
725
1500
1200
1500
1500
1000
2200
246
1600
377
969
2200
2300
933
6000
1100
1600
5000
1300
1300
828
2300
3400
6800
1300
2000
2600
877
1200
3100
684
847
1500
655
10400
626
10300
867
1400
2800
1200
868
1700
1300
878
1200
2800
2400
1100
670
979
11900
674
171
1300
588
2300
2100
1300
9300
4300
1600
1400
1100
1200
24300
769
5300
12400
2200
820
1300
29700
1700
1300
2200
1300
2200
780
1600
1800
4400
1900
1300
2200
8800
821
924
75600
2500
2500
4900
1600
16200
1900
855
841
1500
1800
2000
763
827
4000
1800
1500
3900
2000
974
907
1100
954
1200
729
1600
5800
1400
826
6600
2800
1400
4100
2800
2900
3400
19500
2100
2300
2800
896
2100
439
2300
1600
811
2900
1100
1200
5500
482
889
694
2000
950
1500
961
8100
1100
7300
489
939
4000
829
1600
655
582
1200
1100
1600
930
2200
9900
1600
11000
2500
782
2600
1900
2800
11900
1300
850
2300
1000
1900
1300
1700
3800
571
740
758
14700
9100
936
987
4200
1300
3500
7600
4800
1600
824
1200
1800
2700
1000
1200
1800
2000
2100
2700
676
1300
2800
1000
904
1700
526
877
13800
2100
14400
8500
1200
1300
103
1100
1100
792
2600
3500
2700
1300
3600
6200
1500
900
2200
3900
539
1100
4700
500
1100
2800
2800
53800
354
1500
516
1100
1400
2100
1500
1000
2800
1700
1200
774
8700
1100
2200
1000
1200
945
1300
3900
1200
8200
551
3000
598
16100
2600
2300
1900
886
1200
2900
1200
712
1200
1100
1300
829
1200
720
26900
626
2700
949
8300
684
537
500
2200
920
14600
572
1200
902
2900
796
999
6700
1000
809
1800
4400
579
1200
7700
1600
2500
3100
2400
646
201
7900
3700
1100
1900
2000
1300
621
1700
6400
1100
1700
23000
698
826
1400
4300
2200
1100
3200
1400
2500
2000
2200
832
1400
1200
612
554
102200
3600
493
977
871
4500
488
1600
804
1700
1300
2700
601
3500
478
706
744
606
897
1100
2100
1900
1500
1500
1200
5900
4100
741
1500
2300
1000
9300
1100
6500
7400
4900
7600
3500
5300
1200
1500
1600
1500
609
757
1900
8400
497
825
1300
1700
833
1500
2100
3800
1700
1300
578
1900
944
1900
688
925
1900
776
2500
5500
1600
945
5900
2100
1700
2400
2100
4200
12700
3100
5600
1200
797
721
573
1400
42700
2400
1200
728
1000
1000
983
3100
915
1100
14000
64
4700
5500
4200
4900
9800
1500
1400
1000
1000
2700
638
742
1400
728
1800
43600
714
1500
1300
1100
750
1100
1500
881
379
1900
1200
973
882
1400
1300
753
1000
1800
6500
1000
985
3600
3600
1800
2300
1100
1900
2200
2900
1100
1500
1400
784
1300
546
976
8500
72900
1200
4300
705
3700
1100
1200
1400
736
2900
1100
1100
1200
904
3000
947
1000
26600
308
11600
1500
1300
3300
773
1400
1400
630
1200
8000
2900
980
2800
6700
3000
1700
2300
1000
1200
3300
776
2100
1200
894
1300
8800
28200
894
1200
3000
2000
4900
895
671
29700
1600
752
5200
724
941
2500
2800
1100
876
1100
1400
2100
2200
1900
1800
969
688
1600
2100
845
2500
1900
9000
1100
563
1100
1600
1300
935
1500
793
1400
1500
792
1100
641
949
716
2600
2800
1100
2400
1600
998
713
2800
4500
1100
3600
1100
874
3800
3800
2600
613
1600
10900
6400
1200
1000
701
7300
1100
1600
6200
844
842
2100
34300
2000
4600
1100
716
606
969
574
712
1500
1000
1100
1300
1900
3700
577
948
5600
756
1900
15100
1000
3700
4800
2600
1400
4100
2000
971
806
1300
3800
1100
1600
787
3000
1500
4700
807
955
999
925
1100
974
3700
1200
12300
985
1300
895
820
32500
1900
1000
1700
1800
3100
923
818
789
1400
98500
1500
1700
2200
1200
1500
741
1300
738
1100
6800
898
1300
2700
1500
6700
801
1500
9300
958
11600
566
655
1200
2800
893
631
3900
3900
3000
2000
49500
799
9400
1200
17800
4100
4400
550
4100
3200
2700
756
1300
1500
2300
3300
1100
1700
10700
777
1500
802
803
3900
5700
2400
967
2700
2000
3200
2900
1600
1500
1500
576
784
847
662
921
3600
1800
1900
1400
12400
1500
1200
1300
4400
2300
2500
7100
821
2300
1600
2100
438
859
1400
1100
13700
648
2300
915
544
7100
664
9700
2000
2100
1200
601
841
3500
2600
719
878
1500
2900
1200
1000
7500
4000
4500
2300
4800
1100
62900
53800
18800
6800
6800
780
784
611
2200
2800
1600
596
934
990
1100
634
1700
1100
1100
542
1000
1300
717
1500
1800
4200
1700
1300
907
1600
2500
500
2400
1900
3800
3000
9800
758
1100
1200
1400
1100
1100
1000
1400
842
870
1700
1900
721
1900
831
2600
2700
1100
976
1100
791
6500
1300
2700
985
2100
2500
974
597
1000
5300
975
2100
8800
1100
1900
16600
2300
729
15000
1500
1300
2400
1200
2400
2400
4000
831
2600
2300
30000
1000
3700
572
4200
11500
19500
1800
6200
873
2600
9100
820
762
6200
975
961
741
905
3200
2700
1100
478
2500
5500
913
832
2900
814
2200
1300
7900
3000
826
940
7100
96100
1100
879
1100
678
712
860
12500
1100
6300
1500
2400
1400
2000
2000
1000
709
1400
1000
2200
18600
1000
1700
12600
1200
6000
1100
1400
1100
8800
1600
1800
1300
1600
1000
2300
1300
678
544
2200
6100
5400
996
715
759
1400
1400
1400
4600
692
821
725
1800
1400
959
3500
17200
1000
1700
3900
2400
3100
1300
1200
1100
1200
1000
3500
5200
926
2000
1300
4400
977
694
587
2100
707
9500
951
3200
583
3300
2300
730
1100
974
21700
5100
2200
11900
1900
1100
749
1300
670
1100
748
1200
2200
9200
485
1200
664
1500
2000
4000
1400
18900
1700
14900
13900
2400
1200
971
2100
1000
1200
670
24100
659
1200
2100
811
909
5500
1400
1100
1200
1600
2200
2600
1100
11400
666
1700
1100
1800
1200
2200
3800
754
105400
600
1900
1100
3200
3000
2400
5000
1300
548
1100
1400
2100
639
1600
1200
1800
929
885
681
4300
533
873
624
1400
2700
895
1200
839
947
3200
37100
2900
569
924
783
3100
2100
9000
1500
934
1300
9900
1000
580
1100
2000
1600
558
60200
1800
1500
448
1800
1500
1100
2400
1100
1400
671
43000
4800
2800
325
10800
1500
897
5700
5500
4800
2900
727
1800
11700
592
698
2100
1400
2900
2800
1500
1500
1000
1100
720
1400
2400
1900
1000
3800
604
22800
841
948
1700
1700
10300
1200
1900
1000
4200
805
1100
863
10100
506
9000
1400
2000
712
920
1200
555
3200
1400
4000
2200
790
638
1600
3200
5300
9600
942
36900
2200
1400
2300
2000
1200
955
1000
973
1500
641
767
1600
920
19100
1700
862
1800
765
1500
5000
943
789
1600
1700
8400
3200
3400
10400
4300
873
811
1700
627
6400
21000
5500
3000
1100
867
672
755
1300
4300
1300
1100
800
4700
852
475
3100
885
1400
922
1200
877
1600
747
2100
8300
1100
2300
1600
696
2600
4400
797
572
1600
4100
848
475
39900
2100
669
1100
11800
4800
1400
1200
614
3800
3100
569
7300
4200
2600
693
1200
3800
1200
817
1300
3600
5000
2800
554
1700
678
1500
2200
667
4900
737
4600
850
4600
13800
1800
35100
343
577
23600
711
1300
2100
859
3100
501
11800
1300
5000
4100
997
936
880
573
539
922
1000
1800
735
676
454
5300
1400
909
778
381
644
875
143100
1500
955
1400
790
1000
726
1100
1200
1300
895
868
1700
2000
1300
3500
8300
1900
1300
2100
1400
718
887
1500
6200
2200
783
13400
1500
1200
5700
2500
1200
952
3200
2700
4900
1700
1300
1100
2100
642
807
2700
1700
1100
43100
1500
1500
1300
733
6200
1100
9900
1200
1100
6800
4800
1800
3400
2100
498
589
776
563
1200
2600
2300
1100
7800
4100
1900
1200
1900
2300
689
2100
3100
1500
417
935
5500
8000
2600
1800
1400
1700
1300
762
660
1400
2000
3700
12800
689
786
585
1100
652
508
400
1100
672
4200
2100
3100
993
1900
1600
1100
801
1600
1200
707
1400
908
2300
21700
3500
2900
16900
756
4200
1800
903
1400
1500
946
2300
2400
2100
824
1200
6500
835
1600
547
3800
802
491
1300
651
1100
812
2500
19200
2100
6500
1400
1600
2000
3700
2900
12000
1200
3600
6700
1300
3300
5400
6300
992
892
799
2800
24300
1700
1800
9800
25000
21700
1600
1300
1200
581
907
1300
2800
869
2300
777
883
699
1400
784
618
885
825
3200
1100
2300
582
12500
6200
726
724
6100
3400
2200
1500
1900
1600
1300
2100
65900
4200
919
1700
2900
553
1000
2100
628
507
1700
851
1200
1600
883
1700
987
210
1700
308
5100
1200
13100
8600
534
29800
2200
1100
1600
3100
2600
2400
2300
1200
2100
9200
691
761
870
2600
1200
6800
2500
1100
2100
2700
8300
1400
552
4300
24800
3200
3200
474
2700
1000
1600
1300
1000
16300
1400
7500
2000
1300
1500
664
2800
3300
1500
732
16600
1200
1200
1900
4800
832
2400
2600
2200
491
1300
902
1100
2000
2300
1800
1100
4100
712
1300
1100
1100
738
2200
3100
2300
3500
5500
865
1100
1800
1000
5400
2900
2300
89
2600
1000
2200
785
3000
17300
1500
4200
2200
1000
615
2800
1400
1600
1200
2900
2600
2200
6600
2300
792
1300
762
1400
608
3700
1000
1600
1900
1500
2400
2500
1700
3000
7300
612
4900
29400
29600
27700
2100
1100
7400
1300
7900
1500
1500
615
1800
1500
829
590
1700
1000
1300
860
568
3500
619
2200
1500
19700
3900
2900
1800
587
1500
3400
1400
640
1200
4100
1400
776
933
2900
640
5700
3700
906
959
850
1300
671
1500
1900
10100
1800
1300
2900
2400
1200
1100
2700
7200
1500
1900
2500
387
1300
1300
946
2200
1500
701
1300
1700
6100
1800
982
868
1900
1700
233
3000
2000
366
1500
552
1200
2200
10400
1200
975
3800
938
986
1300
747
654
1300
4200
3600
8600
1700
1400
1200
1800
1700
3800
670
589
1500
596
1100
3200
757
1200
1100
1100
777
1800
411
1200
1800
1900
5100
3300
844
1300
716
2600
1800
727
911
1400
997
1200
651
529
1300
96500
2700
898
1500
13800
854
3100
1200
3300
608
2500
1700
728
721
991
2900
2100
463
862
3500
5800
2700
286
6100
1500
1500
458
2400
873
679
2700
1000
2800
802
1300
1600
2400
5600
1600
889
647
6500
5100
15700
1200
1200
1200
1000
1500
2600
578
1800
1400
1100
1100
228
678
1300
591
1000
2000
3000
4700
7800
914
7700
3700
3900
783
3800
7600
8700
1300
1800
402
1500
1300
17200
3700
1200
569
2100
1100
917
9800
1000
1700
2200
2700
697
4900
513
3900
1100
831
1500
1600
1100
1600
2200
11000
52700
707
1500
1900
581
1300
485
2100
1400
1800
2600
2900
1900
5400
6300
1700
1400
1300
2100
827
3500
1600
2900
2400
5400
3500
6300
702
734
1000
779
693
7600
956
1100
624
959
1400
1500
1900
936
1700
1500
4200
3200
2100
787
986
1200
3000
603
3600
1500
748
2400
840
3500
1300
929
62300
2000
1100
2900
8800
1000
4400
4500
5900
3800
2000
983
1000
205
2300
2000
6700
2400
709
1300
835
1700
3000
787
547
1600
5000
1600
3200
1600
1600
1000
822
2400
2700
7700
11300
1000
2100
821
1300
22100
1100
1400
942
11200
2400
1400
11600
4100
13300
960
1800
1100
1700
824
804
912
1600
1900
6000
3600
5000
539
3200
7000
1300
5200
836
2300
3900
1500
490
1200
941
1100
732
7700
1700
1000
2100
1900
1000
1500
675
911
1300
1000
2000
1200
843
3900
530
4100
1100
1200
1500
1200
1300
16300
1400
3700
631
1300
1900
722
5300
1100
1400
1100
635
1500
987
1400
936
832
1500
1700
12700
1800
851
651
864
4300
916
626
1200
1500
1600
1700
1700
24500
6500
5900
5300
4000
594
1800
1100
949
1200
7100
3100
3500
528
4300
2100
7500
1100
620
603
546
809
758
1800
1300
12300
1200
1800
1500
869
538
2000
1200
859
401
3600
1400
884
5100
2200
8200
1500
1500
2300
988
633
2600
973
3100
686
1300
594
3600
978
1200
1400
10400
902
986
2000
478
2800
1800
640
622
5900
5800
911
1200
4000
745
1300
2200
821
1100
2900
1100
617
896
1200
858
35900
8700
1300
1100
2200
1900
962
4400
1400
1500
899
924
1400
11500
952
1900
1400
1100
863
1300
3800
1300
1300
1200
1600
797
3000
1400
1600
744
820
786
959
3700
1300
664
605
720
1500
1300
3200
2400
3500
1000
1200
741
1500
1500
2900
12200
1700
982
3300
559
10000
7600
2700
1400
451
1400
819
1300
484
5300
1700
1300
888
3900
8800
2600
4300
287
514
823
1300
1700
1900
938
1200
2200
4300
849
67300
5600
31300
1300
1700
1900
845
9200
5600
4700
5300
3000
3500
6000
11800
13200
684
550
858
1400
1400
1900
1500
18000
4600
1200
889
9000
1400
1600
1300
1300
852
2300
6500
1800
4800
1100
1400
919
917
562
5100
2800
1600
12000
3200
1500
1300
3300
985
2100
815
3600
10300
1000
1400
11100
797
16100
1700
1000
3400
699
3000
10700
2500
7000
1200
1300
1000
2400
1800
15100
3000
1200
2300
722
1400
5300
617
1500
1100
682
1100
1500
2000
1400
3900
2000
1700
2600
6500
720
1600
1900
9100
935
1700
1400
1300
1200
1200
3800
4500
2200
777
616
8900
987
3700
739
1500
576
1200
1300
1700
4300
879
1200
559
1100
649
4300
1400
1100
4500
1100
4600
1200
719
683
2500
2000
728
894
6000
12100
962
760
16700
4100
82
540
6700
742
657
688
568
589
1600
26900
1800
2300
1400
1500
248
1900
3400
1300
1400
1800
12800
1100
8600
1600
605
1100
871
6200
612
935
1200
746
1800
936
5000
5900
918
2000
1200
1100
2600
5000
