990
969
6600
949
5600
4600
3400
8700
1100
704
801
3400
1200
1500
888
2000
4700
1200
1100
1800
1700
795
6000
948
1400
1300
616
13400
2800
660
2200
4200
12100
985
2900
1300
13900
916
2200
999
2300
3400
1300
622
3100
1500
488
2000
2800
2200
7500
1100
2700
1200
1800
1800
2200
9000
1500
536
733
2200
2400
1500
20100
5600
576
544
5600
1000
1200
2400
2000
939
3700
425
951
909
1300
1200
665
5700
79900
2400
10000
1000
5500
937
1000
2700
2800
4600
3000
1800
6100
1400
910
805
2500
1000
1600
1100
1300
925
9200
2900
873
1300
776
13700
5200
2200
3100
7000
1000
1800
816
882
4100
2100
807
3300
799
19000
1300
4000
1300
1200
10300
754
1200
2200
895
1200
1900
899
1300
112
1600
1300
6000
33400
777
712
3800
647
1000
1100
1600
1400
1200
32400
878
1900
1300
5900
2600
1000
1800
996
2000
587
1100
1300
3500
5700
2300
3400
1500
674
1300
3000
672
1500
519
1600
1400
1200
1200
1100
2800
1000
2200
613
1300
573
1900
3200
639
2000
2900
2700
1100
1300
2000
1100
3200
158
1300
2000
4000
996
905
1100
1100
512
3200
1100
698
2500
1800
2400
1200
929
1200
2000
2200
3600
881
896
4000
853
943
909
1600
1400
1800
16500
3200
15700
1700
2700
2200
1400
702
1200
701
1100
1400
1600
1900
1700
789
13900
21900
860
2100
3200
489
3200
830
2000
1000
888
659
2100
1100
1300
2700
1200
5100
6800
6200
1200
1500
1600
1200
1400
6300
1400
100
1200
1700
3700
844
817
881
840
644
9200
1400
524
3000
660
1400
625
6300
1500
1000
689
752
1700
266
862
1800
1100
1300
1200
2000
5200
867
2100
26400
3900
3700
821
993
597
698
1300
744
1200
1200
4300
1400
3900
2300
9000
1100
1800
808
1800
2600
1300
1700
1000
789
8500
2100
3600
845
1100
1600
1600
479
3800
1400
1100
3000
1300
4200
430
819
908
1100
915
1400
1400
1800
965
6400
1000
1300
879
1700
1000
887
2600
692
1200
1200
3500
521
9600
2400
1300
1200
1600
751
754
1200
46800
805
7200
4900
1100
945
64099
2800
2200
1900
2100
2100
1800
4200
464
808
21200
1100
2000
558
951
1300
701
636
10300
1100
1600
4200
1300
561
6500
1800
1200
992
3100
1300
5100
2200
1100
991
1800
1500
8600
1300
715
3400
1600
891
2800
2500
4500
4400
741
1100
1700
8000
1500
2000
659
1400
5600
1300
1100
1000
1400
18200
1100
1200
2600
983
2600
789
839
1000
2400
326
1500
54200
1300
963
8600
562
1300
3000
743
805
6300
952
10300
748
791
6500
2000
720
2100
2300
1300
2600
760
1500
6500
1700
917
2800
922
823
6700
743
474
39300
2100
936
1300
1000
834
724
939
909
571
612
900
1500
4300
750
929
1500
5000
377
1400
929
662
1200
2100
7600
1400
2000
1400
872
735
1500
892
3600
7700
775
1500
2800
1100
4100
4000
2400
1500
758
797
1500
864
3300
1000
681
2400
1300
1000
8400
1900
1100
717
2200
519
7700
1700
9500
4800
6700
2000
902
2800
4600
12500
484
1400
913
3700
833
3600
10000
560
1200
1300
898
2900
917
2000
2600
533
141400
1000
1200
8000
1200
742
5200
1500
6500
892
8600
5000
1400
1900
1800
149
1800
1200
792
2800
769
1500
11900
2800
654
1300
506
1500
1500
2400
4600
769
4000
56400
1800
783
1400
1100
3600
2300
760
1700
2700
1300
648
2200
1500
1100
774
1500
2200
1000
24900
930
6000
2000
1200
1400
6000
1800
977
24200
786
739
1300
2000
449
5200
737
1800
66900
1100
8800
937
2000
3500
1300
797
1400
1100
1200
2100
4700
411
380
1200
2900
704
895
1100
1900
1800
1300
1300
1400
2100
836
1300
12900
968
908
967
14700
1800
1200
718
2700
3800
1800
7400
2000
1800
1500
1500
1100
12200
1200
649
3300
716
5400
623
5300
1000
966
98500
2600
609
574
917
2300
876
5600
891
1600
712
5400
12300
970
4300
720
1100
1800
1200
613
13000
998
3100
6700
1000
1200
1600
925
7700
1100
4500
2500
1300
2200
645
3400
2100
2500
1300
1000
639
1200
8900
1700
734
765
4500
1200
1100
1900
1000
851
11400
1100
1800
1400
2500
1600
1100
2200
1500
1400
536
1200
598
2300
426
1400
957
4000
1100
1000
1200
964
850
1000
1100
1400
4300
13500
887
4700
1200
1300
1400
423
2000
19800
1400
2500
5900
1100
1500
1700
5700
1300
822
3800
593
5900
1000
1000
915
1200
972
1600
606
1400
1300
1600
1300
2200
737
1000
2900
936
1200
14400
3500
1100
5200
705
1900
690
962
26400
9200
962
1600
1900
2600
2900
5100
692
1500
1400
1100
14000
913
657
1100
1400
693
6500
11100
1300
1200
815
16700
1000
730
1100
1600
11200
1200
7000
1600
1300
1300
1900
2800
864
824
1200
2300
1800
1800
4900
1700
2200
4100
1200
1800
2400
28200
882
1100
2100
7100
32500
893
1500
1300
1000
1700
767
1300
2700
1000
1700
687
2300
2200
818
1400
5300
441000
740
6400
10900
837
632
9500
841
1400
1500
965
545
556
1300
2400
1000
1900
1200
2200
548
590
1300
968
1900
907
890
1500
1000
1700
4700
1700
1300
1100
4400
752
432
745
5600
863
1500
122800
9500
7000
1900
827
869
181
2300
548
7000
2700
1600
1200
168
1800
1400
700
820
1100
1500
4600
9600
4800
1100
790
4500
987
1200
2800
1500
2000
1600
3800
849
1200
4100
1700
3100
889
2100
2300
941
698
1000
1200
998
2500
6800
1400
1100
4900
2100
485
914
767
11200
712
35700
2400
925
1200
3600
1900
9300
3000
1800
583
713
834
5000
919
3800
2700
1900
2000
421
2600
392
744
1000
1100
2000
1500
73100
2300
2700
5900
2900
783
810
3300
571
2500
3200
894
957
5500
5100
3000
5600
1400
2300
1700
1900
836
1500
2000
1000
2000
1700
698
754
20200
786
985
1400
2600
1100
754
5700
751
4600
776
2200
1400
1100
3700
2900
30200
523
4200
1100
4200
762
685
2000
926
33100
901
874
1200
2400
545
547
1000
688
2000
1200
1400
2100
4000
2300
1600
899
3000
989
1300
834
1300
1100
955
788
904
6100
996
1500
1800
1600
1600
1800
1100
1300
2200
12100
765
1000
1200
1100
1100
665
2700
603
3000
1700
974
5800
4500
2000
5500
7900
1600
524
2200
19400
1500
13100
1200
2900
1900
1400
751
14100
6400
4700
2200
1100
6200
729
6200
3000
2500
942
823
1900
895
1900
774
3800
863
1700
2000
3600
924
1000
1100
5200
3500
8300
3000
6300
1100
2900
2000
2200
3800
2200
1300
592
1800
1900
13700
934
4500
1600
914
989
1300
900
2700
982
1100
2200
1300
1600
954
1100
1100
201
3300
648
6500
832
11000
1700
1100
1000
709
1000
1600
976
597
2200
2400
1300
1100
2300
5600
902
1200
1900
1100
4900
1100
26600
1500
2600
400
3400
1200
792
1100
681
601
1100
1800
1500
1200
3000
40600
2900
844
801
3500
2600
1000
823
590
1500
2000
1000
658
1100
889
3700
1100
1500
2600
4100
2800
1600
2200
1300
8500
965
1700
4300
716
81200
2900
1500
8200
474
1200
3000
4200
969
2500
1000
786
3000
1700
918
1300
4100
1100
1200
2100
1500
13200
3100
955
579
1400
11300
36200
3300
855
1500
3000
825
642
4700
721
1200
1600
483
976
2600
977
718
2500
422
11500
10200
1200
2800
1500
2400
1000
1300
5800
11400
2700
1800
1900
2300
785
4900
9800
2100
2800
816
924
1900
3300
817
1100
1900
934
6400
1500
1500
2000
2100
2400
3000
492
11900
1600
1400
1100
9500
2200
3600
661
1200
7800
3400
1300
678
2100
2200
2400
1000
5400
1300
1100
2400
1200
773
7600
936
2100
860
7400
1900
1500
2000
6700
1000
676
2100
2100
1400
1200
732
2700
1800
2200
55600
1000
725
23700
1300
1200
810
3600
17300
1900
4000
1900
768
675
415
1600
822
767
1300
1900
792
356
1100
1500
1500
5300
474
1000
663
1100
2600
2300
468
24300
595
1300
2900
1800
6600
2300
3700
2400
1100
1400
32100
922
3100
1500
492
877
1200
1400
1200
627
2500
1000
2200
5400
1700
6000
1300
7500
1000
1300
1800
13000
59400
944
4700
1900
2500
747
585
1500
1100
1000
912
4100
427
881
17600
933
748
3400
1500
974
1600
1800
22800
1000
474
2500
675
1400
1800
1100
4000
6900
895
587
2100
1500
525
907
866
2200
1500
4900
794
5100
3200
1100
5100
2400
1800
592
2900
1400
626
1100
3200
1600
776
10100
1400
944
5600
851
1100
1600
1700
2000
3000
1900
594
2100
2800
9800
3900
4300
1300
1600
1200
1300
1900
1700
1800
1200
13700
729
859
7600
1900
1600
1600
2600
4300
1400
196700
599
10000
2100
870
1100
1300
1700
1100
1400
4500
10900
17600
1500
1600
12400
1100
1400
648
1600
776
1100
1100
1100
2000
1400
3500
2200
1800
8300
436
1500
913
5900
1400
804
2300
1100
1300
845
1400
15900
1100
3100
893
15700
860
1000
1100
1900
1000
2600
2000
1300
1100
7500
773
527
2400
1100
12200
3400
1400
848
754
1400
5100
3900
859
3300
9500
2800
932
1100
1100
28200
983
3000
3000
1800
823
930
5400
542
1100
1600
1800
31400
846
3800
1200
1900
1500
35800
810
802
537
3500
1400
2600
1600
4300
1000
830
16800
2800
1200
676
2600
30200
6800
8100
13100
970
9100
2500
1600
730
4800
1400
1100
1400
2100
894
1100
13700
1200
895
560
888
3400
777
1700
1800
864
1300
674
927
2500
836
2100
1300
901
3500
1000
2800
1300
745
811
1300
1600
769
3300
30000
1300
724
2100
897
1100
797
3100
670
1600
575
2300
1300
1900
7200
791
1100
1400
2700
1300
16900
1200
1500
13900
1200
354
818
23100
571
1300
5500
1200
2900
2200
596
1100
1000
934
1700
1200
3500
6800
4700
2100
1700
740
764
665
1100
2400
1600
1200
19800
1600
2400
3000
3200
980
1800
962
1400
1300
758
720
746
424
1000
645
10100
649
2000
2600
613
1200
2000
2300
18000
1200
3000
7900
1900
501
681
653
1700
1300
5600
4400
2200
888
2300
6100
3200
4000
1200
19300
6500
1600
3000
1500
1600
6500
5400
858
1600
811
2700
546
975
946
875
1500
2300
922
5000
1000
1200
7900
1600
917
928
1200
2300
2000
1600
438
3700
2400
1200
413
4000
1800
913
1300
1300
860
920
766
798
1700
1000
1000
1100
3000
5200
8200
4900
2700
772
2000
1500
1100
3600
560
3600
827
1400
1500
7800
1300
16300
4100
4800
1200
1100
3100
832
1300
1000
4500
802
4800
788
1900
814
1300
779
1200
1200
1300
947
15400
34900
1100
702
5400
718
984
1700
1100
569
828
918
1000
836
888
5300
1500
884
51000
11100
4200
1900
3900
1000
1800
611
6900
1100
1800
877
4200
2200
2000
1800
841
2800
1500
867
692
1200
1400
752
812
4000
4300
842
1400
1000
3100
20000
4400
3000
856
5100
949
1100
923
1000
1600
2800
17000
3400
1100
32000
619
757
769
594
1000
804
9700
677
1500
1100
932
2400
2700
1000
1900
3500
1200
1200
782
648
3700
930
1500
860
1200
672
619
2700
1200
2900
779
1500
2100
2000
5900
993
1700
615
673
9800
1600
2000
4600
1000
471
1100
1100
764
1900
1000
1300
1300
1100
1300
3800
896
659
2200
4500
935
853
752
825
377
5300
6300
872
713
1300
857
395
956
751
9400
925
3500
1900
7700
3400
1200
2500
1400
637
873
1400
1400
1600
4800
1500
9100
1500
507
3700
2000
718
2300
562
895
1700
1100
2200
15700
2200
36600
1300
853
4500
2100
1500
1300
957
4200
692
4500
3100
939
710
960
851
2300
829
721
997
1200
1400
3000
717
5100
2600
1200
612
747
9400
21100
974
5900
2000
1300
3800
1500
1500
1500
1200
2200
3900
736
1100
11400
4200
864
3000
533
6100
3200
1000
1000
2500
2400
2000
663
3800
916
1500
1800
1300
1100
86
1700
4800
1400
995
1700
1600
1400
1500
1300
3500
6900
1200
780
1500
9200
2200
2900
1900
1900
1400
964
898
1300
2100
1300
513
2200
2700
1100
716
869
462
951
773
3800
745
1500
1600
983
1300
1300
922
1100
878
1000
18300
802
1100
1200
724
7800
1300
902
1100
942
788
1300
902
653
8700
1100
712
951
1500
2600
1100
1600
1900
670
1200
2900
858
954
2400
465
1200
47800
1200
7500
754
2000
1800
4500
986
2700
5300
1100
2200
1500
248
1400
5100
3300
2300
16700
1400
11000
691
10300
1500
6200
6800
19800
1400
922
3000
5300
615
5000
1900
1500
1100
1200
1200
6200
790
746
1200
923
6100
3900
717
2500
33000
2300
797
1100
393
13500
1900
919
693
837
2200
734
3400
971
3300
299
1300
1900
3100
3300
973
549
1300
2600
2700
787
3600
2000
1400
7500
2600
18000
2200
2400
761
1700
2200
1500
953
5400
4800
1700
1800
2100
10000
811
1500
1400
877
963
3800
880
690
888
2700
1600
7800
823
2000
1600
955
1100
6800
5700
1100
2600
2500
1400
811
1700
1900
824
3900
1100
880
8500
2900
1500
693
4000
156
1600
8900
942
622
4400
914
1100
2900
776
1000
1200
1500
658
7700
2500
40000
15800
993
1700
774
95100
1300
1400
813
11300
1900
2400
16100
670
533
725
1300
971
5500
728
3800
1800
3800
772
15400
881
890
2400
5700
1800
531
1000
645
784
618
828
5000
2400
2500
803
879
783
877
1200
2200
847
887
608
586
803
925
1700
444
74300
4300
4000
11900
3600
119
3300
1600
2200
1500
1400
2800
6700
1600
961
662
995
1800
475
1800
1500
882
1500
2200
1500
476
1200
975
1400
609
667
799
1700
3000
1100
1000
1600
1300
1600
786
3000
4300
922
2600
1200
1100
835
925
586
1700
648
2100
1000
3000
1500
3000
1200
4600
1100
3100
1100
1800
1000
1700
1600
1600
3200
1500
336
11100
537
912
1400
4800
3600
760
1000
1600
984
1200
5100
4200
935
1500
1500
2600
1700
840
640
1400
898
905
853
1400
1200
1200
1800
1400
1100
3000
1200
672
1600
822
17600
1000
1400
2100
712
1500
37200
2600
2000
2900
1800
855
975
796
1000
445
535
1000
762
3000
819
1000
8800
4200
2100
3200
861
960
1800
746
1600
786
8300
1000
3300
2600
854
1100
1400
2700
2200
49000
623
676
1500
997
9100
1500
3600
5700
3800
1700
908
1500
1500
1100
1000
486
1200
898
1300
462
579
807
1600
932
3800
1700
798
2000
1500
599
2000
4400
10500
923
6200
692
1400
11000
1300
9300
854
875
1300
2500
638
1000
2600
5500
1200
4900
2000
1100
5000
997
2900
1200
1200
1100
2500
959
1600
1700
1100
891
640
2400
984
998
796
3200
1000
4400
1200
3900
2300
2200
1600
2000
1500
1000
2600
767
2100
1100
1400
4500
1400
2300
3000
331
3200
667
1100
3100
1600
19800
2100
722
548
1600
1700
21900
1500
602
1700
2000
2800
1100
1800
1000
507
4300
3100
1000
664
4100
558
1200
2800
1100
1200
1400
9400
4600
2100
1400
7800
1100
712
992
1100
1500
3500
6300
6600
7300
1800
5700
7900
2400
663
2000
735
1100
975
6100
22100
1300
4800
1500
4600
1300
2900
23600
4200
1400
5300
2100
1200
2800
742
95300
1100
986
12400
3500
1400
1700
823
1700
9400
2700
3200
8600
49500
1100
1300
2300
1200
1700
3400
2700
3000
2000
1000
4500
1300
543
10400
1100
990
1300
883
728
1200
1400
859
7300
1100
1500
2400
2000
972
2200
47800
448
940
3000
1400
739
2500
2400
461
3100
4600
2100
1500
1200
949
15500
3800
1700
1200
2100
953
2100
486
830
888
8800
7900
1700
464
2000
2600
1700
2100
1300
1400
3000
4600
1200
824
875
522
681
1600
1400
1200
789
1100
734
17900
1600
1500
8500
1300
1300
2200
2000
2900
471
1600
845
1500
1500
22200
4600
2100
1400
1000
2500
9200
1600
1300
3000
2000
1200
649
1100
1000
1100
1300
1100
2200
1500
868
1300
992
4200
1100
648
5300
2200
5900
964
1200
1700
1900
1500
755
1200
4700
875
2000
4800
1100
1900
788
2000
664
1300
2400
1700
3900
2200
1200
1300
1700
24700
2200
1400
1400
1200
7100
1200
716
2700
2400
1100
246
815
1300
2600
2000
1700
1200
1900
1500
943
4000
473
1500
920
532
403
97
1200
630
732
1200
649
3300
1600
1100
1800
690
1100
2100
1300
670
24200
700
627
2000
1100
845
1200
2200
2000
1100
1400
771
3400
16600
1200
1500
1100
1600
2200
987
1500
792
768
1800
6700
2900
924
145500
2000
1600
6800
5000
871
1900
1200
5700
10600
1300
1400
1000
1000
907
938
6900
4800
913
533
19300
1300
2300
1300
836
640
4500
10000
16300
1300
3300
1100
1100
687
4100
2200
1500
1300
6300
804
2600
777
1600
835
983
6100
1400
687
1400
3200
939
1000
725
1800
1000
942
679
1400
3100
1800
4300
7700
1600
15400
407
1500
884
1600
1000
661
1200
1200
2300
9100
1900
17100
9000
3600
966
12100
2000
3200
690
384
1300
1300
2400
4700
3000
937
897
1300
1200
2500
444
925
753
1700
1000
15600
1200
1100
573
7000
1100
2800
1100
1300
1100
17800
822
2900
3100
650
9400
3000
1500
116
3400
838
2700
764
5400
2100
4100
1200
804
3200
1300
3000
667
680
647
14900
1500
1800
1300
3100
889
3500
3400
1600
1000
1400
944
12100
1300
1800
1300
1100
1200
566
4500
666
808
1400
7900
1600
20400
1700
2800
1200
1400
896
623
935
419
1000
1700
831
3100
1700
826
3500
1100
1800
941
2800
1100
1700
2800
889
765
807
701
2300
9800
436
2900
5500
1900
21400
723
4600
1100
3800
343
2800
8700
499
1500
514
1000
1700
882
4000
4000
6500
2100
815
957
1000
1200
1100
698
978
2300
1100
577
6900
917
635
747
4600
3000
2000
1500
759
1000
2700
1300
2800
953
1500
807
7800
741
1000
1400
901
835
1700
3000
998
1200
2300
7800
954
717
726
728
462
3000
1900
1000
2300
1800
1200
3800
2800
8700
241
927
838
1300
920
1100
2600
9700
7200
1400
2900
1100
430
933
6600
1500
2800
853
2500
2800
1500
3400
803
4200
3300
567
4600
3200
1200
3300
25900
1800
2400
2600
1300
678
942
1800
874
1300
1400
946
1200
940
1600
1100
594
2300
1100
3900
1300
1500
2300
1000
3400
3000
955
7600
806
4000
4900
1400
21400
733
651
1500
1500
846
1100
2300
4300
5600
1500
897
10800
3000
947
935
795
9000
2500
2600
4400
2300
2000
99
1400
996
627
2800
1300
1600
1600
10500
19600
1300
2600
7000
1500
548
1100
891
1000
739
711
825
4500
735
2000
1500
12400
1300
2100
731
845
928
1200
4700
881
1000
2000
979
736
178
818
1300
1600
596
15100
13100
1200
1000
426
882
5100
4800
1600
1300
1700
4600
614
2700
1300
1100
1200
5400
3700
547
1200
983
2000
2100
6600
877
7700
3500
1500
3400
3600
825
3500
8700
1400
675
638
1900
2700
851
11600
2200
1500
1600
6000
813
6800
834
17300
1100
2000
1100
5000
932
1800
695
1200
4800
1000
1500
701
1300
5300
12000
2000
1500
2100
1200
7000
920
1500
6300
851
1200
1600
2800
605
924
1100
5000
1600
927
2000
952
2100
1500
6400
3400
717
7200
871
618
604
14400
5200
1600
3000
902
1700
1400
1200
427
14900
851
4000
727
869
2500
739
574
3900
1100
726
852
1700
3000
2100
767
1900
1700
2500
606
1500
8300
12300
2300
912
2400
756
438
1300
1800
6100
4800
2100
395
1600
1300
1700
2600
865
2300
2300
2200
1500
1400
1600
3700
2400
5600
1500
1200
1900
872
12500
942
3600
989
3300
4200
4700
1800
10900
868
2400
3200
477
756
1100
1600
1100
551
1000
1300
4700
1000
2400
1300
623
950
17800
821
570
1500
2700
12500
1300
756
1000
588
1900
1100
15600
3000
1100
2400
1400
2400
1200
1100
727
993
695
8300
1200
13300
1600
2800
1800
2100
818
2000
2400
11400
833
2100
4000
919
1200
885
13800
3100
3500
9000
3400
4200
1300
1800
2400
722
9200
1800
5000
2100
992
4400
793
7800
2200
2700
1200
1300
1700
659
106
1700
3000
956
20500
1600
694
1500
1200
979
1900
1200
3700
1800
6100
1600
484
2400
458
1700
1200
1600
1800
2400
3300
841
3800
1600
1200
1600
40200
2100
2100
2300
1900
866
1200
1600
844
1800
9700
2400
52600
571
1300
1400
5200
816
997
737
1400
1200
1000
1200
805
4700
627
929
1700
6200
1200
874
1200
839
2600
4000
1400
986
1200
1300
2400
1400
7900
1900
4600
1800
1300
1500
5200
2300
4000
1400
1800
5700
1900
473
934
3800
759
786
2900
1400
775
1400
1800
358
3800
2200
1600
3200
2000
1200
410
1400
711
6800
638
1300
4300
1200
1400
7200
1400
1100
3300
2900
1200
649
2400
733
1100
8700
6000
2400
1200
1400
1400
705
1400
921
2400
744
3300
1000
840
779
769
1300
1600
2600
4200
4600
768
2100
18600
1400
6200
1600
1000
5300
1500
898
3400
927
3400
651
560
6500
1400
1100
8400
4200
863
2100
2600
10100
3500
1100
862
4500
2000
1700
1200
729
1200
4400
690
2300
1500
1500
821
3000
622
26300
1900
1300
724
1200
12600
392
1300
1400
543
4800
596
3800
4200
2100
2300
1100
3600
1900
1300
5700
1600
691
764
3100
2300
900
1100
2300
1500
9200
2000
1400
2700
774
1700
1200
871
3900
2900
19400
9600
384
350
842
758
671
1400
1400
1500
1000
1800
1200
1400
1100
1500
3300
21700
1100
651
1100
967
797
1100
642
278
797
923
860
775
929
1200
10600
3900
2600
1600
814
1100
3800
10800
963
9900
4600
1600
644
2700
483
1300
855
992
1700
1300
475
1200
770
1200
555
775
1200
7000
1200
1300
5500
1100
679
1700
853
1500
15000
233
2200
2400
1300
2400
918
1200
1500
1200
1800
608
2100
1100
533
6600
6500
1300
1900
6500
1000
1300
2700
870
1200
709
1500
3100
1100
3100
1500
1200
1100
1800
1200
3000
3100
1800
1000
924
1700
8100
15000
5700
1100
671
4800
2100
852
2700
1400
1100
1400
3000
1100
2500
1300
395
4300
875
604
14700
2700
927
1900
2700
731
1200
3300
996
471
2300
719
1700
1800
610
714
512
1600
16500
843
771
1100
880
2100
1600
2400
14300
717
3000
1300
493
1200
3300
1500
11800
1400
1200
727
9400
2000
1900
649
10500
26600
799
878
1200
5100
936
1000
1200
1100
1200
1100
1100
530
643
1600
527
1300
1700
929
977
920
1700
3100
1500
720
2800
761
5700
767
1200
4300
221
1500
1500
7500
1400
1000
2500
5500
780
2200
859
1700
8200
3800
587
757
834
3700
2500
1400
13400
993
3100
2400
880
11100
9200
5600
649
1100
1700
717
11100
28400
2500
954
7400
1700
2900
511
844
1800
1100
1600
1100
946
2800
2000
11900
2200
803
14600
3100
1300
1700
3200
4800
1600
855
400
2200
1000
631
1800
1200
2400
3400
715
1900
860
925
674
4100
1400
3400
802
1100
2800
2300
1100
501
3500
816
955
969
1200
989
4200
1600
2300
789
4100
1100
25500
2700
1200
1100
1500
575
1800
1600
2300
1800
2100
1300
1000
574
613
1600
1500
980
2700
3200
6100
1700
1200
1600
1400
5300
715
1300
851
5500
1400
878
4200
1200
689
2100
18800
872
1800
1300
5600
1200
769
1100
2000
452
668
5500
8400
1100
2600
1700
1500
999
1600
6400
1900
1300
5900
2700
1100
2900
1200
3600
1000
1200
1700
1400
1900
966
1200
1300
1400
685
1700
914
13400
1900
4700
1500
3300
8200
566
1700
1200
1100
900
1200
1300
2100
800
1800
1200
1100
907
15200
927
1000
802
1200
803
836
11200
2000
13500
1400
2300
3500
3000
1200
956
4200
1600
1400
23500
1500
7400
1900
774
1200
2700
1600
421
1100
2900
1100
741
909
547
641
1100
1500
1200
98700
12700
983
829
3500
4800
3700
2900
1400
988
691
1400
7700
6400
2800
1200
2100
1800
759
370
958
1700
384
835
6100
2800
452
3100
642
1200
1100
1500
2300
1200
13900
380
796
1600
3100
1800
21000
3400
1400
866
3700
928
870
894
1200
635
1400
1600
925
1700
1100
879
1700
730
1100
1200
10200
1100
1500
679
2500
110
4100
968
687
4100
1200
1300
1700
1000
1400
782
3200
866
1300
577
1300
208300
1000
4300
22500
1900
1000
1400
730
4300
1100
1100
1700
1200
982
6700
1400
954
2300
3800
3300
8100
8400
843
898
1500
1300
5800
1200
1100
4800
2500
892
3100
1500
2200
3000
1600
1400
4900
3700
707
1800
970
13000
973
1100
1400
1300
1500
3400
1100
720
2200
1200
2300
2500
1000
4600
950
905
17200
755
3800
1300
1500
2400
15500
908
1600
1200
909
1100
2700
1300
2500
715
1000
1600
762
1700
1300
1300
806
3300
657
1200
2400
11100
2800
1800
5900
1100
2900
6800
871
1300
3000
1400
1100
2000
5200
1500
1500
1100
489
2900
3800
967
1600
4100
755
10900
10600
1800
2100
1700
919
1300
1900
7300
824
409
1300
1000
545
610
1300
1400
543
9700
895
128
4300
2700
825
963
4200
3100
1300
847
1100
2400
1500
724
451
1100
1100
1100
1200
1100
1800
1300
41000
1100
6200
3800
913
1200
755
6400
768
1800
4500
1900
1000
855
1400
2400
1300
2200
1500
666
2100
732
1100
605
721
2100
2000
1100
2500
594
10600
1900
4300
2100
2500
1200
961
1700
632
1100
829
1000
2900
563
6100
755
982
23200
2000
2800
11500
952
1100
791
4800
1200
1100
9300
1400
2300
1200
1400
672
1000
642
1200
1700
2300
2800
1800
1700
1300
581
626
1400
1200
4400
1200
1300
992
1400
24500
5200
1500
1400
1400
3500
478
2100
1600
4100
634
1200
2800
954
294
670
1700
1100
2500
11800
2400
1000
1200
1200
5000
7800
4000
3200
777
894
77200
688
1200
1000
1400
1600
1900
656
1400
2000
5300
898
1300
18100
633
11200
60300
1000
1900
681
6300
33100
2500
491
3900
1600
846
41800
1100
730
1000
2500
2100
4900
982
1700
2800
719
891
2000
19100
680
1700
1800
817
1200
2400
702
22000
823
1500
3000
2600
525
2300
3700
6500
1400
1900
1500
1100
1200
976
1400
590
3200
2200
1100
777
938
3600
1100
731
23500
3700
1100
1300
40600
909
4900
2100
1300
2400
1200
3600
1300
1000
2100
1500
2600
1200
8700
838
1300
1200
3200
719
4000
2000
568
8100
645
657
1500
2200
2100
3500
1100
2900
1100
1000
1800
4800
5000
4500
1000
1200
850
1600
14400
1000
3800
1200
2700
1500
930
630
447
1000
1800
487
992
941
1200
5800
12800
944
2900
1600
2100
4700
706
9700
563
880
2400
9000
19200
817
1900
8800
1200
2400
436
738
808
3000
1000
939
5500
1300
874
1900
1200
1900
1700
1400
2900
2000
860
17100
2600
1500
2700
1500
701
2000
3800
1800
1000
5200
10500
1300
2000
784
1300
942
302
959
2200
3400
2400
1900
3300
7100
1200
7400
1100
896
6400
1400
3100
585
1400
10100
1100
12900
695
1900
758
2100
786
1900
1300
2800
6200
846
2900
460
1400
1800
894
1900
1300
2500
473
464
2900
1900
4100
4700
1600
1800
1600
4200
895
2100
2200
1400
4800
975
4800
2300
1200
3200
6400
813
3200
1900
831
3800
12800
4600
5200
960
846
2000
952
2800
9100
1000
2600
830
1100
1800
2100
2500
776
556
4100
824
264
5400
1100
823
1100
3300
1000
12700
1000
1200
491
615
751
2900
2200
1200
1100
1100
914
726
808
3700
1100
6000
530
1300
989
4600
1600
538
4600
1
1400
606
3000
1000
498
1300
726
1000
559
5000
1400
6200
15900
7400
1700
535
1300
3400
1500
2500
1200
946
1100
1400
805
1600
1600
1200
704
2900
4000
16600
783
711
1300
57
2000
913
1000
1100
1100
11800
8200
910
1900
1100
3500
2100
7300
844
3300
1400
958
2700
1000
19300
933
1100
1900
1100
5000
1700
1900
2600
5800
841
1800
924
1100
1100
2200
830
14400
1100
1300
506
945
5200
5400
2700
1500
2300
847
4000
2600
951
929
1800
27900
915
1800
3800
920
1800
1600
3400
7800
4300
2000
1200
889
1400
916
861
743
3400
2700
2100
773
5700
2300
1300
599
1300
918
1100
1400
5400
5400
985
825
1100
10600
648
699
1100
2500
1100
3200
2100
3200
12300
1100
8200
9500
1100
2600
15000
1200
1100
1400
713
2600
5900
4000
1800
1000
1200
931
1200
1700
2700
923
617
2100
1500
886
11400
735
13000
2200
1300
572
9600
1200
