2000
374
1700
2000
3200
4100
2200
1600
1800
671
7300
1000
6600
2000
559
692
4300
2200
657
1500
1000
2000
972
16300
871
19500
972
970
3300
284700
1300
1100
753
1400
2600
550
6400
1100
2300
432
4300
916
747
1200
36100
603
1500
2900
181
1300
4100
1800
717
1100
791
13700
1900
6300
998
1600
711
3600
1500
1300
1300
9200
1200
2000
1600
2500
1700
925
1400
5900
1600
1600
1200
1400
1700
892
1100
723
840
950
2800
5900
6400
939
400
1000
1200
928
7300
2600
1800
684
5100
1300
586
1600
1600
1100
7000
49
3100
759
2800
1000
3600
566
3200
566
673
52700
1000
753
2100
4000
818
1600
20000
2900
6700
9300
2800
2300
775
2100
9400
1500
778
1800
860
1000
1000
1400
1700
1900
868
1300
1300
834
10800
1900
2600
2100
1400
1500
894
1100
3700
1200
4600
1300
3800
900
2300
440
1900
17400
1100
5700
4200
1800
2400
895
14700
56900
781
770
3600
730
3100
1000
4100
1500
527
926
853
2300
1700
790
10400
1900
805
4600
6100
3400
807
558
1700
686
635
7700
1400
1300
2500
50
3900
788
1100
9400
975
1700
898
257
2200
1800
1400
919
2800
2600
3100
430
1400
1000
833
712
986
2100
1100
1100
2600
2500
300
1300
6500
945
532
1700
824
2100
1000
1400
375
572
1700
1100
916
36200
2800
726
1100
2900
2800
2800
2200
2900
3900
1100
1100
9100
1200
2700
2100
1200
2800
838
609
326
4600
1700
2500
1100
3400
1400
2300
2700
1100
823
2600
3100
750
704
1500
112500
1700
3600
3400
6900
4000
1200
758
2400
1100
25000
552
13300
30700
1300
3500
1500
1200
1400
3100
1500
636
2300
21300
890
1400
4400
1600
23900
2400
2800
1600
6600
2200
821
1200
2400
634
1800
6100
1400
1200
802
1300
988
1600
4500
828
1700
664
981
11900
6100
2600
1500
659
1400
1200
812
1500
1300
1200
1500
2900
1300
3800
866
1000
1800
537
1600
3000
1100
1900
2100
4400
21900
391
950
713
1100
600
3500
7900
1400
718
1300
2100
1100
3200
1300
1800
6600
1900
23800
4300
669
1500
1900
1100
5000
6600
22300
2700
1300
1300
1100
892
1100
3100
4900
1600
1800
2400
1400
2100
4800
1100
876
4500
7100
1100
1000
1300
2200
1100
1600
874
607
584
3500
1000
1200
2600
21700
1300
1900
965
682
1200
704
7100
1800
5200
2500
5800
821
3800
4500
2300
1000
8200
6400
4800
1400
687
1100
995
3100
2800
957
1200
2200
4600
545
2100
1300
2000
2400
1300
2700
1400
865
2600
554
2800
1600
536
1500
1100
892
11900
452
1800
552
20300
2500
4800
1200
902
1200
724
920
703
1100
3000
851
2400
775
3300
2100
1400
1300
1000
1600
2200
991
919
1200
954
1300
1800
1400
1400
12800
682
2800
977
1400
8300
762
10700
1100
2700
669
2900
857
6200
1300
2200
1400
444
2200
1600
4400
670
1100
1400
5600
2000
972
6000
780
627
2400
5400
6500
69500
595
1400
1500
2000
4300
1400
1200
2300
1200
556
842
582
1200
865
718
5100
4300
1000
43100
698
8300
977
5100
1600
2000
758
3000
1200
1000
522
1800
1000
1100
2400
1500
3300
856
664
1300
65
656
1500
4600
762
741
1200
1800
916
852
1200
1500
4700
3100
1200
1600
1800
2600
781
1300
1600
751
1500
1100
6800
2000
1600
606
866
750
3800
5500
1900
4900
414
1300
1800
795
469
420
848
1100
2200
3700
1900
1700
3200
532
1500
1500
1900
1100
4500
1200
2400
17200
2300
1400
7200
2500
747
1500
14200
1800
21200
1000
2900
761
825
8700
3100
761
760
1100
1200
1900
591
1400
2300
1400
2300
2700
1900
2400
1500
980
10900
380
592
2700
899
1600
1100
1600
999
616
1000
768
434
1300
1200
4400
2400
464
3700
586
7600
3300
13000
1900
962
1300
1100
4000
2200
2500
7200
1200
1100
1000
3400
2500
1400
6500
925
516
3800
833
705
2100
1700
1200
438
613
1400
605
1900
728
3400
785
1100
6900
816
670
7800
672
1500
1700
409
3200
1300
2400
2000
2600
1100
4000
934
6400
733
1900
3100
2900
860
664
984
1900
3100
1800
968
874
922
1100
2000
1400
1100
596
1400
2300
3400
1500
12700
806
32000
2300
2700
10800
1700
1100
4300
1300
1100
1200
6500
2500
861
2400
3000
15400
4700
777
9300
935
1600
3000
1500
2700
980
852
608
630
747
1400
1400
2100
769
745
689
5200
1100
1100
983
625
1800
1700
1300
24900
1800
737
1200
1100
720
1200
815
1200
1400
533
21000
999
988
1300
1300
2000
1200
1900
1000
991
3300
11700
12900
1400
2000
890
2200
8800
1100
1400
7700
497
2300
4400
1600
1500
5700
1700
2000
707
707
1000
1000
398
3800
2000
2800
913
1100
2600
8300
1600
9200
3200
1000
5100
1200
930
804
1200
1400
2000
1000
656
565
1600
1700
652
2100
1500
1700
1200
1700
1700
1200
1700
1900
3500
823
738
1500
842
963
4700
1300
1700
1300
1100
521
1400
785
2200
947
4800
1900
1600
827
1600
1100
5900
1200
1300
2700
1400
5000
1800
1900
1500
28800
546
576
1200
620
5400
1400
3700
3200
970
1300
1200
596
8500
769
2400
644
858
3400
52600
1300
2400
791
1600
1500
1200
1400
118700
529
1600
4700
1200
1400
5900
870
674
1100
2700
967
713
1100
1100
660
931
851
5400
932
669
862
863
1000
750
2800
951
1100
1100
785
2700
556
777
1400
530
1600
1400
1000
1500
1200
705
1300
7700
556
1400
1100
1100
19300
1400
1200
710
1800
941
3400
2200
7900
2200
915
2700
845
8500
913
1900
1500
540
1200
2000
2800
2200
9400
2600
1900
823
1700
1100
926
1200
1900
580
960
777
1800
1400
1400
655
1100
4600
3100
985
1400
2400
1100
869
6400
808
1800
7200
6800
3100
2200
2400
5800
1600
1200
6600
597
1200
3500
1100
678
8500
634
1800
845
966
1800
1500
1900
262
451
1100
870
693
490
6900
1100
889
1500
1100
1500
17900
18700
878
6200
1100
642
2100
736
535
1700
2000
2600
984
1800
6100
1200
1300
2200
6200
1200
1300
2700
958
1700
4900
3500
1300
1000
9700
1200
1100
1200
2300
4300
1100
980
1500
1300
956
4300
2400
1100
884
1300
795
921
2000
1800
5900
3200
1400
654
1600
7700
862
2400
543
6700
564
2200
901
794
1100
18000
1900
1400
6100
2900
407
25300
5700
990
4700
834
1100
5900
2800
24100
2700
1100
1800
598
793
1300
11800
787
676
835
857
798
1100
2900
2300
8400
13300
931
32400
976
957
1300
994
1100
1000
4600
1300
1200
5800
2400
828
1400
1100
1100
1700
3900
1300
6200
1400
2100
743
829
6300
1100
3000
1100
692
2300
1700
1900
5900
973
1100
4400
2700
25400
16300
823
2500
2100
935
2700
3100
6500
2700
2700
1300
528
7000
6600
1400
4800
3900
1600
1000
1400
5900
779
3900
1300
2600
967
1200
2900
2700
5400
789
2600
627
1100
465
381
1100
4600
910
2300
1300
3000
2100
2700
1000
657
727
1400
2200
3500
35100
1600
2600
2000
4000
6000
969
1000
536
743
844
2500
1100
910
19300
651
13800
2900
598
8700
2200
410
1200
4700
3000
756
1900
729
2000
1100
1400
11000
3100
4200
1100
1300
6000
2400
7900
33500
3100
6300
409
882
2000
1300
1300
1500
1000
5200
3600
799
2200
2000
889
8000
5300
1300
802
850
1500
1500
1700
677
1300
833
2000
918
1100
3200
835
1200
731
39900
834
1700
3400
1300
13600
1300
9800
1300
1000
1200
9800
448
1900
4200
1400
1800
859
13100
595
2700
789
1100
3300
1200
1400
1100
25300
1000
4300
1900
1300
1100
731
5300
1500
718
533
2800
2100
831
850
1700
1400
6900
459
11800
776
1200
2900
1200
1900
8500
8900
3400
741
1500
1200
780
1200
824
1700
1400
576
680
991
2400
5500
3700
744
1400
3100
915
650
1500
629
1300
969
1100
6900
6600
2800
771
774
2700
1000
844
4800
11200
3800
2000
2100
8600
9700
556
716
5700
699
874
10500
675
1300
778
1400
1300
1200
941
38200
1600
1100
875
782
3800
1100
7500
1300
701
2000
3700
4800
3900
1200
1700
1100
1600
1200
1000
1300
871
1400
2000
1600
705
348
2300
447
949
1600
2800
643
1900
666
914
2800
1600
178
1200
223
773
2300
517
747
598
2600
919
807
3100
2600
6300
2000
2100
143
1400
4400
3500
691
2400
854
1200
1200
1000
8600
759
879
3000
779
1000
529
1300
658
2000
992
2400
1400
451
1100
902
1400
798
1400
2200
1600
1300
621
528
36100
943
455
4000
669
1300
3900
1600
3700
1400
1100
952
1000
871
1900
719
4500
1700
1300
9100
678
1300
642
902
1100
8400
751
1000
452
741
1100
1000
2200
914
706
1200
744
1000
1300
4400
3600
1900
1800
836
989
4900
17300
2200
2900
939
11700
2300
4900
3000
1100
96100
1100
749
1600
4600
2200
7400
3100
917
2500
1300
1200
1000
7400
1100
2200
872
3200
1900
2500
1200
431
711
2600
9200
56500
1100
1600
1200
1400
765
846
963
4200
9900
756
3400
5700
13500
535
709
8500
894
1100
1600
1100
33100
1400
1300
51900
961
11200
1600
4600
1100
2900
771
1400
6400
3500
1000
897
4200
872
1700
1700
1900
2400
825
1000
2000
1500
1300
1200
2200
2300
1000
3800
3200
1700
16600
668
906
936
3600
792
832
1800
1400
659
1500
3700
1500
2000
1000
1400
3800
875
1900
882
1200
2200
2500
1500
1900
1100
4500
9500
29500
3000
4300
12100
1300
4200
1400
1900
647
900
1800
1800
1300
15000
920
2200
1000
1000
5500
1800
1100
1500
1500
2300
3000
2000
6000
1400
3400
856
2900
3600
1700
729
1500
1900
793
2400
1400
1400
707
1200
1700
2000
1500
2100
31500
698
1100
5300
712
4900
727
2600
969
3200
836
1200
629
1800
862
1200
25200
972
2100
2300
4900
560
1800
2800
754
1200
8000
663
2700
487
800
3000
701
896
3300
9300
868
4500
683
1400
530
903
1200
1400
704
7100
4500
575
3800
4400
1300
874
1600
2200
5100
897
1100
890
5200
969
1600
656
18500
642
1200
806
5500
2200
910
1400
6300
2300
1700
1600
719
1400
1000
897
746
963
1200
1200
1800
8900
854
1400
1500
1300
740
2800
1500
1000
1400
2300
1500
2500
4800
3100
658
1000
1400
2500
610
3100
2000
4400
832
2400
1000
2400
10600
3700
2500
714
731
3800
1500
5200
933
2100
2000
1100
4400
2100
1100
1300
1300
4800
5300
1000
1800
1200
700
1600
2000
1500
3000
6300
823
1500
2000
233
746
702
1500
6400
1200
1200
4900
4000
917
3000
6500
2200
1800
748
2200
1700
1800
787
430
2300
1800
2900
807
776
6500
1300
925
6300
998
1200
2900
743
1100
5500
1500
767
796
1900
2100
541
522
863
2400
4400
968
1800
18900
1400
1400
1900
90
960
1600
15000
1400
816
2800
1700
2400
608
754
2400
8700
1200
1200
1900
834
989
2500
2300
483
675
870
1400
1300
1900
703
885
63
1200
919
1400
1100
1300
1700
1300
687
10900
10900
404
13400
1500
3000
1300
1400
324
2100
573
1800
3400
2400
1000
2600
1200
6500
3700
2100
728
737
1500
2800
66900
1900
3900
917
1300
134
1000
3100
1400
833
3500
642
3000
1100
366
1100
2100
1000
2300
17300
1900
2500
783
775
679
464
1200
1500
962
564
10300
1500
949
19200
2500
16500
768
5000
1100
3300
630
992
662
1500
648
9800
14100
739
814
3100
1800
1200
1100
10200
1600
1100
2100
735
3000
1100
1500
2200
1000
2600
2400
2400
3900
1200
1800
7800
1500
725
1200
1800
1000
773
758
649
1500
1100
821
618
1200
1100
613
5700
2000
1200
2700
1200
14600
1300
6400
6400
4600
2600
821
900
1700
1100
1200
1400
4800
7400
2500
3700
1700
2800
1700
2100
1900
1700
1200
950
1300
3100
1100
655
1300
1400
1100
2000
2200
720
4700
1200
11700
11900
664
1400
1000
909
617
1500
1200
10200
1200
1500
1500
1400
1300
1700
1700
9200
5600
701
4100
3300
5400
5400
2400
1400
1800
1900
818
908
1400
956
1200
3300
2000
8900
36700
925
1400
1500
903
545
10600
829
1300
1800
1000
2400
928
1500
970
7400
3800
907
1500
1800
7900
4400
1600
752
940
1000
1100
2600
2100
638
544
1300
577
3000
2000
995
964
5200
2400
931
629
2400
798
1300
620
3500
1800
602
1100
1200
2500
8200
710
2300
812
2000
463
1100
3800
1000
1100
2100
3800
851
1600
5200
632
1400
860
1800
496
1000
1600
565
1100
7800
1300
4500
2900
975
912
1200
1100
2800
3700
1100
4200
463
80800
2300
500
1700
699
1600
762
798
654
1200
3200
726
1200
1500
2400
812
1100
2400
1900
13000
1100
636
639
58
913
3200
897
3700
20700
2000
1700
10900
1200
2400
1400
948
4400
723
917
815
573
1800
1000
5400
1800
3400
2100
1100
1300
1500
1100
16200
924
2200
1800
992
987
3200
7100
1300
1500
14400
1300
377
5600
162
1900
457
16100
744
6300
667
1400
1300
2200
1100
596
5300
619
1300
1200
4100
6300
2400
4200
1200
1200
4500
1500
1500
1100
4400
1800
914
18900
8500
5600
2400
1600
3300
1100
11300
12500
2700
3700
10100
1100
2000
909
11500
1100
1200
1600
672
1000
1100
2600
1200
1400
1000
1100
1200
1100
3000
21700
713
1900
864
1600
1000
9800
2400
3200
1200
5800
873
1600
1300
1600
1200
1000
1100
2700
695
1100
3900
4800
982
5400
691
3000
974
4300
12300
829
1000
3500
1800
6800
1000
1600
1000
777
1100
2400
2300
1700
377
742
973
1400
8500
785
958
1300
700
993
989
994
862
905
989
1900
4200
671
1700
5500
715
2900
901
367
119
2000
2200
657
1100
860
3900
7600
23800
881
1200
455
2500
9600
907
662
2400
812
10700
2900
1300
3200
1500
491
4900
26700
1300
9500
613
9700
869
810
1600
1300
6500
881
2800
1300
1400
1700
3400
1900
1600
1300
3000
800
750
77
1700
759
1300
488
1600
1300
1100
51500
815
926
1100
1400
3000
5400
1300
2400
696
6800
1100
813
8600
990
1900
555
1300
992
2700
4900
1000
2100
2300
1200
1000
3400
2000
1200
1300
1700
655
2300
3200
645
548
945
787
1100
1900
3100
1400
885
1400
4800
794
2200
2400
1900
1200
1300
1500
783
14400
780
1200
1600
507
2600
1200
2700
6300
665
1200
1600
2500
1100
2300
3500
2400
1500
696
10900
1500
5400
608
1100
942
770
4500
1600
612
1400
8000
3200
2100
1000
912
2600
1400
478
1400
536
895
1100
5000
4400
7500
1600
1400
3600
5100
18400
12800
2000
1500
1200
1300
3900
8800
665
2600
732
886
940
2400
1400
1200
849
1000
902
6200
1100
1100
582
1600
1700
4000
5700
787
29800
521
679
727
1700
934
5700
881
1400
671
987
5400
1100
2900
4900
911
2800
1200
400
1400
701
1400
825
1000
1300
1100
1300
2800
989
676
3200
992
9100
15200
829
1500
2800
615
1200
1100
865
855
4600
1400
1000
2500
3300
1300
538
2600
520
1000
2700
760
2000
12400
3200
940
990
1200
1300
1300
698
868
8300
922
1500
1600
1400
1100
3600
1600
515
3900
1200
2600
1100
791
1400
842
479
1400
54900
1300
907
919
1500
739
885
2400
1100
772
1000
1500
3700
4000
1200
683
1200
1500
1100
1400
678
952
2400
1400
952
1000
3800
1000
568
2700
1200
798
68300
17000
4500
1100
6700
1400
600
1400
1300
1200
1600
737
761
2900
42600
1300
2000
522
1200
1300
1800
1300
1800
1700
1600
884
5800
2100
1200
2300
741
1700
1300
1200
1800
900
622
1400
2600
2400
2400
2500
3300
2200
396
571
1600
144900
726
3200
955
311
2100
694
3000
949
113700
813
1300
1300
639
9800
2300
1400
797
4000
765
1100
935
3000
726
764
1700
1000
1000
1100
1300
6300
1600
1200
7800
2300
886
639
1400
2200
983
6000
842
1600
4000
1100
1400
1100
640
920
10000
1400
16200
679
11000
1500
9400
518
885
493
1300
626
900
3600
1800
4900
3200
759
1000
6400
3300
9400
530
1800
711
1400
976
846
4200
763
2200
1100
1400
1300
1100
777
3600
1500
8100
625
1400
1800
889
854
2200
95
1400
1200
1500
1200
1800
2400
587
8400
1300
3800
2100
1100
656
2600
3300
2500
65
1700
906
3100
4200
2000
16700
1600
2300
927
4800
2400
2100
2900
653
1400
1300
2100
12600
7100
1800
1200
2200
1400
1200
800
1200
1600
2800
596
1400
3400
699
3400
1000
1100
2600
2500
1600
802
1500
1300
488
1500
2700
723
3300
1600
870
2600
1600
1400
1500
2500
1300
996
13400
689
1500
900
1400
949
1200
16800
1300
1400
928
1200
1100
1800
1300
3600
842
2800
1700
4900
1200
964
735
898
6300
2200
4100
1100
941
1600
2400
1100
2400
1500
636
1100
674
740
880
805
1200
7200
5600
4000
720
8300
1000
2600
48800
1700
536
954
385
2000
991
1200
1200
1200
639
972
1700
1200
7200
1700
1600
1400
4100
1500
4500
1800
818
1300
3500
1400
1000
860
967
636
1700
1100
2100
2800
4300
3900
4500
2000
808
902
1500
4300
143
1500
930
1600
1200
853
942
1400
9800
1600
1700
1300
969
1100
3100
1000
486
1000
794
1200
2100
1400
687
317
1100
2200
4000
2000
20600
790
2000
2100
2800
12500
1200
1400
2900
531
168
2400
3300
722
9100
858
1700
872
827
579
2300
1300
5300
3500
4200
1600
8600
3800
2600
919
957
1100
1600
1900
1500
962
1200
1500
3600
991
913
2000
1400
922
670
1500
1800
910
1300
1300
4300
24400
12200
4400
2900
1900
5700
635
1500
765
1300
1400
2200
1200
715
1200
1300
16800
221
567
786
14600
1500
1700
5700
844
2000
484
1500
1800
1100
1700
2400
1100
4
10800
3200
1000
537
924
11400
823
2900
620
1900
4500
831
1100
2700
742
975
1300
3100
6100
5400
1400
998
911
1100
862
1000
989
1600
770
2100
2900
1300
1800
2200
1800
844
1300
7900
840
9800
9900
441
1700
1300
680
1000
1100
1200
1300
685
6800
1800
1100
5000
2100
1800
1100
3200
999
1600
556
21000
2400
1200
1400
4200
15000
904
954
1500
2000
1100
4200
3200
1600
1300
13200
1300
1900
1900
4900
1200
4500
931
691
870
936
1300
349
848
6300
6800
2500
3900
2200
1100
1600
3000
888
1800
3200
3600
877
1300
754
569
1200
1500
2100
1400
799
1100
3600
1400
943
1100
2100
1300
2000
4500
2500
1100
729
1900
738
10600
3000
5800
19700
817
1200
1400
1400
1400
1200
1400
2900
3200
2000
1200
1100
3400
1200
1300
716
1300
9200
949
3000
1500
2100
863
724
6200
36700
4200
1800
994
30400
1200
807
1600
2600
1900
14300
1700
3600
799
2900
1200
454
901
2200
821
1300
9100
4600
1000
870
398
1100
1000
633
528
666
1800
4300
892
1200
1100
4900
1100
3300
1400
762
5300
1900
1600
1500
587
1300
726
475
2200
3100
2000
1200
1600
14300
1100
1900
1100
4600
1600
1400
909
6400
1400
957
2700
2000
744
11700
3600
2900
3900
1200
5900
912
1900
975
609
4600
918
1200
2000
2000
4400
3100
5500
1200
944
1700
13300
7700
1800
879
1200
3300
1900
521
1300
840
4900
1000
2500
8800
1600
1200
2400
2000
18300
1800
2600
974
5000
1600
733
1400
4600
2100
1800
3500
1100
836
974
9900
2000
1300
937
1400
1400
847
860
1200
1400
955
1400
4300
768
5600
830
7400
3200
827
4800
10900
1500
1000
1800
1300
725
7300
823
821
2700
701
1600
926
1500
1600
780
1800
1600
1200
1600
28200
1900
2200
1700
655
1100
678
1300
2800
1800
1600
1300
1300
1400
7800
2800
2100
1600
2400
1300
851
739
1500
855
1000
1300
2000
843
842
1700
24000
553
2900
1000
1600
502
858
1400
1400
742
872
3600
2700
1200
2400
1300
47700
2400
803
1100
1200
1200
1500
9300
571
1300
713
550
802
762
2100
5400
462
1000
3500
536
1100
905
2500
71900
1000
1300
859
1300
1700
2700
713
3400
904
1000
498
930
1800
1300
1400
1600
945
11700
2300
3200
2800
654
7300
1100
4100
504
1100
2200
16400
5600
1100
731
1400
838
657
2000
877
816
853
7500
386
1100
730
21700
1200
4000
2300
1400
940
1200
2600
2100
2100
1900
1300
2000
1000
1300
5100
1100
2800
5000
8100
551
6700
6200
2300
1000
9500
724
935
308
927
849
1300
1200
792
820
992
1500
692
1300
1000
931
1400
1500
10600
858
2400
880
1100
1700
6200
2400
7600
1300
3200
9000
1300
2300
536
403
987
950
1600
17500
47100
5000
786
1500
1100
4800
3100
1700
1700
2400
2800
1400
1000
5300
3000
3100
849
4100
2300
1500
728
924
36
1400
3800
700
1300
10600
1200
2900
7700
3200
2300
1300
15200
5200
723
4000
2400
865
6800
1700
1400
12000
1100
1600
1800
796
2200
786
1200
1200
1300
1900
5800
3300
871
2100
1600
1000
1500
1200
675
2800
6400
1300
661
1700
1000
899
1300
1100
5900
1500
3000
3700
1200
1200
699
4100
1700
1900
875
14800
3100
1500
1100
907
2200
914
83
2200
717
811
432
4600
1300
1500
1100
1200
1700
380
54600
1100
392
626
1100
8000
5600
753
754
17100
1200
2200
6100
936
979
1600
1500
924
940
2500
1300
1800
6200
993
2300
840
2900
1100
1200
2000
1600
727
1100
2200
2200
1000
1900
10300
3100
701
48500
2200
1800
722
1200
4800
1100
1800
701
1300
384
2700
2000
2200
1300
818
1100
816
6900
474
3600
3000
15000
2000
1100
789
600
576
1200
853
4200
889
1100
1400
6300
2200
20200
2800
2700
3800
638
16800
2600
944
818
1300
496
1000
875
2400
1100
1500
13200
1900
640
1800
1100
1500
2500
860
1100
2100
937
1200
753
6500
1000
754
1500
2500
2500
2800
1400
1200
497
17200
802
3000
9800
714
1300
1600
18200
859
3800
2000
7500
1200
2300
1900
3100
1200
2000
1100
5800
3300
796
70
1500
962
1600
879
864
1100
1500
1000
897
1900
1200
1300
6400
1100
1600
1700
740
2600
540
16600
1600
1000
2300
1800
1200
923
884
523
952
1600
884
13500
1800
1800
2900
3200
1300
2700
2400
3400
1300
1200
6100
1900
2900
1200
2900
3000
1200
1500
491
2400
2600
757
1100
3100
972
1700
787
3100
9200
473
1400
1100
2100
3100
1400
2800
2300
1300
953
454
3900
825
2500
1300
2500
1900
1200
2700
7600
853
1900
1200
2100
1600
1600
1800
1000
1500
1300
532
1400
1700
1500
1300
1500
896
627
881
1100
15300
3100
769
1800
1100
1300
1400
1100
919
1900
1600
2500
1400
6500
2100
881
8900
2400
4100
1600
1500
1300
3000
1200
2200
1000
626
1300
1100
970
7500
7700
2000
1600
840
5300
885
5700
11700
965
1800
1200
496
914
1300
11700
2300
5100
1700
685
788
7400
779
969
623
925
2000
935
5300
1800
777
1100
404
5800
607
3100
700
1300
808
2100
5600
6100
3400
917
11800
6300
903
704
4400
2200
507
995
2400
1100
2700
1700
469
2100
665
2400
1200
1200
3400
2000
2600
1100
662
1600
1400
3200
1200
1600
629
871
1500
3400
1100
882
1000
879
3700
6500
804
892
1100
861
21400
1900
1600
1100
683
2300
7100
7600
1100
1200
925
19800
3100
3100
1700
1800
8100
918
3600
747
1900
2200
692
1300
6200
3200
3300
891
684
1600
3500
1900
2100
5300
682
1700
1100
1200
2800
1100
1200
1900
3300
2700
691
1300
2100
1600
3700
1400
1400
1100
1100
1100
6200
4700
6500
2300
1800
4700
3000
530
649
6000
942
2300
3600
2000
1300
1000
1300
1200
1700
912
437
1900
643
3600
1400
3700
3800
1400
811
2000
732
3700
782
1200
1600
602
1100
1700
415
8200
889
1200
1500
1200
6100
3600
1100
1800
1500
1400
1400
662
2900
578
1400
15000
707
735
1100
12100
4300
1400
2300
1600
1900
723
869
3300
803
2300
1000
3000
1600
1200
929
1000
960
1400
1400
446
1600
30200
3100
1400
1800
738
1300
896
3800
587
5500
805
1800
6200
870
1100
1200
995
1600
1400
1100
2300
629
760
3200
1000
495
554
2400
6700
804
1400
2100
1200
1100
3400
771
4800
3300
1000
456
539
832
35100
6200
833
944
2800
902
962
2100
12300
2600
677
716
1300
2300
728
2300
5300
6200
4700
706
2000
2000
1500
5400
1400
4400
1600
1300
887
871
3000
647
1100
955
2000
2800
1200
1000
1800
3200
1400
1600
1200
3400
1200
5600
1400
1200
1800
5100
696
2700
1200
1700
5900
851
4600
3500
3200
3300
3100
1100
4700
475
2000
445
5200
8000
1000
841
4100
81700
1600
2500
2200
3200
1800
1400
255
1000
728
840
1300
1100
785
1500
2100
2700
1300
1000
1100
925
39300
1900
370
606
11000
2600
1400
776
429
589
3600
2000
1400
2100
1100
1700
783
1200
2300
844
5100
1800
2200
1800
4500
1600
1000
2100
7800
1200
750
1400
2200
2000
2000
2000
887
154
1800
975
1300
1200
1100
698
2000
744
2500
874
858
924
1200
1200
1300
2700
2600
2500
3300
1500
3500
1700
1300
843
656
1500
745
3500
584
1100
4800
4800
1400
2100
1400
907
1600
4200
1500
1600
879
23900
1200
5300
1600
1800
963
2300
1100
379
5100
1400
9400
3000
52
1300
680
2400
601
1100
8500
2900
1200
563
22100
4800
988
7600
10000
1800
954
940
9900
1900
1000
815
1400
745
1700
1400
4900
3200
1200
539
992
2700
960
982
690
877
3500
1200
897
823
2000
1000
1400
761
6800
1600
942
992
796
779
1300
1500
4700
1600
1700
5500
6000
1000
14500
1600
16800
2700
1600
1000
6900
876
1400
1300
1200
1900
661
1800
651
7800
1600
1100
2200
936
2300
12300
3500
3700
525
1300
546
634
6800
1700
2600
2200
2100
1400
569
812
1900
1100
1000
1700
2100
14700
1500
15600
1200
5100
5500
2600
1100
2600
919
3300
1200
1800
1600
3200
1200
22500
909
3900
808
756
635
1100
1200
6300
815
1500
2800
753
498
1000
826
842
685
19400
1300
1500
1500
3700
4700
783
728
671
2300
11500
1500
814
3500
769
589
2000
1500
46600
1200
2800
2100
592
1000
891
77
1300
1500
542
36800
5200
2200
22300
2200
745
1200
762
1300
1500
3700
2800
1300
10800
1400
513
1600
1300
1800
790
2200
11100
1300
2400
1000
1100
676
923
4500
1600
4700
1200
1500
37500
2000
935
1300
138
1700
942
918
2600
1000
25100
2400
743
3300
977
2300
13700
989
4700
1200
700
789
1300
1300
548
1700
3000
8600
867
948
2600
2000
1200
3600
921
2600
1200
2100
81
752
2400
1300
2000
2900
5500
4900
2400
1100
17100
642
1000
1500
4500
1500
8000
11800
1200
2700
1400
1000
1300
3000
866
589
3700
2900
2700
9200
1400
1300
1300
1200
102
1200
993
882
960
3000
1200
3300
27800
1100
2600
1300
4000
1800
1300
1100
227300
867
934
1200
4800
9300
11300
3400
2000
2500
4100
3800
1100
959
3000
3300
3400
1000
782
2700
796
426
1700
2600
623
1200
1500
776
9300
836
3000
1400
1400
471
4200
9000
510
1300
863
2500
2400
1300
656
2100
1400
940
834
939
564
3800
952
2200
1500
1700
1600
5700
986
3400
938
2100
934
7400
1100
2500
2900
833
977
1200
1300
529
4800
677
10700
867
2100
2300
49000
4000
733
472
1900
2100
7300
42500
42
829
474
950
1700
1200
9700
1300
2600
1300
915
488
2400
4400
1100
1300
1900
661
1500
41900
1300
4300
3000
1000
1700
2200
2500
2700
1100
4800
5500
1100
6600
621
3700
1400
1200
3800
847
1200
937
6500
900
669
1100
490
13200
858
4600
1200
1200
986
758
1100
786
1200
1400
2100
2100
3100
1300
5100
1000
6000
1400
775
5000
5300
2200
3100
1100
1100
2200
2000
861
1300
37200
803
15900
1600
1300
1700
862
8300
558
916
1400
5900
1200
699
54700
2300
1400
841
1100
1300
1700
875
10500
1000
742
1700
1700
853
1300
1100
11500
1300
4100
2700
1300
2100
1200
9300
1000
1500
894
1000
1100
960
875
915
2000
613
1600
3400
1800
824
1700
6600
6200
7400
875
1200
876
1700
4900
1100
3900
18600
2100
2300
728
5500
1300
887
3000
2000
1200
2500
1100
945
1100
785
1500
677
771
750
1300
665
6500
2000
1100
4700
964
3100
2800
618
1500
523
723
817
2000
1200
1400
1000
939
1900
1400
3600
989
832
1300
1600
501
781
1300
714
1400
1200
1600
1100
3000
1400
436
1700
823
823
26500
