1100
8100
2300
1600
1500
3000
902
394
34300
598
3100
1700
8000
1100
1700
2000
842
706
934
4400
1100
3600
53800
2400
1900
2400
1100
681
808
1000
4200
1100
1400
1400
1400
1000
1300
2000
528
9200
13000
906
670
2000
977
4400
7500
1800
836
1500
10600
1100
1100
1500
2200
1500
1200
973
2100
3400
711
888
3000
678
1800
1000
787
520
2300
1100
933
1700
2000
1900
1700
1300
2900
2200
5300
1500
744
1200
651
12100
1200
9700
3700
641
8700
584
462
26600
756
2400
5400
1000
1700
1500
1300
844
1300
1200
816
1200
1800
574
983
1500
4200
2800
2800
946
2500
896
748
2100
992
936
3500
556
2100
286
10500
468
1200
2000
3800
2400
2200
1000
1400
1000
1200
1800
871
1500
1300
522
1100
1100
877
752
831
638
23000
2600
535
774
2800
1900
1300
787
4100
1900
2300
48800
2000
1900
1900
513
1900
773
3700
1100
1200
3300
487
13600
2500
2800
1800
1600
1400
1600
6500
6600
1600
1700
1300
2200
1300
1200
699
9400
1100
723
8400
2300
1500
887
11700
4900
856
7500
560
905
1900
2500
1100
6800
628
1100
1500
1900
1100
572
2100
1900
15200
1200
11200
2200
4800
1200
962
2700
1600
3500
540
2000
839
1500
1300
51900
6700
1000
2700
6900
1100
1000
801
4500
1300
1100
1400
2600
1100
56000
7700
2800
672
8400
2700
5600
666
980
823
548
412
759
2500
6200
4900
810
4300
12400
1600
1300
9400
1700
6400
5100
5300
894
549
1100
735
1000
1700
868
3200
9000
968
988
22800
1100
2500
3100
15100
1200
2200
5500
6100
9900
3900
1800
4000
2200
1100
1200
1600
1200
12500
2400
1300
1800
1800
1400
2600
1200
2700
1200
5900
2400
817
1100
2400
8800
818
2200
1700
2400
1600
21000
397
1400
910
776
1300
13700
1200
1200
1200
6500
558
4900
10600
4900
675
17500
1500
711
1500
2500
638
1100
6000
11400
715
1200
1600
4600
5400
1100
57400
1000
925
1100
3600
1200
791
3300
3500
3200
25400
1200
18400
1500
9800
2300
3100
815
1100
780
9600
1200
515
1300
3400
1200
1500
4200
3600
1900
616
872
7400
4500
17300
3300
754
1400
450
2000
958
1200
1200
1300
34100
662
1100
620
861
671
1100
3300
245
1000
1300
903
2400
4400
1400
909
4200
1800
3800
1200
1300
1600
8500
1500
776
1600
2400
2700
3700
956
3700
1900
974
2000
4400
1200
1900
2600
768
2800
2300
1700
1300
813
2200
2700
3000
798
1400
1200
2100
596
974
959
682
3500
1700
1100
8000
1800
1100
5500
2100
982
652
2000
1200
4000
741
850
2400
1100
7400
1200
15900
821
1200
2100
1400
794
981
1400
1300
2400
1200
4000
646
3800
2600
602
1800
2200
2600
352
1900
1500
839
837
1100
2400
1700
993
1500
690
6900
3100
40600
25300
931
1200
590
13400
231
3500
144
4000
1200
815
769
451
68300
13700
1500
1000
2600
1400
1900
5400
4600
832
5200
1000
6900
1200
7700
2200
4200
582
2300
1200
2000
24200
1300
1700
1500
937
554
975
750
2500
1500
2700
1200
2900
428
1900
2100
3800
1700
1800
10400
1800
889
709
930
1200
781
475
1300
1400
774
1900
14500
9700
1200
850
2500
3900
1800
22600
4100
1200
3400
1200
1300
5200
941
820
3700
712
1400
11000
1200
1000
2500
1200
1400
1600
432
1100
910
6900
698
812
726
1100
1900
1400
792
782
1000
6500
1600
570
615
1300
2200
1400
13600
869
3600
1500
1700
1800
1500
3800
610
1300
4900
2200
1000
40400
2700
865
1100
2400
1200
1300
5600
488
14000
2400
1400
1100
5000
3100
1000
1600
1100
2800
2800
752
2500
1200
8800
988
858
4700
760
882
1500
761
1300
482
1100
3100
706
13500
1200
6400
5800
2600
2800
4000
1600
977
1600
5600
688
668
4000
2900
1400
775
1600
4700
4000
1400
1300
1100
1100
1400
779
922
2400
2200
1100
1500
971
785
1800
1400
4100
471
1400
2600
895
1100
2600
3100
5700
1100
13800
1100
696
2100
1500
584
3000
4600
1100
640
1100
7400
3300
2200
1000
2200
2600
2900
2400
523
6200
1100
1200
2000
580
1600
1800
1200
1500
2500
563
4500
1200
1200
1700
1600
1000
1600
24900
1400
2400
1500
12700
1100
1100
1100
1000
657
1400
9000
950
3500
4500
1100
1100
3200
1700
2900
4600
1500
719
1100
659
978
1900
2100
1400
1100
729
1100
1600
4800
1100
1900
1100
17400
2600
947
1200
1100
1500
1100
926
12100
1100
13600
1200
2400
823
8800
1700
1600
5600
983
1500
3100
1100
935
6600
2200
2100
1500
2900
475
962
3700
775
2400
1000
1500
1800
1200
919
3400
322
4100
2600
6000
190
332
983
754
872
5700
930
809
1300
11800
916
111
909
2000
2500
2000
1300
4900
1400
7200
575
1000
1900
2000
716
4700
637
3300
1000
1000
956
1300
1600
1500
1200
10500
613
4100
1900
1000
706
1400
796
4800
867
1100
875
1000
70
9000
1800
2700
618
1900
1500
3500
1100
1200
1600
839
894
3200
1300
1400
1600
2900
1300
1200
8500
1500
976
3900
650
3300
1200
1900
535
1400
1200
1200
636
5900
98500
2900
19400
1100
1100
1400
6400
1500
752
600
995
1500
1300
1300
1000
2100
1700
1500
796
2500
917
24400
2200
1500
819
794
2300
3800
583
1100
1300
1000
926
251
2300
10000
652900
4100
2500
757
1500
594
2000
837
479
1400
18800
642
1700
1000
1000
682
1600
731
1500
6800
1200
638
4900
1500
5000
858
1400
1300
538
1200
918
2000
1000
1400
1000
1100
1100
690
822
2900
1100
2000
1500
5900
4100
5800
783
382
2000
2300
1700
1100
1400
467
1700
3200
699
1300
860
756
2700
1100
7600
2900
3000
962
825
633
15200
4400
739
23900
464
1200
1500
727
1600
1700
926
2100
4600
666
3100
1100
1900
1000
655
1100
1800
5200
1700
7600
1600
9100
942
4700
15100
1400
1400
1300
2500
1600
769
1200
1600
1100
679
1900
1800
917
583
471
902
935
779
5600
16100
14700
1100
2700
5300
1600
690
2400
2300
869
6800
1200
2800
9700
1300
943
13200
688
1500
1300
1200
1100
5200
1600
748
1300
936
1000
501
14400
1500
615
5700
1500
1100
8600
888
1100
2200
798
1100
20700
1500
849
603
2000
718
998
1100
1100
803
1200
606
934
2300
1300
903
1100
1600
1800
802
883
855
4500
1100
2300
1000
8200
1900
1200
903
7200
1200
6600
282
2200
2100
1600
1600
3500
1000
1100
1300
1100
652
1600
599
1300
533
1400
2000
585
4500
599
1300
876
2000
1500
1100
1000
883
742
1900
2200
1200
6400
3700
1200
918
1800
1500
1200
4100
1500
1100
2800
690
1100
72100
8200
564
901
1900
23100
11700
17400
788
1300
803
740
3100
907
892
666
2300
935
1700
872
11300
749
1300
745
2200
1500
9000
1100
6900
712
1100
1100
13600
14600
634
2000
6500
807
1000
1200
882
1600
7500
959
10800
1300
2100
2000
6100
885
1400
1000
671
982
8100
4400
1100
24100
843
2200
2000
1600
1300
1300
1500
962
1600
3000
878
2100
1100
3400
2000
1800
715
1200
934
1000
2100
1200
5800
824
745
1400
808
13700
32299
4600
897
2200
987
1100
5300
2000
1400
1500
4900
720
1300
623
560
35200
3500
742
815
1400
1300
3900
1600
1600
2200
5300
802
741
1200
1500
1200
2900
1100
6800
1000
4100
1600
994
3600
3200
3700
1000
2000
980
12800
932
571
2000
867
956
1300
5700
3500
326
758
6400
9100
1100
810
3800
863
3900
4700
854
2000
719
1400
1700
1000
4300
1000
827
1100
1400
8000
66
735
1300
3800
1500
3800
2200
1900
1300
5600
605
803
853
2900
4100
740
2100
537
9900
3600
2100
1300
1600
616
865
1300
1500
592
1100
1300
430
2700
1900
1000
1300
4100
5400
591
1100
1000
2400
1800
3800
2600
2700
4700
1500
2400
10800
1900
2600
4900
2000
2100
637
3100
538
1400
1000
1200
3600
4600
860
3700
1400
942
2200
1000
1900
761
3900
3200
905
6500
762
4000
1400
2900
3200
2800
26900
1700
636
5700
840
1900
4800
1700
11100
1300
1100
19300
1700
967
824
8900
1700
3000
887
703
896
841
2000
2500
1800
818
628
3800
4300
1000
1000
1900
1100
4300
803
844
1700
2000
1400
526
71000
2700
1700
1900
1500
716
1900
1200
822
1200
6600
1700
2600
2300
4700
1100
2700
1900
445
1100
2100
2600
2100
2500
1000
2500
786
648
63300
6000
7100
2400
5000
1300
474
1300
1400
435
2400
698
2200
2200
6800
896
880
1400
853
1800
4000
1800
1700
3800
895
1200
973
1000
7900
1200
899
5000
2900
2100
2100
111300
2900
682
30600
1100
12700
6600
1200
1100
2300
2000
3300
1800
1200
1400
595
1300
5300
1600
1400
1200
2000
20600
934
3000
1300
4700
4500
1500
1100
975
927
1900
6500
991
1100
1900
2600
2700
3900
1200
1600
2900
2600
656
1000
799
4100
716
1000
778
1600
724
1900
2100
1200
4700
437
702
613
949
20200
1700
983
14300
5000
845
1200
8000
2500
839
641
807
1500
2600
1100
5500
1200
2500
1400
1700
1900
10900
3100
7900
1700
730
3200
1100
3100
6000
2100
1300
1400
1900
39700
1900
824
1100
2100
486
2400
925
851
1200
3500
970
16000
4200
3500
432
1200
959
818
1700
1300
1600
3300
1400
2200
1700
2800
1000
728
1300
4600
1900
3000
4500
5500
5700
1300
1100
1400
3400
2400
1100
635
487
765
2200
16300
3400
681
1200
840
2800
10700
475
5100
1400
16800
21400
1700
3100
829
707
10300
953
722
1400
695
1500
2000
827
3800
4100
10500
1400
1100
852
1300
955
1100
1000
1500
2300
842
2600
2300
986
1100
727
2300
1500
5200
1000
1000
15500
6900
13900
1800
1700
618
2400
1700
3400
3200
1500
1300
912
1900
1700
11400
27000
835
6600
1100
5900
3700
2300
677
1100
1300
2900
1200
881
1300
1600
703
1400
2300
2700
3700
4100
5400
451
1200
9000
1100
21400
704
754
1000
1200
7000
2300
3300
721
841
20400
1100
9500
2300
5700
1200
595
3200
3600
1700
1400
2900
2000
4100
729
2000
1200
2400
832
99
3000
858
1400
879
1200
759
2000
967
2600
3800
838
498
3000
713
2700
8000
11200
2700
2000
2300
5500
1400
5400
14800
5100
5200
24900
2700
2200
514
1700
1000
976
1800
3000
2100
2100
1500
1900
1700
2400
608
994
592
971
1100
16800
1600
812
2000
4900
49
8300
5800
1400
4600
2200
1400
1900
3300
880
2200
4500
1800
1600
1300
802
7800
8900
42200
932
3900
1600
913
965
1200
1200
1600
5400
921
776
18200
987
699
1200
960
522
4300
1000
1100
9700
941
861
1200
1800
1200
13500
3400
1600
3100
2700
2300
5700
1000
1200
696
1400
1000
576
2300
2000
694
1800
10000
2000
773
5200
2700
1100
639
1200
4500
1500
1600
969
1200
5600
1100
3000
1000
1000
578
2100
2600
7800
764
4500
917
1200
7700
884
6700
929
10300
1100
981
330
749
1800
16600
3100
446
2300
1700
5600
3100
3300
6300
4500
743
1800
1400
2600
2500
642
16200
2500
1000
597
4500
3600
1300
1300
1200
3300
1900
2400
939
4200
909
750
1500
710
1000
5900
9100
2800
1200
941
617
862
1200
5500
947
15800
1200
4600
1200
907
1100
213
7800
620
1100
2400
469
884
475
16300
1700
962
953
3800
6500
1700
867
1300
811
1000
3400
6000
5800
2400
794
5200
1100
3800
2200
827
750
2900
758
722
905
1300
3000
791
7900
826
839
654
3500
2500
2200
1800
2300
1400
1500
2000
1800
412
1700
1600
547
966
713
931
740
1800
10500
695
766
2300
1900
4200
1400
2700
940
1200
507
1300
916
2300
5200
574
2200
2700
2100
3300
1400
1300
1300
14100
1000
1700
31600
5900
987
839
500
1600
1500
1200
430
2500
1100
1800
817
1300
1300
35700
1000
1500
3800
726
6500
2400
704
1900
13600
611
7200
3800
1600
6900
1100
2300
3000
976
2900
1200
1600
8200
2100
14600
34800
1300
2900
1900
541
31500
74
3000
1400
1400
892
1700
3300
818
3000
5300
11500
1100
3400
1400
2300
1800
897
8500
1600
1200
1300
6300
850
919
447
902
3000
672
994
734
3500
1300
1900
3600
15400
2700
1100
17000
1300
1300
514
51000
1400
1200
2100
560
784
1500
461
1100
911
834
2000
3000
1000
21700
2300
2800
2600
853
7200
1500
1700
874
3100
4000
527
1500
1100
3800
912
954
655
504
437
1500
3500
2000
835
869
3300
693
1500
1200
1500
1200
5400
1200
1400
1100
1600
2400
444
875
7400
1300
977
2500
481
1200
3300
1500
455
2500
916
1700
1900
877
1300
1700
3800
730
1900
15000
876
1200
1100
1900
2100
1100
1600
5200
2500
618
1000
2800
1100
1500
1400
910
768
1100
5000
4200
3800
3800
7800
2300
1800
690
3700
3900
3100
1600
2100
22100
629
2400
874
1200
1300
987
5600
791
917
5100
1300
1100
13900
2800
813
6700
4400
811
1000
4400
1700
485
1700
806
1500
652
1300
10400
970
1100
5600
874
1900
658
33400
522
2500
2200
474
846
2100
2100
548
7700
3300
2400
1200
1200
798
3700
1100
4500
5900
2200
2800
8600
1100
1300
1300
811
2400
7400
1800
2500
7000
1200
1400
655
2100
917
930
930
911
465
596
2100
5100
3000
11200
863
1100
2100
1700
134
6800
2400
3300
2400
1000
2400
1100
2900
2500
4500
665
5100
28800
3800
5300
743
972
557
1100
5300
1600
1600
1300
783
1500
1100
3700
1100
3200
1300
801
2400
4500
869
1100
4200
1500
5700
1300
2100
1500
3500
975
2800
922
783
763
823
6400
902
1900
2600
1600
32200
1500
2800
920
2300
3100
780
1100
976
1300
1500
1600
848
4700
434
645
2000
1700
1300
1100
2800
137
889
2100
1400
29300
1900
4000
838
3000
7000
658
2100
1300
1500
2000
683
1300
2900
1400
4400
555
1000
868
2600
2100
5200
1700
1600
3700
1200
2700
581
789
2000
2100
6800
1400
8800
771
1400
789
6500
2600
1200
2000
697
2100
744
828
2000
1700
2000
1100
1400
200100
1200
853
20100
1300
1300
5700
769
2700
4400
5400
969
3300
767
2000
13400
2600
3000
897
714
1900
1100
877
4100
755
2700
6700
847
775
814
1200
903
1400
3400
1100
1200
3300
812
693
1500
4300
1000
3900
964
5600
4400
1500
5200
601
3000
1500
946
1700
1000
614
3500
500
1900
2300
574
599
651
1500
2900
1400
811
1000
1100
1600
7200
1400
2000
5700
755
2100
1800
2000
2300
31700
1600
10700
1400
2400
863
906
690
736
1100
2200
109
1200
3700
180
1600
4800
954
1100
2600
6000
2600
3400
630
590
5500
12200
2000
2200
3500
1600
1300
1700
8500
726
569
3900
860
1200
1100
755
1000
2100
2900
1700
1100
403
1400
4700
1200
1800
4800
864
2500
2300
3000
1100
11500
10900
1900
1200
3100
1700
1300
2200
1100
783
8200
961
1700
939
3000
1900
9400
1000
620
1100
1200
1500
1200
6400
3200
909
3500
753
3600
962
1300
2700
3800
925
1300
2000
4100
2100
1100
3300
2200
790
1500
1200
755
919
1300
1100
2400
5900
10300
823
1300
1800
577
8600
17200
1100
9100
1900
1100
1800
6600
988
2500
957
881
2100
3900
3300
11900
1600
1100
911
1200
1600
2300
839
1500
1100
1800
1700
3000
5000
6000
1200
346
1400
1900
928
891
3100
789
1400
763
20900
5900
4600
519
934
1300
889
1000
560
827
1700
1100
1700
920
802
4100
2900
7600
8800
943
3900
2500
678
651
17500
1200
9600
627
1400
1200
689
3600
1100
2500
1100
688
1200
850
618
4
696
4500
2900
1600
2500
1500
1300
1200
3400
1000
5700
1400
1800
3500
615
5400
1000
1700
2700
761
456
1300
29000
617
842
471
4600
1000
1300
1300
12800
955
20700
1300
894
6500
1200
1100
3900
1300
5600
813
37200
4500
640
8400
940
778
363
682
2300
1400
2200
939
3200
10800
4100
971
614
517
627
1500
1700
6400
969
927
1800
891
946
2700
1300
1700
3900
1700
1300
792
823
3700
2500
1000
1900
369
3800
4400
11200
5100
650
850
1900
1100
1100
519
631
1100
6400
1400
1200
1300
916
766
4800
843
4100
998
1700
1900
2400
1200
6500
4800
719
1100
2700
1100
5400
3000
732
1100
4200
834
642
4300
926
502
1200
998
1500
1100
1000
522
654
2300
5300
1100
5000
1700
1200
958
3400
695
1000
2100
552
708
1100
431
3000
530
878
1300
755
1600
13000
6200
715
143100
1100
1000
4600
2000
2100
1300
1300
2400
2500
1100
5200
1700
3200
1300
589
2100
7900
2100
1300
11200
1100
1300
4900
3500
38000
5500
1500
4900
4400
739
24900
358
9400
20900
2200
2600
2800
760
1000
843
672
964
629
828
1300
1300
7400
1200
876
2800
35700
2300
2700
1700
6000
1100
677
3100
35400
1600
2300
5200
2600
764
1400
14400
906
10300
1100
841
3200
5600
3500
3000
863
767
707
1800
1500
1900
287
1500
1000
4100
95100
1600
10400
1200
1600
833
2600
1900
1800
1500
2100
3000
1000
656
407
917
865
917
2000
949
3200
377
1900
2300
631
3100
1900
1200
1100
1400
227300
2100
870
4700
449
728
822
710
1700
1100
1100
1300
10300
1500
3900
604
1400
1000
905
793
3300
1900
3100
2900
2100
1000
1900
7800
952
6900
1100
1600
595
7600
6300
1800
706
1600
1200
653
4500
38600
1100
1700
902
1900
853
1800
802
991
1400
590
1300
7500
1800
4900
649
1400
1100
1200
1600
516
1600
9900
1300
408
7200
9200
616
615
1500
2900
1800
1200
2800
1600
734
1000
949
7700
1000
944
1200
997
1000
2000
3900
2900
3700
1100
1800
1100
1200
1200
19800
2000
1500
779
1400
860
1100
1000
1100
1000
877
626
699
7300
857
1200
1600
9300
1600
1100
42300
1300
2500
869
525
3100
2400
983
23200
1200
897
518
2100
585
1400
5600
29700
1200
3200
2200
845
1100
813
1600
1200
995
548
1400
540
1500
1000
1200
5500
473
6100
1600
1000
3200
1400
937
2400
1900
1200
2100
8300
2200
1700
1200
3500
660
1000
1200
2000
1200
20700
955
1700
3900
7800
824
841
992
1000
1900
1000
708
1200
696
1200
927
750
1500
1000
1400
1500
6400
6000
1500
1000
11900
2000
1200
511
720
1400
2300
3400
469
2900
1100
2900
2300
2200
1200
544
1200
11000
3600
999
1600
18800
1100
5000
58
1900
1200
4700
652
1700
2200
866
836
24300
1400
1700
1400
3400
2600
6500
1000
11300
6800
1100
1300
548
16200
3200
754
5100
1300
2200
3400
2400
1400
2000
1500
1500
4300
5300
2300
962
763
992
940
1700
824
718
5900
644
1500
1700
3600
1100
1400
1100
1400
2000
7900
700
877
623
1500
1100
54600
3400
7400
1400
1100
1500
2500
1800
6700
693
1300
697
392
1300
3500
2700
20700
1400
1500
920
21700
925
2600
1100
367
2700
832
822
1300
767
870
1200
896
858
2000
2700
950
693
854
5300
4100
1500
1100
1200
602
2300
12600
118700
1200
2400
862
12300
9500
787
1400
2500
1400
8700
12800
1100
1100
722
1600
3300
903
2600
1300
1200
20700
688
2200
1300
739
1500
4200
2300
1400
1100
2100
748
4600
1200
1300
838
2600
930
1100
1300
633
4400
531
936
1500
1100
3500
492
1000
1600
2100
1100
592
2700
936
1400
1100
1000
2000
396
872
1500
923
694
1200
1800
1400
1500
1100
1600
2600
868
3500
2100
681
41800
3900
1600
2400
795
1800
863
804
1100
7300
2400
3900
1500
1200
769
375
2700
5700
6300
4000
1700
938
1300
9300
1600
1100
1800
9700
1400
1400
1800
3300
1500
3700
1500
2200
1200
915
4300
945
2900
627
1200
8800
1000
1400
1700
5200
18000
1400
2800
1300
882
879
462
1600
1300
817
3900
2400
668
1600
32200
1200
1400
1600
1900
864
48000
1200
62900
3200
969
1700
5200
20600
686
1200
2300
5800
2500
8800
10300
1100
1400
1800
837
518
8000
994
1200
999
2000
2600
1000
968
1800
9700
1300
1400
806
1300
727
589
2300
7000
2800
3200
1400
461
841
436
3100
1300
6400
2500
895
705
2100
2000
600
1400
637
6100
1400
2300
1200
8600
1300
2900
912
766
3300
2500
1300
657
17800
1600
3000
904
205
1200
794
1600
4600
651
8400
1900
982
877
8300
1900
2500
1800
2000
725
701
5800
940
3800
8800
882
4400
5200
3500
2600
855
2100
1200
461
1400
1600
1100
595
1100
621
1700
1400
1200
806
969
1900
1200
2900
10600
653
3800
2600
2900
642
1100
1000
1300
1300
3000
675
2100
1800
1200
1800
1300
696
3900
775
1100
864
1100
904
1100
2700
700
1100
2300
1200
1000
1200
608
963
1800
834
2600
1600
890
3900
1500
940
22300
8100
773
1300
11400
2400
1300
903
2700
10700
1100
1300
4300
9400
1000
1200
708
22200
872
23000
817
4100
707
644
1200
1100
1500
788
860
1400
2300
5400
9000
1300
1300
1100
1000
1300
27300
7600
2200
3600
11800
11900
332
7300
7900
34800
851
956
1800
1000
838
11400
1300
963
1200
2200
1400
3000
1800
739
5200
1800
952
1100
13400
542
3100
725
787
619
1900
1200
1700
257
2700
2700
1400
885
2100
2600
1200
10100
2200
600
1200
3000
988
4600
1200
1400
2000
1300
531
548
1900
14400
977
1100
1000
5400
940
1100
13800
659
1300
8800
1400
11300
879
1300
2500
925
741
1100
1600
1100
2000
6300
1100
1400
882
1400
11700
697
2500
1600
964
5500
839
1700
887
754
420
3400
593
655
1400
1400
952
7500
1500
4300
4700
176
1200
1100
668
16200
5500
696
790
998
1100
1700
1500
1500
1800
1300
12300
1900
2400
3000
1200
1000
1000
1800
957
757
707
3200
702
1100
2100
946
2100
4000
566
708
5800
1000
2100
4800
867
13900
1100
869
828
1400
1300
6000
9000
1600
2400
833
717
1300
5000
3600
925
4700
1100
7300
1300
1500
850
1300
6800
1000
797
783
4800
3100
1100
4600
16200
995
2500
993
1400
2800
2200
1200
4700
40600
1600
268
1100
1800
2800
3200
886
1600
3900
2800
1400
823
9100
1400
924
816
551
3300
1300
12100
528
6800
1000
2700
2000
1000
1900
970
2900
2900
437
795
8000
1300
1100
1600
2000
980
867
1200
2700
1100
1500
1100
2200
1000
5800
776
555
823
952
690
6600
571
1900
12000
1600
630
1800
756
743
1600
1700
1000
955
489
1200
874
533
3400
415
2100
1700
2800
1200
2000
6200
6100
1100
635
774
6000
698
799
691
1700
1700
1400
605
992
1200
3400
1400
2000
1400
7300
11600
957
15700
3800
1400
718
2300
13600
929
748
16800
1500
924
1200
7800
819
1600
1100
2100
1200
2400
1400
13000
1600
731
4000
1900
2400
1500
1100
1800
1000
1300
2200
2900
1500
17000
28800
77800
8200
1200
4800
1100
2600
873
416
2300
543
2600
5200
793
3300
1200
937
3600
3000
2500
1600
903
8400
2300
1800
659
4500
8500
1100
925
539
16800
1100
1300
1300
714
1100
863
1900
661
2700
1200
8900
7000
5500
1000
914
7400
608
1100
935
861
2100
602
866
1100
934
705
831
621
4600
2100
943
3800
10300
1100
2100
2600
1300
1600
972
1400
1200
605
4000
6600
1500
1100
3100
488
954
845
914
1800
3400
992
1700
1100
686
3700
708
4600
923
967
4100
966
11200
1000
477
1400
3800
2900
10000
1300
514
4500
696
2900
251
734
489
2400
938
680
1100
1800
1400
2900
19600
1100
2700
1900
3400
5000
9500
1400
759
1200
2200
1100
1800
894
914
1200
1300
2600
1300
981
255
2600
667
250
1900
1400
2300
922
1100
6900
1400
437
1900
8200
1200
1600
2500
1300
966
1600
4300
936
934
10000
1200
2400
1300
1400
2200
4000
24500
697
1200
1800
569
2400
1100
3900
2200
2600
701
974
1600
861
1000
2200
1900
810
966
2800
899
1700
1400
1000
2800
667
918
3200
1600
636
712
2200
22300
3000
1500
1100
6000
3700
2400
2400
824
634
1500
997
1900
1100
1000
775
1100
2600
521
855
1500
811
1400
972
1000
807
501
1900
2300
4800
1500
1200
994
5300
1000
2200
1200
4500
3900
1100
1900
1100
1200
886
968
1000
760
5700
2100
926
805
2000
1600
7700
2800
735
943
1200
1400
875
1900
2300
1500
1300
2400
2200
776
1200
2000
1000
4200
749
4700
1100
1100
3500
735
1300
1700
944
1000
1100
1800
452
747
1100
10900
1200
2300
1000
7800
730
1700
1000
2300
1900
2400
612
1200
859
1300
920
932
651
1200
1100
806
2700
2700
1400
855
1500
2200
1200
2700
1500
878
1200
1200
3500
2900
698
2500
6500
2000
956
2700
5300
833
2500
38900
1300
3400
5100
478
522
633
6500
1700
1000
672
4400
3400
2000
2100
1200
5500
1500
3300
2100
575
1100
1200
720
2200
1200
1300
2800
4800
2200
1200
758
2200
3300
618
14700
1500
30500
460
2700
1500
8900
9300
1100
1200
967
30400
949
3800
941
5100
1500
1100
1400
1300
4300
763
840
1300
1000
11100
3200
3500
2200
2600
2000
1400
2700
7700
1200
3800
13200
3300
816
1600
1900
1300
1700
1500
2000
1200
773
507
667
1300
1300
431
1500
1800
3200
1500
1500
11500
538
376
969
1900
1700
2700
971
3600
2200
4800
1400
4300
6200
1600
630
891
1400
811
1500
1100
11000
812
859
1600
888
604
2000
2100
4700
2000
2800
2500
9500
901
893
1100
6400
1000
861
1100
4900
2100
1200
1300
954
1100
4200
97
747
908
228
1300
1800
1900
2100
3900
1900
1800
929
892
838
737
878
1000
2700
1200
454
5400
3800
7200
5000
1300
1100
846
788
1300
2000
812
1400
1500
3500
705
526
497
975
542
41600
1400
4400
5700
1700
5100
1800
256
778
3400
1300
1700
2400
2500
4300
666
224
611
997
1500
1100
3700
1100
1600
8400
2500
14200
977
1000
1200
2200
3200
1200
3400
917
975
872
1700
1200
1400
2500
1900
4400
1500
2100
937
1800
1300
991
3900
9200
937
1700
699
1300
639
2800
8300
1000
6300
488
4300
10500
1100
48100
652
1500
3700
1400
1900
1400
602
1600
731
1500
948
1200
1900
1300
708
922
733
593
3900
1600
738
670
1200
1300
1300
2700
879
1100
856
3000
626
3800
1500
2100
705
3100
91
639
1700
1800
621
13800
510
1600
663
968
834
1500
12600
1500
8700
1700
2000
1000
1100
13400
819
710
1500
1000
791
8300
9700
1500
751
3600
1800
1300
379
745
952
1600
165
914
1100
1400
2100
7300
1100
865
1600
1400
1300
14800
1500
1200
1000
3100
1700
2300
2500
594
4300
1800
2000
1600
7100
129
1100
739
638
756
3500
1300
324
18000
1900
1200
2000
2000
825
970
6800
5000
6900
1500
3600
1600
1400
1700
3100
1600
1400
729
690
10400
2100
550
7600
965
1000
821
1500
944
896
774
3200
808
924
1000
237
1500
886
9400
10100
1100
8100
1700
1300
5900
507
1000
2500
1100
370
1500
2600
2000
16400
4000
6500
1700
2100
875
23900
2100
4600
1500
1500
5200
911
990
918
3200
2600
595
3000
898
2100
1300
2700
3300
12000
1300
1200
3800
3900
1300
27200
1200
5500
1300
12600
1300
1300
3700
9900
1100
2400
527
674
1500
2900
691
2500
1800
1000
10500
27000
1100
1200
1600
1700
497
1500
13000
2800
6400
1400
2700
1500
2300
928
585
756
1200
950
2400
950
4300
1900
1200
2200
5100
1000
21400
811
559
10700
1200
7300
691
963
1300
1100
3900
536
15200
657
2100
1400
538
1100
920
1100
925
9100
3700
3300
2400
625
946
24900
1100
1900
1800
4000
7700
17500
2200
1100
5500
1200
872
1700
3600
8000
864
855
1500
1600
1100
14700
898
3400
2800
5100
1800
1200
1100
1200
929
970
973
943
64
758
971
752
4700
10000
5400
6500
1000
673
823
890
4500
3000
8300
728
1600
968
1200
898
3400
358
1700
1600
1300
527
695
7800
3100
15900
1000
1200
4000
14000
738
735
3100
917
1200
1800
864
741
1000
5000
3200
1900
1100
4000
1100
5000
1200
797
512
1200
8900
784
1600
894
1100
1400
2200
1300
1400
1000
2600
1800
1200
1900
1300
867
2300
3200
676
1100
2300
507
2100
1500
4200
1000
1400
1200
1300
833
4500
1400
1900
11200
3000
3800
1100
3200
851
1800
1100
1700
1100
2800
3900
5600
2500
1400
2500
1500
2600
982
1000
968
748
5600
843
1200
1700
2700
899
2100
519
1400
96900
812
966
3200
22100
1100
2300
4400
10600
683
1600
3900
637
1000
1100
1800
1800
1600
1900
2200
742
2000
14500
638
915
