4000
1200
2000
951
1100
2300
3100
1800
5500
1100
1400
533
1100
1800
1100
1600
915
2500
3000
1300
656
766
1100
1300
962
1700
573
7700
686
1100
1200
1100
1100
1200
935
7800
43200
1700
748
1400
1800
797
1500
1100
1800
596
718
535
547
1900
968
819
2100
1100
1600
1300
1000
69100
952
1600
1700
889
1500
1200
2600
899
1700
1200
756
1200
1200
4800
1500
7500
4000
1000
3300
1400
2700
857
1200
2800
2700
2400
1300
1000
448
3500
701
590
706
3900
773
5700
682
787
12000
3800
597
1300
5800
422
2100
2600
1200
1200
1800
869
1500
754
1600
853
619
2100
1300
951
1500
859
458
1400
4500
1000
1100
1400
1100
1100
2500
955
657
1100
7800
690
629
1000
7200
3400
1600
6300
42
1700
3800
816
1900
1100
5500
1700
17700
2800
2100
2600
1400
1200
3000
9200
2100
539
668
1200
1900
22800
523
550
2300
940
3800
635
1300
20400
3300
3300
2000
1700
447
636
1500
1900
2400
532
1600
1200
1400
3500
1000
1300
1300
2000
1100
8100
626
808
866
1600
2000
3400
3400
1900
893
572
2300
3500
714
916
3800
599
1700
1300
2100
1400
2200
5000
1700
599
1100
2100
2900
1200
3900
771
1100
1100
2200
861
1200
30700
671
1100
522
2700
4600
559
9100
1000
6500
1400
750
1900
1800
16400
2000
300
681
2800
7800
2800
1300
4800
1700
964
529
2600
2500
5700
1900
2400
3200
503
15800
1900
934
847
1300
1100
5500
1800
1100
2700
1700
1700
2200
3800
1300
3000
1300
751
3600
687
3400
1700
1400
1100
905
1400
662
20400
628
12100
2000
5800
9000
624
1400
1100
1100
573
1500
2500
3200
6100
2700
6500
383
18000
824
1200
4800
788
1200
3300
1100
3200
1200
19200
836
1100
1500
2700
1500
699
2900
4100
809
6400
6800
908
914
696
2000
2700
416
2500
1100
10700
1200
4100
5400
1000
1200
1500
868
553
1900
927
818
5600
1900
1300
4900
413
866
1300
1300
896
1400
1100
1000
1300
1900
10300
1800
1000
1500
1300
1600
1600
1900
6800
7500
1400
4700
2300
6200
837
3800
728
196
23000
2800
14000
4400
630
838
791
1900
783
1200
715
1000
3800
1400
1100
2300
705
1700
1100
1300
1900
1900
1400
2100
1600
1300
1100
4200
853
1900
936
869
566
15000
4300
556
2800
1900
3900
2700
4700
1400
941
1600
841
53100
717
1000
871
1800
6300
1000
35700
6600
1100
12200
6100
914
49
768
2500
579
2000
1300
6000
1800
109
934
1200
1100
16000
843
1300
4400
603
4900
1300
695
1700
2600
973
1000
3100
2800
1500
2700
50700
138
497
10000
662
1000
3300
1400
2000
718
1600
3900
2400
927
3000
962
678
1200
1700
4700
1200
1700
1300
1300
278
815
1700
11500
3900
1900
1900
7700
4100
1500
11200
1900
3300
892
3800
1200
1500
1100
1200
3900
1700
36600
1300
4400
679
3500
1600
4600
964
917
6500
1000
1000
1200
2000
1400
1500
8000
1400
1500
1500
877
1200
610
584
1200
1500
1400
980
1600
3900
1500
3400
20700
5200
1700
1300
881
449
1200
1200
2400
3100
1700
1100
1300
2000
713
1900
1500
3400
927
1500
1300
910
2400
1400
2900
1400
1500
941
1200
1700
1200
4300
158
2100
1900
662
1700
8000
1100
2100
532
2100
1100
1600
1300
1600
851
2100
754
17100
2400
974
104100
768
1400
20300
941
708
1900
1600
2300
4200
2300
9200
1300
5100
3300
1000
1400
856
902
966
1800
821
1100
3300
1400
605
1500
26500
920
2900
1800
698
2200
1400
602
1600
1600
8700
1200
1700
4700
1200
1100
3700
2800
1900
3400
1300
1800
1600
50000
1600
660
9700
1600
1000
1200
1200
1700
768
1900
22100
1800
1000
11000
1200
2100
4300
1400
36600
1300
2000
2400
1600
1300
468
497
1500
877
661
1400
1300
781
1100
358
2000
676
905
1400
698
2000
9300
2200
801
727
2500
1700
62300
2400
7400
1200
1400
746
1000
887
1500
3600
626
709
2000
956
1900
1100
3800
720
701
2800
688
3000
1900
1500
910
530
3100
727
708
3700
1500
1300
202
716
422
817
1800
818
3500
18700
641
1800
2100
468
10400
1100
2500
9200
801
1200
408
874
10000
2800
1200
140
6800
896
734
5300
3300
924
3800
8400
2400
2600
1800
1100
1100
2100
1700
827
1500
667
1500
2400
671
1800
1800
662
3200
1300
2100
842
2600
1400
994
924
10900
1300
4300
665
1200
5600
4500
2200
1100
1900
3500
761
986
4800
1900
1900
1300
786
888
1900
1300
3900
1100
2800
2400
2000
9400
712
1100
1100
2900
1900
1800
5300
684
450
2000
4300
993
1800
785
429
7000
899
939
985
3000
1200
6500
1500
2400
953
5900
1600
671
13000
779
1900
2900
1100
917
1400
2400
3800
831
1400
5600
1100
5300
3500
2100
3100
1200
1300
563
5600
2200
904
2200
1100
4600
3100
8700
875
245
532
695
861
13700
615
3600
2300
5400
3600
413
1200
1700
18300
2200
1700
838
1200
6900
2200
3100
1100
2200
2300
5800
1600
1400
1200
5400
3700
622
630
5000
884
20200
602
1300
2100
37000
1000
1600
12300
809
4100
1600
2300
1300
11100
893
2200
2400
1600
1400
2800
1500
1600
447
720
2400
1000
691
15400
3000
1500
914
715
1400
1100
588
719
731
713
1400
1900
1900
10400
863
3400
2200
2000
1100
1200
691
3500
4500
1000
1400
1400
3800
6200
880
1100
805
897
2900
376
3700
1600
2400
924
59400
450
6300
1400
701
1000
1900
1600
1400
606
3100
1500
5100
1700
1900
657
18800
1000
2500
875
720
2100
1400
499
5300
1200
1300
1600
865
2100
611
1700
4400
1600
804
369
450
3700
7700
8700
4100
606
4200
828
2300
2200
1800
1300
6500
579
613
2700
1200
3200
2500
2400
844
1100
4900
2100
1300
1600
1100
26600
877
9800
1800
846
1800
1100
1300
25000
8100
1600
1400
1200
831
1500
6000
2500
2400
997
3800
3300
1700
1200
824
9600
3800
997
8300
798
1500
1300
6600
946
1200
4100
1000
755
2700
615
15400
1700
856
7300
2500
1400
913
16200
1200
4300
8100
7900
7300
4700
938
1100
12200
578
948
4300
810
855
1600
544
4200
829
834
6100
1100
1900
870
1400
6100
12200
2400
3300
1000
633
630
2700
2800
1800
992
809
5900
1200
1500
2300
2000
3600
5900
3800
729
1300
1700
834
5000
831
1200
2200
79900
1000
992
770
2600
4700
6000
506
1600
496
1400
1200
893
1300
971
384
14900
1400
4300
1700
935
872
13800
6100
1100
3000
6500
5300
992
1300
929
1200
988
1800
3800
1600
2600
3300
864
846
8200
3900
1100
4900
3800
882
934
1700
2000
1200
1200
1000
1000
4100
2300
692
1100
2000
1300
9300
3400
773
982
1100
1900
538
476
1600
2600
1100
621
646
282
1200
4700
988
1000
1800
3300
455
1100
4900
1400
1100
810
1300
800
19400
1200
1100
1000
903
1200
1200
847
1600
1300
1600
1200
1700
1600
1400
1200
2700
3200
863
3500
850
2700
928
3400
1200
929
2900
2800
854
1600
1900
1300
1600
1600
1100
2000
1700
505
1000
774
427
835
1300
2000
3100
1700
968
2600
2000
938
2400
3500
1600
767
406
9200
8100
7200
776
607
622
2200
1100
1200
864
4600
3200
9600
1900
3200
952
1200
1300
4100
732
1300
1200
1700
3200
1000
1500
1200
1300
542
1300
811
1300
3600
1500
897
1800
1700
710
1100
1800
2400
3600
7000
3900
1800
1200
1600
827
11400
911
712
529
1700
897
11200
727
17400
3000
3100
3000
671
2200
1500
903
2900
1200
5700
5400
11000
805
1600
1900
757
880
2500
958
3600
1100
1300
648
2300
1100
7400
973
615
1500
3000
1100
1600
8700
949
5500
9200
776
863
1600
1800
1100
1000
895
9800
2500
1200
1300
1100
851
1700
1100
2300
829
13000
4900
664
1500
1000
999
1200
13100
3800
2000
742
704
1500
963
1700
642
5800
493
2700
1300
689
1300
1900
522
35900
13700
955
5200
1700
1800
2100
2300
1200
554
1600
2500
5000
1100
1600
1500
19700
690
7500
1900
434
1200
2000
1000
4200
3200
1400
4100
2300
1300
1200
7000
2100
1400
1400
2100
5000
854
1200
1400
8200
377
4200
4300
779
1500
2700
3500
1300
777
675
3100
6500
3000
3800
3500
1300
849
1500
2900
1900
1000
8500
2500
1000
1700
3700
1300
4000
2000
1600
5100
1000
19300
776
1300
2100
814
1000
1100
1600
3800
754
803
969
1500
1100
1600
602
1100
4500
1100
789
529
1700
791
1500
1100
1900
607
871
730
4100
1500
665
933
4600
1900
11700
7100
1100
1100
1100
856
1400
654
2100
527
3700
1700
2200
846
1600
2900
14800
6400
1700
648
704
13400
16800
1700
12300
780
2000
3600
3300
749
1700
740
1400
398
644
2500
549
12100
969
1200
12400
2000
1300
2500
1100
980
1200
587
696
2100
1500
1300
1900
581
2200
2000
492
2700
3300
790
1100
1300
2800
1400
11500
4400
647
1400
883
826
1500
844
1100
463
3300
1800
2300
833
2700
857
1400
2800
1000
441000
1800
1200
2200
10000
9900
2700
2400
1700
734
1200
680
11000
2600
1100
2500
2000
2200
803
1800
1100
1500
2800
57
58400
1100
12000
1400
2800
663600
784
629
8900
2600
1100
973
643
1400
642
852
1000
937
1500
1100
785
1000
999
1600
784
998
2500
994
2400
1400
1700
1800
1700
840
1200
949
1600
3500
4900
4900
5000
1500
824
1000
854
3100
1300
1700
5400
582
498
2800
1800
3500
650
5400
1200
2000
501
1200
3400
1100
2900
523
1200
2200
1200
42700
1300
510
1000
2000
1900
1400
968
1100
1400
8900
572
1900
1300
1000
2100
1100
707
1100
6700
1600
1100
1300
2100
707
3900
8000
1200
1400
1100
3700
7500
1500
762
5500
4500
1800
1100
3800
2800
798
2000
1600
2600
1100
2100
1300
2000
726
1100
3200
10000
1700
1500
1200
2800
2800
1000
6400
6000
667
778
895
1700
1800
9300
2100
3300
585
1300
762
1400
667
12900
1500
2100
36200
1500
1600
1900
1200
2600
7400
2100
1600
1100
1300
739
649
414
2800
1200
1500
2200
1000
1000
1600
1500
1500
1300
1600
1100
1500
519
3500
1200
939
1200
1800
4200
895
4300
7600
867
4700
1500
8700
1100
1100
1500
1000
1200
1000
400
2300
721
1700
1200
1600
6700
1600
699
2200
655
1400
27500
3900
486
1100
3300
663
1300
791
52900
907
1700
1200
484
1200
1100
1100
15600
6900
2000
648
3500
1500
1100
993
3300
1500
1500
744
622
573
1700
1500
467
3600
467
6400
10700
20400
1200
1200
1800
1800
812
798
971
2500
2400
858
698
2400
806
47800
3100
1200
988
4400
1400
1000
1200
698
2700
2600
1800
690
889
654
1000
1700
11900
7800
410
17300
1400
3400
1600
1700
6400
4600
2700
606
964
1100
1000
12600
1200
1100
852
956
1200
659
2200
1200
1000
715
636
576
8200
5900
717
610
2200
840
920
821
1200
2100
1600
1400
6100
1400
550
6500
2800
977
84
2500
940
846
932
3000
4800
1400
797
1100
1100
3100
4600
1100
2800
4200
1100
731
399
1600
3300
3000
2500
1000
2800
1100
948
1200
2100
815
1100
1100
879
3300
1200
660
1600
1100
1100
32100
1400
1300
4500
737
2500
2000
1700
1700
3400
416
852
698
1400
1300
2200
2600
954
1700
4500
35400
815
841
1400
1800
1800
1700
1800
60
7100
776
1100
723
3400
9900
9600
1200
954
1500
14300
3500
2000
10300
9400
412
997
2100
4900
1100
3000
1200
1300
925
4100
1600
1900
2200
1500
851
4500
3600
1100
803
10700
5000
1800
2000
685
4300
1800
951
9000
6600
13000
1600
888
1100
116
1100
1100
4200
3700
1300
1500
791
811
64400
3600
1100
3800
16500
6600
12300
2900
1000
9200
2400
1900
1800
860
6900
811
1300
1500
2800
1400
19500
1500
656
1300
1900
1500
1000
954
728
739
572
546
657
14400
742
8000
732
7200
1100
629
759
1500
1300
2100
3700
11700
1600
3700
1800
2200
845
165
1400
903
3700
991
1100
640
2400
1400
2400
2200
846
5300
1100
1100
1700
7300
2000
4400
1600
843
3100
2100
9900
7200
1300
1000
2300
1800
818
6000
1400
936
1100
4500
807
691
8900
977
1300
972
982
457
569
1400
1300
1200
1600
3300
1400
642
2100
3100
838
899
1900
2100
672
2200
2200
4200
1800
1700
1000
17600
5200
6800
838
1500
1000
2100
4900
833
4000
2300
1200
940
1500
1200
1700
1000
1800
797
512
1700
1200
2600
853
1700
816
520
1500
1700
1300
4600
816
940
12600
1500
1700
3000
745
5300
1600
1400
3500
1200
746
3000
1200
952
478
1800
1500
823
2400
4100
10600
8500
5200
1100
3300
8500
1200
2700
1100
2200
4600
4400
4000
2600
467
4400
1100
998
2000
3300
670
666
3400
1600
7100
11500
980
6600
9800
1400
703
877
3200
1200
967
1800
1800
768
894
42400
945
1000
4200
39900
9700
3000
7400
1500
1400
7500
642
15400
1100
519
821
3800
1100
645
3300
6500
2400
893
1800
2300
2900
7400
633
2900
831
866
1200
827
2700
2000
2400
661
1400
448
1900
1200
715
1200
1900
621
2400
463
3400
666
1700
2000
963
1000
724
52600
1400
299
719
1400
7500
1000
1100
698
3800
892
2100
1300
1700
2000
1500
1100
683
5100
6000
1500
523
946
1200
1000
4500
1300
2600
1700
1100
24400
1200
3200
787
1900
1200
906
1700
816
515
1900
848
2800
1200
1000
2200
1800
978
3300
1500
2800
1900
7600
2500
2300
1300
556
1500
1100
8600
1500
817
4600
1400
1500
9900
9600
926
1900
2400
981
5200
1000
1100
1200
1200
2100
1100
745
1500
913
2000
791
2700
42500
906
2700
5000
2800
1500
2600
2300
1100
719
759
4100
1600
2700
941
745
1900
1500
1100
2100
1400
1300
1200
1500
2900
4300
3200
835
1600
811
734
1100
1400
3100
10100
2000
1600
1500
3200
1900
725
1400
1700
1700
33300
1800
4700
2100
811
1600
993
834
4200
1500
843
2300
2600
1300
7000
3100
1300
845
1400
1500
1500
1200
806
1300
2600
603
5300
685
1400
1100
3400
1000
817
205
726
5100
1500
945
690
1600
842
4100
4500
2900
1100
2900
1500
1100
1800
12500
4200
1100
1400
255
1200
955
1700
1500
5000
2200
1100
1700
10200
11200
6800
2500
816
6700
922
5100
2900
1300
1300
3000
863
905
2200
9500
1300
473
2800
2500
5700
1100
806
4500
1200
2000
754
1300
1700
4500
2700
8300
2200
919
33000
448
1300
1500
821
1100
2700
1400
1200
5900
1000
1200
968
1300
1900
1200
15000
3500
734
4600
1500
1500
2400
1700
543
3300
531
11400
4900
986
900
2100
1100
987
1100
5700
9300
676
1700
6300
4000
1800
668
1800
1100
1700
872
882
506
771
5100
1300
697
809
907
1800
531
450
1500
1700
764
1600
2300
930
165
2800
980
6400
2000
3000
2600
1200
859
795
3000
8900
4500
1100
920
5900
2500
1700
1100
1300
1700
2600
4400
3900
1500
8700
20200
6000
977
1100
1200
2600
9700
1400
6500
507
1500
5200
1400
1700
2900
5700
1000
1400
886
33600
686
3200
1300
872
2800
2500
5400
1400
788
900
851
1800
1800
518
450
640
1300
687
4900
19200
4000
17200
673
1800
5500
1400
1200
975
1600
812
4900
854
124
971
724
926
12800
498
1400
1500
1400
785
1200
3200
2000
1400
1300
5700
4000
1500
742
863
754
907
596
1000
1300
16500
1700
590
998
4400
1200
794
688
1200
27100
3600
1000
39000
2000
1200
797
812
1300
2000
1300
543
5100
1800
1300
826
634
2000
843
1000
1200
1100
930
1400
1200
1800
1300
2200
923
680
1100
1200
2600
4100
1400
20700
4200
835
1100
580
4500
676
935
1200
2000
5700
2100
11500
932
891
777
1700
1400
1000
568
960
610
2200
17300
845
1300
1000
1400
1800
5700
1200
495
830
1200
2100
461
3100
1100
909
3100
1100
798
669
913
3400
1400
343
2400
924
64
1200
1200
924
781
1900
736
144
7600
678
1800
1400
1000
2900
2700
852
18800
3700
759
3100
1300
905
3200
2700
1400
2200
6400
548
1200
958
1500
2000
587
9700
1100
3000
1300
845
643
24200
1300
1600
1300
1400
81
760
3600
1100
437
1300
876
9200
1300
32200
864
821
578
1600
2100
1100
1600
23500
20800
952
1900
2900
1400
10400
2000
1300
11100
973
2100
883
2400
906
563
4900
659
1900
2300
656
844
6800
674
1400
501
2100
3400
640
1100
1900
3500
9500
834
1500
749
2300
279
3100
1400
671
1900
763
1300
1000
1400
3200
4000
721
1300
1200
3500
1900
718
1300
11200
759
1500
39000
3300
1400
9300
1600
812
1200
27400
26600
627
932
1300
2400
1500
718
1100
1500
1000
2100
1600
10700
1000
685
496
2600
2100
2500
7800
3400
1600
3100
861
1100
5200
1300
2000
766
1300
1100
1100
1500
855
1200
1400
953
13700
2400
1800
862
1100
1700
3500
6400
1100
2400
1500
3000
3500
7200
8800
1900
1200
1500
644
7100
20500
6200
506
911
2000
3500
3200
4700
1400
10300
11500
1500
10900
3400
3100
1800
4400
842
679
2400
643
2100
881
1700
808
3600
5100
701
980
2000
914
1100
1100
5300
978
4500
725
1700
749
1700
2100
5500
6200
1500
1200
938
1400
1200
2000
1100
2800
1100
3800
1200
7000
1900
4900
2900
1100
181
722
2400
3200
1600
3600
610
2600
1600
5800
617900
1300
6000
6100
1400
5600
614
525
597
3200
873
1100
8500
1000
2400
1100
1400
228
1100
746
1400
11700
1300
2100
4700
2800
924
16900
10100
2900
528
11000
3100
928
2400
7400
947
27200
956
1900
1200
7900
911
3700
806
8300
1800
1700
6000
65
3000
923
447
3500
522
2400
1400
916
644
959
1500
955
2300
1200
2700
1100
566
1100
1800
1700
1300
18000
716
5500
1100
2400
1000
3900
2100
5000
865
998
2100
1300
965
3500
2800
3000
1300
1500
519
1800
1400
782
3000
1800
1300
6600
1600
1700
10300
5300
3900
47300
755
2300
1000
1000
499
1800
840
696
3400
1400
3100
1300
939
789
4800
756
1700
844
978
862
2500
1300
1400
798
1400
959
1600
794
3800
5600
1100
1100
661
7000
1100
3200
1600
817
2900
1300
1300
1700
1200
806
1100
2200
2700
2300
718
2400
1200
532
1500
1800
1300
1300
787
1700
439
3300
7000
917
1400
790
23500
1800
775
1200
992
625
1600
1300
2700
527
3600
3900
7800
635
8300
1300
3600
1400
2600
3200
896
1900
1100
1700
2700
24400
8500
802
625
888
6000
2500
1700
3400
890
9300
4200
628
5100
1500
580
1300
846
2700
2000
3600
596
1300
34100
1300
1400
411
1100
3900
1400
1400
88
717
5200
1700
841
757
1800
1200
377
1600
716
6900
2500
1500
738
1100
3300
825
703
3200
1300
3200
568
1100
824
5100
781
20000
2600
813
1000
1400
1100
1800
1200
2200
2100
911
1300
5600
36700
677
2100
1300
9600
1000
6900
4100
825
2000
2200
6200
6500
992
873
787
1200
1700
1200
1200
1400
1500
3000
657
3100
2000
2300
471
4000
542
472
1900
4600
697
736
2300
881
834
5700
2200
1100
2500
918
684
674
946
1000
2400
1700
997
7600
1000
910
954
1300
10200
42300
2200
1100
1100
813
582
1300
7100
7400
1800
3300
1400
18800
696
1200
2200
18700
1400
2700
1200
1600
831
604
9900
740
916
3600
990
2300
1500
5800
1300
2100
429
862
9200
6700
1800
985
10000
968
462
3300
1900
4700
471
3500
976
386
1500
983
16200
2600
1100
3000
2200
1100
1200
1300
618
5300
515
1100
4000
2800
1100
9900
845
12300
11200
1600
23200
85
1400
749
18400
1100
1400
2400
1300
2300
896
935
1800
2700
1900
2600
1100
4900
6500
906
1500
1200
6200
2800
822
473
923
630
986
1600
12300
1500
725
1000
2800
891
2800
1900
575
6900
12700
810
602
4200
1600
1700
2400
621
1100
1200
3700
5500
1100
1200
523
13700
2400
1300
1600
22100
29600
4800
22500
1500
1500
11000
1000
1000
3200
2200
2000
909
12800
965
2500
1600
1100
2400
2300
2100
1600
2900
764
2500
1200
612
6100
1800
643
1100
2100
2300
1900
961
1200
1800
483
1600
2400
1200
5900
1400
1800
804
1000
1500
1900
1100
5500
403
2000
3000
783
5000
2400
1000
2100
1800
4300
2600
3800
8800
1800
2000
1200
6500
5800
3600
14200
676
1300
2200
1000
616
616
1300
3500
1300
895
16700
771
823
1900
1300
1100
2000
692
2000
1100
2000
10400
1200
2900
7400
1600
9600
1200
1900
4900
1200
2200
1400
900
2200
3900
937
9300
1100
962
1300
1300
17000
1600
791
1000
393
1000
1200
1500
672
1200
1800
5800
4100
3900
800
1200
1500
1100
2000
1000
1400
1000
832
395
760
1300
2100
797
798
2800
4800
4900
907
2000
6100
1200
851
944
2400
1100
1500
2700
8500
2000
1000
2700
3100
5500
1500
1200
10100
1500
1600
944
928
53200
981
994
561
490
583
1500
5100
1900
2300
241
601
2900
2500
1500
8300
4200
639
7300
25200
8300
5800
4100
826
2700
1400
1800
11100
806
1100
813
6800
1100
449
3500
5300
1300
10400
1100
524
419
744
17400
753
5200
785
1800
663
3100
811
3700
707
1200
2200
1200
622
1500
1400
2300
14900
2000
4900
865
2100
1800
992
1200
3000
4500
615
2800
8000
2900
4100
248
1500
811
1300
52
916
2400
1100
5100
20300
1800
811
1100
3400
2500
2400
2800
4700
1400
1500
720
18900
20600
875
2500
1600
1500
1200
1800
11600
827
977
2100
761
1700
1300
1500
2300
5600
2200
3500
1700
2300
3900
1100
711
2600
3900
7400
10000
727
1200
786
1600
1200
974
489
1200
703
4000
7500
577
2200
2800
1100
1000
1200
1400
3700
1800
687
714
858
7400
1800
1100
2100
529
1600
870
1400
950
989
964
816
4700
384
881
917
929
510
609
2600
4600
1500
4200
5500
1200
4600
6200
1100
3600
3000
2500
938
3100
1900
745
3100
724
762
7100
980
726
4500
2400
2000
840
924
3000
835
2300
3100
1300
628
836
8500
1500
12900
2900
2300
1800
7300
12300
809
601
1500
2800
43700
775
13400
864
967
974
3400
2900
11900
764
1000
878
1400
778
1100
1000
930
546
960
692
856
1600
6400
5200
945
1500
1100
602
1800
879
1400
1600
830
920
1200
1700
938
607
1200
2800
16800
7600
511
973
6900
1600
3200
998
1000
2300
1800
1200
968
925
1100
1300
791
7400
3600
1000
1300
898
4900
1100
1400
1200
1900
958
2200
1000
3800
646
1200
10200
684
2300
1500
3200
824
899
1100
652
29200
971
343
1100
1100
1200
2300
5100
1800
697
1500
2700
2600
2000
4100
180
2000
3200
887
2100
380
2600
7500
4000
1200
2100
4500
1000
2700
1800
452
741
916
970
835
4200
1600
1000
4300
1500
824
1200
1200
1500
8300
1600
1700
18800
5200
917
23200
411
754
2000
1100
1300
1900
3000
1300
1200
3400
664
1100
8400
1500
1200
1100
15000
18600
976
620
1300
788
798
4600
2700
1500
932
3900
8800
1000
615
1800
998
4000
2000
971
13400
6800
1100
1100
898
4500
461
1600
1200
3300
8300
1600
3000
18000
1100
3900
474
9600
1700
1500
1000
1600
1200
30300
1300
1100
867
1000
712
865
576
2500
1900
910
1300
2200
873
741
664
778
2300
1900
784
706
3600
735
1400
859
829
725
16200
1600
1300
1800
4200
1000
4200
2400
1100
957
1600
1200
1700
1500
770
751
2700
703
373
4300
1900
2300
3400
915
580
1100
4800
1700
1700
3600
572
2100
14900
2900
963
4000
1800
1300
1100
2700
679
4600
545
765
884
2400
2400
2500
4200
2500
2800
1700
733
16800
4200
859
626
2200
2100
1400
2100
12300
1200
2100
1100
1500
563
1300
1900
1600
8700
1000
1600
4800
1200
2500
872
2200
1600
1700
1100
854
2600
1400
9400
5100
1900
2800
1700
945
966
1200
1400
900
3600
424
1100
1100
442
786
582
5400
1400
2400
735
620
1000
903
9900
1600
2300
1100
698
1200
898
1400
1100
463
1400
974
77800
86200
2200
1200
1300
14400
1200
659
852
1400
1600
1000
808
1200
1100
18400
1000
923
1700
1800
2800
609
12200
2400
1000
1100
1500
18700
1200
972
2300
2100
1600
1400
1200
454
404
1400
2000
1100
912
532
4500
3400
1300
11500
1800
6100
1600
1600
3800
200
1100
846
1100
178
2700
6200
2100
1200
2200
1700
3100
2000
48000
742
769
568
598
917
2700
1200
17600
2300
1200
901
1300
7300
4800
560
1000
805
1300
2900
96100
1200
763
2200
974
2600
22000
3800
721
318
1400
999
1800
1400
2200
862
1100
1900
1100
2400
1300
4400
795
1300
1400
3300
12300
1300
1900
905
3500
870
1800
798
3000
789
10000
995
1400
4600
1400
654
936
778
2200
1400
6100
2100
2000
9000
5000
2400
1600
4200
1800
1300
8200
12400
4600
1300
2600
938
4000
6200
1200
806
4700
4100
3200
1200
2800
519
1400
16400
1300
1300
1000
702
1900
2500
1800
1500
1400
11000
1800
12300
4600
1900
1200
1100
3800
1900
548
15200
3500
1700
1900
3400
3500
2400
2200
1100
552
1300
1500
1200
2100
750
1400
791
3800
964
751
866
2300
325
5000
2700
1100
1700
1600
956
4400
7700
685
1300
658
887
1400
5800
10400
960
1400
1100
2800
2700
955
931
1300
1000
1100
2000
2400
658
1200
1700
1100
1500
3000
807
10700
2600
1200
902
937
1100
2100
1300
1600
1200
4100
5100
1500
12300
1500
7700
908
1900
1400
926
698
1200
645
708
3300
2800
890
811
1900
500
2900
966
7200
627
3000
4500
1400
4000
2100
878
1300
820
2200
1200
1100
2600
2500
2300
1900
1700
1300
5700
749
593
1000
2100
942
972
1800
1400
1500
11400
1600
776
768
1000
1100
1100
7600
5700
1000
2600
2800
1700
1100
929
1800
7400
20000
1700
21400
6400
1100
1100
2300
1200
4000
3700
1000
1100
707
1600
1900
1200
11800
1400
1200
1300
1000
538
2800
26000
1800
1700
4600
5500
2600
1700
776
1800
712
597
711
464
1000
1500
574
537
1400
5500
811
1400
2600
1100
1100
2400
2900
1800
1100
1500
1400
450
1400
4500
1100
1000
857
1900
2000
2300
2400
649
2600
1000
3200
45100
1300
2000
2100
1400
3900
1800
1000
4900
4000
5500
227300
44800
1500
972
1200
32200
1700
3100
1100
942
793
2400
4100
983
532
1100
803
1100
542
837
564
7600
1200
3400
503
2000
1400
7600
932
2100
1600
1700
934
2300
11600
2200
1200
5100
7200
828
18100
894
3000
1700
5000
843
96000
2600
1200
39300
1600
1400
12800
968
2400
1000
1200
6500
1400
4500
989
802
1000
2800
2400
850
1100
3400
2100
3100
3700
1000
3000
1600
7800
987
2900
16400
2300
430
7800
3400
33900
10000
2300
1200
2800
3600
1400
1100
665
2000
735
3100
1500
956
2100
1300
1500
1300
2800
1300
1400
3200
2600
625
3600
974
2400
2100
1600
1100
5100
8900
1800
1400
49000
2700
1700
3000
2400
1300
7800
712
1300
612
1500
30500
3100
802
2000
2100
965
1000
497
1300
2400
7700
1200
474
1400
1900
1900
774
1000
682
2900
985
1300
2700
1200
2200
2100
1800
1500
1200
6500
941
2200
579
828
1400
755
703
2100
982
2300
5000
959
1600
1900
2800
3800
1700
1100
2100
1100
2200
1900
6900
2800
1200
1200
3200
883
1300
914
1100
2600
13300
2700
959
1200
1500
1800
714
3200
842
5200
959
2100
947
750
569
1100
1200
2500
1400
6500
1200
2400
5300
1000
494
1600
1100
15300
592
1500
1200
2400
1600
8200
1800
674
1300
766
2000
1600
710
4600
1100
2200
1300
979
865
825
885
7300
1500
1100
2000
683
513
1500
1600
906
1600
4200
1900
5800
737
1100
646
852
787
4400
2600
589
2200
1800
2100
892
935
1500
1200
502
1400
1600
2300
1600
1200
985
16200
996
1100
1700
867
955
7200
777
1900
981
1900
1400
672
4900
1000
1000
1400
1400
756
658
2300
3500
2800
649
1400
5000
2300
2300
901
1700
1500
5600
985
12300
1700
1800
428
5200
700
1600
518
1700
4900
833
3200
807
1200
3400
1700
1500
680
1000
794
7100
975
1100
5400
14400
1500
2700
3600
1200
2100
1200
658
2700
1600
97
6600
1900
980
1200
790
3100
1400
597
708
6700
755
908
950
12000
2100
1200
4500
860
1800
1700
1000
1500
827
2800
1600
970
106400
965
646
3200
1500
4100
2400
1700
9000
2500
1200
4600
46100
2700
759
1500
564
600
833
640
1600
2100
1700
536
