3700
753
477
1400
1300
5500
673
795
783
23500
2100
1200
1300
1200
4800
801
2200
1700
3600
12800
510
834
3000
877
1400
808
1400
1900
4600
1300
6400
20600
17800
743
4400
2500
1300
5600
1400
108400
722
926
706
928
916
1100
790
10900
963
1700
1500
3000
4000
6100
3500
802
9100
6800
3700
478
1800
1400
1100
488
1800
461
16700
2100
1300
1300
1900
20000
1600
13800
27200
1500
1400
4500
560
1200
811
1300
1300
2600
1400
1100
3100
1000
5600
6700
1500
2100
1300
1000
649
3100
1100
634
1500
6100
5900
1300
1100
2600
1700
1100
1400
11200
1500
2300
776
448
1000
1500
483
6800
1300
973
639
675
1600
1200
429
750
1400
2500
1900
988
1600
4000
717
917
1300
4200
587
1500
7700
863
3100
1400
439
2000
7100
877
557
1500
1200
1700
1300
1100
51500
613
5000
1200
3900
1200
7300
441
2500
942
602
1300
876
970
752
628
765
1500
2400
841
791
960
2500
1100
2600
1200
601
2900
1700
4900
13900
545
847
1900
1600
1100
2000
1200
5100
2300
1000
2500
2500
1100
1600
4900
415
1200
723
791
1300
992
361
6100
1700
843
3100
787
11400
1600
828
2600
1600
862
1100
817
2000
3000
20300
1100
3100
774
1500
753
705
15000
1600
998
29700
925
1900
1600
3500
2400
1300
891
57200
1200
1100
9000
924
836
3800
3500
8200
1100
2800
585
1000
1400
797
1100
1400
4600
1600
693
732
2300
5400
3000
1100
1200
8300
1700
1500
1100
4200
974
2500
969
8300
1300
4000
6400
3600
1200
743
4100
1600
1200
1100
1100
17000
797
825
1500
3300
1400
1400
6200
1800
3600
496
650
1500
1000
1900
1400
1400
2000
1100
1400
3400
1600
1200
885
854
1000
398
5500
4800
1300
1600
1300
905
2300
1900
819
922
1300
8400
2200
318
1800
7300
2900
1100
495
2700
895
1300
4700
1400
1100
1000
15700
1300
1800
10100
572
3300
3200
859
1400
913
858
716
1100
1100
5500
818
660
3100
606
4300
1400
3000
841
796
679
4200
1100
898
1300
1300
1200
1300
1100
1100
7800
1600
1500
1500
1400
1400
1600
1700
1800
1300
913
3200
1700
2300
1100
973
1400
3800
1100
1600
2400
2400
2000
1800
1300
1900
872
8500
14700
2500
2400
5200
251
701
4400
1000
738
771
1100
3100
14300
1100
9700
865
1100
4100
1900
10500
5500
1100
560
1500
2800
4600
1200
1700
983
2400
2300
2400
1500
1100
912
914
635
1300
1900
1400
1300
1700
13800
322
787
1600
1000
2000
2100
7700
2100
1100
1200
1500
1200
952
2000
735
24300
3400
1200
4400
2300
2900
3500
3800
31300
22300
7900
644
1700
877
2200
3600
1100
886
1100
6800
838
3200
612
1000
1300
794
748
8200
826
1400
4400
720
1700
1100
1300
1400
754
1000
816
3400
4200
698
1200
871
1800
1400
13000
1300
1400
1200
1300
497
1400
739
7500
1400
1100
25200
1700
7500
1300
657
2000
1000
8400
381
1100
1100
1100
1000
907
1600
2300
1300
607
991
837
2500
1100
4000
5800
1200
3600
3100
1500
3200
1900
1100
1900
943
2200
934
648
801
1100
4300
1700
889
1600
3700
2100
17100
1500
908
1100
1300
947
928
4400
6400
1400
12400
11900
488
2700
450
1400
1200
1300
1300
869
2400
2500
717
1300
563
2500
3100
6900
623
800
1700
1600
2000
2100
2900
8800
1100
670
1900
851
1900
23700
3200
709
1600
2400
2900
9700
3100
18800
2000
1700
1600
2700
2200
3600
963
1700
787
1900
1000
1200
1200
5900
1200
716
1700
1800
1200
777
1000
33800
930
1500
2700
21200
40000
1100
2300
1300
6200
1900
3100
690
941
3200
7500
685
643
1800
4000
1100
1200
2600
799
2000
1300
2400
699
2300
1800
15500
1300
527
1700
872
1400
2500
3100
3000
658
1300
1600
808
1300
1700
2000
4800
980
817
837
1800
803
5800
1200
424
2000
1000
1100
969
3800
3100
2100
2100
1900
1000
1600
818
2000
681
1200
1100
576
2200
973
748
1100
2800
2200
498
1500
1400
2600
1100
801
523
954
949
4800
758
1200
3100
2600
6200
3800
1900
1700
757
853
1300
3200
1100
6500
992
2100
5000
1500
6400
3200
975
19300
995
2400
10400
980
959
2000
2500
941
23000
883
1600
1100
1400
1500
683
1100
2300
537
1800
1200
88
1100
1400
1300
850
4800
903
4500
1100
20900
885
9000
1400
2300
723
1500
3700
1300
1500
1000
5600
4300
1500
765
730
881
1200
5200
2600
1800
589
897
2900
1300
719
1300
1400
762
3500
1000
9400
1500
5900
40400
2100
14900
16600
755
947
469
12100
1500
1600
1800
1900
844
1700
5100
798
498
6300
682
731
2000
3700
620
851
2100
486
1300
8800
883
920
1100
1100
3100
1400
1800
1500
4900
3700
3500
638
1700
581
612
164
854
1900
22800
4300
4700
1100
3500
19300
865
3000
951
1400
7300
4000
701
591
2200
2800
1300
1300
787
1300
2500
7900
1800
1100
945
1000
1600
1100
966
1300
6600
1700
2900
5700
1800
928
1700
1200
1400
1600
1400
670
1100
1300
1000
4900
3500
1500
828
7600
25000
5500
1300
734
601
2100
2000
807
1200
2200
1900
4200
3200
786
940
3900
72900
805
813
13100
583
399
1200
6500
1400
1700
796
1000
2500
2000
2900
3900
1100
2500
752
2900
1200
3300
1200
1500
16800
1800
705
4600
4100
1100
1900
754
914
1900
675
1600
679
2900
1200
12900
786
4700
11400
1200
1500
1400
1400
701
3200
1800
2200
923
4200
885
900
1000
2100
976
2500
3300
1500
8400
6600
948
919
2100
1900
1000
1100
2600
952
1200
12700
1800
2600
775
1700
1500
1000
939
887
414
4500
33400
722
7900
7600
1100
2200
789
1000
6500
611
6300
687
20200
8900
843
1400
835
1400
2000
4600
845
1600
1500
990
16100
2600
4400
3500
14800
559
1100
1400
2700
6000
2300
959
2800
2200
591
7800
6000
130
3300
2200
820
1800
4000
27500
565
1200
914
1400
1600
1200
675
583
866
721
1400
9900
13000
702
1100
2800
550
1600
1400
3500
1300
4100
1100
4300
5600
723
3400
1600
1200
1800
4200
1300
2500
817
420
1200
2100
9200
9500
1200
4700
2800
4700
2600
1300
35400
1200
82
1300
6700
1200
926
1600
873
2200
39500
1700
2100
17000
2200
5300
71900
2900
2900
1800
4700
1700
1300
701
3100
1200
1200
842
31300
988
959
54600
1300
1500
1200
2300
583
838
6800
1100
2000
1600
2100
1000
7800
1500
1400
633
2500
3000
1300
726
1400
2400
695
1900
1300
4800
1900
656
895
2100
1100
1300
417
1400
1600
3500
928
3000
953
741
2700
2900
2300
885
1800
3200
979
2500
1100
1200
9700
3900
936
8000
1300
3100
943
6900
2200
2700
3000
711
723
464
1100
2300
1400
966
1800
1600
4900
2400
3500
532
5600
8200
2900
3400
826
3800
733
1500
368
4200
4200
776
8800
7900
2300
942
1100
1100
7000
2300
550
1200
1100
694
438
2600
1400
832
2200
933
1000
2700
3400
4300
690
5200
306100
3500
694
1700
1700
753
2000
2000
924
879
2100
1300
1600
609
2500
1100
3800
759
1200
8200
836
6500
1000
1700
990
4100
2700
828
860
3700
1500
1200
1200
887
885
9000
2400
1200
2600
200
832
846
748
4600
1200
1800
806
511
1400
6900
1300
399
1100
803
5000
1000
2400
1600
619
29200
2800
1600
1700
826
612
760
104100
4300
1600
1300
712
2100
1800
2100
976
1500
1700
525
1600
1500
1300
738
10200
1000
1100
5100
3700
1500
1400
2700
592
4800
1500
21400
3500
1900
1200
1300
713
808
756
2600
653
697
1100
855
3400
2100
1200
1100
10500
2700
1600
1400
1200
813
3100
11300
715
825
562
2900
1300
2800
980
4300
1100
1900
1000
496
1400
1700
2700
22000
1700
1300
1200
12400
1200
804
1400
637
6400
843
1100
901
541
1100
2800
1700
1000
1600
192
5100
1100
781
817
1800
1400
1800
2800
675
1400
1500
738
5100
956
33800
5600
20700
910
836
2800
952
895
3300
3700
2100
633
1200
1000
8200
997
3700
3300
1000
1200
599
1100
2400
778
1700
2400
2300
2100
3000
1000
1100
1300
28000
1600
1200
12400
4200
1100
2500
2200
1800
963
900
6200
644
1500
962
1200
1000
968
1200
2200
1900
441
2300
838
1000
3300
1200
451
731
1400
1700
3900
870
1100
556
799
4700
1600
917
1400
842
902
1700
2000
664
1200
1000
1000
11000
1200
835
1100
2900
1000
1100
1100
1200
2300
47300
4200
970
1400
1900
1700
1000
6900
3000
6800
95300
653
981
690
796
653
852
963
1000
618
1000
3200
945
1000
551
2600
1100
1400
856
8100
1400
670
1000
1100
5500
4100
5200
894
5500
1100
925
1500
1800
496
1000
1600
2500
4500
7300
2100
1500
906
644
705
977
11200
23700
870
5900
1200
529
2100
1900
1000
871
622
4800
594
17400
1800
1500
1200
2800
522
3800
331
902
1700
1100
1200
955
1000
1200
945
834
1800
1300
1200
558
1200
1600
3400
1500
1100
801
1300
1200
1100
1400
1200
1400
977
2700
1900
1500
3300
591
1600
1800
919
917
547
1300
2100
1300
3400
1200
1100
1500
622
2800
8400
1300
2500
2500
1200
1600
825
1000
1600
2300
32000
1100
1300
6200
6300
1200
1300
4200
2900
3700
1600
856
2100
957
2000
3100
755
879
742
971
3800
1300
816
1500
6200
410
909
1600
1300
1100
1300
1800
1900
890
457
5000
1100
5500
3300
1600
1000
3400
1300
716
2600
10700
802
4700
2100
2200
897
1400
296
1700
1000
709
731
1100
1800
1700
992
6700
2000
3300
510
1400
479
3100
1300
1600
1100
734
608
1700
5600
919
1200
1200
1800
2100
787
635
1100
4400
3400
2000
1100
1300
11100
475
949
4300
575
1400
1400
23600
2100
1000
1200
742
776
2400
797
2400
1100
2000
1900
5900
1500
1200
1100
6700
2700
1800
4500
2300
1400
1200
899
2100
1800
1500
759
4600
1300
666
2900
1200
958
1200
6100
2300
3000
4100
1100
1300
887
1900
5000
709
19800
2600
909
1900
1200
2200
749
3200
3500
346
1400
1300
7400
2400
768
1400
1300
1200
906
837
809
506
1700
596
891
944
1000
6400
840
5000
1200
928
769
1200
49
771
1100
2400
2000
1500
2600
2900
20400
3700
1100
3300
5100
3000
849
1200
4200
12700
19100
1300
2400
757
1400
1200
1600
888
1100
821
900
1100
6200
9100
1700
964
2700
1200
4800
1200
967
612
4300
2900
1200
18400
2200
1400
862
2200
1500
1100
950
2400
1000
1000
17400
1100
1200
895
4800
925
1700
1500
5800
975
992
1300
878
1300
3000
1600
6200
485
5800
1100
1900
878
900
1000
2300
3700
717
937
914
398
2600
1400
818
783
1300
1100
2700
575
3500
2400
636
420
920
665
375
1100
2600
3100
151
662
2700
2700
1400
1300
925
791
2900
2500
874
1700
1500
1400
926
1100
731
1200
8800
5600
3800
70800
7000
1800
1000
2100
883
1500
1600
2100
780
1200
919
6900
38000
878
861
1400
7000
1700
9100
1200
1500
1400
779
1100
1100
742
4300
8500
1200
2000
811
856
2000
15700
5200
1700
23800
1900
6400
874
3100
1400
16800
1800
6900
5800
1600
3000
1500
745
2200
1200
980
4900
7000
4200
15900
920
6300
1200
2000
6900
3000
1200
1000
594
1600
3800
1900
1100
938
18700
1500
705
605
5200
1600
3700
1700
817
3900
2200
1100
524
7200
933
4300
2300
774
2600
5900
2200
1400
1000
2000
3900
2000
1600
1600
1500
6500
858
2400
2100
8200
688
960
906
1300
3300
1400
485
1300
1700
490
990
2200
3700
1400
898
4400
3300
1200
1800
1700
823
62300
976
769
1900
12800
2800
827
595
752
983
1600
9700
1800
4900
711
3400
1100
1200
864
1100
8800
2400
1800
1600
1500
382
2900
8000
810
726
5700
2900
8700
2400
6800
895
8200
5700
862
1200
791
1800
1500
2100
812
1200
9700
871
11700
5200
2100
5600
1600
1100
1700
5100
606
1100
1200
1400
1300
2900
4300
10900
998
662
707
1200
30000
43200
4200
488
778
2000
1200
968
2200
860
1200
977
1700
2300
1400
1900
1000
836
12300
512
1200
2600
980
4000
984
696
1200
1300
1100
1800
2000
946
8300
1400
3200
833
781
704
1600
977
1200
18100
2500
2100
1500
771
1100
914
26900
4400
2700
1100
1800
3600
9300
844
777
10700
1100
4700
877
1700
980
1200
894
1900
1500
587
2300
1800
1400
6500
495
634
7500
13700
2000
1200
1100
6900
13300
1900
4600
818
946
862
11700
2000
960
2200
1700
9900
675
1600
3200
753
2500
1200
1400
1000
1600
1300
1100
2100
3700
1100
2300
11300
738
1400
870
1300
983
916
2500
982
929
980
402
790
3300
1300
974
7200
2700
756
7700
949
1000
939
4400
2400
2600
1600
1400
1800
1100
872
3800
1200
1800
2100
927
2600
760
1900
5800
3500
1600
1400
2000
987
939
2200
1300
1600
1300
1000
3900
1300
2000
1400
4300
962
940
1100
2700
4000
1100
1200
438
798
2400
10500
981
1400
6100
1100
8800
2900
959
1200
1400
1700
1100
1700
811
9100
5400
2300
2900
821
2000
2900
468
1600
1300
647
1500
1000
816
847
6200
1400
5100
3700
1500
3800
1100
1100
964
802
945
764
1100
6900
875
346
4600
1700
8800
728
910
1600
4100
3300
501
3400
1200
1400
404
87000
693
2200
2200
2800
2100
2300
6500
1700
2300
3300
635
974
532
5700
1000
870
1200
350
1900
577
1300
1500
2200
998
791
1500
950
726
3000
1200
670
4500
8800
1500
1100
16200
3500
1300
1600
12100
1500
1100
921
4300
573
1900
4200
1200
687
13200
2700
1100
1400
6700
1200
2100
1500
1600
1000
1400
2200
2500
1400
1800
835
1600
1400
597
2500
2400
1100
2800
4100
8300
1100
945
549
2000
2100
810
1100
3200
5100
726
1600
1100
4100
3000
1300
1400
886
4000
6200
1000
941
1000
1400
849
533
728
1700
1700
2300
1700
1400
5500
8000
1900
1800
659
4800
1000
703
476
791
1100
5100
5100
1100
5000
634
16500
11100
840
1100
507
994
4400
878
1100
2000
1800
974
1300
1100
2400
3700
966
1200
19200
3900
1000
812
535
1400
951
945
1100
1000
1500
1200
1200
25300
1300
1400
1600
832
1300
1900
1300
726
889
987
1200
663
15000
3400
913
1800
1100
6800
699
659
7700
2200
2100
644
4600
784
1100
5200
2300
686
43
1800
761
3400
1600
2300
4800
1200
2900
1300
12500
3500
390
950
1800
2700
2400
1400
867
3100
1000
593
1000
2600
10400
3400
978
2000
844
12100
14300
3700
879
689
1300
929
560
1100
1100
1600
1000
2100
1300
9300
1100
2500
6500
2100
739
2000
753
1600
1700
821
6500
2300
1300
1300
1900
1600
2500
3900
3800
2600
1100
7200
1100
1100
2000
1200
776
791
6800
2300
1200
2300
994
724
3300
1200
726
1400
1100
843
694
934
1800
747
3200
2100
858
1200
12800
690
602
11800
1400
4100
1400
643
39700
1900
2600
6500
1400
3600
9300
897
4800
5100
1100
448
1300
1200
697
741
918
10800
2000
2000
672
854
588
2200
1400
1700
2800
821
9300
8200
932
814
2800
4100
1000
1200
2500
2500
1100
2500
2500
754
1700
3400
1600
464
787
1200
497
6500
958
15400
2000
447
726
1900
566
737
2200
1300
1200
221
2900
2200
1400
2000
5000
1400
384
3500
11500
674
5100
1400
1300
1700
1700
992
725
639
2200
5600
13700
21900
3800
983
543
834
1500
895
635
5200
1400
479
89
6700
1300
1500
1200
5000
1100
618
13700
748
1500
749
2800
1500
1100
2500
2400
950
1400
921
1100
1400
959
1500
1400
5700
12300
5800
2500
8900
6400
1000
545
2100
7400
1700
898
899
656
1000
737
768
8100
1700
1000
1300
2800
677
2600
714
1300
6200
1200
5300
928
616
1800
5800
3200
1100
15700
924
2300
1700
1600
15000
2400
1200
2000
850
1100
2300
1800
1400
901
1800
57000
2600
2900
1500
2600
996
2400
1400
604
1300
638
1500
11000
6700
3000
561
1100
2800
1100
1000
3500
747
12800
706
4500
926
1100
2700
1100
1500
5400
5000
1700
745
907
1300
3300
10000
5100
3000
9300
998
1400
8600
1200
2200
232
2000
4400
3500
1500
1300
977
888
656
1300
650
5200
740
824
2100
7500
4800
810
31100
1500
1200
7100
1500
1300
4300
313
1200
1200
954
4300
15400
2600
770
3400
513
2100
4800
3100
1500
827
32500
1500
2500
2500
3000
966
10800
1400
5600
1700
606
6100
12200
1400
5100
24100
927
1300
3800
39000
789
852
1100
1500
1500
1300
492
5800
1400
1000
4500
3200
3500
809
1100
847
2200
5500
744
1100
1000
1100
1100
15200
1500
1300
1400
752
2800
1400
14700
2800
723
3500
2100
1200
1600
541
4800
1200
378
1800
2400
935
4100
2700
893
1200
3200
4200
861
791
1300
1600
1400
739
776
10800
570
1400
2500
1400
1100
2400
4800
2300
3700
701
845
4200
1100
1900
2200
4100
2800
9100
1200
2700
1400
1400
868
17100
1300
969
2600
2600
3200
766
2000
2300
506
1400
860
1000
1900
7900
774
1600
5800
1200
17700
1900
1400
1500
1600
1300
1000
766
1600
9400
2900
3900
545
2900
1500
4200
2500
5300
13300
716
1400
1100
9600
782
11400
1200
682
1100
1500
2600
896
573
37900
849
819
368
5600
2100
1800
2500
1700
4600
2600
833
1400
972
987
556
4700
1200
584
693
1100
844
3600
3800
1100
6300
770
932
1200
1300
12000
812
1000
2000
8300
850
2900
967
3900
21000
3100
937
1300
1100
1500
596
710
3400
714
1300
1400
664
1900
1500
1200
1700
1000
4500
3400
812
2700
1500
26700
787
491
2300
1400
2200
1600
3000
2800
5
1500
805
571
473
19900
744
618
1600
1400
1400
489
1900
712
877
5700
4900
1000
1600
1900
1200
865
766
891
1300
550
12500
16900
2500
1300
9600
545
551
15900
1600
1100
13100
1300
1400
626
5500
967
1200
1300
1300
821
4800
6300
1600
2600
7400
1600
1300
1300
1500
910
2900
1400
1500
2100
785
478
1200
486
2500
4000
5500
1200
6700
6400
955
5700
1000
1800
1300
1500
767
1700
1300
3300
1400
1500
1600
699
2200
359
4000
1000
7800
1500
894
2400
632
7400
693
943
5200
18100
3200
573
6300
5700
1800
7300
5000
1300
3900
1600
1800
1100
3600
2100
963
723
754
1800
976
2700
1600
1100
381
1700
81
822
952
2900
1200
1200
3600
1400
1200
613
687
751
7900
1200
1400
854
495
1700
685
685
553
2100
1400
1800
3000
1300
4900
881
1300
30500
1100
1200
1300
1400
759
619
1300
569
828
6700
598
924
689
1300
15200
627
24900
1500
2000
2700
895
789
1000
2600
1600
1300
1200
706
920
3900
2900
1100
2300
2100
11000
835
1800
903
1100
2100
440
20800
1200
5300
1800
1200
1800
15300
3800
2900
523
641
986
1100
731
1500
1900
3700
699
4500
1100
1700
732
4000
999
1100
653
12000
4500
580
2300
937
1500
900
2600
657
1100
2200
826
1500
1100
2300
12500
1100
2900
969
4500
2000
455
1800
2100
3200
2000
1800
57100
1700
687
1500
1300
2200
820
1500
859
1800
1800
1500
3000
248
665
1200
3200
1700
542
2400
1300
536
2500
4400
595
857
1100
1400
402
11000
2500
3100
775
2700
4600
1300
2400
688
2800
3600
816
1600
6600
1600
519
1000
1100
2400
1900
8000
1300
1500
1300
944
955
633
11900
440
2300
2100
2000
747
488
1400
852
560
22100
308
2500
1100
1100
1200
1100
850
1600
6300
1400
597
566
993
1700
1100
3300
679
10200
1900
2800
1000
1600
4700
601
1300
5000
710
888
1600
5700
570
16400
899
2300
1100
3600
1100
17900
2600
46100
805
876
1400
1500
9500
1600
677
1900
483
1500
842
884
2800
1200
1700
1100
4600
3900
2600
5000
56400
2000
590
1200
7600
2800
1500
1700
1900
1600
19000
1800
622
5500
2600
1200
5200
1200
7600
812
23100
755
3700
1600
3300
682
10200
1800
2500
1700
1000
387
2000
1700
2200
987
2000
590
53800
21600
1700
1300
801
614
1100
1900
14600
3400
2600
1700
1100
44100
723
1100
750
816
1100
3200
1100
799
1300
1700
481
1500
2100
590
16700
1400
2100
1300
1700
1500
5400
698
1200
7500
1600
2200
1400
2300
981
3400
9500
3000
538
540
863
733
689
1200
914
19900
8100
1500
717
1700
6400
1500
475
923
3900
3500
4300
665
1200
3900
821
3700
858
689
611
2600
1500
950
6200
513
2500
1500
531
1400
1300
9100
4200
651
1500
5700
2200
6600
8200
9500
1100
228
834
6800
504
15700
881
1100
1200
1300
1600
2400
1000
4400
1100
1500
9300
257
957
611
2000
763
834
6500
786
7300
612
757
3200
852
787
1000
1400
1300
1200
613
3000
2100
2500
527
1400
777
1300
1100
4800
1700
1700
2200
1600
1400
1400
1200
1300
705
1500
1400
929
6100
1700
4400
7200
1500
5300
2300
7500
985
1100
1300
2200
2100
502
4200
2100
795
1900
1500
1300
690
1300
4400
2400
883
3900
640
1000
2400
3600
1100
1300
4700
886
10000
1300
925
1400
17100
867
1800
1900
535
557
3300
24500
1000
946
1100
2200
8100
1400
2000
1600
1200
116
1900
8500
469
10600
1200
3100
2000
2700
880
916
742
3000
807
2800
7800
3000
1100
2300
657
1300
606
704
875
1400
739
5800
961
2700
980
6600
7300
624
3600
1100
1100
1500
1100
1900
1800
839
1200
382
1100
1600
5400
4700
2300
1400
912
1800
1500
3400
1100
47100
12000
5400
4800
1500
1100
15200
1000
1000
471
1000
15100
962
918
1000
2900
2800
719
1300
5400
664
1400
4400
498
758
1700
3700
382
620
5500
7400
2100
1300
739
22200
1000
1700
704
3900
2000
1400
3100
3900
1700
907
712
1600
1200
856
853
1500
1900
5400
19000
1600
1300
5800
902
1300
712
1600
350
822
9100
649
1300
32299
1600
3100
1200
722
916
2300
1000
3500
4900
829
864
2100
2600
1100
1700
908
3600
2200
13700
2600
1100
1000
4200
1000
887
2100
2600
2800
3300
1400
17900
13000
1100
1200
1300
920
4000
1300
1100
2100
17500
541
1100
5400
13700
1400
1100
967
5700
1300
1500
1100
773
2400
1300
806
1100
1400
4300
1300
1300
1400
3400
2500
658
910
1100
581
990
684
3300
1700
12500
626
1600
2100
4600
286
2300
3000
3700
1600
3600
1300
3000
473
985
932
1300
14800
2800
1300
1300
1200
671
3300
808
1600
1900
838
1400
11300
1200
2600
1400
4200
1600
1700
5300
1500
1500
11900
454
1100
2900
1500
783
1400
830
807
2000
963
1500
7100
1500
1100
1200
1000
1200
1800
1000
780
962
1800
1700
804
795
2100
6500
17200
1100
3800
1800
379
890
1000
2400
1200
1000
30600
1000
1400
755
1800
708
2000
709
1500
1200
5500
1800
922
3000
26800
521
5200
677
1200
1600
1100
861
933
2200
1100
1500
2300
5000
1200
2600
1400
905
2500
2500
357
671
3000
948
1500
1600
1100
1000
1300
1200
1100
2400
1900
798
1200
757
15300
4700
1400
11600
1100
1200
8100
2700
3700
1000
3900
3800
939
7400
1100
5200
1000
7700
1200
1100
966
3300
1200
1100
529
1700
749
1100
4000
4100
820
714
513
1300
2200
3100
1900
4200
1700
913
1100
437
1500
33900
1300
1100
881
1600
704
1400
939
1100
8700
3000
1800
900
1200
897
516
1000
4100
1700
9100
2200
1600
2000
1700
2200
782
8800
36100
1100
1500
35100
806
4600
4200
1500
1400
1300
3800
4400
1800
325
10800
19400
1200
983
1000
309
1800
1900
8100
1400
2200
6700
4300
11500
1500
1600
7100
1800
3100
5200
922
640
675
1300
1400
710
1700
1400
1200
759
1200
642
41200
1300
1400
1200
720
670
809
896
8600
1900
2400
3900
3900
3300
1200
2600
4300
6600
2800
1800
1800
3800
1400
939
1300
787
52700
2000
1100
10600
1100
2900
1300
767
1400
1600
1000
1100
14300
10400
4500
1500
930
2100
693
1400
994
780
3000
1300
2400
855
4000
86
34100
967
1700
6300
1300
634
2600
1200
2900
2100
2400
1100
759
67700
3100
1400
1100
8500
3200
1000
2400
1200
600
606
3000
795
2400
2000
895
11700
2500
109800
1200
1600
824
4600
1100
1200
5700
3400
1400
1500
535
2100
666
4900
1500
866
1500
2700
3600
936
12500
3100
876
515
936
995
4700
1500
12100
211
1000
20800
6600
738
1700
1000
830
669
604
584
11900
655
806
3100
3300
2600
2100
1500
1200
1800
1100
2500
10800
1900
1000
684
5000
2700
8200
2200
2000
3400
1400
2000
610
612
38600
3700
25400
1500
775
3900
1000
8100
1100
1000
807
686
7500
1700
2000
2000
4300
5100
1400
843300
1200
775
9500
1000
3100
900
841
874
3100
2100
5800
21700
1100
8900
1800
1700
1100
1200
945
611
1300
1000
5500
16900
3400
712
5100
868
5800
1500
1000
862
1800
2500
1900
1100
899
2300
1000
1400
3800
1700
824
618
1200
809
2600
1300
858
934
2200
23700
766
279
559
1000
984
1600
250
2000
2300
882
8400
2700
698
1500
1100
857
1000
3500
1400
33100
17000
1700
823
1200
4400
5900
1800
897
1600
1300
3800
2000
912
12900
5400
4300
1700
934
629
4500
3800
3000
2500
1800
1200
2800
781
3200
1900
474
5500
922
15000
1200
606
1300
1800
6900
702
1800
1500
1100
1800
708
824
635
5500
2100
1900
1600
722
751
2100
5100
725
908
1500
1200
1300
1200
19700
1400
2400
1400
1300
1400
1000
1000
1900
504
2800
10000
3400
872
5200
478
678
1000
925
1700
1100
1700
1700
2500
532
5800
1100
16200
2400
688
1000
2300
552
1100
5600
2000
1900
859
591
10400
1300
1300
1100
884
880
846
9900
995
1100
1500
3400
2700
1400
844
4800
2300
585
2700
3900
1600
1100
1600
635
1400
1900
2500
1500
2500
441000
1400
1100
1600
2100
5900
430
933
2100
1800
949
2700
863
1800
548
49
5200
1300
1900
1100
873
1300
13400
874
869
8800
2800
812
20400
1100
972
1200
751
3200
1900
670
11600
1200
1700
3100
4700
1000
2400
1700
1500
1100
2100
6200
799
1800
15200
5800
1800
1100
1000
1700
867
3400
9500
1200
1100
1400
1400
917
747
5200
5600
1300
692
37100
1800
1200
1300
2000
8000
627
8000
1200
1100
978
880
1300
474
3800
735
951
632
392
2200
768
707
1100
1000
2700
1200
6100
1700
1600
936
1100
2000
741
4900
1700
1200
1500
515
1200
987
18800
1900
678
430
18100
687
4900
1000
9900
4200
635
6000
1600
1500
501
66900
1500
1100
5900
805
1400
878
1100
9300
612
4500
679
1300
1400
727
1600
1700
2900
4200
91
1100
7700
1200
1000
497
9500
3200
1600
1200
13700
1100
1100
2200
768
968
3700
847
3000
922
1500
1900
811
1000
19200
1200
9100
983
2100
744
1700
4100
6600
924
1900
442
1100
1200
1500
1600
1500
735
1300
24400
522
1400
1000
146
935
1500
802
579
5600
2900
740
725
634
12500
1400
923
2400
4500
918
2300
1300
1900
824
4000
2500
987
1000
2700
3100
875
2700
559
778
1500
6300
3000
1600
3200
3000
3300
995
496
1900
2600
4600
18900
1100
1600
1300
1200
2800
1800
8800
8700
911
585
948
1200
3500
659
651
758
1600
806
897
4100
474
945
1200
2300
4100
1000
4200
2100
2500
943
2500
691
634
992
930
1100
4200
826
2700
646
944
841
773
985
1600
1200
377
7700
9100
1100
3200
629
925
4600
2300
966
5300
516
500
2800
1200
911
6500
939
775
1700
533
2100
7300
769
1100
2700
1300
2100
701
1500
754
12800
317
809
5300
719
608
1400
3800
1100
2000
548
1300
1100
1800
5700
2700
666
3100
2300
7300
1100
1100
819
5700
17100
744
1900
3900
1100
640
1400
2400
460
1100
3400
732
589
3000
791
1200
3600
728
833
830
16200
2500
976
1600
2000
939
1100
14000
638
3800
611
407
452
10400
932
1400
914
1100
2600
1600
97200
1100
1300
104100
24200
2300
1400
1300
1900
863
629
2200
1300
51900
11500
1600
836
1400
753
1200
1500
1600
936
269
1300
1700
625
560
1500
1300
1400
802
805
1300
1100
1400
1400
927
2900
5100
1000
586
1400
850
1600
7100
695
980
1900
669
7000
3100
629
821
4500
727
627
4200
10300
2000
1400
1400
1700
796
648
512
954
525
4600
910
1200
1700
7900
3200
2600
2600
1000
637
710
3500
1900
1200
616
949
1200
3400
4400
1300
5700
1100
2700
856
788
4300
642
435
4100
517
2400
