1200
2600
823
933
3100
549
719
1200
3400
839
1700
2300
1700
1500
8900
2500
1200
36200
423
632
286
1100
5000
1000
888
770
1300
1700
4600
1600
6800
1400
2300
2000
848
5200
1300
969
1000
1400
115700
2200
622
2100
1800
2300
1800
1700
448
1400
4300
3100
323
1200
818
4800
1300
2100
1600
743
688
1100
788
1000
949
2600
8900
1300
6700
2000
688
1300
2800
1500
2600
983
11300
1500
1100
2900
782
4600
3100
3200
8700
1100
432
2300
1800
1400
13500
1100
2600
1500
2900
1400
1300
889
2900
1600
733
1500
3200
952
514
919
4600
3600
2100
1300
1100
2900
977
1100
2700
5700
1100
435
3900
1000
14600
1800
2300
1100
703
2300
985
41100
4200
1700
1900
2000
3400
1000
602
2400
495
957
840
1700
1300
824
1700
1600
3600
1900
12300
1100
1600
1900
1200
883
3800
875
827
3500
2000
1700
2300
1900
828
13800
1100
1000
2200
3300
740
1300
1400
2300
1500
3700
1400
472
704
21600
870
8300
14800
548
2100
845
860
2300
1000
817
539
4400
710
1200
7200
1300
105400
935
750
190
3000
4500
877
917
1800
3700
488
902
640
781
987
1800
1100
4400
421
3400
1700
608
1000
1000
4600
3200
692
1100
4900
522
26300
630
869
774
1500
3100
1700
1100
7500
2000
638
1300
4900
994
1200
3400
19700
642
1200
1500
651
716
1100
2100
800
4600
1700
2100
4200
2800
818
4800
565
3300
906
4000
2300
1100
510
844
993
735
1000
1200
1200
1200
1500
1500
1100
7400
1100
4600
4700
998
3300
1800
3100
2400
7000
1100
1300
765
1300
596
1500
3600
840
1200
17800
823
31600
2200
866
526
1000
7700
17600
5100
844
524
1900
1900
933
8700
642
98700
996
1200
1700
2700
678
2700
787
1100
1100
2600
1400
652
1300
3800
1100
2000
737
985
1100
2000
567
1200
1700
692
726
1400
638
2200
2300
1300
751
1300
19900
12100
1900
1200
2900
1100
5300
734
2900
1600
1200
1000
416
2700
1100
1100
1100
1200
827
713
753
962
2400
2200
2900
1100
77
761
2800
2000
1800
625
256
1400
2300
870
4800
813
3000
674
2100
6100
1400
45
4000
1500
640
815
666
885
4500
923
519
2600
2500
615
884
2200
643
1600
698
3000
914
941
1500
2700
1200
3700
3500
497
1300
675
1400
774
1200
2700
649
1700
759
807
1600
1400
1500
2600
805
12300
1400
1100
2400
7100
483
946
765
1400
2000
10400
608
1500
1800
645
5800
893
1200
938
968
1200
602
475
14700
2100
967
3600
787
33000
20700
1400
2400
2200
8800
3500
1500
200
1700
1100
1200
6900
473
3600
1300
1100
1200
724
1300
1700
997
806
786
980
888
693
717
1100
3600
2400
251
3800
1600
30300
1600
1200
1400
2700
1700
5400
832
1000
2500
670
2200
2900
1000
4700
1100
1600
10900
1100
1100
972
7400
1900
1000
6600
12700
383
710
1100
945
6000
757
4400
1500
1900
693
14700
2400
1700
951
2100
863
974
2100
725
1600
5400
1400
2300
1200
1600
3000
1000
1000
1200
1600
1200
774
55600
976
1300
1800
1200
749
4400
1200
1900
1100
1100
2200
4000
952
2000
1200
1200
1700
6200
2700
2100
22100
1800
1200
23000
1100
1400
899
383
1600
7800
1500
1000
1500
971
1300
744
1500
16200
1700
7500
2100
1100
435
6600
1900
1500
1100
1800
2300
2500
2200
1300
1400
1400
1300
10500
1600
1000
2100
11500
950
1000
829
24200
755
74100
4700
452
948
1500
2800
2300
1300
1900
16600
1600
1400
1300
640
1700
732
2100
1000
2000
1900
975
2000
954
9500
2800
870
2300
3200
1000
3200
1100
1500
1500
2900
1700
5900
4400
936
1800
957
475
1300
4300
1800
2000
7200
1400
2100
1300
769
956
664
3000
448
740
581
1100
3700
1300
1500
1500
1100
3200
944
1600
754
1300
1600
844
734
2000
1100
2400
453
698
10500
1700
2700
1100
2100
708
1100
983
4200
1200
3800
1500
1600
8900
1200
971
1600
928
13000
1100
1600
1400
1400
1200
753
1100
3500
1400
5300
456
1800
1100
426
1200
1000
1600
872
5800
1700
1300
803
736
820
860
2600
2200
1000
1600
1200
828
952
1400
2100
1200
576
1000
1000
1200
1200
4200
2900
3100
1100
8300
1300
1000
1200
1800
12300
8900
538
2700
6900
2900
637
1500
809
753
755
944
885
740
1300
2000
1100
9500
1700
1200
3000
757
2200
22000
1000
767
6900
1000
1600
823
1000
1100
1500
1500
3500
994
703
717
5800
1200
2700
683
703
1000
2600
933
4500
1200
417
4400
900
2500
1900
39500
111
2600
816
1500
3500
15000
645
42200
2800
907
2800
1700
287
2200
720
642
529
1500
2400
1100
1100
4300
1800
728
1400
1400
735
1000
833
1500
595
1400
2500
1100
1700
27300
657
2500
3600
1900
5300
2200
1800
1100
1200
8200
915
651
990
4300
1100
1100
1000
9000
980
1500
2900
1800
1200
831
795
1000
939
674
17600
2700
231
18300
1700
3200
1600
915
1600
605
1300
640
670
19200
3100
19800
1100
1100
1600
832
1400
593
702
18300
1300
1400
831
1200
6600
839
1900
946
2700
436
8200
1100
892
918
1100
881
691
988
1100
719
3000
100
1000
27700
1200
3400
1400
434
1200
1100
654
1800
606
1100
896
1200
755
1600
608
1900
1800
827
1100
2800
1500
2400
1500
565
2900
1400
730
1400
1200
1600
810
2400
1100
1100
1100
1200
572
1100
1000
1100
2800
6600
1400
791
444
3900
5900
23200
1400
810
2100
805
9100
894
5300
853
1200
1100
801
1000
1000
2100
5000
868
1100
1300
2200
955
2600
1600
657
4100
688
615
989
4700
1300
905
1100
2800
2200
17100
987
1400
3200
3500
533
2500
6400
855
1700
21100
1200
3600
1700
1400
4600
1300
1200
1300
3500
1900
1400
1000
1600
1300
698
2000
651
6400
1200
6200
52100
4200
1600
807
914
3800
3100
2400
559
4900
2000
1400
2500
8000
2600
910
1200
698
1100
9300
2000
23700
2000
12100
2100
861
670
693
1900
2300
28800
915
1300
1400
1400
4900
2100
1400
2500
1000
6800
3000
11000
764
777
706
812
625
1200
12000
9800
4600
3100
6200
2500
1000
5900
1500
3200
2700
2700
1700
3600
1000
3500
2800
1100
2100
910
1100
3800
3200
12800
1400
5400
3700
860
3100
4200
806
1400
3600
817
2500
1100
1200
815
808
2600
7800
1200
444
1100
3500
1800
608
1500
1800
1100
1200
1600
2200
1600
1000
985
1700
1300
1100
776
2600
1400
1400
1600
828
1800
1600
589
1100
1400
766
1000
1100
1600
25000
1500
1100
7400
732
1000
4200
830
1200
996
1200
2700
1100
7200
714
3000
1600
1800
1300
2200
8700
1000
1200
3900
977
2400
1400
1700
1600
3700
1300
771
1200
1700
9700
1300
2000
535
11300
916
3700
5200
499
1300
13200
755
1900
2400
1000
3900
2300
2200
1000
468
4900
1400
1700
1100
661
675
1600
1100
1000
1900
698
11400
1400
3600
484
821
1100
1400
773
696
1300
1200
1900
992
3600
747
852
847
600
3300
1200
767
8100
2000
1300
6900
802
1900
11700
5100
1900
1100
1800
3200
1100
1200
9000
1700
7600
6000
1000
866
5000
1900
1700
776
1300
780
1100
865
4700
740
823
927
1300
14900
1200
1700
6100
1400
3100
1400
897
888
4500
7700
1400
1500
726
202
1400
812
1200
2000
112
1100
667
1300
842
1300
1200
2300
1200
1600
1200
2200
1100
1100
3100
7300
1800
1700
899
1800
2300
553
1100
2600
988
1400
851
1200
1400
1600
10000
951
950
1700
1300
1300
1400
2200
5600
1100
2000
678
4800
1400
819
1300
1100
4600
3000
1700
1200
1500
498
2600
1200
12800
2700
4000
5200
1200
1300
1000
3400
1500
1100
1000
912
1700
983
53200
752
927
1100
7700
1300
1100
4400
1700
1700
3000
2000
1700
903
1700
12800
889
915
582
1600
2300
1500
2500
6300
4300
1100
1800
294
685
2900
1100
2600
3800
1500
698
837
2500
2800
1300
987
2200
1000
1300
1300
16900
1300
1200
2000
2500
1400
2800
3900
1100
1400
583
1800
3500
12300
1100
1100
1700
741
2300
1600
2500
1100
720
729
1400
2200
773
1100
10600
1000
3900
930
2500
617900
552
1300
3200
859
1400
963
1300
875
3200
1800
2300
3300
2800
1100
2500
1200
3900
853
1000
1100
411
2500
940
880
568
1400
1400
935
1400
2300
2100
702
653
1800
749
870
1800
5600
2000
949
1400
492
1600
233
6800
704
5300
8800
2200
2100
3100
1400
20400
1100
2200
639
700
1500
3000
730
1300
785
798
854
754
4600
5600
940
1100
1200
2200
1900
775
4200
1300
6300
1400
1400
918
1500
660
1200
3000
700
6200
778
1500
735
3800
2100
1600
6800
1300
923
1100
1600
678
1400
1600
695
1500
4600
719
1600
922
959
4400
1200
2900
1800
924
1100
1700
781
929
1400
12800
1700
607
3700
1500
743
891
1000
925
11600
718
746
1400
1400
989
1300
656
1800
860
833
1600
904
729
813
1400
843
5700
786
1500
735
1200
11000
1100
1200
814
1200
2400
4800
838
951
1200
1600
15200
558
1900
3700
1400
1400
1500
2300
1600
3100
1500
352
1200
2100
4300
5000
1900
1600
794
690
1700
730
778
657
430
606
888
804
4000
721
1100
1200
883
1100
1400
1100
1600
706
903
1800
3100
1500
5000
845
18100
1900
4000
17300
2600
3700
1200
1400
1300
3600
872
1600
919
2400
489
1200
16900
5200
873
1400
1400
2200
2800
2800
4000
1100
1100
7800
566
1200
1300
1100
1800
1500
1200
1400
971
474
1100
578
1200
729
958
1100
698
728
1500
883
824
895
2900
858
12800
933
750
3000
4700
4600
2800
2700
2100
2000
1200
1400
878
1200
1000
1600
8300
1200
2100
1200
471
3200
1800
6400
1600
1100
1100
2000
783
1300
1400
672
6200
812
3200
5700
1900
1800
1100
391
1400
1900
1200
1600
1400
2000
1500
4300
2600
1100
1100
827
957
667
755
3200
4800
972
715
2500
462
2100
3700
1700
18800
11200
797
3900
8600
2800
995
2000
901
844
5600
876
865
969
1800
998
511
1900
851
1300
1200
3100
1700
1900
3000
808
1700
1900
1300
12500
919
1600
2000
777
631
1300
440
547
25000
1800
1200
484
3200
895
1700
586
1300
533
1200
707
13500
10000
2800
3600
764
1900
777
1500
286
2500
831
9800
961
1200
3900
1600
577
1000
873
2900
1200
1200
571
585
973
4800
720
1200
1300
4200
1100
1500
2200
1100
10400
2500
739
1600
4300
3000
357
30200
634
616
5000
1900
806
975
563
2200
922
1300
3800
13200
440
947
2100
1200
664
663
17900
1600
488
771
645
637
3600
1300
1300
785
733
622
1000
5700
2400
693
3400
2000
2200
10900
2500
811
57000
2900
1400
1700
3700
4900
5000
1700
1500
1200
1500
989
2900
2800
787
2400
1400
2300
914
2100
6500
914
1400
3300
1500
1100
594
2000
782
962
552
1500
867
1200
853
1400
1400
1600
956
983
1200
8200
1500
1100
1500
3100
2200
1100
1100
851
1400
1700
1600
1100
2000
802
1200
946
2000
2400
1900
708
7900
963
7800
1200
928
3500
467
791
1100
2000
472
3000
808
4900
1000
14700
1900
737
2500
26500
548
4000
1200
739
485
5500
690
22800
708
24900
885
1200
2800
3200
548
822
654
6500
782
1900
1700
863
3800
7000
1400
1100
20700
902
9000
1700
1000
674
1400
2000
4100
968
6100
3100
1800
959
492
13100
2900
1900
873
13100
2500
778
1400
1100
2600
1100
4300
5200
1300
1100
1300
795
1700
4500
799
1000
1200
3700
1200
1500
5500
1700
1800
1300
690
3200
710
1100
862
4400
1700
1700
1500
2200
1800
844
2900
1900
1500
33400
1100
1300
869
2800
7200
1200
6200
812
933
802
9200
1100
744
876
3300
645
905
12000
3100
1500
943
955
2800
1900
1900
2700
1400
522
15700
2200
1000
675
1300
12400
855
3100
1800
1100
997
1900
1700
1000
1300
2100
2200
3100
1000
2400
830
1500
1000
1800
1200
1500
3100
5500
2400
6300
1100
1200
1500
1100
6400
1100
2000
787
1800
720
1800
5500
3700
930
12200
1100
2400
43600
6500
1200
1400
986
558
958
2500
2000
2400
2000
1500
2400
829
780
1400
1500
1300
1200
2600
530
932
8600
942
1700
834
1100
1800
20900
1300
1200
1100
902
1300
824
1600
822
9600
1900
645
709
1100
920
873
2300
1500
1600
1500
999
2700
984
1200
1100
1100
6600
11100
1600
1900
1200
1400
1400
1100
581
2200
1800
2000
907
1200
3300
3000
4300
1500
642
943
7700
5100
1800
1800
1500
1800
2600
26300
2000
6700
1100
613
1900
1000
606
1100
1300
851
8300
3300
3900
517
2200
4400
578
1300
1200
3800
3400
5700
6800
3600
585
2200
946
1100
5400
771
8100
2200
797
1100
2500
1600
2200
615
2300
1200
1700
751
5800
1500
2300
995
2500
2000
5100
1200
2300
2700
1400
1400
26700
1400
1200
875
1800
1600
971
909
2200
4600
1300
936
2100
1600
7900
2700
6900
1400
1100
6200
3100
1600
2000
5200
960
1000
817
1800
2000
930
882
3600
467
768
4700
1000
549
1200
1200
3900
1100
747
745
976
1800
4300
734
2800
1500
1800
897
929
1200
764
2100
4900
816
780
536
910
2900
704
1200
816
1200
973
2200
1200
43200
752
1400
1300
2300
862
1800
1100
460
3600
1300
2500
4500
1000
1700
842
1300
14100
3000
115
638
5500
998
1500
864
1500
16500
3900
1900
571
1400
20600
435
789
811
1200
3400
865
1200
1000
3400
1000
3100
747
1600
960
875
2200
1900
1000
1600
1900
658
805
1200
1400
2100
820
2400
1100
5700
9200
720
1100
1400
2600
1800
7600
1100
882
1300
4100
1100
1000
5800
18900
1800
5400
7900
435
1100
493
1300
910
744
5300
861
790
825
1100
1700
1400
641
3700
979
843
2000
6700
1300
1100
602
944
3300
1600
5800
1600
2400
1300
135
1900
3000
1400
1100
535
512
939
2800
3000
6300
758
2200
854
639
2100
974
940
17800
2800
1000
812
2700
1600
1300
2500
5500
1000
83300
1600
2100
2600
727
2700
4600
379
1200
2800
5100
1600
2300
763
712
1600
2400
22500
1000
2800
1300
678
1600
2100
548
964
743
1500
8700
5300
846
1400
4100
535
2700
1100
1500
1500
1200
233
4700
3000
753
1300
778
2200
1000
9500
581
11200
878
6300
1100
4700
2300
654
1800
543
3800
2600
995
8500
1200
1500
13600
3500
1200
754
717
5100
486
815
2900
2400
3100
16700
1300
2500
797
1800
760
6000
656
816
4100
1600
1600
2300
612
1800
2400
1100
1400
1300
1600
1000
1200
1400
2900
1300
1100
1600
1000
947
1800
2200
724
1700
984
1300
1600
1200
831
7000
594
740
1200
8300
2000
1600
846
1200
1700
1600
9400
1200
742
1400
6100
5400
2700
1600
3400
2700
1300
1500
1900
1900
1400
2300
10500
80800
2900
2600
5800
914
1000
2100
2500
2000
620
1300
1800
30700
2400
2800
3000
425
4900
10900
782
8000
1000
1800
966
156
666
1400
618
1200
2300
1400
28200
1700
1200
1100
13100
829
2000
879
23500
2500
3600
3900
2300
1600
1100
12600
1500
1100
18400
1400
3400
815
663
3300
670
19900
945
2800
974
1100
1800
1500
1700
1700
1100
2100
669
937
1200
676
2800
1300
971
612
1300
1500
3700
2700
1500
485
629
764
599
1500
6900
24300
2000
424
523
2100
780
1100
893
1800
1600
989
2200
2300
1300
978
853
629
4100
639
1500
798
4900
4200
573
415
891
971
1000
138700
395
25900
17900
4800
3400
21400
962
656
22300
2600
1500
1400
1700
850
1300
1000
2300
9000
869
2700
2000
1500
984
8400
4200
790
913
2400
1100
454
841
851
1800
1400
1100
808
1500
1300
5100
812
644
3000
929
1500
2100
2100
2300
1600
1000
1700
2600
1600
2800
718
820
724
1300
2400
8200
1400
240
4800
737
856
2600
3900
91
1300
629
3100
926
2000
635
906
1400
9200
1400
3800
971
13900
1400
8900
18200
1500
1800
1300
1500
1400
7200
958
590
1800
1500
403
1100
20700
1600
1500
6200
1300
856
2100
3800
1200
2000
704
12800
909
1300
4300
5200
1500
1400
1200
6200
1500
464
731
1700
4100
2000
964
634
763
7300
2600
869
1400
810
5400
6900
1500
1100
2100
1400
4200
5100
2400
571
838
1700
1100
916
1200
3200
12800
1000
2200
3800
17900
1800
891
13300
993
1700
824
1000
4100
941
1300
905
1500
752
2800
3300
1900
2900
1800
6400
698
657
1700
4100
6900
2300
2900
1600
940
1800
1200
3400
2500
1200
14800
740
2600
4700
726
930
767
3800
2300
14700
1100
1800
1100
1100
448
743
820
2100
798
1300
1200
1300
2200
1500
546
1200
974
3600
597
1000
879
4800
814
3600
6500
656
1200
2100
5000
3000
716
11000
11800
14300
743
473
872
551
1200
1100
1700
520
240
1700
2400
2700
6800
4200
1100
846
2400
2300
1300
1400
762
25100
949
2800
1200
634
1800
1100
2100
914
11900
20800
20400
1800
1400
713
1300
2100
681
1300
475
9100
1500
1100
1600
2800
8600
1400
2100
2400
1300
1300
1900
1100
688
12800
1200
7600
5300
4600
1400
3000
14900
4200
696
3200
1600
1300
1300
1700
1700
920
5200
6500
1100
1500
1300
1500
5900
986
3200
918
5000
5700
581
1200
827
2100
5100
1900
49800
560
1000
9300
777
31000
9100
1400
2700
1100
9500
542
1500
1300
3700
1400
772
1000
1600
26900
911
943
1300
741
655
629
5400
403
1400
407
1300
2700
3500
1400
719
928
3300
2500
10900
2000
2000
1100
3700
996
1200
2100
1000
2100
1800
1800
4600
587
578
830
2200
645
1100
41700
972
3500
841
789
983
1200
570
4300
4900
698
6200
619
1800
7000
2300
10400
10200
1100
2900
1100
2100
2300
752
746
722
821
1500
1500
1100
1300
852
2900
3900
3400
1400
192
5400
13300
3000
929
1000
1300
2100
8500
1300
1100
1300
860
3600
589
1900
1000
16300
949
971
4800
2500
12800
1300
1500
2300
786
397
1500
1000
3600
1900
2300
2200
1600
1700
1500
748
8900
1200
67
7600
5500
786
919
522
1700
1400
2100
685
1000
1100
992
9300
7600
2800
4500
3500
796
454
948
9600
1800
1200
12000
648
652
871
2000
35800
3300
1500
1100
6300
2800
6100
753
711
1300
6400
827
558
854
870
8800
2300
1500
1300
1200
15700
15500
2100
1400
758
6200
2300
1600
94800
1100
2200
2000
1200
914
1000
715
1400
556
3000
1100
9500
7100
1700
6200
1200
918
1400
1400
3500
2100
841
1200
2300
974
800
1400
728
25500
796
12500
1200
604
940
1900
466
1100
2500
6800
2500
3700
2400
18000
1100
4100
1100
1100
863
7400
884
5000
774
3400
2100
1600
2100
2800
729
964
5700
868
496
1800
1500
1500
16400
983
1700
770
722
962
1700
787
5100
1000
4300
1100
544
508
578
1400
2100
1400
1900
835
536
1100
3700
1400
661
791
1900
3000
1500
1100
21800
824
9700
759
17300
896
4000
10400
3000
1400
825
1500
907
561
708
2600
3300
1100
1800
1300
353
792
1100
742
1600
2900
743
1900
1500
8400
832
6300
9900
694
32600
3300
3700
1500
484
3800
1600
791
811
1700
1900
859
1400
2300
1100
5200
17800
1000
468
980
1500
783
1700
582
2000
112
1300
1800
956
1300
3000
18700
1500
1000
624
3200
679
6700
7100
4100
123
1900
1900
3600
702
1100
2000
959
2000
1800
1400
1300
2000
8500
870
2700
1200
12300
1100
1200
1300
1200
3200
1000
2900
2200
1300
914
1200
1200
2700
656
1900
1400
5600
1000
700
1800
1100
3800
1600
1100
1800
3600
2100
771
601
980
1700
9900
3300
2500
1100
1100
937
1500
1900
863
1500
907
2500
6100
1200
6100
1000
3500
805
6800
1300
889
971
2700
723
1800
1300
2600
1400
3100
2900
3100
6500
791
16500
4900
837
1500
96900
3400
17000
2500
1600
509
7600
775
1400
27400
1000
2200
3400
1400
12200
1500
822
1600
1300
737
4300
8600
692
4200
1300
7800
1900
1900
1300
3500
1600
1000
3500
1800
1400
1100
516
2600
1100
21800
1200
3400
1400
992
1900
994
1000
942
5400
1800
1100
1200
2000
708
1500
4300
1200
9000
2500
1600
1300
5500
10000
1300
2400
935
1500
903
38400
1600
574
1100
1400
3000
6100
720
479
1800
1200
6000
682
350
4500
9000
3000
817
2200
2700
3300
1800
21400
1100
2100
4000
556
1100
1200
936
748
20200
577
3800
1300
918
602
356
13700
2800
2600
2800
13200
1200
803
621
1200
3500
867
559
15400
3000
1300
1200
2500
804
1000
1700
2900
2900
1300
57
1100
1700
637
438
4100
1700
1100
933
6200
838
829
1300
144900
1200
552
4800
3100
2700
3100
1700
652
1700
13400
3400
1100
4600
1100
27400
1500
1500
1100
1500
2400
850
6000
2400
1500
5100
938
3100
4200
1400
36900
811
984
1700
9300
916
1200
1300
492
5900
2000
3200
963
1100
561
840
827
3500
1600
1100
579
1200
2500
13600
3300
4500
554
2100
5200
1200
750
966
2300
1600
4300
3000
2200
1400
1100
2500
1900
1100
688
5600
1100
3000
15000
1600
2000
5300
2200
1500
1200
2200
572
1300
2200
622
6700
7800
2300
517
808
6500
542
928
2600
1000
915
1800
930
1300
5300
1300
1100
8400
5400
722
6000
853
1400
1400
2500
3300
1800
1400
779
1000
1700
518
7600
6700
826
1200
1200
3500
924
2000
1100
959
984
2600
6600
563
958
1400
7300
912
986
1300
3600
1600
486
1700
1700
906
11100
6300
7700
4200
959
2100
49500
740
1900
875
902
9100
4300
8200
2000
2200
878
2800
5100
3900
3200
497
4300
785
1300
1200
1100
2300
1400
641
1400
875
2300
1000
4200
1400
1300
790
1300
917
403
857
1300
6200
2000
2200
564
672
5900
3200
960
1000
2200
1900
2000
802
1400
26400
13600
7800
2000
8500
882
3600
843300
141
1200
567
1600
173
2800
873
4000
138
725
2600
10200
3000
951
643
1400
865
2400
1500
3300
998
20300
1600
1900
1400
1500
92
1200
971
1500
977
1500
1100
1100
1600
1700
1400
8100
478
434
7200
944
1700
2300
20300
49000
1900
1700
2100
1400
823
709
718
776
17000
1300
1100
2700
1700
1800
701
2300
1500
748
615
1700
1400
1800
974
957
2600
7800
6600
1200
2600
1800
1100
1700
3600
2300
745
186
3800
862
804
4800
694
1700
22200
9200
10300
941
1300
1900
2000
1000
1000
1400
6400
1000
1300
8800
649
709
731
5300
519
9200
1100
1100
1400
269
5400
1400
197600
2500
2200
1400
494
534
2200
1200
1600
4200
2600
807
1700
1300
9700
839
1400
677
3600
1300
924
1500
1400
997
725
8100
843
4300
21000
4600
1000
603
1200
1400
2200
5900
1600
4700
1300
4600
940
3000
621
1100
1300
2300
1500
1400
1300
2900
2600
1500
891
1300
1300
938
1400
932
54600
2000
840
1400
1000
1400
771
806
9700
1600
2400
630
4200
1500
845
493
1100
710
1500
1100
1300
713
28200
5900
1500
13900
1600
3700
918
7800
1300
812
1800
697
861
3800
1500
3500
994
990
1200
1400
3400
1500
2200
4400
2900
626
1000
5800
704
1300
485
1700
2000
4200
1300
8300
2000
4000
1500
1600
1400
2200
5200
964
2100
1900
24100
1900
1900
2500
3300
1700
1700
1500
1900
4800
1200
2800
1600
1000
2100
2000
1200
2900
1200
1300
969
941
2300
901
2500
1500
723
816
1000
2800
1000
1700
570
1100
1400
1900
2700
1900
2700
1300
10100
2600
1200
4500
2000
5200
1700
550
1400
500
708
838
1600
37400
1300
2100
566
651
2000
1500
1500
1700
752
918
1700
1100
834
2000
1700
1000
1200
2200
1300
1400
647
2100
436
650
900
455
888
1800
3200
1200
449
1700
2900
1200
1200
25400
1700
1200
915
1000
4700
1100
9000
2800
3600
2000
1700
1000
1400
2100
1700
1700
2900
878
1400
850
1200
379
2100
907
3700
3200
2200
4500
4700
838
885
1300
1900
7800
3400
3600
1200
4900
1000
1200
1100
1500
1000
18100
6800
1000
627
1800
1400
1800
1300
5600
489
1100
973
2600
7600
948
760
2700
867
4100
2600
1100
1200
1900
10000
1000
1700
1400
2300
1300
604
1100
6300
2400
967
673
1000
1500
1100
844
578
1300
1400
1000
1700
1300
1500
1800
2700
1400
1200
678
536
1900
1100
5300
776
2100
1300
557
1500
2600
966
965
1200
1200
728
5500
717
677
17900
1100
2500
493
1200
5400
2500
484
2800
1100
877
2800
1500
702
1000
1100
1100
2700
767
2000
1300
12200
1300
4100
1200
4100
2800
1700
1200
58400
89
907
4900
6500
917
1300
1200
1100
842
881
1800
3300
1800
1400
595
4400
1300
1000
519
946
22000
1900
1600
1100
2900
688
732
3800
1100
567
703
1200
3300
1300
1300
756
5800
645
28300
2100
782
3300
1700
2100
4300
1700
1800
5200
1600
1200
1300
4700
899
959
676
12800
10500
3300
929
1100
23900
588
903
3900
1500
1700
723
2400
5500
1400
678
9700
1700
1900
974
1200
2200
656
868
1000
2100
1900
1500
3700
863
1100
6900
4600
1800
1400
606
3900
548
1100
901
1400
2100
567
2600
2700
598
11700
1200
2700
1600
1200
1500
6800
623
980
915
1100
3100
1300
1400
1900
1000
1000
10200
4900
2900
1800
538
483
635
815
13900
1200
3000
429
2100
5900
1700
4100
3200
861
1500
3500
7500
1500
678
6300
658
409
1
8400
10300
498
6300
5700
816
994
3600
1300
2500
3300
1500
11800
1500
944
956
3700
4600
2600
22300
968
727
984
840
13800
1100
915
828
377
1400
1600
26600
3800
3100
554
1200
2400
1400
934
569
2100
901
5200
725
714
1600
688
1200
1300
3200
1300
1200
1300
1100
2400
557
687
1300
5300
1300
1200
46100
1500
1300
2000
4500
973
815
2300
644
1300
1200
14400
4900
1800
205
1400
1100
1600
2200
1400
1000
4700
28400
1300
7700
4200
1100
1600
1200
1300
690
1200
6200
1100
1500
2300
1600
877
5500
482
1300
780
986
1400
936
2500
1400
879
2200
2200
2000
1300
1400
2700
3200
827
1900
6500
6900
571
926
2200
890
583
1900
670
1900
863
4300
2700
3300
919
4500
4600
4200
777
9800
1000
1100
2300
671
1600
547
1600
13300
862
3000
1700
946
42
6700
1500
3500
1300
6200
1400
1400
14700
1100
1900
2700
962
1900
2100
900
1300
37100
3400
10600
1900
1300
5200
5700
919
1800
1800
1100
6100
1800
2000
9200
445
783
1400
1300
4300
1000
745
783
955
722
3200
2200
1900
620
792
1100
2700
1000
939
15900
1800
1200
1400
1600
3600
2600
1200
2500
1000
2800
2500
2000
1100
763
2400
1000
1200
773
3600
2700
1200
557
8400
9800
1100
2100
1200
1400
1100
945
2000
880
1300
930
1500
3800
719
4200
771
1600
1800
1600
1300
1400
1300
1100
6900
817
1300
1100
823
1100
3000
3300
5200
8300
12500
8200
537
788
1700
2900
3400
1300
4800
2400
845
18300
1300
1300
3600
1400
12500
2400
5800
4600
5500
11800
1100
1900
621
1500
591
1500
758
15900
1500
4600
780
935
1700
998
2600
1900
11700
1200
898
1000
1700
16200
15700
743
1100
2900
1100
1500
842
1400
3800
2700
44100
579
6100
634
2400
2600
1700
2900
1400
1200
669
991
1100
6200
1300
1200
1000
1600
2100
4100
827
1500
766
1100
5200
3100
5000
778
7400
1900
1500
2100
368
2300
90
45000
1800
2700
2700
6900
1100
504
1300
3100
5100
9400
960
1100
2100
751
1400
1000
1100
599
1100
1500
1900
928
1300
3100
2200
4900
1100
589
1000
990
990
9300
882
845
902
881
882
1200
1500
2500
2200
1200
718
1700
5100
3300
929
746
683
5200
2300
1400
3200
4500
10000
1400
788
961
3200
1200
1700
12700
6300
2400
5900
1200
1300
2100
1400
1300
1400
2600
1400
1100
927
2700
361
903
27100
1200
741
1800
9600
593
10700
1700
625
639
1300
1200
1000
4300
1000
1600
1800
953
1500
360
583
536
6900
1500
1300
3900
938
1000
4900
4100
264
1300
750
1500
1200
1100
832
736
10100
899
402
744
1200
1300
1800
2400
2000
569
1600
1300
1200
25400
1700
917
1400
847
2600
1700
1100
2100
1000
1300
1400
1200
982
1600
5600
1300
9400
1700
659
1700
515
1000
880
1400
536
1600
725
1100
1000
2600
2700
3600
1400
889
9500
906
1100
2000
692
1200
1000
1100
2000
852
5700
1500
2700
2100
1800
2200
1800
2400
900
711
2700
4800
1500
2200
2200
1700
