786
5100
3800
1800
1100
1500
67
98000
1000
1300
653
688
1000
697
1200
625
2600
1800
842
54700
1400
1300
19200
1300
943
1700
1500
820
924
1500
1700
3800
756
1100
3900
1800
5100
1200
916
2100
1100
1200
702
26800
1200
1800
2300
3200
411
10300
4600
1800
1400
784
2600
999
896
2500
1500
1500
1200
718
1100
4100
923
1200
2000
1600
1800
857
6300
11500
2600
1200
2200
2400
1300
657
892
4200
4800
12300
3500
763
609
2200
1500
2200
2100
1100
1100
1600
7600
1100
4900
1300
695
3800
1900
4400
1200
986
4500
3200
2800
30600
4500
10900
1800
2300
4000
802
1000
3100
888
1300
1100
910
2400
3300
749
1700
5600
2200
552
1100
1100
1100
894
1200
1600
854
1900
100
1600
21600
2200
2400
744
1100
1700
2100
15700
3600
471
1700
2000
2400
2800
12400
1000
12400
1800
1000
2100
646
1700
2500
20900
879
1700
1000
914
2700
2800
6700
1400
1000
2300
1900
1500
6400
541
690
77800
768
2400
1800
1300
1100
895
4300
823
2000
986
1300
10600
847
6100
569
3400
10500
1900
8300
661
11100
1000
905
5500
1100
861
5000
1100
4500
2100
948
906
3100
9100
1500
921
5800
1100
859
717
846
799
962
799
927
2700
874
16200
2100
3600
1100
478
1200
997
1100
15100
2300
3000
13400
783
6200
2200
4200
2400
3200
929
1100
4700
1000
1300
1700
1200
5000
449
590
739
691
2100
11700
2600
3700
1200
7600
2300
1200
2600
888
4300
1500
2100
6000
4500
13600
2800
1100
5700
1400
1800
1100
980
546
1600
1600
4600
978
1700
1200
1100
1200
1900
1300
741
22200
1700
1400
1500
4100
3800
698
980
9200
699
1400
1100
1800
676
2100
1500
789
4300
2100
1500
1200
1500
1000
1600
9400
1700
940
1100
4900
1200
1300
1200
1600
1400
859
4800
2400
354
1500
1700
1600
1600
1000
2400
2100
1300
6200
3600
1500
3400
3100
14700
3700
671
1400
1100
1600
1200
656
1200
1300
2700
846
941
104100
1700
2200
1400
1200
725
6500
2800
693
1800
1100
1700
3800
644
951
1000
726
4500
807
652
6100
6000
3000
2500
1900
983
27100
776
104100
1100
963
1200
2400
1100
1700
10200
1200
1800
3300
981
10200
1600
988
905
780
678
13200
998
16700
3700
4700
24500
4300
2100
1300
6800
3800
1900
1800
5500
5000
914
1200
2200
1100
2100
1000
1600
4300
1200
837
1300
1100
1400
1100
1300
1200
1100
9300
1500
1200
1100
1500
747
775
1100
1100
2200
1700
483
3800
936
17000
838
824
1900
823
12900
1500
1100
1400
875
788
1800
2000
2000
2900
1600
1300
4100
1600
1600
945
695
3200
1000
664
46800
1700
981
1100
6200
1500
25300
1200
3300
1100
1900
956
823
797
782
3500
1500
1800
890
241
1000
899
2200
1100
2100
2800
1100
2900
1300
1000
2600
2400
2000
1100
2100
840
1500
1900
701
834
963
1100
1100
7700
1100
9000
1500
691
1700
1300
2000
1600
508
1600
2500
19500
2500
2000
841
2000
2300
895
2000
1400
2400
749
1000
1800
409
1100
18100
1600
576
1100
2100
1200
944
2900
4700
15900
1900
6300
4200
2400
836
1000
2500
4600
3900
820
3100
595
975
982
678
552
1100
5200
519
1300
2200
41200
2400
1800
896
1200
24900
4100
3200
3700
2400
2700
1200
881
1100
5400
964
14900
6700
64599
1200
673
2200
1700
1200
823
1500
1900
2500
802
542
17300
382
2900
676
3700
1200
1900
856
787
706
589
1200
4000
4000
1200
9300
703
1100
8300
1200
1200
885
7500
1200
3000
971
2200
1400
763
824
665
1500
794
823
2800
918
941
1000
1100
2800
3700
1200
1700
3400
1300
1000
1100
2600
1900
768
4500
2100
1300
1600
906
854
25900
1400
1500
730
1200
1400
2800
1500
1000
3200
676
4400
1600
4800
568
937
957
2900
984
10400
9500
834
1900
1100
74100
886
954
1300
7100
1400
1100
610
666
13900
553
771
734
3500
1100
2200
805
7500
22300
4200
620
573
2500
1100
4000
756
7800
971
969
1900
1800
1800
1200
1000
3600
1300
2200
2100
1400
2200
3400
1800
6300
1200
1100
1300
477
1600
11100
495
464
885
2300
4900
996
1200
2000
1400
1800
6700
2100
883
1100
1800
3800
1300
3300
860
1100
1200
638
597
1200
850
887
1500
1400
754
1200
2300
2700
978
1900
1100
2000
2900
899
1600
569
3900
1900
1700
5500
4800
2600
522
1000
945
1600
5300
1200
3800
1700
654
1000
754
1100
1500
1200
5900
1900
6100
1900
1600
15200
3100
3200
12100
3100
4600
1900
2000
566
1200
868
928
19000
538
984
1200
4400
2500
6400
123
1700
596
931
1200
3400
5000
1100
1300
830
588
1300
911
917
2200
1300
734
1600
9700
1000
1400
2300
1600
4400
3000
1700
1400
1800
11200
1300
3100
870
150
1100
1200
5300
1200
736
1100
869
1100
17100
1000
1600
993
1200
2600
1500
1400
1300
2900
882
4600
1200
1400
1600
786
511
990
1400
589
791
1300
663
5000
1500
1800
9200
1800
7600
3300
1300
2800
1300
246
4100
664
1600
26400
6300
771
894
570
2000
2400
975
1200
1500
4600
2500
14400
9100
1200
383
1100
1800
7800
10900
4800
839
834
2000
1300
1200
1500
23900
924
1800
567
3500
853
2000
624
5600
9400
1200
977
1700
1300
968
732
1200
780
1500
1000
1700
459
1600
877
1000
1300
863
8100
668
886
548
1400
1800
1200
1100
16900
21900
1900
1500
1100
736
1800
7900
1300
1400
5300
2500
683
620
664
2200
123
926
1400
1300
853
746
8900
992
5100
4600
2100
895
1200
502
906
1300
1700
737
3400
1200
1500
2100
698
546
3900
5400
1600
2700
4600
973
5500
1200
1700
3600
1100
2300
3600
2200
1600
1100
8400
1100
691
4000
896
1700
5800
787
4900
1300
935
1100
1700
1100
2800
2500
2200
1300
420
1200
2500
3600
4500
1700
2600
3300
614
4200
1700
920
1200
1100
588
1200
2600
358
972
13900
582
25000
602
772
741
926
1200
598
1100
1100
3800
2900
1200
842
862
3600
2600
1900
1200
1700
19300
827
2400
1900
1200
1600
731
1000
1300
879
1800
2100
760
1200
2500
1300
667
1300
919
855
1800
7300
2700
5700
2300
9700
718
1500
739
1300
1600
2600
3800
656
926
1100
2200
1500
5500
4400
2300
2300
838
1200
790
4800
22300
1200
1200
5800
1200
730
919
987
1100
638
1600
4500
4000
1100
7700
1400
2700
1000
1500
1600
1900
915
1500
904
1000
992
2100
2200
4100
908
2000
8500
2000
1600
1800
753
3500
1300
1000
1100
763
628
3300
1100
857
21400
2300
1300
893
2600
1200
6300
12800
461
6700
6000
3500
1100
50
6300
3700
2400
943
2700
3500
1300
23100
620
939
10400
10200
568
467
2800
1200
1100
746
2500
1200
7700
2600
1000
1300
2300
834
1500
1200
7300
139500
1200
1000
849
733
947
674
1100
3200
1000
1700
964
2100
2600
6800
1400
1700
876
3200
1400
1400
3800
5900
715
487
3700
1000
855
1200
714
18400
1800
2000
2100
1100
1200
2000
3400
3600
1400
6200
3400
1300
589
729
788
803
325
1000
1500
700
5200
2600
777
1900
632
2200
6800
980
796
1100
1400
1100
3500
6100
694
876
1900
9700
13300
1700
712
1500
970
4700
2000
1300
7200
1600
5100
990
1100
4100
2200
1300
1500
1700
10700
1800
1200
4400
2400
496
6100
2300
1800
1400
2700
2600
3700
1000
8000
12800
1000
1800
19300
580
3600
2100
518
1100
1800
1100
1200
8800
2300
12700
5500
881
5000
924
2100
1200
919
295
4700
1800
1300
873
472
805
1400
1200
1900
3100
1200
23000
659
96500
1200
9600
6700
416
2200
3000
1800
606
923
484
1300
983
2500
70
4400
1300
5300
1100
690
20400
7200
2400
937
72900
1200
1500
6000
891
1200
3300
3800
1600
2000
605
1200
651
565
1400
773
1600
921
808
925
386
1300
920
8700
1100
2700
1200
994
7100
2400
482
2300
1000
535
1100
1900
17800
8900
825
4800
3800
805
1600
7300
948
774
3100
796
737
1300
917
1400
4600
2300
3500
8300
2800
1300
1000
2500
1600
965
3400
1300
730
5700
475
3700
1300
777
1200
1100
1600
694
3700
1600
1900
4400
503
1300
5000
1800
3400
958
3800
528
1000
930
1700
2400
1800
12400
659
853
4600
2200
15000
11200
1200
747
1700
2800
4100
20300
6500
808
889
1600
1000
747
7100
569
237
2800
464
1400
165
1700
2100
566
1400
1200
437
752
738
881
1400
756
996
478
8700
2800
923
827
1700
1100
576
1400
933
937
4200
980
1000
1500
806
2200
2200
1300
920
1100
3300
1000
863
633
12500
2200
1500
2800
1500
602
1200
1500
1100
1000
673
739
549
939
1300
985
959
3200
1200
723
1100
1400
701
918
1500
2500
3700
4200
755
1600
694
1400
3800
547
1100
952
1700
3100
8200
3700
2500
498
3100
1400
2300
1400
1500
717
1400
1100
1000
2100
686
5300
2600
430
678
1300
2500
1100
1000
3200
593
1300
739
1000
1100
792
3200
2500
383
1000
1300
1700
2700
1200
670
745
1000
3600
1000
997
693
607
1600
8200
1400
3300
1300
1000
1800
25300
2600
1200
2500
1100
2200
1300
562
4500
1400
1800
7700
403
965
2700
623
3200
1000
2400
928
1300
25000
1400
1900
645
1200
1100
4700
730
1000
839
952
993
1500
57100
402
4600
2500
1600
865
1100
6600
4100
1100
730
1200
425
1100
1600
9200
1100
761
960
61600
8100
531
9300
47800
9000
820
629
7300
2000
1600
3300
9300
1500
1100
1800
1600
1200
1800
12900
4300
4
1200
24200
1500
2100
861
1900
1500
5800
1900
1000
13800
1300
1100
1600
2000
3300
931
678
2800
2200
5900
1200
5800
2300
1300
18800
4400
1100
913
1000
2600
566
308
3100
5600
1000
3000
2400
9800
2300
3600
1300
900
1400
1200
1200
810
1600
791
3900
805
572
4300
1000
692
4400
507
1200
6900
1600
543
8500
1100
1300
1700
2500
535
2700
2700
1600
1700
1100
5000
1100
2700
3800
979
1800
1100
1200
1500
1700
4200
1400
1100
2900
2400
572
640
845
9700
796
1500
4500
1400
783
764
1600
941
2100
908
1000
1700
4000
349
1700
9300
448
1300
906
2200
1500
1500
1200
625
1700
1100
2500
1500
1100
701
1300
2900
1500
1900
1900
9400
12200
1500
866
556
1400
1900
877
2900
3000
4000
3800
1100
2500
854
2800
5600
5400
1500
2000
3600
3000
962
859
795
2000
1200
702
540
998
3100
2900
18400
999
403
718
1500
3400
1400
1300
6600
1700
4100
980
2600
1600
2700
633
2400
3500
3100
11400
592
26600
3000
667
623
706
19100
913
1000
2000
745
1800
1800
591
1100
4100
995
2200
1200
2300
128900
580
720
3500
1100
742
800
1300
1300
1800
6900
3600
1400
1900
1600
2500
1900
1100
2700
2400
5100
638
1300
1600
4800
1300
11700
473
3900
614
2200
1600
1900
736
686
13700
5900
7000
1100
1500
2600
1000
9200
2300
1900
1600
2600
1600
824
839
719
8200
536
1300
715
1400
3900
1900
1100
569
5900
1200
2100
4800
2000
1100
712
964
1300
1100
8600
1500
180600
1000
2200
1800
1500
4900
1300
16000
2800
748
1400
2100
4500
2600
996
4200
1300
2500
967
2700
1300
655
3100
1600
3100
1300
2400
1000
832
857
15600
1700
785
9000
1100
1300
1000
768
747
7200
1200
1200
1000
526
1200
1800
996
9800
21700
1400
2100
1600
1100
824
937
1300
753
1600
623
996
859
2900
6500
918
10700
984
14000
1600
789
817
1000
3000
2100
4600
1300
1400
1500
6700
2000
875
995
1200
1400
1200
4100
1200
1200
779
863
3900
1000
1600
4600
802
26700
1000
949
2500
1200
874
1900
911
12600
4800
456
2100
7700
396
732
1100
2800
3000
678
885
1600
1300
7500
780
1100
865
894
3500
571
3400
2300
9600
1700
2000
1000
771
1400
6800
2300
962
1500
6600
1400
7000
482
1100
670
3700
1900
685
1300
918
589
624
2600
5800
519
2400
1100
1400
810
774
1300
776
3400
2500
1400
2100
1700
33100
6700
1600
1400
846
1200
935
913
809
823
1200
2800
1600
13800
5200
3900
1500
7700
14300
849
3400
60
1500
1100
17400
936
1700
2300
572
7300
1900
1800
4700
1400
1400
649
1300
78
978
2000
2500
13900
2100
2700
1700
7800
3700
845
3300
1500
7900
839
3900
3200
78600
2000
2200
1400
744
1800
1400
2300
565
1200
1500
6200
1500
1400
713
3200
649
2000
7500
1200
924
1400
1400
16000
1300
639
464
393
5700
13400
748
1600
609
2000
1300
943
6400
866
7200
5900
1300
2000
2000
928
5000
1000
4900
1800
3700
3500
2600
1300
996
1200
1200
1200
1100
1300
853
2200
4200
1000
1200
878
43200
548
1300
1100
1100
1500
1800
2400
2500
19800
8400
950
1900
2800
734
3800
2800
2100
1100
2100
1500
696
734
15300
13900
2400
2100
1200
2300
848
2400
1400
959
1100
907
671
2900
3500
3600
2000
840
3800
2500
2600
3400
3000
9800
8800
1700
997
1000
782
923
2500
872
1200
846
1800
798
37700
1100
4100
859
750
27800
4500
718
2800
927
917
1800
1700
1100
924
1200
837
2800
4800
3800
971
852
681
695
639
1100
2400
1800
11100
5900
3400
37300
1000
1200
1800
1100
957
850
798
1200
1600
1200
4100
1200
4000
1100
1500
806
3300
2800
2600
642
604
1000
1400
17600
1600
27700
423
573
578
1900
6000
917
1500
5300
20000
695
664
2800
1200
1500
2100
664
837
645
586
716
1800
1000
1200
664
1700
1000
1400
786
1000
4200
3700
1000
838
1100
1700
1300
750
4500
1000
952
700
1900
737
2600
908
2300
1400
4000
5000
3500
4700
1300
769
2500
811
992
619
2100
3800
1600
1300
6300
2100
934
940
18600
1200
8800
1300
4600
1800
805
990
7500
1400
10700
1500
639
2400
15000
2400
1300
807
1700
698
771
942
2600
1000
5500
832
720
1800
488
11500
1700
1300
3500
2400
7800
1700
2100
2700
710
3000
3500
1000
3100
9200
1200
3300
826
1200
963
1200
993
826
1300
2400
907
1600
980
873
40100
1200
1700
1000
6400
1200
1400
962
8800
1600
1200
1100
823
478
2200
1200
1600
1800
11900
703
1500
1200
3100
7600
759
6200
1100
2900
2100
8400
1400
3000
2000
2400
1000
2400
1000
2700
1100
2400
2900
6100
930
1900
726
370
1100
749
4900
1400
144900
1700
1100
16200
1100
1800
18300
843
1100
819
2200
742
19600
9100
940
720
1100
245
6200
1800
10500
709
9200
1100
685
3600
8600
1200
878
1800
4900
624
6800
4000
3300
687
2800
1100
2000
3600
2400
651
3300
846
1200
3600
9500
1500
1200
2200
1800
1300
1000
3800
67300
1200
908
2000
3800
1100
1200
1200
162
11500
3800
853
788
1000
986
1100
1100
1900
1700
5000
1000
1200
3700
1800
907
2700
1300
2800
734
1000
1000
2300
1200
1500
959
1200
1500
8900
691
943
10400
7300
16800
1100
2800
4300
2100
420
1100
653
1700
1900
2000
752
1600
960
426
1300
3800
3800
921
15400
770
3900
1300
11400
599
1200
10000
3900
683
5300
1300
60200
722
1800
2500
3800
1100
2200
1300
6900
12100
637
773
725
1300
707
1600
1200
1400
1100
5400
8000
396
3600
858
16300
943
2100
3200
9900
19000
908
9800
1600
994
731
1800
1700
920
967
1000
1200
1200
2600
1300
3100
1600
5300
2200
7600
581
691
2400
959
469
962
3000
1600
707
3900
1400
1100
936
1600
568
1700
960
1000
2900
521
1400
6500
1200
3200
1200
2000
687
1800
1400
6500
2000
1100
1800
6600
6400
2500
696
6200
8900
860
553
1100
931
1900
1200
1600
2900
5100
5400
1200
10700
1100
6200
1500
1200
1100
3200
1200
1600
1500
1500
4000
25200
2200
1600
2200
1300
7400
80400
3600
3600
2900
1300
1100
750
1600
1000
1800
25500
1000
1100
717
1100
1700
2300
1600
3000
350
2700
232
1200
855
4600
3300
6200
833
1200
3600
1000
1200
1400
839
471
2100
1300
311
1500
887
653
2100
98
1400
772
2100
2600
2100
522
7000
1400
2100
3400
959
674
2600
1600
724
1800
829
2300
787
985
704
2400
1700
3600
820
2100
1100
1200
9900
2100
948
1300
1100
2100
484
3000
5600
577
1000
605
2300
1100
871
474
920
1400
2600
2200
5400
5200
431
465
1000
9000
1400
1200
106400
816
2200
1100
1900
1000
7100
3400
2000
2200
701
19700
1400
1000
3400
557
663
527
1600
1000
1000
695
1200
11200
5600
3400
1300
5500
2100
9900
5400
712
863
3100
735
1100
51900
3900
1000
3000
1000
965
23100
884
1300
1400
1600
3000
1700
11500
903
1500
720
1100
1200
754
1100
2700
2300
2000
475
1300
824
896
912
861
1200
870
57200
3700
1800
719
1400
962
4100
11500
805
6500
822
2000
4400
1200
2700
711
8800
956
851
1300
439
1300
1200
1700
675
4200
805
1500
1100
1000
454
1100
2800
3100
1500
1300
1600
2300
946
581
4700
1700
2100
1500
1100
618
1700
1800
1900
934
881
917
2600
2100
2300
1100
936
1100
1200
3600
1800
5800
3400
1900
808
635
989
2300
3000
1600
7000
16200
1000
454
772
1100
461
954
18200
2000
2100
3500
1800
2800
1500
4100
2000
1700
1900
1100
2500
3600
707
474
1800
1100
3300
2400
543
1300
6100
2200
45900
459
1400
1300
337
665
3300
629
566
1900
1100
2500
5000
1900
788
667
1300
1500
5700
3200
2500
642
965
1200
5500
1700
1400
1200
979
1600
912
2600
3800
34800
471
1300
2900
4700
707
2800
1200
1300
3800
1200
559
1200
940
844
3700
1700
907
1200
1200
3200
2600
3700
1200
4900
3500
583
2300
1100
874
1200
1100
1300
1800
4200
31300
2000
1100
1000
402
1000
1700
923
7300
3100
1500
1100
585
4600
874
842
1200
609
1000
2400
1500
727
1100
2000
7800
4000
1400
1200
642
1400
1300
4500
1300
1500
798
740
2700
822
2600
893
3800
2000
6100
1200
10100
835
14600
7200
1400
874
769
7300
703
5500
1000
4000
942
7500
1400
1400
3500
1300
5400
839
3000
1200
3300
727
1600
3900
590
1600
1900
1000
879
1700
1400
523
1200
1100
1800
545
1100
8500
2200
4400
3000
1800
780
1400
4700
973
4400
636
48000
892
1400
2700
751
522
2400
1900
989
3400
3600
878
1700
5300
919
2600
994
1600
2500
3900
2600
20200
875
2300
570
1000
1200
952
3400
5500
629
1100
2900
969
811
2400
778
1300
2600
1400
1200
1000
8700
2000
3400
2200
1600
1800
9500
2200
13000
1400
632
1100
5900
844
1200
1400
2600
390
1300
2300
1400
2700
6200
643
2000
1500
2700
3800
717
1100
755
1700
4400
1800
1300
1100
2600
9000
1200
5000
599
995
2600
3300
5000
1200
398
10000
2600
6000
2100
6100
3800
7300
1200
38900
1100
1300
10400
893
699
1100
1100
2000
1600
4300
1900
1500
1200
2100
828
2000
1100
1700
629
1400
776
5500
1800
1200
2600
909
1500
906
1200
1300
1400
1600
4700
1000
3800
1000
4300
1400
1500
997
953
3200
875
3000
1000
4200
936
4400
1700
1700
1900
768
4900
968
8200
1300
626
766
3600
859
10300
1600
1300
5700
1200
3600
1100
902
2600
1800
7900
653
1200
3100
945
1300
2300
974
371
2000
893
1300
2500
983
916
546
342
1100
1100
1200
7900
1100
16800
742
1100
1700
1200
1400
3600
1100
12000
1100
68300
2000
1500
889
4700
998
1800
1800
729
2700
3500
2900
1300
939
1600
1700
6700
5500
2800
1200
1400
1500
4000
1900
1600
1500
1200
1300
3100
774
861
5000
11900
8200
3300
593
1200
1300
1600
1800
722
508
1800
1800
1900
2000
838
942
1200
9900
1700
1200
674
1700
7000
642
716
1400
1200
2300
2300
1800
10800
725
808
1300
1200
1500
1700
877
21000
1300
9500
2700
1900
2400
3200
2800
2000
1600
266
962
811
792
3000
2100
4600
713
557
643
2500
1300
1000
43700
11500
2900
747
1300
1200
909
1900
31500
867
3200
3000
11300
929
1700
787
1400
1300
1400
816
851
578
3700
5200
967
1300
1000
710
1900
1000
4200
1100
3700
1200
1200
2000
2200
1100
736
1200
458
6400
3100
574
783
1400
595
1200
1300
1100
5700
5900
3600
1300
2100
1700
955
2700
5300
786
1300
1200
852
6200
974
1200
2000
1100
822
887
982
1100
984
719
2900
847
755
1100
2600
223
1200
1400
10800
1900
22300
795
1200
1800
1300
13900
992
2500
1000
420
1800
5300
1700
1600
3400
692
1100
3000
5500
1000
1300
2300
1700
726
1300
3500
909
1700
2000
701
1500
19800
744
772
2400
861
1200
2800
3400
1000
731
1600
879
2300
983
617
24500
4800
5700
1600
810
840
2300
1000
830
700
931
1200
2000
3700
4000
5800
5800
2500
1100
1900
461
844
706
7300
7700
2300
1400
1400
608
3300
1500
2000
5300
848
2500
843
950
3700
1300
827
1000
1700
13500
2700
827
12500
892
830
834
759
1500
613
407
4600
1300
911
1200
620
716
1000
610
1000
940
826
973
3300
1000
1000
1200
1200
1600
1400
2100
6300
2200
1200
13300
1300
2200
7800
678
9400
889
2500
896
8200
57600
6300
2600
9800
1200
1100
2700
982
25400
1700
767
638
1100
1800
1100
1100
1300
2100
416
783
2800
1900
1800
4800
982
10200
1100
2900
999
1300
1400
1300
529
11800
1700
778
51000
1800
1700
721
1300
1300
6600
909
1800
1600
673
919
2300
1900
1400
1300
6200
940
1200
23100
1900
544
2400
8400
1600
812
1200
16900
422
1100
1100
498
48
699
10100
932
1200
2700
1600
527
793
435
1900
2300
1200
851
1600
1000
2000
12800
3800
21400
1900
586
5900
8300
2600
3400
884
1500
1000
609
10200
473
1400
956
689
3500
1000
558
1400
1200
1700
1900
848
554
2600
3500
712
962
5600
1400
2300
1500
1300
1700
2300
2100
3800
660
2100
712
1100
1200
2000
1200
2600
1000
801
1100
2000
866
1100
2400
2100
825
519
1100
968
6000
372
549
504
927
1300
1300
610
1200
1300
4500
2500
1200
17700
2100
10900
1300
726
2100
8500
641
1500
1600
983
2800
1000
1100
1800
667
1700
1700
635
9400
1200
1300
5300
16200
6200
5500
2000
690
3700
1300
1500
1400
1000
617
869
1300
4100
1100
430
3400
1300
1500
986
902
2900
2700
917
879
2600
1100
852
6900
1000
4900
772
1500
1100
564
24400
961
2800
4700
1000
1500
640
1500
3700
5000
2100
3100
996
742
842
1400
587
9500
817
1700
782
1100
827
916
940
606
2700
900
741
2400
1100
1100
9700
1800
17400
927
3800
3100
811
920
849
2000
5200
2200
2900
801
727
39000
1100
1300
3900
5500
581
5800
808
1700
1400
1200
1900
616
1400
809
1500
1300
10300
3000
1200
657
205
2000
2400
690
919
7600
914
2700
3300
13100
1100
1900
1600
871
1400
1100
837
1100
7400
2800
4400
1100
802
936
1100
789
10100
703
1500
1400
2900
734
589
2000
317
1100
1800
421
1100
725
10600
1900
1400
1100
14800
562
1100
5700
4100
2100
1600
2700
1800
1700
1100
133700
7300
1200
1600
1300
1000
993
3300
2700
686
1300
13400
444
771
1500
11700
1100
1800
892
682
3600
760
612
903
3000
2000
743
8700
7000
1100
912
787
415
17900
646
728
1500
2700
3700
857
1800
1200
2700
2400
10300
793
1500
2300
1300
3400
2000
1300
1900
656
1600
898
1300
4000
812
1500
4000
1100
4200
1500
2600
1400
1500
2700
1600
28000
1400
1100
531
2700
629
3400
936
3900
796
910
998
907
5600
892
5000
2600
1100
1000
891
681
1500
2000
1200
4200
1500
1100
738
1600
751
661
3000
1500
9500
3900
964
2500
875
1900
1700
1300
3700
2000
2400
2700
663
3600
8600
709
1300
4100
621
9700
772
846
1300
613
906
868
2800
1900
1000
853
1000
4100
6600
1500
3400
899
1200
644
671
1200
404
1200
1200
3100
788
46100
680
1600
1300
3800
920
5500
1800
1700
1200
2700
1400
1900
10700
834
1100
8700
560
54900
5800
52600
6600
1100
2000
1700
639
929
654
981
1400
1100
1100
869
2000
906
850
870
580
16300
756
835
1500
4800
659
1200
33000
2000
14700
873
1200
1900
762
7400
964
12200
957
648
579
9200
1200
789
4500
1100
11100
352
797
1200
1100
1100
2900
3400
1900
2000
1000
824
2100
369
962
2800
1100
744
951
36800
2500
933
4100
528
832
620
3000
1300
1300
597
1700
3400
1600
5300
1200
2000
1000
3600
3700
965
1100
1400
3000
5600
694
876
3500
2300
1800
1100
1900
1300
1100
1400
463
1500
28
554
95
1200
4100
18800
1100
2200
1000
1900
1800
1600
2500
1700
729
2100
3500
8000
1300
1000
1200
1100
2700
934
1000
902
547
5200
1900
992
4400
13900
1200
1300
905
10100
3300
25000
2900
1400
2100
772
584
1700
1300
828
634
1200
3400
673
3200
471
923
762
824
2100
1800
361
2600
772
1300
619
2300
3900
1700
12100
1100
2400
1800
1300
851
3000
731
945
921
3900
3300
610
811
569
924
1000
2300
1100
3800
1700
1200
424
746
3600
1100
1800
656
589
1100
831
2000
833
915
1300
904
743
865
1700
5100
874
226
1300
984
1600
10400
792
1900
2200
1600
924
1500
1600
1400
581
1500
757
1200
943
10600
1500
878
2500
2800
6300
3900
7200
1200
2600
1200
1100
4000
6000
1100
7900
755
1100
1400
12100
1000
5100
4800
675
967
3000
803
1900
2300
1700
1000
1500
724
16100
1400
1500
3300
1300
987
2300
2900
12000
2600
3600
1900
1300
3700
13600
651
1400
1100
2000
28400
1300
3500
1600
1900
2300
709
1500
1100
734
20800
653
28300
895
2600
928
1600
6900
1600
1200
798
2000
872
1100
801
718
1300
678
852
2100
3400
6700
2100
3000
1400
4500
1200
731
1700
11500
956
1500
1300
1000
1600
1400
1500
1200
1400
15800
2700
1100
1200
2800
1600
1200
1100
1400
5800
2600
1500
783
1300
1200
2000
6100
1400
2100
1300
1000
497
846
498
1000
1000
1300
4000
843
2800
3800
1100
1700
1200
2500
833
820
1500
4300
1500
1400
1500
22300
1900
1700
1000
1400
16400
912
1400
1000
1700
766
3800
825
1200
2400
2300
8300
2100
2700
1200
2000
2500
1300
35300
2000
1200
2100
8200
645
5300
1100
1200
1300
10800
662
1500
1500
691
3200
3000
1200
453
500
5400
486
2000
731
2100
1100
1300
1900
608
4500
2600
4100
1500
1100
972
25400
758
1200
1400
6700
761
1100
1300
3700
848
35900
851
6700
1500
1300
5900
3500
64
759
993
1600
504
525
3800
1200
2100
859
3800
14700
474
521
1100
491
1600
4100
6900
1100
2100
2500
1900
10600
3700
4200
29000
2800
1400
1300
3400
1200
1200
1100
1300
1900
1000
11700
800
1400
896
1500
1500
2500
891
1400
20800
5500
1000
5100
509
4200
1400
2300
18000
8100
3000
903
1600
618
1600
2000
16300
1100
3500
6600
2700
1200
1100
660
10600
1700
1100
1200
2100
1600
897
850
844
713
1700
638
1800
1400
3400
2200
2300
913
2400
1000
1000
2700
5500
693
811
2200
3700
1200
2800
2100
52
1600
1400
796
2400
1400
9400
5900
3500
1100
30400
993
1300
1200
473
2800
1000
767
1500
1600
24700
903
1900
3100
9800
5500
3400
6600
1200
2700
3200
1500
742
5100
2900
937
930
917
1400
2100
923
1600
629
713
850
1900
13700
3000
1100
1200
7300
1200
1100
1600
3000
950
1600
3300
527
1600
7100
2000
991
741
1100
382
740
1200
758
595
3000
2500
1000
2000
1300
1600
928
5900
626
1200
1000
4600
942
1900
780
3000
10600
1700
2000
417
1700
17300
6000
969
2100
20000
3300
3400
990
1100
2500
1600
1600
704
835
5100
1100
656
866
2700
744
1100
792
783
493
1200
5900
2000
5800
1800
2800
8500
4600
1600
873
725
1100
578
946
7200
5900
11000
4200
1000
2900
992
4200
2000
704
3200
2400
669
1400
1200
8000
4700
1900
569
7800
1500
1300
5400
1900
1400
1200
1300
1500
9700
1500
807
3200
1800
1500
787
1200
5300
1700
1900
834
909
6600
913
3100
891
1300
704
5800
1300
463
2500
962
1700
13700
1000
608
3500
3900
1800
9400
1300
1800
1100
7500
1100
1300
1200
144
979
1700
1900
2100
992
1100
4000
88
3300
5200
2000
8500
3800
2600
761
1500
1500
1400
1300
1300
660
747
2100
8300
820
1600
3000
30200
882
1100
4800
953
7100
1100
1200
3100
3100
589
530
1500
1900
2400
994
3100
698
4600
11900
2000
741
