4200
1100
25900
728
560
15800
1100
4200
1600
13700
736
3700
954
444
522
1000
613
2000
2200
7700
2300
5600
2800
3700
1200
586
1200
971
1300
1400
10000
3600
3200
573
3500
805
775
864
2700
35100
1200
10400
968
7700
2800
818
1900
1900
812
2800
1400
706
1000
3900
7800
2000
1700
1200
2000
1100
798
7300
5200
556
4500
1100
18600
3400
5200
7800
1000
16800
2400
1400
5500
1900
1700
1200
933
1600
1100
6200
772
1000
2300
603
464
1300
1100
528
869
2400
3100
2200
8700
2700
1400
4400
786
1100
735
1000
9000
4800
475
3700
2500
807
2600
843
2300
596
2400
1600
4700
660
3300
5000
7200
764
3100
10300
853
752
1200
995
251
1300
1000
1100
4400
1000
1400
4100
2600
1100
4400
2200
804
27200
880
2400
6800
3300
1700
1000
920
1300
2600
2400
4900
5900
1600
986
1400
7500
2900
991
2100
3100
2500
1400
947
926
1500
1500
4700
3000
2100
3000
1200
430
2100
1500
831
1100
1100
1900
1300
7800
2000
2400
1000
1400
4800
1700
1700
1000
1600
2000
2200
8200
1100
789
655
1000
1500
3200
1700
1200
3500
1400
3100
396
654
586
847
10500
703
1200
3200
3300
724
412
4100
678
3700
1600
723
4900
1800
2600
17000
761
825
590
6400
825
231
986
1500
2300
1700
2500
717
1800
10600
507
1600
4900
1400
956
930
2800
908
947
541
1000
1100
6000
1300
1900
939
358
518
18300
1600
2300
777
790
8100
1100
1100
6100
715
1600
575
1200
861
755
2700
1100
1300
754
18800
2400
411
1100
1100
17600
1800
872
1100
4100
960
42200
10700
1400
1100
3200
3900
3600
1200
816
597
1100
5600
1400
3300
3300
2800
2700
1400
890
1300
16200
3700
3100
6200
1500
1000
1200
1100
4800
1700
112
1600
20600
818
1400
495
3500
1500
3000
1200
1200
2900
2500
1300
7300
1300
594
2600
817
1900
766
3700
3000
925
2500
900
1100
1200
32299
747
886
900
856
2000
3400
547
3900
1700
13000
1900
1500
8500
3900
654
704
1000
1700
2100
1000
1000
1100
1000
2400
986
1600
903
1100
1100
805
1000
979
3000
2600
9600
945
1200
41900
1900
1200
1700
1900
2100
11900
1300
1500
1500
735
1000
1300
10500
1000
2000
1600
20300
2500
533
10600
1100
1300
7500
450
7100
743
1300
1100
2600
1100
3400
2300
1100
4400
674
3400
2900
823
502
1000
612
4000
1400
775
4100
940
6300
2500
910
1100
1000
1200
1000
618
2500
1100
568
880
1600
1300
1200
1200
1200
1400
1400
2100
2900
3600
743
1700
24400
1100
2400
80
6600
1600
863
1500
815
5700
1500
5500
3600
1100
2000
739
1100
902
1200
944
29900
4300
1300
19800
1600
1100
1600
2700
1700
1800
2700
1200
3000
723
1100
1200
752
771
877
5200
3100
1900
1300
1900
5900
12400
1600
670
581
1200
2600
10300
74
951
650
1100
3700
6700
2300
15400
1300
2800
17800
829
39700
2900
1900
1900
1100
1400
429
17100
2300
990
1400
771
905
7600
1300
719
1600
1300
1500
1100
870
697
2100
2900
3000
1200
800
3600
6500
1600
823
3800
382
483
1400
1500
997
2400
1100
1500
725
1500
1800
1800
800
14800
823
7600
701
11500
1400
18000
915
1200
822
860
675
1000
1300
1900
1200
527
1300
1000
1800
3900
5200
23000
2700
2000
5700
1600
3600
810
13900
877
16200
1600
3600
3100
7200
1200
603
2200
2600
981
1500
1500
4900
606
1000
1200
11700
1300
4000
1900
884
7800
629
4200
936
1600
872
1500
1300
4500
1800
381
1100
1600
881
2200
4700
1300
1200
2800
914
18300
1200
6800
2200
1500
3400
19500
713
690
2100
2400
6000
1600
2900
2100
1800
742
915
671
1800
944
4600
18000
19400
1600
2200
10400
542
536
80400
2200
20900
8700
669
1200
62900
1700
2200
1200
11000
2200
953
1700
1100
954
866
956
1500
16600
1200
16200
1300
200100
2600
2000
485
1400
3400
1100
1100
818
885
1500
1200
753
1700
3800
1500
3600
2300
4800
1600
5400
1100
21200
1700
2300
1400
1600
662
2800
1300
1700
3600
3900
548
4000
484
1200
1800
2300
822
2900
1400
4800
1400
966
750
1500
997
3200
2600
1200
2400
1500
14400
1700
1600
757
26600
3000
1800
1000
6000
1300
2700
664
795
937
955
18300
968
2700
1600
2900
4100
709
1500
1200
761
2300
7900
1000
1400
2500
2000
2600
5200
845
1400
2900
1200
1100
1200
1800
3600
1400
1100
4300
1300
1000
723
4100
1400
1500
1400
937
986
841
367
2400
1800
2600
6300
714
669
3400
1400
1300
5800
2400
1300
2000
3200
6000
883
1300
4500
1700
4000
1400
1500
636
2200
2600
6500
2600
1700
3000
1100
1000
4000
2600
2900
1100
3400
1900
3100
1200
2000
1400
1500
881
2100
5000
1100
774
4000
1300
1400
4200
965
4300
3900
4300
4500
1700
15200
6400
2900
4300
1500
686
1100
1200
835
1000
4800
563
2200
955
992
2400
761
1200
2000
2500
3300
3000
67700
993
1600
783
3400
1500
3200
750
2000
1800
1000
894
1200
1700
4400
1700
571
928
1300
5200
967
1900
2100
1100
3600
1200
4100
1700
922
1100
916
3200
1100
1600
1900
5700
812
900
691
4200
2400
406
1100
7300
4500
528
1400
1400
1100
2200
11800
3500
752
1300
858
1500
1000
4300
1600
602
17200
435
19300
27900
2600
1200
2600
671
1300
797
2400
1700
1600
5300
1000
503
1500
1000
781
2700
4600
858
10300
9500
444
784
1300
1600
1300
798
1200
1100
2600
2000
1200
1200
698
2300
528
6500
2600
2200
1100
3700
851
1500
77800
743
853
1600
805
680
1700
12000
9200
78600
1300
570
679
680
1300
2700
1100
1200
1400
2100
1100
3200
2500
1700
993
1900
1200
2600
1100
982
7200
1900
5300
1000
2100
790
3100
962
14300
1900
11500
1500
7800
3600
2600
1400
1300
21400
2600
6100
861
6400
1000
1200
1300
14900
804
590
308
980
9800
1300
2000
17500
657
1200
17900
2400
4600
712
1000
1400
1900
1600
1500
635
757
548
331
717
1000
924
3100
1200
917
481
1100
969
2100
1700
1600
2000
1100
1100
6400
6600
7500
3000
1700
962
2000
880
2600
2100
8900
2200
2700
1800
5400
3100
1500
5000
3200
1500
2700
1600
2700
1000
2000
1700
2700
1800
1100
967
1100
964
424
1100
2000
1100
2700
938
1400
1700
532
2700
3600
2100
578
6600
1200
641
2100
1800
1700
1600
7000
934
13200
3700
1100
634
1100
3700
4500
2100
18600
1600
3600
1200
991
737
448
1300
1500
1300
718
1300
1300
766
1300
1300
1200
769
842
1400
2300
2700
3400
3200
1500
1600
1400
864
1200
838
894
954
4200
1500
1400
1500
1200
19700
1600
685
2900
1800
1200
829
1300
2000
1800
1500
3600
2000
4500
781
448
1700
883
758
1200
1300
3000
2600
7000
1100
5900
2200
934
5800
1700
760
833
1200
3100
12200
2100
917
1100
469
3300
698
1300
3200
1100
11100
638
1200
1000
789
27100
23500
1900
99
1300
3800
1700
5000
3600
6500
1300
907
603
7100
357
3600
1200
1700
553
2200
809
4000
1200
15000
2500
1400
6200
2200
2400
539
1300
733
694
1100
65900
1000
1200
2000
1300
765
1100
2800
1500
4500
13400
1000
905
2900
1100
789
750
1100
1200
528
1200
1900
1700
3000
6200
771
1100
844
794
1100
12800
1300
1300
936
7600
4400
651
2600
1400
5600
1800
1200
2900
5300
1200
905
690400
1100
1100
56000
1900
3900
4500
1600
1100
10700
633
1300
746
889
1600
1200
8600
7400
1200
922
2200
1100
6300
4000
12800
1100
1000
1500
1100
935
8300
1200
1900
30400
826
1300
864
1500
3900
1400
847
1700
7100
1000
3600
2700
1300
1000
1000
856
4600
621
1600
824
2200
1100
1100
742
2100
434
5800
1000
1100
1500
3300
1600
882
761
2300
972
1300
943
2200
2600
2500
863
1100
4600
637
1000
892
908
2200
1700
3800
15600
1900
232
1300
2900
1600
9200
875
1500
950
789
8300
1100
548
217
1400
948
5700
1100
6300
1300
4700
1200
932
4200
73100
4100
1300
26900
2300
13900
3000
2400
1300
2200
884
2200
1700
1400
2000
1800
981
895
1200
1200
1500
1600
3400
590
16500
7500
13600
903
633
2300
902
453
1200
6300
3800
1200
1900
1900
704
8100
2400
1000
860
2700
4100
6100
1400
2700
2900
10300
2300
1200
20400
936
1200
657
1800
3300
1000
2100
1500
2200
845
414
658
1500
3000
1200
1400
7200
2100
929
1900
778
9300
13400
2700
2200
1100
12100
5900
208300
3800
20200
1100
566
773
1100
1400
3800
1800
1200
22800
4000
1400
678
1800
710
1500
978
1000
876
2000
4500
7200
2000
792
714
3100
1200
666
14500
1200
1100
7100
615
1500
884
1400
699
798
1600
754
573
1500
1600
635
4900
6700
6100
1400
1400
1300
2500
1900
3300
1100
1200
768
336
660
2900
2200
3400
12600
1600
11400
1300
18700
3500
1300
1200
1000
5900
932
1200
4100
1600
1400
1600
1400
1900
4700
839
1400
878
1200
1000
33300
4500
2700
2300
3800
1400
2600
3600
1500
651
1200
914
2700
658
692
1200
2300
1300
1100
1400
783
5000
1200
640
633
1000
1100
2000
1300
4400
30200
992
985
662
827
3000
4900
105400
1200
5500
1700
1200
1500
761
771
2200
582
939
1300
6700
4300
666
1600
1800
1600
8000
635
947
535
1100
3500
5300
1600
1700
759
744
1200
855
1300
9300
3900
1400
2100
768
1400
1300
1300
2600
1700
20800
1700
2600
1000
7700
14000
2700
2800
5600
4200
7600
2400
740
845
2400
2800
3700
5000
1500
88500
1300
703
717
2000
756
997
1600
6500
1800
1300
727
904
725
721
1300
635
3900
2000
755
550
16900
109500
15500
3700
727
1000
654
3400
937
1700
2600
855
874
1300
1300
1500
3500
813
19300
947
673
13300
863
1700
1900
906
1500
8100
7700
1300
810
755
1700
1300
20100
1100
877
2100
969
2600
2200
6400
1300
1100
1500
1800
1400
1200
774
7000
2000
2900
749
918
872
840
346
683
1100
3000
1200
688
1700
1100
2000
1400
2600
255
1300
3000
7400
510
1100
2000
1200
1700
1200
1400
3500
1300
1100
7700
2600
907
1600
1300
2000
7400
1900
4100
776
1200
2200
1900
943
4400
2700
1500
1500
1300
801
527
1400
1300
1900
1000
6000
964
709
880
3300
2100
854
3400
14400
1200
980
6200
952
4600
3300
3500
806
2200
909
478
1500
6200
807
5100
1600
469
3500
504
1500
3400
1100
1200
1600
2500
2600
1100
863
2400
13300
1100
1200
1100
1300
983
1400
1200
577
6200
2300
10800
1000
3200
926
1500
805
731
1600
717
2200
867
817
2400
1200
755
564
2000
1600
4900
2700
578
9500
22200
650
3800
2000
2200
1200
914
705
716
2900
11900
1900
2600
1100
2400
830
9200
741
968
2200
5800
1300
1100
891
1200
798
6600
5600
3400
2200
2300
4200
1600
851
6800
1700
1100
2800
4000
1000
1400
1700
458
3200
21400
598
605
833
13300
928
1300
1700
7100
3900
550
888
4800
2200
2500
1100
824
3900
2300
5800
5400
1200
3000
1200
1000
698
773
15800
1200
1500
2500
451
3500
1100
1100
29800
727
773
907
1400
820
3900
919
3200
894
965
942
662
2800
27400
991
2400
1200
934
1200
2200
595
1300
2000
5800
782
942
1800
165
1000
1200
6900
2900
946
2300
3800
2000
858
2600
2000
2300
900
882
3700
1100
1100
4800
3500
850
1300
11300
778
1500
2500
5000
743
1400
1000
1100
2700
4200
891
1300
1600
4200
754
10300
405
941
827
1300
1500
798
5600
3700
1300
1100
1200
2000
2500
2900
699
1800
1400
5100
1200
1600
681
2700
625
902
2000
1400
1900
1500
1300
1600
485
3500
17200
9100
1300
869
678
700
981
720
2300
6200
1100
1400
1200
237
1600
931
1800
975
10200
6300
1100
2500
628
1300
1600
1000
19700
911
2000
9700
447
801
1500
1800
494
1400
4300
2700
756
1900
1200
2300
990
1100
84
861
2000
1200
1700
1700
3800
1700
5600
2800
1500
1000
15000
680
627
2700
1300
10000
1700
580
1600
1500
1300
851
2000
28400
659
19000
6500
401
1800
1400
2000
1400
2100
2600
816
1200
983
4300
1900
4800
1100
4900
851
790
7800
576
1200
1400
30400
769
1900
3300
3200
2400
1600
1200
796
629
659
3300
4600
826
2400
857
17500
722
948
3700
2700
32500
1500
4600
3000
2000
7600
19200
1100
1800
1500
801
1500
1400
787
952
1100
3300
2200
1100
1200
5000
1000
638
1900
1700
1500
904
2400
29900
1100
799
748
3100
748
1300
885
730
949
1400
506
1100
4900
785
783
1000
1600
812
1100
6600
3900
711
816
609
1800
1600
1600
19800
1000
573
3900
1100
3000
998
23900
1200
1100
1100
619
2100
888
3900
1500
880
1700
1100
1100
9300
979
945
2000
2900
1300
1000
5800
464
354
17200
976
1500
2100
1400
2300
1100
1900
2200
1300
856
821
8700
3200
10800
1400
1100
15800
1200
2700
1100
2400
1600
791
251
873
4400
1900
1700
564
1000
15700
1400
9400
396
1700
2900
1500
2000
5600
1800
15700
1300
430
4300
5900
5300
19900
1200
11700
3000
1600
1000
994
566
2100
896
1600
2200
2000
777
415
1400
1000
1400
6500
853
6500
1300
902
830
9400
1200
1400
9500
8200
1300
1700
843
4000
4200
2000
1200
3700
1300
1200
1200
1400
3600
1100
1100
415
1700
1200
997
3300
1200
3100
5200
1300
696
1100
843
1300
2100
4300
3900
13300
5100
17500
2100
745
97
1100
617
1300
1800
2100
1600
1000
902
3900
1400
1500
635
1600
3900
3900
1000
946
933
853
762
1100
971
6100
1700
1600
879
1300
734
5200
2300
3600
1000
1300
4500
1600
3100
5600
996
14400
507
5900
5400
13300
2100
205600
17200
1600
1900
1000
3300
771
11500
1400
2600
1900
3900
581
2500
4200
4400
2500
2900
1100
2200
1300
726
1200
2300
4700
438
864
47800
3500
2100
918
855
862
608
18300
1300
883
140
12200
3500
3000
972
1000
2500
1700
1200
3900
562
1100
4100
1200
1500
1800
2200
1400
941
589
952
2200
1100
1900
2700
1100
3700
945
1500
3700
16900
467
7200
930
655
885
1400
2400
2100
1400
3400
2200
3200
6100
2300
1200
713
1300
2500
4300
572
1300
2100
633
1800
3100
730
13300
2100
1600
1400
3100
2500
1400
2500
885
1200
698
3800
565
2500
4100
3200
1800
583
780
929
1000
865
925
677
1300
884
6600
1600
2000
718
2600
4800
1400
1500
31500
8100
1100
2100
2300
768
2300
5200
758
6500
13200
3000
672
967
1300
1000
1100
599
538
599
2700
4500
2600
713
690
942
1600
936
1000
3500
1800
936
3400
19300
1100
1900
763
1300
1500
549
623
798
607
961
1200
816
3400
1200
2100
2700
3200
666
8700
1300
4700
66
882
1100
1200
2400
4800
49000
1100
5100
984
3000
7500
1300
3000
3600
1800
330
903
749
1100
1600
940
2000
2900
1200
773
16900
1000
1700
901
1500
802
81
1800
1900
18400
29000
1900
480
1100
7700
5100
1300
1500
4100
1700
2000
777
1200
732
724
922
1800
924
1900
839
1200
1200
792
690
664
1000
1800
3700
1000
3900
1300
33900
8600
700
934
731
2300
838
2500
2100
2000
4000
34300
1300
1600
1900
1200
1800
1400
3000
1000
71000
838
1100
813
1700
986
959
854
3500
939
818
874
977
3400
846
1500
639
683
1100
1900
11800
12500
3600
875
736
1200
2500
1000
984
1200
1100
2400
3100
2200
1100
7900
1600
743
1800
2200
10100
474
4200
5200
1300
5500
937
922
6600
3400
1800
2500
54
10200
23700
1900
4100
716
583
508
1900
1800
585
10100
11500
77400
1200
3900
2100
1500
2500
3100
3300
6300
806
1600
1900
850
1800
728
642
221
497
1500
1700
2200
718
774
1300
695
2300
2100
9700
2700
900
747
4000
786
5200
1800
4100
1600
2100
714
29800
1700
11900
2000
2200
2400
589
916
2700
984
2300
3100
3000
10300
1100
1300
1100
857
2200
2200
617
9200
1100
1300
965
10300
4600
211600
4700
4200
889
1100
2000
10600
1500
773
1700
701
956
7200
20000
2800
1800
635
2700
765
960
1900
1600
2600
1200
1400
1700
2100
2200
1000
1100
1400
1100
2400
4500
1800
4200
1700
900
768
3600
899
1000
769
1500
2100
2800
1400
1900
2500
949
1400
1100
862
1600
605
997
842
4200
976
6000
5800
1300
5400
2100
1500
1500
907
1700
965
1500
840
577
1400
5200
2700
836
1100
1100
765
2100
34500
1800
1300
1600
8600
615
1300
6900
1000
2700
888
1100
1400
1400
3500
9500
1000
522
5500
1100
1000
2300
3900
210
952
2500
98000
3700
562
1100
11900
1200
4700
1800
940
963
1600
29400
911
8600
2200
1300
608
2400
1100
1400
1100
1100
1500
2000
1500
2500
1400
687
3000
778
1300
797
1000
1400
3200
8300
9400
1400
911
1800
1500
561
932
510
1900
682
720
976
1300
1700
10700
1100
737
1900
1800
1500
1100
1900
1500
849
972
776
1300
1100
1800
1200
686
2300
648
716
907
679
922
1300
1200
45000
1500
759
1500
1100
821
1300
7800
1500
1300
1300
1200
11000
504
2200
3600
23900
1600
14700
786
1200
1100
895
1400
1500
8300
2500
4000
473
650
734
761
589
2400
410
3100
206
3300
761
14100
4400
2600
642
946
1500
928
868
697
2000
1500
661
1000
1400
3400
576
1500
6700
1100
1400
698
1200
5900
1300
2800
2500
1400
2200
997
740
956
1800
8200
443
1500
4500
390
3800
913
2800
1400
8200
1700
893
668
512
1100
17900
1100
6400
1900
2100
1300
3200
511
1600
41800
4000
1500
860
811
1500
844
986
11900
2100
1200
1100
9900
2300
3700
748
810
780
1900
1500
451
1600
2200
959
2300
7400
3200
1600
1200
1100
2200
2500
1300
1500
2200
4000
1900
1600
3200
1300
1300
464
2400
1100
52600
1100
1700
800
7300
1100
4600
5200
726
1600
1200
11300
3300
1700
1300
1700
3700
1000
1300
6100
717
641
1400
5900
893
844
2000
1400
1400
543
712
1400
20200
921
718
2000
1400
579
1400
1600
14900
3200
783
2800
1000
2200
10700
902
1800
682
1500
4200
2700
5300
1100
100
3300
573
1800
1400
7400
546
1100
2400
3100
748
1000
545
3700
707
1200
2800
1100
896
1100
4900
1600
1100
676
645
791
1500
11200
4200
1500
2900
1500
3300
729
921
1900
621
922
1300
925
2200
1300
2700
1600
4400
1300
557
13000
1200
862
1100
1100
9400
2500
9400
1100
2000
2100
1900
17800
1800
6700
830
1000
1900
6200
1700
3400
1400
6000
2400
1000
1000
1300
4100
4400
3900
1900
1700
1100
1500
1700
767
3500
1800
3000
814
2700
1100
1400
1500
6000
1400
2300
3300
2900
928
2800
528
2400
1300
980
594
1300
360
786
1500
1600
8600
1400
3000
856
1200
1200
1800
1200
895
3000
40200
1700
974
657
658
5300
8400
998
730
1200
1100
1400
857
1100
1100
4700
3000
969
1700
1100
5500
444
994
3200
1300
4400
2600
1800
944
9000
599
1300
1300
1300
1600
840
999
2200
3300
3100
21200
1300
1600
16400
2800
5
592
759
649
1600
755
4700
975
1500
2400
712
687
2700
943
934
2900
747
748
795
973
914
568
2600
1400
6400
9500
495
736
1400
2400
6900
2000
771
323
1100
947
1400
16700
2900
731
6600
1900
178
2000
1300
1000
46300
688
875
1800
4300
769
1100
5700
1400
1500
1800
705
1600
925
992
3100
223
1200
725
1000
1700
1200
769
494
1000
3500
1000
1300
896
1400
5700
1100
758
862
6200
905
1100
6600
1200
436
8200
9100
674
718
3400
2900
1600
1200
7300
12700
2000
2400
4900
1400
3500
1600
1400
9600
904
909
2000
11100
942
1700
1300
756
907
1200
1800
6700
569
1400
14700
552
2400
503
1500
1000
1700
1100
859
2900
934
1400
874
1200
12900
1500
3100
1300
881
1200
1700
1300
1100
4500
1500
573
31300
947
806
1700
1200
708
16700
12500
1400
3100
936
2300
484
1500
3500
880
882
1900
5300
2500
796
10500
1100
1200
4900
674
694
3300
1200
967
1100
1100
2300
2600
490
9300
2000
1000
3500
1500
3200
663
1400
560
1800
3200
616
1200
3900
716
448
5000
1300
625
688
903
945
1600
4900
651
10700
9800
1400
924
937
2800
6500
4200
868
976
10600
859
713
1100
982
1800
51900
1400
1600
896
1200
1400
67800
4200
1100
2000
463
1200
1600
683
1300
1400
1500
2200
25200
786
1100
65300
3100
1600
2000
396
1000
1000
358
8200
6300
11400
818
3500
985
434
2200
3800
6200
986
2100
1800
128800
2400
1300
2200
490
1000
1000
1500
734
744
1500
1100
1300
1100
4000
1700
3100
2300
468
1700
2200
5300
2700
1100
909
827
1000
746
5300
1200
5100
1800
3400
1200
6900
1100
848
932
584
6600
9200
1200
2500
1600
1600
1800
2300
1800
5800
1900
6500
609
1200
962
3100
784
7500
3500
1800
549
2800
858
1300
1500
1200
3000
754
2900
1300
812
605
1700
1500
944
3300
737
828
632
675
694
1400
11400
866
1600
2700
3000
1100
1100
574
951
284700
1600
876
1100
2400
2500
3300
2300
840
899
925
2200
928
16600
2400
700
1400
846
745
1300
5800
1400
5600
838
11700
960
688
1200
3600
3900
339
1300
740
1400
37900
9000
1800
823
1900
2200
641
977
2700
1600
848
947
841
838
2300
1600
1100
1700
590
1700
1400
1400
15700
821
18500
1000
3500
2200
1500
437
1100
2400
8700
1500
1600
3200
716
1200
1300
1000
1800
962
605
4500
1200
2200
1300
3100
1300
1100
1700
16300
22200
8800
5800
664
10900
2000
1400
5600
4200
920
680
17300
1100
824
1600
1300
1100
1600
1800
15600
760
2300
1200
1900
3900
1600
2200
2300
1100
1700
792
2800
1900
7400
627
1200
4100
2100
2000
951
17100
1600
2400
759
2000
3300
603
340
963
1700
2800
9900
832
1200
3000
12400
1700
1400
1800
18700
857
5300
908
1700
3200
1300
1100
2700
1000
2200
2600
11700
1200
390
834
1200
1000
1400
2300
1500
1600
889
2800
7900
1900
1700
850
2400
778
5800
1800
1300
17100
1700
963
6800
3800
605
2700
3100
34700
929
1900
1000
578
4100
6100
1300
594
2200
899
4900
1100
2400
3000
1500
2000
4100
4200
2900
507
2300
5500
1100
541
788
1300
11200
599
983
665
1200
1300
5900
1000
1200
2300
1100
847
681
1500
944
747
2700
1300
1800
707
787
3200
4800
980
12300
1200
398
3100
3000
1100
1900
1300
1300
1100
3400
5100
776
1100
685
1100
1300
1500
807
598
1800
972
2800
7100
834
4500
616
739
1100
694
957
2100
3300
879
1400
11200
975
6500
1900
2700
2700
2500
1200
730
626
654
1400
957
2200
1300
6000
1200
585
1600
2900
3700
2000
1700
1200
14200
2000
698
2300
1900
1600
1000
824
10100
3000
3400
585
1200
786
3000
745
1300
2700
1200
3000
1400
1400
12400
3500
1200
2700
2300
1000
1600
8500
8800
4800
791
972
1100
2100
1200
873
2400
704
2000
1500
904
11300
1800
1200
1400
1200
637
7600
1300
1900
623
844
891
23700
1500
1100
840
588
755
800
3200
1300
933
1700
5500
8100
11800
2500
841
1300
891
2500
1700
1700
2100
3400
669
1100
3200
1600
730
1500
1900
1200
7800
1100
1800
1700
628
1100
1000
2000
1000
937
1300
1900
22800
751
608
1000
712
1100
1600
2200
9900
1200
2500
729
724
3500
861
1200
758
12200
9700
1500
1200
3100
1200
10400
3100
888
527
1100
788
1700
3900
998
1400
6000
996
2200
574
932
15400
729
13300
1000
1500
24100
2500
2300
1600
1100
2300
12300
27700
10300
1100
824
3000
11400
2700
1200
24500
635
873
3300
4000
774
1800
2500
2200
1200
649
1100
574
841
905
967
2500
1500
1800
840
1000
798
797
684
763
1700
1100
554
874
1100
908
4800
750
2700
561
1400
300
1800
1100
6500
992
6700
2900
25100
1800
1700
1300
823
332
417
3400
473
875
122800
26400
3700
1900
1400
1100
1100
8200
1900
2000
811
2000
1400
1400
2900
25200
766
882
3900
902
677
1100
1700
1000
1000
7300
1100
989
21100
1700
950
1200
706
885
1300
966
401
1000
1500
1600
883
1800
672
1700
759
1400
1300
1800
6300
920
2000
943
984
2500
993
11500
6200
951
1100
897
1500
3000
1800
882
2200
5600
989
1800
1200
1100
22500
1100
6800
493
995
5400
2700
523
1000
1100
1100
1300
1300
2200
3600
1300
1400
3200
3800
1400
990
2500
895
950
3600
808
1400
1800
43700
1100
1000
1400
1200
18000
1100
958
1300
1300
1500
3300
1700
918
486
1100
4600
844
574
1300
2200
895
915
1400
760
915
7900
2300
898
992
1500
539
1300
1300
1300
1200
730
1700
1500
5300
6200
1300
595
1000
3200
592
1300
852
1500
1600
2700
2100
1800
4600
1100
3200
2300
3500
1300
1200
2200
1000
2800
1000
1500
1100
1300
1600
1000
428
1200
6100
991
619
862
1500
925
1700
4300
1400
13900
713
1300
1800
1100
1500
2100
7400
820
669
803
983
1800
986
6100
956
3600
6900
461
1300
1200
1100
3200
2900
1100
700
3800
1000
7000
1400
440
2600
1100
1400
765
2000
779
9200
2100
1200
4200
1000
1500
6700
1900
4400
7500
596
1300
9700
34800
2800
2300
21900
1000
1700
1300
551
1000
658
4400
1100
654
526
2000
1600
1900
6100
584
1400
1500
1200
3200
2100
53300
2600
1600
5500
904
4100
1500
1500
1200
1900
6800
888
1300
1700
1600
2000
2500
2000
1200
1600
1900
1500
1700
9700
3800
1200
869
2900
577
5300
930
1100
478
1400
751
1800
4800
1100
1100
1200
688
1800
3300
1100
3000
12100
16700
1400
743
4200
2300
1300
1400
4000
856
1500
2300
722
10100
2800
517
1700
7700
686
771
498
486
1000
2600
2200
855
34800
1000
1900
7800
2200
1800
726
949
4100
1700
922
3100
4700
903
2100
5000
751
909
18600
1700
10200
2700
950
2900
955
1300
2200
936
1200
1100
1200
924
980
398
1500
838
4100
1100
949
2300
905
1200
855
955
1300
7600
3900
859
969
462
2000
633
1400
2500
5100
1300
1300
2200
3500
1400
2800
1200
1100
468
5300
70200
779
1400
123
2400
2500
7200
3500
9800
1600
1100
2300
2000
7200
1300
1800
594
2500
1000
1300
4300
18400
1500
1100
1700
2200
2000
750
978
1200
1300
9400
1500
1100
1300
1500
6200
1600
738
473
492
19000
900
957
1400
619
1400
852
665
9500
777
16500
2200
6900
3200
5100
642
933
4800
3100
861
889
758
1300
1400
825
1100
650
1200
2500
2600
999
3500
1100
3600
2800
1100
1300
681
6800
11500
2500
815
1300
1200
1100
973
15900
3900
4200
8500
645
1900
2400
1700
2500
1200
1300
1100
3100
1200
1000
866
811
1400
697
1000
1400
1800
1300
823
1200
2200
714
778
2400
2200
29600
2700
844
1700
1300
3200
1700
1100
4700
3000
3300
5500
19800
942
1200
11500
897
4700
413
3100
3800
1200
1900
1000
2600
1800
1100
3300
645
582
1100
39200
1400
1200
1600
987
1400
1200
2100
424
2000
45400
2300
4100
1000
319
602
929
3400
949
2100
3500
1100
3100
845
1000
1300
729
13700
1300
3300
828
963
3800
2100
860
905
102
2300
2500
625
1400
1600
277
696
665
1400
2500
1100
942
35700
6300
404
2200
1300
4100
1200
1900
13400
1000
763
1600
2900
651
3800
870
1200
1300
2100
1200
437
2900
2400
1100
1200
7800
671
6800
2000
4300
1300
5500
3000
1900
1800
2800
1100
790
1100
1400
2100
1500
1000
6300
1400
1500
2900
1300
1300
1000
1100
914
3600
1000
4300
1600
5300
1200
1100
319
31900
1000
1300
678
537
1100
27100
1600
1400
829
787
1200
493
801
1200
8700
16300
919
1200
11000
736
2300
962
4000
8300
1700
623
2500
1100
780
1700
6100
1900
4400
1100
2500
1400
897
648
1400
1100
31400
407
3600
14000
833
950
1200
26300
3800
1100
470
701
1400
2400
1300
236
874
2000
1200
1200
1200
2000
10200
1600
1700
2800
619
7200
436
665
2600
488
1300
1600
802
30000
1400
1900
1600
1700
4200
1100
3300
14400
1100
1600
1100
1300
812
3900
1200
4400
2300
7900
754
3600
2200
1900
1100
954
1400
6100
7300
2100
712
1500
3400
1600
3700
1100
1500
1200
2300
1300
629
5800
2100
2000
668
1500
1800
6100
1700
1000
1100
1400
1100
4400
1100
2100
672
1800
1600
1200
4600
13000
2000
622
618
766
2600
1500
545
874
4000
2900
1500
1100
