1100
1200
1700
1200
1200
843
4700
729
435
1300
949
4400
1700
5500
1300
1200
1500
9100
1200
1400
850
1400
802
1000
1000
4200
918
7000
934
1200
800
11700
1200
1100
2200
3400
13600
877
903
1200
1900
815
690
1000
1000
2500
7300
916
3400
890
1900
9900
1100
953
1500
1200
1700
2900
1700
1100
1700
1000
6600
2600
19700
539
1900
383
2300
1500
2500
1600
1300
3700
5600
589
1800
2700
3600
2700
2800
2000
653
2700
1600
943
4600
2000
2200
1900
1200
19800
3500
1800
1200
437
1900
693
769
2200
1900
2600
4100
1800
2400
1800
1600
1100
1400
12700
6300
902
1200
898
909
1000
1900
899
2600
2900
822
909
1600
1900
1000
1200
380
23100
1100
48000
995
571
1200
1000
47800
705
1200
1400
1700
1400
1200
694
7000
2300
1900
967
6600
2200
1100
2100
2400
1300
1500
3400
1400
1700
17400
2600
3000
1400
7200
2600
1200
662
1500
1300
13300
1500
1500
2000
2600
1200
642
2200
1300
1700
1300
2200
1600
1300
1200
1500
2600
607
2400
3800
2900
2400
3500
797
2900
860
11500
3800
14700
4700
992
1200
1400
16700
1300
957
4700
418
1700
6200
1700
984
1500
1300
1700
3700
700
2300
1800
1000
773
2000
1300
968
1000
6300
1500
1200
680
3000
1800
3800
1100
1500
773
1800
841
691
1600
948
902
12000
1500
1500
1800
921
14000
749
633
1100
2100
1400
554
2600
1100
2300
727
1600
847
2900
3400
1500
53500
6400
2200
2500
1500
966
3600
3600
654
2100
569
992
1100
837
925
1200
2300
2100
698
27700
4100
1300
736
2000
657
6100
915
746
3200
947
756
11900
747
1500
1100
870
530
18300
2300
503
4700
391
2400
408
86
1000
1200
853
7600
2600
3500
1200
1100
559
1600
1500
987
974
717
886
655
9900
1300
5300
1200
2600
1400
1100
1700
2200
5400
4300
708
4900
81700
1400
1900
1200
1400
1300
722
7400
2000
1500
10200
1000
12200
895
3800
949
1300
10700
48000
840
1400
5700
1400
4000
1500
1200
674
967
1500
862
651
2300
596
4700
688
640
12800
1500
1100
1400
3600
1400
835
3000
734
1400
8500
1100
959
1800
1500
5200
2400
831
1600
12300
2300
689
659
3500
1900
1600
1400
1400
11200
27400
1400
19400
1500
6900
5400
2300
3500
1500
2600
1000
1100
1600
870
3700
537
531
893
860
1600
1600
1300
626
3400
1800
581
895
1100
1200
1600
1400
1100
1200
2100
1500
1800
879
525
1100
7400
18600
2800
1400
3100
786
1300
1600
1300
1300
5100
1600
541
2200
4500
1100
1400
4100
4000
969
1000
1500
23900
1200
4700
1300
1300
1300
3400
901
3000
8600
18200
3300
2100
1600
409
495
1600
724
895
1100
1500
942
9400
1000
1900
988
7100
2500
19700
3400
2700
8800
1400
1700
2200
755
4700
859
3500
1300
6600
2800
3700
1300
6100
1400
1100
483
4600
2600
1600
2800
8600
2400
358
28000
674
1300
1800
3800
2400
1100
6400
2100
7800
681
6000
3500
922
3100
2100
1700
1100
1300
924
2500
874
1600
1100
966
1100
2400
1200
2000
18200
1000
2100
9000
756
8900
880
740
461
990
618
80
1100
1100
1500
23500
2900
3500
1500
597
3100
895
2000
16700
886
964
20200
15900
767
8100
1200
1700
759
5200
686
1800
684
1300
266
7500
4800
843
1100
904
8800
953
1300
991
1900
1400
1400
1500
1300
5500
914
795
3800
6900
1200
919
2700
9000
6400
583
652900
949
2100
1600
854
1100
956
1800
940
6300
760
3300
1300
1100
32500
2800
624
989
27100
3200
2800
2400
2200
4400
1400
1800
824
2700
48100
2800
988
700
1600
959
699
3900
6300
1400
752
1200
5600
650
4900
1000
787
1400
1600
7600
1100
11500
1200
4600
1200
1800
1800
2300
694
672
2600
1200
1100
1200
659
1600
3000
22000
971
1600
1300
594
1500
2200
2400
2200
1500
1300
568
558
3900
16500
1800
1200
802
3000
1200
1300
525
2700
2100
1800
2000
2100
1000
1600
842
788
1200
825
1700
480
2100
104
4500
1700
9300
2700
5200
2700
1500
5700
1800
1200
939
616
619
6300
562
846
2600
1600
2400
1000
1000
2100
1000
1200
1400
5100
573
581
1100
1500
86200
4100
1400
1600
647
2600
1500
1200
5000
719
1200
2900
1200
5600
12300
8300
1700
2400
2100
3300
488
970
32000
3800
1100
1500
781
2300
654
1900
11000
568
901
559
493
908
710
1100
3700
1500
1100
992
532
1600
2300
1100
767
635
3800
5300
813
847
815
9100
1900
860
1400
42300
2300
2000
1200
523
4500
3400
44
2300
2500
2700
3100
2900
4000
3600
1300
1000
1300
816
31400
201
1600
3400
928
799
1200
924
2100
629
773
790
11400
10900
2700
889
977
527
748
1500
1100
1200
704
1100
841
1100
7000
634
1500
918
3600
1300
2100
1500
3300
6300
2700
1400
10700
1300
1300
11100
19800
641
1500
1500
1200
1300
11400
1400
1200
2500
1300
942
632
751
3400
631
1900
1500
1700
1500
521
5100
434
1500
2400
11400
669
3200
1600
492
2900
865
413
916
2000
1000
2800
71700
4900
874
1300
724
2100
691
1100
2700
664
2100
1400
623
3000
8100
5600
562
3300
4300
46300
1300
3100
1700
958
1600
16900
915
2300
8600
25900
5400
858
629
495
1200
1100
20000
819
767
3700
21900
1500
1200
2600
906
1000
7400
8200
3000
986
11900
1600
9200
1200
1300
778
1200
1200
1600
1700
627
2400
4000
352
1100
1200
15800
1100
4700
602
1900
1900
2500
1800
907
2800
743
527
1200
7600
731
916
922
11800
1100
1300
898
6100
1700
7600
2300
2100
1200
1100
1800
860
762
2100
1300
5500
892
2900
1500
2700
1400
1700
308
10600
1200
743
907
789
3700
6500
1000
1300
2800
832
681
1000
800
8100
853
665
1400
924
621
805
1400
1400
5000
3100
2800
744
814
928
815
798
1400
1400
237
2800
340
1300
679
2600
575
1700
4300
1300
886
2500
578
21500
829
826
1100
4100
1500
817
1400
2400
984
1200
5300
1200
16700
1400
2600
1500
6100
1800
2600
3200
4700
9000
1100
4400
11900
1100
696
4500
6200
1000
1300
1100
1400
948
936
772
3600
30600
350
1300
1300
2100
1100
1200
1100
1400
12200
1400
1500
1500
885
1500
1200
771
382
5700
2500
1100
1600
24800
1200
774
2600
2600
1400
8800
1800
4100
2000
2700
2400
4200
1400
970
77300
986
1100
949
977
813
981
1200
1100
489
3300
1300
1900
645
906
589
3000
4800
2900
874
692
6300
1000
622
1100
5500
1600
999
2600
4500
1900
1100
5100
889
6000
1300
1700
24300
1700
1000
3200
1600
5900
1700
3300
2000
2300
43
1200
1300
1700
788
5100
501
2600
1400
1700
825
878
1000
2200
1400
1300
10700
1600
2000
1200
3200
548
515
1100
5100
3900
1700
1100
1100
1200
884
1100
1700
1200
8300
998
490
1000
1400
1100
482
908
930
1100
618
1700
9000
1400
1100
956
946
20700
3400
1800
11100
5100
3600
544
1200
1300
1300
1100
809
3600
1600
2200
1500
2100
1100
459
1500
962
1300
1700
9600
6700
7700
1200
784
803
786
1300
1400
5500
762
1400
3400
3300
1300
6800
2500
1900
7900
774
987
867
786
2000
5700
2300
2800
794
1700
2000
1700
1300
998
1200
874
657
8800
4600
479
7900
3300
2700
3900
834
2600
1400
2200
1100
16900
873
2600
5200
3500
2200
2100
1100
3400
747
2900
1100
3300
887
1100
4500
1100
2300
2300
1400
2300
2100
5200
636
827
659
1500
1100
988
24100
1100
1200
2500
3100
1000
2800
1700
5200
4100
336
693
1200
7100
517
964
1500
719
2600
919
671
2100
1300
1600
1200
736
3200
1600
1500
934
1200
26000
1900
1100
1000
936
825
5200
5700
36
7700
9400
917
4500
2900
4100
1400
3600
1800
7200
1600
56500
430
986
16600
5900
532
1200
1100
2100
15000
6900
1300
1700
3300
2900
8100
1100
1800
909
1800
2400
6700
3400
733
869
7800
46800
2200
2600
1400
7300
787
608
5100
811
1400
1600
2200
917
784
656
1900
521
1500
887
1900
3500
698
2900
5900
29900
2000
746
722
2500
816
3900
435
952
1200
1100
2300
909
827
4200
18800
1400
1800
991
1500
1200
811
831
1000
1700
1500
2000
1700
1400
1100
1300
701
13700
777
12700
2000
1200
909
3300
2100
12400
998
943
954
1200
878
3600
2200
855
658
1100
1000
2200
2500
2300
1300
1500
1600
734
1400
9400
6900
1300
196
978
2000
6300
1000
1800
11200
2800
1500
889
1500
1100
6600
1300
2300
2100
986
2400
1700
5200
468
2100
43600
5300
5700
57
755
2400
1500
893
1400
976
9900
1100
4300
6500
1800
1900
775
1800
2400
603
3900
671
1800
916
756
914
1100
929
517
1500
6400
1000
127
1300
654
2600
1100
3600
1400
1200
1200
751
1100
1600
1100
1200
1300
3000
11500
25100
1300
6000
3600
1400
1600
8500
2200
664
2000
2500
2200
1100
1300
2200
1500
543
615
12300
1900
1900
1300
829
850
735
2300
904
217
2800
683
8600
497
666
1700
2500
2100
2500
701
1800
1800
3200
1300
14700
902
946
551
7400
3400
1200
30000
1300
1400
1400
4700
718
844
2800
2400
1800
18100
835
964
2200
740
1000
1100
2100
1300
1400
698
1300
3500
1100
1100
9200
627
1100
7000
819
3500
650
817
1300
8000
746
964
3400
1000
545
1100
694
1200
736
227300
954
2400
1600
3800
13900
984
3900
47100
1200
3000
2800
2900
802
2500
2400
407
17000
1500
2100
2000
2900
834
1800
1500
3900
531
784
2000
1300
684
2700
581
510
1400
3800
780
36900
845
950
2200
746
1300
1800
8500
6100
1400
734
1100
1300
1400
1300
4100
1300
1600
4400
1300
1100
1500
3900
1700
74300
2100
7200
4400
191
1000
3200
25300
3000
11200
1000
1500
1300
3000
1600
7600
9500
597
3000
3200
925
1100
889
2300
1000
1500
2700
96100
1600
1600
4700
1300
1900
799
695
2700
3800
838
1300
6800
2200
2300
2700
916
8700
1000
5100
5500
1200
10700
2100
1000
1200
2200
2800
41000
860
892
1800
7900
3800
1600
2300
694
10200
1700
2800
3100
1300
824
1600
21400
1400
1300
1900
822
11500
6200
1200
896
1900
533
2900
2200
1400
1900
928
879
4500
1600
797
1200
848
9400
2000
7000
975
774
999
3300
1100
1100
2200
4900
1000
701
1700
1200
23900
1400
1300
1300
4200
1200
1500
3100
2200
2100
16300
2400
997
1700
1600
7000
1200
7400
971
38000
924
5000
1200
1300
3200
1800
5200
4400
1900
5800
2400
609
2000
715
638
31400
1700
1700
10400
1800
665
3000
2000
585
1400
910
2700
566
793
394
3800
1100
1500
3400
614
1400
782
965
828
2400
1800
741
1600
1200
1500
687
789
827
7200
1200
495
6500
1200
2100
3300
901
1100
1300
1300
1100
5100
2200
834
899
4300
5100
783
923
3700
2100
1400
1600
799
19500
1300
566
2000
2900
1300
4500
8700
3400
1100
549
1700
882
3600
3600
3400
755
773
2000
938
1300
5400
1400
6600
844
740
2400
441
1200
1300
5200
2700
1200
1100
1400
1700
2300
3500
2600
571
4300
1700
4200
2800
836
2500
532
1800
6100
980
1600
668
4800
27700
1900
1600
2600
1800
3100
6400
1700
878
2300
979
3300
752
1700
2000
1200
1200
1600
12800
1200
978
1
743
986
1700
2200
1900
4100
1600
1300
1300
1300
1900
6100
1700
14100
3000
695
3600
2200
852
1400
1000
1400
1200
1800
1400
842
630
1800
741
781
1700
785
792
981
1400
2400
1300
2900
500
729
12100
937
2800
5100
1200
861
620
825
3700
6300
1200
4300
1000
876
1000
1400
2200
902
6900
1600
1600
4100
1600
4000
1000
2000
1000
2900
668
4100
3400
3300
10500
581
823
1400
8800
710
1100
666
1800
3700
1200
2500
2600
2500
926
6300
1000
3500
7800
3800
536
1400
908
1300
1000
2500
714
4300
1300
879
1700
861
987
1100
1500
5000
3700
2200
3300
2200
1900
12300
604
6100
1400
5500
2700
1800
1000
2600
1200
1200
1900
1300
946
912
7800
1300
1500
1500
650
18400
889
4400
1800
1200
1100
461
746
1200
1300
7400
77400
2800
890
733
1200
3000
2200
1100
1300
948
1000
2700
3500
981
1700
972
905
7600
2700
1300
1200
813
4500
3700
980
645
2100
4100
3200
1200
671
1100
671
676
469
1900
877
2800
1700
1400
1200
1000
678
715
889
744
2800
887
2000
9300
976
1000
2200
2700
1100
1000
3600
1800
1000
1600
1700
1000
1400
1700
2700
879
682
3200
621
1800
1700
1800
938
3900
6200
1900
973
889
707
3000
3800
1000
5900
812
1300
1100
940
5700
1000
1100
2100
1400
2400
2900
9900
4200
348
974
1300
834
1200
773
633
974
1800
1300
1900
1200
2900
1500
527
1500
2300
1300
412
2300
19200
2000
674
605
6300
658
1200
1600
3900
2100
798
4500
69000
6900
6500
1300
3200
473
2700
9600
1600
787
1100
1100
1800
1500
810
797
18300
935
959
933
4300
2600
840
1200
1900
2500
1200
838
3700
1400
5300
1900
846
33600
920
1900
4400
801
887
689
2700
3200
1300
473
945
825
1200
6600
2500
2700
1100
1000
2500
637
32200
363
1600
2300
4400
620
2500
2300
990
700
2900
526
64300
3300
688
1300
1300
1200
818
1300
2000
722
1400
2700
1000
639
35400
447
1100
1300
1800
1000
1800
4200
2200
1300
1800
1600
560
448
3200
1400
1600
1400
1900
2700
973
451
2100
705
598
1300
1500
980
3500
10500
1400
8800
760
2500
5300
3300
3600
1200
1800
1100
712
2200
1600
3900
1900
3200
1500
956
1000
531
757
802
1300
12100
1100
1300
1400
1900
1200
698
2600
15200
13600
823
12500
1200
1300
1200
2700
892
783
6300
1100
2800
1500
1000
3200
15000
2800
2800
732
1100
548
9700
2900
456
1100
1200
1000
1400
885
944
910
637
634
633
1600
3900
7800
1200
808
3400
2400
4400
3000
1400
790
616
973
2600
4800
1800
496
1500
1100
4700
2400
2500
2900
2500
930
1000
1000
909
1100
1100
778
1200
1100
1700
924
2700
2100
2600
2100
4900
3800
13100
1200
2600
846
1100
4800
1100
2400
1500
1800
911
3100
1400
478
8000
14100
1400
1700
901
456
761
981
1200
2100
1300
12300
1300
629
1900
1000
993
2000
4100
705
1300
3700
914
9400
4200
872
2200
702
737
655
3300
2000
1400
1400
2800
448
2400
4100
2900
1700
3700
1000
4300
1100
836
938
4600
2000
6200
6500
1800
613
377
766
1200
1300
3800
1300
2300
1200
1700
2000
762
1600
1300
1100
855
674
668
881
6400
1200
1600
1800
983
960
1400
2300
1300
14800
3500
899
1100
635
2100
2400
13800
719
1500
1000
923
1200
1000
2200
2800
2000
1200
1900
2000
6900
2300
3000
1900
536
1600
8400
780
8100
707
1700
2200
3100
1400
526
2100
1300
2800
2600
15000
5300
3500
1500
950
1000
2800
1700
11900
1300
1500
1100
2000
1500
4900
1800
2000
6500
21000
1200
5600
3400
3100
1400
439
888
1200
2300
767
2900
1000
3000
1100
3800
2000
1200
767
1900
831
3700
1900
4900
845
3100
3400
830
4500
1500
1400
6900
511
1200
854
1400
5500
3300
975
839
1700
753
951
1600
1600
15700
445
2000
1700
2400
1900
609
530
1300
4600
3600
948
1300
907
850
2900
2000
1100
957
1300
2700
16600
5300
1400
503
2300
7400
13100
5100
1000
866
942
1700
1400
1600
1200
2600
2100
8800
728
469
1800
10900
1100
1300
1700
1100
630
144
1300
7400
1500
1200
855
215
1200
1300
736
808
1400
3100
903
610
755
4800
841
1300
1300
2700
6100
1200
1300
2800
3800
21800
682
684
716
5400
1800
769
4300
1100
1300
5500
955
1000
2100
959
887
1000
984
4200
381
1100
1100
467
6400
3900
1300
2200
1900
5000
4800
761
2500
1000
1600
2700
10300
913
1100
1100
9300
139
2000
64
2400
954
1400
3800
1300
40000
920
548
12600
768
1300
1400
12800
2200
2800
938
1300
2900
1500
1300
741
759
27500
25000
3700
2500
7200
1400
1200
3000
1300
795
3100
713
2400
771
2700
4600
1200
3300
1400
966
1300
468
2100
24200
608
1600
4300
538
994
3800
1300
2300
1100
2900
22500
1500
990
3700
3400
1300
909
2000
1500
4800
937
878
8100
3400
750
12500
1300
2700
1100
27500
3800
1600
2000
3500
1300
3700
1800
707
2100
1600
1800
1200
13000
2900
806
2200
725
1300
1200
412
13000
763
4300
1400
1100
2300
1400
1700
1100
1700
1300
891
2700
525
924
1200
14800
874
3400
1400
977
996
873
853
3200
1800
912
2000
631
908
1700
988
1300
13900
1000
3000
915
8500
900
4600
4200
556
3100
6200
2300
3800
4200
1500
4600
873
507
6200
2800
3600
851
1100
3900
903
2700
4900
255
1400
17400
4900
3100
1300
3000
2300
813
924
879
1200
861
1600
2300
4100
2300
1300
12500
1300
1200
1200
1500
1400
1600
12400
2000
1000
1300
985
2100
2000
1700
1700
1100
359
2000
1600
723
854
2800
2300
1800
374
2700
3000
777
2400
1600
992
3900
984
1800
1300
935
554
15200
1200
3300
13900
982
2500
986
6200
2200
2400
624
5400
1900
781
2100
481
1300
2500
2300
5200
1100
601
1400
2000
654
715
1400
936
346
1200
3200
735
2700
613
1200
2100
638
2200
779
700
732
815
2800
2200
1500
2300
53100
1600
1300
471
980
498
968
961
780
1500
48500
3500
1400
1700
939
595
675
6800
1100
3700
1900
4300
2200
1000
2100
915
1200
1100
1200
3100
15100
1000
1300
2300
1200
1100
728
1400
961
2200
1800
1200
2800
1300
602
1500
1200
1100
1100
3200
1100
903
820
1500
4500
8000
2900
8900
1000
757
2000
2700
1200
1100
4300
1100
23200
690
537
6300
957
1800
2600
5900
1200
14800
956
2500
1200
1100
1100
1800
1000
485
444
579
16400
701
14700
2200
1500
9100
4700
2400
1200
426
2700
455
1700
2200
707
1400
2700
2400
978
1200
1200
648
1500
1500
6100
4200
1100
1900
740
2000
6400
1300
2400
731
5700
1900
616
936
1000
928
1100
1100
1900
2900
841
3500
885
1400
2100
681
3700
633
964
1300
1100
18100
1500
917
3700
1400
4700
1500
1800
1500
974
1600
1600
1100
787
1400
1900
4100
1800
2900
1500
2000
435
3400
759
2400
1300
2700
842
1200
7200
700
844
1600
655
872
665
597
5500
9300
1400
932
777
937
821
2700
917
3200
2700
643
1900
553
556
4900
1200
1600
1900
3800
768
3000
1900
800
665
6700
3700
1600
4500
569
905
3700
3200
1400
2700
730
27500
2100
771
2200
9800
528
1200
846
3300
462
1800
1900
780
1100
1900
1600
742
635
781
1300
377
164
2400
936
72100
1200
1300
552
1100
811
2400
2100
3100
862
1100
5400
1100
1400
1000
896
2700
1400
1800
4300
2300
3500
1200
849
698
2300
789
1200
1000
8700
5200
4600
1200
1300
1500
401
1800
3700
1100
873
1100
1800
974
27100
6200
1200
1100
7100
480
899
2000
3300
1400
1400
3100
29400
741
776
1400
968
1100
5900
1700
714
2100
4500
16800
718
688
800
800
1800
1400
1900
2900
1100
2200
2500
1100
2100
3300
2100
885
2800
1400
773
962
788
2200
888
679
1200
1700
833
1200
767
1900
1500
3300
1600
2700
985
831
812
5900
1800
711
1100
1500
718
6700
1400
790
1200
2200
757
983
1400
2000
2500
2700
1400
1400
5000
1200
2300
3600
536
11900
1300
24300
4100
882
1500
2200
3800
11700
3500
6500
670
1800
4300
825
2700
1500
14000
1500
1300
1500
27600
70800
1800
934
2100
1800
779
1300
1000
4200
5700
2800
3100
2300
20200
16300
1200
3300
1400
1300
1300
6500
585
800
4200
973
3500
939
11500
2200
1100
1800
7200
3400
2200
1100
2900
1400
4400
2200
786
2200
7900
2400
681
1200
4000
3500
5800
103
620
1500
3200
1600
1200
1100
5100
1600
837
908
10800
1100
3300
651
562
997
12200
2200
839
844
851
1400
1300
9500
15800
2600
1000
699
988
791
880
1500
704
2100
1400
4300
1200
4200
1200
896
742
817
1000
2900
2700
1800
1300
1100
1200
702
807
1300
1900
2500
890
913
2500
840
1400
2300
1900
716
3900
392
11000
1500
915
3400
1200
248
8900
1400
20700
4600
8100
1700
979
980
3100
3300
492
1900
616
1100
1300
15200
1900
905
1100
2200
1100
2300
1900
17100
1400
710
7200
908
1900
2900
1700
2700
673
802
9700
658
1500
2400
1100
805
25000
5200
1400
1000
6100
2300
591
1000
12000
1100
1100
5600
9800
1100
5800
817
752
616
1200
2900
1100
1000
3000
1400
863
1900
1400
716
3400
2700
4300
4200
1300
82
1200
2300
1400
2800
2200
1800
4300
1500
1100
731
956
1100
930
769
492
1400
1000
4700
8000
899
1600
3300
2700
1600
1300
3000
977
519
65
1700
1800
2000
4200
2300
2300
11500
1200
538
808
25500
1200
440
741
1800
3000
8
1100
2300
2500
615
812
837
2000
1200
937
5500
2100
742
1200
9000
1200
1200
991
1200
1000
12800
1100
845
1200
1100
1600
12800
828
2200
1300
1200
7700
733
787
2900
730
533
696
3300
588
2300
1400
931
704
2300
3000
995
1700
1400
764
814
1800
907
8000
1800
2200
932
12700
9000
416
757
7400
2000
808
1100
2900
1500
4500
18500
1400
2500
454
669
580
564
1300
3300
1100
7200
606
1000
1900
3600
7100
2400
2200
715
555
2700
4000
1800
10500
774
930
855
2400
8600
2000
2300
2000
2400
2800
1800
1200
1500
43
20700
1100
1600
660
4200
686
211
20200
672
9600
5300
2400
1400
1000
4000
750
2100
2000
454
852
18700
1700
1200
3200
925
762
5800
857
1500
1200
961
930
1300
560
1800
552
22000
3900
984
1600
1300
5300
1700
1100
4400
2000
1200
8300
1100
1000
2000
1600
3100
5800
935
1500
557
5400
1400
1600
1400
1100
1700
14700
1100
1000
412
2400
1500
5300
11800
920
6500
4700
1200
396
574
3700
12200
3300
1300
1300
753
3500
1300
1000
3400
1000
1400
19000
1300
3200
1300
900
1600
15100
1500
962
1300
6700
16900
771
4800
988
2600
5400
3100
1600
1300
742
12800
3100
1700
27900
1000
1400
2000
964
814
1600
5200
816
1800
5300
956
1100
899
1000
6300
678
3800
2100
1300
55600
1900
1200
1400
1200
1300
967
1700
1900
1200
1800
1400
861
1000
4400
1500
26900
768
936
1400
2200
2300
945
1200
1500
795
991
2400
649
596
1300
1500
3900
3700
3400
4000
820
7400
5100
1200
1400
1200
916
6900
48000
968
1600
11800
4700
1400
4000
2400
902
1600
883
2100
2600
352
860
1000
2000
1700
4900
1300
19800
682
3600
2200
3500
1300
4900
1800
7800
846
2000
798
862
4800
501
9200
593
1100
952
732
13300
2700
413
7200
756
721
998
3000
971
2500
6200
13700
838
2300
681
1600
736
1600
12900
1400
785
1300
565
949
978
1400
841
478
942
1100
754
5900
16200
852
1400
2000
1100
2000
3100
822
1400
823
1200
2200
3000
1300
518
1400
1200
458
726
3700
736
2000
2000
1700
2800
738
2200
3800
1500
1500
777
1000
3400
2700
368
1400
4000
842
5100
5100
2500
2900
25200
630
624
1400
63
1600
2100
771
296
1900
867
4800
1400
1200
2900
4600
1000
653
569
1500
2000
5800
2500
872
2100
1800
11800
1100
1100
3400
946
829
2500
1400
806
1500
1500
1800
6000
2500
864
1100
752
1600
643
799
1300
827
970
2100
1400
717
1800
2300
1100
859
23100
969
1600
10300
1800
4600
1200
8500
1100
720
983
854
737
2100
2300
11900
13400
7400
1400
847
5500
2100
886
2200
2500
960
3400
1000
1900
47100
2300
1000
1400
945
566
1400
1100
634
2300
1300
1200
1400
962
990
2700
1100
1700
1200
403
748
822
1400
2300
808
4800
4200
669
1400
681
902
903
1200
1600
802
859
1400
2100
14400
3600
1300
2000
1000
1600
612
1100
4700
471
2400
1000
3200
1200
1000
2900
3700
2300
4900
873
968
3000
837
1900
858
1100
2900
661
12700
1000
3000
2100
1900
1400
775
870
669
4100
287
936
2500
2300
601
1100
1200
5200
1400
790
940
916
1400
1100
2700
2100
1900
313
2000
3400
533
2100
1000
1800
1300
557
1100
1100
1900
2500
1200
2100
3200
8000
2700
7400
1100
900
7300
1000
2000
10000
1700
1400
998
3000
2100
3600
1000
998
2900
1700
726
2900
2300
2200
1700
3700
1100
3100
1300
2700
911
6000
1300
916
404
2100
1100
1300
576
727
1500
882
780
1700
15300
769
1300
473
4200
2100
5400
2000
787
2000
4600
588
855
1300
878
2800
5700
2000
533
192
1400
1100
4600
3200
1600
1500
1900
2700
819
3300
775
1100
989
1100
13400
2000
1100
16300
507
2200
877
1600
3100
644
1300
2200
802
1300
1300
2100
1700
1100
1000
2300
1500
1300
8400
1300
1200
990
5500
2100
15000
796
1100
98
1700
859
1100
3600
527
2900
770
141
5300
2700
1500
1200
4500
1100
7400
1100
815
2100
1700
1600
3000
9200
1200
1100
933
3100
953
5300
1800
1000
8800
1700
310
2200
3600
6600
2200
1400
71000
1600
1100
9300
1500
2700
974
1200
5100
720
33800
27800
625
2500
1300
1400
2900
687
1100
905
1700
1100
2700
603
3100
1300
1600
2000
696
12500
1000
758
390
432
757
1900
3200
13000
713
7800
1300
493
2600
2400
3000
3900
944
1100
2300
6000
1200
688
1200
1100
692
701
1500
1200
916
669
2000
963
853
1600
1700
2400
10500
860
121
955
2100
11000
25200
2100
1200
1300
630
2400
7700
587
12900
7300
1600
603
1900
803
11000
1200
1300
1300
2400
878
3200
11800
7500
4200
20600
11900
644
5900
781
3400
876
17300
1400
895
1700
1300
1500
7400
670
11300
1700
19300
35200
1600
913
2200
667
1200
892
3400
911
768
2600
980
808
2000
2900
12100
725
1700
4200
885
1200
11600
1500
2000
984
1400
1500
22800
1800
86300
1400
656
379
187
2600
1200
788
3000
601
1000
672
6100
1400
1600
1300
1600
557
2100
463
1200
20700
1800
19900
2200
1100
1100
695
5200
4300
4700
973
1200
1800
1300
864
1100
3000
1000
553
20800
955
1100
832
1100
1100
6100
1600
1400
1300
4500
524
4000
1300
1900
1100
667
612
906
1800
1700
711
412
573
756
639
1200
4300
1300
1400
1700
1400
1000
1400
1300
667
1200
1100
461
989
824
1700
1400
5100
672
960
2100
4800
569
3500
2100
2100
6800
16700
1200
3100
1000
810
2700
6800
3100
2000
622
546
731
4000
2500
873
664
2000
13900
5200
2700
615
7700
956
2000
1700
3700
2400
1500
844
1100
1700
3500
1200
3800
2700
1100
3200
1900
1700
1200
20600
2700
3400
961
4700
1800
1400
422
2400
778
2700
3800
2600
1100
928
1200
1200
1500
610
832
974
862
6200
2300
109
1300
4100
9200
726
672
875
845
2400
11500
880
1100
12500
1500
1700
3400
2900
1100
4600
349
1400
976
560
529
543
1900
1500
5200
1800
1000
1800
820
990
1400
3800
991
4100
7700
4300
1500
2500
5200
2000
1000
1800
996
2200
553
8500
1100
1500
1800
950
1300
1700
1800
1100
663
1200
5500
1100
895
6000
795
2000
623
2900
1100
1800
8500
3000
1400
2800
644
1400
2200
1900
10300
823
1100
795
1000
5700
4800
1400
690
1900
944
2700
900
2200
1400
2800
1200
1200
4400
2100
847
820
1100
1900
1400
922
1100
1600
1100
1600
11400
1100
1300
3100
1400
1800
1100
9700
4200
2200
1500
1200
1800
1200
994
2100
2700
1000
105400
1000
946
913
1100
1400
1900
1100
5200
930
2200
1300
23
6500
714
844
7700
1600
1600
1300
1900
7600
2400
1300
872
874
1200
1300
1200
1600
686
790
756
1500
1000
901
880
3500
1900
421
7800
441000
869
3200
2000
830
588
567
23600
1300
990
1400
998
4700
1400
1600
8900
2000
817
2000
1200
1200
1700
393
100200
7900
1000
1200
3700
1500
725
3400
1400
1800
5100
863
704
1800
692
1100
752
993
697
629
1400
39000
6300
834
1700
2100
1400
1100
6500
557
2800
1100
705
6000
2400
892
1400
2100
396
10600
883
696
1800
3800
1300
3700
1200
5400
9300
1100
15600
5200
1400
38600
1300
1000
1200
1900
748
1800
16100
988
4600
1300
4800
11000
4000
2500
3200
1500
1100
2400
1700
1800
1300
698
767
10600
990
1600
2200
3400
3800
3900
853
1900
76
2500
4800
1300
1000
1100
2300
1100
3100
18200
1300
2000
1200
1100
900
2400
4200
665
