4.124947
6.165403
-0.3724794
0.5605072
3.676344
4.729899
5.207307
4.169306
4.888871
-0.2967539
-1.32725
8.027485
5.266055
4.08539
-0.283189
-0.3295525
3.776173
3.011311
4.204466
1.714321
0.9404966
-0.1238207
2.104009
5.466164
6.117044
3.342436
-0.9628372
1.078528
-0.8842529
6.79355
0.1859742
0.5210127
1.199675
5.536749
5.594911
4.543832
6.122881
5.082986
5.757759
-0.3796324
4.649697
3.456369
5.488324
5.683747
5.636443
7.504343
5.631347
0.8454014
4.423299
4.335383
1.003865
0.7786762
3.872312
-0.1185187
5.293953
2.545499
4.103799
6.314799
4.735275
5.260662
5.018055
-0.8159465
-2.177799
0.3576901
5.935073
1.355243
6.071169
-0.7856776
3.2066
4.477106
4.016366
0.4005974
0.1635737
4.425007
5.64678
5.903041
0.1917242
5.877844
4.315299
1.406593
4.387132
-0.2841807
0.2303507
5.580216
4.686878
1.776581
-1.293208
6.094129
-0.6332428
6.509908
1.51938
4.296622
6.634022
6.396544
1.200506
0.315687
7.316882
2.957543
2.383928
5.900418
4.796646
5.170498
-1.416377
0.9461447
0.8108135
-1.234132
-0.1515651
1.143876
-0.5631103
6.197146
-1.452489
4.138784
1.359814
-0.4854071
0.2009117
4.326688
1.008902
5.487363
4.09894
1.812095
-0.8369992
3.507408
4.841732
4.856654
0.3150627
4.811755
5.443157
5.437789
6.223845
0.822344
0.3086623
2.009068
3.932222
0.3712143
-0.5387506
0.5062213
-1.758593
7.839377
-0.6215005
4.247982
4.984531
-0.03743299
-0.3677859
3.210879
5.27684
0.2522809
5.196798
0.1987227
-0.3207998
-0.1863151
0.7526514
5.230104
11.66086
5.736125
-0.233583
0.5523432
6.205595
6.617184
-0.5448726
-0.4920384
3.12919
5.600583
2.220746
0.2006444
4.930535
5.265406
-0.7066931
6.721877
0.0789994
5.790361
5.71216
3.396533
4.736292
6.804861
4.004006
6.146284
-0.435728
4.389104
3.889216
0.3895954
3.886849
5.354265
-0.6769358
4.950814
1.251511
6.289574
6.100527
0.347483
-0.90633
-0.6854454
5.09225
5.24234
0.6776362
2.822182
0.7034876
4.733438
-1.914116
3.832504
-0.3332769
1.022063
4.481018
1.473808
5.165763
-0.874302
8.097123
0.8939344
-0.5123993
-2.405938
5.326139
0.4947153
4.625982
2.847059
0.4643446
5.174797
-0.3528191
3.879224
4.926938
0.8426216
-1.129112
5.318722
6.047721
3.521104
5.234451
-0.1846746
5.989687
0.08898115
1.43167
4.594758
-0.2684103
-0.05662517
1.051117
3.320356
5.77867
5.499962
4.361567
-0.4662321
5.875088
4.412859
-1.084763
0.2400201
0.3229915
0.3395133
-1.908621
-0.7179951
0.249731
-0.2885882
5.854472
-0.6981742
4.826391
6.264576
1.149293
3.531742
6.524951
3.918889
2.70456
4.33973
-0.25093
5.165749
7.185597
5.08721
5.803854
4.552383
5.852988
-1.900215
4.860059
5.21271
6.469331
2.955531
-0.1602703
0.3597362
4.268689
-0.5514558
4.653489
5.122241
4.753496
5.337743
5.42369
2.326248
-0.9580645
5.152772
-0.5131153
4.908151
5.369946
3.605861
-0.8113084
5.320718
0.1822902
4.009508
6.070096
1.016701
6.641218
4.093762
5.525618
4.793097
5.750172
-2.82336
5.557028
0.6718691
-0.1012391
5.158655
5.50843
4.064891
-0.7094409
1.078491
1.388449
4.380258
7.252381
-0.1689575
0.7368637
6.592814
-1.547857
6.136895
3.41946
5.538627
-0.8987832
2.777667
5.165999
2.29667
4.332088
5.620714
3.391122
0.4371677
5.718044
5.266602
0.1989819
0.7517344
6.126747
0.528219
4.487705
0.3932557
0.09279177
4.325726
1.960637
3.455982
1.033271
2.605904
-2.05588
5.24694
-0.1222867
0.1013685
0.9098534
4.316726
6.564236
4.519442
-0.7697893
0.7713433
1.011561
3.791099
5.782761
5.16651
0.3538036
0.2794724
3.840604
4.688412
5.901597
5.295786
4.554489
7.153827
6.003908
5.306845
5.543835
5.331737
6.277229
3.790302
0.1075686
0.2593247
3.994025
-0.4390907
4.378684
-1.147648
4.182211
-0.3484769
-0.07343574
0.1995202
0.4918462
-2.600425
5.560712
-1.041512
6.426832
5.446303
-0.532213
-0.9146959
-0.7497644
0.6153229
-0.7897618
-0.3231422
4.546122
0.7309247
-1.070967
4.470196
0.4020888
7.242243
0.1004455
-0.4967614
5.264997
4.589544
5.588341
4.094171
4.175633
5.466615
0.95004
6.750869
0.172066
-0.8354145
5.332594
6.874844
-0.02967519
0.2483638
6.992253
4.433488
4.523859
5.327636
4.584397
4.218896
-0.4887764
6.899722
0.4951801
5.875701
-0.2683726
4.411011
0.2555737
5.388419
-0.6065842
6.283773
10.7969
5.977493
-0.2888734
0.6467895
-0.1681353
-0.3734837
5.864681
-0.3947994
5.632723
2.118734
5.779606
4.592951
5.088577
6.10522
-1.27355
1.208377
-0.1804776
-1.819535
-0.9099289
-0.5038969
0.4514581
6.504726
5.743841
1.876776
2.286301
-1.191299
5.292019
4.434036
-0.8715314
6.917799
4.390602
5.063883
0.4795968
4.868246
4.089935
0.06448239
3.349967
4.945646
-0.2333764
4.979406
4.805523
5.615887
4.030245
0.5920744
4.428295
0.3356775
6.664707
4.359588
0.5622188
1.105676
2.879874
4.863727
5.315928
5.48123
3.940847
6.137823
6.992545
3.224309
5.04634
4.442597
5.063996
1.939466
5.157525
2.036328
-2.073472
3.74426
-1.516049
1.094646
-0.3520175
1.77597
9.311831
2.092272
1.149665
5.743319
5.000775
5.673283
