4.713181
6.42576
0.9330754
3.915265
4.611975
-0.812
4.240499
-0.1202226
-0.2571971
-1.528166
-0.2940135
4.069436
-1.603557
6.391198
1.889573
5.167742
3.942453
-0.6934286
0.009908488
0.2380105
-1.865887
-0.3153923
5.741607
9.134271
0.9040467
0.6827917
5.3797
3.360162
6.361284
6.756145
-0.454103
0.3132995
2.092204
4.369231
5.175789
-0.3892155
-0.09550352
4.104726
4.333398
5.793125
-0.1442469
5.946571
5.499362
5.619651
4.318887
1.443653
-0.1711937
0.2740265
4.707229
5.65494
3.899312
-0.3047769
0.7253404
5.344102
0.3580545
4.637236
-0.9836139
4.101398
4.935641
-0.09793257
3.104789
-0.5991619
1.692423
6.48788
-0.3933993
5.509782
5.694559
4.92456
4.970702
6.089829
-0.3273215
-0.7833986
-1.936536
5.603948
4.824965
7.18628
-0.0591922
4.255955
-1.297696
3.887743
5.059387
-0.2832001
-1.122651
4.58699
7.57041
4.181094
8.037014
0.1663293
6.249728
4.242982
6.026467
-1.221926
4.013139
4.19356
3.014497
4.368302
1.488294
4.942145
4.5941
4.251287
6.123139
0.8298829
4.916305
6.53745
4.542963
0.375007
5.38281
5.213622
4.636839
10.71582
6.065498
-0.04962486
-0.09153783
1.52619
5.109837
1.981284
5.718865
7.09675
4.371397
2.203966
3.751643
4.78422
-1.948378
-1.16158
-0.4769702
0.008780577
0.5956125
3.650396
-0.3156715
5.927882
-0.5576921
-0.8702514
5.265984
-1.296398
4.139646
3.043455
-1.128207
2.559675
3.987391
3.656966
6.380873
0.5776833
0.4933346
5.149979
6.083008
8.203025
2.337887
1.974813
4.563585
3.654754
1.859794
1.629752
3.001631
-0.7976538
4.914726
-0.005475371
4.118955
5.258176
4.806486
4.521874
4.388778
3.993499
6.196717
-1.934338
-0.3202714
5.653422
1.755342
-0.3995441
0.4295353
-1.380644
-1.675726
0.4240921
0.3133568
5.828247
-0.6034742
-0.2618199
-0.508589
5.422878
5.08257
5.090725
5.013238
4.566196
2.038084
6.549283
0.4080631
4.600092
4.372458
-0.921328
5.029888
-1.262581
1.869041
6.286854
-0.6448168
1.995606
5.307068
2.323557
6.251559
4.144219
9.005067
4.433945
-1.561889
-0.7592436
-2.186579
5.594546
6.661346
-0.7760369
0.5039024
-0.7715446
3.023656
5.451531
0.4546402
1.011736
4.599443
5.805199
0.5289385
1.57469
3.764576
-0.468374
5.076101
5.251251
0.622458
3.055597
-0.2082029
4.440116
-1.24638
6.815884
5.699869
2.800732
0.5059503
5.371474
3.339733
0.07477878
4.418607
0.4053375
1.203888
1.960425
0.2162774
1.352164
-0.9084199
0.7983159
-1.022803
-1.393057
0.9476277
0.9062066
4.6551
4.525841
5.830071
2.704874
5.069227
-0.5773761
