0.5365288
4.007078
3.8914
-0.7248831
5.20886
1.390114
2.188468
4.829195
5.663987
4.655562
-2.737492
4.999111
-0.1065047
-0.08465783
1.824306
6.613801
0.1642371
-0.5420848
8.292596
3.724283
5.761204
4.33074
4.556671
6.863585
6.687685
3.616929
-0.6098844
6.531687
0.9867765
0.8831603
5.716335
-0.2783614
0.4987896
4.270026
0.8206443
2.935499
1.132191
1.042776
5.214455
-1.179832
-0.2029607
0.7137199
0.5816382
5.363378
1.072925
4.499775
1.332289
4.393437
-0.3437835
-0.01982708
7.319582
3.323732
3.178889
-0.4270122
4.134416
5.561595
5.220168
-1.144467
-0.6988473
5.481752
-1.809621
4.612344
-1.699813
1.283647
1.215435
4.745151
5.075286
5.669631
0.9997911
-0.6232552
1.839932
3.55261
5.837519
1.195243
1.963618
0.9878204
5.428044
4.720865
4.429487
5.520545
6.215006
-1.178043
7.093748
4.794556
0.7185548
-0.07134042
3.474793
5.840284
1.437878
4.648866
-1.652421
5.747095
1.604999
4.012578
4.564437
3.759661
5.294074
6.39315
4.34634
5.607218
-1.335863
-1.005414
4.911071
1.511272
3.97288
1.146508
4.120901
1.651996
4.742519
6.993971
3.42881
4.569194
5.967138
3.892239
1.30654
5.345475
-0.069743
-2.14168
0.3966338
0.03747574
5.739904
4.852501
6.027998
6.28266
3.928668
0.8642963
3.71439
-1.660447
5.462463
1.314259
-0.4157037
3.827244
5.970119
4.890636
0.005502701
0.3182745
3.558958
5.770756
0.9387058
5.94945
5.557103
5.842739
-0.8733981
0.07507137
9.834674
5.652643
4.246205
0.7589656
-0.5775357
2.301037
-0.6129172
6.299733
4.793861
-1.609582
6.149041
0.4915689
3.821783
3.669865
1.094962
1.114368
5.940536
-0.8683796
-0.1494533
3.575432
3.243468
1.093654
4.340013
4.937915
1.082941
3.576566
0.03857033
-0.9364365
6.96234
3.088403
5.51608
5.708792
-0.3621475
2.097582
0.9587727
-1.359935
5.600922
4.517916
6.374182
-1.002964
4.609745
4.900692
-0.2560717
4.520344
2.219456
0.1987781
6.694172
4.022434
4.382003
-0.02249716
4.093811
5.391827
-0.3234337
0.4321017
-2.377416
3.653926
4.170772
5.923631
5.139393
-0.6732384
4.818216
1.213681
-1.567395
-0.2488484
-1.914848
-1.09265
-0.9997502
-0.5100674
-2.138461
-1.106444
5.891748
0.7822142
-0.1943658
0.9115225
8.211343
6.313813
4.210962
4.967369
0.33595
0.7649973
5.796738
6.022477
4.217211
4.653318
0.7658587
2.82631
4.082133
3.091061
4.284521
4.207708
0.9602459
5.255312
6.41818
-0.2593357
4.851193
3.378434
0.2362885
-1.157477
2.930947
5.035487
0.5740685
0.962062
3.812322
2.499995
5.150907
4.027104
5.394562
-1.78642
5.24375
6.787866
0.01449654
1.752715
-0.6841794
-0.1986894
5.623759
6.159446
-1.047065
1.733074
1.189879
4.001983
-0.6047948
4.78016
5.319322
-0.3703618
6.339094
7.661503
4.533863
4.201424
4.254196
3.282758
6.884196
6.027506
3.409339
-0.1009865
5.05832
5.78559
-0.1103011
4.421331
4.948452
5.201548
6.274746
3.79476
3.58709
-0.6721776
-0.6943494
4.573824
5.52031
4.493014
1.055434
-0.7112262
0.8911707
5.307794
0.0945631
1.575214
4.249814
1.519996
4.876707
3.852939
5.057168
1.081863
0.02827354
5.42904
2.487941
0.2745934
5.842935
4.634497
1.496228
5.532033
5.737777
-0.6107823
4.127266
4.127443
-0.778175
3.588995
5.716698
4.746206
0.7384151
5.394428
5.551265
4.993415
5.609085
0.6497469
1.300165
0.7298254
-0.399502
1.306045
1.12348
-3.728111
5.303032
7.006931
4.309685
5.027493
0.4511197
4.677892
5.747234
-1.26451
-0.1146763
-1.334986
4.740887
5.153082
5.595004
5.850529
4.103425
2.10135
-1.140686
-0.1480728
1.12036
4.845035
4.147614
0.8165214
-0.485782
3.423199
5.597463
5.457191
6.088116
-0.4238922
5.562634
5.735927
0.5331531
6.328265
4.471444
0.03027507
6.330719
-2.032723
-0.7992932
-0.5196082
-0.7111523
3.525561
-1.79143
3.713491
11.09618
1.449858
5.433977
-0.5723371
3.371982
-1.092389
0.2488934
3.902738
1.582094
0.3447691
0.7562514
0.5270096
-0.6456203
7.168423
-0.7403612
1.560801
3.866135
5.664246
7.119745
9.158297
5.520742
-0.2365866
9.619876
5.435312
5.803802
6.419258
-0.6825687
3.09351
4.282783
0.6077537
5.085763
-1.595908
-0.91223
6.457926
-0.7789626
0.7007486
9.032167
3.466914
4.745473
7.305432
5.440389
-1.24898
4.811533
3.606181
4.818296
4.817326
6.200108
4.223173
3.095069
4.633001
0.9673704
4.318633
5.181682
5.354268
6.569085
0.2132319
5.703961
4.477095
-0.9882159
3.480737
5.766072
4.019808
4.393158
-1.666485
-0.350585
5.386153
-2.655794
3.741407
3.91413
5.846376
1.9847
5.280411
0.6649831
-1.346688
4.200343
4.626839
1.360481
1.943304
0.6139949
-0.3847105
4.86975
4.024473
3.908467
7.007582
4.143041
5.810824
3.029739
5.760846
5.485017
4.512141
6.502339
-2.687052
0.6466286
5.255671
-0.5849594
7.855831
-0.05579854
3.992151
4.828487
6.774289
4.144422
-0.5595274
3.81914
3.68302
-0.0614859
4.528363
5.351781
4.356742
-0.5804584
1.554765
2.071615
5.419879
0.4117675
5.758049
4.830317
5.385682
5.413938
5.311676
3.648562
1.186435
-1.911861
-0.6436285
-0.4526843
0.1074328
0.2701802
-1.570259
