2.978006
0.6394769
0.3604132
4.024113
-0.1946975
4.704461
4.206665
4.708631
0.1703461
5.351713
0.4220119
5.24002
2.873133
3.727064
4.466758
4.452672
0.8139755
6.265894
5.673881
4.961202
-0.9160374
1.364591
4.006127
1.27357
5.678881
0.04119723
3.449856
0.2891678
5.081713
-0.6785758
-0.361615
5.586675
-0.7120246
4.504041
-0.9238925
3.215275
4.668987
0.732886
0.6509511
-1.782529
8.858203
4.891332
-0.7502872
-0.03927404
3.830689
5.626888
1.363542
-0.1492562
4.620966
4.789888
6.255551
0.1817004
-0.03340826
5.826822
-0.6413039
4.477558
0.07890939
-1.393369
-1.045391
5.680135
7.013769
-0.1831829
-0.4084007
5.073041
2.30074
-0.04648869
5.598007
5.125679
-1.103625
4.179436
4.610336
-0.951223
-0.7086944
3.363932
5.132
5.036224
0.4966222
4.076566
4.875556
-0.01212783
3.748841
5.585035
6.705361
5.889546
7.675064
-2.800719
0.8545498
-1.938872
6.454294
-0.8270992
2.209911
0.5998038
5.480263
1.291199
2.497558
0.3333306
1.262805
-0.195322
6.871525
-2.388964
-0.7914312
4.461009
2.55431
-1.323053
0.2601055
0.6008527
-1.263609
-0.3420844
-1.646093
6.74594
0.1877523
3.252798
-0.7377744
4.740098
3.915126
-0.6115919
4.665019
0.953897
-1.097742
0.5022418
7.90297
4.179633
0.1680906
1.955267
0.9124847
7.313955
3.348835
3.512641
-0.5258274
5.471887
4.423932
0.9357758
0.5278748
4.412641
4.968609
7.231385
5.081951
1.548288
0.03205595
6.504363
-0.732428
4.782655
0.1727296
7.011206
0.5420734
5.20657
-2.122411
0.04815379
-0.3042595
-0.4277157
4.971711
0.81857
8.60911
4.332981
-0.3442545
4.150811
6.673214
0.9238947
5.988278
-0.5597419
1.349139
8.361397
-1.101047
-0.5667215
-0.6798739
4.65455
-1.392607
4.366804
4.537243
0.8961244
5.450901
-0.7201465
-0.4004178
6.340344
3.427034
0.2814677
6.171802
4.439941
1.850655
5.542749
4.714359
5.900177
-0.9501485
4.567238
4.410694
0.1270568
5.727566
-1.888891
5.869913
1.835099
6.231669
2.458263
1.365946
-1.54515
12.09827
0.6142275
4.053647
4.203164
4.928441
1.964099
-0.3085383
7.265311
5.534297
5.703793
4.659041
1.23729
4.97172
5.442903
4.758682
4.68654
5.57307
-0.2678403
1.813435
-0.1138891
5.324645
4.495944
7.043344
0.4946845
4.867213
4.926014
5.096855
9.596326
5.019758
5.49415
-0.6106622
6.01003
-1.454473
3.724975
3.808642
6.066711
4.530932
5.899228
0.6997702
0.7773915
3.961661
2.935365
6.058561
6.451038
-0.4455708
4.384706
4.886806
4.227224
5.887222
6.233331
3.376381
0.6346366
4.668016
0.6322821
1.467191
6.00895
4.960896
1.168361
4.519651
3.686104
0.8389429
5.989731
-0.3988907
6.500595
-0.1153595
5.02484
0.5908555
6.117387
3.884808
16.22099
6.569942
1.648939
-0.02854711
0.2437821
4.26651
3.945331
4.177023
5.604921
4.450921
4.834436
6.06387
1.030771
3.119548
1.813287
0.6021519
3.834192
0.2006566
4.043644
4.728809
4.951047
5.924617
5.540358
0.490255
5.435849
8.172278
1.680598
0.8054084
6.105945
3.768869
3.52374
-0.667523
-0.4644507
5.289513
4.417399
3.205944
1.76741
4.297172
2.825424
-0.7620801
3.407513
3.177716
6.009507
0.3277135
-0.6757853
4.624414
0.6095681
-0.005418339
6.035969
4.978449
1.491122
0.3737806
6.280852
5.809427
6.036317
6.242191
4.850319
4.056247
4.778744
-1.498722
3.49685
5.31875
3.678785
-0.3984375
4.315759
0.7145361
5.316873
4.577397
4.107815
5.934609
4.832771
5.190988
3.789635
7.002294
-0.5282242
4.811905
8.023585
3.12196
5.884911
0.3303704
6.515338
6.953787
-0.6145698
5.106867
3.088295
4.440083
5.755201
0.9326193
1.198934
5.09295
0.5961903
4.573997
4.239332
0.05659471
5.24631
-1.02693
0.0984077
4.902165
0.8490466
-0.7209402
-0.2231771
-1.044371
4.124878
5.91937
8.596786
2.142341
-0.7003931
5.562707
1.663912
-0.5205752
0.7004469
0.8830283
5.330628
3.670729
4.608686
-0.127849
6.26231
0.3159266
4.360899
5.199763
-1.928555
2.463367
5.008445
-0.1022969
3.774824
4.95662
5.025518
4.807401
6.217881
0.1895679
-0.4357552
3.582202
-1.0602
6.148189
-1.453384
2.574214
-1.906031
-0.6030858
0.9691796
0.49451
3.847423
3.635886
7.815262
4.426545
-1.951796
-1.810659
1.028348
5.619386
4.855154
4.817719
0.9758149
4.491109
6.0489
-1.024665
0.657358
1.89907
6.289159
5.643084
6.597068
-0.07585041
3.984229
4.848031
1.329377
5.106851
-0.09150623
1.07766
5.980255
5.135676
-1.256805
6.362221
0.2193085
5.976592
0.4913857
3.904366
-1.396194
0.2011
5.224648
4.073486
4.544925
3.84152
3.992862
0.3347467
0.06077316
2.775845
-1.369548
3.211892
-0.7046706
1.011581
8.263946
4.502117
5.977744
6.20204
1.914397
5.072709
5.803977
5.634381
0.6124547
-0.2330946
5.853211
4.930629
-0.4116427
3.805479
-0.9834326
6.12548
-0.5182002
4.277091
3.80592
-1.065373
0.8071565
0.1529322
4.6351
3.670513
-1.243277
4.759456
0.09104547
4.386461
7.566149
0.87908
6.378414
0.3034045
5.999656
4.333073
-0.001173732
5.585917
-0.3692957
4.983755
-0.1967866
0.9699485
5.564139
-1.118469
-0.7748203
-0.1878958
0.6441022
4.665461
5.341714
5.747977
1.515099
