5.838322
5.765123
-0.8747175
0.1211953
-0.4012789
4.474355
-0.7297001
7.050616
7.779208
-0.4128645
-0.5298347
0.8594319
4.958821
5.867711
0.8758863
-0.5854238
0.6332759
-0.6864039
6.103067
0.5466843
-1.267506
-1.256358
-1.715002
-1.473711
5.940002
6.370947
1.301732
4.731877
5.783176
3.664246
5.052787
0.1813289
5.489816
4.940662
4.956763
1.190778
5.378416
4.322004
4.455894
2.377186
2.008866
6.286562
4.68303
0.3749721
-0.2872997
5.248937
6.18419
1.596057
4.415405
5.435909
5.704671
-0.6054611
0.05779431
6.936208
3.940884
5.383598
-2.04673
3.361748
0.3989025
5.559553
4.555358
-0.7716301
4.676627
0.9177185
5.89957
5.278072
-1.318675
1.19458
6.595723
0.9973451
4.991019
0.3883207
4.717122
5.928899
-1.105195
2.892766
4.408866
5.307867
4.368433
-0.1997234
5.403978
0.2317631
-0.3308714
3.440576
5.140783
-1.433778
6.492003
-1.471165
-0.9612401
-1.088779
5.170382
7.046263
-1.501655
0.7701751
0.08703914
4.79965
4.641487
0.3297111
4.78267
4.307659
-1.209126
4.937065
5.019602
0.01634799
1.67392
4.246364
5.440839
3.996495
0.3056829
-1.347877
-1.068585
4.603219
0.6371714
5.463578
5.907459
-2.549921
5.797315
2.55177
4.711856
6.488035
-0.3645405
4.291284
4.73094
5.502634
5.473102
-0.8850541
4.743084
0.1838031
6.277611
2.843549
4.54239
0.5557688
6.150547
3.616284
4.917721
8.641703
4.420847
-1.807239
4.73879
3.814264
0.810948
6.828638
5.992538
6.00853
5.174945
5.090773
5.665767
0.5818087
4.642477
-1.385633
-0.7457984
0.1824944
3.918413
0.1073948
-0.2592297
5.806767
4.371226
4.295231
5.300785
4.369074
3.698437
-1.219525
5.564796
4.915698
5.268435
-0.6432094
5.630612
4.174006
6.059981
-0.9166018
4.204519
1.305047
4.713662
5.487662
4.838426
3.543343
5.729042
3.632232
1.045841
8.780493
5.281781
-1.525459
-1.307517
5.099526
3.151552
-0.5547178
0.4756379
-0.3738394
5.892805
0.7477718
1.147856
6.567126
-1.141122
1.421341
4.799701
1.626253
3.748101
5.066765
-0.2982651
5.631174
5.003639
5.045373
5.996044
0.3184999
5.942761
3.076411
5.823394
1.403573
4.245001
1.767975
4.214368
0.1715811
5.637431
5.899491
3.661536
6.178987
3.56499
4.993038
5.076812
5.214042
1.80735
2.306267
-1.113902
2.724758
6.454711
4.803852
1.229933
6.115613
0.5672275
0.04611977
0.05217982
2.512348
4.5295
7.871605
4.551618
-0.03555288
-0.6473424
-1.218308
5.489113
4.136992
1.440543
-0.6408998
5.401792
5.298795
5.184958
6.552892
4.34549
6.134293
5.782779
6.891749
4.111674
4.497024
7.947864
6.33401
5.677884
5.583753
-0.7258904
5.472556
0.5587283
1.569095
6.110103
6.231692
5.230933
4.914594
0.9457324
-1.139053
3.802226
3.33245
5.119154
3.815909
7.177216
5.554933
4.862519
-1.421284
5.11989
4.565742
5.355467
-0.5569347
5.260231
5.881468
4.473667
6.026735
7.051128
1.029539
5.430138
2.108402
2.988684
-0.5540016
-1.767429
0.7628066
0.05910059
-0.03703874
-0.3763524
4.523306
0.09471463
0.9529768
0.2009816
6.472583
0.8002142
-0.5925785
3.571121
-0.7612281
0.8181499
2.938114
3.934707
4.9983
-0.2850334
5.186253
6.629011
5.283171
9.113691
0.1005451
0.4166472
1.572642
5.442537
-1.088366
5.347478
4.668838
0.6001372
4.352126
1.23963
0.5864194
-0.9193524
6.513255
5.050589
5.065505
2.110822
5.532556
0.9030397
4.58087
-0.7979134
-0.6841814
0.1241373
1.351399
5.011333
0.3131402
4.698853
0.03227523
5.307911
8.968226
6.173795
-0.7313374
4.775886
5.797454
1.143355
3.712951
5.491991
4.480322
7.302319
5.27833
3.724023
5.350728
5.983867
0.2387413
4.733518
4.602837
-1.053669
5.782878
3.48303
0.377451
4.291331
3.351401
5.868061
4.970855
3.928001
5.955309
7.123687
3.515267
4.228421
5.074455
4.304429
0.1223256
4.32713
3.659309
-0.3966377
3.852563
0.5288698
4.741419
4.707477
4.850316
-1.279839
-0.8150194
0.04818933
6.922207
-0.1408351
6.96912
0.8094605
4.007543
0.9439283
7.4641
4.331558
-0.5103763
-2.087339
-3.161307
-0.2141399
4.220135
0.9679877
-1.558803
5.746272
3.843437
5.822073
0.5354122
4.692182
0.2890523
1.774236
3.943858
-0.2080806
0.01184298
6.875448
5.101759
5.273148
4.082339
-1.182475
-0.5602173
-1.849773
3.792561
-1.976761
5.874795
4.773582
-0.6143413
6.208653
0.1017509
5.450329
-0.3772352
3.890971
2.373095
3.25071
-0.6918545
-0.5601811
6.10632
-1.7967
4.666915
4.644182
6.114467
-0.8314533
5.898026
-0.990393
5.408671
3.885563
5.446358
0.6457584
6.388648
4.709907
5.091086
0.07811247
0.7667175
5.982097
1.115249
4.87713
5.825667
5.155218
4.307996
-0.2654495
1.094402
0.9823433
3.666579
0.1906357
6.459304
5.068003
-0.265115
3.760581
5.691477
5.68646
1.70687
5.5564
0.07377752
1.013603
4.075041
6.428691
-2.966636
6.136686
4.030342
1.576213
4.579984
3.815114
-0.007955254
4.435603
4.711416
-0.8736316
1.444442
5.442282
1.497923
5.140682
3.924759
7.047777
5.612999
5.420371
5.390003
0.2091488
0.09564599
-0.1848797
3.80137
-1.284186
5.656625
-0.8438774
4.131482
0.3966757
4.387525
5.801783
1.989451
