2.136456
4.978493
5.202531
5.331492
-0.9901522
2.707854
5.046294
3.858629
4.250515
-2.172192
0.8726882
1.320535
5.982881
3.633536
-0.8540336
4.965436
6.077446
5.50993
6.282945
5.726695
4.116273
-0.8894493
1.007058
3.688076
4.75283
5.158797
0.03382351
4.537096
2.130876
3.865787
-0.08945702
3.401378
1.567585
4.742097
1.252474
1.290861
1.548571
0.5356075
4.721357
4.548502
4.620751
5.219817
3.35466
0.9074751
-0.9324722
4.199909
5.203207
5.76483
5.424764
2.009491
4.006133
4.560939
5.05883
-2.199032
0.2125201
3.34822
3.783477
-0.12019
6.198465
4.659401
1.516096
-1.386159
0.5117331
-0.3563981
5.8373
5.058161
4.392856
5.391176
0.479381
5.425078
-0.3441294
4.329575
0.9828539
0.685257
5.357361
7.153647
4.881317
-1.976419
3.412726
0.07123839
0.5883596
0.8412125
6.924694
-0.03184739
-0.6097497
5.796777
5.486102
4.043874
4.430067
0.09157187
6.309755
9.661494
-0.2679427
0.8708164
4.203944
2.31109
-0.2742975
6.072739
-1.199336
5.849973
5.684514
-0.3712806
-1.020456
4.095252
4.474805
3.159914
-0.8996585
4.037344
-1.325271
4.561918
8.368936
6.507376
7.075892
0.2347997
5.41194
-0.9072834
5.20217
5.862509
5.277875
0.1945646
4.737311
5.635089
0.4986486
6.49186
1.526536
6.371158
7.72262
1.39753
0.1426365
4.052916
3.881312
5.647169
7.330775
4.577773
4.754351
4.020482
0.08941218
5.311527
3.07878
4.758174
4.494621
-2.074668
2.408819
3.402393
-1.575773
-0.5118635
-0.6161527
5.450599
-1.139135
5.818159
8.971014
6.774674
-1.100042
0.4215475
4.952124
-0.611424
1.067654
-1.03431
-0.1198464
-1.708318
4.203847
0.3722726
4.801275
1.836186
-0.3225202
6.562379
0.1615056
4.05788
5.777916
6.48166
1.410469
-1.360343
-0.3187748
3.648632
9.551923
-2.022204
3.847148
5.525966
4.733994
0.4575765
0.1938003
4.228817
4.328487
2.259342
4.013387
6.324388
5.339488
4.672679
8.398085
5.956467
5.60045
0.0452909
6.652514
2.076077
0.0003504071
6.476915
10.00571
-0.9829057
5.871234
-0.413968
4.468713
-1.522793
0.6294285
3.681875
1.770195
4.303064
3.995114
4.293676
6.319084
5.82256
-1.37979
0.2572643
5.372386
4.931469
-0.6719776
4.676758
4.128122
5.873792
3.946724
5.500283
6.09192
0.6341442
-0.1504041
5.474184
-1.018989
0.2422067
5.393649
3.996675
4.681291
-2.576758
1.47581
0.946077
-1.583508
5.192936
-0.5894786
4.285481
5.106998
-0.5903727
3.506034
0.5678674
2.682313
2.938163
4.558574
-0.881244
-0.2140022
0.6392807
3.173405
0.4078349
6.989157
0.1396831
