4.592057
3.126428
-0.6501865
4.303258
0.1346633
-0.2501019
4.240814
6.612504
-0.1403069
4.438972
-1.275628
-0.5108135
5.582609
4.94066
-0.1386672
0.187943
1.402441
4.5962
-0.1217317
0.5138501
5.28785
-0.7202427
-1.488809
-1.214016
-1.035606
5.271539
-1.22412
0.5144641
-0.7275715
4.705213
5.590831
4.946231
4.740141
-0.7622873
4.736511
3.55377
3.687659
5.54569
-0.6025438
3.08979
-0.9145782
0.1948798
-0.5489276
-0.01890251
5.154289
0.3116551
4.832482
-0.2632825
4.721545
0.4102905
4.093187
-0.3638185
3.229519
-0.5963392
0.9137754
1.587429
1.307724
-1.429673
6.337626
4.975892
4.99713
-0.4365157
-0.2376197
0.9789287
4.567217
0.5871971
1.613224
0.01437399
5.023451
4.466933
0.5179666
3.370954
4.268355
-1.11022
-0.1400165
1.702804
4.553317
0.163748
0.246324
0.5046251
4.861959
0.1284529
0.9012551
3.377699
3.576416
0.2689468
5.170833
0.2449982
5.801537
3.794969
-0.09569967
4.891312
-0.556134
5.61675
4.257665
4.988782
4.971538
-1.317611
4.000959
-1.234923
4.285146
4.789036
-1.221805
4.779059
5.890489
5.270482
5.464229
-0.9440511
6.80598
0.8747267
5.741722
-1.734383
6.04372
3.215291
4.325334
4.895837
4.721417
1.165778
4.870358
6.899069
0.7548725
6.495616
4.198785
4.808396
1.344461
5.945852
1.006969
3.868989
6.123621
0.2941267
4.68783
1.945209
4.260874
1.103583
1.319497
-2.396826
5.108522
5.115975
0.06984969
7.08916
0.9003583
0.9836985
5.380019
5.262134
6.086432
-0.3536791
4.878531
-0.1834878
5.731677
3.685373
5.089578
6.130186
-1.273444
5.349556
-0.04630212
5.901079
4.084513
-1.182886
3.583126
5.359647
3.122866
5.050489
0.07487841
-0.3877726
5.594144
4.672523
0.1031633
1.543836
-0.548824
4.486579
5.345776
5.045971
-1.221196
4.990355
5.107552
6.169703
5.570318
6.435163
5.741124
4.24968
0.7890649
6.276664
1.118584
5.550979
0.8076468
6.341732
5.030753
4.562974
5.086333
-0.3919136
4.551726
4.52363
7.807822
2.158757
5.228763
-0.9291297
1.002045
5.230272
-1.624798
1.470667
-0.1415801
4.981329
5.343023
0.7340414
1.083312
-1.535757
5.26306
7.207227
7.977028
5.676957
6.833162
5.065778
0.05495412
4.211968
-1.977446
6.892577
5.246121
4.275851
5.186009
-2.413555
-0.8464196
5.355108
3.704025
6.18444
0.6732186
-0.215225
0.8096572
5.757465
-0.4878632
7.406313
6.040841
4.931969
3.544829
5.97216
0.577806
4.265517
2.803494
6.033534
-0.4276406
4.650994
-0.9144868
-0.8328624
-1.484222
5.226223
-1.443012
2.372327
-0.3591063
0.2504695
0.3107552
4.403838
4.442982
6.166637
4.370128
-1.656485
-0.2406993
0.0406204
4.690139
-0.7370291
5.1452
6.25848
4.800788
2.101011
6.512176
0.4753418
-1.213017
-0.2505244
-1.050913
-1.095731
0.03001451
6.686121
-0.4252215
-2.251319
4.734617
3.662989
5.355379
4.226009
5.656711
4.330218
0.9670087
5.909042
2.026167
0.3028884
-0.264256
-1.643762
0.6801274
6.302563
-0.9911518
3.8312
4.679499
-0.2806482
3.640718
3.605135
5.519017
0.3562964
0.5050776
4.942845
5.343784
6.173217
5.43673
5.302862
5.55546
-0.05186347
0.08695985
6.55964
0.5238502
0.2303741
-0.6895238
-0.1585285
3.761358
-0.3054207
6.243322
0.5152569
-0.421526
5.539616
5.159853
5.87053
6.174858
-0.3417842
7.104161
4.70192
6.539505
5.524043
-2.283223
0.5433647
-0.062884
4.06397
-1.738946
-1.250909
4.853398
8.585782
2.565303
6.48993
4.248014
5.366784
4.196159
0.4562767
-0.350065
0.1292904
5.764111
5.390356
-0.5957034
0.07636475
4.278235
5.348814
4.854327
5.71627
4.296709
6.278317
1.553172
4.815256
5.983775
-0.1643247
4.909079
4.371887
1.166859
3.913819
5.153717
-1.095569
3.719228
0.9291669
0.1506317
7.248873
7.319579
-1.616547
1.11959
1.859158
0.06516879
5.748845
3.393313
4.754867
0.8682501
8.22503
-0.02387792
0.369381
6.045321
5.618771
0.4376157
5.523937
0.5164106
0.5770924
5.942683
1.450533
4.132812
1.393334
-0.05216702
5.406084
5.6459
5.16649
0.9050304
0.5280042
-0.3441826
6.304115
7.367663
4.579464
0.4930573
5.831781
3.153313
6.193099
3.354763
-0.7750535
6.193938
5.491397
4.67764
-0.4290588
6.0701
0.592544
-1.356931
6.302115
5.812122
-2.370758
4.275819
2.754218
5.958619
5.273619
5.067216
7.974686
-0.7524866
0.4355541
1.213875
6.213506
10.16092
6.620226
1.508647
2.367671
5.828858
3.404357
5.179337
-2.104747
4.50149
-0.07353612
-1.76474
2.943398
3.883743
5.102034
5.552711
3.803841
6.029094
-0.8625373
3.929274
-0.8394752
4.584353
3.717237
4.585618
-1.199385
-0.4419896
-1.203201
5.458192
-1.398066
6.03418
-0.1164888
4.799562
0.9232662
6.151183
4.795629
-0.2854757
4.906799
0.3841593
-0.3519747
6.024998
4.022855
5.03066
7.268703
4.720079
3.248701
7.258496
2.935335
-0.9939823
0.3802208
3.455717
0.8056063
4.346853
3.525312
4.51479
5.230543
6.933176
0.6609304
5.697962
3.500225
4.688304
-0.1952625
5.903926
5.367704
-0.5041376
1.230151
6.870335
0.6377755
4.150056
-2.580131
6.928278
3.757893
6.160325
6.600363
4.795783
0.3408476
-0.5784414
4.40878
4.959533
5.022201
3.994828
5.576553
-0.1000743
5.430164
4.629921
1.340426
2.329198
0.3781208
4.559701
-2.462962
-1.16414
0.5172572
6.828582
5.966814
5.680977
-1.127797
9.566399
0.07239727
4.273991
3.223299
6.433519
0.3263856
6.397157
7.774114
3.846558
4.670818
4.832379
5.19283
4.841132
4.543437
4.58923
5.286011
7.277228
5.002635
0.5105164
0.004283792
-0.1186043
2.861569
7.574547
5.181229
4.680226
-0.2740737
-0.3968407
3.912612
5.605268
2.131834
3.532725
4.48229
5.828563
-0.1193375
0.222994
5.254724
2.486151
-0.1058144
5.347626
3.036
7.133381
6.796943
5.990402
6.553407
5.464453
-0.2979892
0.4018117
3.800248
1.275399
5.686166
-0.2654669
4.605317
4.603041
7.695208
4.74231
3.790644
4.896622
0.2328635
5.869963
4.619118
3.339732
3.877488
0.1948649
4.4109
0.17946
0.4949267
2.990726
-1.461191
-0.6524523
5.894184
4.819906
0.4142215
3.248717
2.876426
6.218643
6.982792
3.243863
4.533573
0.6001935
-0.6359546
5.78068
4.596132
5.02134
0.3437314
0.3636305
6.649416
-1.465853
4.047626
6.799817
3.108909
0.7556268
3.436644
5.918976
-1.996562
-1.109044
5.824952
7.177915
1.388619
2.436812
5.150184
-2.23536
4.443259
4.215237
6.063865
1.13742
5.131462
6.617349
5.416129
-0.9855876
6.186424
5.622396
2.025134
-0.006969654
6.956999
5.687126
0.04800206
-0.7012339
3.777884
-0.5891895
6.253394
1.04414
4.077764
4.337263
0.5622434
3.145124
-0.2162925
-0.6063795
7.105017
5.690899
6.63449
-0.1062589
3.983137
4.481724
5.881586
-1.75364
0.867634
9.026967
8.895498
6.497606
3.398659
-1.216377
5.315099
-1.23061
-0.2446635
0.2232763
5.503187
0.8495866
-0.318537
4.932737
6.964356
6.360854
6.36853
5.688358
0.8914274
4.848912
5.051836
5.364743
7.643976
5.157674
5.022911
4.968453
-0.4162884
4.604417
3.825083
2.52689
-1.471151
-1.710661
3.853298
4.530345
5.721251
3.113545
4.439484
3.699284
6.192756
-0.4749152
6.419932
4.948541
0.3558387
3.834866
-0.6312096
-1.571391
5.65777
5.339538
4.586429
7.282933
3.476394
5.016484
-0.8941351
4.99408
5.163588
4.698574
3.81279
0.5477786
0.8486433
4.952583
5.504556
-0.5570989
4.139204
6.516633
-0.1872871
5.692623
3.222996
-0.3651574
1.661627
5.693753
0.8722517
4.63329
6.971785
0.3049425
4.508463
5.035808
0.2634298
0.1572365
3.654906
5.858931
0.3884229
1.565629
5.417209
4.810292
0.9356797
-0.2292083
6.228539
4.263417
5.860624
2.819137
-1.606984
0.6071588
-1.3153
3.670986
4.031037
8.279404
4.500804
0.01108239
-1.032756
-0.6172468
-1.080349
4.682122
-0.5105662
7.224577
0.7692704
4.242067
4.011607
-0.4705555
10.25661
6.409467
0.5222836
2.310749
4.859163
-1.23626
-1.045602
0.2511125
4.078279
6.275209
0.428894
2.659715
4.528563
-0.3444715
-0.7196041
5.00781
4.58998
0.2519344
5.043397
6.777054
4.048399
7.018747
-0.01755326
8.083902
5.355677
6.915462
1.876331
-0.3581428
-0.7826172
5.059252
-1.498273
2.942204
4.694751
-1.074853
0.267613
3.720491
5.604154
0.4886308
0.03431838
6.102783
5.658115
-1.255086
-0.003670363
7.175209
4.255031
-0.2386668
-1.387677
4.348251
1.735659
5.03087
3.622236
8.778524
4.660913
3.477518
-0.8117088
1.505573
3.678844
4.826567
4.949466
4.32083
4.539885
0.5886683
-1.068548
1.324778
5.162852
3.22716
6.070192
4.746905
-0.140001
0.3734167
-1.184878
0.3645392
0.9596005
3.817038
6.15594
-0.5024323
4.208064
4.606306
0.3775737
0.5972115
0.8464159
5.234453
4.868997
7.0475
0.9257761
0.6886562
5.60588
3.887584
-1.926464
5.307417
-0.1476704
1.785259
4.921253
4.186868
5.293869
-1.604451
5.608383
6.729249
5.629737
-0.5455651
1.52357
5.217403
5.564679
5.587401
-1.453604
0.3549134
5.866485
4.87017
1.329088
1.844702
-0.0702228
5.352818
4.31474
3.865654
-1.456012
0.5379847
-0.7418702
0.01002056
1.029736
7.082326
0.4615121
5.540753
0.2750074
-1.751927
5.996863
3.667014
3.356274
1.018101
0.9079401
0.2108277
5.552461
6.525587
-1.265657
5.567107
-1.866275
6.711036
6.179525
5.289005
1.913752
2.499902
-0.4176935
2.717091
-0.4681221
-0.6477678
-0.2568402
-1.262049
1.64446
7.494589
4.115547
5.886905
0.06523658
4.616098
-0.7791532
4.3516
-0.8547947
6.666062
6.001088
4.575519
3.037982
4.456978
5.147926
-1.432088
6.370326
5.225927
0.4267891
7.121731
5.252135
5.454533
3.518777
4.682766
0.2635684
0.0914145
6.108603
5.466628
-0.1809589
4.75667
5.675902
6.102214
7.019036
-1.063226
1.757296
5.103086
-0.01891729
1.711284
0.2962901
4.498768
-0.006126298
3.407137
4.491388
-0.6444805
4.575616
-1.929203
-0.6079014
4.73708
4.784318
5.936225
5.827964
-0.9048767
4.53419
5.397514
5.146448
4.842653
4.392316
-0.2255239
4.979653
3.166355
6.815125
1.02741
1.196646
5.027753
-1.230962
6.229135
5.206111
4.755827
-0.3376197
0.2673598
-0.03302481
-0.6320299
1.068889
4.098821
5.144287
4.315882
11.97504
6.367811
-1.070545
-0.8335881
5.080012
6.011811
-0.6661558
4.603763
6.279446
6.447743
-0.1594637
4.615933
-0.05648396
3.839195
-0.4225085
1.525584
0.9548788
6.533001
-1.006244
-0.3234701
0.9315325
9.153633
5.518679
5.925635
4.873327
5.30527
3.802939
-0.3672474
-1.514476
4.708914
-0.9525658
6.264108
-1.060844
1.178333
0.03558245
5.328905
0.3334306
3.73259
5.446321
5.849322
3.491243
3.050672
3.409263
4.670034
4.092617
-1.291745
7.130214
5.070036
6.818277
6.444935
3.491599
6.465426
4.180075
4.515743
-0.230116
-0.05791955
4.949424
4.818089
3.792999
6.434556
5.024346
-1.066916
0.02348122
6.001843
4.619104
3.909008
4.230546
0.51524
1.249003
5.672773
6.559736
4.419566
5.83016
-0.489177
-0.6367374
-2.302311
5.863369
5.023564
-0.7899592
2.258535
4.980051
3.699254
3.247729
5.792121
7.537674
6.023439
0.3387405
5.298196
3.234949
4.433604
2.784638
-0.1907651
4.282872
6.443094
6.946725
4.30408
4.486336
-1.231274
2.541789
-0.7669047
9.346179
4.067622
5.285049
5.206936
0.1278431
7.26275
4.346021
1.310173
4.311842
0.9472656
1.608071
5.676818
4.151402
4.280461
3.040061
1.087756
1.218928
1.372065
0.0009451379
6.997804
0.431726
-0.06100299
-0.6839084
1.143115
-0.000532092
1.151251
5.540408
5.610656
4.999213
4.112791
3.507527
0.1773617
4.793113
0.6200104
6.616243
4.585044
4.662023
5.192601
3.561392
5.160257
-0.6586149
4.825257
4.781435
5.43211
1.021442
5.252576
-0.3397728
4.18973
5.09835
5.648481
1.480899
2.959184
5.265069
5.804033
-1.578049
5.286214
3.947874
0.2259718
3.07664
-0.947394
5.544444
5.009532
4.252838
0.2940198
6.456367
-0.1595785
-0.4695528
-0.6765843
4.573627
5.537034
4.237096
-1.020433
4.961436
3.59109
0.3214752
10.682
4.298488
-1.169985
-0.2033504
0.2018232
5.260201
4.630114
6.510484
6.20593
-0.7079156
5.123563
4.990086
0.6915329
-0.8860463
5.292966
5.640314
-0.08129868
4.266621
0.9224342
6.609267
4.464207
6.238692
6.112671
9.901314
8.055596
5.461762
4.921269
6.881459
6.297174
6.113615
3.651138
3.948521
0.9619192
1.66661
9.270782
5.757956
-0.2638353
1.276009
1.37096
4.940194
4.381435
4.205594
1.273406
5.379549
5.482296
3.92579
2.790336
1.300087
5.189389
5.311338
0.4863945
5.109507
3.51501
5.617628
8.643904
1.157874
3.837716
3.1074
5.371667
-0.7173283
1.349516
0.6097709
3.835418
5.916182
5.7124
4.420521
-1.201056
-0.6702164
5.424295
5.079821
0.07113965
0.2983845
-1.661362
4.586185
0.5580458
0.1052398
-0.1978948
3.168722
4.021886
3.748675
0.394544
-1.342048
3.048557
5.759302
5.946524
6.631441
4.883376
4.276416
-1.622916
5.852968
4.714272
8.947306
0.6103074
5.712654
5.461576
0.9937148
4.042633
6.780362
4.507804
4.386872
3.581031
3.773588
8.918337
-0.121659
3.535361
2.287185
4.876964
4.358433
5.817149
8.629497
5.730553
5.456706
3.76949
0.4905161
4.555621
5.5353
-1.450851
3.492032
4.361764
5.56152
4.39195
-0.2274867
3.096039
3.526203
4.360411
0.6403205
-0.7858182
4.268434
3.79322
4.280283
4.497334
3.980758
4.701017
5.642144
-0.2496086
1.608081
-1.985008
4.202194
5.259526
-1.009055
1.234926
-0.5446704
4.128277
6.566288
0.2838033
3.754651
6.009377
6.039407
6.681066
-0.6181688
5.265284
0.3129783
0.2150406
0.4841502
5.954837
4.792251
-0.9828426
-0.5793232
7.053675
-1.959123
4.596761
0.4426384
6.259086
3.857948
4.243979
0.9431849
5.21528
-0.2642725
3.101087
-0.3549714
5.237874
5.815126
3.90929
6.239202
0.1270653
5.400679
4.872202
4.855224
0.9014559
-0.7155842
5.982459
4.905862
1.282059
0.7985169
5.293661
4.524174
0.3195031
4.130162
-1.027691
4.618098
6.391028
5.265742
1.276657
5.189408
5.579891
-0.2865027
-2.114636
-0.1003105
3.502763
0.56104
5.437146
-0.0805879
3.733689
5.059445
1.895121
5.436632
0.4099286
6.373808
10.66587
4.99429
-0.2150949
-0.488985
5.172577
3.744046
4.069442
9.544035
5.302241
0.830896
5.664473
1.070816
5.119876
0.9425976
4.999355
0.584861
4.738009
4.144912
-1.006856
5.410731
3.652969
-0.1398739
3.420357
5.474304
-1.04239
4.02527
0.1134368
5.671013
-0.09014634
-0.01501116
5.074961
5.445682
1.095525
5.026296
-0.9220172
0.1781435
-0.3430391
1.641801
6.098326
6.384473
-0.6211555
3.13195
1.651765
4.329811
4.817948
4.639069
4.780437
0.5626489
4.19734
5.881706
1.381752
0.1813173
4.496496
5.808271
5.066365
5.903712
0.09729387
6.825857
4.962429
-0.4430751
6.576674
1.25145
-0.5141595
0.1893262
-1.178919
6.378159
5.483722
3.704839
-1.512729
4.585539
1.033204
7.611373
0.3082413
0.8090744
5.81756
-0.8962738
2.579631
0.6150053
1.458675
0.8716115
-0.4199836
1.471567
0.2857587
0.5762471
5.156918
3.040661
-0.163907
0.8744396
-1.345773
1.378953
5.636417
-0.118979
6.191043
3.783497
-0.05782332
7.542866
5.478751
-0.6814403
4.779561
-0.3701723
2.113442
6.526743
1.160805
4.515539
1.185819
4.861956
-0.6433896
5.910981
4.378419
3.659573
4.63406
4.044283
0.3834321
3.551626
4.815055
5.457086
4.40062
5.59649
0.4420427
2.592543
4.383474
7.274709
1.330214
7.58388
4.468871
0.2852137
-0.243673
-0.9690297
5.24982
5.459637
4.586413
0.8685448
6.022347
1.454143
-0.2012882
-1.958595
6.908006
0.838591
1.139763
-1.063474
5.150892
1.155561
4.162866
5.183517
4.536307
5.395684
-1.195683
4.11742
4.602992
5.80693
4.820843
-0.7345814
5.629305
-0.7325899
4.091022
4.929348
0.9735575
4.643983
0.5722126
4.362454
-1.586736
0.02541039
5.944794
6.511634
0.1770961
1.596403
4.918068
0.09921721
1.440765
6.33044
0.1633824
4.548409
6.696373
0.05953325
3.786598
8.271992
0.4509473
0.07673493
1.296354
4.476007
1.233513
-0.05529112
5.725418
4.120898
4.46159
2.932487
-0.5977383
5.511653
5.521996
-2.562829
5.506559
0.1356525
0.7800179
-0.6387473
1.188556
0.454715
3.19725
-0.1007997
-0.8027621
-1.075265
5.858492
2.505962
4.895192
0.08058507
6.723114
4.833319
-0.04171277
5.309119
-0.110694
4.289401
5.781785
7.023614
4.502322
4.316581
3.722739
5.040542
0.1466918
5.774628
2.098327
-0.8403943
-0.9450613
-0.3695258
5.127602
5.095096
5.160128
0.2741604
6.6979
5.437597
4.056506
5.325501
3.806538
-1.02832
4.740385
3.499378
7.117743
4.719716
4.163946
3.459236
-1.21
4.187168
4.075491
3.204981
5.043035
-0.2589098
1.570931
5.245807
6.865961
0.1615504
0.4101172
1.191567
3.653088
-0.29747
7.114133
4.838222
6.493916
5.500232
-0.2260763
4.493807
5.051564
-1.065929
0.1374679
0.4045693
0.8008578
4.942121
4.281235
3.058382
-0.5775543
0.4666756
4.150215
5.65283
3.526937
0.6205059
4.55501
2.471461
4.333988
-0.2609517
6.354896
-0.6076329
-0.840213
1.953453
6.603549
-0.5975847
-0.5895211
6.002882
5.412924
0.6680027
12.2609
-1.465688
2.869098
0.5760878
7.081651
0.8393251
6.168202
5.205455
3.890219
7.326714
3.551247
-1.083718
8.47992
0.7270019
-0.6235338
4.426794
-0.6677285
1.050486
-1.449302
1.993667
4.976232
5.434306
-0.6860057
5.216278
5.223925
6.617605
4.118277
7.853396
4.033039
4.439695
0.9547562
4.63104
6.077401
6.106854
-0.07748908
-2.663814
3.502744
3.682943
5.451342
2.121331
7.698832
4.046376
5.278945
4.505077
4.065552
0.3093188
0.6296677
-1.076047
-0.8085766
-0.9963447
0.6414552
3.798731
3.735973
4.397906
3.482481
3.180337
5.577131
3.686843
2.193164
7.502837
6.783459
0.490894
-0.4110115
-1.406204
4.296332
4.454081
0.02118638
5.439619
5.905313
5.320508
0.6168027
3.788685
5.185774
6.83904
5.04506
0.9463243
5.33993
3.96041
5.584226
0.2648464
-3.121061
6.52803
5.193457
-1.421824
4.341654
0.1232475
1.24569
0.2620684
5.551202
-0.2108177
5.998753
5.662006
3.597953
0.1155633
5.683035
5.877638
-0.5161544
0.5966017
-0.04397468
7.271817
-0.3043303
10.46878
0.6767615
5.426808
6.435333
-0.1285815
0.7144819
3.181875
4.189777
5.763653
3.883748
5.285923
0.2394808
4.726757
5.719426
0.06582727
5.788265
6.180602
0.4921477
-0.1036882
0.3356487
4.553385
-0.02590672
1.397371
4.20517
-0.572172
-0.9899322
4.890388
5.547233
4.943681
5.611584
-0.1786911
4.532155
-1.534694
5.153049
4.95629
0.673399
4.956649
5.347175
1.00668
4.983012
3.632109
5.892215
0.5596383
5.811211
6.352138
4.161306
4.372847
0.7167582
4.084402
3.88564
0.6514864
0.1094099
0.4859598
-0.02756266
5.035182
-0.6819976
7.168219
4.227816
6.678155
1.151452
4.856623
-2.757122
5.987029
4.39549
-0.09263596
2.055598
3.421085
-0.3313766
4.468031
4.080721
5.57036
0.7561885
1.681049
-0.8256067
-0.9349572
4.634753
4.507426
4.125453
-0.534089
5.155948
-0.153174
5.285769
1.089622
-1.42847
-1.963461
-1.290324
-0.2020619
5.820097
5.519371
5.380003
5.800889
-1.658049
0.4013941
0.4705496
4.675551
0.51858
4.838447
6.977218
2.266809
0.9527289
4.944473
3.174338
1.744142
0.5979859
5.107139
0.3456253
5.666253
4.65536
4.297242
0.7252275
1.232166
0.237219
3.595598
4.502981
-0.6193612
8.799626
5.858346
0.06046951
4.092764
1.130036
5.61679
5.39023
3.056387
-1.273923
4.3507
3.736171
5.205277
7.128049
0.3881794
-1.434785
-0.4322261
7.016361
0.3585203
4.260165
3.926338
5.721845
-0.3251571
5.021002
-0.3417492
-1.082579
0.6222006
5.525545
8.034822
-1.164159
-0.739267
-0.3441967
5.998631
0.7707675
5.204043
5.053393
0.1687691
0.9703909
4.568675
4.66713
1.740722
0.8786771
1.04387
0.2275416
5.74763
2.085318
4.25251
3.729225
-1.1259
-0.1042591
5.108626
0.3269909
0.5466566
5.602055
5.357417
0.5701566
-0.747591
6.044639
4.405639
6.933565
5.687217
4.855372
4.450247
0.08983701
5.677052
3.516938
4.682821
4.871593
3.84734
-1.635969
0.6152452
-0.8623052
1.207304
4.241159
-1.189091
0.02991161
5.354783
6.040005
5.112033
4.571105
4.475063
0.769038
0.2533342
4.911513
-0.05204449
-0.5909926
-0.3752061
6.251136
-0.3499662
4.350476
6.101829
5.980396
4.768898
0.5400152
1.250798
0.4039913
4.427035
-0.09377465
4.243432
-1.068342
4.838685
5.676874
0.02990671
5.643263
3.85702
5.187621
-0.362224
-1.748366
0.007330775
5.392386
4.087004
-0.7256087
4.342372
-0.1797163
1.400503
-1.325741
0.1304056
12.22064
6.398885
3.916679
4.86348
5.254525
1.373049
-1.543091
4.299317
3.526874
0.8971904
5.242965
4.766134
4.414999
1.240129
2.302596
5.4822
5.127621
0.9028936
0.6982447
0.5125822
5.639686
3.955212
-0.7340772
7.431949
5.927986
3.276435
-1.302263
-0.8682229
5.292899
4.480415
4.576865
-0.1893494
4.804531
-1.320116
4.96634
3.890698
-0.4164924
6.41368
-0.4884778
-1.834734
-3.38487
-0.8509681
5.419995
-0.5718995
3.618852
0.3691417
4.009443
0.3867294
-0.4953066
1.574236
4.816254
4.982928
5.373023
6.112391
5.734563
2.420466
5.156731
4.262649
4.572101
-1.336785
-0.4424429
5.845443
6.327386
4.193752
5.543347
6.784192
4.640419
-0.6251982
5.294038
5.252036
3.466757
-0.05218148
3.264489
3.854139
5.088591
-0.5636799
0.3560327
4.219096
3.655152
12.42397
5.864142
-0.9313196
5.028322
4.701773
3.96313
-0.3276777
6.106189
6.65147
0.06729766
2.159565
-0.5455294
4.709898
3.822468
0.5940024
2.118813
4.71873
0.1917702
1.241155
6.618586
7.516655
2.865739
5.773264
6.038727
5.215977
0.1221143
6.058225
5.353812
-1.874941
-1.275378
-0.2473212
0.5367058
5.354678
-1.490673
1.37674
4.078737
5.108656
5.72945
5.65781
5.991169
4.92001
0.3938585
6.274906
6.354757
6.118847
5.490394
1.327358
0.2642744
-0.5452921
1.167143
5.74394
-0.8161611
5.803254
4.974934
3.567941
6.307126
-1.062685
10.79743
1.88247
-1.187907
3.758346
5.105901
4.904749
5.840984
9.217167
4.875449
4.558276
7.128592
4.933095
3.641426
0.002207059
5.904164
5.051102
1.665516
-0.1601317
4.81966
4.659187
2.704602
-1.683008
6.241863
0.07593805
-1.307675
1.32039
6.994363
4.795613
5.625326
1.323293
4.703348
6.163109
1.238092
0.6293611
-2.451162
7.072281
6.462025
4.66326
3.893235
1.238667
4.969398
0.2735629
3.438626
-0.7845961
5.499246
5.306178
-0.5315384
5.575781
1.410621
2.164782
0.3294293
-1.218822
3.654215
6.713793
3.852281
4.938691
6.630504
8.121219
-0.2919831
4.11428
-0.5760766
3.876741
5.139107
0.1626609
-0.7021215
-1.846577
3.950113
6.145623
0.4113702
1.764576
5.382082
5.835406
5.310237
4.173691
7.346163
4.142824
5.148671
5.881281
0.8436583
1.701947
4.999841
5.607711
4.541613
7.509816
1.761604
4.079588
-0.07128413
4.814968
1.553304
1.361342
1.94459
-0.6652427
-0.3075533
0.6716681
5.394497
-0.1883102
0.9213957
4.498771
0.07281427
1.346193
-0.6441661
-0.9285599
5.832291
0.6489394
6.18519
-0.2368266
-1.422891
4.525842
5.785796
-0.8311969
6.560132
4.128706
7.16467
5.520007
0.09194126
-1.943609
3.787731
6.670238
-0.2679635
-1.645503
5.273156
-1.015203
-0.3648883
4.618732
3.761286
6.725578
5.492687
4.923734
4.438257
4.399463
0.04730659
3.205735
-0.7168275
0.09105622
5.401385
4.689972
-0.2044941
5.15141
6.04337
4.552441
0.4306063
5.930451
5.160754
-0.7575309
3.686888
-0.04349581
8.529482
5.744862
5.203163
3.667624
-0.3196049
5.14673
5.868115
0.8376823
-1.617442
4.509669
5.241249
-0.5642032
0.1684569
-0.6715754
0.8668866
0.5571851
5.465025
4.309634
-0.3311135
-0.5750794
6.075658
-1.3611
8.114435
-1.836739
4.719977
3.885827
-0.1439321
1.491225
8.363364
6.450832
4.417319
1.00312
3.910368
5.91536
8.506312
0.2930882
0.7643337
0.4440403
2.781888
4.35509
0.3435946
5.803609
3.692828
0.8451747
0.8885132
5.067924
4.575878
-1.011822
5.471344
3.871015
6.317622
0.06038568
0.6513318
6.368951
0.6300985
3.246289
1.45376
-0.6600551
4.622928
4.91941
-0.647552
0.6859236
6.102517
3.061583
5.312683
6.166896
4.953136
4.576413
0.4310862
5.608566
2.598063
-1.613591
6.122418
1.543896
5.72702
3.343887
4.064258
4.87432
5.721533
0.7045311
-0.6027536
5.262442
0.6648692
0.7466637
3.326684
5.825462
6.244185
1.950052
9.777409
7.11319
5.751908
4.315995
0.1301656
-0.5592502
5.026725
0.07697245
4.511541
4.459391
0.8239167
-2.04952
-1.186485
-0.5358908
5.810289
-0.4456301
2.312796
3.886581
0.5961173
5.237736
1.578914
0.6660633
5.032023
-0.5555753
2.941567
6.032888
0.01447156
-0.6264574
4.615061
7.383624
0.006237636
-0.5056493
5.706894
6.758818
4.89657
7.474465
0.8776848
1.7905
6.079993
0.6334523
5.956597
3.34393
0.1777885
4.178866
4.209302
5.371903
1.394749
4.922841
2.054461
1.617934
7.090279
5.877802
0.4688443
5.226245
6.69783
1.764006
1.826137
0.7080707
5.336754
4.4691
0.8901208
4.27065
4.436102
4.104199
4.982529
5.084996
0.9176466
2.097926
2.795521
7.483966
0.4957375
0.3937626
1.105858
3.981837
1.29534
4.278813
4.622157
0.4042512
0.2089343
4.27503
2.619801
-0.4349003
4.777295
4.632604
4.513441
4.292457
1.723995
1.255335
5.492275
3.813836
4.515799
-0.08965596
5.246822
5.880481
1.127149
3.228751
-0.4496595
4.202975
3.530098
5.117605
5.10694
4.814177
5.603035
4.695105
0.3730334
1.04804
1.2821
6.465598
-0.9345509
4.100176
5.055536
3.66021
6.061282
4.590385
-1.371526
3.509353
0.5692579
0.5293798
0.2502441
0.7048043
1.710868
-2.111631
0.3684074
5.90845
-0.730424
3.134488
6.416832
0.1553879
4.469739
5.254027
1.181945
4.774675
-0.9424607
3.701267
-1.249667
3.179326
1.214735
-2.692416
5.232844
4.784334
5.365854
11.85519
-0.1872484
6.355324
5.352857
0.8927009
0.6242291
5.292017
9.086684
2.155345
0.1247135
5.821428
4.363671
7.947459
4.70057
4.372832
4.048769
0.4672278
5.353926
6.164984
5.230085
4.188209
5.711922
1.656644
3.974685
3.854912
-0.3874004
-0.3649735
0.2639925
0.1326076
-0.2861925
7.843446
5.21978
5.660166
6.095397
4.018884
5.441741
1.065948
5.459442
-0.3342896
5.409987
5.632456
1.337065
4.243497
0.9182097
3.238795
4.438108
4.731352
5.885833
5.296435
0.6814363
0.2642398
7.366529
4.781417
1.809093
0.6042981
0.1553954
2.654048
6.039591
-0.661139
0.4889259
6.309549
5.380547
1.139075
4.821031
6.365537
-1.051283
0.29232
-1.852035
4.25401
6.655734
4.59335
-0.6893473
-2.756863
-1.462377
0.3032397
1.860247
4.918952
4.886766
6.194666
6.026452
6.232305
-0.5845286
5.004633
0.03525709
0.154641
0.134979
4.49511
-0.4861717
4.906457
-0.5963263
1.813259
0.645179
4.250536
0.1783044
5.597882
4.911091
0.005613188
7.327202
4.792952
-1.159776
1.670258
6.669806
-1.766498
2.601428
0.394977
4.46597
4.24946
0.4728151
3.830287
6.173346
6.429387
4.870756
4.692394
5.459353
0.008291914
4.69962
-0.6310762
3.247033
0.4884116
-0.619833
4.858451
0.1857911
4.353127
9.83308
-0.8071294
3.560172
4.834557
0.9443141
-1.189171
5.49883
-1.040904
5.380363
6.0758
5.121032
3.773417
5.893454
0.208942
5.448976
5.603769
-0.5953644
5.283258
5.732648
3.649919
-0.3442389
1.309781
3.10829
-0.298388
5.915699
1.34802
-1.431546
6.267277
6.72131
-1.861084
0.2641918
4.76859
0.06692618
5.875325
-1.336797
5.433137
3.617618
2.166991
4.092893
4.986036
4.280338
4.714273
5.139286
5.660284
4.832942
6.783623
4.908092
5.784777
5.502016
-1.351627
-0.2970982
-0.4543956
5.501916
-0.7765335
1.277101
5.793684
4.438108
-0.43216
3.985172
3.174623
6.306547
5.491794
0.7158655
6.347022
-0.04406392
4.972612
-0.2979732
4.24838
0.1622409
3.403726
-0.7343288
-1.185809
-1.567683
3.411394
0.7278184
-0.8547015
-1.4485
1.289135
-1.290003
4.047698
5.110622
0.5539587
5.212788
5.074192
-0.5361059
4.028065
-1.458508
4.422526
-2.206522
-0.06428357
4.938145
-2.690253
0.5081878
0.6295875
5.663658
-0.8533653
4.711179
4.480711
0.6970605
4.89351
5.539662
7.21063
5.775917
4.964328
-0.5297733
5.611337
3.934298
5.428829
5.849044
-1.115088
-1.940187
6.295626
4.376853
1.450854
7.598472
3.713236
3.970349
6.445744
0.9212888
5.670969
0.9197191
-0.266986
0.2009924
4.48207
-0.7939128
3.512549
-0.2541658
5.152619
6.452488
3.108187
0.6045328
-0.8264811
0.1665825
-0.1272886
7.667417
4.898495
-2.03922
5.457602
4.42459
4.931064
0.6116494
5.524018
4.87345
-0.6664521
3.777214
5.352419
-1.503536
5.523377
5.662565
-1.49105
2.63255
4.167529
1.074036
6.235104
1.337217
0.7998499
-2.267743
4.587104
5.031419
3.551563
5.795007
-1.16064
6.00416
3.817169
5.029144
6.119844
3.973279
1.509892
-2.809391
4.410036
5.515501
6.224465
3.506453
5.437762
6.895405
1.004093
5.079951
5.429733
4.31296
1.450722
3.561706
5.364889
5.318547
6.034378
4.6372
5.677857
5.094682
0.7739038
0.5968262
3.522882
-0.4830203
5.305338
8.191424
5.302564
5.125361
4.435618
4.244378
4.063033
4.88392
5.918796
0.8044134
-1.000252
3.326546
2.432571
-2.246453
6.34426
4.634669
-1.125474
6.848423
4.252275
5.685199
6.726856
3.39043
-1.821046
1.149692
0.9000707
4.07234
6.190906
-0.2669367
5.230579
5.002371
1.016546
-0.7945404
3.906256
0.1951146
4.201018
1.763541
0.2800294
4.786384
6.899008
-2.070468
4.620655
5.893123
5.592663
3.69987
0.5995675
9.514913
-1.957823
3.789159
0.6288509
-0.3721956
4.429714
0.4344528
5.179423
5.53222
4.716029
5.077585
1.106107
5.232516
1.54334
5.178498
4.580026
6.783197
4.551839
-0.8140973
6.474145
-0.09300179
4.473569
4.451938
0.1262489
5.572309
4.004317
-0.8105099
-1.08937
3.834969
3.835761
-0.204777
5.539039
0.1689386
3.930803
2.929911
-1.91301
5.932544
-1.049055
0.6454997
-0.8667082
6.598672
6.135024
3.076631
5.072469
0.2585564
5.549307
-0.9963298
0.7398891
6.514109
-0.8763914
0.6184644
5.672719
6.928581
5.76899
4.200153
5.219069
-1.807615
0.4566163
5.708197
4.590702
-0.2104966
-0.651385
0.05405631
3.448885
5.707982
4.127905
9.62362
6.927794
0.259271
-0.7535757
2.884268
-0.8463673
5.197739
6.012567
3.344676
6.535485
-0.7784427
-0.477948
4.024214
-0.478973
2.815533
0.4822189
4.264065
-0.08176615
5.164502
1.254
6.072607
3.611197
4.135764
5.657491
0.5956511
-1.069121
4.613498
6.729905
5.248883
4.132267
5.496213
1.140071
3.950905
-1.206058
0.7044208
-0.08205044
0.4510629
5.519751
0.8292354
2.441247
0.1993332
6.110098
0.8921099
1.821573
4.274256
6.045325
1.581914
3.195604
3.611097
0.9484844
5.498614
6.192588
5.601587
4.559713
5.006854
3.993568
1.782327
0.6407258
5.491593
-1.659175
4.224817
-1.428874
0.09225485
4.768526
5.446833
-1.442779
0.4510226
5.839764
0.63844
11.74642
0.008066054
-0.03439223
7.079818
-0.5919486
-0.2154238
6.63045
0.8907351
12.88124
0.7285263
4.323521
4.953375
-0.8071947
0.9726471
5.487769
6.240662
-0.5902798
2.961125
5.541567
6.553067
-0.6617718
6.541358
-2.530534
3.0785
5.015097
4.276885
1.270704
4.847149
5.31413
4.780942
3.386557
5.30537
-2.466258
-1.111023
10.20522
-0.8972886
-2.098276
4.310968
5.589311
0.6918849
6.793637
1.94054
5.626539
5.425533
-1.2941
5.327916
4.610069
-0.8497442
0.2461749
6.145712
-0.7695565
4.416509
-1.044724
3.084996
1.813964
4.035167
-0.9342494
-1.081486
6.003109
4.134099
4.142245
6.314532
4.40178
4.573135
0.7575887
6.80157
3.396958
0.3979222
0.3874498
7.567618
0.06109843
3.019205
2.783
-0.292898
4.608802
5.993071
4.944723
5.079865
4.873688
-0.5045896
5.709376
4.417801
-1.426359
5.0204
-1.242692
5.762635
1.203492
5.320877
1.07947
-1.559523
2.579833
4.993179
-0.4353712
2.168164
-0.6722639
4.898198
5.205162
5.911816
6.499629
0.7117896
1.066003
5.013843
0.7779447
5.531092
-0.1586593
1.030022
-0.2901245
2.45314
6.95883
4.114857
-0.8434407
3.843577
-0.8339731
5.89711
-0.4031053
6.397994
4.193304
4.987332
3.201393
5.469583
-2.321455
5.251233
1.298591
3.888904
4.721944
0.02139364
4.501781
3.611654
0.02139284
5.533517
1.49315
-1.574395
-0.3978824
3.024372
5.439875
4.683501
4.694735
-1.253246
7.30793
0.7499018
5.202195
0.5577123
-0.1803728
-0.5349958
4.34412
5.59651
-1.023611
5.885119
2.629527
3.008749
3.927197
10.20979
-0.7362022
2.293289
3.88428
-0.08113896
6.955627
1.110786
-0.2605282
5.366606
3.385645
3.251344
8.754599
5.389763
-0.569995
2.701516
2.370653
1.012129
4.167241
4.479877
0.4361894
2.206943
-1.069771
-0.9597431
-0.1027033
0.7955074
9.561654
-0.9149886
6.912472
5.210894
4.510222
3.834307
3.242012
5.350783
0.4872324
4.302162
-1.073084
6.524365
1.057211
1.412953
3.874561
4.200496
-0.4288184
-0.0756862
0.09214942
0.3059761
4.735869
1.484655
-0.09221635
6.647754
-0.2787563
8.45692
7.045556
5.743129
1.334343
4.225167
4.76108
0.8330881
6.597497
-0.264567
4.424381
6.188594
5.475724
3.963391
2.885414
1.836354
6.500034
0.1250101
5.701649
-0.4966763
6.010186
-0.9529492
-2.189686
5.110651
6.084275
0.5753598
6.055309
8.059213
-0.7709725
-0.2721038
5.013339
-0.772448
0.8477146
5.087618
4.791627
3.163455
6.053396
4.171738
0.2263384
5.495761
5.745978
4.318252
5.415508
0.3880248
1.184342
4.972845
0.1595462
5.21846
3.215637
3.845395
4.443974
5.565861
3.462603
5.405523
1.424477
-0.9322104
-1.123293
1.850035
4.735706
0.1514783
4.835979
-0.7588594
4.80981
-0.2065315
-0.06241219
6.327742
1.472294
4.83106
5.480087
0.4293527
4.542176
5.240624
5.666925
6.183797
4.279446
4.249389
0.989932
-0.06213964
-0.4570372
5.834717
-1.873344
1.906501
5.978525
4.625563
-0.11925
3.398191
0.7918173
0.8627601
0.4476608
6.61758
4.518991
5.430168
5.468943
2.796981
6.979681
6.371752
3.589155
0.4587965
5.159694
3.419028
5.34686
0.6886633
1.128532
3.738726
4.487951
3.131542
4.612361
-0.3974305
-0.2710118
4.018108
0.07778232
2.279416
5.21737
4.553625
7.89885
5.534556
4.948989
5.629094
-1.136897
4.903463
5.598354
4.959781
4.431028
6.726407
-0.9339334
5.199565
-0.3484785
0.4024785
5.954157
5.685293
5.007231
3.69035
4.86502
0.4596794
4.271663
3.411974
3.777683
0.9230732
-1.905057
4.680097
5.316384
4.241789
0.8339653
6.241523
-0.1636971
4.524474
5.714937
5.905838
-1.354987
0.5636385
5.921128
5.29058
-0.02585724
-0.4958384
5.36761
-0.9520047
6.325575
-1.816901
3.363579
1.663232
-0.4265347
5.009195
5.31982
2.846173
1.06507
5.865473
-1.2484
-0.5125067
5.609002
5.2363
3.325482
-0.2299843
-0.07942767
7.243054
5.636323
6.418001
4.785219
1.088786
0.7806835
-0.7690123
2.466138
8.631158
5.892955
0.9942758
5.503719
5.274637
4.973233
6.003219
-0.4566445
6.405242
3.448031
3.613819
-0.0811184
-0.4938403
-0.533317
5.903469
8.952091
-0.3507041
4.459662
6.10327
-0.574466
0.8150823
5.271232
5.923818
3.882492
5.492373
0.6009934
3.692854
1.483664
5.93555
4.326883
2.295318
5.238339
-1.335337
-0.7213436
-0.6987487
1.678727
5.224124
-1.5802
4.664453
5.463954
-1.649467
5.020044
-0.7136434
3.547761
5.423385
1.154948
7.133176
-0.3544723
0.2368161
3.744078
6.622231
-0.9390895
5.293629
0.1425117
0.1673312
3.857956
-0.02091178
5.962969
1.076326
-0.003665498
4.581899
5.96965
0.2551461
4.540372
5.117181
-1.24859
2.430628
9.213466
5.893728
1.459392
5.180648
-2.30321
4.860828
4.070837
6.453987
2.725842
-0.1415928
-0.4558538
-0.03374996
5.670986
0.3393686
3.970063
5.56108
5.081429
0.8195831
6.218166
5.007176
3.10921
4.285316
4.13331
5.036236
4.483156
3.186936
5.656316
-3.22823
4.731498
-1.178739
5.220607
0.712774
-1.471874
-0.4425651
6.759733
0.1855278
-0.196415
-0.1419764
0.6623321
6.119716
0.1995188
2.603535
5.598333
0.4996148
5.78896
-1.148805
-1.110684
4.672793
4.097564
6.293988
-0.2859788
4.636273
4.843225
5.144459
1.85204
-0.906447
1.560509
4.866561
5.487462
6.108827
3.816627
5.082323
-0.5284427
0.9043145
0.6310404
5.693101
-1.245538
1.581533
5.46381
0.3568913
4.372776
4.833364
1.315877
-1.743987
0.1740551
4.103154
1.547964
4.033993
-2.710375
-1.077194
0.05450842
5.588034
7.221273
1.355078
-0.7493634
2.884483
-0.4667268
-0.7834774
4.576372
-0.855131
0.8018989
5.815642
-0.7975855
2.950945
0.9308263
-2.297614
0.3786289
-0.2663873
0.7218282
3.72412
6.774021
-1.00924
-0.5101135
2.089377
0.03063051
4.342678
6.396286
3.246305
0.08005419
-0.5989937
5.19809
0.3012631
0.4980616
-0.6060123
6.831159
4.006826
6.052283
-0.9807153
-0.8284219
4.154522
-0.3115651
5.489358
4.938976
1.696977
-1.658897
-0.1230711
-0.2527584
4.866473
5.650188
5.379735
0.8779124
5.489569
-0.6792414
-0.0631247
-1.047338
4.298128
1.584309
1.990084
6.910504
0.3812698
7.486446
7.581286
1.009942
4.779573
4.611227
4.057031
4.316556
4.657054
5.09611
-1.6838
4.765637
4.976869
-2.319457
4.74448
-0.465204
4.25472
5.157762
7.46129
0.4745517
8.041084
4.166277
5.746648
1.692421
4.671168
-1.30449
0.01813509
3.609628
5.808425
3.084748
5.518658
5.334369
4.678279
-1.645097
5.480229
3.328286
4.575496
12.6425
1.449978
5.161132
5.000869
0.6291825
5.93417
-0.9903864
3.902134
0.5293954
0.6936211
5.648975
-0.1556619
-0.8807444
4.691884
6.345541
5.849673
5.422167
-0.4268765
2.440997
6.325062
0.2641148
5.544606
5.426023
3.636483
0.6763622
5.327313
5.400806
5.073423
-1.791776
0.04820472
5.568795
4.01939
5.665651
6.275394
-0.1021867
3.448956
0.7999909
2.009751
-1.507594
1.494883
-0.2029572
0.4997523
4.569917
5.904212
-0.5112508
3.242296
0.6114957
5.964534
-0.790028
4.358356
0.008262729
-0.4276021
3.99501
-0.706582
1.19249
4.418323
-0.6051317
6.612317
6.959115
4.562249
6.08985
5.248007
-0.05838323
-0.08150747
4.743317
4.582847
0.4763121
5.401657
3.885883
6.85845
0.6921531
3.030844
2.098131
0.3469355
4.683457
5.493918
-0.1983677
0.3703992
1.171641
2.243301
0.1039872
3.101635
-2.973583
5.477426
5.843153
5.590198
1.497605
6.465464
-0.4317969
1.460317
4.354981
3.430926
-0.7926553
4.942165
-0.5017095
-0.02862133
-0.4390499
4.775742
5.172036
5.66228
-0.9453828
5.095661
5.618434
4.619824
0.3277818
4.645986
-1.018938
6.417413
5.009152
3.79768
6.079751
1.057608
-1.508405
-0.1125927
0.3514236
4.904192
4.756943
0.5604887
-1.460148
5.778711
3.62387
0.410642
-1.982614
6.773057
3.80873
4.000891
2.97129
3.820853
6.6821
0.8551383
3.82812
7.06861
5.567708
-1.621672
-0.5317336
4.893823
4.699485
5.525723
3.700415
0.7097191
4.270436
-0.2764455
3.12011
3.618224
4.584035
-1.547653
-0.6031023
1.403887
0.1659593
-1.169992
5.5152
2.923664
4.881986
4.798431
5.637784
1.988475
5.953177
-0.3313326
5.460525
5.625694
5.576222
-0.3697236
3.920703
-0.1536765
4.213466
7.391223
5.647309
3.382899
3.598694
0.01080963
2.544446
-0.6809483
8.33706
5.284766
-1.151962
5.111227
-0.1453655
4.229103
6.187804
4.652275
-0.7460508
4.668206
7.627596
7.013501
4.918934
1.191747
-0.3818251
3.4972
4.984224
3.045101
4.891948
0.4881168
1.13887
1.914584
5.063858
0.1588658
-0.02578699
0.9382568
-0.8743798
1.259866
5.386894
4.486382
4.96573
6.073877
5.155032
1.887039
-0.7302354
0.8390699
1.587301
2.877087
-0.9981272
6.018198
-0.5311161
-1.468105
5.666495
7.404589
4.904645
-1.152518
4.464254
6.292286
6.222773
5.920868
5.967601
-0.2410723
5.543233
4.444045
11.09417
5.070037
-0.02085176
5.631105
5.654583
0.2137918
5.652262
5.43347
8.937474
-0.4070486
5.243877
-0.4097759
6.672704
5.808913
-2.299293
4.758038
3.461909
-0.7281971
2.203803
-1.39262
4.651704
0.1162761
-0.1558888
1.898239
-1.567704
5.933924
0.9054672
0.2490576
-0.3296964
0.8212067
2.814357
-0.153607
-0.1527109
1.384864
4.134092
4.514142
4.508781
3.344039
2.943991
0.2641073
-0.8024851
-1.095793
5.543715
4.151133
4.226655
2.490266
3.592572
6.117531
4.680759
0.3958241
4.715102
0.04124941
-1.509642
5.93215
1.087571
8.51082
6.36833
3.751877
5.020729
-1.609117
4.678704
6.945933
-1.242891
4.29802
-0.3809271
5.360233
4.31914
1.411001
6.47819
5.25599
1.070651
5.325496
3.058506
3.0015
0.01610707
5.815207
4.436256
-1.240802
5.248439
-0.4842849
5.073487
1.368245
-0.64895
-3.131268
1.033573
6.516058
-0.1076464
0.6105419
4.667009
1.748725
-0.02985368
-0.2344925
-1.184622
6.521006
4.589883
0.5226003
4.973311
6.998135
-0.8324794
6.34163
5.45101
-1.041845
5.205372
0.586571
6.267425
0.1848411
-0.2516218
5.826878
1.138216
4.126765
-1.117019
1.567014
0.2233759
7.490536
5.946549
-0.4598405
4.887516
4.041753
0.07926628
-2.195404
7.690124
3.228295
0.8691374
6.42665
5.177856
3.956993
4.380161
3.516322
-0.6327169
5.551412
-0.7375027
-0.1625282
4.315447
4.506276
4.902892
5.176709
-1.114962
2.76018
4.073535
0.6193493
6.939052
1.807593
-0.08788593
5.111737
-0.2713704
3.850227
1.140657
0.6022355
3.755814
1.478524
-0.3173798
1.426746
4.074503
4.241941
0.5777174
4.80356
-1.472567
0.9107394
-0.2443646
4.919004
3.998715
4.746628
4.688759
6.178068
5.269894
-0.349396
6.051506
-0.5567642
4.872525
5.854212
1.270968
4.303647
4.063729
4.555809
5.678392
5.45937
5.376351
2.659945
-0.7064184
-0.9637497
-0.3576916
-0.3247663
-0.152183
0.4670742
7.177703
5.826008
-1.035361
5.13492
3.271858
0.5562912
-0.8848085
5.017203
6.187197
4.867637
1.380145
4.706063
-0.6806017
9.60595
4.046987
3.372736
6.943699
0.5778998
-0.2212159
1.21811
-0.9959707
0.7207643
7.257044
5.193083
-0.4755489
5.255272
4.037683
1.159276
0.04761499
5.647085
4.847491
4.767799
5.945629
-0.9311077
-0.1224504
4.38869
4.983758
4.443332
4.163947
0.4268061
6.575657
4.40508
0.5630181
4.955106
4.562521
-2.011417
5.681985
5.79055
4.490121
5.990717
-0.03777642
5.331463
-0.4148159
5.621558
0.914022
-0.2128512
6.629728
5.32373
5.306758
6.523911
0.5503536
5.806144
5.626098
0.7358752
4.882628
0.7826257
-0.3431994
3.688037
-0.4563232
-0.7454436
6.225082
5.418936
-0.01094515
-0.9343711
6.075185
-0.9685971
5.297188
4.612736
6.548948
0.03522949
1.000817
7.263419
5.266731
4.941381
0.7507989
7.127442
-1.115558
-1.346144
-1.142804
-0.8644518
5.152208
3.806112
8.268199
0.6461747
0.3954095
5.960091
5.624816
3.116199
3.719292
-0.4099031
-0.4598822
-0.6640951
0.2306166
4.244881
3.473947
6.277513
5.727169
-0.3477463
-0.8057679
4.104847
6.262203
1.732606
3.364681
4.97601
5.611633
0.9024552
-1.116816
2.921717
7.137094
4.896395
0.8390391
3.055361
4.582604
5.916552
5.171401
0.7884688
-0.3513375
-0.3937974
-1.278231
-1.0159
0.7962935
0.2398782
0.9469767
3.903122
-1.356084
2.656153
4.629338
5.558913
5.55035
-0.5595726
0.09436244
3.568705
6.029834
4.469986
5.062683
-0.4697173
5.690666
0.2746507
2.761519
0.1753191
0.2821425
3.581048
2.008085
1.571397
2.115093
4.210293
1.263129
0.4596821
0.9507975
3.704638
4.867826
3.810863
-2.306286
0.9897468
4.326182
0.3792619
5.044125
5.3849
3.885894
7.028454
4.801334
2.244028
0.2284686
4.292926
5.631226
6.317273
-1.395997
5.917447
4.302039
2.388002
0.4306572
5.275539
1.266522
-0.3935148
4.382557
4.616717
4.724673
4.546283
5.50991
1.476279
4.902371
2.512011
6.383477
4.547422
1.324109
0.8689242
5.643452
5.363791
-0.6082346
4.603938
6.024221
4.593501
-0.905038
-1.602221
0.05458823
4.681432
3.771923
5.597446
4.853047
5.131916
-1.154119
1.409885
-0.660545
0.7292269
5.807936
4.700787
-0.1402951
5.597851
1.121395
0.9432657
-0.4767279
6.058845
-1.172251
5.785333
5.738325
5.239939
5.034393
4.837659
-0.815099
6.286451
0.7791727
4.562762
1.495477
0.7510082
1.074557
4.627475
5.070545
5.435158
6.435787
4.11574
4.249664
-0.1882383
0.8190741
5.589948
-1.257266
3.61955
-0.734902
5.283384
5.290914
-2.15903
2.816996
1.323336
0.01084268
3.610811
-1.593956
5.972523
5.56501
5.153436
4.379732
-1.392253
5.484079
-2.697644
5.134321
6.364345
-0.390994
-0.5594044
5.320239
5.928156
5.64427
-1.328879
1.920033
5.044518
5.947532
5.450311
-0.1528153
7.614568
0.6102559
5.548315
5.164994
0.4022915
5.418752
0.4625919
4.2269
4.828159
-0.2032857
9.867713
1.645381
0.09939364
10.76188
-0.0384838
5.918301
7.513168
-0.7003934
6.900384
4.914013
4.277132
1.106592
0.672333
7.74783
-0.809261
5.573945
2.899522
1.804112
0.6311025
-0.09674816
4.561938
2.879545
4.086064
4.950739
0.6819485
0.9985388
8.628028
5.446018
0.9281921
0.06326197
5.391139
0.3721246
-0.279005
3.195048
4.996469
-0.002171542
6.403155
-0.1007388
0.0548324
4.946039
4.294873
3.837881
3.100622
5.417054
-1.936628
4.187674
4.478688
3.00068
6.06477
3.155906
7.547122
1.238722
0.2128061
6.486496
5.78262
0.3327248
-0.7879984
6.52504
5.361461
-1.092239
-0.07351818
5.293813
3.900669
5.617709
-0.05967043
5.123783
5.014462
-0.9476657
4.054022
1.881424
6.440894
-1.441039
5.413595
3.750205
5.33379
1.095219
5.169941
5.940354
3.612028
0.4089579
7.109969
6.694495
1.716679
6.307651
1.992588
-1.135258
4.746335
4.908456
-1.199097
-0.6490026
4.717821
5.239942
3.969819
4.161119
1.008085
2.035247
4.771782
6.065942
6.045399
-1.561186
-0.9228158
0.7449189
3.742676
8.248747
6.00903
5.831377
5.777132
7.319689
3.972239
0.8998811
0.6034295
0.1092311
5.840869
4.442272
5.728444
5.527238
6.297675
2.084436
-0.3864977
-1.013346
5.25429
10.41496
4.851817
-0.7260206
4.417984
3.18334
6.860405
-1.289786
3.475404
4.234771
3.676961
1.426823
3.590612
5.737734
3.169221
6.811455
7.561955
5.376159
3.933564
4.239947
-0.2915195
5.201224
0.8738667
0.6824606
4.707869
10.0611
3.994957
-1.025938
-0.6717634
6.563668
4.870746
5.330118
-0.5095874
6.522278
7.513146
-1.20594
3.056676
4.670549
4.888465
5.51524
6.713573
5.389912
0.4316866
4.395361
2.328311
-0.01245194
-0.2521869
0.8147563
7.100298
4.580325
1.90947
4.113926
4.27442
5.0633
0.2053989
0.9614819
5.812332
0.4100851
5.051416
4.306199
7.197485
-2.275749
-0.1909225
4.463695
0.4233975
0.1056695
5.932047
4.523977
4.036881
-0.6158092
-0.959336
6.335167
-0.5476818
5.65376
4.491282
5.535207
4.873349
4.314419
5.921066
7.000044
1.103833
4.206942
-0.8057438
-0.6744423
5.651406
6.87235
1.300871
-0.519183
2.512262
4.666673
-0.8432454
0.3747158
1.647684
3.69419
-0.6221368
4.658606
0.654597
4.664631
7.264687
0.1295116
6.580379
5.996562
0.2973074
-0.9248234
-0.2224068
5.339455
8.219335
-0.7177706
8.36914
5.643203
0.1478017
5.754944
-1.811798
6.129628
4.352596
5.036821
4.657364
-1.292959
4.669067
4.373586
-4.11932
10.23024
10.68495
3.865378
5.555469
-0.2107442
1.379053
6.458993
-1.196772
3.647591
4.845129
4.712804
1.406214
4.637163
2.746173
6.566983
5.31339
-0.2683505
-0.723264
4.654742
4.994542
5.373264
-0.9951888
5.449297
4.072119
4.06554
5.732317
1.693701
-0.3629557
3.595571
3.602072
6.712844
7.214467
3.944043
6.015895
4.490077
5.088023
8.287584
4.367344
5.674985
1.253987
-0.9546287
5.708749
-2.049538
4.818796
-1.376645
4.473004
1.260984
6.378444
4.588356
4.565795
4.060364
3.991078
5.483817
-0.4483277
12.11243
3.305755
4.299954
7.546256
4.93772
5.960413
5.252545
-1.053956
3.557041
6.860084
6.183526
-0.4591755
4.020976
0.7375248
5.009987
5.777549
0.4565448
5.819813
4.534869
-1.285627
6.1173
0.4611212
5.803567
-0.2110335
-1.388447
5.164541
-0.9550734
-0.457731
0.3124587
0.3130775
4.713648
0.7360716
4.869202
-1.344335
0.1506462
1.025272
-0.1263053
3.164599
3.683944
4.65093
2.008195
6.266307
-1.921227
6.097966
5.202967
6.888169
-0.233229
4.093632
0.1100209
3.924577
0.7206855
-0.3283142
1.565978
4.745706
5.488693
5.457728
11.11561
5.556113
5.448668
5.479457
2.580673
3.915441
4.652917
4.836509
1.123991
4.754816
6.532424
0.4735607
3.593651
5.644195
4.159753
4.631559
1.963565
3.609542
5.086634
4.246041
0.5472626
4.92022
4.971681
-0.5120817
6.85127
-0.7515729
0.7678337
4.821162
0.6899934
0.2772809
5.548688
4.60615
6.635402
9.617689
0.08708536
5.361248
3.963716
4.650559
6.639575
0.9116986
5.395054
5.894117
8.247379
10.85382
5.316284
0.2019278
5.859041
-0.1593478
0.05205934
3.784912
4.53733
4.938977
-0.3585753
0.9697609
5.212239
-1.442001
-2.096869
4.575248
4.549123
4.246564
1.136797
-1.45308
0.1238675
4.772516
6.097981
1.054966
5.509586
5.14397
0.2586293
4.542102
-0.6249852
4.680386
2.163071
4.724218
4.263779
1.225322
0.8266332
4.248552
6.390388
5.43627
-1.075004
4.824008
-0.1182432
3.442578
0.3363876
-0.8047992
5.165732
-1.511673
5.325644
-1.309906
-0.2542821
5.512378
5.154511
-0.4506378
3.264072
9.962163
1.520209
3.549837
4.900946
6.132923
4.344709
8.786854
4.986201
4.610346
3.455534
0.6660309
-0.6011688
3.528211
-0.1616334
5.702739
4.716266
4.620736
4.376665
8.955273
7.262882
3.570926
-1.308575
5.266915
5.807565
-0.8073339
0.3379963
0.7314062
5.312456
5.551558
4.165672
0.243363
6.083984
4.340116
4.082844
7.33912
-0.1564732
-0.5883772
0.05004355
-0.1834645
-0.04470885
0.3320987
5.956384
2.793866
-0.7246919
1.871244
-1.064056
1.287757
5.86139
-0.6168318
-0.7426941
3.159603
-0.2246315
0.06401202
6.456136
5.292946
5.759534
6.906112
0.9987751
5.253017
7.219959
5.293246
3.763177
5.535055
5.476435
4.915002
0.2569421
-0.5168009
5.284966
4.134305
-0.3406546
5.031975
0.06357806
4.999912
0.9984721
-1.238454
4.872277
0.1219235
4.155047
6.92829
2.820349
4.521532
6.537706
1.699935
4.673431
-1.461105
-0.410229
1.003979
0.5210734
0.7646784
4.87872
5.070138
5.032534
-2.456811
-0.01258707
0.9170233
-0.7279571
-1.22115
1.152939
-2.200444
-0.7432582
6.10879
6.070422
-0.3405998
3.638632
2.245042
4.201776
8.329278
5.067241
4.795915
5.412036
-0.4855565
5.407655
-0.7288558
-0.5149721
1.215826
0.851733
6.852452
4.322551
6.493664
-1.148281
10.00907
0.3586091
4.847709
5.616832
5.102151
4.807656
0.4650179
0.5643305
-0.9305245
4.953173
5.626045
-0.1710354
-0.2835314
6.105613
2.876108
6.037425
4.783184
0.5417979
0.2356892
0.4655372
5.456685
-0.8066207
3.236696
2.584609
-0.8139708
3.996259
3.354731
0.3690475
5.384231
6.310594
4.973295
6.058661
3.786346
5.895682
4.181033
-0.7477547
4.789019
5.859763
-0.6900772
5.306253
4.903523
-0.1305346
0.01155639
0.2936876
5.432326
0.5675401
4.209395
6.928942
1.425463
0.7922934
9.693302
0.148482
4.932846
5.696752
4.140166
0.501836
1.880744
5.386757
0.3864353
5.198628
3.820826
5.667282
-1.020801
-1.191348
-1.659871
5.405797
3.545582
5.810126
4.6237
4.217516
-0.2389709
4.299205
3.425329
1.232581
-0.476886
4.869033
6.281816
5.151059
5.239761
3.694505
3.764242
-0.0159167
-0.3634285
5.999807
6.233067
-0.1201522
8.407512
5.541445
3.758851
0.8085405
0.1343546
6.021309
3.858339
0.7964412
0.2057478
5.014332
-0.515293
-0.9597026
5.179224
0.8927565
6.208031
4.419207
0.5103143
5.515797
6.41992
-0.516561
6.202175
2.921877
5.082005
5.784188
5.685597
-0.6114496
5.283151
6.096191
-1.766102
3.478906
-0.6557785
-0.9980902
-0.541904
3.611273
5.350812
1.329766
-0.1967256
7.362903
0.6611591
6.053368
1.305597
0.4491206
5.518889
1.087105
