4.284398
-0.4715519
1.003168
1.291491
5.809131
-0.3500365
5.421273
4.512103
5.270582
5.070309
4.760056
5.523263
6.359202
-0.1287195
5.611886
3.541096
3.129247
9.910068
-0.4322148
6.594087
5.617613
4.234116
4.355855
5.529219
6.096185
5.582763
9.724006
10.44423
4.161622
-0.3202747
1.166342
4.768371
4.508574
4.863743
5.797647
3.833859
3.730524
3.631955
0.6340967
7.994504
1.079774
-0.4963364
4.688919
1.205584
5.053586
4.024587
5.978994
5.830678
4.534066
-0.9347831
-0.5429182
4.715072
3.804568
5.019589
4.164042
5.350203
1.320272
-0.2642614
3.930226
5.425765
5.131169
-0.5279344
6.96973
5.002313
2.085819
4.915709
-1.308116
-0.876075
5.15151
4.670325
-1.764398
5.123749
-1.137741
1.090639
0.03720706
4.746624
-0.5866393
6.829533
-0.2019091
-0.6545279
4.37937
4.647782
-1.814148
4.810811
-0.9941275
5.16046
5.465727
4.637241
8.71975
3.771949
-0.3520268
6.393841
5.933848
0.1917728
5.448092
4.697629
4.477142
5.982437
-0.2147858
6.350704
9.59098
-0.1075926
2.960013
-2.090447
-0.6414201
5.225731
0.5005422
1.45842
0.2331443
3.931568
1.659001
5.227169
4.071453
6.891656
4.830733
4.560177
3.432939
7.244547
4.971861
4.118615
6.939189
5.310112
0.7825154
4.775061
5.133235
5.520187
0.1528044
3.677618
5.577959
0.1752672
-0.9123468
0.8416798
2.862215
4.588947
3.106447
6.315889
-1.015376
4.925487
4.339169
4.152413
0.5142875
4.431554
3.55997
5.480443
5.714452
-2.072199
5.290907
-0.9172036
6.774721
-0.3553866
6.016935
3.889964
-2.047871
0.931678
0.3183177
-0.3901166
0.1891678
-0.6703142
4.256744
-1.278581
6.111596
4.06256
8.288285
-0.3700128
-0.6404061
3.695131
-0.6422395
2.620376
7.001106
2.696688
0.3682275
4.970433
-0.328093
4.709479
2.493888
0.2299983
5.136081
4.901784
4.219376
5.988461
4.148767
5.552524
6.373717
6.493265
6.249988
-1.70853
5.602467
5.203853
0.8535899
5.424114
-1.271334
-2.490455
0.3593875
-0.2634539
5.527072
4.265885
1.369019
1.075517
4.278748
-0.7356977
0.2142355
3.102113
8.38723
0.3454139
3.541894
5.356994
1.522935
5.740634
4.296908
6.120018
0.3441773
-0.3586411
0.4151846
0.8300622
3.595001
2.306127
3.104954
-0.3371394
5.585214
-1.071983
4.606944
4.157257
-0.2604101
4.245353
-0.4406258
3.055192
6.193856
4.171698
3.506793
0.8666
5.298609
5.584583
4.866388
-0.317215
7.002948
5.236561
2.012999
5.142361
5.986411
-0.05000415
0.9224642
3.930968
-1.024958
3.934168
3.494991
15.47487
2.088695
2.686594
5.411845
4.299817
3.561342
-0.4830248
5.549855
-0.9177755
-0.5349695
3.207556
-0.6123213
-0.3844944
4.255132
2.091921
4.194677
5.49931
-0.557475
6.096686
4.588378
1.062853
0.2483523
4.986487
4.934893
4.352426
-0.03383651
-0.7291882
0.7284801
-0.2976457
-1.453897
5.575071
5.519288
-1.09178
4.548529
5.626428
5.362409
4.6175
-1.571307
6.331737
1.264343
4.336987
6.026838
7.006246
4.030789
5.65016
-0.3647105
-1.007541
1.611868
4.693947
-0.7556832
3.960919
5.899825
3.855351
-0.5815349
5.65006
4.370385
1.060973
4.449397
0.309479
-0.4782497
5.830859
0.5344882
5.103098
4.401835
4.13501
-0.5434244
3.687945
6.388254
-1.622976
-0.5936551
-0.2997225
3.834957
6.30417
4.21379
6.096478
3.987277
0.2136068
0.2504887
0.7383926
-0.3676463
0.1060273
5.114751
5.553523
-1.565006
-0.612073
5.779814
6.336718
4.583395
-0.1034045
3.511385
-0.06405151
3.373355
6.431983
0.8819211
4.158964
0.04497771
0.7675814
-0.01951231
-0.446973
4.690743
4.766869
8.942144
1.871038
3.588945
4.84103
-1.945884
4.387438
0.06162999
-0.2424484
-0.4821166
0.4799579
4.591303
5.139562
5.406758
-0.2139592
4.771266
0.01169208
0.1880942
5.671294
4.815216
5.467848
-0.81826
4.185341
6.820401
0.7465254
4.607829
4.752551
0.8706166
4.726388
4.578045
6.204117
4.754034
4.240522
4.734998
2.962421
5.466649
5.742854
0.1474571
5.851026
0.69057
6.042103
0.07459938
5.107102
5.185198
3.591414
4.772869
0.8847672
0.4523518
-0.2217915
1.271823
0.6237757
5.454427
4.945458
5.738534
6.478712
6.756943
5.821987
0.5642871
4.356189
0.4578557
4.165563
0.005521142
1.617969
3.733035
0.6080554
0.4774968
5.813817
4.013318
5.355078
4.381909
4.565747
0.7834821
5.241473
-0.7320515
-1.548309
3.867328
0.3297222
-0.9578305
6.322083
1.175853
4.679202
3.849099
6.72705
5.273644
3.888905
-0.2034345
9.823385
4.276671
5.088279
-0.5478146
5.349606
-0.5750552
3.789508
1.717215
0.01858094
5.202374
0.183709
1.901244
6.109374
4.794161
4.618088
2.531305
-1.892525
-0.8725824
2.123581
4.140529
0.303353
-0.1350504
-0.2034587
3.466423
5.936997
4.364976
-0.1556149
-0.3568654
-0.06263953
5.789683
6.239515
4.709249
0.1794989
0.1560347
4.396781
4.457538
1.11891
0.3442968
2.411819
0.6334642
0.2043038
0.5777423
5.432366
-0.4236425
4.207517
4.216606
-0.5867498
5.114691
6.00249
-0.1734807
4.308138
-0.0643686
5.299638
-0.7072313
0.4252245
0.1666739
0.6706083
5.056115
4.097316
4.772346
-0.05474105
5.626239
7.485826
-0.7715633
0.9829781
5.058256
5.524754
5.161791
2.266026
