5.291197
4.678406
3.404695
1.140591
-0.05803933
-0.8942338
5.60754
0.7081092
6.283565
0.7398427
1.200808
-1.074971
-0.8258561
6.620078
-0.5093222
0.1658276
5.292227
-3.233253
4.076443
-0.6940021
-0.1467024
0.1071364
-0.2842319
7.199702
-0.5359628
2.359231
0.5601218
-1.283179
6.387458
5.397828
2.633826
4.880668
5.484793
-0.8522376
6.497978
5.099986
-0.5102703
4.848655
-1.268563
3.757555
-0.7735605
5.113852
5.119463
5.684253
5.094519
0.3832324
-0.05362257
2.287262
-0.6393596
4.663462
6.632166
3.974392
-0.6807444
1.263132
5.740602
6.956456
3.378954
-0.6909991
-3.659695
5.956982
3.859615
7.511059
5.068746
-2.406352
6.911578
4.077615
2.953884
4.361489
0.8232013
1.74565
4.709827
4.892602
3.514943
0.308495
-1.321348
-0.3578916
-0.9089014
2.548868
3.574072
0.5605214
0.1597362
5.381402
5.896776
-1.513247
0.7306824
-0.5349047
-1.337282
4.958513
4.360069
4.967865
0.01613281
5.610415
7.475323
5.231235
5.153473
5.267627
5.523579
0.07125729
5.032646
-1.753411
5.956361
6.030348
6.289288
4.719549
0.05673927
1.662914
-0.3470138
-0.9023979
4.849412
3.883745
4.956427
-0.4971166
-0.2220348
5.153621
5.483619
0.02958554
1.51412
-0.04733349
-0.3935332
0.1054245
-0.8011131
4.384297
-0.6689967
0.6328214
0.04696548
-0.2129085
0.1654455
4.315473
5.540464
-0.08445366
4.234937
-0.6834871
1.65135
4.677418
0.08901315
3.236675
2.91075
6.489442
-0.5156829
6.219103
3.831565
5.423352
5.162732
-1.495663
-0.3769577
2.857304
4.15241
10.27144
4.293093
5.171292
-2.420757
0.5638721
5.416035
2.425865
6.12338
0.4528645
6.738996
-0.5185288
5.324981
0.6749444
4.798801
5.152241
5.227825
5.332935
3.555715
0.3050727
5.89146
4.640531
0.5937379
3.950757
4.931641
-0.3093242
-0.1375435
5.885841
4.652629
5.954326
5.462489
4.093588
4.277919
6.288579
6.47723
-0.3246756
-0.5677596
1.204923
5.676698
1.164543
2.992778
5.576834
-0.8464733
-0.546536
4.433402
5.633096
4.383448
3.698132
5.81637
-1.991983
0.9368018
4.413613
0.2354999
-0.4124984
1.751903
0.859265
3.280113
3.434633
5.422289
5.596203
-0.6944676
7.435928
1.034146
3.869753
0.9369792
5.121588
4.494011
5.23996
5.615747
5.95663
3.566487
0.04684151
-0.08064281
4.358066
4.777337
8.434398
4.779081
-0.9887132
6.392346
5.156596
1.452822
0.1146163
1.132054
6.979536
-1.195727
3.74101
2.072773
6.569784
3.673843
4.737307
1.022635
0.77278
-0.2310375
3.769421
1.010762
5.9733
5.952591
4.851239
7.633334
-0.9725908
0.6900654
5.846068
3.578682
-0.03648729
5.767068
5.300703
-1.178061
3.037524
0.5180226
0.8908022
2.616624
4.73261
5.585547
-0.5260266
4.223897
10.60238
-1.332018
5.450181
-1.213174
4.508558
5.527852
-0.8228474
1.505797
-0.4104716
9.218603
4.58825
5.604279
6.64944
0.697075
0.6849492
4.896253
5.113033
5.291824
-0.3503167
0.7886002
9.559183
6.050688
-0.7704866
3.677574
4.241957
-0.3770654
1.387506
3.907542
-0.3161503
3.808117
8.671316
-2.750731
-0.5269697
5.876602
0.6759793
6.320407
-0.0486537
5.093504
0.785188
0.8903471
5.881999
5.329475
-1.639891
6.187142
4.132553
6.151999
1.536134
5.042797
5.966619
-1.014559
0.4642687
5.45354
0.3537809
0.1035587
5.573002
-0.71926
-0.01693954
-2.199922
4.671113
5.265681
-0.1640364
0.5864353
4.088776
4.621411
6.160181
-0.934995
4.171905
1.625889
5.134109
0.6978584
4.946227
1.11636
5.432915
4.329102
6.201796
5.458712
5.903537
5.057254
-1.28063
-0.5885343
6.356169
4.113844
4.206214
5.206692
6.215623
4.444713
6.387183
4.440221
1.27378
4.481943
-0.8287917
1.094283
-1.003663
5.011559
1.500947
0.3697268
7.327397
3.363085
13.31517
4.825179
3.668431
1.121676
0.2817517
3.665865
4.089626
2.856688
6.797852
6.762044
5.589068
4.384676
8.169104
0.5743565
4.841815
4.619962
-0.2132023
4.413807
6.682151
0.5994669
-0.1425205
5.776505
4.649451
5.08751
4.528362
4.332588
-0.7527719
0.2353634
6.371571
2.207073
4.994547
4.785719
-0.00872684
4.826816
4.223965
5.215295
3.734507
4.847128
0.8422135
-0.5563132
3.756978
0.9448002
6.990823
3.911581
4.884132
5.996835
4.667678
3.554
6.123074
4.855085
5.447652
5.765598
3.98857
1.008664
3.052123
-0.9319878
0.5714812
-0.8402937
4.499703
0.664965
5.46574
6.176764
4.873577
5.387944
4.528166
-0.8791577
5.009734
4.989647
5.526745
6.450209
4.39878
6.791356
5.750594
-0.1366316
-0.5799103
3.541598
5.747281
-0.9979964
6.925447
4.827243
5.6825
1.875269
1.702937
-0.6883803
4.968108
0.8156922
-1.000719
4.179707
1.02554
3.739434
6.015083
-0.6359377
4.84904
4.681966
0.1614779
1.163902
-0.1554267
0.2845869
4.749633
4.246597
6.219947
2.083547
3.38503
5.011537
0.104563
-0.1855153
5.813199
-0.7634443
5.288392
-1.243541
4.128902
-1.802654
5.138767
3.608783
0.3893634
5.387298
5.708339
-0.431357
4.689962
5.696204
4.721857
0.7042153
5.833146
0.08542525
-1.250971
0.01740533
5.696477
5.730575
5.053698
-0.1663317
0.7490584
4.133725
-0.1221572
1.572621
3.969108
-0.4673614
-0.3976832
5.198347
4.449869
4.280703
6.227755
