4.359033
0.2488369
6.210294
1.34844
3.977548
0.07203099
0.6589609
4.092337
-0.5159438
4.864291
4.906756
0.7668366
2.444276
-1.685181
1.41049
4.434552
7.062406
4.253098
0.7000018
-0.3471285
0.3427097
5.566732
4.848622
0.2473233
-0.7712632
4.9405
4.802636
5.410286
6.656088
0.4166283
0.1252672
5.405524
5.612098
-0.06341273
5.349523
10.08479
1.473995
-1.055076
4.648201
-0.4706112
7.167201
6.354109
1.25017
6.636775
4.633997
0.4154575
-0.8647755
5.40602
11.93181
7.904974
-1.188653
1.3897
1.848772
0.0200956
4.350102
2.612014
0.4228597
0.5338499
3.844792
4.173871
4.638075
2.650541
5.436948
5.422572
5.057918
-1.215547
-0.1350942
4.477711
4.0621
8.211651
1.947749
3.69992
6.55576
7.197393
3.562455
3.18127
5.984792
4.9002
-0.7867
5.139074
-1.324909
-0.4789716
-2.221582
4.075761
4.931127
0.04198013
-0.3371786
-0.2328636
5.605594
5.202287
0.4628286
6.528912
1.39818
4.147494
-0.1228603
7.35651
0.1118694
-0.7817766
0.7492085
6.283275
5.663907
4.897756
1.112028
-1.245406
-0.6199483
-0.005879568
4.004262
5.644264
-0.3209273
1.241004
-0.09755602
4.964711
4.068413
1.436936
4.243767
-0.05574212
4.471414
0.3519057
1.214576
1.163855
6.061584
0.7837921
4.349283
5.400234
4.987614
0.4607519
5.647652
4.062825
0.5289792
-1.756109
1.14361
6.90859
-0.8445239
5.04915
5.689597
0.1016053
5.689042
-0.0184182
4.731214
4.944666
5.711724
3.663772
4.50948
7.083456
1.058417
6.166208
3.192331
5.90503
4.159693
4.13112
0.7479808
-1.761864
3.871746
4.927424
1.944811
1.422051
5.028508
7.680522
4.651637
5.42764
4.972397
-0.497353
4.199789
5.62954
0.8062787
3.095322
3.742168
6.152408
5.818053
4.426695
0.5803506
0.2311266
-1.345929
4.338593
-0.8514786
3.807433
5.147914
0.4286689
1.320305
1.828667
5.654436
0.2438165
-1.142713
8.907613
6.1088
4.890931
5.660667
-2.019811
6.19011
5.840155
8.611614
6.017904
4.2607
-0.2413629
6.233335
0.7647296
-1.026844
0.01162584
4.848866
3.810266
3.663987
1.716138
4.647772
-0.04476156
4.843672
-0.7921643
4.889728
3.485616
7.171733
6.057346
4.750635
5.255286
0.2851683
0.6235369
0.9324959
4.850072
5.601837
6.379892
-2.449653
4.256745
6.456592
1.464257
7.682139
2.203715
-1.107713
-0.2464194
5.739921
4.967339
0.3255079
3.831799
6.144964
4.848497
5.13412
0.673784
3.927275
1.832906
1.757487
5.58604
5.92518
5.723534
5.31004
5.477414
1.582362
-1.161105
4.701001
4.728144
0.2827345
5.489711
1.303579
1.477533
5.236219
5.428575
5.182228
6.355259
-0.9795591
5.527491
-1.553385
-0.1616459
7.03431
8.946849
5.214481
8.986765
2.981772
1.742837
7.196752
5.872968
4.875325
4.93956
-0.2375677
1.091125
3.486041
5.150097
3.618621
5.816808
3.880602
0.4133299
4.859501
7.129544
3.755242
1.834102
-1.086715
0.9553828
5.405405
0.3764167
4.456031
-0.3777623
-0.13932
3.19641
5.508188
5.663028
-2.651996
-0.4133641
4.3322
1.514294
1.404694
3.232501
4.796722
-0.5096359
1.018338
4.296723
4.412993
1.686761
4.627338
3.857637
-0.1990705
5.347765
-0.3836307
4.696297
9.717082
5.491705
4.475954
5.418755
5.39763
5.637577
6.115728
9.683664
-0.443697
0.1414054
5.438285
-0.4806463
-0.8209201
4.255817
4.982823
-0.3494026
5.099547
5.485104
5.312994
-0.343518
-0.2706331
4.734439
-1.073012
0.04442866
0.6974461
1.130418
5.29215
5.29614
-0.3249696
3.41748
3.736841
4.597243
6.381511
6.807777
3.169131
-0.9564923
6.83925
6.718708
-0.319098
1.372516
5.498146
0.3814684
6.164072
6.210455
0.7834054
6.593571
4.464996
5.009084
5.418947
5.025076
3.770731
4.742604
3.756781
5.085352
5.550324
3.571107
5.408552
5.290601
4.427913
1.120309
0.4366152
-1.51329
1.065294
0.7448318
3.819053
5.170661
3.822694
-0.6471351
3.54223
1.709586
4.774693
0.1762937
0.8035492
0.8003511
5.151671
-0.5739363
5.860846
6.221542
3.091664
5.60714
2.567122
1.226727
-0.5140735
0.4257762
1.147933
-0.1700923
0.4836368
-1.087604
-0.6791934
0.07810622
0.5904942
5.965115
3.636141
5.90755
1.288665
-0.2763735
3.663979
5.276391
5.736667
4.114855
2.284259
6.970513
4.104341
6.33614
4.145008
-0.1507746
3.260459
7.225653
-1.740199
0.3230219
0.06678933
5.412609
2.918567
-0.6672227
4.587976
-0.9137661
-0.6595956
5.345437
1.831167
4.414106
2.165435
4.666175
5.106974
6.249452
3.615758
4.58808
0.5685283
7.628605
0.1465173
5.303481
0.8468087
5.973464
5.420515
5.459624
5.078199
5.608684
-0.09319688
4.422651
0.7708695
7.616015
3.526954
5.525208
4.812764
6.606383
1.826293
0.8423714
1.839605
-0.8353428
-1.394568
-0.3124298
3.724799
5.482782
5.497675
4.995848
2.987103
-0.7051914
-0.6713958
-1.618614
0.8096164
8.495881
0.03986821
-1.822067
0.7813541
4.820057
5.078533
-2.059607
5.094227
-0.7747403
-0.6311577
-0.03308496
5.58295
-0.243485
5.062952
5.541938
4.194632
4.019856
-1.154012
4.688658
5.127396
4.602997
0.3339047
1.123702
-1.168968
-0.7765248
3.840469
-0.9687394
0.4934067
5.424559
5.226961
0.0978247
-1.065937
4.426022
0.3410408
5.931595
2.820877
6.500111
5.124942
5.445353
0.6614122
-2.161828
-0.00574592
5.972397
-0.5783267
5.122055
4.154877
6.360067
4.377573
-2.019325
5.856972
2.903052
5.048312
4.279462
5.033072
-0.2408434
-0.7980023
4.002611
5.306757
4.726115
0.6290515
0.01388035
0.9046608
6.815669
5.412874
4.840257
3.957631
1.069888
-0.2092087
-0.2097074
-1.123986
7.010821
0.2095057
6.914047
3.814422
0.07065397
-0.5747395
-1.791938
6.222047
7.897089
0.4142586
1.366414
8.081457
-0.02443748
4.571019
5.709354
4.619571
6.406215
5.476759
0.1531521
0.2217636
-1.055059
6.865252
2.041475
5.361356
5.898969
6.852976
0.1936774
5.2838
-1.863422
0.0877551
0.2060578
10.49115
10.23472
4.853207
3.946361
0.7845195
4.749389
0.8040869
4.164354
6.632812
3.478478
0.505206
-2.282129
3.448105
-0.1921726
-0.6536249
5.121044
4.849829
5.114185
-0.1956106
-0.4121398
4.282313
0.475088
0.7752342
-1.168122
0.357676
5.645819
6.269267
4.765792
5.248857
6.360056
0.6624706
0.0299314
5.052406
-0.587417
1.301238
5.220822
0.6315066
5.587887
5.285771
5.46639
5.762998
3.8396
5.836357
6.16985
-0.2911321
3.811156
0.1906463
4.660054
0.4978868
4.57097
-1.398071
-0.7636423
5.222799
-0.8141958
5.5334
-0.2896106
-0.468578
5.497907
1.09347
-0.4011796
7.056296
-0.2836039
3.622785
-0.2304653
2.256497
-0.8069576
4.60336
-1.006862
6.344911
5.136491
6.750694
3.556643
5.015073
0.2970031
7.4534
5.000183
-0.6833108
0.4618246
-1.845798
4.971486
5.48028
5.606314
-0.8463454
0.4394968
5.956014
3.589762
4.827605
2.203318
3.836878
5.449474
0.2255953
0.04224076
-1.608236
4.084909
2.352179
-0.7070449
3.1439
-0.5097182
0.06990155
5.423187
5.570044
1.052633
4.306296
0.03242555
4.387662
6.591463
0.1502868
-2.068933
0.2074717
1.659648
6.176749
2.002134
4.783549
5.876642
-1.265524
0.9428289
9.313376
3.545008
0.179514
3.536173
4.300582
-0.9837229
6.658634
5.326187
5.489376
1.010811
0.7115197
5.424326
6.254295
5.289293
5.399043
4.439749
1.029769
4.575623
5.421968
-0.05410329
5.954083
-1.09718
5.10828
-0.8835778
0.9913305
3.817543
3.967106
5.830795
2.491993
1.166747
7.896617
-0.8560096
-0.1991824
-0.9535304
0.1742075
5.474742
4.650102
1.003028
3.730126
4.852488
4.858484
0.3423962
-0.4555998
-0.7202596
-0.7901938
5.959061
0.7348761
-0.3168106
-0.04070022
5.121336
5.804272
-0.8975163
3.669162
5.474021
3.851006
1.421253
5.346446
3.766649
5.003889
6.938049
5.644908
-0.9398141
-1.466079
-0.9201032
-0.8480883
-1.349965
2.509269
5.637559
3.559763
4.940504
6.872651
4.778
4.03352
0.5423831
4.476739
-0.8044851
6.713298
3.64962
5.396509
1.351439
5.200166
3.715735
6.421112
4.925412
7.978849
5.73158
0.0818336
-0.01711907
5.806592
4.210773
6.571874
5.889178
0.9971233
4.419032
5.787813
-3.654211
0.1034829
4.540425
4.376279
4.711499
1.067767
3.818143
0.04769318
1.535264
0.4011196
-2.040909
0.4223416
4.9614
5.966743
0.7011106
5.294306
6.162404
6.99038
5.896024
1.502145
-1.017131
4.369176
-0.6126971
-1.969706
5.013206
-0.8119044
3.392102
-0.7885947
0.386385
5.097624
-0.1161009
5.300015
9.803544
-0.07319863
1.611226
-0.1775882
5.990824
5.879946
3.906222
1.144448
9.699748
1.397804
3.980007
8.676739
5.737894
1.031485
-1.844174
-1.893017
1.050741
9.950567
4.634747
4.600865
0.6090145
4.193191
5.409959
5.223733
-1.426137
5.021696
4.207643
6.200968
5.511367
-0.9507857
1.263789
4.478701
4.159112
-0.2615461
0.749226
5.129491
6.005722
5.410539
3.48278
5.143905
4.575015
4.345484
0.5930743
6.233384
-0.2790602
4.804913
4.195296
5.608999
0.8408018
0.2281997
4.756276
-1.60942
3.553255
0.1081235
4.200194
0.2769246
-2.078555
-0.7165928
2.46124
3.640631
6.290129
12.33218
1.49936
6.627233
5.548932
-0.1453506
1.344447
5.072769
-0.1332299
6.601511
4.633483
-0.1863381
6.932078
0.153705
1.385047
4.936567
5.464576
5.037978
5.623689
5.978539
9.919558
5.490798
0.7149771
3.975249
-0.3284494
0.140679
9.397917
1.080071
-0.3714762
-1.546701
0.7219757
3.022634
6.179824
5.913067
5.552025
0.727384
4.970051
-0.8922961
-1.711671
4.830978
-0.7658899
-1.542844
0.1896837
3.414717
3.282819
6.24449
-1.328383
0.5147234
2.664753
4.369204
-0.8499758
5.571918
5.252891
1.092131
-0.7043366
1.560903
0.6629446
12.35513
5.072856
-0.5040835
-0.2259161
5.7139
0.2254426
6.350159
-0.5643456
0.1146118
5.017087
3.172258
2.519898
4.426213
7.001779
-0.2114851
0.9961451
0.1707536
5.950228
2.212045
0.3339967
0.3119914
7.769
4.130249
-2.061415
3.955174
-0.6725506
4.033167
-0.1794116
6.261619
4.983584
0.5271279
1.496623
3.833081
-1.511794
-0.1176049
5.091647
-0.7497704
5.58154
3.643295
-0.8147616
6.164723
-0.07163677
4.004029
5.796873
0.757507
3.719778
6.575303
-1.690739
8.683226
1.025618
3.347281
-0.1970293
6.198785
4.613077
-1.289958
0.6822429
1.5385
-0.6790509
6.244489
5.586685
4.367305
5.073966
4.714745
4.890903
0.3687693
3.856148
6.089958
5.716596
-0.8159243
5.425146
-1.874034
7.486659
3.236302
5.995149
5.224377
0.2864456
2.347797
3.378811
3.579473
4.43892
0.8040378
4.861933
7.603723
5.001087
4.697879
5.552689
0.1186191
6.081779
4.404952
5.496381
7.385593
4.48051
0.3497579
0.2258022
6.887139
6.281866
5.142522
4.283098
4.26307
2.944645
5.45107
7.583738
5.293902
1.801411
4.199359
5.469816
4.960268
4.160614
6.069105
0.3793797
-0.4954534
1.832445
0.5966266
5.152049
3.804041
5.116878
0.7324634
4.974378
-0.8255798
5.948979
0.5999378
3.187788
3.725867
4.433726
-0.9841649
-0.9989754
5.461572
5.088985
-0.4586642
4.117833
-0.2091498
5.944452
3.890205
11.56701
-0.5154426
-0.3289889
-0.7360868
5.350374
-0.822508
1.373949
5.217586
6.800829
0.6706841
-0.955416
7.107238
0.3104146
1.511157
2.714692
5.81638
0.3392524
5.260619
9.821787
4.701842
0.992144
-0.6992283
4.859379
4.787534
5.131371
-0.6645503
1.673567
3.724784
6.209739
0.2160283
0.4761654
4.420322
-0.4101135
0.2763073
4.412074
6.64054
3.671659
1.64087
6.011267
1.758245
0.6033814
2.3994
0.2874879
3.889828
4.457433
6.13929
4.941854
6.210576
0.6845566
2.779242
3.434839
0.7710485
0.9076408
6.103035
-0.8788324
3.2709
12.63216
5.112042
5.499164
1.438277
4.21386
6.211665
5.845372
0.8235712
-0.4185909
-0.2008079
2.432413
6.281541
-1.045218
-0.6232533
4.447675
5.639812
5.237041
0.0002207956
6.886961
4.108787
4.457653
1.207416
1.56641
-2.009771
0.7513627
6.799443
-1.372058
-0.5859823
5.740429
1.04704
-1.946847
-1.509998
1.109216
-1.026804
-0.3647747
-0.6269185
-0.3801264
6.798911
0.5055759
4.5914
-0.695693
5.73444
1.173611
5.403438
1.769964
-1.440131
3.769513
-1.771711
-0.2069446
-1.20633
-0.1719799
4.54924
0.9834957
6.783774
4.651104
4.170428
6.534533
1.986233
-0.8967258
5.701346
4.490375
4.664445
10.35549
6.964098
0.1394941
0.1214936
5.291369
-1.838264
1.616618
0.3927196
7.051181
-0.04809056
1.800026
6.610405
6.101399
0.1112394
5.606562
4.96194
5.201258
4.680807
4.131274
10.60286
0.1974172
0.009457568
-1.819268
6.349899
5.123702
3.313936
4.01649
5.246661
-1.259182
-0.4007171
1.962294
1.123285
-1.045199
4.928847
0.2144245
1.072113
5.18438
5.597084
5.469763
4.727027
0.1983686
-2.14725
0.379545
5.074878
5.556558
0.7662994
-1.153019
5.489452
3.351094
0.1397191
4.574611
5.878228
5.197658
0.7554706
5.952936
0.5665156
4.357781
-0.3080583
5.150912
5.837124
5.321836
-1.052497
5.149471
-0.2067827
2.064985
5.405073
1.49682
7.145509
-0.7584749
4.213727
8.540786
5.052383
5.499764
-0.2036145
4.788039
4.131114
4.316749
4.407808
5.24029
0.9629884
-1.545139
-0.5195019
0.8408513
5.905948
6.56587
-1.457931
0.1163439
-1.395979
4.054667
5.955627
-1.498002
3.964241
-1.219787
-1.337371
4.377326
-1.3208
4.701959
4.32632
3.367212
-1.950691
-1.720085
-0.3710708
4.2841
-0.480809
2.943514
5.147173
4.591052
5.77361
2.094397
6.384426
1.108738
0.2114014
0.2617018
4.353453
-0.9196405
4.569359
6.466776
3.974742
5.679585
-0.27957
5.351409
5.582094
4.793481
3.184571
4.676863
4.348938
5.571226
3.55509
-0.07022426
-0.2960394
0.741982
5.164706
-0.5831236
5.753721
2.818398
3.350962
-1.770146
3.705401
4.158337
-0.4967866
0.6636011
0.3620964
5.760843
5.55564
5.371427
1.078164
4.729525
4.583238
3.586146
4.563558
4.449792
-0.6409118
3.675918
-0.814407
0.5541567
4.500111
0.2780787
4.375435
4.2293
0.6736525
5.90862
4.746955
4.060747
4.404604
-0.9160603
6.282025
5.803953
6.235024
0.7988315
6.610018
0.6146701
1.223037
4.349174
1.063233
4.546209
0.7637368
4.513252
3.904827
0.9763672
1.659789
5.018179
1.57725
5.48153
-0.5417315
0.0612696
0.6262238
-0.6349385
4.153221
5.400124
4.038744
0.9719126
3.652618
5.416594
5.994763
-0.6082225
4.770402
3.933014
-0.120633
3.942506
5.522085
0.5833353
-0.0773882
6.783403
4.992671
5.292447
3.554595
5.280062
7.833545
0.5653598
-0.6226131
5.660379
0.3189842
0.8355058
4.21976
0.2532859
4.217041
-0.326744
-0.1896608
5.938666
0.7667601
5.521243
5.480276
6.46524
-0.7157456
-2.651756
4.906937
5.953279
1.641326
0.7228063
1.265701
-0.1309567
5.860688
3.011565
-1.279345
7.401179
0.0574953
3.352827
10.12022
-0.1697009
-0.9613611
5.556157
4.950416
4.147276
0.4345642
-0.6134675
-1.37038
0.6240861
0.9622989
-0.3702189
-1.657808
1.76503
0.2914817
1.721752
0.3561306
-0.4085885
-0.9735978
-0.1616324
5.903872
0.1287191
-0.394183
0.1100409
5.599797
6.636307
3.629521
5.286586
-0.0982587
5.481305
0.880973
-0.7901594
-0.4482024
3.047687
9.622925
7.820195
0.1015057
5.738052
6.164236
0.03451644
3.934706
5.304823
4.345054
2.955078
-2.23306
-1.085606
3.372151
6.0965
-2.165113
4.666475
4.29005
-0.8456717
5.49144
0.0001320817
0.6685079
5.678529
5.705677
3.664516
1.465346
4.358036
7.49905
3.729137
5.250447
3.227673
-1.440059
4.955776
5.314118
-1.605022
5.159035
-0.737405
1.679496
5.913673
0.02439527
-0.632956
1.949791
4.597184
5.534737
6.034628
5.010386
-1.148704
3.092219
5.201564
6.516172
5.368542
4.46266
4.925341
2.546716
7.896161
0.2261421
4.582225
-1.319969
4.090643
5.788924
5.535284
-0.7056877
-1.731629
5.495026
-0.2867347
4.764622
3.219262
3.361451
-0.07457687
4.512266
0.718993
1.336009
0.3775935
2.163754
1.332155
4.316641
4.985928
4.158516
1.75815
3.609528
5.792191
8.135963
3.390481
3.221753
5.649398
4.200433
-0.743051
6.714806
-0.01029968
-0.5674198
0.2050552
4.792218
4.775935
5.328441
-1.961174
-0.6038984
5.955568
4.053084
5.585967
0.4102497
3.821913
-2.177098
-0.5602105
-0.6212928
3.638082
4.97317
10.17919
5.173991
4.88009
4.500961
0.4852253
4.745125
4.739138
5.543919
4.908118
-0.2724725
5.52801
5.664655
5.872893
-0.5094006
0.5994043
0.05941059
4.377131
5.073965
3.764356
4.546551
-1.537955
3.961255
4.601222
4.000624
6.083424
4.346406
-0.880142
5.025392
1.736986
0.003169607
1.383247
5.487843
4.195421
4.105333
4.756956
0.2519519
-1.587704
0.4311142
-2.000055
3.915183
4.981163
7.374068
-1.171875
4.488295
3.179321
0.4399131
4.464854
4.724118
1.327871
6.2079
6.103427
5.478014
-0.7137189
4.671932
5.198611
5.065192
3.216408
-0.1922928
-0.3993676
6.974605
1.101037
6.11634
2.688304
0.9479702
6.694032
5.933317
5.149227
5.649065
4.781161
4.32001
4.336227
2.403854
5.96722
6.707453
-1.350338
5.325009
5.435359
0.2577275
0.5989642
5.989119
-1.938707
0.278241
-0.5478044
5.616719
4.703962
5.74058
4.173522
0.9910129
-0.9929453
1.324525
5.560965
0.8218897
5.198256
5.20566
4.249533
4.660654
-0.441665
5.302036
2.848736
6.47564
4.945841
-1.156364
1.166736
0.9585697
-1.142228
6.495351
-0.07950811
6.600419
0.01626801
6.616594
-0.05692419
-0.2420721
-1.54826
8.727238
2.570489
-2.081769
2.774887
-0.7378632
3.73745
3.796621
0.2650824
4.695827
5.924773
1.57987
4.195248
6.02977
3.664944
0.6786849
-0.3888724
4.083669
5.302217
10.98475
-1.546047
1.101
0.3434353
1.177845
-1.302185
3.869506
-1.280843
4.973601
4.850919
0.841427
3.771927
2.184725
3.841398
3.450776
4.536767
2.091136
-1.318551
5.128163
-0.4249104
6.281067
6.638799
5.819512
4.872417
0.2520345
5.37609
5.075227
-1.058533
-0.6034081
9.707745
-1.965114
5.79142
5.227228
0.6476058
-0.6705711
6.652093
5.760167
0.4794339
6.288356
0.8393924
4.04667
5.378052
0.903749
3.523808
0.05636041
-0.4616795
6.693279
5.293953
5.744912
5.635314
4.369842
4.868558
5.721991
-0.8194444
7.423176
4.775368
2.8114
4.753751
-1.559833
5.785032
4.37592
5.049405
3.939298
4.847098
4.162019
0.2827178
4.639292
-0.7018992
5.135997
3.723994
7.288568
5.33507
4.786529
1.24271
4.010812
4.169896
-0.119998
6.508911
3.133954
3.768765
0.8359314
6.021307
0.9822991
-0.03848805
-0.2079647
-1.040933
6.411769
-0.7566689
5.32807
0.6377589
-1.546786
6.44624
5.610869
5.103187
-0.2204734
5.666782
4.021151
4.974952
4.944438
-1.219159
4.952788
7.467586
4.340858
-0.5343973
5.732794
0.4031945
0.5994683
-0.9998305
1.929087
2.527007
3.168716
4.801851
-1.246351
4.705437
-0.6201585
3.430943
-0.4404893
0.1556121
5.724117
1.432617
0.3095675
-0.9466692
5.656953
1.841727
5.863213
2.444323
0.9842948
5.042385
5.49443
4.889137
5.941578
0.647038
5.733163
4.213866
-0.1936207
-1.199988
3.926606
3.935631
0.9621459
5.1995
5.113798
5.469129
4.464769
1.03308
4.407075
5.048321
1.042063
6.672781
5.80608
5.592659
4.793106
5.372204
5.250969
-0.6660529
-1.778414
5.612696
-0.101866
0.8989077
5.337469
4.664822
5.407183
4.661551
4.292542
5.681867
4.41755
3.405294
-2.595377
6.981442
6.210853
-0.7591661
6.612001
2.220249
5.861161
4.838848
5.017115
0.5891869
0.3589236
-1.552962
-0.04461374
-0.6384007
-0.7386457
4.55455
5.673592
3.694912
4.454052
4.079775
3.401777
0.7786057
5.749811
-0.5398853
1.713892
2.862121
6.401827
-0.2258235
1.191524
3.493603
9.725547
4.3782
5.244869
-0.08112928
6.379949
-0.06184001
5.462947
6.249853
3.148855
0.681881
1.102174
2.503861
0.5178927
4.651659
1.666959
-1.274606
5.170102
3.863842
4.520623
-0.3484566
5.49418
6.321124
4.797613
0.1921393
5.787769
3.303385
3.351097
8.291282
5.224303
-0.185725
7.166783
-0.08317446
-0.6364213
5.960087
5.424114
1.687078
0.05278924
4.322815
-1.540886
4.508657
3.082433
4.053646
0.7077221
0.350941
-0.23804
1.948732
4.876759
6.714226
-0.3062661
-1.947647
6.694042
3.558725
4.980699
0.8627995
5.550367
-0.5510577
0.401486
-0.3887533
3.94544
4.700149
5.371722
-0.3867177
3.715985
-0.1574068
5.007132
-0.1122806
-1.067013
5.148577
5.062509
6.1894
-1.2919
-1.256351
4.160146
4.343687
0.06506942
0.7362661
-1.60509
1.555891
5.490102
4.965983
-1.423265
4.579978
-1.04196
5.134738
0.6309143
6.849433
-0.4492245
1.071028
6.784273
1.019679
-0.0846899
3.170807
5.097393
6.748981
2.732659
-1.541325
5.684811
4.893423
-1.50131
4.626009
-0.348813
6.015759
6.034335
6.364495
3.462241
-1.821534
-0.6038274
4.121779
-1.127157
6.157548
5.567084
-0.2691468
4.160194
5.988182
4.847314
-0.7054388
4.493779
4.899925
5.080363
4.223055
3.777038
5.993843
3.72543
-0.9570313
3.324967
-1.209566
6.871698
6.024726
2.446429
5.843347
6.530171
4.241373
4.578243
-0.880723
6.15509
6.417518
0.02556187
3.80019
5.166965
0.7813514
5.180436
-1.396008
-0.4314882
5.413922
-1.288914
4.821609
-0.8895398
4.393698
-0.07475643
4.185696
0.09390971
4.981183
2.938783
7.432786
6.555981
-0.1732622
5.837113
4.853407
0.2394739
4.01002
-1.762869
4.832983
0.2756991
-1.434171
0.5977999
3.076376
0.619587
6.892531
5.725342
4.666306
1.770927
6.112427
5.632066
-0.2082587
2.980665
0.2639358
4.820489
0.3176341
5.637056
4.697706
4.325945
4.946827
0.3251912
4.008596
3.997511
0.5437291
4.021571
1.872146
5.391501
0.7901508
5.283943
5.262193
1.449229
5.846027
-0.1203184
4.12643
3.07861
-0.1701824
6.285255
0.6264815
1.086998
5.744914
0.09575166
6.575856
3.171147
4.493902
-1.061482
-3.241306
0.1429343
5.073912
1.010162
5.993235
0.2273316
5.044495
5.182863
6.421346
5.772046
7.677049
-1.242956
6.703851
0.2358951
0.1529997
3.480754
0.4071843
-2.005121
4.954369
5.750071
6.14503
5.276928
4.416605
4.906471
0.9601568
0.1301353
2.663704
5.594089
3.895737
-1.288358
7.051555
0.3047217
2.706926
1.228657
4.401135
-0.4231391
4.269396
1.049467
5.08212
0.2355115
-0.8388496
5.221102
0.02412358
4.131662
5.132689
6.269904
3.099031
4.419567
6.318328
1.134531
5.564271
2.927962
4.672218
6.161144
5.405509
5.413727
3.813297
4.048759
6.112647
4.70538
5.567925
-1.003901
4.646306
0.7824887
-2.128661
3.882289
4.143694
3.2989
4.422637
-0.4540066
4.054583
5.652919
4.888599
5.588331
-0.581352
4.721935
3.621585
4.689114
6.223227
5.704175
-3.1247
4.029177
1.940986
5.788177
4.206865
-1.051709
5.950814
5.144489
5.274575
-0.4937134
0.08083397
4.623787
2.984132
5.273627
0.3704871
5.261842
5.061824
6.065799
5.586889
1.388869
3.876153
5.48321
1.31183
1.459635
5.945153
5.010918
-1.154028
5.787155
5.564829
6.2395
4.508915
9.209912
-0.4806034
3.650347
4.399086
2.464033
3.977491
5.664977
3.811486
1.352663
0.8823136
0.03479442
7.531358
4.587054
4.231308
6.735272
6.420852
4.669769
8.726431
6.743823
0.59509
8.608869
5.367609
4.007622
-1.612205
3.765576
-0.9001433
4.058396
4.382976
-1.116626
0.6592073
-1.056566
1.59203
4.04992
0.1784926
4.837154
3.633462
4.264907
-0.3245078
0.219286
5.34989
0.4805072
0.7503918
3.321177
6.240893
0.1597725
6.231719
-1.362785
4.571911
-0.9991605
5.382753
6.028524
1.734033
4.725156
1.357868
5.734183
3.665437
11.35168
3.552522
-1.705681
-0.5205047
3.816414
5.006324
6.008368
-1.149658
-0.02198834
6.213578
0.1428256
9.111847
5.034666
6.810032
0.5987357
1.883746
1.532184
0.5547752
-1.042221
0.8850949
5.642022
-1.18605
0.7542416
5.484111
5.310814
5.090179
0.3149538
0.8579871
4.874593
-1.924317
4.308336
-0.1022377
0.1553566
3.369531
5.133487
2.811848
5.419662
-0.5757428
2.446392
3.506756
4.308908
3.612278
5.505095
7.175186
1.191569
0.2270603
1.107291
0.4702457
4.920585
6.134951
-1.513572
-1.236522
-0.03605022
4.119145
3.754661
4.112044
3.056968
-0.1202506
0.3435379
-0.5624429
2.610899
5.65155
5.417864
4.240506
3.888547
3.815978
1.865848
5.22684
-1.343714
-0.7186118
4.419832
5.617659
6.337971
-1.656947
0.1801295
5.077173
5.122995
5.244609
5.577637
5.132389
4.680587
0.3391761
4.530406
5.152802
6.068062
4.563861
5.406597
0.1407445
1.491479
2.046333
3.98774
3.930721
0.6193085
-1.412286
6.41413
-0.008325832
-0.9115959
2.845935
3.825725
3.919912
-0.5815191
0.3608879
0.0579889
4.690762
0.2193844
-0.4752377
4.629563
0.4712085
5.433017
-1.002796
5.181157
-0.7185343
5.343177
4.543326
4.228189
5.753985
5.597193
0.7456094
1.51909
6.353007
4.266185
0.04448575
5.489306
0.1553216
5.951246
4.442007
4.536945
5.257513
-0.6191495
0.03865759
-1.886064
4.828123
0.3842974
2.717901
4.08086
5.123151
0.8480324
3.081923
4.524189
-0.4299098
4.765853
4.550167
-0.4397504
6.573746
1.229876
3.956569
3.478098
0.8099165
5.514309
3.381796
0.5341906
0.9525822
-0.2697506
-0.1708563
2.327423
3.175469
5.49243
5.11476
0.3037072
5.984428
5.144964
4.448138
4.376555
3.960899
4.530498
3.705594
6.422486
-0.3493449
5.601567
-0.8255241
0.2323304
4.806089
4.973577
1.905574
5.828823
7.29673
4.998565
5.890491
6.345223
-0.6250777
-1.648765
6.465215
3.969419
0.6244804
6.38854
-0.08279202
3.796615
6.07317
-1.496005
4.310691
6.340828
-0.5770882
6.368022
0.7016982
-1.459959
3.853197
-0.8125338
0.3096417
6.205384
4.45994
4.456128
1.122645
0.267965
0.1608144
3.365361
-0.4308454
7.514482
4.561081
0.8250988
-0.6243623
1.505098
3.494297
4.79531
4.949696
6.478055
4.554352
-1.616027
4.153853
4.011595
0.6322616
7.0449
-0.4436242
5.764994
5.755098
4.014047
-0.3518233
0.9224334
-0.6440039
1.773909
5.200203
1.452612
9.659022
5.364111
4.804567
0.5002401
-0.8372501
4.95746
7.961963
-0.2820558
3.588638
5.057384
3.998673
-1.203903
4.397766
3.638334
0.223551
6.096542
4.933096
5.200735
3.596742
1.230238
1.895026
-1.046794
4.488492
0.5094527
-0.1642165
4.81336
-0.2839853
-0.4006581
4.147189
4.279117
-1.593684
5.179025
-0.4821414
4.576217
7.461851
4.744775
0.7033518
4.87454
8.479262
5.042263
1.033632
5.954817
5.616385
3.430453
5.036948
6.909419
-0.2812035
0.03129487
5.26198
5.053462
6.066873
6.698074
4.33741
1.736989
-0.8968099
-0.3861468
-0.6222432
1.665442
-1.945956
0.3566509
2.554427
0.3490767
5.685039
0.9187864
-0.1114423
4.229384
5.400408
1.349303
0.8341982
1.169243
0.06579836
4.925635
4.200351
3.516104
4.847289
0.01841733
5.289878
3.408103
4.266299
1.281679
2.194336
3.061786
-0.1633765
5.850784
2.065816
6.059558
0.3476272
2.028163
0.2454048
0.0297076
-1.397772
0.1411438
5.479364
1.930538
4.593952
4.903894
5.229575
1.277479
6.091383
1.288232
1.363769
0.3257962
3.775032
-0.9022271
1.414632
6.819751
-1.590092
5.947613
5.37669
3.779135
4.704219
4.256137
0.3287693
-0.157066
-0.07631235
6.318964
6.990022
4.749237
4.857262
4.66835
-0.7735167
6.431786
-0.2295072
4.395077
-1.006614
6.103875
0.4529126
0.7562569
1.839481
-0.3809733
-0.691808
-0.6399491
4.473549
0.9831673
5.448959
-0.6066887
5.94841
6.825674
-1.520833
4.578847
6.606455
3.41229
0.7517645
3.747967
0.6780327
6.499248
1.741613
5.17169
4.583408
0.08998782
4.226499
-0.4677152
4.56363
1.09482
-2.228735
4.281436
4.813564
5.405175
1.623331
4.81782
4.365411
4.267187
5.192958
-0.5442904
5.54496
-0.4993281
-0.8426534
4.824993
1.112994
3.36322
4.204402
-3.245122
4.78325
1.080677
4.529808
-0.7147035
0.5394382
4.635028
0.1522799
8.316085
4.425078
4.190249
0.7359227
4.101544
0.8081955
-1.150778
4.338189
5.53115
6.536021
4.901551
0.9469635
4.40389
-0.1961517
-1.014098
6.243282
6.204483
5.47071
5.126453
1.185013
6.069789
4.240831
-0.6836418
-0.8096344
4.902011
4.265952
-0.3224601
-0.009590463
6.131025
-1.346482
6.565129
-1.852831
4.800473
1.549886
3.195045
0.8057239
6.017213
0.4214385
6.290024
8.081957
1.932525
-0.6355128
-1.424747
4.88976
3.610172
-0.4124037
0.3720873
6.624971
0.8745758
-3.189328
5.467936
5.76546
5.596354
0.7553992
5.293888
-0.7080533
5.104765
-0.2431391
-0.4449456
3.83876
5.531433
1.29535
-0.008772868
-1.508387
2.968038
-0.8764752
-0.5713375
5.195433
4.328412
3.464791
5.189004
0.07118709
6.14009
1.52727
1.247564
0.2000152
6.820482
0.7855792
0.7522266
3.819162
-0.2951889
0.05066076
6.23189
0.6477179
5.095568
-0.8853102
5.690015
-1.076573
1.478357
4.250583
1.933433
-0.7588846
-1.735356
1.185471
0.7766648
1.947609
-0.2717634
0.3644915
5.557654
5.483463
6.006554
-0.3396703
7.015371
-0.679194
-1.142534
4.473428
6.297175
5.859809
5.735966
4.036123
5.809726
0.6288716
-0.03960585
4.401141
4.670304
3.360974
7.175846
4.279569
5.299537
4.16821
4.709335
0.1539312
-1.903713
0.05761167
-1.284763
7.436932
9.478716
5.644357
4.354276
4.841234
0.1978529
-0.6876836
4.75435
4.817818
1.029998
-0.2200622
1.169262
0.6395877
4.558431
6.284322
5.130639
0.7753924
0.1876938
4.909227
-1.56714
1.476378
-0.6255001
2.763467
4.515175
0.8490332
0.7873533
5.334155
1.11664
0.121358
3.99015
6.175445
5.334025
6.482712
-0.3308006
0.4322976
4.890263
1.264464
7.136196
1.30638
4.677429
13.10765
0.1771416
4.315984
4.686866
3.107075
0.09912019
-1.120723
0.4167349
0.09152931
4.096974
3.639786
4.493
4.4798
5.880582
6.008387
5.059887
0.3564585
0.6291827
-0.0655465
5.731773
-0.2142524
-1.787293
5.458245
3.428458
0.2561586
1.685683
4.475149
-0.151899
3.238286
-0.6758716
-1.008548
5.196702
4.608438
-0.1171904
5.525689
1.467594
5.532856
5.432471
5.276414
-0.362291
-0.9571314
6.067876
5.670305
-0.2743261
4.601542
6.330592
5.663823
1.118228
1.122305
5.246389
3.941658
-0.2665441
5.175338
3.230403
6.065328
4.896846
0.4646766
3.283748
4.571335
6.14656
-1.279669
0.814632
6.238528
4.699622
0.234998
4.962432
6.122083
5.31986
6.120432
6.094156
0.7498757
5.978998
4.313159
4.706531
-0.03863629
4.999321
-1.068547
5.784861
-1.273254
5.879306
11.46545
4.802381
4.040781
-1.902016
-0.9627513
6.03714
6.230059
0.3539606
5.310635
-0.4359693
3.372993
4.212599
-0.9894797
4.910901
1.293092
-0.2489038
6.806669
4.465121
4.924996
6.256211
3.189587
-1.410681
5.609432
5.730881
6.613727
0.5440406
4.357003
5.909164
0.09360276
6.804711
4.35059
3.902755
0.9603967
5.647293
6.284724
1.583477
5.619288
-0.2785834
3.499203
1.354743
-0.3246799
3.865987
-0.6429345
-0.2210359
0.00499274
0.7647431
5.281699
1.456741
4.218752
3.56999
4.850162
-0.6777241
-0.2718371
5.797823
4.859848
0.5875361
4.68564
0.9833724
1.843248
4.908129
5.020202
3.143761
3.559633
1.213727
8.496865
-0.23573
5.497949
1.481926
5.09204
5.059085
2.052291
3.631439
4.593013
6.635685
5.16082
4.782436
4.905921
-1.460561
4.386946
5.432123
-1.50369
0.04805682
4.768072
4.684339
8.519023
0.9092938
4.029764
4.282275
0.9313197
0.1345806
6.298278
1.119143
5.270401
11.04792
-1.138038
4.418264
5.51935
-1.149557
6.165239
-2.315873
4.314445
5.387084
5.271921
4.183442
0.08411751
4.904366
5.720058
0.6994077
-0.08862732
-1.654945
-1.490833
1.476096
4.429366
-0.4980371
0.1938287
7.085778
0.1277669
3.467873
3.967156
-1.896337
-1.550762
3.644066
4.932045
4.828279
4.888682
0.2035046
-0.1063037
-0.8556732
4.393858
0.8904861
-0.0004641413
0.3098963
4.312409
1.419821
3.14627
1.455112
6.35955
6.045201
-1.524811
-0.1712705
1.34699
3.811252
6.324621
-0.873263
4.309611
1.694937
0.2756152
5.939592
1.924373
3.602523
3.895179
4.421925
3.82489
4.993446
4.504672
0.9246621
-0.2104405
7.482022
4.935868
-1.096931
4.933428
-4.604265
4.679738
5.962864
1.266795
4.940085
9.334691
0.3806686
5.849277
0.4533885
0.5299629
4.544831
1.37862
3.88506
3.763134
5.987903
-0.09486563
5.234483
5.289691
3.083554
5.73555
4.149385
5.151831
0.640747
3.19066
4.622321
-1.367897
4.955074
5.007194
3.655873
4.721517
0.2104701
-2.213172
5.664875
0.440875
-0.3497122
4.945865
0.1190825
0.837478
6.166633
4.586608
0.4523989
4.091264
4.838356
4.921683
6.653026
4.858284
3.065979
7.47721
5.10543
5.333753
6.099176
0.00775412
5.859321
3.142621
-0.2574375
1.029556
4.231086
7.777185
4.997902
5.376508
4.858735
0.5173118
2.995758
5.622371
6.98092
4.462192
-0.1175646
-0.1830962
5.822154
0.8276422
5.568001
4.416444
0.8612713
4.60953
8.094944
1.562213
4.363636
5.370047
-0.8910712
3.933228
5.132186
4.789256
4.617522
-0.2216077
0.3342082
4.380056
6.663623
3.899163
0.8552376
6.474475
3.94747
6.007752
2.159606
0.6843037
4.048416
0.2607324
6.089668
6.850396
5.308209
5.688659
5.256096
4.555049
4.326113
4.577341
4.79303
5.981375
0.1667515
5.431195
6.082863
5.79971
0.1731413
-0.2348779
5.250361
3.682733
-0.06941892
6.726445
4.600707
-1.286954
4.568106
4.97151
-0.9404728
0.04455948
6.239994
-0.5166212
-1.147411
3.206411
-0.5076384
-0.01881666
-0.430476
4.754318
5.892683
4.575229
4.589619
4.75505
6.47959
6.755828
4.992582
-1.187877
-1.058942
-0.03973035
-0.3156989
1.310766
5.453652
-0.0256622
3.643396
-1.318876
5.87117
4.955325
4.424963
3.931637
5.979981
2.32628
6.99314
5.546272
0.179321
4.471539
6.928068
-0.4227716
8.287503
6.956164
3.546318
-0.3443124
0.1102853
4.389381
4.666421
6.826519
6.371896
3.970129
5.656566
-2.004722
5.24628
5.815372
4.750739
4.403998
-1.129488
4.839572
3.121278
0.05642047
5.441238
0.06557903
6.081405
4.727495
6.131135
5.714538
5.317317
5.616812
0.1670064
0.3838441
1.920443
-0.6461834
4.336452
4.526611
2.153579
1.297178
4.482255
7.070345
0.1010525
9.852616
0.6058235
-0.8489224
5.590123
2.546064
8.013421
3.814424
0.9139041
4.267995
4.601839
5.608407
0.5961203
-1.06236
5.1652
-0.1737948
5.677015
-0.48386
4.547132
7.314423
5.102562
5.529409
-0.2347036
4.795668
4.200898
4.779724
5.971928
-0.1634182
5.966329
0.3015499
5.049953
5.165606
3.243955
7.230822
-1.843575
6.350685
9.718714
4.560271
5.44423
-1.651797
5.369091
1.29036
0.2772406
-0.4384498
4.456238
3.998629
-0.0582545
5.173654
6.365146
9.182728
3.27343
5.51957
0.7408689
0.4865464
0.159708
4.751025
5.835977
0.06125022
0.9527626
1.530012
3.341447
4.534328
4.884794
1.194087
7.499649
-0.02839612
6.07965
7.442681
6.336797
5.209289
-0.3895087
4.711639
4.30432
3.017564
3.388871
4.419151
0.5835037
5.469977
4.654368
1.094662
0.3703195
-1.538891
0.4621014
-1.349769
4.427515
4.203245
4.805806
-0.477602
1.002147
4.81281
5.684091
-0.8211122
-0.7709938
-1.000714
5.939964
1.814622
5.251063
2.685787
-0.298644
4.869118
0.04850451
-0.6144323
-0.4687801
6.064404
6.52501
0.03733901
4.144162
-1.424846
4.063952
-0.1341098
4.218686
-0.5925403
4.803479
1.010773
-0.534036
-1.069385
4.226232
6.195105
6.657095
6.293354
5.895865
3.396763
4.509802
4.424126
6.011245
4.543446
-1.617191
4.192659
0.3668003
7.972264
-0.6743612
4.547448
9.187571
0.4595263
-1.052192
6.168137
-1.158275
7.589751
-0.4299799
5.94456
3.857279
6.194244
6.141424
4.911637
-1.408194
0.3241649
0.1807821
1.092823
4.30663
4.96921
4.64708
0.7998774
6.001578
3.783064
-0.5148851
-0.4151192
3.84797
-0.06262289
5.100026
3.241298
3.004926
4.851698
3.801552
1.569364
2.359732
0.2421479
0.5078967
3.512672
5.152675
0.1001304
0.157035
5.309155
0.4129512
1.142785
3.188438
5.176727
1.478283
5.911013
3.434809
1.225464
5.449652
0.1002784
4.946354
5.954859
4.977003
0.750029
4.164436
-0.564237
8.954183
5.384145
-0.7339937
0.5530187
4.332037
-1.051993
3.974492
6.653032
6.047408
3.937272
-0.2145336
5.797482
3.856997
0.6988377
4.476535
5.195982
-0.6903063
-0.07082905
6.135566
-0.1066301
0.5294048
0.8763661
0.507931
5.016793
1.792621
5.70235
4.182012
4.271642
6.028953
2.292359
5.168822
-1.317994
2.163071
1.889516
5.956167
6.813652
3.725663
5.23612
4.890563
3.322636
0.779047
-0.2118407
3.798164
-0.1719207
5.203544
2.889581
8.630006
5.262171
-0.07470906
5.455545
-0.1918956
1.491599
-0.2584186
4.103534
4.643221
1.176991
-0.6055019
5.086424
4.25613
-0.3920157
5.760908
4.661277
8.116197
1.098377
-1.743693
-0.7570895
5.849113
5.947757
0.6817527
0.9697168
8.579867
-0.9226919
1.480718
6.473147
3.900332
6.523525
1.567472
6.476816
0.1040014
5.733536
5.76922
4.762441
6.190591
5.693496
-1.36368
-0.8441902
9.755396
4.864878
5.305973
3.029753
4.394176
5.277285
1.566266
-0.3561919
-0.139205
4.360748
6.19653
5.046323
5.011275
3.933886
5.402293
1.376378
4.714698
3.863332
6.711634
5.225836
3.380642
4.356978
5.458099
-0.4405342
5.181747
4.041514
4.483825
0.4958911
3.710871
-1.104803
5.514852
3.575652
6.074867
6.161165
0.4577572
4.673185
4.854809
4.836505
-0.9042935
-0.3272115
1.281192
0.6689925
5.008003
1.025573
-2.387829
0.7049439
-1.69126
6.20349
0.158525
0.9336922
5.59297
1.469363
5.867465
-1.037075
0.8076392
5.542243
4.881157
-0.6533163
-1.058161
7.846621
6.398665
9.695088
-1.547311
-0.4208237
-1.447951
5.448438
6.756991
0.8055334
1.74648
5.003219
5.178054
5.830663
1.092976
2.550746
4.855237
-1.283748
-0.7457391
8.875411
8.294368
7.2519
5.1336
-0.2267846
5.93735
5.887945
-1.295613
4.777574
4.516117
5.607624
6.043314
4.165947
1.031172
4.409312
3.532427
0.6593706
0.5154108
-0.3927778
4.78694
-0.5854268
5.109012
5.967436
0.3339007
-0.8460825
-0.2834786
4.6435
-0.3780944
1.77724
5.649665
4.750032
4.516812
-0.3700026
4.741541
0.1510172
4.657652
-0.6578173
5.111542
0.6437715
-0.7093198
5.455817
5.036811
5.384798
0.6936348
0.6912593
6.031532
4.991066
4.452007
6.675222
5.071221
1.783705
4.660811
4.91547
6.440595
5.413407
5.141607
0.4234309
0.8059233
4.619715
8.013738
7.156626
4.629101
6.160556
0.0006263717
4.209587
-0.8355937
0.5920869
1.058296
5.761216
-0.627599
4.594527
0.7386446
-1.708195
5.484267
0.03152272
-0.3063804
4.65362
0.5036674
3.787925
4.941119
6.661762
6.666705
4.445941
5.217675
4.326559
0.3034682
4.653826
4.61901
7.997056
2.988893
-0.9695414
3.537006
5.166451
1.914997
4.885601
0.05669586
3.475514
-1.39928
-1.5597
5.603156
3.346626
-1.074066
5.430402
7.225991
-2.03335
1.044008
6.621099
4.654484
-0.3943036
-1.51586
-1.936026
4.074291
-1.828949
3.062418
0.2369378
4.519047
-0.04870374
4.505654
4.71021
-0.07122579
4.572686
5.208898
0.03144046
-0.7685461
5.416125
6.051101
0.5009669
5.147413
-1.013174
3.744465
0.1173477
5.539538
4.679778
6.375015
2.357284
4.884001
4.47803
1.588623
7.928248
-0.1614336
1.471888
-0.0784732
-0.1841913
4.940352
4.966141
4.857603
5.274924
5.487216
4.878783
1.557327
5.182656
5.477389
-1.052241
0.3108663
3.675273
3.710492
5.618834
-0.9354723
4.87116
0.02470144
-1.295856
0.5012167
0.703854
-0.3660241
6.748563
0.8588577
4.96039
-1.23194
8.352266
3.683823
4.907118
-1.446807
3.506519
5.255641
6.43363
5.025328
3.68028
5.470524
-1.111592
4.606436
2.116472
5.796429
1.390779
-2.542028
7.350305
1.907993
0.1102697
5.408218
0.5173104
3.157676
5.402086
5.825401
4.413888
0.08623125
5.301062
3.513547
4.619817
-0.02503199
5.584787
4.074662
0.6177059
1.498315
1.797012
4.929313
-0.9537919
-0.6395933
4.809085
-0.1818679
4.768833
-0.4425452
4.581505
2.865102
4.194741
4.698645
5.431766
4.327295
1.16869
3.37281
6.019992
4.498412
9.263764
7.578629
2.384993
5.226224
-1.012744
-1.815752
3.921687
4.700753
5.571916
5.735993
0.1387996
4.353649
1.774258
1.225979
-0.8227692
2.012583
8.216848
7.410289
-0.9820169
-0.8531521
7.096235
5.753667
5.347549
5.514555
4.641887
0.221077
6.029005
6.268989
4.034621
6.341301
6.618829
5.169174
3.933396
5.880759
-0.3340607
0.2619709
1.101892
-1.601998
5.690361
-0.2724298
0.539222
7.738952
-1.42204
-2.842131
0.5841999
5.95162
3.989394
5.257342
5.819522
6.620935
-0.06990542
5.768189
-0.9868744
5.242604
3.276596
4.215049
-0.2491298
0.8179665
0.417698
5.361841
1.326807
-0.1361448
5.581045
-1.36795
9.022578
-1.023392
-0.141761
0.09242723
3.880827
5.313808
3.877912
0.4066572
1.924785
4.860387
4.627636
0.1819767
-0.169164
4.722837
-0.3291274
4.678008
5.949258
-0.3694741
5.111172
3.514088
6.756892
1.756891
4.74135
3.242112
6.176357
7.169805
3.294229
3.923651
5.780404
5.43036
-1.366092
0.6241352
5.064244
5.051734
1.366238
5.524348
5.17376
5.230608
1.061838
4.263584
7.41168
0.6492553
0.01490042
5.769693
0.007929212
-0.2039611
5.508847
4.709352
-2.051272
4.705943
3.251923
6.518052
3.569864
1.455121
0.05570341
5.044588
0.8747727
5.528401
6.23278
4.763117
1.337669
0.7179824
0.3586388
4.962889
-1.185201
-0.2803487
4.09105
5.64329
-0.6729789
0.9058021
4.196413
5.722015
0.164501
4.971617
7.244062
6.143959
-0.6037476
0.08292063
3.664205
0.5787194
1.2904
0.3502403
2.152866
0.001126047
3.626515
6.134047
5.415009
4.274721
5.008617
5.429623
7.038949
-0.3858559
0.5237484
1.427785
8.246316
4.71962
4.287175
3.376582
-0.7027942
4.558917
-0.6687096
6.677788
-0.7838625
4.404852
3.261999
1.417572
0.7854702
5.910158
4.540896
5.913741
0.8153476
4.779235
-0.7095222
-1.910006
-1.214946
4.327336
2.009019
4.564465
-0.6184786
-0.8559698
4.656288
5.385698
3.744468
4.332274
4.208685
0.4894479
3.62078
-1.126206
0.472286
0.9621847
-0.1097841
-1.176133
5.046174
4.393678
5.281479
-0.2620004
-1.27813
2.494545
5.307216
5.485573
5.321786
-0.4088867
4.001543
0.7278269
4.869877
2.894576
-0.1254605
4.087079
-1.642669
-0.1681047
-0.4549174
5.011424
7.778459
0.7264574
1.459813
0.2331093
4.384743
4.588071
0.0752789
4.031001
1.409306
1.436401
4.917945
-1.043999
0.7534142
4.451631
4.884573
6.669515
3.654683
0.6328412
5.231965
5.95113
-0.1701524
4.323126
-1.349913
-0.9412249
5.690243
0.1007698
-1.245904
5.682462
-0.009612071
5.97764
5.321023
6.958072
4.297156
4.621156
0.04197322
3.745946
4.795996
-0.2013763
4.682208
6.246235
-0.762804
1.646359
4.646598
-0.3013799
5.197688
-0.6914783
4.815717
5.885805
5.865166
-0.3846052
5.56918
-0.6751717
6.39562
4.606406
-0.3122295
5.634905
5.109009
5.099366
0.4876728
-0.1533377
1.500679
6.834363
-0.3386547
2.104487
4.483571
-1.943233
-0.5228156
-0.6049151
3.007128
5.035114
6.085474
-0.7922896
5.792384
-1.380903
-1.364695
4.408472
0.5690693
4.536294
6.752613
4.252847
4.614114
4.015872
3.68068
2.66874
6.96815
-0.7518147
4.908771
4.425309
2.247561
4.722467
4.525802
-1.289602
4.24593
5.832857
1.207773
5.485152
3.875019
5.782408
-0.3517683
1.030286
-0.5561852
3.886156
0.3735901
0.08455417
6.155278
-1.362986
-0.3663867
0.5501425
1.75299
2.933505
0.1579725
6.262754
2.131994
4.182059
-1.373865
-0.3685886
4.303105
5.177468
4.932417
6.176585
5.668382
4.812296
2.879649
1.500912
4.590576
-0.9609635
5.671726
-1.004293
3.984535
10.07376
4.974752
6.098055
-0.7909428
5.725994
0.3097894
-0.3794094
6.157486
-0.5678414
4.819863
2.68245
4.518891
0.408793
5.668417
4.549161
5.162746
-0.6721974
0.6909599
5.603442
-0.7332778
9.162413
5.966288
5.212738
5.989094
5.494438
6.714134
3.551232
4.757207
6.507657
5.724901
5.715301
4.310799
1.001229
-0.6099889
4.44405
4.288863
5.080809
5.172484
4.649157
4.016712
6.562404
-0.2606359
6.04989
0.06492077
0.8219505
4.41604
0.4233562
4.740352
4.423344
5.747084
5.455661
4.970623
-1.456132
-1.240016
4.706772
0.5452435
-0.5424187
5.554375
5.65923
4.38029
5.489333
-0.3541209
4.972004
0.8310759
-0.2902385
-0.09808379
-0.5917893
6.583295
-0.3232692
0.1543761
5.041968
1.431271
0.8133753
5.452382
0.6610369
5.676229
4.943187
-0.2693604
0.751715
1.141781
-1.056773
5.064891
5.627806
6.243389
6.249017
6.089151
5.291665
-0.8732705
5.125213
6.089781
4.954397
-0.9949355
-0.5296362
-0.3417916
3.030538
4.720289
-0.8331061
-1.290249
0.4744924
4.786452
-0.05778228
4.590491
3.829363
4.85598
4.302256
2.447307
6.338538
-0.8025464
3.999518
3.530854
0.4038116
8.891619
0.880471
4.366284
5.194816
5.488977
1.835054
3.996272
0.3220352
3.769175
4.201551
-0.5453821
0.8809533
3.907571
0.2289772
10.50538
4.528826
5.663287
4.102625
-1.256049
3.75006
4.310299
5.16129
3.796385
0.2611175
-0.08728444
-0.7499839
-0.4757047
3.357367
-0.2368326
0.3103359
7.174922
1.446638
5.337844
0.06643846
0.8977229
-2.533388
0.5339482
-0.3104542
4.913722
7.662752
6.136615
0.7013641
6.775333
1.763606
6.02459
4.680988
5.03965
1.294261
0.8278534
0.3548485
-2.491412
4.300426
-0.9733017
-0.3983666
-0.8728698
-0.7857841
3.465906
4.649492
6.091437
-0.6214575
6.420096
5.181532
2.11617
5.449182
5.031526
5.278465
-0.4626395
5.167046
0.09879207
4.855064
1.194469
-0.212564
0.6879262
6.549639
4.861355
5.805887
-0.08480289
4.838419
4.790321
0.238377
5.831068
5.320523
5.526916
8.925335
5.753753
4.722991
1.139324
4.241298
4.884976
4.132048
4.707995
1.066324
0.1032489
-0.1362442
-0.1111066
-1.092474
3.416739
2.662912
0.4065494
4.770012
6.062625
0.4802202
-0.5435893
0.2524046
0.7786703
1.238718
4.164035
-0.6389299
0.006827132
2.712123
4.13167
1.291545
-0.3313234
3.925241
4.47354
0.432446
-0.7978866
4.644457
4.447445
5.715189
-0.08943371
5.919971
1.14163
6.30842
-0.8527049
-0.5468536
7.467004
10.22524
6.221502
4.929962
5.390508
4.921159
5.664212
1.681096
4.459678
5.021372
6.31891
-0.0004458571
4.673243
7.541656
3.446114
5.648201
1.316565
-1.42716
-0.2102439
-0.3745078
3.848957
-0.1062557
-0.1209128
1.482931
-0.3170598
5.695404
5.141855
4.912717
0.08828633
1.626707
0.08708142
0.3246635
-0.2025435
4.653851
3.514487
-0.707113
5.472668
4.730087
5.220942
0.6851003
2.377992
0.4106372
-1.099137
5.132508
5.354185
6.051714
5.998022
4.899145
4.56188
4.664566
5.617656
0.8749288
0.07231072
6.210367
0.5967793
-0.8185996
1.020821
-0.0871202
4.381593
4.781455
-2.080729
4.931161
4.631047
0.09768671
1.897538
1.625244
5.458933
-0.8488791
5.496939
5.943362
5.920866
3.115641
3.829998
5.087753
0.5130405
0.9516894
-1.072886
0.7382148
1.149945
0.05442558
5.603641
4.797107
3.097688
5.197175
0.9524745
-1.240184
4.694147
3.498918
-0.3475604
-0.5178691
8.157854
4.938261
2.786424
5.943067
4.983533
-0.5032824
5.002443
4.616755
6.604001
0.5236878
5.502768
-0.9037763
-0.7196036
5.464899
5.963606
3.403052
-0.801222
5.090038
-0.1628779
3.097795
3.103119
4.331895
3.684045
0.6550658
4.828062
-0.2626142
0.6305553
-0.1503152
4.699756
2.152156
4.593892
4.336337
-0.09625253
2.086235
5.485918
1.537056
4.272872
4.985175
1.721176
-1.655626
5.163
3.173429
4.383493
5.561358
6.644306
5.210318
-0.2635491
3.616443
3.491944
4.645097
6.392501
5.123261
5.346347
4.83693
5.703572
4.705817
0.2028863
6.272123
0.2399231
5.815574
0.3348956
0.532703
-2.151642
0.1408215
-0.113953
-1.161461
4.559234
4.943962
4.69275
6.376692
4.434302
6.755985
1.983039
4.040113
5.812688
-1.857162
5.204956
5.934688
4.603052
-0.4107212
-0.8063377
5.30877
4.991872
7.959751
4.035379
1.357173
1.47036
-0.02599734
7.001982
-0.8270301
-0.05411467
-1.086974
5.291013
0.06537616
5.589232
4.830075
5.7482
5.567751
6.955625
1.458747
12.4412
-0.9626641
6.947699
-0.4518735
0.08135171
5.681577
4.284449
0.8153267
0.5816517
-1.134315
-0.8269588
-0.181345
3.155691
5.467487
9.973341
0.4987258
1.030649
0.4296616
5.471887
5.232424
6.030181
1.283966
5.404397
-0.4370439
6.394141
-1.102129
-0.08463598
0.9702265
-1.916793
8.274606
0.08634876
-1.170561
4.750215
5.770319
0.8721507
4.636136
-0.05201505
7.323029
3.023712
7.752061
1.169287
5.002474
6.111021
5.541072
-2.485286
0.4878803
5.021013
5.877196
-0.3806311
1.407563
-0.7143462
0.1355452
0.2882158
3.54957
10.24362
4.494921
5.022383
1.862601
0.4913309
1.764536
4.548731
-0.4121964
0.3922028
0.8834903
1.067904
0.2588625
1.302975
4.609193
-1.242549
1.255507
-0.4132592
3.444095
-0.1935275
4.998558
1.442838
4.180408
0.360653
0.3349257
4.018661
0.7203644
5.273061
4.907134
-0.1516775
3.301488
0.09962586
6.843863
0.160242
2.081523
1.891529
5.732911
7.692855
-0.4512922
1.540985
5.3573
6.852149
0.008047922
-0.1894592
7.666121
-0.9960128
-0.9096517
1.057189
-0.5855086
4.740132
-0.03825092
4.902929
6.496988
-0.01233402
4.83331
4.457366
7.204321
1.174993
7.853264
5.199806
-0.2357047
-0.0980814
-0.9612653
1.304727
1.330959
5.004403
3.60934
7.026755
-0.8544676
5.954601
4.924601
-0.3236302
5.048269
0.9422541
5.326999
0.3209707
1.620248
5.161165
0.3967156
5.246867
1.718217
3.621952
4.990747
9.63038
4.858265
5.07935
7.590035
4.979747
6.421616
0.5882615
3.60819
2.933025
0.2866631
0.1802219
6.629786
-0.608187
-0.345866
-0.8167444
0.1424461
0.4293459
10.33329
3.522623
-0.4434128
-0.8464944
6.122721
7.959754
5.530598
6.00975
5.051875
-0.6936689
6.541826
3.783791
4.453165
4.167827
-0.298926
0.1654725
0.4285664
0.7713599
-0.5635112
5.129168
2.290257
0.161219
-0.416558
5.01645
-2.555483
4.726744
-0.4947718
5.056854
-0.224026
1.769067
-0.2647325
0.6787174
-1.327794
0.7604942
0.13738
-1.073852
0.2824045
1.075288
4.576591
4.948746
5.689011
3.684056
5.483051
0.1539046
5.494571
4.33011
4.816476
6.032317
2.171096
4.683313
5.22498
4.256893
-1.580605
4.266115
-0.5058196
5.760577
4.511836
5.435678
4.940994
5.565018
8.665951
3.196387
4.068638
-0.4649685
-0.8492787
6.255319
5.743004
9.026764
2.397431
-1.146095
4.076476
0.6372355
-0.8177547
4.091931
4.104513
0.1417339
-0.6603649
0.1831427
4.543173
3.887331
-1.675183
5.515611
-1.563929
6.625289
4.483514
-0.8089891
2.542111
5.15047
4.063037
6.613185
6.016403
-0.2953546
8.037727
3.534874
5.336602
0.7665496
5.622975
5.830179
5.453842
-0.8972499
0.6178864
-1.825549
-0.2061728
4.072138
0.5373233
5.117109
0.8534683
1.5455
1.678183
-0.4104877
5.118581
3.940739
6.314334
7.008535
0.7693676
-0.2653044
1.313175
4.70077
6.739688
-0.1713769
2.676253
0.6761193
4.862641
5.559288
7.607555
5.018002
-0.5946845
4.559726
4.751029
2.719848
5.394462
4.169326
-1.052794
2.452987
6.278044
2.81574
3.3928
-0.4748604
1.03684
-0.1046204
-1.713528
4.580873
6.35767
4.836408
4.206
3.820346
6.745858
-0.6541562
0.08173257
6.378143
0.4653181
2.783695
8.036159
0.5436906
4.203751
-0.8453145
1.618302
-1.041827
4.245784
4.09204
7.012895
3.892596
3.207403
4.554029
-1.03238
6.539068
-0.5359687
-0.08504739
5.519743
-3.403395
7.346994
-1.143536
3.874456
6.270638
-2.554844
2.882424
2.275976
5.559684
5.367136
-0.6446402
3.239824
2.123159
0.4086406
0.252161
-1.130646
0.2156314
3.939011
3.20656
-0.9547754
6.095693
6.091031
0.6601779
4.653529
0.9673843
0.4046931
6.564351
5.101344
4.396585
5.287277
-0.991747
-2.290645
4.112766
6.541534
4.594916
6.287138
-0.3156932
1.043284
5.695505
-2.166053
4.197405
0.198546
-1.800637
0.1547956
6.146902
4.658067
-0.7446828
-1.842083
5.456464
5.782725
4.716371
4.771283
4.371027
5.252077
-1.155012
0.265256
7.755241
-0.5488364
-0.5504296
1.093654
0.7728772
-0.5326794
0.9979803
5.208844
7.004273
0.06394491
5.289643
