7.929601
-0.008744113
3.999077
-1.058078
0.1775994
-0.194977
4.247217
4.883981
0.5586919
0.2669019
5.409698
5.661882
4.332984
8.319075
3.580791
4.305201
-0.004512026
4.281286
-0.9285846
3.387382
5.133729
5.435877
-1.535517
3.751418
1.063242
4.560121
4.979371
6.29012
-0.821093
0.3834527
-0.9457903
4.501279
4.974577
-0.6746542
6.258044
6.548983
4.152448
-1.265136
-0.05686631
3.703494
5.556724
4.508268
6.412922
4.783365
1.117851
0.5512533
0.9399033
0.4335174
7.382184
3.114827
4.923482
5.480411
0.7070621
-0.1768855
5.147915
4.994261
2.447209
5.87485
0.6863332
0.4967244
-0.815448
1.663897
4.907609
0.827782
6.070362
-0.6264829
-1.415755
5.736981
5.242177
1.951741
6.347666
-0.4587083
0.2390372
4.649692
1.318042
0.7858229
6.929286
3.495777
0.1655998
5.107281
2.611177
5.757755
5.91623
3.719666
0.2732557
4.459784
3.285594
4.338029
4.113744
0.2128908
0.7664965
5.499081
7.387726
4.839194
5.27625
4.198383
6.45727
4.528735
5.364559
3.933525
5.930417
0.1826473
-1.74083
6.321353
8.109518
4.949024
6.628594
6.53608
9.304521
5.125998
5.568592
3.492139
5.670242
-0.5726865
0.06169012
0.5486152
5.495851
0.6875815
-0.09637877
4.379202
7.357913
1.605327
5.964775
7.291896
4.298364
-0.1820228
4.672099
4.842249
4.24076
6.464158
6.087755
4.755068
0.1834167
0.1836676
4.602586
4.377654
7.738563
5.387781
4.62623
4.904327
4.796045
0.547514
1.081764
4.047942
6.280203
-0.5169858
5.683504
0.3260396
3.264964
4.307458
5.194886
6.051532
4.337976
0.6189648
4.6747
0.809841
-0.8664721
4.627749
4.988977
0.5488322
5.564206
-0.5213039
-0.5122884
4.744206
-0.5671224
5.446865
4.5412
-1.261399
-1.392659
1.096479
2.923244
7.478069
-0.1441507
6.930316
1.098293
3.87275
4.438422
0.05482002
-0.1469522
11.18975
2.003417
-0.4432678
6.407201
5.681379
1.791889
4.160318
6.461708
-0.01907468
0.4975693
-0.4227325
5.060419
5.789346
-0.4404554
5.303428
-0.758146
3.632174
-0.5278465
0.3902028
3.137187
5.932458
0.6793689
-0.2935413
5.488141
-1.485453
5.236987
0.5172626
5.413687
-3.798134
4.897938
4.128908
0.6797369
1.182696
4.476352
-0.4732654
-0.1593692
5.342934
5.583391
0.1675451
3.871442
0.2068189
7.057422
4.822914
-0.8657094
5.642842
3.943821
4.589223
3.323318
0.7722538
0.6505008
-1.801418
4.136705
-0.4542898
0.07209864
4.923763
6.489131
5.219962
0.8657781
5.163112
4.295126
4.596747
-1.435989
5.176182
4.208471
9.39029
4.848253
4.675428
6.446766
0.1595789
4.604338
4.031171
