3.343079
5.11176
5.356187
6.129472
-0.1053714
5.405941
5.861587
5.227495
0.02590706
0.6743864
1.758493
7.815697
-0.610035
5.015123
4.559924
6.391082
2.885654
0.4673767
6.673806
1.745281
1.025669
-0.2065478
4.418265
0.375986
5.11457
2.070855
3.681798
4.386353
-0.2395549
0.1216112
5.667172
6.401439
5.064951
1.339187
-0.2669598
0.5116889
-0.2050731
8.541122
-0.06745048
0.9039368
-0.642533
4.059391
1.501482
3.319255
-1.175863
-2.901907
-0.6379417
1.439927
4.875206
4.198198
2.062271
-0.1655873
3.354299
5.361828
0.4846448
3.048514
5.965344
5.520915
4.324752
-1.211962
4.728385
3.255364
11.91336
3.669373
4.803657
-0.103509
3.368895
5.641694
6.099082
-0.4150901
-2.046105
4.205593
-0.8043605
-1.352681
0.3307166
6.430513
0.0101253
7.055086
0.2069648
5.291885
0.2708902
-1.102279
1.217497
0.7160983
5.127483
7.274815
4.723496
-1.330237
5.351054
5.1992
-0.006147375
5.423598
-0.7775978
0.9698665
4.39713
5.833825
6.501168
5.137671
7.162713
-2.319213
4.72677
-0.7116894
7.150569
6.663079
0.3976773
0.3527756
5.269816
6.063304
7.017073
5.919911
6.17887
-1.497201
4.964253
0.1634399
4.997234
6.042436
5.356648
3.176139
2.495401
5.374896
11.74941
5.22654
-0.6976281
0.2488585
6.344009
6.578114
5.636974
2.808309
4.311549
4.241937
5.102674
4.746846
4.996658
-1.225967
2.636174
1.184634
0.5939336
5.230303
6.516434
4.93563
5.258044
7.227673
2.573029
5.23021
0.8258283
5.956744
4.02707
5.778605
5.70009
6.000522
6.995854
6.26609
6.596382
5.817041
5.382114
0.0898642
4.286131
4.121412
0.6276746
4.544973
0.0542074
1.020353
5.593675
5.321715
3.555766
4.670783
-0.3299666
-0.07175334
-0.3789554
2.301627
1.212275
4.239519
1.285467
6.2314
0.3002056
2.048353
5.034446
5.86677
4.907417
4.682696
6.150019
7.474232
5.839554
-0.539863
4.201807
4.399534
4.814673
5.54451
5.757857
5.022312
-1.320201
5.69968
5.490988
-2.438115
5.206665
10.48232
5.586525
2.472412
4.376996
5.0761
3.140325
3.5964
-0.7118549
0.005446575
1.144602
0.3563823
-0.6958761
5.756002
3.760178
0.2754768
1.973036
3.827175
5.715109
5.489299
-0.6697091
-1.784056
1.250802
0.01493085
6.356848
4.641202
-1.051222
5.266978
5.552777
-1.083606
7.485557
7.233643
8.1904
4.750519
-2.840259
0.4304727
1.581918
6.267277
-0.9507502
2.172797
5.522055
4.64511
0.690151
4.856366
5.347253
-0.5033763
-0.5198294
4.369769
-0.5944084
0.8553453
-0.4967691
4.53417
-1.905282
0.6544753
2.71369
5.497333
4.295604
5.369817
-0.8741852
-0.5476419
4.649934
5.391922
0.535311
1.166516
7.795407
-1.929672
-0.6518835
6.046985
5.917241
5.692925
-0.1565128
-0.6849847
-0.9723987
-0.2846881
5.23963
4.05198
-2.033221
0.3674749
6.972574
5.598806
5.022141
4.795504
3.833061
6.205138
4.724817
5.978474
0.01814498
-0.5136621
5.019533
5.044627
8.673809
0.1889951
4.922632
-1.07449
5.82016
0.7875606
3.771033
5.421973
-0.3822518
5.541312
6.377575
4.619289
4.934019
4.397582
0.03770233
0.7355935
6.850335
5.571638
4.895959
-1.1627
-1.052086
6.620175
5.338999
4.188764
7.584799
7.591041
-0.2435847
6.60654
-0.0585101
5.01555
3.468932
5.82961
5.275913
-1.198937
-0.1235674
5.252195
-3.334253
-0.75868
0.7932022
6.263855
-0.7767613
5.700173
7.484117
5.423264
-2.648689
0.6086149
4.919778
-0.3130232
5.513144
0.1268024
5.580105
3.979372
0.7209906
0.4092887
0.4780222
8.140134
5.117421
5.133572
4.23353
4.818291
-0.4191245
0.6045027
-0.8618771
5.545756
4.172799
0.2131086
5.423594
3.113337
2.541431
9.319921
0.4350375
7.556431
0.5817102
4.536812
4.570438
-1.270445
4.928316
-2.531479
-0.7105203
9.696193
0.8047515
2.450653
-0.3701165
3.854749
4.002468
0.5342861
-0.1274214
4.234232
4.912657
-0.5541613
-1.797763
5.599552
5.889065
0.1357228
4.926062
4.904454
4.268898
5.511577
-0.6432941
1.181141
5.621673
5.232667
7.261559
4.630944
-0.7045503
5.827316
-0.1541732
5.421369
1.95628
6.131645
5.945449
0.869297
-0.6440054
11.13412
0.6541604
-0.5982372
0.3073904
-0.4905931
5.998013
8.284381
4.794167
-2.436881
0.1657087
6.609368
3.216781
0.6719107
5.01392
7.09749
6.009036
4.347898
4.903268
3.018588
0.408418
-0.8902147
-0.4469068
4.939293
0.07594119
0.8444882
4.97407
-1.669457
-0.2007625
4.371274
6.161247
6.123424
9.174703
3.693534
5.213147
4.900913
5.18795
-0.4321743
4.605094
-0.5982355
-0.2075987
5.962893
5.050758
4.18904
0.3822461
0.8770506
0.09422383
7.139734
12.09561
6.047187
4.699935
4.783001
1.238135
-1.770473
0.5442965
4.694702
0.9090228
2.807384
5.232555
1.749614
4.904806
6.097976
4.893815
5.078275
0.7803616
3.767801
-1.066304
3.816887
3.544895
-0.06662914
4.259376
4.407138
6.347302
5.234244
4.857149
4.533275
1.014675
4.987677
4.765108
5.30231
5.570548
1.735979
5.208614
-0.9255525
0.1527865
0.6646452
4.73392
-0.1855524
0.9124411
11.76942
-0.1226739
5.745781
4.81764
4.490014
5.118553
6.084784
5.722131
4.053616
5.796367
4.359324
-0.2702102
3.785407
-1.287288
6.696894
