4.922228
1.42574
0.06007841
5.441398
5.904424
3.190358
5.165824
5.359524
-0.03516386
1.001921
2.302528
0.128725
5.365478
5.963313
6.380462
1.606103
-0.4434411
4.052049
4.168862
2.577438
-0.04126333
3.747602
5.642118
0.7345618
0.2004487
6.357462
6.080857
8.580674
-0.1118009
-0.006331789
4.434509
1.124914
3.657846
-0.8759084
-0.6735679
0.619505
7.011536
-0.1486727
-0.7503851
1.173908
5.664737
-0.1457319
0.7242831
4.76406
3.652758
0.239583
4.504979
0.2855022
4.079941
3.96894
1.561839
5.199773
5.396473
4.147513
2.793504
5.691417
5.693816
-0.3127618
0.1473674
5.941058
6.585597
1.228935
4.064012
0.2762631
0.1235999
3.729913
1.074858
-1.097929
5.392933
6.892656
-1.266305
4.991411
-0.1547303
4.663272
-1.422672
3.268231
2.611923
4.546124
3.054522
4.323599
0.3952625
2.752588
-0.2334094
5.130266
4.870619
5.481809
5.935041
4.776984
4.219678
4.981256
6.516851
2.087884
4.521045
3.090399
8.18583
6.798144
5.160409
5.770967
1.06541
0.5320134
-0.1020628
2.719148
6.117972
-0.2854218
5.357886
7.653838
1.181908
6.070434
6.27317
-0.6380296
0.3332822
-0.04843994
0.7100536
4.846643
0.3083939
6.148664
0.2744889
2.934938
5.524522
0.8474253
5.052594
3.875217
-0.254295
1.210608
1.212323
-0.8543705
4.68078
4.966085
0.4520902
8.871479
0.1886809
0.4692781
-0.4386314
0.9721595
4.573412
7.22654
5.686897
-2.409982
4.971536
5.791651
-0.3404194
4.417029
-0.4226959
4.200326
5.515374
5.417614
4.934413
3.284354
5.39663
0.9766113
4.157451
4.822413
5.278253
-0.9344618
6.851875
-1.200838
5.16422
0.9006885
4.055363
-0.8276863
1.620687
-0.1691451
4.871619
3.547104
5.139828
5.804861
4.293003
7.691334
-0.1345714
4.741547
5.623204
-1.618086
6.065596
10.27616
5.062025
3.973915
4.925095
4.202918
1.096967
4.495434
0.6592901
0.3474986
5.703092
-1.008311
5.710719
3.244052
5.085957
4.704194
6.402176
0.1495973
3.793081
1.609733
7.018203
0.5671952
0.2061619
0.791053
4.512662
1.277559
1.782894
-1.214598
5.796336
-1.200573
7.339209
6.467744
4.873546
-1.100992
6.575936
4.345513
4.069342
-0.08385716
5.80283
5.772224
4.759505
4.894131
-1.382272
6.118229
5.586296
4.972449
0.01439664
1.734191
-1.846433
-2.995278
5.12431
4.01126
6.376053
5.078082
0.5449214
5.846372
-1.309945
-1.121726
-0.6274661
5.449555
1.376068
4.649888
0.02846465
-0.733138
-0.5131188
1.280732
4.615638
4.06061
5.076498
4.389849
0.04288469
6.208375
5.625313
5.191897
2.590619
8.394576
1.89731
6.619885
4.804829
1.545249
1.56211
2.980164
6.282858
6.374477
1.214362
4.130739
4.36118
6.029193
5.041205
-0.02472777
0.02397979
5.603839
5.372651
3.404984
-0.9673321
-0.339919
-0.877905
6.43466
3.619627
5.319704
2.233725
4.896871
0.9704262
4.311638
5.74809
0.5888764
-1.562699
9.118624
1.205075
4.489001
9.850155
4.496305
4.780031
4.139993
10.74811
-1.948785
5.256701
-0.6162963
5.554675
-0.2524608
-1.801967
-0.463132
5.266975
7.381412
4.584187
0.4262604
7.990136
3.979604
4.858561
6.516499
4.266147
4.101784
-0.03037863
-0.7234683
4.693169
5.874647
5.109337
-0.4838134
-0.1596143
4.436602
5.211113
4.346397
5.18293
0.4071598
-0.4043191
3.60077
4.931488
-0.517737
5.233455
-0.4568851
4.875562
-0.5652907
-0.3673719
7.187263
4.882663
4.328477
4.266573
5.488468
0.7558591
-1.025779
5.336647
4.25473
9.110464
5.666099
-0.7835838
5.087552
4.019873
5.469404
5.243057
2.954809
4.296937
3.773227
6.122591
7.151707
-0.9330294
1.577539
5.72663
5.242581
1.754626
13.99031
0.8804689
7.010789
5.783248
0.8377695
4.597269
0.08403609
-0.06522111
1.456269
6.007385
0.6321156
-0.4185361
3.774118
-0.04988548
5.0893
5.802659
5.901632
-0.6554844
3.464132
4.820188
-2.514231
0.3142112
0.5727874
5.533043
3.448124
11.7712
4.856885
5.843044
5.744424
5.001534
1.174189
5.019058
-0.9422162
6.15456
2.25367
3.723613
5.620274
0.07436581
0.8699371
6.035072
1.346777
1.154138
1.545752
-0.1987095
0.689485
5.964431
-0.7681036
-0.4770498
5.038941
4.409787
-0.4133602
-1.80297
-0.1823703
0.1266206
4.752666
7.186407
5.82959
0.5659308
-1.003953
11.4875
3.336348
0.7172801
4.138478
-0.0948944
1.19254
5.236971
5.745245
1.487735
5.126475
-0.8463852
3.038755
0.4522995
5.758601
0.4923775
4.619634
-0.6562887
1.802572
0.4360316
-1.165524
0.913835
4.462832
4.661952
4.870076
6.74228
-1.003146
3.992575
0.9133779
0.4189765
-1.408062
6.373116
5.130562
4.656716
-0.4372866
5.225643
9.094986
5.544651
5.98044
7.070203
-0.3721073
-0.8145088
1.413631
6.441633
4.031668
-2.085079
4.781635
4.896897
4.572068
5.196757
5.325231
4.642943
-1.151636
5.527772
6.196694
4.280533
1.074088
-0.9456657
3.383808
4.984373
-0.1363742
4.622557
-2.238678
5.078577
4.543278
1.323663
0.2400146
0.8630919
4.957056
1.743992
0.4492036
5.845832
4.037746
4.754776
4.729366
4.649706
4.764801
-0.2535807
7.114176
5.036177
4.145986
4.803338
6.980293
7.44177
7.309852
5.361984
4.336081
-0.8729618
7.200921
0.597016
-0.09158505
