-2.573342
0.6960858
-1.137382
5.003583
6.111796
4.276542
0.6948213
5.859281
-0.9554813
5.597877
1.483538
3.640999
1.452188
6.252429
0.03721842
0.5995478
7.861731
3.791655
6.071933
-0.2956108
1.157928
2.972
1.021739
-0.3966218
4.565179
0.9376358
-0.8238026
4.763623
2.413148
-1.183243
4.565402
3.18477
6.611317
6.407275
4.466844
0.162392
6.542136
-1.385976
0.9659193
-0.07665878
3.914373
4.188091
0.6279766
9.538982
5.959296
3.95019
6.654446
6.572137
6.48126
4.841222
1.31123
4.141726
-1.550722
-0.4893231
-2.636372
-0.4449566
2.615988
7.774393
4.705642
-1.088846
6.637613
4.646287
4.334432
0.3424739
4.774271
5.676023
-0.08104768
2.791642
0.379006
-1.668712
5.741507
1.289721
0.8440715
-0.8334294
0.9098167
0.9655247
3.399405
4.200275
5.201708
1.800486
4.417495
5.374266
6.630772
-0.03385026
3.493228
4.712754
4.287229
0.9608865
1.088076
4.343357
4.500036
3.195825
5.536036
4.339851
5.225771
5.663641
7.413617
4.749121
10.94142
-1.792832
0.7579923
6.351401
5.62543
3.269879
-0.8629304
5.520378
5.176811
3.464963
4.379974
1.276382
5.171217
3.854516
0.5483184
-0.3048611
0.7335386
4.516632
4.104819
3.542202
4.756205
2.876003
-0.5217127
-0.8966345
1.453918
5.503704
5.090682
1.235292
0.1664338
4.916002
5.188786
5.702505
5.102175
3.852337
1.05205
5.211705
0.6626948
5.389909
5.36017
5.215127
4.376355
-1.20848
-0.2399048
7.081699
-0.2377772
5.067618
3.835886
4.563915
-0.3574803
-0.4329461
3.957887
6.065903
4.543763
-0.3061225
4.377683
5.784143
-0.2667436
2.303778
1.368502
6.091267
5.379026
3.957579
5.706391
0.1262213
4.858664
0.5994162
2.342939
0.02960384
-0.2173247
5.131827
4.237894
0.9370374
6.035933
-0.2277565
1.025794
5.756523
-0.514692
0.629257
2.883868
0.5681439
1.076615
0.3484349
6.920071
-1.249751
5.701196
4.906403
-1.677793
1.897583
0.2284206
5.783889
5.826237
3.759788
2.643694
5.86172
4.318936
-3.417959
-1.62954
1.225186
-2.040606
-1.249798
-0.2299954
5.49829
3.272725
1.016123
3.928754
5.409168
10.70226
5.242477
6.300285
4.466278
3.902246
5.674855
-0.5702975
0.1473895
5.570995
5.835843
0.4714825
-0.2601479
-0.3649043
4.980198
5.503743
1.177373
0.7682852
-1.190605
4.928163
3.279957
3.55926
-1.836161
0.686425
4.266694
0.4491086
4.847782
6.119892
-0.8089507
5.972862
-1.780775
0.7020965
3.318073
5.044862
4.953416
-1.424854
5.419159
6.571223
-0.1097113
-0.257952
1.026456
-1.914327
1.000849
5.206918
2.539237
1.215119
1.731573
