6.349279
5.711335
5.903958
0.608919
6.214665
6.221991
4.242378
0.08483462
6.089322
3.204263
3.833125
0.4620385
5.636346
2.794639
5.387674
4.68914
6.840962
5.602407
4.126144
0.9190315
6.068333
3.894119
5.459432
6.40294
0.8639265
4.138625
6.335088
1.075086
-0.5890019
5.286627
0.6655563
6.842058
-0.3046971
-0.5957642
5.638031
4.965718
8.831223
0.7865076
-1.431737
5.290108
4.799896
0.4127974
2.892349
5.601772
-0.1103409
-0.9081535
4.051544
5.748223
0.5628042
-0.7615071
3.865056
-0.9111405
-0.08642711
2.015054
4.98796
6.519625
-0.002340169
5.286353
6.280815
0.04655322
6.525042
5.237229
0.9568496
5.333782
0.04658765
0.184482
0.03410925
4.760141
3.252897
3.837541
-0.1511592
4.689748
4.626544
4.137436
-1.153728
6.211005
0.06103533
5.1877
-0.6279751
-1.21051
-1.233583
3.980239
3.98398
-2.394294
-0.007421999
3.992786
5.362953
0.267306
5.55814
-1.241689
3.932529
-1.648159
6.513267
5.522114
0.903657
3.05938
5.194025
6.306228
5.138056
-0.3910149
5.17629
4.242577
5.012927
1.664841
6.630386
-0.2612708
0.7740896
-0.5640546
3.964853
-0.6676636
-0.3157995
5.242951
2.243716
-0.08176001
5.279937
-0.8880783
4.190581
4.750305
5.392008
4.804746
3.770915
4.456863
3.7202
2.226998
6.612408
7.662944
-1.119796
4.357997
0.9518177
-1.256918
4.615598
-0.5021137
0.2485844
0.9706883
-0.8669273
5.776427
4.857053
-0.3090244
5.348483
-0.6033857
-1.061151
0.08395947
-0.03153535
0.05454286
0.5951015
-0.6649848
5.047291
4.777493
4.894184
-0.1084143
3.956048
5.151747
4.722385
4.774728
-0.03073897
4.645271
4.849175
-0.1115974
3.937254
2.789101
3.422797
1.174905
5.756635
2.094212
3.816944
-1.39742
6.777858
-0.7331466
4.728947
5.516561
6.37118
6.120434
7.103869
4.704563
1.031184
0.3214471
-0.1967858
3.153086
0.5335325
4.348361
4.076007
4.649468
2.781912
2.619625
5.212725
5.457834
4.209199
6.618267
-0.05619363
-1.925564
4.470776
-0.1003691
4.8341
0.2825602
5.614948
0.92488
-0.2073508
5.757548
4.36716
-0.6694237
0.9691311
0.4067263
1.597928
0.06418908
6.055821
5.270207
4.264043
0.3412915
5.101937
4.84546
0.8011021
0.0006336296
1.092666
3.268764
3.909301
0.06112254
5.068516
5.030283
-1.276518
5.018748
4.719257
4.989317
-0.3556557
0.1724584
4.452428
3.656637
4.946025
-0.4819977
6.573332
-0.3425631
3.321234
3.630576
-0.6171342
1.815869
-1.153792
1.319496
5.965752
6.030003
-0.6714193
-0.5813954
4.282611
0.7850041
4.689852
-2.113694
4.460516
6.16899
-0.2686619
5.889421
6.62696
7.843914
