4.356489
2.150043
-0.2595212
3.816956
5.662367
6.431132
0.8184961
1.845594
4.878859
4.494308
7.702287
4.597524
3.381698
4.214123
7.111754
6.432508
4.818532
5.177313
5.191846
-0.7041563
-0.4944069
-0.7736897
6.734801
5.773203
1.036137
5.593855
6.616404
5.012215
0.5907919
3.75953
4.80993
-0.6727068
1.012314
-0.14897
4.817114
1.738754
-0.6278437
6.234272
3.778773
-0.6444062
10.24651
5.237467
0.1990879
3.353086
-0.5764633
-0.01212877
0.41534
5.390628
1.024679
-1.892811
-0.34477
-0.08550338
2.710699
4.947283
4.430487
6.422061
5.596492
3.4108
-0.7623488
0.6511945
6.12301
4.290603
-0.8628511
4.909062
0.1886703
5.916857
4.532613
6.408899
5.736963
-2.089784
2.67261
5.854635
5.957063
0.7974806
-1.015575
1.957842
1.09598
-0.1069101
3.953721
4.966975
5.42828
3.692966
1.779398
6.682361
4.940257
0.0494519
-1.73802
0.6857642
-1.314806
4.817637
2.644553
1.993969
6.596731
4.856357
2.44337
3.738189
5.031636
4.918654
6.059878
5.55628
0.2260282
8.216462
4.113342
1.265488
5.114763
5.149863
4.158607
4.393054
3.83615
0.1061016
4.220114
4.505403
2.155733
1.086743
2.497807
4.113073
-1.369586
-0.009568058
4.9768
6.185208
4.48593
4.269966
0.5721514
4.915919
2.236363
5.90358
-0.6068226
5.122398
5.638452
0.4755194
-0.742224
-0.5985048
4.194693
-0.0542732
1.013047
4.703995
4.99889
3.454803
-2.302413
5.528775
-0.6706309
6.199105
5.087362
5.038851
6.142443
7.077531
6.332271
4.326933
3.161303
5.221899
0.6470569
-1.891578
2.151301
2.336493
4.541356
4.792472
6.145109
4.692642
6.8756
3.539085
-1.107257
4.746663
-0.2517154
4.581069
5.851376
4.955279
4.086822
4.318905
5.371145
5.797648
-0.008194079
1.094834
6.987445
0.007772157
-0.9744051
-1.618726
-0.1513977
-0.1303731
-1.273007
-0.9551587
-0.7347714
5.119251
6.010214
0.2315603
2.619912
5.840865
-1.225199
4.031501
0.04420086
0.6689015
3.889777
3.471309
5.274754
-1.312097
3.504985
5.769224
-0.9813165
4.473206
1.552744
4.585431
5.495455
6.104803
4.819997
6.285446
5.511778
5.814808
0.04072646
6.643128
5.369558
1.005058
-0.9817082
3.915417
-0.5830962
0.8876387
-0.4778732
4.643474
-0.3070367
0.2164619
5.084938
9.677867
0.5266347
5.152859
0.9450542
6.188554
4.421405
1.472714
1.782141
3.969934
0.5077652
1.801304
4.482922
5.0554
5.161585
1.139717
4.707758
4.78793
4.684312
1.603294
0.8810466
5.824671
0.4466203
3.476591
3.304952
1.254809
1.327358
4.593044
7.56384
5.629625
5.041305
-0.3758069
5.237701
5.290245
5.105303
0.6761968
-1.429234
6.885984
-0.7184654
3.679059
0.9468138
1.694076
1.574297
0.7149
5.00356
-4.407662
4.775098
1.465927
4.434893
4.705554
5.599479
1.85004
4.057443
5.349889
3.202176
6.316021
4.854092
4.061063
0.5870614
7.423229
-0.2400929
3.678223
4.282648
0.6560605
1.231806
3.386943
4.854791
-0.7594902
4.702733
0.7881482
5.460532
3.57484
7.403682
0.2795978
3.346425
-1.112622
1.030033
5.942502
-0.6598786
4.522721
4.809946
5.797575
5.094285
4.376351
-1.692372
2.616513
5.673543
4.825284
-0.7161253
0.3576003
4.105721
5.591933
1.57306
0.09252442
-0.9539781
0.7380826
-0.6136105
3.744152
2.942492
3.033538
0.99426
-0.7433546
6.078097
4.932383
-0.317181
4.878058
6.310663
0.3143088
-0.7878132
-0.005884868
1.60424
5.120595
-0.8463531
4.756699
4.474063
-0.0499983
3.586093
5.514888
4.132158
3.47283
4.772439
-0.5306109
5.672155
-0.4418889
0.7301737
5.472622
4.245453
5.590542
-0.8178047
0.2660848
4.573433
1.662784
-0.3239518
4.991754
5.655201
5.870271
6.161343
4.732869
5.145794
0.8999271
-0.3765489
1.818939
-0.5490338
6.135146
4.855642
-1.957012
5.938421
-0.3136959
5.921577
4.499284
5.495019
1.614565
2.266745
0.3989668
4.804303
5.435338
0.1391123
-1.677392
-0.005657599
0.3530168
5.140018
1.733757
4.648059
-0.2237365
6.799765
5.083272
6.944773
-0.00721739
-0.06231988
4.662001
4.178058
4.515171
2.139868
-0.975714
-0.3872579
4.073684
5.258973
5.247704
4.629699
0.007574315
0.6559978
5.786448
3.204675
3.596536
5.45785
4.993939
-1.49246
1.758004
-0.934214
-0.6261202
4.872448
0.3364363
4.955823
5.127911
-1.086248
-0.4937163
6.002532
-0.4182689
3.392627
-0.3798034
6.195901
4.764305
4.287881
4.088489
4.724039
-0.3308
6.879535
0.5063295
1.954753
5.173247
1.659968
1.706496
3.9969
3.69784
-0.4367999
-1.058793
0.3689397
-1.056221
5.059405
-0.5374414
4.024933
1.521607
-1.452036
3.012374
5.856875
5.745826
0.9631392
5.629021
-0.2420747
0.2191773
1.709005
4.409981
4.89344
1.628157
5.200443
7.02841
6.091055
-0.3987842
6.883706
0.6203774
6.554538
5.664307
5.742652
7.105897
4.919063
5.994287
3.138701
5.149058
0.8880995
0.799778
0.487107
5.5661
1.803057
-0.1917003
-0.238473
4.637623
2.497572
1.849965
6.355876
1.035942
1.243963
4.647161
1.652032
4.572245
5.797128
4.007879
4.704606
2.251688
-0.5552502
3.016829
0.1621181
0.7194497
0.0430229
4.562113
8.268563
3.862102
0.7985064
-2.310184
4.641795
4.97701
5.660441
-1.084456
