5.16781
5.026806
-2.889673
0.05398694
-0.2987306
4.303704
-0.03546134
3.931886
-1.32676
4.897207
5.267133
3.698491
6.802714
-1.165748
4.545589
4.432797
5.564036
5.268235
0.107853
4.866901
3.572366
4.204865
-1.159825
5.701276
-0.1253245
2.059718
5.873384
5.309895
7.001461
-0.5245992
0.6034987
-0.640327
1.78571
1.039791
5.466741
0.1817984
-0.2112999
4.444972
2.595782
5.559114
6.007651
4.648802
-0.3534252
3.976839
-0.7032233
6.903116
-1.435316
4.784666
6.011184
0.9927485
5.687097
-0.9781691
4.757287
5.982941
3.776923
4.256314
4.626612
1.098186
0.3530979
6.730373
-0.06153078
6.314803
4.28583
6.255917
1.806497
6.360748
-0.5556143
5.652465
6.081102
5.414157
7.003041
-1.438102
3.87387
5.176558
4.057895
1.163869
-0.4412207
6.095828
1.239417
10.15248
4.672711
-0.8226204
-0.5002654
-0.4975546
3.767494
-0.525658
0.2474286
4.91828
3.626643
4.97886
4.072235
7.331527
-0.2206375
-1.029885
6.317507
5.488057
4.392346
-0.8895285
-0.8066143
0.9670508
4.78217
4.700202
-0.9090181
-0.1600821
4.12024
2.494201
1.029899
-1.803011
5.318821
7.089217
0.5096851
-0.360612
4.999693
0.5816971
5.504596
4.603143
4.659
-1.813983
-0.103387
4.031197
4.062404
6.604702
7.218272
4.012878
6.426977
4.942679
-0.1103655
-1.476879
6.82119
2.462696
5.546498
5.067415
1.921663
3.821908
3.766249
-0.605341
-0.9291152
4.244676
3.956844
6.75524
3.609177
7.153126
0.5315407
-0.4623345
4.874559
5.602399
5.038176
6.278843
1.228892
4.974398
0.6778331
0.5968182
8.047232
1.707669
4.256684
6.091947
-0.1548015
5.42885
4.710688
7.261779
3.822387
4.094752
6.069729
4.850775
1.508573
-0.1703657
3.418409
1.354147
-0.6607855
1.815289
5.702985
5.622945
0.5910355
3.996614
3.10871
0.3622612
-0.386461
4.482643
0.3442732
1.624683
4.443714
2.96959
0.571503
5.177432
3.577994
4.954742
5.485529
-0.6378859
6.474373
1.570368
-0.7893969
6.413772
1.336149
3.71202
5.329234
4.017504
-0.9030471
-0.3847725
2.994418
3.753737
0.2075393
7.212813
0.3564145
1.587364
6.502871
5.107333
6.404202
4.987459
4.937715
4.609063
6.625815
5.425362
5.51156
4.110923
1.036626
4.793505
-0.1260217
0.2973477
5.434185
5.64248
3.537482
4.833136
5.920178
1.068011
4.409484
-1.053069
6.02572
3.32784
6.382323
4.715106
-0.3714864
5.374583
5.832468
4.984877
1.423896
5.920557
5.573202
-1.860894
4.022565
3.668309
5.893652
3.511345
-0.07201231
5.725907
5.871802
4.85365
-1.139097
2.84978
4.665276
-1.448572
