0.7073429
5.878812
5.138297
5.549592
-0.9540035
3.869271
5.291217
5.156325
1.078267
4.589035
4.302572
0.3183065
2.76595
5.468368
-1.327508
0.690437
5.907017
-2.289794
0.09094474
-0.2676448
1.993648
1.610402
1.31296
1.045579
-1.822061
4.682295
0.3349063
3.368065
-1.934791
4.716513
-2.229912
5.50833
3.779503
5.740417
4.547058
3.816404
4.46258
3.309223
0.07260227
-1.127379
4.063994
5.264821
-0.6381395
0.1647207
0.1998076
-1.587502
9.558394
5.359263
0.09675579
-0.1406335
5.083553
3.607252
7.076884
6.734202
4.719704
0.3617338
4.689521
7.331086
0.2024407
-0.9125992
3.039036
-0.1243829
0.7104226
4.971781
-1.869815
0.6589372
4.709389
5.469013
-1.244703
0.2790739
0.9428366
5.41266
0.8603451
7.015782
2.282157
0.8996663
5.144402
5.206326
-1.826707
-1.118682
-0.5903123
4.442076
4.423035
6.069934
5.624917
-0.2474769
-1.322527
1.310579
-0.602132
5.128739
-0.995563
3.853232
6.714518
0.2972982
0.5700702
5.440904
2.347253
4.210021
0.2243339
0.08145532
-1.703727
5.518792
4.877813
5.502223
5.882915
6.528992
6.400544
4.776047
0.3805973
0.2455677
3.875526
0.4168292
5.618015
1.105345
3.912781
5.363786
4.726433
4.589342
4.992278
5.746811
-0.3109294
4.853913
3.762833
0.85508
4.673306
2.852417
5.596885
3.586793
0.1647868
5.355392
0.6844086
0.8081542
4.934892
0.8830418
4.839279
5.140464
0.2575776
0.1567417
5.392956
0.5831721
-2.030069
5.617724
3.355417
4.388088
3.998486
4.62481
5.75727
-1.372942
6.269348
0.4594278
0.9810804
3.74389
4.190906
0.31866
-0.584794
4.089373
5.00921
3.345309
5.836928
4.024697
4.210784
-1.130864
5.030136
0.998572
4.468483
-2.642034
-0.650666
3.413134
6.709288
4.801235
3.904907
-1.173141
0.002555337
-1.007493
-0.6159732
-0.05673437
4.271254
5.101529
4.643254
0.07149578
0.1557154
4.324928
0.9620053
3.799346
2.179843
5.303382
-0.05580022
-0.2828688
5.255414
2.466706
0.1131607
5.16313
0.7675594
5.021584
0.9587112
5.806053
0.609958
1.770644
4.393896
1.673853
-1.00097
5.394906
1.083202
0.8779011
-1.157392
4.467071
3.064416
0.3266626
3.162023
1.655999
5.382208
4.28655
4.931451
4.019374
6.856553
3.625734
3.775575
6.977117
5.362669
5.850673
4.673257
0.07655753
6.363854
1.714105
-0.7692748
0.03861854
5.501745
0.06560743
-1.847376
0.3574473
0.5992332
0.4000907
0.7407462
-0.3879972
8.724204
1.3324
0.7719485
3.992491
4.182635
6.82716
3.328996
3.7435
-0.2293976
1.654397
-0.5796896
-0.9225478
2.470003
5.978823
0.7288196
-0.1156657
