5.289475
1.120735
3.432264
3.543958
-0.7993138
5.777617
0.09888847
5.479108
0.6718758
0.3642517
2.293301
3.952384
0.6492001
7.328957
-1.14861
4.835781
5.190099
0.2087625
5.696664
5.354768
3.900572
4.629833
6.905045
5.087606
0.7734648
6.677392
0.3298715
5.12911
0.6458137
-0.2547704
4.409168
6.455772
4.643627
4.174291
5.298251
4.200315
-0.08564379
1.543973
0.9476322
4.047042
3.693005
0.7961198
0.344054
0.3273456
5.625523
-0.8864762
0.07712553
0.9768873
-1.355905
5.562275
4.738933
4.916166
-2.249195
0.8792732
-0.1074779
0.8048885
4.200146
5.03267
5.389673
-2.35179
4.629061
3.037673
-1.137496
6.9125
-0.5199752
4.85612
6.216781
2.842505
4.393224
-1.035221
5.178694
-0.2176079
5.201352
0.6023424
-0.263467
-0.6344603
-0.3935905
5.606393
-1.107371
-0.7198257
5.854259
5.937317
5.119616
5.138087
2.063512
5.006867
-0.474166
-1.211772
0.7447177
4.397666
3.694706
4.114153
2.538507
7.808308
0.542353
-0.3960167
5.994314
5.992884
5.136157
5.87817
5.80266
4.550573
6.400434
2.148202
5.761432
5.010134
5.507103
4.710062
4.990668
-0.3282925
4.777227
-0.7005524
1.375435
0.03677528
4.81111
6.637659
1.859396
0.333932
-0.4346117
-0.6008197
-1.21
6.647677
6.521939
5.197207
-1.718569
6.922645
8.735192
5.8302
9.50608
0.2910809
3.613063
0.8684215
3.899968
4.553079
5.446466
4.742509
4.731633
-1.42491
0.4769994
-0.9315906
0.8180731
6.543215
5.575068
8.124895
-1.044243
0.5120322
0.005680137
1.265908
4.607427
5.262382
4.618827
-1.134121
5.100318
0.5717803
4.945497
3.970625
3.813453
4.132642
-0.2891021
0.7387941
6.507895
4.813038
3.709297
-0.8569864
1.891862
3.326728
-0.2601442
5.074436
-1.36704
6.987213
0.541759
0.645742
-0.2744348
3.407041
1.09623
-1.160339
4.595265
10.90813
3.833604
4.786685
5.780237
10.07094
0.4911925
5.19303
4.624692
5.675374
5.62415
-0.03619875
0.1695543
-0.7637474
0.8980104
3.045714
7.437271
4.713523
4.382213
6.319503
0.3574625
0.4956346
-1.056918
-0.5628254
5.518856
4.670275
4.279453
5.110071
-0.2485187
6.339546
-0.1102822
-0.3054889
5.874025
3.541703
6.727856
6.001633
-1.41016
4.545795
4.852142
-0.3246711
-0.01951104
5.812539
-0.4231851
4.394637
4.060549
4.309087
-1.096372
0.4544543
0.4202767
0.6335411
8.023534
5.257408
5.486722
0.7091981
0.6510009
-0.2127618
-0.8943644
1.018067
4.546644
3.550484
6.570294
5.572398
4.22862
4.531307
0.5897064
0.647434
7.126129
0.7585281
1.175216
0.7321948
0.4254931
-0.161675
6.882198
-0.08166396
