-1.331123
1.898722
0.3397429
4.070471
3.436532
6.343772
5.663126
-1.376885
5.287944
5.267131
4.534724
4.544669
3.615521
5.490286
0.7634018
5.129023
4.27994
0.7439249
5.046896
-0.9046335
5.266098
7.390826
1.242411
9.330888
5.316345
0.3787905
1.064244
5.472521
4.691539
2.70206
0.5730723
0.09415286
4.767311
5.23697
-0.593418
-0.4270774
-0.7723821
1.260831
5.640413
-0.1348975
4.802522
4.453595
4.388728
4.03095
-0.4488248
-0.2871482
4.074805
0.4516671
0.9311856
4.734446
1.495116
1.221265
-1.445481
6.305473
1.168776
3.555681
-0.02084363
4.13493
4.034911
-2.7974
6.085172
8.253004
1.294119
0.3836939
5.674204
4.361811
4.78977
4.575641
8.026659
0.1537411
-0.6413542
1.048339
5.058046
3.815873
3.117835
-0.4325729
0.5340093
5.423814
4.695732
3.473192
0.1638763
-0.04566794
-0.5472226
0.1189285
1.578537
3.041968
2.85666
-1.349493
6.091038
3.970698
5.564515
4.08804
5.895972
0.2275675
6.068342
4.355587
0.5102028
1.61514
4.885949
-0.6646893
5.046375
1.378471
5.704746
5.653344
-0.7678825
-1.233896
-0.5820853
8.724333
4.826647
-0.350721
4.885613
4.892021
-0.8517243
4.06531
5.199003
0.652579
6.175457
0.2981522
5.370239
-1.31377
3.458809
5.010883
-2.902917
1.357333
0.7445179
-0.3000625
-1.752843
4.61252
4.571534
5.502337
-0.4299482
5.996071
0.6959931
4.084998
0.6009319
5.414841
5.789759
6.23459
0.70651
4.620115
3.134631
4.675372
5.053058
5.204258
6.839327
5.853536
5.873673
-1.00731
4.910693
6.976966
7.982706
4.435224
4.871482
0.5764154
-0.4480939
-1.401022
-0.2575646
5.99683
1.403878
4.226908
4.13613
5.868102
11.33362
0.08455619
4.520544
-0.1546853
-0.07140945
0.8733402
-0.2928914
4.035499
3.683528
0.328598
2.715033
3.545139
-1.881241
4.854104
-1.303276
4.924353
3.940299
1.212143
1.413249
0.8637206
-0.9767643
-1.278334
-0.1699011
1.034364
-0.650692
4.87122
0.6530233
4.650661
5.092002
5.098069
-1.197075
4.475677
-0.5433405
-0.7174347
5.097591
4.218016
4.687526
5.308759
0.7065172
4.750582
7.339978
0.3632446
1.875456
5.551915
5.742067
3.362487
1.657787
-0.6812224
5.137033
5.011251
2.144009
5.468372
6.641819
0.3488168
0.3020966
0.9654825
-0.5110677
5.02921
-0.3493189
5.149171
0.3019855
4.277492
0.4369727
5.800579
-0.2320393
-0.2045316
6.084749
3.756634
-0.1490934
5.14778
5.255139
3.914681
5.327383
0.3593893
-0.04041221
2.788377
5.265238
9.382927
7.754035
5.233309
6.864597
5.567649
-0.05192697
8.697483
4.234781
-0.2234021
-1.23757
1.308771
-1.773635
-2.177435
6.709654
6.164852
-0.4496334
8.287816
4.294482
5.421231
4.994904
0.3838961
1.060538
5.227075
8.608845
0.1186907
6.737897
0.4218601
5.308244
3.313405
-1.232688
1.105592
8.848489
0.6559295
8.989545
-0.6995201
0.0008994384
4.732536
3.853212
3.953226
-0.6823184
-0.7538358
5.173452
4.608304
5.20799
5.289966
0.2022834
-0.5844384
-0.4005268
5.456888
2.933299
4.591771
4.980892
5.372346
-1.01946
4.907402
0.03957409
4.803543
-0.4060355
4.003115
1.549901
5.128348
6.250072
4.300395
3.956541
12.54937
5.938632
0.4455785
-0.1638755
4.65561
5.336318
7.166364
0.7620109
4.888099
3.547847
-0.1795956
4.905148
6.219101
1.768627
-1.182865
-1.236355
-0.1791297
4.129944
6.738966
5.191238
0.04878271
-0.4061317
1.455775
2.568155
4.700372
3.224016
6.120011
4.827421
6.316369
8.409999
7.308107
0.432498
5.239492
7.125474
-1.4056
6.786875
0.4224259
-1.288518
3.129645
5.03626
6.470264
5.63531
0.2170674
-0.6327364
5.089467
5.353893
-0.3269715
4.686884
0.4100399
1.12619
0.4095421
-1.119589
1.297486
0.9774247
-0.859394
4.143985
4.476406
4.465777
3.550885
3.851499
4.007939
4.546164
5.208012
0.8800921
6.277422
0.7221241
6.165261
4.468349
0.1968041
-1.025727
3.518474
4.729266
5.017806
-0.7672289
3.008994
4.199588
-0.1642295
2.858293
5.064262
3.979807
4.853755
2.298752
-0.3345849
0.7155398
1.266563
6.358388
-1.426395
3.257074
2.766509
9.421139
1.660496
5.842524
1.870996
-0.5396386
4.057023
4.907463
7.070324
1.111735
8.194496
6.224516
4.50161
-0.4567068
-1.287075
0.5570611
4.840915
6.418508
5.691084
4.410855
4.034331
-0.4073369
1.001141
5.440829
5.177339
4.985927
5.237078
-0.09395533
1.073755
4.82207
-0.5198705
4.903341
0.33147
4.368123
6.315255
0.1496925
-0.6202656
5.01623
6.318662
4.472404
4.782635
-0.1072167
1.228512
5.298977
6.095257
5.208257
4.199427
4.807261
4.762612
4.18664
8.573681
5.494759
-1.738616
-1.284073
4.368985
6.623089
-0.770354
9.000923
0.6417681
5.405188
1.090354
-0.247298
1.474159
6.083424
0.8058618
6.29748
0.3515783
6.389378
5.744522
4.149114
4.796588
-0.9410338
0.2504964
5.36485
0.5353188
4.406385
0.9635642
3.790719
1.186623
4.360268
1.651891
0.7600214
4.158187
4.688411
7.644368
4.238738
10.01937
4.491831
0.4088278
5.075079
7.361619
5.604905
1.109664
1.42358
4.919517
4.682158
6.202846
0.5010172
4.59443
6.025841
-0.2568742
6.939534
1.189316
4.838109
0.3297482
5.710351
-0.485565
0.5027774
5.05513
