3.707333
0.03286289
-0.4315466
-1.941536
4.092289
3.89682
4.970951
4.482622
1.087727
2.15058
0.2009886
-0.06290423
-2.027017
-0.9354142
4.384156
0.9828549
1.10299
6.347931
-1.738459
5.185713
4.151134
-1.146098
4.944918
5.263228
1.534144
3.989935
3.224724
5.6973
5.056155
4.496173
-1.291197
-0.6052713
4.893357
3.912528
5.071328
0.6302247
4.84341
4.961623
6.581039
3.755124
0.2867524
0.3777013
3.158393
5.064469
-0.01366177
1.574326
-1.259413
-0.8570237
5.166093
3.613483
-0.3611206
3.888044
5.791938
8.27614
4.211231
7.167261
6.287629
3.561797
2.756635
5.517988
5.00199
4.22816
-0.09144789
6.064779
4.953674
-0.1123428
5.899006
-1.016678
6.015857
1.224359
4.619166
-0.3099224
-2.226537
4.880067
1.436916
7.876238
4.902148
0.3968782
4.74538
4.060709
0.5566752
-0.5027703
5.852124
5.147937
-0.9356932
9.997518
4.502746
5.46975
1.214411
6.056116
5.352933
5.306415
0.4335145
-2.149675
4.246934
4.048703
4.540714
3.803214
3.39706
-0.1366855
-0.5240288
0.5346976
-0.608518
6.657162
6.850832
1.582347
5.717237
0.8754191
0.1981198
0.2238268
0.5144606
4.710365
-0.9342612
3.120508
0.2622118
4.524212
3.933729
5.405017
1.459715
-0.7443781
4.408517
0.3295557
4.990465
2.841674
-0.01367214
-2.101073
5.891861
0.0468425
3.606788
-1.241417
5.401314
-0.1494297
2.806076
4.817359
4.994086
-0.6561719
-1.886538
5.092432
0.8048335
3.524536
0.04919101
0.07617163
-1.522586
1.586696
5.029945
6.034572
0.5999128
5.009231
0.2446634
-0.8675631
0.9034083
5.915772
5.872211
0.08495181
-0.7321542
-0.6951773
5.479198
4.128035
6.242866
8.737674
2.431946
8.681763
-1.097104
5.366232
6.346049
-0.3612161
2.3874
0.8905833
4.584814
-0.40158
-0.6679321
-0.3005039
4.918686
4.50151
-0.2292606
0.7730845
3.315995
0.3411402
-0.86469
5.52582
-0.6627284
4.661107
-2.695738
-0.3670827
-0.8320703
6.356793
-0.7233476
5.485747
0.8525593
0.1294348
4.47147
5.108485
-0.3648796
0.9210229
-1.033143
7.042493
5.07497
-0.7310947
1.317306
4.232811
6.176551
5.49724
4.65766
3.741711
5.763149
4.328783
2.038469
4.806418
5.138915
2.794643
-1.358768
5.128142
-1.180847
-0.4923718
2.879334
1.174396
-2.311476
-0.5651446
4.910633
-2.051236
4.886397
2.14003
-0.5845993
1.906715
0.3972854
4.122756
2.424275
6.365314
-0.7209087
5.786669
5.619196
-1.459702
4.426982
5.937187
-1.350735
-1.377781
4.160809
4.168373
8.776428
0.07463584
4.525644
4.997157
5.25911
4.429282
5.397112
5.922056
5.26304
5.396834
0.6252773
5.427811
