5.34394
5.270838
1.866477
1.590579
7.021953
-0.1595717
1.857412
1.18666
-0.2824517
5.23134
3.721834
5.587946
5.688775
5.558508
0.6825246
4.074542
-0.3452622
-0.4664922
-1.19898
5.516926
6.528374
0.6596473
-0.818567
5.547603
5.100466
5.000809
0.9049463
5.469323
4.230673
-0.2973341
6.099656
-1.710107
5.045449
-0.03509922
6.264549
4.559863
-0.7265086
-0.7721192
0.4324966
-1.246985
6.834534
0.6035362
0.4658183
4.749254
5.464403
-0.5255338
1.286978
0.8767619
5.356436
6.259746
-0.9922943
4.285338
3.055107
-0.544537
6.179414
4.790702
5.202371
2.559545
0.102629
8.34277
0.1083631
5.828904
-1.410726
7.572619
-0.376881
4.906566
-1.687974
3.890582
3.559888
4.808781
6.227427
-1.201199
7.346317
4.898724
-1.248813
-1.999604
-0.1058883
-0.9415987
5.086003
0.9230841
0.831101
0.6629026
-0.1982455
1.502307
5.374421
-0.03278643
5.27956
-0.006052229
-0.6378525
1.035417
0.7443539
5.081666
-0.3520547
-1.907411
4.830398
3.892764
6.777423
5.22967
3.601201
1.251423
4.948954
4.169418
0.5096075
5.037862
0.4363776
4.219327
1.548099
7.386206
-0.04376266
4.261816
3.482325
6.370653
5.213742
5.138526
-0.5627078
0.8518646
3.234831
3.609646
5.596477
1.021381
-0.1541703
-0.07370752
0.4954126
-0.05596535
5.681858
5.218625
0.9591392
5.665974
4.232759
9.745353
0.4177285
5.021965
5.133909
0.7692408
4.664978
-1.311079
6.303387
-0.827972
6.163451
4.125512
-1.884222
0.1739926
7.240892
7.504495
7.159711
1.223046
5.919823
-0.1520161
4.024842
0.2949522
-0.72263
0.1417949
6.123153
1.949346
0.2381575
4.467961
5.312233
5.835853
-0.1468185
0.6268772
4.301923
2.658014
3.144833
4.52744
0.9287646
4.580303
0.02335336
6.051197
1.152366
3.326313
-0.3168161
6.781422
3.025322
-0.2921286
1.291646
1.125662
5.542005
5.637739
6.341412
4.690433
3.784016
2.024728
3.480184
-1.750466
-1.149422
1.190362
3.357689
5.032398
9.767476
5.110428
0.7811998
6.768256
5.748808
5.787906
1.71803
4.424364
5.829275
-1.302195
5.474925
2.780719
0.6458329
5.69204
5.241585
6.879821
0.3720049
5.046513
3.449843
5.361058
0.3148441
3.850755
-1.132835
1.659809
0.7737832
5.591259
6.2037
5.300281
5.10619
6.647012
5.287267
-0.07403247
0.4628547
-2.218572
5.064005
0.3146749
5.269842
5.44761
4.92541
4.940402
1.006779
-1.687088
7.004811
0.7576838
1.76959
4.362515
-0.3416538
4.258272
5.595969
5.08921
0.2115973
1.478609
4.484989
3.733558
3.567842
6.128174
6.793067
-0.8634538
10.8069
0.8461885
-0.5229452
5.172319
