0.262218
5.698815
4.055363
6.41695
-0.5688792
11.73425
4.491214
6.269965
-1.017013
5.130951
-0.3502907
5.249188
4.645135
-1.016579
1.054204
4.520695
5.703196
5.528952
7.73652
5.032932
-1.234015
6.155436
-2.683644
8.118362
5.697156
6.703768
-1.237054
4.717456
4.533242
6.041585
4.970455
6.05677
5.778708
5.503625
3.743596
-0.1453031
5.351303
-0.1117655
0.4494763
-0.5535106
5.325151
-1.589534
6.453084
-1.410985
3.117089
4.52083
-0.6053533
4.460312
-1.898582
4.335501
6.633088
2.648136
5.336948
5.231648
-0.7964694
6.891993
-0.4855065
4.8615
4.032873
3.101466
-1.68854
-0.2373708
3.334181
6.365769
5.637228
7.175196
5.238078
0.3947152
5.632223
0.1636908
4.163623
4.200676
4.793959
4.813836
4.778199
0.8450817
1.428459
4.694614
0.2390473
5.928367
4.783823
0.4326933
-1.107158
4.165872
4.537731
4.782823
4.551386
5.429557
6.308134
-0.4189395
1.360264
0.9017228
-0.9690214
-0.005839802
6.999601
-0.3020262
1.06096
4.634005
-1.097541
4.85566
4.963519
5.508852
4.844846
-1.097824
0.02386871
6.089393
6.269835
3.970469
5.683075
5.046145
5.723997
0.1933942
6.291595
-1.179737
0.8393753
2.083689
-0.09013998
-1.578407
-0.3547719
-0.18818
1.977078
5.227051
5.167251
5.286291
3.755726
5.704794
0.1041099
-1.791908
1.271016
-1.451283
4.715888
-1.073454
4.624875
4.458815
4.744724
0.5913909
-0.7570565
-1.649918
4.25838
5.864997
0.4875974
3.510225
0.7548802
-1.115541
3.617272
5.785948
0.7464473
4.643587
5.492172
-1.610326
0.2014078
4.642529
-1.164237
1.380174
-0.3160422
4.80541
3.354241
3.614978
4.154013
5.217462
5.576754
-1.140919
0.02834548
4.30036
-0.6341835
6.419914
1.279707
6.535894
3.939916
4.865307
-0.3226813
4.972239
7.274992
5.541348
5.165951
0.172388
3.860564
6.274808
0.4000667
4.672077
0.05228467
1.731574
5.432311
-1.298531
4.686498
-1.017954
4.489599
0.5112219
5.311026
-1.640073
6.2204
1.092455
2.326127
-0.1680013
3.606298
4.455993
3.961632
3.290334
4.885902
7.116223
4.069191
2.072953
-0.5567219
3.725608
0.08394857
3.937432
2.133602
3.460625
1.755393
0.1305511
2.981983
4.583015
-0.4403138
-1.312273
4.434882
4.253261
-0.4537807
5.4883
3.66546
-0.1305867
-0.437154
4.36927
0.2852247
3.208189
6.488293
4.801829
0.7750961
2.809254
2.833255
-0.1600582
4.610906
5.273163
4.156741
-0.2098801
4.359155
5.746401
-0.5219909
-1.362893
5.259424
7.051504
4.574538
6.045034
-0.1121227
1.002871
5.315718
5.158412
5.384484
5.590817
5.346355
5.188255
-1.94988
4.856548
0.8861422
4.035236
3.199974
5.594274
1.747557
5.253556
1.564851
6.109029
-0.5404124
4.169603
5.821616
5.029544
0.2031834
1.299114
5.25382
5.731718
-0.456377
3.221561
0.6398144
0.2006778
4.903787
0.575051
-0.8375151
1.15383
3.897483
0.782014
0.6247321
0.9021351
-1.371903
1.851427
5.412907
0.9782217
-0.3072239
4.955959
5.652192
4.942799
0.2212595
-1.667936
5.359828
3.537363
0.5741357
5.155434
-0.9829696
0.1089418
0.349567
4.234593
5.777471
5.200714
-0.138025
5.909054
4.647548
5.811011
3.557661
4.83635
-1.01078
8.6979
0.7604884
5.254228
5.610194
0.7708286
0.6307334
1.297883
5.400754
4.325939
-0.4140682
6.467626
4.413509
4.420543
4.622994
0.5308909
6.125797
-1.027474
0.5778252
1.775913
-2.801651
0.8768774
0.8861554
5.129285
6.229185
-0.5159795
4.990373
-0.04884373
3.933513
0.716768
5.126402
-0.4297114
0.3942213
5.347125
-1.664525
5.616133
0.3509751
4.521433
4.547592
5.509096
4.233575
0.2021216
0.8502414
6.974117
2.77766
-0.7789056
6.286309
3.963886
0.9032489
-0.1187517
-0.2499874
5.800779
5.317025
8.31877
-1.592438
4.060402
3.736992
0.3256802
-1.698183
-1.267522
4.910751
5.680886
5.004736
8.234488
4.748524
4.056362
5.84646
1.233116
-0.3525529
5.29346
1.302238
-0.1240077
0.5004165
6.538234
6.298536
7.818248
6.529634
2.954427
-0.6627076
0.4110821
0.8906698
0.1372225
2.412986
4.628717
4.083755
1.393919
5.363044
1.002003
0.5841204
6.174107
-1.176799
-0.3509582
-1.507414
5.227491
3.97591
-0.2504333
-0.08846405
5.048404
5.161845
4.464907
-0.4717555
6.515612
4.554125
1.135877
4.717584
6.490817
-0.7753272
2.882047
0.7877722
5.998843
0.6043437
7.950608
5.154162
3.836474
4.181114
4.8858
6.244538
5.21247
5.68138
5.104538
4.789698
3.33831
-0.8135689
5.762803
4.613184
5.592712
7.246147
3.118543
3.385884
2.11193
4.409639
0.7228865
5.1375
4.92661
4.605592
0.785
4.266782
-0.4096934
5.864233
-0.5689636
0.8617006
4.69163
3.203166
4.936738
1.553643
5.399628
-0.7928538
5.803079
4.042808
5.157995
-2.384837
1.104477
0.9895623
5.319078
4.325122
-0.7212181
5.807966
5.124749
6.043801
4.672641
3.186115
-0.5759396
-0.2791414
0.6521249
-1.36758
4.356016
4.203848
3.797007
0.1514654
4.236638
6.839805
3.263341
1.916708
5.208233
6.831417
0.1545787
-0.4151677
0.06288177
-0.5316799
3.975594
-2.244954
0.9572821
4.054119
0.9348264
3.96141
6.07878
-0.2473254
5.148847
-1.211635
-0.4990247
2.81128
-0.8288884
5.074432
5.366593
