-0.1642929
5.292951
5.2642
-1.786104
0.01002128
4.561869
6.704102
4.00929
-1.427178
-0.4520745
6.299355
4.765416
-1.76269
-0.4141153
5.07025
5.51835
-0.572548
4.10468
-1.335484
2.274947
-0.2532654
4.667075
4.439556
3.63784
1.054025
-1.50611
6.141017
0.003131276
3.849781
4.744031
7.072244
3.547939
0.5825828
4.44038
5.116021
3.336518
-0.18634
2.177677
0.6030818
5.517324
0.2373961
0.2413938
5.64585
6.957675
3.606473
-0.425909
-0.3880688
-0.8186371
6.815815
4.277481
5.824476
-0.3067937
3.659678
-1.52444
0.1549048
-0.638448
4.470063
5.333419
4.411177
6.121254
6.046504
5.372016
1.480509
6.233377
5.326002
5.569912
-0.8825798
0.9030469
5.78846
6.183203
4.73879
6.213148
0.4178191
5.284285
1.591611
5.460306
-1.75192
5.288445
-1.411602
0.1647561
5.23736
4.136325
5.005207
4.058874
5.346295
-1.892816
5.304857
5.431555
6.007797
-0.03562646
0.6811011
-0.2497717
3.526005
5.812444
5.159088
5.493561
0.8614895
-0.1367161
6.005634
4.656363
5.665841
-2.462959
3.803651
1.545347
5.017287
4.335054
5.417684
7.03498
0.6221026
-0.968403
5.590225
0.0734387
5.197437
0.8663633
5.769776
5.323717
0.9206865
4.741266
6.984914
-1.327758
3.472799
4.409971
5.611926
5.41979
4.304247
4.469444
1.236365
3.558868
-0.7557049
0.04766677
6.03456
3.971618
5.156834
-1.020092
0.02308354
0.004390804
1.524346
6.060661
1.314499
0.300655
5.353151
-1.709745
6.953986
6.017365
-0.4769192
2.730162
-0.5000901
6.080478
3.664318
6.970268
5.309069
0.9487944
1.788928
5.030104
-0.3787331
4.590638
-0.4268671
5.453488
-0.8225721
4.497983
-0.1522418
-1.396689
0.2388069
4.089496
1.470166
6.464903
6.299375
5.662767
7.590973
4.07638
-1.00837
7.168252
4.035918
0.264616
-1.142759
-0.7977089
-0.3933127
0.2514504
6.427386
-0.532358
4.491535
4.201697
5.590345
3.997192
3.796466
4.264896
6.214652
0.555484
0.5339798
8.47173
0.4934655
5.430556
4.461146
3.743026
-0.01401999
4.330786
-1.283672
6.129418
3.967385
4.872043
5.605911
5.728282
4.958269
-0.2268122
4.12452
6.667433
0.5833868
4.732523
3.240838
3.844774
-0.4811274
5.523464
4.870867
6.371401
-1.498657
3.414783
5.604733
-0.07459268
0.6096622
7.822881
4.939615
6.994707
0.7813308
4.47209
0.861055
5.076165
7.529444
-0.6267851
0.7250279
-0.4875742
-0.03303407
4.59167
6.120293
4.833021
-0.00652369
6.338137
5.531591
0.8306647
-1.344368
1.563498
5.421357
4.987729
4.610834
7.139125
1.293029
0.3393831
5.714035
3.31656
0.151254
4.684463
