3.847641
0.9511954
3.417258
5.196043
3.723459
-0.3209292
-0.559564
2.245513
5.228963
4.237841
3.731282
4.917558
0.2206411
-0.1306797
0.9011214
-1.835433
-0.1588969
4.821743
4.956737
5.872343
5.034139
2.038081
3.957304
-0.2850976
0.356355
5.556532
3.516249
0.08928448
5.732167
0.4903992
1.538266
4.20403
0.8649875
4.878453
2.847351
4.397922
4.841127
5.60294
5.223888
5.363341
6.509886
4.16985
-0.3093337
4.682118
-0.5781852
-0.2169136
4.115459
5.122316
6.570004
0.7162062
7.594746
2.842508
0.72126
0.8373802
-0.8965642
4.174076
4.276222
0.4449083
5.660759
-0.4664198
6.314657
5.635581
-0.1219615
-0.1508652
3.203165
5.295951
4.685719
0.1186769
4.847614
5.89029
3.938494
-1.325599
3.898166
4.293131
4.499927
-1.461973
5.143602
5.314484
-0.8619447
-0.700915
5.836481
-0.2275281
2.074884
-0.5911658
5.731226
5.331072
-1.036456
5.18645
0.1115627
1.598164
0.4702146
5.60582
1.047401
5.509265
5.956915
-0.8875968
3.578172
0.8243681
6.248869
4.093902
-0.8869957
4.836082
4.044003
6.63696
4.328472
-0.400217
-2.268027
4.856042
0.8523391
-0.5427277
5.484935
4.72165
-0.3321742
-2.044415
6.300365
5.711904
3.964452
0.1603049
-0.4102396
-0.2418857
0.2186307
4.888687
5.859906
-0.8157739
0.4355074
6.836558
-1.528693
5.562115
1.368903
6.535478
4.395072
6.091789
0.6196904
5.093194
4.09103
1.004129
5.2903
-0.2292189
4.193335
0.6046682
-0.9801
-0.4206812
1.434965
4.72619
4.482327
-0.0197572
0.4362643
6.178557
-1.43999
5.226975
3.893908
8.030331
-1.78006
7.294568
7.600985
6.042582
0.1364669
2.833068
-0.09754647
0.8071684
-0.6721838
-1.506515
1.765441
-0.2956919
0.9843427
0.3093543
5.340544
1.398614
-0.7673276
3.135243
1.570298
5.474825
3.789463
0.7796305
6.060693
4.679838
0.5316524
3.780565
-0.9760796
5.72196
5.706156
7.658261
2.802937
0.8525504
4.976873
3.561184
3.30374
1.008306
5.969998
4.960862
3.445372
3.704068
-0.3062047
5.387457
-0.062024
5.09365
0.3887481
3.820762
4.050364
-0.5409479
0.2301481
-0.3581636
5.009344
5.166963
3.72862
2.52484
1.063188
4.842954
4.70274
3.67895
7.007517
-1.267154
3.651718
5.133476
-0.6116986
-1.41288
3.057181
4.690287
5.885159
0.05240421
1.088241
0.3524772
-0.09414953
0.1941748
4.830429
-0.1330827
4.923118
0.6804313
4.013867
1.65121
3.431209
0.03744662
0.488798
9.414961
0.344847
-0.03890817
4.921857
4.908268
-0.2182706
4.244425
4.137618
5.271049
5.218382
0.5624939
0.6896874
5.95004
5.424427
2.182189
5.061338
5.709144
5.601547
-0.6987954
4.630485
4.546566
5.1853
1.171631
5.996709
4.530227
5.669413
4.811996
4.443971
-0.1869613
3.645801
1.10046
1.32623
6.760285
0.008430315
-0.1233138
-0.6121708
3.729039
-1.048213
0.4270766
4.620071
5.108209
-1.45759
2.839413
-0.4346543
3.895356
4.892426
4.01986
-1.735836
6.449419
-0.009553256
0.1102596
-1.34043
7.886278
0.394732
5.971131
7.664752
-2.358053
-0.7418795
7.735108
5.199171
5.527558
-1.346408
-0.2105168
5.745698
0.357984
-0.5590437
-0.9999822
0.2917676
0.8322355
1.453789
0.7313662
3.760928
4.8698
1.762967
6.086421
-1.734948
-0.03374949
5.91388
-0.2437243
-0.1976885
-1.306682
4.477361
3.248927
2.211605
6.128064
0.3113263
4.790552
0.5793246
-0.1485549
5.843174
-0.8033461
5.074283
3.929787
5.615259
7.295392
0.2410025
2.720823
5.743403
4.750167
5.676648
3.124099
1.806488
-1.080026
5.141091
6.894534
4.462298
3.004996
5.031852
-1.039006
-1.189178
5.638859
-0.7479774
-0.2219789
5.891378
1.304347
5.759755
5.301744
5.043574
5.455727
-2.10238
4.907002
3.735957
0.006945227
1.537233
3.313383
5.208719
1.186838
5.390484
5.812418
4.239749
6.406433
5.974593
4.486636
4.705913
2.77209
-0.8241146
6.007636
0.2600973
5.442093
3.519271
1.672099
-0.5537809
3.916133
3.83908
-1.935568
6.502213
3.860324
0.2687568
4.49198
5.079627
1.323562
5.217717
5.288231
5.508688
4.902213
4.302733
5.279007
0.3300697
4.853369
5.378983
-0.6588839
5.576575
6.1503
-0.7221143
-0.2855444
4.624929
-0.3178242
1.789084
-1.083914
4.424518
4.836736
5.708578
-0.7340031
-1.231405
0.852179
5.326462
-1.203687
3.849778
2.388896
1.089244
-0.2453292
-1.300639
3.965684
5.003475
4.407257
-0.6433249
-0.08427296
5.609566
4.621256
5.719545
-0.7103677
-0.1379001
-0.9074204
0.361258
5.316724
5.288038
0.2906235
4.019409
3.323617
3.669823
0.6012275
3.268199
-0.4808618
4.909653
5.549412
6.556316
5.562041
4.387817
0.2317112
4.828524
6.281077
5.92318
-1.405422
2.739785
6.305413
-0.1379547
3.441242
0.3521808
1.750304
6.018364
-2.14772
1.137293
5.660131
5.256837
6.082425
5.753533
5.582116
2.284488
4.485099
4.854562
0.005635788
-0.4974378
5.16085
0.297894
2.882469
0.3144847
-0.2302847
4.9829
4.014575
4.582516
6.17941
5.141372
-1.118466
0.166378
-1.661897
5.051961
3.956748
5.507133
-0.2899875
2.456212
1.348518
4.046945
5.288866
6.598821
6.228664
5.260644
6.85233
4.008229
-0.5234277
5.703801
1.240536
1.90092
2.68706
3.705427
-0.0684327
0.3523114
2.906082
