2.07207
5.6643
4.477393
0.911795
0.9276523
6.872509
-1.126476
5.485635
-0.772201
4.710701
3.799238
5.543267
-0.05920036
5.375753
-0.511431
-0.458199
11.89256
6.006736
-1.267216
0.8982579
3.919663
6.279772
7.076098
-0.3142136
3.606899
6.102692
4.902732
4.831643
3.796356
7.669443
-1.595006
3.804676
4.850826
0.1506325
5.570866
0.04852157
5.31079
0.5005243
6.202752
4.877056
0.4246368
5.464716
5.28287
3.335576
5.040673
0.07135635
1.268232
0.3887075
5.990083
-0.4011828
-0.2782987
0.3800211
4.534983
1.395473
5.686664
0.6699579
2.914803
5.755321
0.8704928
4.491086
0.06736432
6.556147
0.1313483
4.525059
5.195287
3.761065
1.065337
1.028954
4.902788
5.098627
-0.6296916
5.974064
5.010021
4.450763
5.675756
5.501247
6.432787
6.272711
-1.157519
-0.8079479
-0.9432243
-0.3092425
5.006839
0.0708591
-0.8369848
3.474687
6.371608
3.980026
4.551742
0.1573026
-0.3291701
-1.01854
3.780431
0.7173225
4.911164
5.644342
5.300827
-0.4944334
5.57096
4.724036
-0.1575361
0.8484031
5.003641
4.588612
0.9914873
3.848826
4.873634
3.696707
5.332705
1.551192
4.665299
5.543218
6.735741
5.403518
3.96722
7.769492
4.725526
2.829141
4.035087
-1.576008
-0.9914657
3.844271
5.808408
-1.23107
0.3956697
3.99178
5.547622
-0.5371352
4.635986
0.0975555
-0.1493278
0.09053101
4.652844
-1.288379
-1.856191
0.0202357
4.232153
0.5754785
4.616495
5.317537
6.02993
4.761126
6.101084
4.490604
-0.3772303
0.1295086
2.392183
-1.116058
6.151288
-0.9492339
6.134255
5.27896
-1.612881
0.1895055
0.2988277
4.191459
10.16048
5.20585
0.5985169
7.562965
4.847469
4.085304
-0.4235592
5.716849
6.395433
5.531841
3.601302
5.968472
5.361408
4.080834
-0.3001155
0.262948
5.377653
4.474812
4.722039
0.7578918
-0.3914676
4.010611
4.965221
4.831575
4.963054
4.645224
4.862671
1.630536
-1.199419
4.282248
5.334385
-1.359704
0.7720123
-0.3774908
-2.05281
0.4175898
-2.521721
0.07250706
4.771063
5.353481
-2.748219
-0.1958576
-0.08990819
5.679303
1.055151
3.956936
3.557962
5.896377
1.32027
5.865773
6.379084
5.269229
0.3582561
5.604962
4.508022
-0.3464087
10.07538
5.734034
-0.7666383
0.5119394
5.86464
3.614671
0.8179085
1.289118
4.760171
4.748525
6.131918
0.7090932
4.59387
8.864598
6.763164
4.77731
0.2954031
-0.5380271
8.031513
3.43149
0.1337963
4.808764
0.7846713
0.1504607
0.3095545
-0.3294381
3.469356
5.484226
1.014384
4.781947
5.164595
4.747651
4.579967
4.628305
-0.8341837
-1.483419
7.053719
-1.007176
