0.3589055
5.152651
4.736166
3.900665
0.3424455
5.055491
5.204207
5.018758
-1.335274
6.267777
0.1567639
-0.02610358
4.834637
0.08884333
5.468182
6.543332
3.975997
5.198332
3.163699
0.3212736
4.626646
4.06296
0.1678663
6.526977
0.6638531
-1.325551
9.471156
2.222457
-0.6783847
-0.8819134
-0.7415509
-0.4751451
6.716972
5.934224
5.24578
6.32504
4.205943
1.452639
4.919768
4.018834
-0.3770224
0.7191929
4.92085
3.909424
4.81266
4.57347
-0.7408213
4.428781
4.519177
6.350754
-1.450542
0.248639
6.758084
-1.025451
4.313658
-0.1531943
0.6284076
2.609584
4.579157
7.311649
9.501464
4.361257
0.7896057
-0.4310743
-1.82329
-1.084226
3.957395
3.415383
5.161504
5.031286
4.259404
4.288652
6.87212
1.140475
5.830957
4.136942
0.492091
-1.112287
-0.3475917
-0.5928427
-1.172266
2.921059
4.392014
5.425565
0.7413392
4.913647
-1.978966
1.419443
0.09964826
2.730944
-0.2512581
5.689941
-0.6290248
0.4027908
0.07078976
-1.175586
5.215077
4.611127
-0.998753
-1.472882
-0.6180313
7.574063
0.7916023
0.6694794
3.924468
6.232096
4.941569
4.567023
-0.8443426
-0.4812118
5.1285
3.246459
4.162643
2.863441
2.203906
5.871615
0.8106976
-0.08039088
-1.854203
3.838018
5.542345
6.563213
0.2350484
5.321283
5.719211
4.167068
3.683863
-1.405527
0.5811883
4.448994
0.03208779
3.973964
-0.2241472
8.643159
4.752482
6.032353
5.34567
5.785566
0.2542592
7.284074
3.95402
5.137651
5.724046
3.743322
6.161838
-0.5707446
-0.1137672
5.419132
0.8685943
1.090953
4.210354
4.437509
6.165198
5.825399
6.861258
-0.8035764
6.480073
5.042576
5.192315
-0.7319367
6.313341
4.769476
-1.043818
4.982433
6.041193
6.252216
5.735143
-0.573846
4.73788
0.8423406
0.8629245
0.001335627
2.75627
-1.072996
-0.3214325
-0.7982307
4.633345
4.549757
4.287923
5.673929
-0.08671667
0.5823374
0.9565155
-1.188182
6.532535
4.687485
6.884516
0.1081452
1.081477
1.036157
3.697348
-0.02060342
5.073553
-0.06501986
0.1526392
6.036903
4.865434
5.484645
-0.2320316
1.373552
4.828958
4.333217
6.408822
5.828535
0.4767911
5.129628
-0.8629039
3.870851
5.545073
0.3220612
-0.001627033
5.674057
4.719838
-0.6739791
-0.9764253
3.345704
5.681779
-0.8632105
5.500228
-0.08136292
5.121599
1.76408
8.993192
0.1978414
-0.2418847
-0.006554395
6.524795
5.653207
5.064122
-0.7767153
6.041209
5.761946
7.643948
0.215331
5.716525
0.503424
0.6828644
3.218617
-1.205063
5.385359
-2.096084
0.8636585
7.867606
5.517463
-0.2887924
-1.089624
5.87569
-0.8351663
-0.5943123
-0.2796592
3.372926
4.23695
4.471515
5.318517
5.092237
4.624534
3.312168
-1.359656
4.381195
0.1432583
6.21788
4.522986
0.5650038
-2.744533
4.53863
5.374783
6.23056
-1.079394
3.973121
4.306916
5.242897
5.412765
0.829127
-0.4045376
7.029802
6.067795
4.844863
0.4424367
1.458606
1.234014
5.925967
4.904294
-0.1022963
0.1767189
0.5920832
-0.8822927
5.711823
4.309588
0.04826293
-0.229509
4.453872
-3.246701
0.2430011
2.720267
0.8909437
-2.323199
-0.9622553
-0.2566377
5.280876
0.9628298
4.877738
-1.43136
4.222937
5.789405
2.941944
4.778724
4.475768
0.5059017
-1.793166
2.41139
4.818251
-1.746047
5.22809
1.471258
1.407864
-0.6893974
6.471218
3.859758
5.16032
3.443347
0.6269786
10.93829
-1.153165
-0.710621
4.811264
6.910497
0.1236242
-0.2924571
5.425867
5.645898
3.834929
0.6483602
5.902563
0.1133513
-1.11168
2.77513
4.135745
0.7756021
6.838796
3.481928
4.670341
-0.2587963
1.406138
5.067484
5.119722
2.896486
3.954572
-0.5659567
3.65537
-0.1982058
6.636012
4.487217
6.192866
4.520311
3.473096
-1.232924
4.262381
0.8277742
5.363003
4.658198
3.26627
-0.1702234
1.46633
5.957193
5.313678
4.347836
4.160946
6.292532
4.176797
1.543872
4.288176
6.046981
3.691532
5.265667
5.6705
0.244255
5.537711
-0.9289618
0.2810951
5.359828
6.26939
-1.662724
-0.4356502
4.440246
7.522887
0.313252
4.213736
7.351374
0.9935904
4.692048
-2.867808
2.326081
3.129299
1.243716
5.989278
4.561377
5.822923
0.7235321
-1.359659
5.43188
0.1225557
-0.5568812
-0.1267312
0.6868867
2.992462
7.56727
4.64159
1.181003
7.059712
5.059787
4.687172
-0.3020868
5.150364
6.290128
4.884388
6.428409
5.513394
9.876842
-2.471521
4.548604
-0.6503439
0.3952634
-0.08839982
5.818151
3.786469
5.968854
1.192558
6.415301
1.604225
5.211567
1.078494
4.48357
-0.01745979
4.017376
3.882183
-0.378843
3.040257
3.282953
4.808054
0.8692678
-0.3402393
3.890203
0.9037692
-1.212203
0.6716132
3.746131
3.194437
-0.2136461
3.798586
-1.116688
8.571347
0.5741275
2.335546
-1.332476
3.341648
5.488197
0.1941134
1.752456
5.111931
5.07952
4.93751
6.103039
5.756838
2.747815
0.0703171
9.582732
4.844544
5.54559
5.70902
0.1563631
3.472146
0.002830953
1.252239
7.139684
-0.4257378
-0.5987475
-0.2875064
3.927811
0.7833018
6.531806
7.948651
5.707901
5.154198
4.867801
5.00528
5.76973
5.276685
-0.8350809
4.699361
5.69486
0.1040353
0.5505175
0.7378249
1.182248
0.4919497
0.5893525
1.347693
6.193929
0.5734377
5.221221
4.733177
4.648245
5.694101
0.3965557
0.02967937
-0.09186569
1.373921
-1.079938
-0.9631461
4.967324
0.7791562
0.4358204
-0.7575331
2.302645
4.351421
0.0587119
-0.3480903
4.79337
0.09041429
4.156672
-1.021685
0.7104235
3.307717
7.082309
0.9123634
4.654117
0.353282
5.053768
0.5405056
4.628722
-0.1027671
4.949268
5.369422
6.326888
6.669547
-0.5048248
5.186679
-0.1804885
-0.5119191
0.7190132
2.024012
3.518631
4.708433
4.726231
3.714291
2.767546
5.798387
5.658886
-1.327756
-0.7043574
-1.305938
5.746884
-0.249626
-0.1337739
6.313001
3.332967
0.3652024
3.969402
0.2583718
0.822641
5.18757
-1.100523
3.618114
2.192032
-0.9337292
-0.524044
5.827595
-1.218893
4.809598
2.380202
-0.8654647
-0.6993766
-0.5265807
1.385675
5.09931
3.22443
0.09888186
1.793636
5.455607
5.376751
5.108144
-1.971444
5.070517
5.465054
6.906231
-1.517763
4.158809
-0.9246768
-0.351943
4.372683
5.259348
1.259664
-0.368924
5.596517
4.183892
-1.524295
4.025096
-0.5503491
-0.4542632
-1.490358
5.058695
4.408216
13.27198
4.354647
1.005235
5.050987
1.615531
2.022082
4.212734
5.646351
5.342357
3.576546
4.344358
2.588445
0.7750555
-0.5339605
4.621129
3.853655
4.123217
4.397771
5.311505
1.109941
0.8194121
0.535116
4.520614
0.07317949
1.193463
4.731322
6.732649
6.470774
5.283696
5.094703
-0.6612164
-0.07491309
-3.481637
-0.4001665
2.855025
-3.04361
3.613969
4.445003
0.1830204
0.5425845
-0.2915671
-1.529967
-2.12936
1.38611
3.207232
1.018967
3.221647
0.6136352
1.743516
-0.4269977
4.663876
4.25663
5.230658
5.564411
4.924511
5.428243
-2.111893
0.825496
-0.3114917
0.423267
-0.6145958
-0.06626803
6.10061
1.211399
3.689297
4.2841
4.413806
4.042824
1.142754
4.138911
0.5893364
-1.344899
5.01962
0.4619032
5.297409
0.1408652
5.188342
5.711348
3.997372
1.458499
6.898652
2.590309
-2.168274
0.985652
7.594763
-1.190947
5.846523
0.4007884
-0.1466986
5.801236
4.210923
6.089302
0.06216416
-1.064822
-0.2834464
-0.7782013
0.502827
4.655097
5.049638
5.855848
5.882221
5.689797
7.575191
5.846432
5.123591
5.24276
5.837775
-2.232838
-0.1894904
4.34286
3.904628
4.182917
4.71037
5.349154
5.784049
4.426738
4.768892
4.585813
1.023165
6.567421
4.803768
0.1406461
1.445177
5.158061
5.133256
4.583659
4.688844
1.19755
6.315145
6.68569
4.962425
-0.5810666
2.910178
3.564064
4.743321
5.714546
-0.9298556
0.2812353
-0.6863685
5.639889
4.945804
-0.7140017
4.222609
1.518434
8.172123
5.394588
0.134115
4.664772
1.758368
1.071116
7.311628
4.170996
2.197069
4.261902
5.983729
-1.253834
-0.2304017
5.074968
4.671139
3.642219
5.931013
4.979172
3.300494
5.601378
8.961989
5.232651
3.64643
-0.5350168
4.397173
4.605539
6.098802
-0.05315348
4.073995
-0.2208482
-0.3956649
5.333982
3.83131
-0.8209749
4.664251
7.040583
0.4032871
0.7327945
-0.1044919
0.1416759
-0.290669
0.5516995
4.041207
-0.4574195
10.36235
0.3905233
0.2387272
4.982333
4.117568
3.972997
5.488151
0.6353098
4.022244
4.656382
0.9316828
0.8591897
5.717951
0.04985111
0.1985464
-0.6305899
0.445791
0.1593336
6.556828
-0.2674033
0.1556077
0.1096881
-1.000301
0.1275716
3.560934
-0.5068669
7.4408
3.678681
-0.1176876
7.935403
1.045325
-0.5141897
0.731683
4.838984
4.325768
-5.093081
7.415493
1.238104
4.812163
6.639552
4.114558
4.1646
4.887943
-0.4098405
5.97302
-1.575448
2.676034
4.765884
7.856727
5.110229
1.184522
5.853494
5.67633
0.1117508
0.2421985
5.464056
4.934304
5.384985
5.970101
0.0374215
5.065516
-1.056663
1.791157
0.7880102
0.8199082
1.080016
7.837993
4.579705
3.358817
-0.3700685
5.653129
-0.1829088
5.334857
1.132635
3.496304
-0.8240018
4.282963
0.1807254
0.5407885
-1.397902
1.251227
3.801103
5.696386
5.188966
5.216168
7.179085
4.760249
-0.06199603
4.402223
-2.365928
4.9724
5.021239
2.982487
4.601504
-0.223441
5.39505
-1.035673
3.378457
4.972203
0.9958958
4.680771
3.628678
5.608316
1.720868
0.233975
5.297192
5.96259
5.050652
5.570284
1.083991
-0.5628251
5.383378
-1.542334
1.041933
3.691309
5.921945
0.3749959
-1.038843
4.335056
-1.716594
0.3436463
6.103011
-1.509417
-0.1032269
3.509289
5.260634
0.4039046
4.730394
5.201089
-0.5388969
0.4870563
-0.4650356
-0.2900649
0.9289535
4.562526
-0.3034691
-0.4643896
6.147846
5.0401
4.548771
-1.069823
6.732429
5.948389
5.57092
-2.168854
8.958944
-0.1895842
4.829378
-0.4737297
2.326167
5.598873
8.998545
4.140384
1.871101
-0.7294519
5.438306
4.255385
5.31912
-0.5230666
4.382696
6.10436
0.5137871
4.987061
-0.01458855
1.97537
4.354911
0.3601206
5.296819
-1.157154
4.424169
-1.110665
7.395918
-0.3206626
6.546516
0.6559744
0.3681185
5.390459
-0.7755883
0.02116553
5.161371
6.649496
1.395661
7.524848
0.521013
-1.240394
5.186513
5.689012
2.286763
4.641612
5.539698
-0.2194085
6.026493
6.148612
6.246373
0.1130282
3.412522
0.4884546
5.764251
5.66762
-0.4404869
0.4481012
3.79492
5.488136
4.179042
0.2831528
2.389432
3.64053
6.568031
5.913561
-1.115131
0.3816984
4.983146
0.003494099
0.9892304
6.459913
4.721558
5.248222
-1.134274
6.579902
0.6643282
0.2668627
-0.06189819
0.5087388
4.259597
-0.1038383
4.114492
-0.9875613
-1.52443
-0.2038399
5.695887
5.686235
3.374612
-0.3737322
2.138557
7.603865
0.3611073
-0.9816141
-0.4101152
5.525189
0.9004234
5.588547
2.034561
0.426391
-0.8770166
-0.8163127
-0.3005485
5.022798
5.545262
-0.381356
5.499799
-1.549584
5.93952
5.08015
4.875144
5.03485
5.037663
6.611358
1.050433
13.52213
5.865956
0.4113601
-1.588499
4.709032
-0.4602028
-0.588725
-0.7789773
5.307558
5.600818
0.9962086
0.3350249
0.4214228
0.8738286
5.413226
4.121586
-0.9024013
5.738399
6.697516
6.091421
6.713534
0.2978534
4.13101
1.557436
4.958539
-0.2358703
1.300459
5.561015
3.882444
-1.04771
5.029384
5.45763
5.076181
5.101057
5.427301
-0.1996272
3.380663
4.45029
1.613986
4.476237
-0.7534225
5.762675
-0.8131817
4.926894
-0.4134107
0.07397027
10.18106
0.509113
4.364881
3.872389
-0.4697998
7.254168
5.071044
5.052801
7.896531
4.75455
5.372207
5.039396
4.933044
6.335435
5.949189
-0.746913
6.054805
-0.0674622
3.833161
0.09183912
4.98647
2.618212
4.646545
4.369479
4.323236
4.137711
10.41269
0.7568983
5.447601
0.5579616
3.685352
-1.250128
3.276147
5.900421
2.880551
0.9826192
4.697256
10.17382
4.927846
0.1675103
5.669781
3.735895
5.651216
3.237788
5.700417
0.3539232
5.68609
4.311519
5.044322
-1.245274
3.519804
-0.04877619
6.274536
-0.1352467
-0.2613467
5.801702
0.6619462
0.7920635
3.81436
4.116526
5.354981
4.879773
5.390751
6.283718
-0.01208095
-0.7936477
5.223856
0.8403614
5.211347
5.113281
4.417908
5.747333
5.078402
5.394995
4.970783
4.341805
5.203392
-0.9619672
8.032029
-0.5243514
5.185726
6.170314
4.871083
5.31947
3.938441
-0.8568601
4.261657
7.28036
6.567337
4.217585
5.180299
4.335658
5.455205
5.842313
4.500678
-0.7281441
5.395605
5.070258
1.152684
3.395886
4.661083
-0.6335069
0.1319281
0.6627115
1.628505
5.205881
0.7178384
1.193098
6.138238
4.5869
-1.716334
-0.4663122
3.869922
0.5732625
-1.342678
0.7666699
4.273814
-0.5138988
-1.602688
4.839202
6.768052
4.527583
2.389779
2.791757
-1.069773
6.152144
3.907171
5.548965
3.850296
4.865617
-0.5931484
4.535024
4.950505
6.353302
6.109909
0.9808101
0.3997512
5.899703
4.15537
-0.7115734
-1.107799
0.3657408
4.836602
1.443554
5.664417
3.174064
-0.3461671
4.275777
1.063954
4.883088
6.989633
5.186814
4.806985
5.980915
4.293976
6.878149
-0.2925493
5.530641
0.9660231
0.694931
2.400992
-0.09375286
0.09474979
0.8929596
4.717979
4.053966
6.70455
7.988309
4.755882
3.680998
2.189445
5.472267
5.878191
-0.03876964
5.409641
5.650989
5.555454
-1.647663
5.572356
5.074377
0.867028
6.432139
5.133281
-0.5404338
5.953899
-2.62902
6.069363
6.265364
-0.7117011
1.580208
5.998545
2.096986
5.623763
5.20071
6.07945
5.989444
-0.8916966
-0.5826982
4.704289
4.738959
4.762332
4.227331
0.9476509
0.8751658
6.650057
6.742002
-0.9538803
4.043509
7.913217
3.679733
4.647565
4.020219
-1.407624
-1.772401
5.615423
-1.264823
4.438246
5.948958
6.380314
4.472035
-0.3395375
5.373968
3.455353
6.432706
4.86931
5.022989
5.089604
-1.171065
5.091791
5.131375
4.188675
5.032464
4.809478
4.772562
5.175937
4.345802
-0.9340623
4.468458
4.433554
-0.02874569
5.96768
0.4543569
1.815133
1.159354
3.927028
-1.099935
-0.2092541
1.315685
0.06847816
4.492276
2.397696
1.77194
0.9754673
1.084275
-2.560165
-0.496764
-1.01331
0.2730148
2.600297
-1.49303
-0.03993836
4.628752
5.712271
0.9980677
-0.08069167
6.30502
2.207247
3.539926
0.6057717
4.587727
5.689107
6.208386
4.735262
1.334708
1.354249
3.33287
5.125161
0.2043858
4.234061
4.142224
1.963557
2.530106
4.789684
0.1547833
6.096708
3.764787
-1.89186
6.271707
4.292027
5.329208
-0.7560936
0.339921
3.864152
4.707176
0.05341022
0.5426191
3.816596
1.005537
1.48258
2.818204
4.360124
6.015928
0.9781629
-0.0543669
6.289901
-0.8108109
5.254474
7.547002
-1.40646
1.80221
4.698804
6.47881
3.878817
0.7813324
-1.11543
0.2626262
-0.6568769
3.43268
-1.17983
3.915887
4.240175
-0.9584732
-0.6858717
0.6188824
5.299789
-1.223757
4.839888
6.212481
5.76546
-2.417325
1.611672
0.4834366
4.106512
0.4401174
3.960211
0.3218894
-1.137621
1.073419
-0.07425106
-0.9922954
1.119209
2.267554
-1.289326
-0.2632245
4.618747
4.995843
5.255603
6.706745
0.4502944
7.504993
0.5459681
-2.205143
2.000416
-0.593123
5.412432
1.093442
1.283817
0.3144927
-0.5649062
3.723975
5.659831
9.740019
4.071691
5.83392
0.162326
1.08713
5.866238
5.610586
-0.2484269
0.7412383
-0.5205752
-0.7880082
3.758008
3.761765
0.7859557
1.379473
5.281063
4.26147
1.997703
1.772988
5.465449
2.762541
0.7122399
1.358471
-0.732219
0.4720323
5.88015
-1.01315
3.044055
5.478006
-0.3394074
5.567411
0.2233004
6.345938
4.270847
0.1267942
6.848407
2.691788
0.7543932
-0.08620871
-0.9253312
6.635019
5.764254
0.8557788
5.606311
-0.2294669
6.915214
4.965472
5.811037
3.705816
7.517643
6.550028
0.5305458
0.4176456
4.746837
-3.200019
-0.9158031
3.849412
0.4942824
4.509419
0.2229549
-0.4899991
-1.908355
1.275426
9.109205
5.424235
5.868362
5.551459
4.788546
5.07481
3.944877
-1.893164
4.287462
3.600095
4.759565
1.399393
1.030792
5.394886
0.5876127
-1.29448
-0.1280419
0.4971195
6.079238
4.634512
-0.4898729
6.28153
5.286422
5.385437
0.2010838
-1.314223
0.5009343
-2.006843
0.7106079
4.972469
4.199509
4.952022
-0.1767856
0.04196235
0.167158
4.418701
0.5233092
1.268625
4.979312
6.360292
4.544053
-1.96928
0.07602579
3.138667
7.111229
-0.3071502
4.843808
0.212653
5.737788
0.1651702
6.634325
5.615579
4.934126
0.279432
10.01095
-0.7567096
1.117882
6.163622
0.7035067
5.840458
5.002449
5.153381
4.178723
-0.3812876
6.131052
0.2798209
4.433177
3.348624
6.082086
5.685182
4.480166
5.797773
6.607345
-1.122113
1.662017
-0.3873535
-1.854091
-0.0863703
-0.08385696
-1.633022
0.01934379
-0.8963789
4.80126
5.208898
4.49263
0.6477818
5.319731
5.624185
5.12235
-0.9843534
3.5105
6.175084
0.07669462
-2.09162
-1.575332
-1.114409
4.972274
5.209712
4.117227
4.66847
1.713804
8.773817
4.311167
6.477219
-1.004775
5.605627
-1.238219
-0.09747695
0.3667599
4.112215
5.220695
0.7410131
-1.032814
4.078408
6.328972
4.70663
0.08332887
0.3227518
0.2569524
0.02969717
-0.5900261
4.49451
4.527164
-0.2284148
0.03103373
5.197482
1.522297
4.797325
5.600518
-0.1012474
6.581793
5.188662
4.070072
8.221966
4.683034
6.527945
6.439432
3.85932
4.483592
0.3394288
-1.067271
5.931296
4.33696
3.551452
-0.1341968
-0.08824546
5.105434
-0.294616
-1.264229
5.398595
1.725159
1.135523
2.239144
5.091898
-1.226884
-0.06695235
5.599955
4.598709
2.166097
5.567689
5.017627
-0.705842
3.697299
3.611185
0.04244847
3.278135
5.207488
4.804338
4.353243
5.820447
3.993457
4.313608
3.891237
4.75427
5.122114
4.651312
0.2708002
0.1469514
4.906726
6.594289
1.414361
5.536569
5.296911
1.74208
-1.451976
4.584118
-0.3642768
3.537154
5.562805
11.67168
-0.1760307
3.742079
7.444943
-0.5869498
-0.08339133
3.123053
1.475901
1.532093
4.264103
6.189536
4.117734
5.589478
-0.1677313
4.523363
4.205606
-1.240817
-0.5348382
-0.01782256
4.271967
4.746422
5.269722
4.253256
7.097003
5.247471
1.206251
4.130917
3.171731
5.274474
4.119451
0.4063292
5.481792
-1.528787
-0.9674282
6.216072
4.201257
-1.45919
5.583029
4.964501
6.175592
-1.130289
-0.1085988
3.925445
4.412985
5.627938
-1.373035
0.2406695
6.058047
0.9170902
-0.7811134
4.552371
5.652924
4.174435
4.904127
0.006495297
4.637819
-1.044372
4.11789
4.82859
6.172725
4.12464
5.470554
-2.316445
4.296497
6.946387
1.507147
0.2935134
0.982431
4.403036
6.726648
5.773452
-2.488443
0.5980938
-2.801918
4.641139
-0.6391177
-0.1265568
-0.7791989
4.653248
-1.595661
0.6326584
0.1728045
4.350258
-1.006205
0.6528252
0.9129941
4.994821
3.337096
7.2434
4.756421
4.944116
4.928898
-0.4874993
2.549552
-0.1027999
6.65229
1.204741
0.2039129
3.497223
0.539328
3.957603
2.438564
1.535541
5.269794
-0.2216299
2.773635
-1.632389
5.800999
0.8894027
5.563997
5.394381
6.511915
4.154867
6.071693
-0.5166896
3.412258
4.834815
4.381156
5.488276
0.3006116
5.887628
7.153989
5.19985
6.160261
6.441838
0.30841
6.997608
5.189997
-0.8435526
-0.2446333
0.3159668
4.899605
5.401382
0.1399319
1.445459
1.889292
4.965472
-0.4672703
5.309755
4.868565
7.253881
4.787214
5.083187
1.040261
4.587567
6.370766
3.678288
4.716476
5.150571
-0.09055044
5.092552
-1.714022
5.430981
3.523095
-0.376157
5.727787
4.439913
6.269116
3.511652
6.212044
0.3837379
3.269113
-0.1048382
4.892685
4.011856
-0.09114103
1.068344
6.434642
-0.5925912
3.961697
3.826421
0.8639085
3.102704
9.09065
3.588408
4.386294
1.469249
3.778213
0.346685
0.1039609
5.87078
0.5574886
-0.5487781
5.918934
5.447033
-0.5798424
-0.7823085
5.058563
-0.836526
5.61421
5.018658
5.569114
1.508258
5.304012
4.999584
-1.512723
0.6311346
5.441953
4.263578
3.32305
-0.707588
-1.061871
4.574142
6.30679
5.04356
6.917116
5.343804
3.557593
3.62938
0.01518167
6.074472
3.917693
5.403496
5.71215
4.560638
1.749585
5.501502
5.777601
4.82295
6.559263
-0.461753
5.226105
1.849525
4.818216
4.179589
5.253217
0.7255427
4.08627
4.822333
-0.8454433
-1.774984
5.043033
5.688433
5.156657
4.405887
5.235637
2.950446
-1.383228
4.381606
6.454233
1.238224
5.85726
3.841143
4.017064
4.61623
0.133
4.375516
5.537152
4.710617
5.227863
5.000679
6.115042
6.294926
5.873571
-0.255413
-0.274659
0.3608214
6.044352
0.0542874
5.684015
3.497948
3.567045
-0.08651705
3.547095
4.454788
-0.7236728
0.8052208
4.226505
5.076472
5.576361
-0.815736
4.635692
5.521658
6.211315
6.22411
-0.05355684
-0.8233203
6.868047
-0.595049
0.7017486
3.042038
0.1070482
-0.792186
3.838845
4.52159
10.50647
6.103186
4.050368
6.333389
5.218997
3.367899
4.370603
-0.9207694
4.076602
5.679352
4.159877
2.675909
4.830333
4.025152
5.128222
0.1818576
4.687038
-0.4371128
-0.3784516
4.191096
0.7630416
6.52806
-0.5232884
-0.6795788
4.991823
5.812245
-0.04582417
5.344902
0.7191794
-0.6247281
5.349522
5.147556
3.834509
4.236458
-0.8584553
4.688786
5.028626
-1.232047
0.5967678
4.310963
0.9290502
-1.243458
5.306822
5.258271
-0.7327592
-0.147822
5.122585
4.45355
-0.03690477
1.085094
6.363921
6.418575
6.352054
3.629068
6.951429
7.407866
4.498403
5.23943
6.353015
0.008813654
5.258384
4.403676
-0.2308837
1.376318
-0.1609287
1.180873
0.6489564
4.864211
1.017207
3.718212
2.316561
4.985272
4.788235
-0.4290392
3.445852
3.382184
5.5731
0.887699
-0.2906749
1.09569
5.507046
11.64329
2.552624
-0.2951023
3.879394
5.24205
6.321657
9.475915
5.083157
6.016413
-0.09529331
0.4793126
5.748537
-1.537583
5.897287
5.025272
3.411986
4.982913
5.241225
6.079419
-1.642009
9.086222
0.4805388
-1.179746
-1.64582
-0.6784544
3.93099
3.568481
0.1450931
1.475549
4.687414
4.193696
4.043921
-0.2472784
3.861781
5.748566
1.043182
5.594898
3.852361
-0.06040866
-0.9016719
2.774534
4.514302
4.450907
-0.8897857
1.011063
5.718972
-0.8986988
3.507228
0.8005802
-1.605849
-0.09423013
4.355652
-0.1818117
3.398246
3.521935
5.801381
0.6319341
4.655794
3.465967
6.835764
1.655927
-1.363483
-0.614907
0.4196073
3.712572
5.050588
-0.8035269
-1.332268
1.89203
-1.37877
4.880351
4.09686
-0.5357138
5.797619
-0.393985
3.754507
-0.4373178
0.8691351
1.747861
2.187398
6.091861
5.250013
3.596774
0.7136752
-0.2300861
5.601226
6.585744
6.430943
4.098837
-1.37618
4.809251
-1.452274
4.092254
5.124509
5.995272
1.241901
5.362057
1.946788
-0.5016766
5.800102
4.601524
4.78903
4.182872
4.854869
-0.1824137
6.191651
-1.546213
-0.383173
-0.3259663
4.288237
6.669697
-0.1835051
0.909659
0.744432
4.198802
5.52613
0.5061361
4.633021
5.656708
0.843402
3.99044
0.3270094
-1.164723
-0.3480139
4.538995
4.028823
-1.457462
-0.04287229
1.079202
0.537381
0.08693938
5.00353
2.088757
-2.303971
2.654435
5.21159
7.002427
5.566619
-0.2549886
4.815584
5.885921
4.21638
-0.83106
5.544337
3.872116
1.178645
6.12308
-0.08627876
1.797758
4.578521
3.597465
-0.04976375
-0.1886389
1.382163
5.938189
-0.2912427
4.032946
-1.285809
5.401673
4.482036
4.210467
0.198679
6.797607
7.238325
4.145465
4.110563
5.516462
5.509187
5.046057
0.3637491
3.751322
-1.384149
-0.5678253
0.7058401
6.139166
4.016407
6.403843
4.099621
-0.2779918
9.059347
4.090886
4.063215
-0.5369385
0.7305261
4.487439
-0.3580995
1.190883
4.953634
-0.6953138
0.704657
4.723412
1.372657
5.17772
0.2921781
-0.8415469
7.072135
4.88414
0.7546162
-0.8680938
1.052787
-0.6043321
4.985883
-0.417063
3.665417
4.968116
0.4819373
0.7735044
0.1119502
3.489263
4.848292
5.89061
0.08964481
5.209838
7.424487
6.062364
4.915351
4.432434
5.68132
4.574944
5.844627
-1.724906
5.932503
0.4334905
5.798975
0.9840323
1.880572
6.941036
5.304298
0.7205419
5.205537
-1.341089
-0.143232
6.916371
-0.214291
1.673142
4.833402
1.37012
0.01625873
6.037455
-1.286487
-0.07481776
5.526086
6.014513
4.439455
1.471502
3.910666
0.09381019
7.22471
1.612816
5.715426
4.090797
0.7386013
0.8798811
2.840727
4.506394
5.41185
0.08962003
0.489584
6.325896
5.406385
6.557392
0.5675748
5.378143
4.228439
6.201272
11.07116
4.216462
5.737922
6.328869
-2.400384
0.9819286
4.436844
5.353953
0.7898833
-0.4661751
4.891357
6.970701
2.80529
4.797918
0.6239091
4.508209
5.363343
5.739971
1.325962
4.62409
5.601666
4.542072
0.6603397
5.244363
4.936908
4.654367
3.039616
0.9280041
-1.352715
-2.401466
6.271018
5.00567
-0.5217888
3.699113
4.640243
5.774624
5.073116
-2.102584
4.621017
4.909357
5.028895
5.766955
3.402232
4.750701
0.7092867
5.939185
4.853071
6.151808
4.708701
5.654162
0.5552874
5.856542
1.482328
3.082851
1.787838
4.353188
5.814409
4.629268
-1.114368
5.710372
1.292864
5.33559
6.208446
4.713392
5.544526
1.754985
4.124778
-1.068686
1.228575
1.056874
4.438463
0.5052291
4.478844
5.769067
0.05184346
4.492401
5.885916
-0.4580508
5.88083
-0.5016664
4.186312
-0.3514678
4.095771
1.071236
-0.1658093
3.96659
-0.2782072
-2.188523
-1.516912
-0.7646334
7.121873
0.4721158
3.160441
-0.2277328
4.531645
-0.1861631
-2.023198
-1.711669
-0.4389956
-1.229706
5.736974
6.763683
6.418647
-1.721721
-0.7065752
1.025338
4.059661
6.17632
3.676327
-1.257554
5.05075
0.5039804
4.245279
0.6074562
1.589211
5.327955
0.7111804
0.1511318
5.390139
4.095487
6.390129
4.614119
4.596124
-0.07683693
5.375351
-2.387008
0.8929212
5.523927
4.824978
2.270267
0.09255103
-0.3111182
2.972017
0.6110863
0.06269687
3.35455
5.030812
2.916397
5.22161
1.438374
4.386587
7.807958
5.985622
1.492731
3.863346
4.463975
0.8775819
4.99177
4.016772
4.936976
0.458492
-1.155208
0.2541728
1.114058
4.596658
5.77257
5.074413
-1.616576
5.998479
-0.9805537
5.492172
4.473843
-1.074815
5.843714
5.674527
0.1699328
-0.4486688
0.2893839
-0.6443178
6.067316
0.9285454
5.547873
5.20984
-0.02192839
0.1701839
8.012824
2.035105
5.025951
5.680701
0.1696362
4.5642
0.3629411
4.804556
5.667132
-0.1911989
-0.2228366
6.275336
4.889905
7.612374
4.831412
6.183021
-0.9102164
4.971742
-0.3027265
1.612429
1.166039
5.704408
0.7491346
6.94245
-0.8920091
5.795777
0.1812249
5.742042
-0.1658853
-0.9015465
6.055648
-0.4559741
-0.9580311
1.007404
0.3145115
-0.5051209
0.7233217
6.4029
6.178697
-0.721341
4.70115
10.47331
4.176425
-0.5824295
1.928315
0.1144696
4.40455
-0.2221237
-0.4071962
1.210519
-1.187042
-1.132543
4.818448
4.832323
0.1972629
-0.2576509
5.898452
2.592552
-1.510584
-0.9076809
5.654319
6.542524
0.2873435
0.6493102
-1.846457
0.1229422
4.421943
1.002153
4.987941
-0.2984688
4.297053
0.07542497
8.836247
0.7396483
1.241029
1.091238
1.625185
0.4022395
-0.8140911
5.972137
3.81736
-1.255618
5.884673
4.266572
7.890885
4.791429
5.884167
4.09082
5.53355
2.025341
5.389449
3.147907
4.689228
-3.179414
4.453682
5.786639
3.547144
5.34455
4.793809
5.301497
3.741322
2.868247
4.641705
0.06273364
5.958044
6.311847
5.464698
5.618189
-0.2716628
-0.9215638
-0.1723397
-0.9469897
6.388604
5.136117
1.329576
3.968202
3.535121
4.91032
5.371717
1.035588
-0.03382739
4.422178
5.898589
3.984594
4.7299
-0.4696495
0.07536539
4.348843
1.022132
6.494055
3.864786
1.020664
4.537348
8.396956
1.279127
0.9249611
4.37242
4.775159
-1.385822
-0.1722126
4.745278
8.781793
3.240504
-1.122681
-0.8694391
2.31924
-0.9745497
7.307819
-0.08101738
1.129649
1.046056
5.541394
-0.5517259
3.93352
-1.222368
4.589306
4.754496
3.487005
0.9923147
0.8687529
6.221442
3.995818
-0.7263731
1.252004
0.3368201
5.371431
5.562618
3.891575
4.617712
4.246522
3.461078
5.838272
-0.7814094
0.6097061
0.1285617
-2.138615
6.420511
5.040732
5.605038
5.694685
4.739773
5.978709
5.468553
1.224999
-0.4035564
4.715426
6.290465
4.98851
4.415877
5.556002
4.631456
4.073111
4.30801
-0.9898365
6.367423
-0.05992305
4.938493
-0.03102729
4.692905
0.3408641
10.24288
2.913799
-1.543437
-2.204613
1.968112
6.725588
5.001382
4.598655
-1.91802
4.833675
4.929618
4.32484
7.101877
4.156395
5.48079
3.013146
0.3529991
3.485772
6.001509
1.201571
-0.1359367
4.707001
5.490276
3.738073
5.488885
3.805227
0.9046623
0.8450286
3.341917
0.0182737
-1.796378
3.665408
0.6076133
0.6610075
-0.01229347
4.108285
5.587251
5.95965
5.026034
0.07781873
0.6819751
-0.3140791
5.434341
4.383837
1.252583
0.4861229
0.05541706
1.229063
4.957216
3.06312
3.060297
6.258507
-0.6096858
-3.204823
4.80415
3.478147
-0.8178605
7.280609
1.390875
0.3024595
4.419493
-1.318116
-2.563245
0.1687716
5.365809
5.856147
-2.068909
5.107136
0.08107171
6.096181
3.289594
5.293209
-0.8248171
0.3561902
-0.7750519
-0.1918022
6.609313
5.179042
4.685176
6.00827
4.849693
5.099719
5.715941
4.765526
5.13252
0.4718182
4.806298
5.392977
5.849799
5.636134
-1.000603
6.754237
-1.476138
5.315429
2.865369
5.313069
3.933461
4.030111
5.577594
3.217974
-0.2964138
6.465022
0.9011152
4.228735
5.470829
-0.09382194
0.07640607
4.758738
-1.197916
8.874403
5.6285
5.749459
0.3485698
5.872845
4.260978
0.3166012
5.451688
0.5434846
5.791265
2.592136
5.144123
-0.4214134
4.534089
0.1389795
5.746001
4.505282
1.157217
2.947751
4.607827
0.7504185
-0.7580907
0.1528168
-0.07307594
-0.889693
4.142829
4.46459
4.901543
4.728935
1.160091
0.9066098
2.801318
0.1954951
9.348727
6.255829
-1.134168
3.570041
5.952233
-0.8542349
0.06909685
1.428002
3.800162
0.7555274
6.018965
5.240512
-1.563471
5.056213
1.891667
4.728015
-0.5427586
5.228388
-0.4681322
-1.011786
0.07998126
1.025204
5.547782
0.5801446
3.980178
4.616546
-2.701214
8.133337
0.663559
-0.126294
-0.6528917
4.402903
5.257222
-0.5486741
4.812637
0.2041721
5.815579
4.330232
0.01977266
4.789077
3.647661
-1.16182
4.017759
2.639703
0.0374834
7.203045
4.929945
0.7764089
0.7041086
4.838217
-0.5602387
4.870356
9.137092
4.620255
0.991912
-1.251858
1.287946
6.237242
4.659389
4.829868
1.002349
-0.671986
4.37213
4.822669
4.352412
4.771154
0.6610588
1.21044
4.999243
5.290634
0.8339654
-0.5397007
4.046731
-0.4235264
4.283295
0.4011161
-0.2287071
4.945047
4.894852
2.932602
5.365837
0.53802
4.429038
5.360986
4.030297
0.4223458
-0.07108137
-0.7538194
0.8722128
0.2001274
3.985392
5.157525
0.338232
3.461597
2.936181
5.375249
0.005105629
9.209374
4.046924
5.652594
9.009796
5.666945
-0.7771564
-0.9986018
4.531666
-0.4827142
-1.298045
-1.65539
7.19936
-0.3637493
4.520814
0.9522814
-0.1050734
4.773436
1.173057
5.774479
-0.9986343
0.3887291
-0.4130075
-0.2458555
3.668746
1.539899
0.01674528
5.973615
0.3367966
4.996703
2.026501
5.958488
4.971687
5.221181
-1.061553
0.8757103
4.603456
-0.8405514
0.35582
3.820274
-0.02957192
4.51583
5.327473
3.77662
3.585105
1.355326
5.400128
4.467717
0.04707659
6.577794
3.918464
6.014666
1.340988
5.928409
3.844242
6.425489
5.589371
4.598467
5.439696
5.13048
0.3376708
-0.2287725
-0.6632447
6.030083
4.494819
0.8604267
5.016808
0.3162022
4.511092
5.393239
-0.7802181
6.482749
0.1841186
5.337926
0.3183573
0.02583173
5.26363
0.525001
0.06878516
5.603181
4.732708
5.69661
1.349014
3.557353
0.3988528
5.440094
0.4493206
0.690308
5.651908
0.04240737
4.209645
5.999263
1.483708
4.043933
0.625515
4.770923
-1.392801
5.284653
5.900843
6.806872
-0.5477295
3.494774
4.798324
-0.6682722
0.1297613
6.245192
4.877717
6.523706
-0.2302384
-0.9979621
3.958264
5.252079
7.887461
5.632113
-0.6398105
-1.320301
5.891507
5.214674
0.290699
-0.1678626
3.057131
5.10222
-0.7496745
3.210829
6.355069
0.4469897
0.4433061
4.513867
4.221851
2.726279
2.132448
5.526889
6.055353
4.999061
1.375762
4.405228
-1.143879
-0.6610657
7.010536
5.456697
0.8109944
0.3402452
6.211327
4.836586
-1.737371
7.484815
1.459004
5.527344
-0.1840467
-0.4228611
0.0417927
0.8643822
5.603982
2.191974
3.007424
-0.3313624
6.562125
-0.04592157
-2.851371
4.392771
4.39808
5.604267
6.884606
-0.3382786
6.060236
5.664681
0.2456672
4.943829
4.533975
5.541065
-1.237316
3.89406
5.99467
-1.089349
3.754183
5.429374
3.386334
1.708584
4.739603
-0.007457589
4.055347
0.4889443
0.3843206
-2.09632
-0.1703941
7.599066
0.5406617
5.721588
0.8868207
5.114522
7.937855
5.998282
-0.401249
4.326148
2.758308
6.666679
3.535123
10.36258
-0.5223609
10.8433
4.376194
3.681404
6.13531
-1.467496
4.005999
5.494938
5.269156
6.156227
4.871057
-1.146349
7.595774
0.183056
0.5957994
-0.5969473
6.304114
7.050005
-0.6067627
-0.04942934
3.395627
1.978118
7.116106
4.95897
1.110669
5.354328
-1.134383
0.3181518
-1.300528
5.756102
5.678545
5.915052
4.939958
8.177601
2.775078
-0.5674293
3.65674
5.89987
2.976248
2.742655
1.552593
-1.292748
-1.516162
7.118905
6.037448
6.14999
-1.055175
-1.049091
4.376314
4.992448
5.071403
-1.410382
3.374897
2.08066
-0.3366069
5.173842
5.218273
-0.2145985
0.6263625
1.446147
3.292541
4.286322
4.599623
0.5066414
-0.3796734
5.351864
1.148056
3.704111
4.596733
5.751277
3.938496
-0.7418556
4.184692
3.702028
5.051975
4.676391
3.782084
7.229282
-1.239532
-0.6847788
5.739331
5.790444
0.6728885
-1.633802
11.34759
-0.9374626
-0.5931589
4.770747
3.740223
5.766838
0.6524561
0.8294964
1.381533
4.985884
6.275862
-0.03763484
0.5434002
-0.3440503
1.290713
4.319077
-1.883898
5.786501
0.6713461
3.758336
1.094092
4.974809
0.9493207
-1.478524
6.156003
4.910551
4.675211
3.130813
-0.4120668
1.625152
1.105718
4.707015
3.834424
0.532141
-0.202528
5.569087
5.512345
4.37571
-1.046804
4.908612
0.1943115
6.121381
0.8599985
4.516838
0.9136562
-0.3053335
5.162887
5.01201
5.157423
4.358997
7.092266
5.67613
0.6365447
0.4855202
5.680837
5.257762
4.821279
2.425654
3.734679
5.189471
3.048647
0.7528911
4.951896
-0.1283573
6.397904
0.3022024
5.953832
5.385374
5.534776
1.803111
0.09943948
-0.4161276
5.176764
-0.2672879
4.11876
5.828769
3.637661
5.164992
0.3895388
3.743646
0.2392432
-0.3532064
6.149117
4.036238
6.852715
-0.05479687
-0.5030964
-0.9229401
5.13167
1.178765
0.3849022
-0.8484407
0.02387999
-0.4716705
6.73073
0.7204158
3.784365
5.665462
6.280128
1.737176
3.891177
4.428881
1.876808
3.548588
0.2969772
3.984454
-2.12326
-0.1239834
5.50661
4.89122
0.8220672
-0.0336024
5.113381
6.323606
6.028915
2.432673
4.056246
5.162462
0.4060547
5.704373
1.827905
5.845026
5.248833
5.061559
-0.07835094
5.968617
6.676654
1.065367
3.603921
0.4732289
1.684635
5.215842
5.883718
-1.038342
11.15765
-1.506017
-0.2457032
-0.7215174
0.3569313
1.571821
5.010223
5.383023
5.568322
-2.65947
5.812789
4.834302
-0.1071562
1.101821
4.557195
4.813373
-1.407485
4.418278
4.370103
-0.577704
3.202861
5.163033
5.922389
5.303845
5.381371
5.132649
3.22681
6.081939
-0.9327837
2.603153
-0.1768003
-0.06730783
-1.016847
5.448531
2.892318
-0.8254746
5.172699
3.855946
4.041555
3.291761
5.783757
4.809384
-0.910572
6.567346
-0.5360906
-1.783218
6.09652
6.439035
8.273093
-0.6593575
-1.14166
0.2947923
5.559888
6.00063
0.7672085
-0.9045741
3.742916
-0.5063621
4.375952
4.640828
-0.6595262
-0.7673081
5.31041
4.883064
0.1537685
5.243606
4.838802
4.411487
4.784577
1.283088
0.8853447
5.407698
1.537801
-0.4085383
4.656685
0.782693
5.084268
3.88456
-0.5069023
-0.5291282
4.775613
4.516837
4.112452
3.783127
5.490123
-1.684579
0.4595185
-0.9619132
1.635395
-1.263657
4.186582
-1.763938
5.079687
4.748067
-0.5154875
1.532277
-0.8360701
6.103524
1.51027
1.362439
-0.7683405
4.165359
1.165377
-0.5503542
5.802397
5.965613
3.749251
0.1337132
1.463017
2.88545
5.400934
6.790192
5.914463
5.408299
5.23317
1.795969
1.627289
0.2309164
4.591698
5.781215
-1.142003
1.789671
-0.3519986
5.161628
6.011647
4.285709
1.144089
2.917281
4.956002
5.15533
-0.2345084
-0.02802866
5.00992
3.93432
1.053891
3.879281
3.325004
-0.1031241
-0.2913216
4.683557
1.962227
-0.7037589
3.897376
0.2518142
0.3357234
3.463196
7.432126
5.253752
3.828129
6.017511
4.328249
6.028431
5.257438
5.185902
0.2223906
4.881454
-0.7930351
7.778951
6.745703
6.869094
5.573481
3.836324
5.500257
1.045727
-1.420156
3.339274
-0.7803486
-0.6487165
-1.190471
7.303624
-0.6241042
0.9967925
6.62852
-1.103652
4.813358
10.73837
-0.9421301
3.767206
3.341209
-0.7966426
4.228519
5.315996
3.232348
0.9113392
0.2478122
3.74378
4.913525
0.3037811
3.185962
4.436254
3.630747
5.178079
0.8772258
0.3419386
2.197183
2.921043
0.9211029
0.3054991
-0.1839681
-0.2311899
-0.3967444
5.711835
4.233293
-0.6745942
0.6499136
4.572403
4.53043
4.872574
2.8875
3.280007
5.511776
-0.349109
-0.7668463
5.210357
0.553632
-0.3866269
0.18295
5.815449
5.097856
-0.5318406
1.395581
7.515293
6.192485
12.34533
0.7209396
5.984411
5.014072
5.125626
1.2668
6.209758
3.657633
-0.5669634
-0.1809248
1.052864
4.412472
5.063475
-0.4688434
7.680406
6.683273
5.27462
4.01101
2.266233
6.378983
6.358675
6.369771
-0.9016301
-0.8363035
5.171118
3.842524
3.918243
0.8863412
3.504
4.245146
-0.214044
4.595536
0.412497
6.446334
5.541167
5.010752
9.282986
-0.2737914
-2.093613
6.008424
-0.9411455
5.429372
7.113737
5.840212
3.616592
5.231117
4.315713
4.54408
0.7802463
3.94003
4.707155
5.699462
5.583396
4.156158
6.235404
6.233445
1.642651
5.05202
-1.400409
6.275165
-1.896897
0.2251814
-0.5726879
2.704118
-1.461624
8.114989
2.785829
4.498916
4.371335
0.8959558
0.2603033
0.5742367
4.988478
0.4115615
-0.6325573
-3.233052
5.342695
10.68432
5.056105
2.872471
-0.46074
1.39904
0.8546055
-1.030331
5.319878
-0.4086043
3.812548
0.1633225
-0.1792147
-0.7909585
4.497869
-0.3796386
5.504669
3.468995
-0.6597399
5.203512
5.354356
2.875866
6.275572
7.024471
3.935173
5.151172
-0.05553772
4.83901
3.828688
-0.31714
0.205442
6.331963
-1.209232
3.752751
0.609988
4.487949
-0.864393
0.4482852
5.017341
0.6697313
4.505079
5.710452
-1.442589
-0.7382032
5.186082
-0.1112991
4.839957
-0.8072353
7.40196
8.072029
1.108625
4.318434
3.835113
6.524702
0.8756192
5.265704
4.548846
-0.49673
-0.09532727
-2.492275
0.28044
-0.5582333
4.761467
4.788416
-1.537961
1.097249
4.463989
0.9673985
4.126017
6.1164
4.359067
0.7166263
6.121373
2.962117
4.397224
5.166699
-0.8032697
6.891832
5.567221
0.007395056
3.392794
3.808135
2.392792
6.262208
-2.635107
5.257585
3.718225
-1.707659
5.018548
1.140397
-0.1744678
0.4157918
2.562198
-2.384854
-2.439503
0.3567627
3.839332
5.729828
1.341429
5.626795
5.591992
5.445008
-0.2325933
4.707257
3.427372
4.324505
5.256367
4.088304
2.086336
4.516566
4.707229
-0.7375312
-0.4888983
5.342786
0.8216936
-0.4824508
-0.6747009
7.132658
0.9399209
3.840246
0.6527795
3.860877
4.622784
1.014868
3.705963
2.478166
-1.004176
4.155033
-0.2400237
5.316758
4.277999
4.36945
-0.4130021
-2.035943
5.640588
4.173513
5.378454
-0.5442957
0.8736575
5.688114
-0.9127378
3.574851
0.181818
4.639031
6.019837
6.975042
4.874587
5.784348
-0.4229821
5.348442
6.494066
5.121105
3.505322
0.7182371
0.2141479
0.05055894
-1.06669
5.488803
4.491777
10.15752
5.535518
0.08548113
1.546524
5.412633
5.156432
0.149774
5.459519
4.322868
1.30761
-0.837588
6.666311
-0.2482335
3.320978
1.360461
2.162548
-1.50025
0.5305581
0.7224458
4.668488
-0.9246115
4.632686
-0.2739017
3.051475
4.207122
1.878747
5.046284
4.924474
4.028861
-1.396656
4.206885
5.885371
5.401376
0.608529
-0.5195684
0.07596664
4.04054
-0.2236652
4.649628
0.9675255
4.637443
-0.2262796
1.079411
1.994888
5.067313
-0.03210072
4.544923
0.8519136
1.475866
5.713176
4.912537
5.55007
3.444539
4.701289
5.678849
4.485877
0.8692001
0.1788584
3.376262
-0.1415251
4.70383
0.1081391
5.028125
0.1958399
3.486882
5.078643
6.502121
5.747891
4.603016
-0.7476366
5.07962
4.110497
-1.728104
0.9380428
0.9844842
4.949427
1.555928
4.234491
7.202858
0.7381497
6.907445
-0.06851756
4.78367
-0.3631689
4.635163
-1.590347
4.551232
5.096976
3.829534
1.094105
4.867006
4.656451
5.699586
5.402677
4.494767
2.421478
8.443759
3.476219
3.394132
4.194946
1.848199
-1.297456
5.009177
3.709388
5.889599
1.169421
3.678986
-0.1873342
-1.855615
-0.4440793
6.113004
5.184912
-1.061845
6.678495
3.965941
1.417437
4.559943
5.714522
1.291749
-0.211572
4.299094
4.791604
7.172799
-0.3758875
0.2335856
4.425707
5.297288
6.823501
0.5970188
3.79819
5.677113
1.561284
5.387757
-0.08499491
-1.300778
0.881147
0.9609
4.960721
0.05832779
4.502569
-1.183277
1.024042
0.0878565
4.372166
0.1193428
5.320737
3.253633
4.158328
5.42478
-0.1646484
3.478702
4.729167
4.483092
5.42578
-0.4458065
0.4002969
-0.9469973
3.179572
3.728313
4.268162
0.2071534
1.353993
0.3746113
-0.154134
1.832907
-0.7368194
3.751407
2.861625
-1.641276
-1.694808
3.466201
-1.488217
4.598112
0.6741305
3.434228
-1.479215
7.585352
3.456937
4.224756
1.055001
6.990207
1.094851
4.353166
0.3423259
1.038318
-1.509818
4.782853
2.892849
1.559631
6.934852
3.487935
-0.3397755
1.036987
4.417737
4.053137
5.407353
4.082552
5.886304
4.944986
4.370522
5.75081
0.6704474
1.052375
4.727079
4.508477
3.89441
-0.610555
-1.657985
6.855207
4.732096
4.527308
0.9410404
-1.836437
3.309082
-2.806146
4.856963
0.8142667
3.724397
0.4196025
-2.0928
0.4033232
3.029699
-0.9460393
0.1703525
-0.7928146
4.646265
5.223181
0.7341232
5.431437
-0.630393
5.482733
-0.842269
0.03944338
9.934194
6.237804
4.33978
0.5921993
6.993646
6.344464
5.970402
-0.5601584
5.834356
3.578641
5.774954
6.038247
0.3316202
0.2788305
6.207226
3.804661
5.242615
5.198753
10.78332
5.37067
1.588035
-0.1541503
4.883903
9.010951
-0.3297721
6.084476
0.9429974
6.966788
-0.5762315
8.694609
4.942643
5.312911
4.409723
6.791418
-1.298537
0.1168928
5.324944
-0.9282413
0.3423636
6.940589
4.751691
3.437013
5.666335
4.995646
3.351628
4.669038
-1.082601
0.04855816
4.371117
5.310708
-0.08922017
1.094909
4.36162
3.903608
3.763768
5.084714
5.255601
0.114489
0.1199304
5.228398
4.666884
4.53142
0.6410735
6.766258
1.021585
5.287284
5.658529
5.609622
4.313151
0.967063
-0.4990067
3.345022
4.446239
7.47534
4.190371
4.15213
3.789577
3.530592
5.770815
4.510606
0.50828
0.5945888
-0.1587475
-0.5497412
6.999071
5.072549
5.741129
4.589468
-0.7130408
4.760198
3.504512
0.1253741
4.944195
0.5904541
4.702153
5.55771
-0.918798
0.14845
-0.6662796
5.497734
-0.798968
5.695263
5.097069
5.504772
5.740001
-1.185811
0.6576714
0.5171442
-0.08032118
4.350542
6.869821
5.336024
3.164566
4.15011
6.490707
2.687851
4.913757
0.2966684
4.361539
4.252735
2.672891
6.011893
6.076342
1.115184
-1.280897
1.619705
5.453031
4.543589
-0.2973036
3.560382
4.883347
-1.602348
4.407311
4.206366
0.06269587
0.5519473
1.502704
5.550944
3.924383
6.286292
4.63728
-0.1546571
1.349648
1.922005
-0.5680366
0.01906302
5.36004
1.157929
-1.288339
3.439614
-1.16482
3.815717
3.149308
-2.009023
-0.7660128
4.025077
-0.1426464
4.035566
4.690765
5.784787
4.650887
0.4240104
5.505297
0.723195
1.320973
3.645466
6.502134
5.70918
5.322452
1.830278
0.7626438
4.041925
-0.260101
4.325053
3.503921
3.034954
-1.521209
4.772613
6.282445
-0.5469263
5.772601
4.769791
3.963548
-0.9734308
5.921947
-0.7168718
4.377349
-0.6161681
5.10745
6.965452
4.841875
3.67885
-1.15246
4.785405
3.820811
5.158582
4.322401
4.537106
3.078235
-1.08578
10.29236
4.696962
4.69885
4.604739
-0.850924
1.659103
-0.05048168
4.003179
-1.300409
0.5013486
-0.850084
-0.9564314
0.05552398
-1.909843
4.912272
3.171201
0.4464637
-1.19137
-1.333369
6.287663
5.578476
7.096399
0.7491352
5.17864
9.361694
5.630597
1.534065
5.307934
4.513
1.552462
5.996513
0.7806924
0.8034529
3.140231
4.50383
-2.239596
-0.3724389
-0.537741
-0.5415677
4.298376
6.294305
6.028918
4.375284
-0.8113124
1.258938
4.562015
5.336916
5.337326
-1.24083
2.954745
5.512307
1.448739
5.396401
4.419277
5.521278
0.293289
4.770992
5.704715
3.916435
4.208932
-1.183658
5.117013
0.2970447
-0.855405
4.494707
6.204184
5.22263
7.072931
1.531495
4.763815
-1.05006
6.211109
4.263965
5.055516
6.249896
4.606247
3.945414
5.116921
3.16055
0.9693451
4.064312
6.249426
5.429787
0.9946814
4.634923
5.731095
6.419102
5.186486
0.7535189
6.138773
4.481508
1.506625
-1.340152
-0.1914044
5.277144
-0.6183873
6.279723
0.7275838
3.376407
3.347544
0.8581742
-0.3275928
-1.032483
0.7146303
0.9353134
-1.060224
1.599511
0.8174503
-2.430694
4.590061
1.023322
0.4627412
4.126233
1.094042
2.825608
-0.8740487
8.320159
-0.5059925
3.90592
4.755727
5.202257
2.43054
-1.462276
4.554643
7.085142
3.555497
-0.1197354
4.80453
2.610589
1.000693
5.734879
5.452061
0.03423797
4.138651
5.564354
3.72885
4.316477
3.867277
5.91444
4.280417
0.04425951
5.13627
4.479568
5.355074
-0.5487921
-0.4135441
3.624066
4.748844
5.61567
0.2034817
7.770544
-0.04693022
6.107063
0.8785536
6.454431
2.78618
3.164898
0.2731166
7.383234
-0.8535423
-1.562033
4.856797
5.325099
3.93869
5.148674
1.713023
5.156643
5.062045
4.28063
0.6014583
0.2511754
3.984588
7.927395
7.033583
3.323075
4.74894
5.35751
4.343524
-0.3723028
0.5085198
2.733268
5.128877
-0.2798566
0.4586733
4.127626
5.258341
6.54189
5.820086
-0.5300667
0.002373916
4.934609
-1.206333
8.388885
5.383475
-0.06022215
0.167483
4.325714
5.69818
5.130799
7.030502
5.073394
1.023169
2.764584
6.035073
0.1398755
5.027698
1.039205
6.235977
5.437186
7.291709
1.567127
5.056938
4.901856
5.242003
-0.2393683
-1.822004
0.01699872
0.0008114517
5.873872
-0.5973221
4.181485
5.395869
-0.9842489
-0.5884938
-0.4401539
0.3328649
-0.4296918
4.015906
7.521853
5.385805
-1.231355
3.761355
5.252734
0.6589452
6.320284
6.45889
1.614566
5.468799
0.3538648
4.885282
4.726004
0.3356238
5.607433
4.955692
6.71846
0.0788483
0.2532545
4.908486
5.160092
1.71249
6.924966
-0.1474188
6.359449
5.293039
5.346187
7.671493
5.278941
-1.062239
-1.699932
4.682009
4.067437
0.5309098
0.8438391
0.368637
4.791943
0.003142415
5.25484
-0.8662161
0.5777883
3.358786
7.050566
4.734183
0.4424741
2.69393
-1.380819
4.960199
1.72784
0.3045182
-0.1942185
-0.5225309
-0.3859466
0.5966838
-0.5284277
6.217879
4.587074
4.397954
5.17965
5.385555
6.311245
0.9789771
0.6814526
4.128102
5.330926
10.68058
0.4322075
5.900314
0.008227291
6.063282
-0.8387006
4.516386
3.622399
-0.3500416
4.478266
6.500035
0.3729058
-0.172612
6.041717
4.728896
2.934814
3.762652
5.692244
5.219616
-1.631097
0.6775407
0.6353234
-0.1591574
6.695291
5.377412
-1.922885
-0.9735488
-0.1714386
4.645086
-1.868151
-0.2850524
4.8221
5.966005
6.131142
0.6171802
6.145279
1.616763
1.021138
-1.061633
5.60694
-0.9998304
1.006027
6.108136
3.631767
3.270964
3.898281
5.483997
-0.9089028
5.494653
-0.5216014
3.577264
0.5405894
-0.6987377
-2.578002
5.78109
-0.4457513
8.971274
0.8031033
2.13956
3.68465
1.691121
3.125569
4.972126
3.611847
-1.761877
4.022062
5.339208
-0.9902193
-0.132222
4.692657
-0.6533866
6.031549
4.91907
5.245149
-0.5145923
4.420835
0.7189127
5.416805
5.645909
0.8965507
-1.094793
3.622368
2.025366
6.126605
5.375462
3.30172
7.150281
4.324799
5.654129
4.64005
10.19575
0.6930993
-1.860128
1.269247
0.1154183
0.9250898
7.368156
5.272895
-1.335837
0.8073715
1.255855
-1.702921
0.09867923
4.9885
6.079591
5.520867
3.179752
0.4825229
-0.1542282
0.6508587
-1.265596
3.008333
-0.8992105
6.040951
0.01062671
5.2404
0.864029
5.161378
1.238031
5.195385
3.977146
-0.9278925
-1.107974
2.028905
6.205854
0.3315431
0.1460024
0.6813485
4.87867
1.704729
4.867832
1.004591
-0.7670024
0.7683496
-0.4279456
1.248964
-0.6548483
6.451181
-1.411073
0.07020042
0.6303936
-0.3910414
1.440303
5.418874
0.1857704
-0.8686271
4.880787
5.145904
0.6996743
-1.087174
-0.2627841
3.632962
1.458439
0.09188032
1.400333
2.501188
5.107588
5.896931
6.443575
4.535022
0.1469036
6.049493
-0.1358423
-1.022163
0.1606322
6.304095
0.397016
-1.041381
3.372671
4.626985
1.500514
0.6942787
-0.5614974
4.345766
4.759323
-0.6388327
4.587721
4.156951
0.1859566
-0.3428177
4.068075
0.168185
-0.09398087
-0.8076026
6.242772
4.321063
0.521528
0.438167
5.129294
0.4405459
2.436407
0.5438862
-0.1187516
-0.9201641
-0.5915773
2.043956
5.688309
4.233468
-0.5227788
-1.650099
-0.7763753
0.7284022
9.549239
3.576368
-0.7119608
5.736314
4.396768
5.019185
0.2661621
4.382574
4.418758
5.646101
5.739619
-0.715561
6.650614
0.2464041
-1.191874
1.542902
-1.441061
1.052025
0.1161722
4.178515
3.454051
1.250329
5.294209
4.482589
5.206036
3.666131
4.971626
0.2746422
-0.6527957
-0.09876144
4.553922
5.189742
4.643674
-1.675658
0.9274455
4.018105
5.593428
0.1694282
3.852135
4.213736
10.21238
-0.2763743
4.630486
0.6848955
5.855258
-1.961251
0.5204546
-1.24501
-0.2259414
4.399288
4.654992
-0.6237917
5.489581
6.036394
3.637432
4.251489
6.389456
0.5111004
2.214638
5.193798
4.383032
5.616796
6.663077
6.970798
-0.2658177
-0.003770208
4.021584
3.58549
-1.558923
-1.110829
-1.666204
5.460739
5.704923
-1.263288
5.432467
-0.02361542
4.284606
5.6301
5.404778
2.227795
0.1734375
-0.2895868
3.690941
5.430338
0.4931243
-0.5773915
5.537067
3.837877
6.25871
5.683748
5.270479
3.733732
5.566152
1.183329
1.03384
-0.3534361
4.889456
-0.7014323
5.991859
3.636026
-0.1392764
5.572074
5.113481
4.963953
4.146164
3.170744
-0.1604745
0.7207877
4.086738
2.62541
-0.8231884
6.306685
0.9150471
0.01004509
-0.3284822
4.584586
-0.9385211
5.309481
1.17553
-0.896648
6.157612
-1.120147
0.2701336
4.592166
4.910908
-0.1876368
5.20733
5.885446
-0.7303457
0.340394
3.008222
5.564484
6.261065
0.5462817
6.844169
-0.1373236
6.362769
6.975101
3.722524
-0.1510596
3.094248
5.067934
6.95361
5.611988
6.378244
4.006469
0.4338762
-1.627827
6.564517
5.425658
4.068138
4.019702
5.55508
-0.5021058
4.997893
2.049649
-0.6567057
8.237731
5.72043
-1.808482
6.185743
4.353274
6.402079
8.111724
4.897696
-0.04528591
2.595872
5.911145
1.926251
6.541113
4.757032
-0.5008261
4.696864
-0.7121951
5.993267
5.125877
1.00973
2.690087
3.760155
1.243149
0.5643612
1.757976
-0.9871809
4.613492
-0.1214241
0.5126176
-0.4561898
6.529231
-1.284731
1.18279
-0.3751823
0.5990466
-0.7506709
4.735045
5.128768
0.05418681
4.327706
3.563595
6.159577
-0.1388839
4.999141
-0.1938762
6.59884
5.667719
-0.4042139
6.392477
4.295714
6.653389
4.288683
-0.9462232
4.111895
2.936341
5.566843
4.168329
-0.3376167
4.338505
4.175227
4.726808
2.386657
4.56335
3.500945
4.244567
3.934358
5.839017
-0.135723
-0.1302305
4.992184
0.8687484
-0.2237286
3.468403
-0.03860844
3.763663
5.441468
5.680825
4.781311
5.153275
0.8088593
5.53115
4.959696
-2.17622
5.329499
1.109721
4.800678
6.268312
4.052335
-0.03242948
-1.432881
