3.665541
-0.3736586
-0.5006755
4.980466
0.04506727
6.43338
2.417471
0.9511448
-0.2032254
2.993478
0.02965502
1.291676
2.429297
-2.990295
0.5495747
4.529904
0.5861243
5.031492
2.244146
0.1973294
4.695262
5.871655
-2.151182
5.142353
-0.3687837
-0.1757991
0.5409456
6.465706
5.612096
5.120226
6.22195
4.78046
5.620136
0.1228596
5.65602
-0.4295019
4.115984
6.896259
4.28214
4.580655
5.325917
3.07974
6.719279
-0.9251262
6.413505
4.522488
0.7442464
5.546425
-0.6533832
2.293194
4.679253
-1.374498
4.022409
-1.876821
-0.9842856
1.467776
-0.6205117
4.168005
7.445172
7.45643
-0.7186929
0.2838779
1.494801
4.369938
-2.827224
6.047114
4.74439
0.6959326
5.311876
0.94609
2.528237
-0.3583128
0.9876779
7.721584
-0.8126115
5.908115
4.38611
5.695727
-0.3858283
1.676273
4.352541
6.799439
4.468256
5.730012
4.129189
5.253102
5.310782
6.137829
5.310666
3.118545
-0.4507452
5.203965
5.546998
6.676457
5.632636
6.85261
4.335448
0.1607508
4.010018
5.419963
0.2633338
0.3056947
-1.123378
0.5165493
5.631045
4.915714
2.908525
4.597286
0.7591422
5.497314
-0.0222663
0.1275933
6.196307
5.336883
2.051611
4.645184
0.5348112
5.486225
5.898928
4.445109
0.464039
3.506591
5.035795
-0.2623793
0.1013556
5.811528
1.684768
3.36442
4.859413
3.35802
-2.727402
0.789413
3.048161
3.329844
5.153491
5.274055
-0.3716034
10.91927
4.302547
2.151206
3.643863
1.667363
4.8429
6.371742
5.155533
4.943686
4.765132
4.921646
4.299235
-1.070635
5.602075
-1.951645
-0.9939294
5.99222
5.171885
4.144744
0.2922009
5.435613
6.814232
5.468627
7.670565
5.755463
5.052581
6.29724
4.783595
0.8595895
8.69595
2.283479
5.679394
-1.487425
5.826409
5.806399
2.215269
0.9848294
4.734474
0.6579121
6.56928
0.09395208
2.742472
0.9882519
3.886451
0.5188207
3.389335
4.91489
0.780961
0.1200647
-0.6372284
0.4336277
3.734052
0.2570653
2.813482
6.805124
0.7338249
5.208084
-0.6255842
4.438041
3.411375
9.122014
5.203388
-0.7489348
7.016991
4.079053
4.170565
3.779549
-1.154048
-2.004901
6.20612
1.116726
5.560384
5.900393
-0.6972577
8.611137
0.07953609
2.848191
3.839161
6.497964
6.215471
4.876419
12.24809
-0.2651185
0.3873574
4.687906
0.4482682
0.4097658
5.130783
6.014501
-0.1849484
3.886473
5.504365
6.40969
4.794945
5.370276
0.7869808
4.512827
0.7321683
9.669986
7.957556
0.05031009
7.674038
4.537575
4.952607
-0.1636611
5.805944
3.721607
-1.478757
4.899054
7.496526
2.714984
-0.7002814
6.723885
