4.237444
6.082151
-0.364451
1.851257
2.448079
-0.6524655
4.688563
4.247042
5.368477
5.974529
5.540302
4.675283
4.434301
5.945292
5.062066
7.920795
1.046498
5.591569
6.693001
-1.62206
4.603942
4.854965
0.001456454
6.817806
0.5506727
4.685767
0.1139294
-0.7747488
0.4993746
6.186497
-0.3019274
5.255201
2.894033
-0.09573066
-0.5972111
6.131092
5.411223
4.618271
5.968647
7.552455
4.152196
5.543606
0.3854858
5.523824
0.5433484
4.995206
5.117038
4.423255
5.254375
4.488277
4.358965
-0.2430286
-0.7855253
4.726369
-2.394469
1.893471
5.129079
0.3269827
5.009361
3.812936
5.219802
-1.421385
-0.5418274
4.086771
5.842001
4.43836
5.035632
0.9496804
5.60017
-0.1218856
5.873282
7.043844
-0.4947807
0.1808147
1.029439
0.3804555
3.719463
3.741365
0.6352933
4.287221
6.967841
-0.6107327
5.647914
6.145161
5.74181
3.930995
0.6333704
-0.5580758
12.25582
6.264904
5.123775
-2.093467
5.710604
4.861776
6.256209
0.8159852
0.02624202
7.981677
4.650701
5.954842
-0.6345529
-0.7993249
2.242144
0.237873
4.58129
4.697079
4.524735
3.795988
5.986853
4.479828
5.295523
-0.653262
-0.01889684
6.614822
11.26322
3.997872
5.84419
-3.096751
-1.111785
0.7198777
4.809859
4.544255
3.735864
0.08113281
5.820026
0.8635243
5.531296
4.757404
0.07849398
0.598224
6.32395
0.6573191
4.701323
1.517444
2.413687
4.726787
5.589891
-1.162837
3.277708
1.006756
5.54366
-1.944097
9.253942
0.786321
3.892227
2.156513
4.121897
5.353224
0.4949979
-0.1012473
0.1556732
0.8253903
5.727974
3.315759
3.916688
5.476064
7.138536
0.2145331
5.506425
0.9559753
0.1330214
0.8358473
7.026285
6.092536
4.643615
5.386588
2.489152
5.687335
0.223371
5.682508
5.630023
3.963685
-1.111705
-0.3934714
-1.761192
4.819015
5.140817
6.625626
5.126679
-1.741046
5.410335
-0.3633222
4.368994
3.146702
5.097111
2.962609
6.986563
3.842942
5.499978
4.570507
4.326643
0.2916055
1.449552
7.402209
-0.5682083
6.015898
0.4277121
-1.029348
5.245454
1.848928
0.9927938
0.3348067
-0.0747832
1.584153
4.067558
4.683603
5.405125
4.836777
-0.4224838
1.045272
3.875971
-0.6771314
4.518963
-0.7923722
4.444209
3.533469
4.214403
5.652827
0.1135221
6.262781
0.06837693
-0.9042974
4.559191
5.912007
6.826215
3.82558
4.195807
0.3321249
1.505656
1.049747
3.689924
4.020973
0.9655494
-0.03880186
0.2053966
-0.6070335
2.223393
-0.662009
3.773654
0.3143716
1.190827
5.300634
3.950093
4.241791
-0.92471
3.733713
6.088461
5.68786
6.646242
5.713421
-1.80273
5.326733
-1.167391
4.963063
-0.1240207
3.519153
-0.5584913
3.781019
0.3543622
4.277648
4.337744
4.965728
4.680849
5.603989
0.9575393
-0.01987917
4.805599
4.592295
3.487267
4.014971
6.960666
0.002335404
4.389305
3.751932
2.941006
-0.6020749
3.75365
-1.043604
2.763404
4.444495
4.210743
5.206112
4.501724
-0.3329638
0.14065
3.480366
-1.317656
4.593608
4.403008
-0.6682739
5.020001
5.530371
5.871766
8.453608
6.428306
4.914443
-0.7886711
0.4600128
0.07003419
-1.319125
0.8766301
-0.5533691
4.42229
4.991798
6.665978
-0.5518211
5.67686
5.247853
-1.611146
0.4210289
4.52719
1.577779
5.438099
6.677169
-0.2800214
5.042279
-0.9489235
5.828988
-1.050784
4.104995
4.043984
-0.2965104
5.028174
2.678681
5.079338
4.728763
4.826205
-0.1905268
-0.6445525
3.111116
0.1810843
6.127553
4.276766
2.801866
5.679062
5.824564
5.351499
-0.5267912
4.364481
0.9294313
3.524221
-1.318721
7.172862
3.821799
4.69884
6.796121
5.052396
2.13336
0.3987549
6.501448
1.066066
3.810212
5.594827
4.246768
4.277249
0.7226109
-0.2295074
-0.2499157
5.702099
0.03708555
6.127876
-0.7382721
0.721255
3.578553
6.918529
4.330525
3.664987
5.199706
5.102013
4.304884
5.63536
-0.7072697
3.262342
1.252358
5.448571
1.179386
6.413055
0.7145413
-0.908941
-0.6295369
6.922065
5.833178
3.607883
5.611029
0.5127118
-0.1003718
5.578188
4.385935
5.069111
5.747291
5.652682
4.34589
6.805069
4.299231
0.0582306
0.6918907
1.582257
5.824563
6.809893
4.602795
0.02233537
5.388327
1.050352
5.864996
4.307804
-3.371264
1.04254
9.240882
4.146521
3.330694
4.342879
3.377962
0.4503839
-0.4888461
4.837042
0.8839449
5.83865
5.496317
5.238833
5.600156
4.877532
5.741845
-0.6118904
-0.030951
5.983774
6.045031
-0.9352837
1.763513
4.475278
-0.5451321
0.2006601
0.5484699
4.691269
1.325212
3.254294
0.1758266
5.059531
0.1057313
7.284098
5.464613
0.5323795
3.476362
0.3703217
3.624753
3.823011
6.289226
4.248105
5.009639
0.7382472
-0.2228624
1.713745
3.704022
4.126871
1.914937
-0.1384168
3.211194
7.02424
4.25257
5.079679
4.072405
3.205222
6.031219
0.3440967
2.823791
-1.47014
4.468708
-0.3815584
-1.027424
4.194031
5.221022
4.968042
5.597652
5.256884
6.90017
6.19019
6.251379
0.7929222
0.4808901
-0.8286044
5.851509
-1.503239
5.9003
4.986532
-2.906247
3.747688
4.75996
4.53586
5.415875
3.889254
-0.7012695
2.283255
2.392986
4.575546
3.710694
5.986845
-1.666056
-0.5386274
-0.2480435
-0.8970988
3.825983
