4.02131
4.12331
-0.4302206
-0.1111366
3.403555
5.890752
0.3481786
-0.4457202
5.299644
1.756073
1.123406
4.295062
5.304054
3.703412
6.327934
-0.6097514
-0.127004
1.665662
3.174377
6.610793
-0.4622841
6.001823
5.514902
-0.1971082
0.02576016
-0.665493
0.02076311
0.009783388
4.943564
3.830205
5.265605
0.792591
5.427438
4.893505
4.847652
4.450171
0.05431552
-1.235989
-0.1870998
0.8320096
5.484688
6.270581
-0.1357789
-0.1873366
7.111236
0.1550398
-0.2031193
1.835721
-0.5113602
0.5426804
5.777162
0.6544709
0.7698038
6.059531
5.142281
0.9546145
-2.597052
6.055665
1.157272
5.764016
0.04158603
6.528957
4.863184
6.293805
-0.5766318
1.274848
-0.7087683
5.878705
6.549485
0.1004304
4.588691
1.225408
-0.1601767
1.443116
-0.2320365
5.415584
0.1408437
4.825174
0.6669707
3.791513
0.5725903
8.897485
-0.05162112
0.3833038
5.538691
1.487094
2.837503
2.342346
1.87856
4.836227
-2.272162
9.958797
-0.04915221
0.7123817
0.4304372
-2.77036
2.39165
4.658627
4.283899
-0.9870426
4.075342
5.934571
-1.93788
-1.988659
6.833521
4.871336
5.812868
4.307097
5.874102
-0.8342962
3.406524
0.1452436
4.001799
4.942391
4.692183
2.551582
2.802917
-0.8107167
4.980904
1.986459
4.535861
1.367893
-0.8156488
0.03674171
0.4821792
4.660077
4.543688
3.384185
5.347388
5.001887
6.358747
5.389304
2.879996
-0.1490825
6.030873
3.716398
1.771768
1.28687
5.135788
5.278205
5.685378
-0.3531011
-0.5080419
4.029171
0.737968
-0.8897637
3.947057
0.7500759
6.293073
3.684684
7.532875
-0.350696
-0.297721
6.354209
5.966729
-0.1078942
5.628622
1.248614
4.365299
4.656369
4.455845
4.839708
4.42913
6.29893
1.198073
4.418106
4.669718
2.51595
-1.680685
-1.576981
4.726503
0.06137918
-0.4202673
-0.2346071
0.7055175
3.724136
6.548623
0.8910224
5.406502
-1.027569
2.396575
0.790289
3.792107
2.900754
4.287482
4.763848
4.151916
3.822227
5.657525
4.381541
4.839478
5.010251
1.571458
5.553857
5.856649
-2.018526
3.280507
-1.157093
4.709639
-1.877055
5.209277
0.3187362
6.650328
4.658323
2.337733
0.7981092
0.7629635
1.40954
8.564425
4.609545
4.371744
4.055647
5.437875
5.052435
-1.186215
-2.22606
4.494371
4.827038
-0.7521829
5.709872
5.085795
4.113598
0.9107089
6.459842
-2.077081
5.279985
1.034176
6.743663
1.504762
4.930726
0.3435377
2.03529
6.043393
4.335321
-0.585574
0.4357675
5.090714
-0.8415232
5.436448
4.458376
7.293907
1.841913
2.59705
4.350304
4.647874
0.218288
5.493727
0.1863488
4.442538
3.987719
