5.21553
4.821611
4.788781
0.389466
-0.1712608
5.910562
3.875231
0.1315044
-0.4321391
5.855286
1.2407
4.222237
5.570194
4.383406
5.692148
4.93041
4.849699
1.153565
4.571183
4.656362
4.948947
6.391286
0.5569507
6.739514
6.351807
4.037088
0.1188172
0.04614817
5.807367
0.8202652
4.331459
0.8685066
2.350334
0.770377
-1.26529
5.825003
5.493757
5.073393
4.368972
-0.6440273
-0.6086597
4.887426
5.24532
5.529129
-0.3198927
4.624083
3.42318
0.5361295
4.347039
0.2482703
0.2628879
0.5218053
4.633015
-0.09933934
4.338239
0.8555237
2.670022
0.3208647
6.034342
1.361271
3.947903
8.049559
6.349803
-1.08236
0.07564768
0.8628044
-2.024224
1.018604
-1.350157
-0.3566022
0.9456335
5.121279
-0.04578458
0.3894497
-0.2237159
4.445532
0.0737753
2.951856
5.237277
3.941605
4.473688
0.4378996
6.266995
7.1665
6.239614
0.4374746
1.366896
3.565935
4.898195
4.458986
5.556446
4.27876
0.780178
3.487796
8.823338
4.384573
0.5514377
5.49713
3.984891
5.337213
4.514263
0.4365761
3.0431
5.539492
5.788406
-0.04657924
-1.645886
-1.214957
3.676376
0.6922145
-0.1919061
3.504745
5.995648
-0.4376812
-0.3601064
-0.7705883
4.674288
5.798595
1.422435
0.9114968
-1.974264
6.84601
4.091255
1.474031
4.842214
0.05371349
5.685633
4.717387
10.1769
0.7809425
2.113654
2.297888
5.846715
5.052922
-0.2532545
0.6480768
0.7934657
0.6847203
4.898865
4.132162
1.144094
-0.4549335
-0.8110482
0.02799903
4.699585
-1.197715
4.591247
-1.176934
5.332711
3.795317
5.307369
9.854107
4.098487
-0.6651783
4.708265
-1.429322
4.280993
6.246252
7.221084
8.022542
-0.4594687
0.6022565
5.399569
4.974063
5.510772
3.468832
-0.1009557
3.158709
5.714188
5.701226
4.414065
6.194465
-0.7246367
5.983732
-0.4218428
6.699405
5.058523
3.938031
-0.3870546
3.723211
-0.03248722
5.97487
5.185027
6.063266
1.692711
-0.5503157
4.192475
1.019151
4.273487
3.103963
4.974687
5.721064
-1.064269
3.848146
6.356173
-1.823833
3.578943
4.232991
4.792299
-0.6995573
5.13999
3.325362
3.265056
0.09726754
-0.2572068
-0.258283
0.1936672
4.602103
4.998744
-0.7454309
-0.8165228
4.64436
0.5405104
-0.9649578
1.816619
6.040233
4.049614
0.2202824
0.5866438
4.643813
-0.04622445
3.889679
7.71665
4.890352
0.05540064
-0.1636378
0.07331787
5.697611
-0.1440854
3.941451
-1.444849
-0.6118031
7.312823
6.082547
3.625605
4.274194
0.6847656
3.62512
4.650459
5.782062
4.983359
1.09375
0.1335887
1.237316
-0.2929379
-0.1362144
1.025719
-1.46509
2.764147
6.065179
