4.644605
3.920226
6.005086
3.078344
5.936856
5.075757
-0.2654372
4.812722
2.493253
-0.6786795
-0.2072222
3.120077
0.8528577
-0.3578795
4.448902
-1.385835
4.491233
5.910202
5.031537
4.104427
-0.9861948
0.8625034
5.013424
4.252626
4.792975
5.242156
5.374138
-1.114465
1.673849
-0.951933
4.723873
10.1238
5.118797
4.643802
13.59305
0.1301348
5.261975
0.1795703
-0.02026702
-1.623887
-0.3090323
5.061843
3.38304
-0.327122
0.3522962
-0.1781306
3.781946
0.5381105
6.697922
0.797939
4.572508
7.746864
9.153893
0.8161239
4.392346
6.309434
0.8813045
-0.7203164
0.06888342
-0.4649465
0.0558946
5.9587
4.010752
5.107804
-0.02501545
-0.1791952
4.270647
5.209214
1.279398
-0.7128081
0.2749937
3.661483
5.049534
5.704643
6.55208
2.102619
8.045081
1.750537
6.381391
0.1307053
0.1226837
7.860201
-2.150657
0.2912088
3.628774
0.748753
5.361822
5.708288
5.064061
4.605342
5.798347
4.704354
-0.4962285
0.01749768
-0.04865559
1.831951
4.906699
1.196236
1.07856
-0.2211323
0.0479987
0.3760532
0.653582
1.857633
4.761446
5.424448
-1.387134
4.641518
5.883747
-1.450406
4.977886
-0.8354686
-0.1647328
4.725975
3.562969
2.304433
5.713412
1.330108
-0.2457928
5.702626
-0.3309954
6.148128
0.3173053
1.524051
5.05243
5.835771
-0.314085
2.077219
4.296413
6.36283
4.495156
-0.2986412
6.714401
4.460007
7.225789
4.318817
10.98551
5.704198
5.735811
-0.3661154
3.789702
4.521802
5.501962
6.660006
4.09046
0.7626577
-0.5536316
5.34508
-0.4409008
4.791183
-0.6496201
5.037456
7.847318
-0.2889113
5.267918
-0.6567961
6.313034
0.2359083
5.843595
4.604861
3.705263
-0.7367293
4.339274
4.022001
0.6259175
4.165457
0.3971648
3.497807
1.979944
0.09528271
0.7066289
2.365543
5.094651
5.790946
0.2874752
-2.5281
-0.9469876
0.8752656
5.58238
3.998624
4.74503
5.376903
2.784824
4.12414
0.0470436
4.419216
5.525088
5.951415
-0.642387
4.13396
5.659817
-0.3133144
3.502804
0.6883419
3.477155
6.050484
5.357755
4.124047
-1.333659
6.086734
6.216483
-0.6032825
6.487661
-0.5367581
5.287816
4.854256
5.659398
4.960276
4.113368
1.413613
4.061879
-1.444503
7.016118
3.862306
4.768392
0.3433992
5.637394
4.532779
0.7336648
1.290456
5.175081
4.336701
1.685758
6.673954
3.153043
0.3275752
0.2032105
4.352748
1.565796
1.270044
5.641415
5.4416
0.8605249
-0.4434103
-0.9535625
3.937068
-0.4721627
5.118891
4.599754
4.947776
1.371972
0.5666706
0.4967853
1.45131
-0.6682426
3.920905
0.662057
5.40247
4.522998
5.431322
