5.041661
0.4013502
5.763222
5.625904
5.506219
6.881578
-0.1160219
7.218801
5.241617
5.080632
3.92761
3.224216
4.256573
6.818554
0.6954409
5.606359
-0.7574241
-1.204183
0.6637295
4.471914
0.306337
-1.490652
5.170179
0.1398496
0.5029837
3.76857
5.31631
5.096859
4.560076
4.851347
6.75959
6.359451
6.155725
3.949459
1.277971
4.097487
5.154149
1.906366
1.093131
7.094736
-0.7983041
4.136976
0.2200905
0.3213319
4.200199
5.580757
-0.3251644
4.522431
0.4414026
-0.745492
7.936398
0.6098526
5.935797
6.40435
4.008604
5.708837
-0.2681569
4.965963
-0.9017502
4.260949
4.476503
-2.112165
0.9299401
4.233695
7.699462
3.808214
4.148912
-0.6243134
0.7883129
0.18418
5.270598
6.170764
0.2240922
5.660137
3.538646
4.027078
0.2352588
6.187296
3.891152
4.623179
5.979055
-2.128977
5.492711
5.506468
-1.220342
5.347528
6.104276
-0.4863722
-2.312789
-1.438574
0.5830819
6.210846
5.169344
6.581595
-0.5473993
6.537478
5.73579
0.3322589
-1.237029
0.6196124
5.297991
7.801648
-0.6520072
5.07313
4.13204
5.695596
4.053612
4.970652
5.201573
5.45915
3.388957
-0.6452708
3.632032
0.141661
3.902744
-0.6322753
4.250826
-0.09379221
4.818635
6.682238
6.217512
-1.34769
4.562656
4.111909
5.571519
5.173106
5.589285
3.264656
5.42741
0.6426098
4.744164
6.920544
0.1386026
1.472617
5.322833
5.488193
6.564096
6.112803
1.481565
4.41512
5.264852
-0.8713291
-1.34958
-0.4563671
5.332323
5.569961
4.715973
3.117755
4.872921
1.500682
5.202933
-0.1694765
3.5729
-0.6528151
0.9922105
6.962201
0.9226288
4.92691
4.840183
4.940604
-0.7752496
5.614189
0.5254358
-0.1574083
0.6763334
5.092808
-0.2270043
4.445631
5.92977
1.802575
3.2577
0.197612
3.19893
-0.2303217
-2.516592
4.741797
4.296246
0.7253627
-0.3767399
3.744625
5.23772
4.497032
0.2496037
1.892474
5.171923
4.446917
3.865914
4.721267
0.172069
5.56023
0.4898704
5.530568
0.6014945
-0.2340072
6.596969
2.561792
4.554224
0.451265
4.144912
1.969707
0.4297788
3.674439
-0.1495764
-0.4351433
4.219789
4.931676
3.666311
4.383258
1.208253
4.64298
-0.1262687
-1.041334
-0.6311289
1.659481
-0.8008073
-1.234216
5.416926
5.341764
1.024462
-0.4703492
-0.1118489
4.442721
-2.029654
0.6606645
2.793983
-1.509399
0.951468
4.986189
4.474126
5.72939
5.257419
5.335199
4.690037
5.363249
5.838729
5.030744
5.549455
1.056001
3.883712
-0.4940822
0.3215623
-0.3821488
-0.4510861
6.187903
0.7927892
4.152858
-1.389143
4.104171
0.3153167
-0.5161032
-0.7155016
-0.1794393
4.871857
-0.6601025
-1.948741
4.394204
4.958736
3.750276
-0.6985596
-0.4319585
7.02324
3.973851
5.656847
4.286383
-0.08605845
4.452601
0.5719802
2.887282
5.675964
5.046275
5.462652
6.099385
6.051536
5.606927
0.4005687
1.175869
6.98417
1.091948
-1.003254
3.962567
4.142872
1.496787
0.8100149
-0.04395464
3.443103
4.608675
2.285396
5.883407
0.6075128
4.482033
4.752953
7.997803
6.352108
0.4861421
4.684622
5.950616
3.948761
4.401377
-0.06648323
4.834919
4.850551
5.285886
-0.1775797
0.3204337
4.38719
-0.9738234
5.394533
4.406058
7.387205
0.3045858
3.624534
-0.2707919
4.256243
5.118395
-0.3935319
4.984179
0.6280102
4.977052
-0.7149021
3.512678
0.659204
4.42751
5.131978
5.16696
3.730042
-0.8041303
5.760313
-1.869875
4.198425
3.256615
5.821501
0.02294891
4.7571
4.280099
2.170607
1.116241
-0.6265686
-0.2846093
3.624206
4.794646
3.979917
7.337307
-0.9257958
7.199965
5.635057
3.010177
-1.225088
-2.238298
3.93107
5.055382
5.645433
8.603066
1.048866
5.783687
3.590911
0.7910971
0.7263187
4.781684
0.8535888
0.1462071
5.671261
0.9793778
6.125624
5.382477
4.359513
-0.3151355
0.6753338
5.38004
-1.539611
4.404889
5.504074
0.6861972
4.223776
4.739223
-0.2529445
5.73895
3.816184
0.575946
-0.4295657
-0.207333
1.042286
4.821604
0.441568
8.048969
4.760431
-0.9213864
4.025273
5.647616
5.202552
0.9713284
-0.1115526
6.101086
4.376655
9.064639
-0.3485924
5.614842
3.759467
7.000295
1.12514
1.165472
5.598703
5.137373
2.944816
0.277165
4.379026
-0.911126
5.034996
3.907303
5.060447
4.366656
2.728306
1.123984
5.466124
-1.007292
6.024419
4.264744
4.473828
5.455409
4.699338
-0.5950535
0.6308474
-0.0363784
4.959401
1.569942
4.501338
-0.2655335
0.1899642
9.061639
-0.2687483
6.104798
0.8106391
5.407443
3.695497
4.932426
1.070294
4.962031
4.379127
5.287495
0.4417116
4.514044
4.332494
4.99082
4.837754
-0.655077
6.306473
7.304428
4.965818
-1.950295
1.426879
3.501452
5.94655
10.25584
-0.03480568
2.46258
5.311439
0.951027
6.885777
4.526873
-0.07046275
3.506434
5.35745
1.152543
6.11184
5.026525
4.638501
4.062693
4.720635
-0.9762847
-1.043049
4.200068
-1.480446
0.3342391
6.119742
0.2993167
0.07643575
-0.6508564
1.356395
0.2678215
3.885283
4.551788
8.022048
-0.6884016
3.166829
4.03838
-0.03507902
6.056788
4.998459
6.659968
5.339317
6.537512
5.30966
0.5961833
1.615
5.697808
-1.156741
-0.9351496
6.031615
5.658729
0.5714801
-0.4982895
8.209778
0.2325818
4.295931
4.667304
5.4614
5.20012
4.685543
5.567979
9.053295
5.671878
7.39646
0.226119
5.75585
5.283049
5.937668
3.382632
2.163728
-1.117914
1.082445
3.611928
2.288249
5.800791
0.0410767
3.777505
5.077944
-0.8749932
0.3523068
5.129255
-0.150725
0.3742026
4.578831
1.610188
4.073349
5.747719
-2.482631
5.657104
-0.4478613
6.557151
2.268958
5.79109
3.867933
0.554819
7.126376
4.382245
5.453124
0.2799535
1.669993
-0.803805
4.773805
4.210864
-0.6750604
4.721505
4.307323
1.699138
6.651308
1.570625
0.2790391
0.920447
5.06387
0.7810019
5.007016
1.549247
4.989088
4.075832
-0.5245661
4.148802
0.4168893
1.63446
6.175618
1.58619
5.1062
-1.318365
-0.5916317
6.139883
-1.110492
5.739277
-1.039511
0.9393039
-0.5219878
1.313263
4.093508
4.41876
3.61023
0.8745539
4.754357
5.45742
4.653748
-0.6799069
2.968865
-2.071357
3.887125
3.377182
0.6147621
-0.8529721
0.05017648
2.959841
4.805648
0.8027461
5.84573
-0.4788167
4.608036
5.998275
-0.4133112
-0.5461054
0.854789
12.55708
0.1080165
0.07488435
4.457882
1.419275
5.291834
4.185
4.52033
6.176136
-0.5402248
6.057999
3.160596
5.382994
0.01591215
-0.2427175
-1.391518
0.1972639
-1.172888
5.642828
1.174
-0.9156028
3.893239
5.822786
2.576289
1.070909
0.3332285
6.364573
-0.1835103
3.645729
0.09527954
5.42746
5.176665
-0.6497758
6.485494
4.833528
4.802344
0.973785
-0.8505675
3.234964
5.074284
5.009815
0.378629
5.527489
-0.2040844
-0.03719908
-0.7045824
-1.349712
-0.8163937
0.4739794
4.770981
-0.7761029
1.041546
0.3120509
5.188086
4.823306
-1.199269
3.487256
4.641893
4.845474
-0.1531031
5.78682
6.264545
4.049287
1.802628
1.664443
5.59562
5.823413
1.625317
5.146554
-1.507322
0.9021391
6.428877
5.096543
-0.02223321
7.009213
5.054116
5.492741
4.19757
1.388221
5.809065
7.770374
5.180918
0.8295178
6.891209
5.628223
1.743591
0.3779444
0.9031219
-0.9914073
0.1169108
1.272989
1.562754
4.150733
5.566232
5.77354
-2.13672
-1.76677
1.410488
6.300062
4.047059
5.417224
0.5254992
5.59295
-0.5464056
-2.139244
5.755344
6.153689
-1.440484
-0.8193702
5.419866
7.002129
-0.679923
-0.3035708
1.047347
6.148009
5.53748
5.983461
-0.08550261
4.895645
0.4905976
5.773249
6.036898
0.1475534
4.213278
0.7233385
-0.2041993
-0.8120309
4.217119
5.678717
4.682043
-0.0461196
6.301114
0.01123255
4.218944
2.093472
4.003729
2.188501
5.700762
8.056224
-1.50721
5.170974
7.996313
3.828615
3.645846
4.193823
0.5277156
6.30923
4.820443
6.063037
5.743811
1.806839
4.264771
5.729625
-0.413437
4.491614
-0.07139937
2.321306
3.58415
3.195749
-1.321933
6.210822
-0.5709323
-0.412939
5.099918
2.469086
0.8422107
4.315245
4.868889
5.527299
5.121585
5.192444
5.660218
4.779168
3.94535
1.449047
4.676749
4.065469
-2.519446
3.03174
1.613147
-2.272488
0.166923
-1.955341
-1.073443
6.099179
-0.4994593
5.14044
0.2116874
5.994212
4.506566
-0.4620284
-1.403731
7.171515
3.757041
1.163476
4.757111
3.62486
4.363729
6.923883
1.373054
-0.3568183
-1.021765
3.686089
-0.9673915
5.769906
4.115622
5.930134
0.2716354
6.625313
3.901385
3.359034
5.584266
0.1550062
5.250433
3.734415
4.128797
0.7638068
4.598257
5.063388
5.715503
5.694422
4.671552
6.733343
3.948389
2.424599
5.390889
5.564404
1.341604
5.109672
-0.3359409
5.869144
-0.05626807
5.566429
0.902093
-1.649186
-0.07520598
3.540458
0.6631502
3.373163
-0.1099235
7.840754
7.10417
-0.7556645
5.177067
6.499182
-0.4683346
-1.981127
1.764267
5.43205
5.096379
-0.1521674
4.107455
4.85244
1.951674
4.861013
0.06109568
3.682258
6.065127
0.8923312
6.790586
4.553042
0.5129583
1.728681
5.876871
-0.2658918
0.949998
5.241709
5.63929
4.304883
-0.3416343
3.770583
1.548172
1.786386
5.536138
7.386925
5.445043
6.10227
4.288852
-0.06300442
5.101584
4.687676
4.069417
2.090461
0.6485502
3.997041
6.459739
0.3994746
3.807945
6.567698
-0.6837205
2.407409
-0.5475217
-0.1071492
3.926875
-1.683506
0.5383501
3.705881
4.195278
6.004051
6.543399
4.477224
6.654118
-2.567394
5.547785
5.413757
6.1666
3.6508
5.503231
-0.1079434
4.938495
-0.51356
-0.431486
-0.5848305
5.814277
5.953678
6.251956
-0.5323313
0.2042551
5.170301
3.552391
3.374635
0.3359879
0.5520675
6.505035
3.056606
-0.5363911
3.754258
-2.152916
0.3075115
-0.5571927
4.943644
5.629093
5.924843
-0.9909989
-0.6317663
4.969351
2.97674
5.78211
0.8281634
6.063515
5.064758
5.866718
0.8687164
0.7206459
0.03791576
0.989719
5.944526
0.7150045
-2.20224
4.716701
0.4108201
4.289153
0.6160488
9.242424
0.07769521
3.832335
6.716289
0.3772312
7.828691
1.47223
1.36919
6.072205
-0.5321599
-0.3362237
-0.1023078
0.6443366
0.1046729
4.83007
-0.4345273
3.166892
4.111555
1.358815
3.825576
1.493675
4.179332
3.520817
5.601422
4.573627
0.2048968
2.852873
1.368137
-1.184911
2.527458
0.7443932
6.637073
-0.9643319
0.3024166
0.2061609
0.4834915
6.956388
4.635448
4.480652
2.691744
1.733892
5.87859
-1.808612
6.881535
-0.3922497
5.068153
-0.3961639
4.882832
5.892184
2.706798
5.796451
-1.074492
1.249271
3.677284
4.994476
6.392593
8.677399
4.776454
4.506624
0.4431969
3.881825
0.702184
5.605917
4.480853
4.291113
-1.464069
0.2174694
-0.2593181
-0.1981562
1.698221
1.90613
3.741114
5.730449
5.278516
1.625163
-0.7887419
7.592509
5.273381
-1.775325
6.500842
-0.1582059
4.967184
7.801619
4.869418
7.618158
-0.5939189
6.446566
5.067835
4.129142
1.518105
4.539816
6.206718
0.0296278
-1.165518
-0.5894635
3.999417
3.430138
7.768408
0.3242986
-0.7613443
5.105475
-0.9771084
5.306706
0.3655574
5.769596
4.028635
-0.1315227
4.887127
0.09553055
5.625494
1.224419
5.511262
-1.815922
3.949525
4.449161
3.837426
1.387828
5.227423
-0.06015291
-0.7886228
-1.070286
-0.2733552
4.454219
-1.329417
1.216793
4.508187
0.9572106
5.041043
4.288424
4.360715
4.453711
1.062549
-0.3322284
-0.4296995
0.9192993
1.073275
0.06653969
0.3638555
-0.6324874
-2.376527
0.1135746
6.409218
4.652467
6.640473
5.150221
6.526149
3.778447
-0.8866072
6.210457
4.593123
-2.630318
1.424711
6.546317
4.756264
6.118754
4.697005
1.044692
5.1362
3.953028
0.6823547
-0.2743564
4.666183
5.386125
5.327004
-0.9187698
-0.4745718
5.502282
0.5787845
0.6460148
0.7335637
4.69679
5.546548
6.417408
-1.228794
5.439114
0.9258749
0.6706422
0.7525288
1.005307
4.857906
0.5135578
3.417801
4.474857
-0.03013171
5.498157
4.379149
-0.4366911
5.621146
5.585103
4.790432
3.508096
5.568046
5.55485
-0.6790307
6.501232
-0.2023268
-0.0464136
4.674915
5.200821
5.665544
5.277244
5.455153
0.05017754
0.3152241
4.302437
1.508032
1.133682
6.021621
3.393178
1.424032
3.727812
4.926584
4.760843
5.058746
5.731097
-0.8418867
5.078176
2.854142
5.330549
5.48585
-1.08714
1.516209
-0.1704814
5.309907
-0.6853964
6.591821
5.445403
5.407734
4.825449
0.2072712
4.579759
3.114436
0.5296699
4.799578
5.759699
0.6908802
0.2857393
-1.619618
4.54824
5.048545
4.69702
1.467453
1.526016
4.51102
10.26844
4.871198
3.562717
-1.179101
0.6924644
0.6338475
4.908226
-0.1217729
0.45417
-0.03413235
8.857721
5.15677
3.126227
4.252443
0.03249196
5.268142
2.11316
0.102437
0.05024123
-0.5024142
4.114215
-0.03160674
0.07761528
0.0172018
4.088553
4.871477
6.182282
0.3200851
6.077822
-1.235125
-1.292572
5.53619
3.779138
3.753475
6.68529
8.81684
4.784775
2.867158
-0.2500687
0.1060398
5.615869
0.002872021
0.8319147
4.508723
5.157974
-0.8267593
1.521524
2.413677
5.475645
-2.077309
4.778509
6.38972
-1.22965
5.409129
5.6455
4.910899
4.485984
-1.147924
3.705134
-1.200003
-1.058612
-0.7253571
-0.7007756
4.725742
4.190887
-1.019608
-0.1606314
1.67649
0.4465228
5.493433
6.47986
0.382754
4.436666
-1.670732
1.616285
5.068703
4.083046
2.902757
-0.4149195
6.63428
5.317453
3.968364
-0.5244782
5.664174
4.621482
0.009285395
10.85722
0.5242679
1.154276
5.880594
5.600321
-0.4088766
-1.393034
6.900933
4.123527
4.605666
5.994446
-0.08223164
0.7062193
4.988384
7.291192
4.024025
-1.584218
4.528475
-1.06878
3.754959
-0.1115487
0.1255318
-0.1837637
5.258552
4.650799
0.3192598
-0.3566294
4.569049
0.08454519
-0.4912129
0.03471744
6.401754
6.240713
-0.02546947
4.908764
3.765998
-1.507926
2.370317
6.068069
3.839421
0.2186135
6.157327
6.868452
6.67287
4.556255
0.853826
5.006492
4.654842
-0.1805004
-0.3696118
3.161018
-0.148565
-0.7202533
-0.002060993
1.062611
6.58696
4.586006
5.988427
0.005797536
5.357864
6.571276
4.614741
4.23751
4.599701
1.620547
4.872255
6.688699
5.929385
-0.05023309
-1.834843
0.6756541
4.319248
6.252686
4.030138
-0.9454787
5.448312
4.5396
4.437295
4.350528
-1.341351
5.407746
2.472325
3.684802
-0.3744684
6.215876
-0.05546607
3.450322
-0.2060497
0.5954383
-0.392338
-0.4883958
5.294473
-1.126472
5.085029
-0.3192589
2.676939
3.820783
5.769481
5.703621
5.487567
-0.381938
4.091742
-0.1368575
-0.5124036
5.263891
5.053005
-2.093226
-1.33654
-0.2788498
0.02567543
0.1106756
3.726568
3.910916
4.74651
1.909733
2.538782
6.087684
-0.6313093
-1.529457
0.9924864
5.204793
-1.249095
0.07608256
-2.043402
6.91875
-0.7037127
6.237647
2.124027
-0.3455859
5.199308
5.397983
10.42002
1.992488
2.409885
4.277601
0.2861265
0.6307898
3.832355
5.008393
3.955375
5.440665
2.869602
7.517487
0.267188
-0.5775609
5.429589
-0.3929336
4.925008
0.4977899
0.1383699
-0.8670469
5.039994
6.200234
5.966344
5.56791
4.296121
4.268228
0.5918121
4.418054
4.135967
0.3096229
5.994411
4.507242
0.5894477
2.515019
5.800437
4.688529
-0.6158656
4.467612
4.187885
8.224721
0.1750025
0.5052296
9.070744
3.273718
4.620668
-1.302867
3.502745
-0.2041964
0.4850146
4.924076
4.982719
4.07991
-2.496554
8.174053
3.504028
5.410427
-0.05350366
2.457409
-0.4167533
0.0740621
-1.065892
5.930028
5.1036
3.731867
3.732357
2.352399
5.256317
5.155367
5.831069
5.638772
5.15752
5.745394
5.079281
0.5712018
3.711236
6.244935
3.564821
3.679485
6.737128
4.7872
-0.7788577
6.106161
5.228931
0.1159903
3.941456
-0.2161063
-0.5277468
5.524445
6.380289
5.463448
-1.032528
9.425135
5.594345
6.316516
0.2562902
6.988197
-1.388923
5.495421
5.36987
4.81576
5.481404
0.06423637
6.932307
5.128877
4.285521
0.2635651
5.247126
4.349909
1.571374
8.139073
3.996017
5.827403
6.079291
0.7202786
0.6656438
6.553077
-1.35679
9.96303
-0.093544
3.367691
-0.670987
5.480787
4.929096
-0.5864216
-0.1585228
4.143636
4.089743
-0.8248646
5.207884
8.495053
1.383761
5.11382
0.3107731
6.074159
4.099955
5.525011
5.655591
4.038405
4.627891
7.244421
1.01475
-0.770167
5.033193
-1.589509
6.688401
3.567197
-0.3527184
6.171033
5.033407
5.258512
5.180195
3.309919
4.612083
0.6157009
5.190855
-1.325955
5.272509
-0.6006024
7.649973
-2.826387
-1.359064
6.076673
4.958063
0.4433013
1.755117
-0.199508
3.54145
4.838297
1.752182
5.807364
6.15769
-0.8337327
-0.2751704
5.011205
5.897146
-0.6420072
7.02984
2.783169
5.587312
2.419505
3.488027
-0.2128504
5.738434
3.469802
-0.207599
4.595003
4.619815
3.982018
8.651593
-0.2265995
5.937519
3.833619
-1.032363
1.782161
0.5074916
1.632524
0.5189352
-0.7873791
-0.3018908
4.474517
-0.4798867
1.124057
0.270977
3.87324
5.925412
-1.381794
11.7235
0.069353
-2.081722
0.1806696
5.249478
-0.04146704
3.45225
-1.800453
5.192246
-0.9409607
0.2780646
1.89846
-1.760623
5.586716
-1.658568
-0.8042816
5.086849
-1.377539
4.285517
0.4618375
0.6379211
0.734058
4.936092
4.990946
5.410921
0.7190683
0.02536876
4.631846
-0.2759197
1.129168
-0.8334849
-0.3841653
5.612425
1.017929
-1.277912
1.874057
-0.6364386
3.607422
7.209229
3.991867
1.550531
-0.8609351
-0.2300109
6.446549
0.5994114
-0.04139506
4.736703
-0.5832926
0.9395929
-0.170748
5.4657
-1.45807
-0.4774807
4.988691
5.49787
1.503135
4.649882
0.1649713
1.757741
4.711668
4.08569
2.656246
-0.7250891
-2.019428
3.846931
-1.900789
4.871464
4.736327
0.07307167
0.03213166
5.17053
5.959019
5.829743
6.266563
-0.3987779
6.645577
7.023828
-0.5544457
4.684938
-1.193129
3.118347
-0.3022985
6.364356
1.413062
0.3624168
4.92164
1.192987
5.276581
4.129689
6.148675
3.749773
4.968582
6.058104
-1.819742
0.4768375
1.543542
4.953306
-0.8417162
-0.09842666
3.538273
6.492895
4.307441
0.5843962
0.747588
-0.320953
0.3847104
3.829743
-0.2665205
-0.1520738
5.195625
0.5561779
4.763914
4.730169
-2.596093
6.820137
5.547213
3.984834
-0.8716659
-0.924745
6.726289
4.367066
5.830134
0.07833695
0.9492107
0.4648855
5.256038
0.9055891
0.8024374
4.950041
4.721918
5.571301
4.851438
-0.09716623
2.354449
5.93597
6.195561
5.056848
5.261698
-0.1233606
-0.541235
-0.8228804
3.959915
11.69375
2.295091
6.385188
4.499539
2.539104
-1.314974
-0.2790416
-1.524848
5.988641
-1.517919
5.948069
4.714681
4.746341
2.007514
5.065822
4.191441
6.397832
-1.747805
3.808462
-0.3107479
1.106282
-0.7225811
3.607589
1.605238
4.121138
-1.585571
0.02013568
7.028293
5.699396
1.400657
6.096362
0.8137825
0.4229254
1.146627
5.51072
-0.3145433
-0.4863545
4.132125
4.417957
1.445969
6.019563
-0.5644648
6.338539
6.565461
3.241219
-1.125986
1.912872
5.679462
4.197203
6.364863
4.285676
4.996487
-0.4946322
5.986803
-0.003663013
4.990146
5.563486
0.6897797
0.7440603
4.662992
1.200205
3.275776
5.568239
4.487257
-1.041765
2.820955
3.302216
0.7517323
3.735091
1.075403
0.9615445
2.166891
6.004885
4.870586
-0.7859605
4.479405
2.158368
10.5155
4.216778
4.639731
-0.2598502
-1.977607
0.7146483
4.781064
1.695762
0.5164774
3.776273
2.16486
0.1601435
0.9419454
-0.05962923
4.458931
-0.1215813
6.487923
4.378559
6.382746
1.294396
6.102501
-1.865407
3.952781
3.818517
-0.4924463
0.1212413
0.8732324
-0.395295
6.865297
5.915458
-1.527256
-0.1460828
-2.531752
-1.162767
-0.3624522
0.4829009
3.602344
-1.765314
5.081252
8.141295
0.503484
7.707227
3.623073
4.484964
-0.04353797
2.998817
-0.6300121
3.928005
5.666769
-0.9204125
0.2919129
5.142042
6.342439
4.02324
4.429321
5.650636
-0.5850158
0.4554851
4.384647
4.080778
5.216372
7.117397
-0.9488068
6.142804
0.4987803
4.720752
4.741495
-0.3954601
5.46068
1.112406
11.08146
5.330488
5.151698
4.450969
0.7872352
5.086364
-0.6426078
-0.1808613
0.7349547
-0.3177035
1.744849
5.985178
-0.6936301
0.7813989
3.855239
1.57666
4.16105
5.717175
4.557829
-0.7195776
5.566287
0.8882754
4.431373
4.208918
3.814493
-0.08761093
0.4531508
6.47586
0.4781414
0.117724
-0.4583081
0.7252165
5.139572
-0.8950702
-0.5745362
3.109568
0.2446866
-0.1921778
5.499912
0.4798829
1.309191
3.551779
5.988612
4.474202
-0.04121589
1.969944
4.135542
5.69001
8.343176
0.3642643
3.03542
3.983587
1.937745
2.298177
0.9739882
2.326697
3.2749
5.410715
5.377417
-1.36384
2.946541
-1.088788
5.419885
4.750324
5.779992
3.701909
5.590812
0.0715555
5.330122
-1.586378
-1.083895
1.26104
4.080452
5.038194
4.423287
-2.166816
-1.448682
7.163915
6.46447
1.882017
4.959534
5.198596
-0.1929742
4.634258
0.7079203
-0.4402444
3.311891
5.469958
6.399586
11.38962
5.628088
1.75267
6.161392
6.496375
5.187072
6.528749
-1.422255
-0.8774284
0.5688924
5.092844
0.6497567
-0.9225642
5.681551
6.27808
5.327448
8.304137
4.30045
-2.180142
5.197779
0.773282
5.980592
0.8593539
0.363647
0.4786115
5.036864
6.258832
0.1389566
9.540325
-0.4996094
0.8655478
0.6083088
5.01061
1.265454
0.3964929
-1.287847
-0.2721634
4.792082
4.086115
4.862792
8.735025
3.493567
5.696655
-0.666151
4.651202
4.097453
4.849295
4.492606
-1.420761
4.139147
5.062074
5.794882
5.667388
5.74981
5.620186
4.606196
0.2412384
-1.369274
4.428365
4.125764
-1.068326
5.452799
4.875709
-0.3719983
-0.6142293
4.565009
0.8164072
5.030394
5.105386
5.512844
0.3300127
3.960276
-0.4696405
4.45068
-0.2509604
0.1009573
5.442024
6.512264
0.01657417
-0.5012613
5.138045
-1.95853
5.448947
4.722326
0.2584014
1.993894
-0.2379111
5.778274
4.527609
5.487633
4.741037
7.354425
2.306764
0.630641
3.760147
5.833051
5.070035
-0.4160196
5.419362
0.3590947
0.9155163
6.466591
3.985342
1.51252
-0.9076169
4.96452
-1.096705
4.038096
-1.014047
0.6428879
0.244037
4.757964
0.4948448
4.402215
2.886372
4.492954
6.476489
3.871464
-0.7527416
0.5945904
-0.5004598
6.496572
6.11894
-0.5512356
4.518709
4.898699
-1.296209
4.00923
-0.9369686
-1.883384
1.090786
4.786029
5.574215
5.022223
0.1615572
5.143556
-0.03919851
0.3240603
4.241936
3.91697
-3.04962
6.32635
-0.4199933
7.176325
-0.07497003
1.127332
0.6242989
4.668536
3.75139
5.576765
5.922044
5.004458
-0.5828987
-0.708317
4.332922
-0.1394827
0.2207386
6.397462
-0.9147249
-1.852787
-1.094833
0.1998667
5.925898
5.114075
4.86381
3.758865
5.472006
4.368166
3.765425
0.3426441
1.865743
4.787483
-0.8537676
-0.04887795
5.251034
7.092533
-0.09073195
5.506499
3.289688
5.275846
12.8361
-0.8997114
5.35218
0.154203
-1.675472
4.027254
4.077897
5.268951
8.578992
-3.14857
0.302133
6.470985
6.482713
5.376685
0.7613932
-2.869492
0.6694201
0.2993064
4.930058
4.533722
5.966076
4.911234
3.58465
-0.8919817
6.468765
-2.719845
6.987887
-0.2502918
0.1789099
4.449761
8.462453
4.505129
9.863739
-0.6425755
6.584351
0.4387694
5.665145
1.030753
0.4694598
6.226017
4.576712
3.702872
5.426989
-0.3272084
0.5579286
1.130048
5.293965
4.562477
6.625114
0.0290778
0.5507068
4.996313
6.073558
1.053689
-3.196203
-1.738065
-0.9190953
3.205056
0.8370399
3.204383
5.957589
0.981282
5.967497
0.9438807
0.4089358
0.9668268
4.461379
1.184262
6.617996
0.9489429
-0.3705279
-0.8737367
0.9311767
-0.5455769
4.425379
-1.479723
-1.586468
3.754595
1.030752
0.7585852
-0.1378368
0.2522537
0.01604617
1.106577
2.447609
1.019749
4.834838
0.3885437
5.766673
0.2349797
0.4796434
5.152829
-1.30418
4.860466
-0.0227369
0.6679421
1.695101
-0.6553965
4.18571
4.753801
4.486333
7.313749
0.1793111
-0.09103374
-0.6777894
0.6529496
1.646365
-0.492671
5.549996
-0.2678978
5.296227
5.606794
4.043002
4.311242
5.100225
0.6620741
0.2161276
5.195304
-2.402989
5.370449
-1.069398
0.1253096
3.553202
0.9806765
5.159078
4.468573
3.583839
2.312701
-0.3770611
-0.2231187
4.613637
6.532659
0.4220099
0.4709514
1.046062
-1.682255
1.676852
6.026408
3.353179
1.279167
4.16408
1.168352
-1.333737
1.411531
5.261155
-1.045616
4.673158
4.778501
4.014401
-1.933857
4.193065
4.828618
5.761267
3.934631
-0.3090617
4.892231
2.962949
-0.06105394
1.198677
4.016917
2.05069
4.287858
1.399105
-1.273625
3.057416
4.74254
3.749617
5.452513
0.6993638
-0.6003427
4.146641
-0.3488009
5.714234
6.849312
-0.5948122
4.421798
4.571577
8.2308
1.374309
4.967524
5.348111
0.4983579
3.395704
-0.2178862
1.389712
5.240914
2.97896
4.136856
-1.280637
5.393606
5.382742
4.203905
0.2894659
-1.04815
6.126923
11.47219
0.2334839
6.274923
5.633576
4.052329
-0.7285398
5.143484
4.247479
1.824113
-0.6634192
4.319973
-0.5154883
0.1534497
-0.1424017
1.673445
1.411227
-1.802851
6.140361
4.253786
5.258786
6.264113
3.673482
0.002069592
5.597431
0.5631519
4.489752
-0.8566295
5.065754
5.413892
-2.079157
5.75156
-1.578076
3.354924
0.01973824
1.665774
4.08434
-0.289027
1.264949
4.804526
-0.4078801
0.9250459
-0.095288
0.2222965
0.6434524
4.83
2.118379
0.7054283
5.255021
0.4486553
5.115949
4.930407
4.060335
-0.8337533
6.442401
6.474674
6.112666
3.613762
-1.854806
4.741389
2.665977
3.873413
3.842232
2.932025
3.217606
8.563913
-1.07664
3.399107
2.580029
5.428911
0.6774052
0.1772072
5.953592
6.006782
3.877104
4.368747
-1.740582
5.974781
5.377805
-0.4119853
7.078957
4.309661
-0.1698608
1.076439
4.827053
5.639972
-0.7723749
4.422646
3.608441
8.284705
-0.2105935
0.8503425
5.511663
6.07698
-0.7196559
-1.69954
5.009503
-2.126044
6.957117
7.850164
3.593664
-2.457988
0.4470839
5.340712
0.9575813
-0.8231783
4.216409
5.490833
-0.1492216
4.441356
3.532494
6.597475
-0.05910348
5.129888
0.4449983
4.716102
4.93031
-1.085903
6.343114
4.76901
2.003044
1.700696
10.01926
5.433324
-1.40895
0.1226858
-0.5262417
5.534908
4.856228
4.898236
6.028518
6.244785
4.068862
0.2146091
-1.417463
5.28178
1.156223
1.461918
-1.042628
3.782909
6.618206
4.466378
3.405585
0.5993226
4.25149
4.48596
6.295113
3.059337
4.993674
3.928145
3.078372
6.735636
-0.2755353
4.323112
-0.2641497
3.715769
3.840616
5.097727
7.357641
2.448423
4.898323
4.728119
5.788926
5.666484
1.353593
2.142778
0.3316801
1.361356
5.226349
1.406994
3.373296
6.448054
1.086291
4.816616
3.65825
0.3582931
-0.3278805
7.610044
5.272535
3.555942
-1.210632
-0.5316904
6.326511
1.177163
-0.6572609
-0.9055378
-0.6415236
4.315807
0.2065153
7.922536
4.374341
-0.1797243
0.2563768
4.449936
5.835778
3.191053
-0.7591862
5.16222
3.279337
3.987403
10.52122
5.584954
5.577131
5.710977
-0.773021
-0.5786356
5.915976
-0.6630944
0.05617158
5.867459
5.572308
-1.125895
4.299678
4.631666
5.510558
4.065882
-0.1431176
5.839678
3.162799
4.311835
0.6040323
-0.328527
5.20666
4.384208
-0.5733952
4.227544
0.3586763
5.35574
0.2174902
5.635676
4.784237
2.805793
1.836727
4.080929
4.13326
4.17629
0.3924979
4.50768
6.017706
-2.595896
6.742469
5.025682
4.585658
4.583694
1.146507
6.297864
6.171153
1.21491
0.9746366
1.396551
0.4946633
6.08709
-1.4587
3.806097
4.731614
1.107673
1.092862
4.104519
3.163914
4.548303
5.155571
-2.071684
3.973226
4.519126
6.152403
5.06348
0.4672528
-0.4346425
4.802998
0.8489224
0.547592
3.124999
4.112017
0.620412
0.5344152
0.476193
4.537669
6.09642
6.445587
6.104057
-0.7456833
5.4085
3.853721
4.589995
5.799433
3.769429
5.926619
-0.9947407
2.826313
1.864364
1.717425
6.193517
4.165572
4.686231
1.891679
5.177518
4.406833
-1.583229
3.547146
4.764127
-0.8691116
9.19376
2.988094
1.45321
0.3868296
5.882248
6.250785
4.981379
4.440381
0.1939716
1.460452
-0.2465179
5.848047
4.355985
-0.1834536
4.238057
3.417318
5.721614
5.501004
7.087452
0.5904502
5.059561
4.552857
-0.975798
1.205213
4.601876
4.811069
4.626977
5.370552
5.037791
5.281528
-0.8049328
6.587817
6.824361
5.575299
5.959282
5.749385
0.5060067
-0.7429271
0.4116167
0.3628693
2.390516
5.566366
0.1420887
-0.5096589
-3.28711
5.360749
4.149726
5.630314
4.735572
-0.6650415
6.684894
5.13329
5.381822
0.4951075
5.285219
4.121751
2.596888
-0.2616313
6.158091
5.65774
6.098707
4.277683
5.304301
4.918007
-0.9608095
0.6015387
-0.1858662
0.2721458
-0.09080537
0.2221552
0.69609
2.732353
1.833284
0.2148983
6.1024
6.68473
4.041566
4.683818
-0.9274935
7.133702
-0.01544881
-0.8624455
0.3580738
0.4091907
3.878231
8.435819
6.26637
2.205726
1.313516
4.003506
-0.7294847
-0.3966696
-1.500475
-0.5964407
-0.4452544
6.236435
5.414057
2.657697
5.941509
-0.253612
-0.241349
-0.661521
5.820436
3.9525
3.888252
3.554323
3.881363
-0.8668226
5.851849
3.278285
6.449324
5.444023
0.8493204
0.1117856
0.9714221
5.757984
0.09737001
3.70653
4.382081
-1.45037
6.093757
0.04698148
4.659034
7.532889
-0.04362951
4.892092
0.2963184
0.3153664
-1.385534
-2.33572
-0.5046521
-0.475848
-0.5710237
6.285927
-1.100544
0.2551293
4.177163
7.384185
5.900791
7.223711
0.5130739
4.625191
4.794471
5.109504
-0.4793673
-0.1505672
1.934749
5.430053
-1.021545
0.2947848
5.973192
-0.4999296
5.301846
6.293223
6.64377
-0.7975522
0.173019
5.78142
4.876422
-1.284543
1.862758
3.189563
8.347406
-0.8327904
-0.02586063
0.9050295
6.104678
-0.4702507
1.689979
6.107278
5.153196
3.260408
-1.869404
6.736436
0.9794895
1.390063
0.7374063
5.009785
6.00419
6.82225
5.790518
3.603194
6.103945
7.765268
0.762024
3.789533
4.519727
0.3424549
2.003432
-0.101103
-0.4088823
4.86372
3.193733
-0.8183727
6.685291
-0.1348463
1.1451
4.108114
5.63577
4.069926
-0.7884418
5.656769
-1.093718
5.318624
2.252063
5.014149
0.7989974
0.08879752
1.119824
6.673838
1.303772
5.354786
5.492824
3.22228
-0.8884128
4.30578
4.892924
-0.6024473
6.08386
0.276713
5.901303
1.371165
0.9750284
7.419404
0.09851807
3.88499
-1.436968
-0.5874958
5.34643
-0.06856526
3.54094
0.7700444
6.435049
-0.3265493
5.034028
0.5389372
4.40031
1.453942
3.432629
3.580989
5.581081
-2.870927
4.176308
6.149273
-0.4105139
4.916922
0.2815272
3.273809
0.7947118
4.627817
-0.6528323
-1.014192
5.058178
6.845557
5.108104
6.735227
4.8509
-0.0098089
1.660405
10.22911
4.550543
0.5225541
3.08256
-0.4319866
7.230116
3.802435
5.546969
1.527966
4.627795
-1.23374
10.88892
-0.5761382
-0.8479863
4.69506
2.826707
4.290007
2.552605
4.846816
3.789787
-2.465525
1.417437
-1.130837
-0.2674757
6.119548
5.360266
-0.285622
0.8081445
0.5675379
5.916197
2.975946
4.559644
9.704281
1.020925
6.412368
5.159716
6.108977
7.343585
4.733365
3.077342
-1.798358
5.062825
6.482953
0.3892162
4.974262
4.59034
4.458107
5.80596
5.884964
5.83547
8.847104
3.125809
-0.4323104
5.088942
5.159815
-1.984338
-0.01585554
5.587936
-1.272432
5.006919
4.776317
-0.8654968
0.802645
0.4125919
6.023723
3.601308
-1.966555
4.718653
5.441231
5.690668
4.921585
5.766739
5.082929
4.414641
0.929341
5.165909
-0.0214056
5.760698
-0.2422114
4.519613
6.231463
3.25264
3.733449
3.87588
3.077412
4.416474
4.544211
5.344268
4.501136
9.495503
4.819111
3.196797
10.5747
7.402723
4.500814
3.644028
0.2960774
-0.3169378
-0.1940073
5.910597
0.2438833
5.983292
4.403616
4.386806
-1.248809
4.884503
-1.501458
8.244939
5.41402
0.6681708
1.140949
5.554415
6.01466
3.820627
1.61429
6.142654
0.1649877
-0.07337946
1.780316
0.2556021
3.587944
5.838377
-2.216289
1.073617
2.388167
0.3734779
5.963692
4.328813
3.866485
3.494333
4.167419
4.330173
6.090711
5.083661
-1.404013
6.307329
-0.8831961
3.684414
5.235587
1.380756
-1.269576
3.736094
5.137517
5.071242
3.351778
4.037851
0.4018587
5.484612
4.513952
3.582203
6.103819
5.035258
-0.1323388
4.895446
0.8264247
6.574167
-0.6751479
-0.09563526
4.975031
2.02986
4.925247
4.083653
4.583142
10.15857
4.099799
1.023793
6.360581
-1.427531
0.9028158
1.188478
4.752193
6.365114
-0.4476902
3.954401
4.404589
3.823512
-1.557824
-0.4513898
1.35188
4.055258
-0.07700504
8.025579
7.557156
-0.5082142
2.515569
1.464941
0.1791666
3.493868
-0.7013663
5.746915
5.754788
5.470429
3.314104
1.284314
4.987799
-0.6006365
5.566681
0.4452578
-2.956836
1.758463
-0.4315417
1.413595
5.655701
-0.2782086
5.507659
1.2764
1.762817
7.564467
5.551904
6.199594
4.665596
4.635006
6.517987
5.97509
0.1991261
-1.086305
4.754046
3.945612
4.277308
6.854893
3.703096
-0.402178
0.4608819
5.147632
-1.093595
3.938483
1.548608
0.07612707
4.733467
5.809304
4.752376
0.2270061
0.03915933
-0.4404052
5.015254
5.474693
5.341147
-0.2027867
-0.2569681
4.910551
3.762527
11.2431
0.5351926
1.878826
3.834651
5.043976
4.967598
4.878682
4.142962
4.331889
4.229952
5.547193
0.3413373
4.927105
1.102658
7.035174
5.166641
4.435229
5.064917
7.116803
3.755162
6.212299
5.852813
0.009976501
3.449065
3.038522
5.913476
1.152145
-0.830055
3.89447
6.143885
6.898194
0.2801901
-0.1807834
9.208228
4.419728
-0.3552868
-1.569596
0.3826181
5.430001
4.764257
5.34131
5.794891
4.754354
2.658614
4.772516
-0.007441091
-0.9856237
8.344253
6.810736
3.039109
0.6013798
4.236937
4.617703
7.599618
3.672423
5.404895
4.458883
1.946039
5.644916
4.935197
-0.6783165
-1.812862
-1.289514
2.20583
4.468198
4.212066
-0.3436684
6.394526
-0.3095085
-1.24769
0.2061756
0.2505461
-0.04417445
6.381927
7.21355
6.176687
-0.7078125
5.234354
4.559476
-0.3547144
5.847515
9.433537
4.02711
4.470793
4.845932
5.696463
-0.6236881
-0.6771346
-0.0951761
0.6567037
3.454276
4.975759
1.669644
5.197963
-0.4674411
5.61116
1.494449
4.643682
0.2743039
5.095806
4.901055
1.155576
4.605242
4.600998
5.687404
0.9875666
1.227783
-0.5882385
4.134008
4.469938
5.411645
4.990057
4.682459
-1.827483
6.749323
1.210078
5.914081
3.468903
12.12019
5.165794
5.09846
-0.7231797
3.976306
0.1450432
1.559119
0.439259
0.1418034
6.713696
-0.2802843
0.09380741
6.851121
5.987586
-0.9766403
0.7655209
6.756008
4.606553
-1.656783
5.589375
4.465596
-1.022836
-0.07005339
1.112377
4.985075
-0.09750979
-0.3614382
-0.7857694
0.0002644855
4.978224
0.3059517
-0.1835496
0.04476468
0.8519486
0.2891114
5.119337
0.2597857
0.2616493
-1.026537
0.02789873
4.796298
5.616279
0.3520417
-1.861461
3.838506
-1.942777
5.104529
4.819966
-0.4912171
4.525878
4.68012
8.10226
2.720783
2.141319
-0.6374764
3.62438
-0.3051146
5.738864
4.936108
-1.986289
4.012811
7.591803
4.991517
4.506018
4.715108
1.010302
-0.2877515
4.851375
-0.5026157
5.655927
4.18338
5.179077
4.517585
4.404298
5.493838
4.408657
1.545342
-0.7713989
-1.269434
-0.9604012
2.401937
1.039736
-0.1213613
-0.7418529
5.263626
-1.176069
0.2810721
-0.1402273
4.290085
4.827036
-0.1441831
3.888219
-0.1109466
1.496135
-1.361466
0.5113863
0.779342
4.130259
-0.7962227
5.462933
5.051982
5.647723
-1.449003
4.010762
-1.244883
-0.03341033
3.689776
4.606578
2.539513
1.262405
4.319279
4.425839
6.214555
1.729829
0.4166027
5.334149
7.429943
4.342614
-0.7528535
3.993401
6.143949
5.286774
4.71729
1.45098
0.2807321
3.390013
0.01790692
1.612822
0.930811
-0.1755789
-0.5842392
-0.3855509
0.3260932
3.921102
5.553827
7.242823
-0.2639073
3.868688
-0.931737
5.791887
4.258136
-0.9961308
-0.6757404
4.577787
0.5841258
4.627821
4.963833
0.6737228
-0.8690211
4.800459
0.3199622
6.765547
7.101344
2.616703
-0.8222139
5.038419
2.032995
4.925852
1.553773
5.081275
0.4639337
-0.03594085
0.04931129
-0.2450747
5.249942
3.20866
5.749517
5.382851
5.803932
4.478824
-1.120151
-0.07753639
0.812718
5.825164
0.6212867
-0.6265541
4.787569
4.964462
0.425858
4.447255
-0.8012712
0.06101554
-0.220444
5.005595
5.799368
-0.3101842
5.580028
6.472057
-0.8807163
6.281218
0.6159794
4.076259
-0.8008114
5.129838
6.05553
5.334294
0.2622831
-0.5690961
3.504143
-0.8727824
5.083597
4.608179
3.248287
4.251497
1.22836
5.633844
4.646808
2.435909
5.165075
0.5053384
6.024453
-1.729913
-1.179517
7.050575
-0.7564751
0.6017224
4.131861
4.921359
6.79446
0.6338788
4.67005
5.495134
-0.3811095
-0.8167091
4.105971
5.407336
7.27926
0.1064199
-0.798649
-0.724889
0.1182417
1.584332
-0.4056246
0.5917811
4.307571
0.2786939
1.27032
-0.1881607
3.604807
-0.5121142
4.142187
3.188018
6.436082
3.786313
0.1202749
0.6844797
0.6687368
-0.03782367
3.576326
4.65859
2.575292
5.255932
6.172884
-0.8059129
5.275789
4.17122
3.55253
-2.138219
4.45652
-2.31598
5.099487
4.554011
0.2564226
0.6249626
6.696757
4.8218
4.276502
4.978954
-0.8386711
-0.7888192
-0.6895724
0.06304226
5.89712
4.546871
6.710075
5.131616
5.530471
1.163945
-1.557583
4.864149
4.845562
3.914884
6.376954
5.13919
-1.466226
-0.3027377
5.540763
4.387215
4.263967
1.428878
6.55101
4.596043
4.218415
1.506925
-0.6603881
1.284788
3.429317
6.467879
3.103277
-1.312838
-1.280761
6.07458
5.997906
5.71255
-0.03976764
0.6303469
0.4538012
5.626418
0.9209848
5.80381
4.977206
4.462796
4.39709
3.038391
5.524002
3.693186
0.01802533
0.1866363
-0.3715757
5.464225
-1.186713
3.972161
-2.124694
4.066186
5.98378
-0.1748005
5.612006
-0.1623682
7.06446
4.957184
6.023829
4.977653
-0.9556028
-0.4831737
9.17499
1.297404
0.8969615
-0.5317832
5.602999
1.032917
7.742386
6.670677
6.769574
-0.5077472
1.25417
5.545868
3.539097
3.232567
-1.846072
2.24112
5.265407
-0.4141456
0.127817
0.7030221
4.61032
5.774374
3.574339
0.06469263
0.07557878
2.864528
4.172371
4.2084
3.358508
5.370898
-0.6878619
2.133848
-0.4828908
0.2674219
0.007239589
6.525526
5.649545
5.329876
4.812943
5.28747
6.098708
-2.139058
0.2046957
5.121552
1.166365
3.604671
3.942233
-0.4178031
5.893128
3.412881
0.3860237
-0.9289742
3.093656
6.148126
0.5036646
0.1760404
6.360804
0.06241035
5.489792
5.929729
0.4240549
0.09737934
5.168806
4.15655
0.09374037
4.213371
5.208772
2.007045
-0.6421719
5.884132
0.02936991
-1.00194
3.887906
0.04965351
7.519143
-0.7817407
0.5332623
6.117955
4.266819
5.254232
5.803526
4.310939
-0.2685978
0.5801131
3.663719
7.013225
3.88716
2.414421
0.4999064
-1.560825
4.361839
1.343946
0.1905284
5.373699
1.461313
4.053479
5.185616
4.276195
6.382432
5.768037
4.367787
0.03648871
4.409636
6.041205
5.016143
-0.9795069
5.232814
-0.8097462
1.362689
0.2574218
4.190937
4.800644
5.322836
5.102866
0.9706872
1.540353
1.313484
0.561393
4.833207
0.5526607
6.178735
0.1488508
5.024458
7.017166
4.468632
5.239778
6.186449
3.998456
0.4457335
6.412847
-0.9834841
5.004034
0.8611426
0.972964
1.115073
-0.137742
-0.1362456
7.2517
5.080422
4.293429
4.637569
0.2714491
4.46408
4.52606
4.47631
3.503654
4.89167
5.430233
4.164992
4.831904
3.999802
7.503161
0.8530318
0.5686414
-0.7433408
3.889619
3.783063
4.555823
1.743066
6.738614
-1.783946
3.886557
2.737657
3.879013
4.955633
0.6272718
-0.3822346
5.107044
6.440031
4.366294
4.945
3.347439
4.157178
-0.4640229
6.308094
6.309675
0.8093886
0.3912743
0.3885535
6.112113
4.436762
4.143883
0.1211297
4.844343
-1.16975
2.999838
5.762563
0.6700786
6.064705
-1.521309
5.404806
0.5551259
4.906923
4.679256
-0.648377
4.507333
6.485988
-0.6230421
3.484797
-0.1292391
4.857734
0.4644434
1.373521
4.895515
6.444584
-0.6573955
-1.207044
0.8388453
8.793974
4.169585
3.683822
6.493859
4.750945
4.897565
5.053073
4.689701
4.770009
0.513799
-0.5966176
-1.719821
4.725459
5.0051
4.289313
10.63649
6.433389
0.08266628
4.60919
5.412968
5.782675
3.807058
4.640526
4.111826
3.103114
4.477239
4.187491
-2.138864
5.069624
2.382653
5.936445
-0.02157563
4.908755
0.9726982
1.240778
0.6266827
4.155166
7.278665
5.509406
-0.3072797
-0.3536029
6.309208
4.874914
4.383958
-0.2840472
3.481583
-0.1219123
12.09579
1.020737
5.720852
5.485483
-1.397114
5.392765
6.163423
-0.9964529
3.417369
3.662974
10.2372
-1.968338
4.259567
1.39376
-0.4037649
5.579643
4.184594
1.0297
-0.2453824
-0.330796
-1.924047
6.338464
5.242959
4.192343
8.519953
4.306208
1.970668
-0.8223687
0.9978294
6.340187
5.392053
1.406084
1.733783
5.013547
6.126313
-0.5052605
0.6592038
5.433363
4.742749
1.071384
2.872437
-2.029435
5.719875
4.016803
1.909851
0.3420104
-0.960558
6.283977
0.6175874
-2.640795
3.430667
0.02483948
1.229022
4.780375
5.446141
0.0457943
3.807128
2.009863
5.793143
7.145302
3.252107
-0.5160008
4.990664
3.698618
5.670839
4.596003
4.361424
5.313664
4.097092
-0.01337807
1.703113
5.198954
3.386944
5.546979
4.835884
4.403935
3.610779
0.7906425
5.882594
-0.4937851
4.758592
5.977506
-0.06574146
5.613717
4.608439
-0.4413633
0.546951
-1.747736
5.656712
6.433276
-1.177114
-0.761165
4.979535
5.282857
-0.6369833
4.923719
1.907468
0.8994009
0.5052479
6.422971
5.621377
0.1443677
-1.054451
-0.2952881
2.946183
2.072596
1.414402
-1.367764
4.051677
-1.150094
-0.9288267
5.853605
5.120893
4.949208
-1.259436
-1.04804
-1.129785
3.164471
2.240315
6.138018
5.190061
-0.3030348
-1.0553
-0.9145253
-0.6620469
1.039003
3.757707
7.460067
8.277561
5.731557
4.812202
0.3993569
-1.273124
-0.9057338
4.419987
3.895057
5.014084
0.4248048
0.3995777
-0.7760546
3.497814
4.009426
-0.3242506
5.944327
3.839737
5.002851
1.067598
5.513127
1.227594
3.997497
4.775599
4.955751
7.665518
6.76993
0.2186332
-0.8784736
5.805719
5.222697
-0.03572697
-2.034739
0.07748562
1.13097
5.676829
5.501305
0.1779748
3.650571
2.979393
5.344909
4.923654
6.487135
-0.4709206
6.195348
6.745233
3.114161
6.083772
0.5687971
1.436137
4.835084
-0.7893937
2.517861
-1.144147
-0.1771475
-0.2461653
6.044891
3.954798
4.567991
4.32699
5.623549
4.794615
6.016341
5.539432
0.6974639
-0.3494612
0.7706516
3.996927
4.756132
3.999188
5.336547
4.715065
0.002874794
-1.60852
-0.3769599
5.990072
1.29454
5.937918
4.671228
4.658084
0.5232824
7.27895
-0.4680628
3.330969
5.849696
1.072398
4.783151
2.441342
0.2360088
0.7042412
6.227037
5.684348
0.3431809
-0.6463115
-2.766991
-0.500633
7.177443
4.667301
4.758786
4.168555
4.672536
5.759236
0.7651518
0.4507308
1.000602
-0.6182895
3.799871
4.531441
4.425106
-0.3874725
6.716106
4.632063
4.383966
-1.291239
4.928947
1.167504
-0.142332
4.902177
0.2428108
-0.2907491
-0.1764757
6.841852
5.091889
-1.537607
0.5189657
4.032864
0.4662101
4.289532
9.957395
0.7104859
0.5527655
5.928368
4.077888
4.286413
4.793344
5.799197
3.472288
4.713583
4.969348
4.311441
5.071238
-2.845415
-0.2285149
6.260038
-0.136446
-0.09556579
-1.141949
4.323644
4.269216
4.533653
0.9049181
6.377515
-0.3006564
4.249652
6.993449
6.049495
3.887523
4.031916
5.703278
4.733541
5.843888
0.4703773
3.950219
-0.7171893
5.828402
0.534485
5.439286
4.809042
-0.7479445
6.400043
5.084034
0.5222081
4.851577
-0.4573555
5.22909
4.875203
4.411836
4.224227
3.532443
-0.5654669
3.288603
0.08714338
4.686346
-0.4131674
-0.1664385
4.259285
-0.6661817
5.733122
-2.138669
-1.552414
1.686074
7.318023
6.545424
3.249325
-0.668707
4.854235
3.620626
6.516503
3.678511
-0.3717778
2.85654
5.994654
-0.2049063
2.897299
3.689962
4.561864
-0.2469215
6.344169
5.628354
4.806031
3.958051
5.074634
6.943374
5.319764
-1.108846
-0.307843
-0.5440342
3.951004
4.511968
5.263454
0.009284433
4.155984
0.6585124
0.8486546
1.068707
0.4390726
5.774983
4.827698
0.3169332
5.471198
7.602884
-0.4617824
3.89368
6.22956
-0.2486005
-0.5540309
4.746757
-1.923223
3.997766
6.315288
4.628511
5.068408
-0.0422759
4.896403
-2.152652
0.098528
4.955489
0.4201059
-0.3892578
-0.8402459
0.82134
4.448552
4.729054
3.154735
3.815637
3.745256
-2.151099
4.835095
5.726978
7.131621
4.98936
5.415369
0.4695668
4.345007
4.241522
2.940315
3.502536
-1.180462
0.04090352
5.595819
-0.3228903
4.155259
-0.5640444
-0.1206729
1.21582
4.106372
0.3253465
0.7545514
0.3317025
1.869423
4.592792
-0.7296502
0.22598
-0.3776321
6.636137
4.915874
6.28132
2.818987
0.5936985
4.795435
7.074095
2.428664
5.363156
6.205374
-1.308103
1.392861
0.888261
5.401273
3.864243
5.484964
-0.8619311
5.844427
4.716505
0.3096475
0.04626183
4.011844
-1.427544
3.265146
3.400666
1.378119
-0.03070452
1.476091
6.129535
8.383
-1.192064
-0.6805429
1.424287
5.994485
4.639797
0.1905355
6.636313
6.285786
6.097993
5.535578
5.59916
0.6522492
1.00671
3.722428
0.5323726
-1.124521
-0.4828781
-0.5082629
-0.9373855
-1.435136
5.194609
3.908861
4.642544
1.221975
-0.1076785
5.493937
1.14293
-0.7378945
-0.01028295
0.2903102
-1.060918
5.400332
5.12057
-1.280871
0.1051963
3.212903
3.430126
5.62384
-1.683981
5.512471
4.854813
0.279415
-1.283562
6.107041
0.0522514
-1.053794
2.736304
2.253793
6.391259
3.852087
-0.2533713
2.460813
0.885894
4.798728
4.741699
3.146617
1.27294
-0.9179031
4.592137
-1.80439
6.974945
5.66302
0.1392079
1.018964
4.518934
-0.3073255
6.976906
4.32123
-0.3660259
6.05817
4.302818
5.225883
0.0884151
0.7601794
-1.565652
5.407783
0.3801653
4.37792
1.446918
6.572888
3.990172
0.294563
4.456709
-0.3481771
4.731069
-0.9640649
8.76553
-0.554075
4.717006
0.58983
0.4038878
-0.8156733
1.191132
-0.8972836
5.085685
-0.009498873
2.306364
2.871475
6.87867
-1.042023
3.76154
0.2788094
4.934367
4.114461
6.386323
5.767999
1.700988
4.531865
3.810201
5.135475
3.810941
5.711937
4.772582
-1.374525
-1.538738
1.363587
0.7245111
4.59442
-0.6672986
5.138127
4.014336
-1.240061
3.704846
5.102709
-0.9956967
-0.2804242
6.509404
-0.1497587
4.268583
-0.341385
0.05518537
-0.01484448
5.2121
0.9354845
3.70646
-0.8323417
-0.1430649
0.9906139
-0.3290337
4.509005
-1.631393
-1.500079
4.314552
3.04303
-0.3053016
0.9312444
0.8451046
-0.2582253
4.185338
5.73712
-0.1453007
-0.06109857
-0.7052612
4.539367
5.726546
-0.9126656
4.790822
3.909845
0.1922502
0.6260168
-1.347917
-1.660911
2.677535
1.887505
5.820567
4.289765
2.846125
1.504888
0.6252207
5.146223
0.537086
-0.4423872
3.608039
-0.60689
0.5561398
9.195354
5.102416
-0.4017723
-0.564016
-1.168526
7.084385
5.420988
5.504556
-0.007337498
4.308724
-0.3243419
4.805323
1.016605
1.261414
-1.860212
6.987642
1.237465
0.6651568
0.6654719
5.250298
5.573975
6.839035
-0.2931322
5.551199
5.671386
5.374896
5.339146
-0.4225767
0.2180702
5.320064
4.608645
-0.8073727
1.40247
5.696833
4.390723
-1.268961
5.276749
-0.8531322
-2.236512
0.539541
5.978511
-0.09549736
7.82545
6.192207
0.7208329
4.436389
5.103369
6.04751
4.106154
5.317673
7.547713
6.924868
0.3820564
0.3023259
-0.4044799
4.361579
1.617756
-0.1479017
5.823198
4.54576
5.71744
7.095359
5.710551
2.25549
-0.7983928
5.5027
1.215787
5.974621
4.058098
1.655296
1.23079
4.338087
4.013178
3.663909
1.024079
-0.1722073
5.093755
0.4996436
0.4367147
5.410458
0.5790402
5.197146
3.250062
1.114194
5.103126
1.35204
-0.357209
5.773542
-1.12485
0.1199392
-2.297052
-0.08240279
5.122696
5.463309
4.507435
-1.501055
4.014475
4.11916
4.471064
4.91325
4.494909
-0.8069589
7.196531
-1.482378
-0.4066956
5.603359
4.782457
-0.1703409
5.821268
4.333207
-0.2119563
4.868324
-0.9473671
5.009235
4.103299
0.3359551
2.959675
5.929214
1.210987
5.6343
-1.491733
2.236695
3.335326
1.581044
-0.4508051
5.737323
5.341317
-0.5201012
4.914977
4.408038
-1.763275
0.2904719
-0.2380681
0.3013728
0.3667074
-0.3038269
10.92071
0.7982936
6.017762
4.197116
-0.908678
6.772404
0.3797906
6.087992
5.667741
2.236409
0.1955115
-0.5331602
5.198402
-0.4819018
12.49768
0.8334318
-0.5803793
4.051622
4.56688
-0.6936155
0.3808635
-0.2590695
6.01223
5.881273
0.6730766
-1.158883
-2.445705
4.546685
-1.29121
4.952507
6.621206
2.233158
-0.5555929
1.954128
4.85813
0.6877733
0.1446006
5.147143
3.844488
5.254053
1.774438
4.023399
2.093924
0.3257768
7.21127
0.507767
5.723718
-1.780594
1.049962
1.017895
-0.4080136
4.54802
2.961521
4.573427
4.31588
5.730348
-0.8326431
4.412834
0.5014101
5.714001
3.618205
3.250044
-0.711253
4.211755
3.747221
-1.704372
-1.693515
5.818938
5.236988
6.343878
5.593891
0.3105589
3.850579
4.132092
5.590317
2.778928
-0.2090817
3.723491
2.488902
5.806606
5.10866
1.207163
-1.169195
4.523601
-2.404326
4.676744
8.649418
7.127297
-1.697885
5.833988
0.9244477
4.553675
5.576878
-0.3916088
3.92823
6.120023
0.9979015
6.127206
5.2066
5.669217
3.992582
-0.7735056
0.2663848
-0.4767128
-0.2479067
4.54814
3.596797
-2.584443
4.655458
0.8068049
4.844907
2.290375
4.163711
0.2304647
-0.2777995
5.080597
6.5116
0.7935497
4.978894
0.8223061
0.03103826
5.269788
-1.815131
5.474395
9.816793
-0.02249163
-0.4864896
0.7310514
3.516191
2.324433
7.714593
3.812747
-0.7886917
5.605398
-0.2456366
-0.7466937
1.574641
-1.04892
-1.120443
-0.7305893
6.738231
-0.7143955
-0.1127335
-1.441246
-1.609099
2.403376
3.083879
0.2809937
6.754525
3.917226
5.360014
-1.493081
4.013771
6.107614
-1.539833
4.780875
3.756408
0.8442602
-1.553764
3.572371
-0.2767227
0.5562272
-0.1005526
4.205081
5.009749
2.297264
8.179931
3.521747
4.765353
5.689396
4.314574
1.279068
-0.1298762
-0.7352301
3.564062
-0.1585773
4.559931
3.808257
5.9283
6.015275
6.170442
5.580197
5.915579
4.407582
0.1480833
4.042173
0.7688737
0.7675001
3.945687
1.110633
4.296921
4.222203
5.603738
2.01299
4.706461
-1.522336
1.512823
8.566002
3.56804
-0.3570867
3.396815
1.269995
0.8352642
-1.766001
6.759793
1.364856
5.043488
0.2789858
-0.8121689
5.180969
4.508813
5.471905
-0.2736603
4.842085
0.05289619
1.043846
-1.763585
0.1249956
4.275358
3.194032
-0.2685871
4.861736
3.990237
0.6321143
1.840834
5.96123
4.246903
5.38524
5.900504
5.024238
3.115077
3.722121
0.2272042
-0.846574
4.138612
-1.269169
0.7096241
5.260875
-0.968577
7.516038
5.113867
6.826172
4.053915
0.4885349
5.966628
0.4146407
-1.322868
5.215032
3.359687
4.745348
4.250597
-0.1812785
-1.966424
0.7472139
3.769595
5.83195
4.586155
2.827857
1.373151
6.080149
4.603777
-0.644187
4.932472
-0.7446135
5.939434
6.763859
0.2743239
5.51636
-1.186214
-1.096995
-0.6076352
5.001251
-1.365654
7.678916
5.331701
-3.534732
6.769787
4.532433
5.76058
1.399879
8.35604
5.420225
4.692235
5.41388
6.781575
-0.8725375
6.935622
2.38633
5.308964
4.573032
-0.03467828
3.148984
8.121394
6.004852
0.5120333
0.5919706
5.017237
-1.311285
3.777649
6.539841
0.7831599
5.726819
7.254055
-2.302594
8.098492
4.757623
5.075041
-0.9063917
3.601979
1.082278
3.697756
5.42461
5.746117
5.64481
3.372191
6.089259
4.069441
0.100931
0.3885653
5.565003
6.243373
4.022357
5.294152
4.286019
-0.0004168465
2.869238
-1.967911
0.2401586
3.204292
5.199728
-0.2354309
1.292749
-1.024169
5.163866
1.362112
-0.4894391
0.536986
-0.1817817
0.620982
-1.014082
1.712344
4.192926
4.899275
4.336276
3.626833
3.633192
5.074727
6.131212
1.521032
0.5386717
4.219726
0.3960812
3.232003
-0.3125239
0.32036
-1.451689
0.09849878
4.103928
4.483187
9.244861
5.170211
0.4318226
5.09342
