5.026674
5.892239
4.943018
5.071016
5.64695
0.6392098
6.327004
-0.2514877
-1.295151
1.299373
1.043268
-1.064405
0.4073476
0.1409237
4.729196
0.9759154
4.261603
3.823652
7.199751
3.512684
2.322575
-1.234346
1.258673
0.2408365
3.639299
0.08431005
6.75928
6.899359
3.270043
0.286432
6.120355
5.684736
1.131117
7.216218
-1.236446
6.846096
-0.1932254
9.789569
0.7633955
6.098683
5.413094
6.699842
4.360449
-0.4772657
5.731919
4.02588
-0.7320592
-0.2768005
-0.9296455
5.694388
8.024283
4.554702
2.034887
7.012309
5.592612
-0.3246911
-1.528561
4.070605
5.692957
0.815757
3.95389
-1.076468
0.266973
5.198178
-0.7906829
5.136975
1.777488
6.285616
4.615365
6.125976
5.204129
3.580228
6.122048
-0.1424819
4.276234
3.368904
3.340517
5.901995
0.9642361
1.642602
5.547538
3.985567
1.118508
4.914017
4.897358
1.482894
5.164181
5.517892
-0.6938381
4.46703
-0.7232096
5.482751
-2.945109
-0.2326062
-0.1836373
4.500716
5.956227
0.869646
-0.2132338
5.742531
4.221968
4.284316
5.986278
3.648694
5.296126
4.796373
-0.9775474
-0.4683627
-0.4218655
1.396743
6.502678
5.789905
4.490943
5.452744
4.755955
4.508634
1.043619
-0.7666675
0.2955723
0.3935746
5.115397
1.94867
4.020455
5.165687
-0.3353438
-0.5836335
4.097056
5.442665
2.671153
2.902671
-0.3702818
0.04419991
5.74932
-0.5933001
2.054714
-0.83533
5.541989
3.528387
-0.2622917
-0.8274671
4.353207
5.581371
-1.756429
1.360007
4.891389
-1.944139
3.481079
8.970922
5.367222
4.748828
0.6860451
-0.01120605
5.095829
4.975017
5.784233
0.5983808
5.161487
1.166092
5.122076
-1.284828
4.698061
5.549504
2.258566
5.033064
-0.2364932
5.075293
6.239136
3.449891
5.911498
6.200122
5.760243
4.085357
4.640279
-0.3771761
0.5713904
1.516693
5.058577
-0.8114181
3.935739
5.776058
-0.2461524
-0.4629739
4.280124
0.4067694
5.336172
5.336748
5.295218
-0.08840679
6.461041
-1.234314
0.385457
4.688676
0.05349116
7.228809
-0.3040256
4.035356
0.8040476
0.6428867
-1.8139
7.834971
4.203463
1.274999
2.906655
5.899184
7.272196
-0.3184716
4.686052
5.041547
5.305243
5.358547
-1.439782
5.419433
3.461055
0.3638621
0.8048389
4.367152
4.203415
5.951668
4.623296
-1.210826
3.741198
4.966236
4.697532
6.216995
5.042056
5.367012
4.897126
4.014375
6.431333
1.296168
-0.5645537
-1.454802
1.951766
-1.477256
5.45683
5.442768
6.248594
0.8658951
-1.534228
5.528209
1.171658
-0.8779218
0.9243116
5.700083
-1.670849
-0.817448
-0.2288079
0.2689043
8.623854
4.791829
-0.6990261
3.153234
4.897563
-0.7419887
2.417615
0.5609891
4.511831
3.182533
1.771776
1.752355
6.948466
4.943125
0.9418746
3.810688
5.484306
9.301
4.724241
5.390059
5.749572
-0.5279055
0.2762043
5.259311
2.441808
-0.98381
1.256471
5.551556
4.821541
3.733099
5.361438
3.971308
5.111853
-0.08684067
3.719732
-0.3665253
5.415967
8.940514
0.472175
4.37969
3.697122
5.86468
4.713564
4.107097
3.528051
2.250829
6.071705
-0.3481739
2.671132
3.693371
3.478933
3.138666
-0.8258518
1.698166
-2.079062
6.444599
1.21698
-0.2332607
0.8811536
3.996239
5.525876
1.619632
1.435151
6.256978
0.482485
6.56049
8.018169
0.5403592
3.413201
5.105229
0.9668875
2.492723
4.962343
0.7086471
0.1413965
1.283633
3.893477
5.729667
5.535591
9.28328
-1.889949
-0.5081946
6.383782
0.7056529
5.624305
-0.2280617
3.36756
0.2560685
5.414449
4.081168
0.9369166
4.69016
7.620424
-1.161195
6.054383
-1.416835
0.5260937
8.089324
-1.196357
0.5606339
-0.9259382
3.89136
6.532066
-0.04899364
4.922792
3.71392
5.148372
5.419736
0.4634727
5.008979
10.55597
4.483175
0.4075298
0.4953996
4.44128
5.233977
-0.08283846
0.7170032
1.848554
7.072464
5.063732
-1.484733
5.479757
0.5144621
0.6245867
3.086974
0.5519038
3.778562
4.382932
4.355352
-0.4682831
-0.09418158
7.430459
5.275102
8.812278
1.045354
5.756767
0.0890455
-0.06313891
3.966092
4.10362
-0.5970882
5.119104
-0.02943456
0.5133415
0.4955298
4.115418
5.18467
5.972862
5.668225
5.527011
0.9895583
3.257642
9.909589
-1.558491
0.7679995
5.672277
0.2940347
0.3226012
4.092214
0.2378775
4.300074
-1.412332
6.03821
4.885119
-0.3118635
0.207834
0.9691933
5.206295
3.428285
0.8329223
3.141877
-0.3047658
5.05124
2.657762
-1.182158
0.3340516
5.658825
0.8048101
1.419406
4.856432
0.8315077
-1.440173
0.9587083
4.97453
4.560789
3.2104
5.157329
-0.4960437
-0.7992661
4.565077
0.5781669
5.4068
4.516829
-2.317055
3.473695
4.896768
0.281502
1.619586
3.803247
6.787981
-0.9044184
5.725613
0.349718
-0.8327131
2.715968
4.914125
6.063344
0.5015245
6.480827
0.6147675
1.252052
2.094358
-0.05992317
-0.1453561
-0.6012935
4.307757
5.434379
5.292527
3.932243
-1.622549
3.748155
0.4278642
0.3890322
6.010756
4.757541
5.015975
0.3847595
4.613271
5.788426
5.121419
4.742043
4.866151
-0.8380602
-0.3619537
5.848835
-0.07486273
5.936462
4.791965
8.788668
0.3889806
-1.799357
5.828859
3.364793
0.9759764
0.05161849
4.063985
-0.1736755
-0.1618242
3.817663
-0.6527551
-0.8765047
