0.7968586
-0.245414
0.2692342
0.2811082
4.706482
0.7789426
-1.357947
4.519521
-1.398539
1.688611
3.911519
4.823799
-0.5353524
-0.7527722
-0.9173423
6.887405
7.068531
-0.7082687
3.470111
-1.204646
5.14575
4.186224
-0.41883
4.799137
4.622357
4.489963
4.728113
5.915036
4.075011
0.4306073
4.012883
6.343492
0.07997496
-0.03185448
0.4391736
4.868981
4.805721
8.811065
4.79502
-0.4858964
5.98899
5.215271
0.6636908
0.08458548
5.738234
2.684435
0.2797275
4.788344
1.030042
-0.8452023
-0.4224797
1.000649
5.712196
3.609471
-0.7124506
5.070349
1.080345
5.937044
7.003611
0.1960801
3.823175
4.766336
4.98949
3.930344
1.198481
3.09589
5.078972
-0.2506157
-1.434864
4.783949
4.678093
0.178127
5.669875
0.7488467
-0.5616912
-1.210921
4.907207
1.951196
4.615905
-0.9002955
3.142415
-1.386806
0.4737654
5.139128
9.325376
5.208391
1.508009
-0.6938762
0.9739023
3.88005
-1.383514
4.262502
5.666664
1.771397
3.452126
-0.5977485
2.347107
2.643283
4.610539
3.753489
1.111561
2.139297
4.487271
5.26423
3.074737
0.525894
1.432917
0.6660838
0.170311
5.820198
-0.08316907
-0.826313
5.298651
0.6660461
-0.868605
-0.6078319
6.592803
-0.8028821
0.6324079
-0.6312996
6.29927
5.035133
-0.6602304
4.253638
5.492629
4.462579
3.722131
5.224774
5.145415
11.72319
0.05745626
5.413623
4.868243
0.2196956
5.726617
0.2417667
4.484229
5.593668
-0.4391763
5.537442
-0.4447302
5.158983
-1.840521
5.379888
3.569157
4.092697
4.799931
6.428913
4.333969
6.736002
5.331217
1.523322
3.256552
0.03827195
-0.275241
-1.214135
0.3028142
-0.07845937
2.862481
3.893152
0.1756987
1.598981
4.060754
1.842726
4.64138
-1.047356
-0.06607298
3.226436
0.6642129
4.349795
-1.556078
-0.7551668
4.386779
-0.05696654
4.721941
-0.1305597
8.635823
5.711366
4.286081
-0.4729491
4.451004
6.711895
4.058699
3.350328
4.167966
-0.7241341
-0.4993596
3.877768
5.633793
5.690479
0.8017098
4.956122
4.721514
5.610392
5.978117
3.025391
2.48571
4.750193
0.5767841
0.3815371
4.509202
-0.8265919
5.847432
4.098481
-0.7231564
-0.7462269
4.908616
4.513652
1.470514
5.592295
2.318535
0.3064527
0.5210816
4.944276
2.49119
6.447552
-1.587711
0.5286158
5.651736
-0.04804234
6.511116
11.36302
0.4140536
5.477096
7.532721
0.6168422
6.122843
-0.1976118
4.861172
1.875477
6.327945
5.257249
4.985496
0.7366041
5.082651
2.555947
6.109287
0.5181581
4.325434
6.729173
2.930509
0.4840938
1.547198
0.03723843
4.410005
-1.632191
4.542963
4.859172
5.030169
0.2783803
1.793023
4.358714
4.69478
3.990581
4.900836
11.04143
-0.6756417
0.5904876
-1.26591
10.10748
4.763686
5.382419
4.273239
1.129875
1.394295
-1.626178
1.539882
-1.347427
0.6862832
4.771221
-1.640755
5.2483
2.391395
2.336751
3.92093
-0.4407357
-1.365099
0.5477884
7.892588
1.07736
0.7246462
-1.508698
3.164538
-0.2302045
3.273317
4.367229
-0.7189589
5.160241
6.101593
3.370278
0.6676733
4.597225
-0.1477393
5.233588
6.416772
-0.7340511
-0.01470819
2.033866
4.475072
-1.965824
0.4308238
5.270825
-1.602701
3.125911
5.259628
-0.3267977
5.181629
4.842094
4.794272
-0.7490539
5.635584
-0.2298353
5.076933
5.303513
0.4649558
6.043486
5.841245
4.758267
5.239876
0.9915165
-0.2450375
0.2462634
3.528226
4.908653
3.256065
6.499154
-0.4739698
-0.2494548
5.477698
1.15478
5.03957
6.300406
0.7006879
5.895542
5.924919
-1.53963
0.09369574
0.796684
5.934912
0.5487925
1.658635
-0.3187375
0.8461002
4.956585
6.164311
1.14079
-0.2464066
4.641746
0.7236294
4.960358
5.862553
5.901721
-0.2786254
5.041836
2.844643
4.807603
8.853844
0.4627109
-0.9935304
0.3374709
6.946801
9.104382
4.286938
0.625548
5.715547
-0.7402049
0.04456048
4.665624
5.196321
5.631306
7.698996
4.435073
0.1150098
6.601969
0.6728654
-1.071406
5.429277
3.494868
-0.9977091
0.318296
1.523331
0.3469294
4.049322
-1.27419
6.445135
-0.254224
5.512647
0.6120053
4.412074
-0.6967203
0.8048379
-0.5690869
4.889358
4.564117
-0.1863669
4.889285
6.445278
5.530511
-2.079456
4.753016
4.928853
-0.6294847
3.204727
4.875504
-0.2571691
4.965399
-1.29218
5.247972
5.905499
6.047589
0.3662711
5.391787
-0.7731756
1.618535
-0.1685332
0.5893563
6.198643
4.465138
5.71159
1.185623
5.124641
0.8612917
5.034841
5.657739
5.369788
5.444255
1.751133
0.7576613
-0.3750244
5.953543
-0.0834675
5.996509
5.695817
4.565971
5.940514
5.580062
5.019667
-2.193471
5.162189
3.824698
6.014577
-0.6760705
2.35792
4.119884
3.902817
5.520537
4.235092
2.154693
5.120256
1.664264
-0.1051785
5.276125
6.00021
0.2037531
3.512287
0.442026
0.502501
4.277094
4.681713
5.29092
5.561668
5.130775
0.133514
6.013815
5.274311
1.392461
5.652707
4.922097
0.02956691
0.5203423
4.561524
-0.4654058
0.6480359
4.725728
5.310855
6.419291
5.418652
4.294578
5.542723
8.424436
-1.314363
5.262555
0.6203262
3.906295
4.014024
4.259544
-0.5694951
4.151626
4.840992
0.3392302
-1.200316
0.2483929
1.318867
0.4873616
1.3051
-0.1429376
4.652484
6.627592
5.367709
-2.477948
