4.129117
3.714873
4.946449
-1.1519
5.198374
6.85822
-0.2610182
2.293649
1.754766
1.693095
6.217386
3.512169
4.044081
4.460285
1.323897
6.022186
7.418305
0.8008214
-0.1555462
4.718597
2.060004
5.135268
-1.257243
6.148723
0.6165276
-2.257696
5.939574
3.978964
5.792529
3.948678
4.398668
-1.156415
1.421935
5.566583
5.85119
5.088962
2.848695
-1.01863
1.252129
4.051947
3.994431
3.974382
5.28307
4.869567
5.177405
6.123193
-0.5147729
4.89505
0.8909615
-1.268468
-0.3635151
4.339954
5.684451
-0.497396
6.683554
-0.683247
0.02117464
8.699333
5.900626
5.330433
3.407434
3.477366
5.317396
2.315881
6.670648
-0.8964559
5.295569
-0.2862713
5.096032
0.05453236
0.3636574
4.222158
4.658
-1.010443
5.092271
0.002505151
6.362253
7.044029
6.804505
5.020208
0.333936
4.534969
9.364882
4.089868
0.1258296
4.314528
0.3233909
5.589577
4.73736
-1.039762
-0.306408
0.001636573
5.051087
5.714272
4.375374
3.461863
1.240982
4.634988
2.263882
-0.5311347
-0.5519809
5.774108
4.704702
4.518398
1.254776
-0.7774887
-0.9761012
5.99047
0.07561968
5.008493
6.553351
4.207671
7.027098
4.268589
6.011222
0.3029258
1.206079
4.398743
-0.05625818
5.970822
4.529806
-0.5203617
-0.2678748
-1.049421
4.796775
0.3082156
6.69028
0.3303691
5.067096
-1.332162
1.932566
4.259896
0.6942766
0.3732332
6.281604
-1.181462
6.679854
3.677592
-0.1820358
4.370535
-0.9595838
6.187888
4.614344
1.178984
4.432891
7.174618
0.3360679
0.8778838
4.725356
4.150075
6.406418
4.874651
0.3242163
5.694094
4.645397
3.830068
5.599429
5.034837
6.15269
5.499179
-2.546363
4.934477
-1.589532
4.413517
9.943371
4.601241
4.698451
5.684925
-0.7270753
3.98516
7.213378
4.417341
1.335624
5.220391
-1.246215
1.327011
5.06981
5.730818
3.849115
4.111306
4.096101
-1.028335
-0.2648301
3.582307
5.284714
5.994174
0.5778609
-0.1560945
4.258188
6.081265
0.7282127
4.771839
-0.4636456
4.953483
5.653087
-1.369482
5.389794
0.209329
-0.8545722
5.209168
3.391851
-0.4467814
4.000897
6.526571
3.401717
5.860923
-1.421148
4.535456
3.629887
3.761486
-0.05765123
5.819626
4.561881
-0.2541859
-0.983845
4.718976
-1.029823
-0.3466705
6.164035
10.58762
5.8751
0.844376
-0.1515547
5.115832
4.519955
0.0882742
0.8683445
5.128767
0.5668114
6.44057
-1.091865
3.811819
-2.247173
-1.226216
4.725351
1.986497
-1.851606
-1.501282
0.3099356
7.258293
0.507705
6.085554
0.2137135
4.02447
-1.195851
4.547812
4.689194
-1.353874
-1.083119
5.235335
6.279645
0.7096763
4.105531
0.2514025
7.067207
4.813918
5.139628
4.400609
8.787435
5.35702
-0.4103684
4.389146
6.844752
-0.09511622
6.189321
4.2999
3.307513
6.203621
-0.2377291
4.974415
4.327212
5.650938
0.4284167
1.127344
-1.457212
4.366491
5.514646
-0.6759978
-0.1526799
4.795741
0.1267353
4.583239
3.930377
-1.661845
0.4151404
4.432539
5.315174
3.743796
4.061038
-0.6212802
4.669393
-0.09984655
0.05711417
2.461646
4.582494
0.2154645
0.5754337
4.325621
-1.544552
5.092859
4.991542
0.721652
4.623892
3.707573
0.482813
5.79757
0.6190827
1.057809
-0.779102
0.9352509
0.1398635
-0.9114558
4.644219
5.018822
0.3628556
5.306926
6.269538
5.279776
-0.36093
6.139198
1.174269
-0.5003524
5.132942
5.713906
-0.423432
5.27665
-0.6553392
4.349864
6.324973
-0.05052056
-1.01932
5.092219
4.971488
4.557043
-0.8686129
6.696524
5.403555
0.1209774
0.5561699
1.666965
4.744978
4.7562
4.944998
-0.04472316
-0.07711204
-0.9107802
6.040025
-0.5270811
4.741497
0.1880062
3.705377
4.025393
-0.3176459
5.739738
3.209068
3.482789
-0.2529156
5.123751
4.179653
5.850138
-0.396458
1.487688
5.184005
0.1572996
3.536245
-0.647169
-0.8373063
-0.6023539
4.430427
4.81987
0.4295382
5.707273
4.836584
4.774983
4.105019
5.90503
-1.503397
-0.5173059
0.01775233
0.3112646
10.7206
6.160759
6.555594
0.5977611
-0.2862136
0.2849544
4.879569
6.016194
-0.9337185
6.603253
5.744331
2.097566
5.155539
10.15837
2.102178
4.909159
2.142058
4.435787
-0.1868084
6.044873
4.968301
4.649999
5.317433
5.161598
0.5177851
6.67901
4.959449
5.60238
5.290785
6.163526
0.2124851
1.389379
-1.363608
5.131429
5.265276
3.748522
2.6509
10.18537
-1.053746
-0.1569055
6.665053
3.578684
4.407289
3.292826
4.340192
0.655806
2.378902
4.984209
4.022683
1.767507
-0.479194
4.056029
3.855869
0.2876439
4.780783
5.911306
0.7693114
-1.135079
7.352382
5.512102
6.001871
5.064531
4.43027
-0.07215185
5.926464
4.353258
-2.251903
7.295941
5.112276
-1.526567
1.939818
4.903411
0.5408308
3.622377
-1.03852
0.3725159
4.078798
4.072842
6.535163
4.077814
0.3338976
3.943341
4.655896
7.153238
-0.6293699
5.100267
3.932816
6.275329
5.438847
4.083392
5.119568
4.734938
-0.5401041
4.45483
9.644995
4.750057
-0.09561662
3.646314
-0.002312213
-0.4988889
9.244182
4.452935
3.89697
5.227164
4.847091
2.497584
2.452183
4.464523
5.11738
4.734212
2.046476
5.101743
5.553038
4.196016
4.022032
-0.2902884
4.409106
2.910358
-1.254886
5.62474
