5.14317
0.5933581
-0.6808746
-0.2536986
4.840985
-0.362012
-1.424134
3.072896
0.290885
4.58054
-0.3494737
5.465902
8.209876
-0.2361681
0.1224078
1.097703
5.248622
4.844058
0.7717994
0.106561
3.885252
-0.007519291
2.978044
5.697342
-0.8755591
5.779376
4.223264
6.110156
-1.488863
0.6576079
-1.877593
3.404499
4.508324
0.4166263
-2.287352
-0.5243143
-1.381986
5.007438
7.714217
3.320041
0.2811854
4.706105
6.552208
5.44064
4.347754
0.38189
6.258914
4.565593
5.97741
6.325127
-0.542441
4.934481
6.605762
-1.253786
3.839201
5.464545
11.56236
-0.3551358
5.072998
0.1658621
-1.146259
6.530227
4.928587
1.848111
-0.8131986
-0.4982947
5.210931
5.481855
0.1061847
2.184955
3.896574
0.9637882
7.108351
4.519031
5.859094
-0.2873261
5.970624
4.706171
1.06572
6.595308
-0.8620051
3.133143
-0.5895671
4.986136
4.725916
-0.378711
4.753392
5.406667
5.241511
8.308027
0.2384501
5.636756
0.9760019
0.2391178
8.36988
3.491075
5.041102
0.4522765
4.863928
5.335987
0.1443627
7.409183
4.843188
2.948019
5.428141
0.2762046
5.080245
4.620987
-0.7346297
5.640406
6.664242
3.601578
5.843974
-0.6617715
0.7410743
4.445255
6.423551
5.322296
-0.6057183
4.424393
4.173865
5.46131
5.301154
-1.73219
6.676004
4.35536
5.110811
6.741079
4.777003
6.324117
3.296009
5.825397
4.669812
2.563665
3.788897
5.527557
0.07989125
0.374343
-0.4477176
3.434506
4.053907
-0.4795214
4.061824
0.9824584
3.96893
-1.684111
-0.02852062
1.071848
4.460141
4.906202
-1.625085
4.21014
0.5422045
2.043949
0.7350472
-1.603278
1.306333
-0.6504141
4.354372
-0.5164294
-0.9569012
7.274177
-1.263784
6.561702
5.134958
4.129488
4.932034
1.559679
5.071173
5.451013
0.6888686
2.198178
5.128247
4.384727
4.881601
-1.743569
5.16268
0.1004451
-0.4961079
-1.970349
4.847483
-0.6275195
4.646297
6.503162
0.01688244
5.748017
0.1928924
5.658572
4.919121
3.800377
0.08578145
1.213627
0.967926
0.8395984
-1.130796
9.617716
4.978771
5.789782
1.160312
-0.8616247
2.376243
-1.019902
6.165736
4.974578
3.222895
-0.6817815
5.196245
5.858277
4.603589
1.314097
-0.1464553
7.274436
4.122833
-0.7434762
0.6654157
-1.236538
8.831833
6.080787
-1.099187
4.760677
4.995666
5.162445
6.058011
5.346271
3.998296
5.141543
6.499892
3.907517
4.870371
3.3454
0.2355275
4.796134
3.550434
0.8956361
0.2670437
-1.122872
7.24029
5.915281
-1.099986
4.226843
1.063463
5.913526
3.747677
5.092964
1.287478
5.27089
6.177041
2.41531
6.215504
6.445746
-0.5292456
7.010011
5.164779
-1.252168
4.694745
5.8674
0.8953227
3.028053
5.343461
-0.9222
4.34722
3.522471
0.732834
4.28809
-0.429768
-1.162691
5.762299
4.403888
-0.08368331
4.959076
0.4589472
1.66465
5.38778
4.163221
-1.041813
1.589786
0.3698592
0.9490953
5.581156
5.657031
5.363018
0.8321377
6.329803
0.4934232
-1.328313
5.646762
4.043573
4.922143
-1.315845
7.134943
2.888904
-0.421111
3.931071
0.7604698
3.568576
5.619127
5.65002
4.413998
4.821862
5.058902
5.992204
4.398628
4.55742
4.149169
6.454679
10.03019
4.993318
1.806725
0.5373796
0.6721225
6.699412
-1.710679
-0.665071
2.020702
5.349593
7.959166
3.918736
5.836903
4.936812
6.082872
0.6364957
0.3414346
4.777459
5.436539
2.897512
-0.5976094
0.2474241
-0.01354617
-1.863841
9.17595
2.613462
3.365441
4.725924
4.417733
-0.2355241
3.949676
1.727942
0.05845398
-0.3776714
6.350817
5.04126
5.568306
0.9662127
4.694535
5.997791
4.657364
7.265692
0.1165935
4.75548
4.084588
4.090592
5.236374
4.119681
5.026685
-0.9777003
0.2666495
3.804478
6.36505
0.158784
4.728143
10.68683
4.636692
5.443952
5.461699
4.362977
2.11251
4.801951
3.762906
0.7073674
-0.3285741
4.895398
5.889333
5.482924
4.414873
-0.4840959
-0.9738521
0.6491686
3.650078
5.172444
5.060506
4.181128
-0.5495507
4.786478
5.941157
-1.044181
5.747431
0.04398246
5.846938
6.927269
4.305383
-0.7551695
2.849795
5.918582
6.184855
5.134143
-0.1558659
3.858659
5.886887
4.27155
6.135502
3.856819
5.091784
4.784716
4.093868
1.001232
4.03845
0.5624297
3.935512
6.658275
1.43303
2.738711
3.863977
5.209894
5.359518
0.316165
0.2508599
6.169355
1.864678
-0.1806515
4.355248
3.745207
-0.3236129
4.760101
5.819895
6.46764
5.655681
2.786068
0.4137818
8.188385
5.567007
0.04668709
4.369323
-1.174077
-1.392634
6.553146
0.0352193
-0.4794321
5.526327
4.311331
1.433825
-0.6697444
5.294295
4.941792
3.099256
5.806745
4.171581
4.053949
0.5440846
5.500603
5.189311
-1.375708
0.3161941
6.134293
5.007161
0.4878048
1.60138
4.836273
-0.2262489
6.363801
0.4753349
-2.242801
4.613798
-1.767037
-0.04458582
5.661277
4.414393
5.213503
0.3136504
5.300882
0.4412917
6.81359
6.997595
3.03082
2.309272
6.117206
5.617782
0.2396408
2.034641
5.516383
4.243792
6.571465
0.6012285
-2.951945
2.634345
3.175781
4.284376
-1.342336
5.343153
4.122169
3.742335
7.867059
0.8523375
3.909517
-0.2745552
5.780786
-0.03029224
6.22437
0.3650588
-1.421466
0.5953406
4.110993
6.875443
0.5238822
3.872281
0.7716907
-0.3282892
0.1658464
4.271749
5.271052
4.558874
4.993028
-0.135727
4.057679
3.529814
0.4561646
5.990863
1.023917
-0.8378834
4.963153
0.6331344
-0.1202892
8.872146
-0.0265952
0.8991069
1.138298
1.662707
4.759894
-0.5088049
-1.383632
-0.1165532
4.867741
-0.4998668
4.526273
5.246967
-0.9535918
-2.221468
3.829437
0.1136858
5.65208
-1.897621
4.299359
-0.5821846
4.800116
1.487284
6.123075
2.984338
6.276692
-2.226348
2.191454
6.259566
4.70254
5.761706
2.833572
0.5437849
-0.3012536
2.602694
4.261038
-1.033804
0.2102811
0.03175501
5.707359
0.5275232
5.443135
5.565995
2.511708
4.923809
2.433601
-0.04569411
5.094743
4.184445
5.596755
-0.7046993
3.710749
3.59156
0.3684554
3.734738
0.6580746
5.859983
2.152911
-0.3697611
5.182817
0.272691
5.848564
5.140334
5.077738
4.595883
8.979218
5.277232
3.469661
4.327274
3.688652
-0.8501308
-0.9590285
4.649945
1.207631
4.190574
-0.2166326
1.079436
2.238282
0.772966
0.7062418
5.128586
5.823698
0.7861361
5.983499
5.805375
4.921756
0.5219397
4.493532
4.430108
6.154002
-0.5415091
0.1224437
6.101553
1.98688
-0.09225931
3.977687
6.414566
4.165014
5.328332
8.222975
-0.5173163
3.821221
4.853656
5.000421
-1.032272
3.771937
-0.3269981
-0.3254269
0.4744028
1.353679
2.97856
0.5546541
-0.03869134
4.32473
-0.3981716
-0.3251797
5.033212
5.357022
3.837327
4.426038
0.9177667
5.23773
6.182951
12.0414
-0.598124
4.667844
4.337783
5.366619
6.440533
4.881368
0.4605105
0.01004781
-0.3829456
3.588201
7.670266
-1.389361
4.570226
4.987378
4.109044
0.01513187
4.123318
5.825234
6.332758
-1.849725
6.218694
-1.846803
4.54402
3.864159
5.382223
5.348392
5.865126
8.161561
-2.119282
-0.4224601
0.4647145
4.880875
-2.871536
3.591598
0.5012745
3.480503
3.606952
7.755094
4.966219
5.910692
2.046174
-2.223713
3.113477
-0.7726881
4.92633
5.427446
5.51387
-0.03934694
4.836311
6.398487
-1.123221
-1.051807
5.801643
4.846059
4.871043
4.985197
4.067374
0.3259152
0.9462537
3.529444
4.209435
0.161878
4.362425
3.537932
6.099654
0.6975656
0.4796591
4.915349
4.171885
0.3655904
4.754065
-0.8968591
-0.011822
0.2571828
6.002265
5.439098
7.346199
0.0633314
0.4800718
5.551851
2.918609
0.2486909
0.04726847
3.420727
4.331111
4.435492
6.402668
2.657847
7.643585
4.95065
-1.03824
1.266413
4.088982
6.388629
-0.4884988
5.288909
4.86546
4.255497
5.157968
4.823797
4.449092
3.455275
0.1141517
-0.1648716
0.5721825
4.397459
0.4715537
5.973458
6.88758
6.33977
3.31634
0.11896
-1.046274
4.836719
3.638287
5.170805
4.860386
-1.105591
7.508881
4.856095
4.718317
1.619245
4.183134
-2.180125
2.800746
5.111312
5.55194
-0.04890504
4.39074
0.3939011
6.234957
7.209963
-0.6818223
-0.3584759
5.341587
0.1874593
2.968025
-2.927666
-0.7536369
3.939559
5.551472
4.778411
4.327851
5.001429
-0.6699652
12.34078
0.4839195
-1.733023
6.020026
-1.022376
-1.053067
-0.8281046
4.024067
-0.1467484
7.6939
5.035734
5.233336
-0.721403
4.685065
5.406291
4.431599
4.915395
6.619727
5.241071
5.821886
5.534985
4.976137
0.7988243
2.133449
4.80758
5.309815
1.69043
-1.635261
0.4403451
11.66271
3.460433
5.641648
0.7691565
5.775869
3.371842
1.533433
5.781869
3.080554
0.8869475
4.573682
-0.1133537
-0.7790632
-1.501463
5.822098
1.869845
3.718435
6.044142
4.993442
5.341716
-0.4686468
5.073763
6.682244
6.061006
5.699743
6.31172
1.778441
6.668174
3.360012
5.897176
5.711838
-0.9425069
4.898669
1.39152
5.175154
2.934873
6.792432
-0.6132318
4.05229
0.5691048
4.321624
5.838298
8.586587
-0.705059
3.669036
0.5546084
5.270789
0.2811282
6.218989
4.224779
3.600637
0.3408711
-0.2303937
-0.8345433
5.541925
5.051913
0.4040551
4.676527
-0.07158533
6.802159
6.767966
-1.070674
3.917106
4.405753
0.8361726
4.227935
1.36404
5.037587
-0.6822686
-0.669108
0.9719147
0.2755789
5.653434
5.428057
5.360619
0.09831348
0.07373703
6.599404
6.626025
-3.165498
5.832053
-0.4747496
5.249196
8.056905
5.482171
-1.1464
8.722293
0.5550294
-1.683719
5.190494
5.640052
-1.076163
4.08006
5.672856
1.495513
4.481729
1.736832
6.090297
5.324232
0.6848975
4.80143
1.290697
11.14445
5.294982
1.125026
-2.12705
4.354697
4.947104
4.945429
-0.6952452
-0.8186197
4.729261
4.398821
4.224307
6.895078
3.138348
6.471655
4.660076
0.8932657
-2.033483
4.127217
8.147975
-0.04462323
0.5424321
4.903291
6.461962
-0.5078321
4.233274
5.167074
4.100867
0.07494791
6.724151
1.353158
4.980687
-0.04060369
5.657698
-0.01023741
4.062366
0.7357927
5.770298
4.536263
1.213148
4.963413
-0.4070334
1.37519
4.962545
-0.09925904
0.2015068
-0.8328823
3.946096
1.334871
4.819499
0.4769245
3.954138
4.431862
0.9228284
-0.8009743
2.683133
-0.6885705
5.778031
6.072643
-1.561356
0.2810094
0.2498207
-0.5568912
-0.4973751
-0.6130459
5.020863
4.259092
6.551836
-0.3015996
3.465929
1.997279
-1.570217
-1.248205
5.582239
3.249989
3.691334
-1.752113
5.847774
-0.4034638
5.665389
3.817048
5.855559
4.129968
2.841699
-0.01962445
1.469817
0.2764127
0.9685534
2.806593
5.467246
-1.195859
6.007612
-0.1901936
4.244518
4.300884
4.451298
0.4021173
3.722911
1.088641
-0.241918
-0.2032534
3.039399
4.832676
3.050232
4.795446
3.427924
-0.2135945
3.5234
4.85506
1.317481
4.191381
6.100695
-0.1080958
5.940498
6.21545
-0.1082625
2.692509
-1.612834
5.319563
-2.112838
5.608879
5.763509
7.75239
0.6419384
3.465059
-1.700877
5.219168
4.697854
4.525787
6.406816
4.618551
0.4402216
4.938586
3.946564
-0.8958832
4.369804
-0.7365775
0.7491087
7.904051
3.140936
4.959243
5.438999
0.3412466
-0.3517687
0.08479607
-1.482435
4.69803
5.550903
0.257716
5.674217
4.949103
1.816475
-0.3169706
4.975262
4.464031
6.44251
3.984377
0.3749936
6.868298
5.270579
4.678905
-0.7639377
4.758699
-1.223653
6.447019
4.928292
-1.813437
4.296394
4.006257
-1.024552
0.07893709
5.490225
0.3504363
3.898407
1.569158
4.90862
6.303056
-0.7877649
-0.1222978
-0.2059561
-0.2307564
5.113399
-0.2421192
4.352548
5.542295
2.705417
4.662308
4.615947
-1.16021
-0.675582
5.83818
-2.433455
4.06724
-0.2712021
5.257774
7.371008
-0.6720699
-0.9467577
4.266695
-1.36511
0.03041138
3.41015
5.277279
4.696319
4.34101
-0.3743003
2.968663
5.031839
4.940793
3.690096
4.540785
7.698407
4.406126
6.798046
4.324516
0.3374237
6.113046
3.534352
8.237115
4.896506
-0.2616579
4.435123
3.806649
-1.092984
4.776854
1.086122
-0.2283788
3.426813
-0.1279387
5.620075
4.854957
0.2656601
0.9589633
-1.100596
5.913267
5.574526
0.6566647
1.280957
-0.2985596
5.84971
4.937077
5.5025
-0.1077851
4.078832
3.05996
4.006411
6.023351
6.393366
-0.4174434
4.990437
4.212506
4.614314
3.287522
-0.5651018
5.01208
-0.8490144
5.875324
3.9918
4.61093
5.042262
4.336969
0.8619834
6.581624
4.846724
0.08708345
-0.5294403
5.977289
0.826738
5.67262
2.872772
-0.6291597
5.075119
-0.3145283
5.894852
-1.564226
6.189132
-0.6331566
5.636838
5.890197
-0.3056416
2.989703
4.141573
4.148673
7.431479
4.597653
-0.3545056
-0.4642146
5.424306
6.289065
4.951389
-0.3122369
0.222986
4.174227
4.951706
-0.04793585
-0.7881744
-0.2343694
0.279814
4.86
6.812129
5.293081
0.06521085
5.205964
4.892034
-0.04986805
4.610752
6.414198
8.566679
5.387074
0.712034
5.547602
7.78582
0.8479567
5.59393
6.349852
10.28864
0.8595854
5.906623
4.353199
5.267661
3.907505
4.112005
1.744826
4.518401
-0.3398439
-1.166387
3.314528
1.300087
3.336202
5.223771
4.583656
4.010556
4.924771
5.307413
4.277611
5.836639
4.909583
6.687253
5.336656
-0.1191774
-0.2781288
3.670418
0.7912694
-1.023717
10.46128
4.258182
5.172482
5.780454
4.398359
4.981961
6.144035
-0.4407366
4.981809
6.105787
4.328737
-0.8567714
5.213773
0.5195053
4.465509
5.699029
2.197502
-0.3049101
3.429349
-0.5496778
4.56987
0.6879585
4.655786
4.645615
0.2528592
-0.6598972
-0.08828654
3.864416
-1.196123
4.979807
5.58718
4.020682
0.1198891
0.5171236
-0.4423162
4.194824
4.650307
5.662533
-1.001877
5.18511
0.1048669
5.351071
5.107293
5.840318
4.720787
-0.2551559
6.059199
4.572234
3.770293
3.982601
6.453597
0.1908686
1.072537
4.582758
1.299707
4.878944
-0.7721104
0.7745099
4.658034
5.064018
0.9880227
4.32846
0.07865491
4.078925
0.3442935
5.197244
4.926766
-1.332986
0.4148953
7.372318
0.1404897
0.6063782
4.982532
5.352951
-1.152008
6.348859
5.697178
-0.1173579
1.239668
0.004061567
-0.1929411
-1.157085
0.536651
5.380879
3.700011
-1.365055
5.938214
7.536437
9.017812
1.891356
4.857071
1.65301
-1.272485
3.656667
1.06271
3.400896
-1.159968
-0.5793654
6.218099
3.567101
5.00314
5.692662
0.5025996
4.291892
6.777751
6.634268
-0.7944612
6.393686
4.162255
8.298163
5.872703
-1.268189
-0.0338722
0.2340512
4.02631
4.882649
3.429923
4.714159
-0.9312967
0.9547565
-0.4422548
-0.0220301
1.658152
-0.9403808
4.951248
7.580629
0.4793677
5.546849
3.702883
5.377738
4.388905
0.03475508
4.687066
5.153373
4.434844
3.087034
0.2907952
2.59457
5.989051
4.347433
1.77131
4.794596
6.36355
6.351604
4.929121
3.772959
3.960632
0.3711491
-0.175605
0.7611449
4.385674
5.332923
-1.170294
6.820871
4.522868
-0.1824941
5.101575
-0.2864678
5.547631
-0.815144
5.293096
1.072742
5.526178
5.922016
4.292478
4.035456
1.592288
3.821457
4.987304
5.221646
1.657284
-1.498574
6.118205
6.189256
8.865835
5.702672
5.532332
0.3346046
0.4731291
-0.5512177
-0.6841114
4.465776
5.108582
4.304229
4.562347
3.963033
-0.3849096
4.491219
4.564691
5.786322
-0.6284185
6.146986
-0.834525
5.917698
5.452135
6.366938
4.874016
4.33827
6.869235
0.8489598
8.797586
6.109772
1.606439
-0.5192417
4.461858
0.6993969
0.1798176
1.466845
-1.743937
3.919229
4.688279
1.332573
7.101006
6.579111
1.956847
1.18672
0.4635507
4.045507
5.33216
0.08973316
0.7186878
0.1389884
-0.3547784
5.048361
1.127958
0.8660803
1.357251
2.116406
5.410729
-0.501621
4.623799
-1.072447
5.977142
6.197862
0.688266
-0.1964826
4.332918
3.635887
5.337127
4.877499
6.137366
4.55226
5.189106
4.692065
1.845453
4.195874
6.472057
2.030578
0.1452019
5.465444
-0.2661834
-0.4550673
-1.154121
5.005921
1.552677
5.406121
3.988694
5.920777
4.866828
-0.2044976
5.687777
0.5574975
4.913566
7.195649
5.186454
12.37627
-1.141156
2.832721
-0.3362146
3.284443
-0.6556376
4.758365
-0.299585
6.296605
5.035507
2.400752
-0.1514347
6.494201
4.696299
5.310089
-0.6263526
0.8955074
3.372664
0.5987931
5.700414
-1.196322
5.76408
0.3862317
-0.6337982
9.62424
6.406762
3.546116
0.9599078
0.2449375
4.027392
-1.517738
5.050055
5.398803
-1.363625
5.859717
4.060496
5.391721
-2.009636
0.05532897
-0.1741064
4.19705
-0.5468525
6.047828
0.8464351
-0.520022
0.7058295
2.034397
-1.46488
0.3667157
1.568972
1.045021
6.655253
5.604734
-0.8311538
0.7031159
5.517203
5.862703
3.986676
3.975169
5.267018
5.42375
4.946582
4.513279
0.7784617
6.354794
5.498147
5.585444
7.458528
3.768362
0.8653569
7.452948
2.917438
4.353141
6.264022
-0.9732125
0.3348517
0.03524361
3.415904
5.369916
-0.8993194
5.651546
7.174412
-1.283709
9.617361
4.120021
5.634734
0.4095308
2.028454
5.808259
4.979936
0.3603859
-0.9836048
4.513485
4.867902
4.917122
5.09527
-0.7512789
6.552198
3.09189
1.77901
5.563365
5.219869
4.225124
-0.8795248
3.862673
7.567692
0.6706595
4.994847
1.042303
4.635272
-1.089976
3.672494
1.634552
5.049223
-0.7901556
4.345532
6.698808
5.660137
3.342665
-0.4161399
-0.7894659
4.705852
7.560006
-1.003094
6.473722
-1.078197
-0.5260433
0.6078719
0.2398826
0.4898364
-0.2403149
4.481477
5.901671
4.387722
6.275608
3.714796
4.977363
-1.191933
4.86038
-1.273015
4.82304
-0.6101096
3.931659
0.9451829
5.093457
6.03459
4.142145
-0.3221615
5.524216
7.718081
5.929488
1.75021
2.163297
6.576315
5.10211
1.276091
-0.07809246
0.7066791
1.051831
5.895034
1.344549
6.248167
4.393713
5.929476
-1.963596
0.4159598
-0.4478561
-1.36731
-1.446438
4.307814
3.113889
0.2029657
5.290903
4.340609
5.038359
6.847086
4.265536
0.08512793
0.9661053
4.663401
0.2328129
4.511678
-1.204291
3.104078
1.489259
3.929281
7.77289
5.275111
-0.8463547
4.875885
4.951948
7.263761
4.94796
5.898972
0.5159021
4.819935
4.597046
-1.000975
9.440935
4.125832
0.2588306
1.155779
5.008206
3.95008
4.638666
6.399954
4.116794
1.694969
6.269467
3.038756
5.557353
5.941544
6.07106
4.317182
-0.09098982
5.858954
5.0814
6.145006
0.007494847
4.166595
3.800829
-0.4212427
4.298119
4.762694
0.134548
5.492346
6.609337
7.004977
0.9776969
4.846848
5.058257
5.058835
0.8161524
4.54536
0.3200733
5.047689
3.379704
4.293692
4.842392
4.582796
-0.2535211
-0.2547385
6.650235
6.082801
3.693842
-0.4809341
1.34439
5.019456
4.901376
-1.447493
5.662533
5.110638
4.134032
5.711946
1.851711
5.65123
8.004955
4.979201
-0.8987071
0.2143713
6.189675
-1.676534
6.095818
5.910614
5.435598
3.737133
4.074895
3.581729
5.842616
4.263625
2.427589
-0.6765898
3.492191
5.093042
0.2694233
5.511518
-0.7387919
5.573291
4.393837
3.225349
4.859198
-0.4011364
4.217197
3.926068
3.694981
-0.8480719
4.730101
5.817547
-0.6809368
0.657025
0.9825172
5.326137
4.744233
1.282179
-1.512306
3.939221
5.347662
5.387951
6.039746
-0.3807023
1.611622
-0.291245
4.926019
3.891813
5.187772
-0.591252
1.753025
5.171553
3.450686
5.277663
4.471439
5.31077
4.167133
-0.641628
-0.9773258
-0.6007008
5.189865
2.119273
0.3775807
5.881776
4.601938
4.850957
0.410841
1.275864
3.543557
6.73911
5.466396
3.369341
4.07661
1.675001
0.4373899
3.88813
-1.533169
4.76895
0.4246189
-1.629835
4.309582
1.1719
3.393092
3.588215
2.966196
5.264009
0.504604
-1.834973
6.357749
-1.068099
5.619466
-1.352205
1.629088
4.095853
1.895772
0.3983281
4.031488
4.413799
0.3420134
7.366957
5.536964
3.518542
3.710173
4.729317
-0.5225492
0.07625769
1.087512
3.375854
2.526206
4.083984
3.465371
4.402127
-0.8275328
-0.6025218
0.5409457
4.416206
2.204963
-1.185483
-0.1465394
4.041642
4.151781
3.667121
5.104875
4.327878
0.6596718
-0.6688237
6.140107
5.102216
0.6877367
4.505831
3.093507
0.7947038
1.361207
5.254698
5.991345
-0.2114094
-0.2867989
3.464905
9.373964
7.797523
1.566246
-0.3453057
4.15363
5.835281
6.318577
-0.511616
5.63058
5.58126
-0.1690717
5.867858
-1.266608
1.739629
5.272758
6.114988
4.935454
6.340933
6.157506
4.79741
3.874602
1.369709
5.440853
-0.6242356
5.329396
4.91892
4.545671
4.644533
4.652325
3.834026
2.488686
0.4413272
-1.961469
6.027126
0.2560791
0.9573062
0.7298562
4.51894
-1.54782
6.488406
-0.8792926
3.079544
-0.9576953
4.581635
1.015164
-0.7197711
3.619961
4.567274
-0.6774416
4.656467
0.7825571
6.614757
5.962936
3.776415
3.822986
5.754421
0.692711
-0.0465643
1.238219
7.212861
4.433367
-2.04944
5.133037
4.674109
5.298298
5.75028
0.2081735
4.107734
-0.125096
8.437561
4.064029
5.895126
4.452449
0.0594502
7.052069
6.52297
4.811887
4.78451
3.230553
0.8188597
4.142351
0.1250721
-1.155488
5.141616
4.735572
6.122844
1.936785
-0.3226245
3.963235
5.941079
-0.221262
7.115196
6.059935
5.704922
3.706515
-0.9023849
2.141378
4.960813
3.829674
5.860455
5.65013
-0.5522077
-0.6870588
5.982605
1.914878
-0.01078008
2.115309
5.653918
5.170206
-0.7819564
0.7124457
6.928542
5.989602
6.032444
-0.200351
-0.7103021
10.309
3.237156
4.936064
10.4108
4.090595
5.947306
-1.582545
6.035815
-0.8742721
4.432067
5.491219
0.7862864
4.332781
0.3148819
5.988367
-0.74365
0.3143406
5.389984
5.810163
-0.7512886
0.1741063
0.5369086
0.732128
-0.241178
-0.83967
4.457391
4.788898
3.590152
5.118675
5.041275
5.157827
5.661563
5.18487
4.777149
0.2714202
1.163047
6.31562
0.5102396
4.83529
5.816551
0.72058
-1.408059
6.178824
-0.1056398
5.795863
-0.525917
4.210915
7.007231
3.71444
-0.2686259
6.575786
5.091278
7.762992
2.815027
4.229927
2.065332
4.697435
6.037166
-1.197829
-0.2647497
0.4774277
0.1946789
0.2695744
4.448518
4.959914
1.713652
-0.2008557
8.965541
3.992211
5.53144
1.898087
8.947974
-1.134731
0.02769982
3.166085
-0.05832858
5.448495
4.397507
10.17471
5.733092
5.272515
0.6893868
-1.203388
4.607488
5.275948
6.944172
0.6020971
0.6545091
5.781293
6.530403
0.6292504
1.433441
5.847337
3.952815
-0.130613
1.739522
5.196865
5.000086
5.369534
3.735091
6.412854
4.975902
0.5549478
1.33353
5.035821
4.791814
-0.3956247
0.3973725
5.310129
1.132048
3.468092
0.2728633
4.134904
3.098
-0.3062363
-0.4216502
-1.54508
3.186965
4.944635
8.616691
5.224687
2.898219
9.066618
6.343468
5.142028
0.7926133
4.47219
5.280771
5.345419
7.793971
4.775557
-0.5031024
-0.2135717
3.321672
5.728435
5.519882
2.866702
4.270115
-1.787298
5.724215
8.057332
6.297974
5.814757
-1.09491
5.354867
-0.1892441
0.8189881
-0.8303776
2.059409
6.078305
3.786564
0.2522093
0.2919793
0.09503828
1.383492
5.942138
1.014378
5.807673
0.4251017
2.899478
-2.287698
1.107842
-0.4339603
0.5661509
6.652804
2.416336
4.951139
0.7395582
4.566385
8.110495
0.04859816
-1.540422
4.092753
6.204957
2.661936
7.743655
0.5328341
4.110699
0.3885445
0.2111236
-0.4917992
1.155443
-0.1220633
4.595684
0.6507466
3.832353
6.096782
0.5166939
-0.4085658
4.863832
3.312927
5.350191
3.438714
0.1944003
1.937061
4.209406
-0.608615
4.833633
5.60303
6.326963
7.386033
4.824332
2.992265
3.887576
-0.2275774
-0.2104736
2.64632
-0.2891024
4.055508
-0.0400121
5.251433
5.276813
5.193439
4.712936
0.2750196
-0.2138654
5.289096
1.907464
5.185054
1.344993
3.939595
-0.9238118
0.2108987
5.314132
4.575847
-0.5552854
2.339799
5.598918
5.930059
4.465518
4.312563
1.72513
-0.4130385
4.697425
5.157413
5.593383
8.685603
4.580639
5.657066
5.09536
-0.4507638
5.27682
6.582325
1.122241
0.8353302
5.168863
4.671606
0.5007936
6.70825
7.396162
-0.781785
4.235356
-0.4562807
5.436806
4.905407
4.794027
4.504243
-0.7194282
3.765954
-0.09916932
1.705644
4.332808
5.601227
-0.4698276
-1.071912
4.906714
-0.6069334
10.11722
7.276879
-2.004979
-0.1422955
-0.1557804
1.076878
6.982324
8.270796
2.297518
4.626366
4.239611
-0.4249191
4.563578
5.17637
5.847179
6.486621
0.7476662
3.725306
11.71527
1.00943
0.6048417
-1.407376
4.310581
2.729251
5.667926
0.1091336
5.064588
3.881045
6.219272
-0.6941645
5.944527
-1.588532
4.105603
5.634008
-0.2029423
4.791025
-1.939586
4.819874
0.02858373
5.195542
4.917932
1.802977
0.4364919
7.618316
5.263936
1.175074
4.66509
6.043326
-0.496296
4.981829
-0.04449591
5.388449
0.0105307
0.9192805
0.5901702
-0.594009
5.854564
3.936157
5.632052
5.60497
5.944202
7.143818
5.249357
3.477757
5.818451
3.33476
4.846319
-1.682505
5.371849
5.360931
-0.9959815
2.552736
2.983193
-1.24844
6.056951
6.009638
1.610945
4.084354
0.2699017
3.869464
4.183259
1.831668
4.611481
-1.28465
3.329457
-1.619574
-1.853325
6.176911
-0.02847061
-0.03670646
0.7521567
0.53766
0.4742691
5.193786
4.404786
-0.6476749
9.470054
-0.7279127
5.936671
3.241095
4.625983
-0.1835701
1.452287
0.6627516
4.182531
4.043231
4.092071
6.189128
5.395775
5.02092
4.149257
2.444059
4.988521
3.043087
6.831485
3.865425
-0.005004588
-0.1975636
4.183167
5.012532
5.123705
0.3554121
1.822756
-2.359562
4.732951
5.821134
-0.07988605
0.3613167
-0.8817671
6.90652
4.151341
4.895042
4.273196
4.911598
5.71682
2.878517
5.253844
4.426448
5.115777
4.682389
-1.235404
1.796637
5.084814
3.828662
0.9751541
4.693116
0.6245797
0.05187467
4.801836
5.528502
6.371062
0.9527965
0.1964976
-0.5184697
-1.250417
0.6204963
4.699901
1.72532
5.141876
4.923346
4.739322
-0.6306778
-0.3601996
-0.5497593
6.790026
5.132627
-0.7228273
0.2793505
-1.72694
0.8295232
-0.2559387
7.034772
0.3115482
4.222086
4.612489
5.008177
0.3060076
4.676722
4.450208
6.149208
0.6062465
5.639066
9.350442
6.239238
5.618876
-1.529794
0.7129817
-0.7437427
4.218832
3.767983
3.970527
-0.1532362
6.035578
1.211153
4.933549
0.06370011
5.102584
2.617599
1.261616
-1.394292
3.372805
-0.6849538
5.553827
6.010596
-1.124302
4.971415
0.2211008
-1.250007
5.657856
0.8880373
4.860614
0.6369347
-0.5881277
2.322589
-0.5705329
0.3421037
-0.5183778
3.265167
-2.640468
-0.2606893
5.405311
0.3383713
0.9320412
7.839661
0.263896
0.07160164
5.696907
-0.8816927
6.719102
6.036596
5.923807
5.65216
0.1148451
-0.6760335
6.381779
5.294749
4.061611
4.194426
6.543006
1.233097
7.33299
3.392453
5.097151
3.546546
0.5564206
-1.853858
7.42001
3.776043
2.369188
4.939283
4.717607
-0.9839096
5.81024
1.255193
-1.245942
8.765298
6.332813
1.360628
0.8820667
-0.9241214
0.1509095
4.610654
1.154214
-0.2595556
-1.850352
-0.4404704
4.302265
7.211135
5.585701
6.898639
4.502534
4.630358
-0.1793664
6.100609
-1.194618
0.6619689
-0.8843163
-0.8010549
5.713634
-0.375893
6.044357
-0.5241625
5.204778
-1.089012
2.875902
7.506918
6.150321
6.511421
-1.122157
2.966384
4.184752
12.67922
7.442948
4.687531
1.128523
-0.5403944
4.303037
-1.505873
3.949187
0.9777923
0.5424947
6.860598
6.189818
-1.334716
0.5724545
5.027188
-1.696197
-0.3989317
5.497036
4.844818
4.913294
-1.748215
3.182151
3.836163
3.63995
4.782771
0.9559416
5.566515
5.683939
1.75401
-1.159788
8.734584
4.834405
3.506051
5.840861
4.745246
7.591082
4.76704
11.89611
-0.03399383
5.680899
-0.04583324
0.8893521
-0.3119519
4.605075
-0.4168902
1.428532
10.97103
0.07633293
5.43966
1.205561
-1.391184
4.854772
6.862249
4.731389
4.55795
6.548011
5.881318
-1.088065
2.446336
2.961772
4.885915
4.480938
-0.5444979
6.040515
-2.531625
0.4522711
2.776316
0.224028
4.416314
1.354385
6.597281
-0.8595366
1.081763
3.16659
6.074205
-0.07297651
1.671128
4.932786
4.482736
1.810593
5.286513
5.795361
-1.042023
4.515043
0.4138604
6.259514
-0.5629797
4.68321
-0.3181028
4.249872
-2.115226
-0.3946843
5.228351
-1.380624
5.16472
4.796756
5.325452
1.017453
0.1102787
-0.862157
3.150868
-0.3694416
5.829402
1.656739
4.25251
5.819311
5.418205
-0.3046129
4.689926
3.781346
4.973152
4.383705
6.979511
4.830228
5.733949
5.475881
0.4075323
3.874331
6.357681
6.892081
3.823884
0.8895959
4.489572
-1.066528
12.34497
5.54864
0.7896363
2.286672
3.21789
0.7623565
4.464886
3.572863
4.167415
5.678311
0.5364069
-0.3434396
0.02588254
6.876678
4.587169
-0.6626566
4.352622
4.477189
5.176282
3.777089
6.50078
5.31633
-0.566233
-0.7739605
0.5972798
-0.8405697
0.8682888
0.3466762
2.111842
4.952866
7.800019
4.96199
-0.07240992
-0.7960881
2.972332
5.895077
5.078173
3.957335
1.373792
-0.5201012
7.19841
4.014912
5.256588
1.056679
1.87351
1.734759
7.155198
-1.410412
-1.629245
5.72849
1.019391
-0.6864212
-0.02154801
3.536396
6.51965
4.245203
-1.253101
5.063213
4.06551
5.891495
-0.330199
-0.9364534
1.464667
4.272213
0.5385795
0.2633746
0.3818216
5.934605
4.096582
4.820495
3.957834
0.8043312
6.487784
3.626795
6.321547
3.366025
-1.98464
4.462494
3.926251
6.044766
3.596915
6.245563
1.501107
0.595313
-0.7864703
3.644802
-0.8312081
-0.8480946
1.846219
7.546051
0.2110935
-1.060027
1.287394
0.5510653
5.062352
3.847271
-0.2473134
3.918137
-0.2407005
3.732734
4.636203
1.184091
4.643594
-0.275111
3.284082
0.8786414
-2.133348
-0.1646079
-1.122909
5.063341
0.374725
4.870674
4.496974
-0.7388187
-1.468487
4.660238
6.383143
4.698658
-0.03695028
3.566842
0.7800157
5.104679
0.5375952
-1.024944
4.908545
8.480544
4.937843
9.561645
4.107709
-0.5041159
6.274729
1.104885
0.1590014
5.48454
0.6505326
6.360699
6.433561
5.606944
-1.12936
2.724751
3.048595
-0.6737772
-0.9384905
8.658303
-0.3422606
3.974209
4.88851
2.313892
6.743472
-1.005534
-0.4459747
1.599754
4.061765
1.108206
-0.5585708
11.10709
5.847833
3.743713
-1.214063
4.435278
5.232251
4.089997
5.229889
3.822497
3.069422
2.911943
4.711136
5.984074
4.365772
4.523479
4.815502
-0.4204069
-1.011877
5.63764
7.216644
4.130335
5.527144
6.027738
6.277236
6.208542
5.745679
-0.2622929
5.714998
5.161946
0.05557739
4.980035
0.5815486
1.803468
3.822451
-0.2458067
1.172597
-0.5342398
7.306339
6.980825
3.349297
-0.5374812
4.99868
5.308772
3.720842
5.151688
4.441602
1.034295
5.432973
4.844903
-0.1931558
-1.284123
5.898131
4.615658
-0.4759323
1.201332
-0.3006721
6.026451
0.9721124
13.60449
2.561363
4.935986
8.69763
-0.6180565
0.1100394
0.6734323
-1.203406
6.552828
-0.8896667
5.722932
6.046026
6.170816
6.025169
4.454957
-1.026727
4.437894
3.347346
0.07059521
-1.042059
0.1097857
3.942024
-2.55919
0.9154614
8.6527
6.424415
0.6622019
4.657839
5.446812
1.042809
5.480199
-0.6694131
0.3388052
4.556234
4.865538
4.542528
4.399539
1.243536
3.510287
3.373505
6.250516
5.069946
0.1783468
5.826203
-1.232067
1.172917
6.46081
3.077548
0.2284676
4.285363
-0.6940617
0.880086
5.066361
0.1369466
4.931676
5.82634
0.6399505
-1.609948
3.980719
0.6344585
4.610036
1.034255
4.391278
-0.3155619
6.114448
-1.289822
-0.1716016
0.1578102
4.338152
4.267694
4.671713
5.714205
4.860063
4.92127
4.752185
6.356351
5.074045
0.1225715
-0.1013763
1.13328
4.373335
4.179181
5.287265
5.579671
0.5112601
3.267012
0.0114711
-0.8912481
5.447867
4.533554
6.924225
1.521384
-0.8096383
5.45968
5.511978
1.043719
4.238165
5.991158
0.1199934
5.889309
5.945749
6.365413
1.723075
4.481142
2.079505
2.618207
-0.9128859
0.09773656
-0.6132375
5.51544
4.802095
5.586141
3.553036
4.969943
0.5716938
5.140085
4.683485
4.799588
4.435981
5.229482
-0.3653346
0.7421396
3.035945
2.551443
-0.7460137
7.489688
2.773378
3.691553
0.8693571
1.389224
6.754518
-1.095502
2.032434
4.139373
5.925545
4.820464
5.918354
4.845231
3.277935
1.89276
-1.027169
0.3588395
5.367163
5.567305
6.022958
-1.856829
1.699323
5.756983
-0.4193861
5.486708
2.432293
4.435889
-0.1359145
5.263353
5.248278
-0.8029773
0.5025505
4.288856
5.691756
5.469958
-1.220944
5.653138
4.251605
4.083127
6.850759
5.63904
-0.3619155
4.971337
-2.068926
5.190958
3.959494
3.115852
4.09961
1.486584
4.525812
4.736934
0.6919698
-0.4058261
4.792237
6.914623
4.47137
5.646038
1.924529
3.95227
7.152748
5.665539
11.28046
4.521226
4.375918
3.795235
5.400802
5.281307
6.882318
5.451704
5.027106
-0.2389145
0.07836873
6.511501
-0.2909748
1.782396
5.959609
0.2403603
1.324507
5.107769
0.3364681
-0.9342996
3.348656
5.062015
4.983062
4.535043
0.8567489
3.183857
0.2917567
3.67434
5.121645
4.002237
-1.196408
4.120698
1.750949
4.043482
5.066894
4.401492
4.274028
5.422853
1.071188
7.146808
-1.515017
4.86726
5.837827
-2.068195
2.044758
4.810875
5.479195
2.009381
-0.9084515
-0.8397926
-1.031752
4.012411
4.969699
4.665848
-1.424612
6.180391
1.752927
2.746224
-0.1722412
3.952667
1.187935
0.3000038
-0.905557
-0.05603724
6.087704
5.123392
-0.9951163
-2.025833
-0.656129
5.75675
5.151493
6.322404
8.597794
4.382541
5.363717
4.467897
-1.041572
1.666394
2.899974
0.2690878
0.8586884
4.472861
0.8578379
0.2922409
0.222089
1.650201
5.971606
0.8028462
0.0006583966
1.142899
-0.2180697
4.988451
-0.7018081
7.164592
4.001333
-1.463739
-1.058766
4.980857
5.018931
5.169961
4.034171
7.792054
0.3788635
4.389253
-1.467956
-0.275352
3.009716
5.19344
3.340674
-0.5770169
0.8968335
6.327661
4.494954
-0.121535
0.4565928
4.578965
0.491871
6.449009
1.348694
4.246442
5.59618
4.416279
5.267368
-0.9163523
1.234122
7.306839
-0.2252173
5.353355
4.407845
7.226036
-0.2618929
3.65067
0.5904888
3.501114
5.603595
2.574729
0.885093
0.1963787
5.037517
4.758779
5.575423
6.281144
4.548528
5.486882
3.207019
4.512492
6.074159
0.2924761
1.334384
9.487091
5.343193
-0.09736539
4.266472
5.326784
3.085588
5.120893
6.477121
4.268256
-0.02274813
0.4336428
-0.7293727
4.496051
-0.1024167
6.20552
-1.253191
6.570723
5.395981
5.79339
4.228236
2.327425
4.727612
3.209732
4.723615
3.323705
0.1434014
5.171846
3.961805
1.60339
5.449884
0.5553839
3.489822
3.990299
4.452315
1.897528
4.331352
6.222162
-1.390857
1.530419
5.051393
6.830326
-0.7577513
-0.4050783
1.017356
0.7173336
0.3302051
3.483277
4.409408
0.01702757
-0.260238
5.268814
2.837634
4.675054
4.780984
6.094583
5.193512
5.017396
-1.020106
-0.1947515
0.9481921
1.766382
4.622556
-0.05734937
-0.06399339
7.083052
4.308104
4.427394
6.309327
5.043616
4.529051
5.457799
5.178288
3.544267
11.74965
4.860245
0.4195513
4.872582
3.993561
4.824372
-1.813919
0.02143239
5.418485
5.01009
5.259203
0.09540332
0.5859136
2.244466
6.152971
-0.1832758
-0.5453187
5.193736
3.944084
-1.094801
1.088959
5.955916
-0.809924
4.569447
3.372075
-0.8635482
3.238355
4.585532
1.790018
2.701777
-0.4186471
9.774743
-0.8110055
0.6099214
-0.2133181
1.397945
3.38328
4.860869
0.2071329
4.833787
5.615551
-0.4397884
4.728653
-1.596103
11.53387
0.4371448
-1.263759
4.284554
-2.319071
4.413499
-0.3877985
4.557875
-0.260012
0.4113274
6.098733
5.704921
0.4457357
3.045032
5.532292
-0.4218988
5.679908
0.5222454
5.331196
5.580003
0.9349865
4.246251
3.813765
5.415641
-0.9714704
0.5194015
2.625199
4.604059
2.948694
6.686333
7.373634
-0.3963895
4.569617
4.060899
0.5030558
1.017937
0.04962377
-0.4432399
3.67484
5.07259
-0.5632006
2.977934
6.579259
2.103401
-0.2611381
5.390717
4.651393
4.727397
3.974535
5.107785
2.876591
-1.11742
5.845921
4.954747
1.893883
3.473089
5.240926
5.547004
5.690345
5.101673
5.57035
6.340824
4.392372
0.3803306
5.436385
3.278793
4.050853
-0.9328844
-1.236099
-0.9836076
5.078272
5.054696
6.430729
6.448701
5.22927
5.974911
5.439947
1.783248
-1.906722
1.437333
4.525415
3.667892
4.183761
3.359701
-1.440322
6.15811
-0.2509011
-0.4902011
1.278955
0.4764374
4.31709
-0.772743
2.791068
-1.007733
4.924836
3.616047
6.73565
4.103794
-0.03711466
5.266607
0.6993304
4.744941
-1.324395
0.8115559
4.221789
4.109636
3.68679
2.295418
4.162426
5.950498
5.563972
5.873541
4.627401
4.521171
8.441086
7.023627
6.827458
1.404133
5.660969
3.505869
4.642416
4.800329
-2.220422
5.136994
-1.350078
4.551604
5.093985
5.049129
4.571461
5.698342
-0.05214001
4.998588
4.118939
0.9348094
5.357398
4.258125
3.800542
5.187191
5.472716
-1.471818
0.88281
5.609472
6.568178
0.1238796
4.709973
1.350153
6.449048
2.300785
6.501317
3.654823
-1.530323
-1.061503
-1.266874
-0.1515534
5.08738
11.44967
5.419497
6.175255
7.098336
5.029471
0.6728928
0.369778
5.569734
4.079876
6.841012
5.419744
0.8714734
4.269062
4.619791
0.05986019
0.6693707
7.052608
-1.484284
0.4293
6.377855
-3.354453
4.09968
6.191787
3.688274
2.456567
0.7024786
-0.3201427
10.83813
6.086165
3.230008
6.229292
-0.6226602
0.5009073
0.4176587
4.750633
1.107268
3.159412
5.646265
4.588468
0.3024393
1.106007
1.053288
5.911218
5.356491
4.769032
-1.383937
-0.01286236
-1.036722
-1.40878
1.285732
0.9119232
5.417525
7.211499
-0.6865436
4.531158
4.222809
6.091288
5.59737
2.072171
0.7579802
1.714686
4.801082
3.816753
4.650884
4.331631
5.610813
0.2192632
-0.499042
-0.3281624
6.124297
-0.5393955
5.774628
4.586668
1.104791
-0.2092868
-0.4261273
-0.07419809
-0.06291546
-0.7577019
0.08886506
-2.649741
2.350046
6.369645
3.985332
3.811734
0.2617872
0.7910606
5.053538
4.678693
4.975605
1.646121
-0.1573623
6.470128
0.2368114
3.888347
-1.010392
3.314178
5.327578
6.956568
5.800978
5.147811
5.824691
4.009525
0.5045855
5.302617
5.684375
5.425182
5.931337
1.172802
6.205579
6.76606
0.4263641
2.132706
4.86013
4.371306
1.451023
6.155188
0.1752854
0.3091931
5.203102
0.1745507
5.63105
7.094465
1.087258
7.118458
4.215592
6.125877
-0.5922299
6.638546
0.3579617
6.537876
11.22248
0.02834466
5.316474
6.841797
3.887968
4.706523
4.816953
3.530923
1.693695
1.431815
-0.4040598
-0.8222582
-1.794351
-0.6682121
-1.549463
-0.6256573
9.120362
6.534205
4.162784
6.625983
5.688166
5.475938
-0.4513133
1.733618
4.997766
4.434424
-0.1729345
6.744251
4.960776
4.480748
0.1451662
1.360674
1.090175
5.713601
-0.9286806
0.1391211
4.912931
5.181552
-0.9490993
3.876734
2.876546
0.1283066
-0.181795
-1.675262
0.8893834
-1.327186
-0.2906242
5.554044
5.788279
5.347378
5.20148
0.6888725
-0.6126859
6.879787
5.66857
0.4370477
-0.02526574
0.5041932
1.343765
6.122562
5.097765
4.509868
-0.4326441
5.959093
3.248089
5.100955
9.574832
-1.448636
-1.323468
0.9924901
4.126039
0.9694404
1.816045
7.349215
4.687808
4.705432
0.6793535
4.913277
0.1515436
5.317339
-0.5630055
4.672357
5.019409
0.1602538
5.108767
6.610275
1.382035
3.63517
5.168166
4.574518
5.107419
-0.07681898
1.230305
-0.08605375
0.3231011
5.085037
0.6667819
7.267997
5.53803
-0.2967221
6.122227
-1.014318
9.178182
4.437405
5.497885
-2.021678
4.664049
5.760257
5.692833
4.731799
0.9624995
0.2928392
4.698235
5.217834
3.612575
4.068132
-0.3770618
5.275306
4.653366
6.295629
4.664051
5.141093
0.6842945
6.983422
3.743845
6.078324
9.789588
3.010666
3.131569
-0.8493195
4.585854
-1.164825
0.4182741
-1.933276
-1.958208
1.852701
5.233174
3.248785
5.815162
0.5338539
-0.7225613
-0.2279637
4.699736
3.353836
-0.8597919
6.869366
2.906379
4.82997
5.66864
4.708937
5.339088
3.453384
5.657102
3.824498
0.6467737
4.09269
1.823464
6.853106
3.984801
4.057222
-0.1828162
5.464506
-1.961615
3.399561
3.941596
1.003688
2.202195
8.810009
6.784363
4.194124
4.197097
-0.6010413
5.025044
5.196364
5.030611
-1.561985
7.022656
2.996001
6.71415
-0.2558775
0.6950356
6.065639
5.87611
6.044803
0.4469242
4.759846
1.468206
5.316518
0.01871689
1.31664
-0.4868409
7.246213
4.790154
0.8410871
-0.7258224
5.466152
0.6966938
5.329274
5.165716
4.599438
3.919389
-0.9202531
-0.4464212
4.775648
1.863808
4.798332
3.987322
5.77856
4.49851
6.476303
5.000687
-0.4802085
3.467837
5.481875
0.8296341
4.529833
6.247976
4.084134
6.009481
-1.619052
5.091576
4.398993
3.413517
5.733253
4.98419
8.478319
3.317065
7.437245
3.514161
0.1407052
0.9406492
5.318546
6.453518
-0.01044612
0.5591908
6.206167
5.434973
0.3692799
2.034468
1.780384
4.931878
-1.037885
4.309718
4.977411
-0.2125818
7.483313
-0.1595241
5.903877
-1.328746
5.115163
0.1141839
4.64483
5.738086
-1.486816
6.223885
3.934237
1.359284
3.894188
0.4623758
-0.434788
1.08679
4.095732
5.940329
6.028676
4.213691
5.064948
4.578569
4.6814
4.583248
5.13253
0.2553109
0.5751844
6.435673
5.100135
4.0135
5.46704
0.7267581
4.922407
1.122897
6.078982
6.097415
5.783533
-0.02013463
3.93335
1.280542
1.661789
5.190243
1.936035
5.535354
5.525184
5.469948
6.234966
-0.8660863
0.7477702
3.806734
0.4508975
6.078802
3.974866
3.677418
1.19534
1.458786
4.823199
6.60479
1.377023
5.348279
4.960681
5.069324
5.500727
-0.7113852
1.057399
-2.000088
5.323702
0.1867532
4.395934
0.707856
5.273397
4.427874
4.002759
5.985858
-0.9124753
6.405308
5.484783
4.241597
4.277398
-0.5546196
-1.160542
5.105279
0.8674118
4.998859
0.2424917
7.026968
-0.02465135
-1.158286
4.083531
6.327787
0.2488413
4.81343
4.503265
4.922798
3.926682
1.432407
-0.7233664
4.920507
-0.4152042
-0.5636191
3.709914
-1.088345
4.076773
-2.023441
5.508735
3.476453
0.7749606
6.692111
3.533571
5.965626
-1.38633
1.095508
-0.471439
0.075678
6.359335
-0.02517859
1.47519
6.761575
4.447948
5.333156
-1.160012
-0.9609247
4.08971
4.119122
6.816327
5.235659
1.731984
4.738107
5.057869
1.857414
4.223927
-0.1290623
-1.79467
-0.6305522
-2.90131
6.297224
-0.3517999
1.751354
1.013316
5.924701
4.436713
1.735984
-1.197447
5.561627
4.831344
3.752709
-0.2036089
0.1125814
4.421892
4.873116
0.4624746
0.3757125
4.761501
5.876214
5.663628
2.759224
3.964133
-1.321498
1.131233
5.324574
6.380209
3.884511
1.009191
6.48837
0.8004707
5.686674
6.463398
2.536634
-0.4010314
4.558511
7.662737
5.254071
5.115662
4.342757
5.829084
8.838844
3.89093
0.2757959
2.256781
6.560301
4.470164
-0.6836139
-0.245849
5.306306
6.141083
-0.6635707
3.774906
5.865896
5.433298
3.069752
1.099159
-0.4932653
0.5886237
3.631874
3.822794
0.567186
1.651294
4.431637
5.106773
-1.235349
6.711745
-0.1057475
0.4521656
6.702678
2.988438
-0.1441131
0.4699687
5.026559
3.75895
-0.6604539
0.7856519
-1.412198
0.07681791
-1.312019
4.080892
-0.06479723
6.007629
3.836377
5.767456
5.99237
-1.78709
4.053731
5.891461
4.729697
4.592272
-0.3526619
-2.317086
4.531925
-0.1201253
0.7325677
6.73954
0.06215211
-0.5465594
4.499693
5.155291
6.558155
0.5603231
-0.2660392
0.4160461
-0.0681355
0.8546573
-0.9100946
1.086931
-0.07176382
-0.2631572
5.365672
4.345217
8.533023
4.728315
3.589511
5.379406
5.390992
0.7875481
-1.754995
6.809949
9.856053
-0.8204248
4.705781
-0.3429963
5.063011
5.302824
5.885916
5.690489
6.562338
4.205285
3.498351
1.925437
6.147551
4.74792
7.417433
5.943424
-0.6783505
0.08061363
-0.8674262
5.3498
2.206213
-0.5293104
3.877868
4.767231
4.311656
3.886159
4.27229
-0.647797
1.070497
4.785778
4.497373
-0.5447732
3.673416
4.334235
5.286552
1.961054
5.434212
4.917304
5.902257
-0.8597344
-0.7917359
0.3366042
5.173299
1.112002
0.06239502
3.899434
1.219911
5.130278
3.735402
-0.4120571
-0.4931947
5.107957
3.928861
8.576041
5.389603
0.838944
4.634986
3.972247
-0.3210736
0.7033649
4.675443
-0.663051
6.133509
0.9789469
5.535457
-1.710196
-0.4506922
1.209914
1.900944
-0.7862367
0.6729538
3.852249
-0.1150006
-0.3415179
5.493796
4.930416
5.865853
3.593679
5.468171
0.5352714
6.528743
4.543326
5.759414
4.965474
6.173905
-0.1621844
1.279536
5.438385
3.441317
5.393993
6.75201
-1.199162
6.045727
-0.2567216
-0.07641607
5.170261
0.538285
5.126798
5.463965
-0.1069234
4.711007
4.79906
-1.510381
0.04436504
3.283269
0.2288126
4.61354
5.891072
-1.021593
4.365033
1.329304
-0.08444131
5.583152
0.4390451
5.227396
4.352688
5.215141
4.69539
0.3094646
5.816089
5.25447
4.90062
5.021222
4.382395
6.274248
7.052725
0.2689088
5.550534
4.755574
5.736353
-1.455904
4.287152
6.387455
0.8598235
4.787552
6.346069
0.2617054
1.70832
1.015331
0.6851544
0.8390582
5.008783
1.318937
1.147799
0.3059852
4.558402
-0.005073275
-0.3265459
1.188492
6.608925
4.684294
4.433259
3.058373
6.510191
4.737487
5.573474
5.102743
5.318008
4.340626
6.225454
5.647482
3.225847
3.964449
4.963145
4.646579
4.774017
-0.7527434
2.859755
4.2901
5.30502
0.5426863
4.30658
0.1355931
5.444127
6.939242
3.785767
4.546571
-0.7555481
4.53399
-2.971844
4.687864
4.342913
3.448913
4.573667
3.975995
3.697928
5.647916
-0.326039
4.854885
5.865064
4.03671
6.055375
3.064163
3.355478
6.088287
4.526151
1.414379
0.9388482
4.794602
5.075989
-1.090596
4.06503
0.6487088
1.210107
-0.7672501
5.365377
-0.2241087
6.765476
7.151519
0.9892356
4.752338
1.741562
5.676874
-0.7577052
0.4546651
-0.9334721
-1.162361
2.673342
-0.6065315
-1.111652
0.717983
6.118943
6.333986
5.983637
4.523077
1.293873
5.532787
0.4595588
5.126272
5.988447
-0.6059381
3.408011
-1.234438
0.2999941
5.239746
0.436506
4.503927
5.450778
-0.9458697
4.384704
0.5765898
0.1106295
5.592539
5.677113
0.5128336
6.515569
-1.193211
0.1126862
1.307056
1.303676
0.03519963
-0.8883774
4.704515
4.764527
4.219581
5.100198
5.505215
4.880603
6.167781
3.965106
-1.176398
3.421573
5.257176
-1.411617
5.011594
-0.2670798
1.186944
4.097168
-2.337739
4.744679
0.2949426
0.3260431
5.403374
4.589598
5.293403
0.6060851
4.532682
2.171779
1.050146
6.220544
5.92486
-0.6467609
0.04034881
5.847509
6.187716
4.964747
4.492226
5.781431
5.5353
3.728891
4.886226
5.30958
4.839175
2.391161
-0.8314384
6.424463
4.391821
-2.484973
5.451603
0.1238932
-0.7548528
4.719086
5.286266
3.287364
5.416617
-1.180904
-1.590178
-0.375743
5.990576
-1.721065
1.16292
-0.3409718
6.900127
1.533486
3.557663
-2.045385
0.5296003
4.907722
1.296886
4.60666
5.769598
4.622361
-0.2869875
5.035246
3.30392
4.535961
5.251213
-1.435212
-1.859158
-0.6256403
0.2668209
5.685456
-0.4490885
3.999329
6.221636
4.678523
0.4559371
-1.394942
-0.4677511
4.422879
5.490522
-0.7769597
4.63719
0.7249983
5.465532
6.281385
-1.234269
5.409432
0.9329622
5.455695
-0.51257
-0.1668113
-0.5330032
-0.3893097
8.670298
-0.5049916
0.5882696
2.867874
4.908908
5.509507
2.181057
2.079671
3.995757
5.712218
5.952454
5.560122
0.5656696
-0.7704063
-1.152121
5.965068
4.607166
4.777937
2.424695
5.258413
5.779621
4.928915
5.232676
-1.321546
-0.2338929
0.617851
5.44184
6.12365
0.4722837
4.396488
4.689917
-0.06453989
4.370047
-0.7008332
4.834619
7.871811
-0.4750663
3.776337
3.248983
4.639706
-3.270125
4.896013
6.581156
1.058988
4.72107
4.513192
0.1407345
1.164224
6.158632
5.633612
0.692285
0.8625011
0.4602736
0.4097664
6.666267
0.964763
5.720804
3.667031
4.678545
0.1304489
4.174084
-0.6879801
-0.5417328
6.223245
-0.4496248
3.265649
0.8569875
5.020579
4.214267
-1.319878
-0.06940276
-0.4280039
0.3629336
5.073633
5.010361
6.450841
10.6983
5.149344
-1.076158
5.189626
6.302975
1.9179
4.80696
6.224549
6.305961
5.229696
3.36648
4.309967
5.424754
4.802824
0.5575449
4.431514
5.285102
4.193153
4.554835
-1.284336
1.143034
4.349831
4.067782
2.884941
4.104224
4.037353
4.009087
7.822634
6.917883
0.5307748
0.9009243
4.718967
5.354858
0.3468718
-0.5852751
5.221741
3.095751
4.904594
-0.6657746
-2.064521
-0.02190566
5.331278
0.3419632
5.629342
5.447682
1.221006
1.147505
0.6246822
4.487511
-1.179508
6.454312
0.07147346
6.081865
-0.3689758
-0.2751696
-0.3919648
4.633489
7.05206
4.62376
4.156526
2.014353
-1.099924
1.807234
-0.01062567
4.989252
5.029937
5.881402
5.198487
-1.443127
4.204586
-0.130449
6.116773
3.317383
7.647558
5.33477
0.6923578
0.5480563
5.206197
-0.1728416
6.008499
5.383339
0.3185376
1.285262
1.450617
6.641222
2.587741
4.756123
4.744522
5.52823
0.8449569
4.94803
3.758251
-1.283619
-0.2701396
6.163139
3.733721
0.8210796
8.663563
5.732085
-0.6563494
5.550417
-0.2284457
5.484183
2.175592
4.464748
1.836707
0.8647959
2.233741
-0.7243545
0.3172163
0.208504
-0.9779438
5.315294
6.341104
0.5869747
3.250443
5.140466
0.1239353
10.55474
-1.334611
3.722387
-0.1635248
1.959032
3.428844
5.485277
3.816218
5.126304
-0.07082888
5.152221
-0.009368053
1.169181
4.367743
5.589811
-2.357091
-1.303476
0.8114754
5.350201
4.800655
6.209944
0.04738335
4.764927
0.5315231
5.418872
4.708557
8.801922
1.709526
3.480252
3.072403
4.715004
0.8083056
11.50602
5.11947
4.235432
5.063459
5.299262
-1.79263
0.2962583
5.770032
3.905225
0.6736905
5.283444
1.421563
5.698721
0.003355636
1.137504
-1.520612
4.40186
4.572927
6.656007
5.289252
4.82608
4.478969
4.983258
-0.4315756
3.866244
0.0140449
4.993576
3.630259
3.8135
6.699265
0.2195737
5.333792
-1.630216
4.992315
4.314912
-0.3952523
3.78116
-0.07791032
4.939475
0.4120108
-0.04575975
-1.760775
6.119044
5.722686
1.706033
0.842423
3.192661
5.757433
4.478893
-0.5143229
0.3814148
2.832892
0.1858183
-0.174421
5.625645
5.717812
5.393228
-2.028425
0.4405697
5.578619
4.183547
0.2670321
5.259224
4.357338
5.044333
5.433689
4.713294
5.707602
5.991495
6.724077
5.228263
6.249317
5.422926
5.466358
0.1155065
5.74102
1.045764
5.566776
3.215282
0.9015034
4.88907
-0.123626
1.256797
5.75646
7.392878
4.187255
4.549651
3.723115
4.967005
-2.061707
-0.8801128
4.160496
4.700446
1.978015
0.8547797
0.1845337
-0.005500517
4.562359
5.058566
4.904142
5.429197
6.266542
0.493341
5.081801
0.9664866
1.273693
6.008426
2.24255
0.1141618
5.064778
0.8172161
4.857813
0.4059513
1.67395
1.174607
1.057565
5.068272
-0.1763551
4.766016
-1.296079
4.934019
0.2012099
6.652519
4.204095
3.604524
5.108969
0.8798125
5.59238
5.193507
6.456739
5.072097
0.6201092
5.494108
4.786742
-1.32926
-0.8519968
0.7596491
-0.4484784
12.71359
6.17171
5.311877
5.746677
6.119789
4.196614
-0.5856732
4.812652
4.178408
3.69578
0.4086972
4.667129
5.057631
0.1086034
-0.816089
1.01074
7.321864
4.198494
3.659724
4.941462
0.3418051
3.176835
-0.1574881
5.209833
-1.44687
-1.341236
4.007495
-1.027324
1.208351
0.3694751
0.4588084
0.535414
0.5384697
7.786844
0.2303736
-0.3361962
5.739107
5.272215
7.385825
0.6946497
-0.5852706
4.466177
-0.6968292
4.464468
4.55823
-0.7481507
-1.460417
0.8445757
5.317862
5.15481
6.149838
-0.007543491
3.630316
2.205597
1.442918
0.345785
4.356732
4.398041
6.096565
-0.6708418
5.281953
6.665781
5.652827
4.557654
1.150392
-2.956262
5.494367
5.895823
0.6109873
3.757495
5.962234
6.242077
6.605708
5.074656
3.217138
4.798002
4.383669
-0.7449016
-0.7629424
5.215035
0.2015268
6.537759
2.548313
6.816319
2.389536
-0.6390357
-1.631671
6.454827
5.042926
3.754316
4.303465
6.207927
4.066868
1.637314
5.6707
0.415807
6.314003
-0.7365728
4.717523
0.2636017
6.547354
3.908392
5.921402
4.236201
0.7390319
-0.1787613
4.92438
7.448635
3.900039
