5.496292
4.054402
4.966247
1.018246
5.316346
4.167299
-0.05253018
0.283499
3.577585
7.459404
5.393593
2.608787
1.0674
4.690391
4.916416
6.122576
6.520851
4.446841
-1.62236
-1.564685
5.606245
-0.1036233
4.446918
5.246431
5.379472
7.028316
5.348726
5.455937
5.188679
6.704484
-0.1679992
1.603048
6.010662
-0.4799875
1.804792
4.341958
-1.641933
-0.6021496
5.259355
5.169668
-1.014915
5.544081
4.697396
5.130491
6.04963
3.760488
0.5214825
-0.9937326
4.293896
-0.3295627
7.255152
0.4647911
-0.6925668
-0.8321221
5.216193
5.642298
-1.524784
3.168403
3.354801
0.307147
-1.324528
-0.09223097
0.04941073
5.674624
5.660959
7.786153
4.142453
3.94654
4.792662
9.239585
5.055636
-0.2076599
0.7669169
-0.2007846
6.421868
5.637028
2.98208
5.1338
5.53558
-0.02803101
3.380537
6.324418
6.506258
4.267339
-0.6929497
4.312612
1.977293
6.303539
7.371032
4.578881
5.736922
5.653884
-0.6191119
5.774105
0.2264101
6.861677
-0.7102261
5.116562
0.04107479
4.834809
0.4171019
-0.7660522
0.6086194
5.957235
-1.018628
-0.9740828
1.057118
6.670636
5.005056
5.585009
9.661926
5.329129
0.8359326
0.08017548
0.1001896
5.908014
4.201211
6.791066
0.3870429
-0.09222854
5.34199
5.227479
6.624048
-0.06136707
1.461464
4.453827
-0.8570495
4.075987
-0.08956749
5.953544
4.495815
1.299453
8.916097
3.179994
3.424627
1.632573
5.244335
4.659529
6.326819
5.717085
6.012574
5.142548
5.111255
-0.6559763
6.56859
6.102467
4.79247
4.941988
2.389229
1.365583
4.600049
4.281799
0.4036047
5.208173
4.326819
1.917329
3.643208
4.661695
5.532846
2.045533
1.49385
5.680783
3.382511
3.550567
4.123828
5.171992
-1.542476
5.671022
-0.3365528
5.247061
6.92288
1.824457
-1.51165
5.441397
4.786734
5.017044
0.286095
10.52396
5.447779
4.682826
6.02588
5.06141
5.819458
-1.066868
2.375259
5.79288
4.936422
5.264855
-0.8184599
5.062025
4.906687
4.647756
-0.9734504
5.802173
-0.490711
4.112212
6.435821
-1.451997
0.2932588
-1.786628
4.343545
-0.08276841
5.171594
-0.162074
6.414969
7.566873
4.800043
-0.4616677
4.688691
0.1469414
6.008205
5.917614
1.980571
5.353252
0.7002476
5.921225
4.594974
-0.8185738
5.98728
5.855832
4.566187
4.370443
1.616459
5.429653
5.772869
3.324432
4.852539
4.747023
0.3391802
8.508552
1.324618
6.739602
3.978691
4.862698
6.25883
5.307243
4.083625
1.668912
5.991964
4.797269
-1.327628
5.748544
5.346204
4.577654
0.741667
1.819327
7.135923
-1.971928
-0.9770999
-0.08445655
0.06138132
-1.477574
-0.07193423
-1.85815
5.1761
6.556294
6.010846
-1.74295
4.883387
5.638089
1.472224
-0.6923168
0.7311667
5.457144
-1.500624
0.2848748
-0.4328563
4.45161
1.657602
-0.7350337
0.8053299
7.244286
2.365024
5.662613
4.058539
0.99752
5.172183
2.568852
4.778945
6.307531
0.6317391
-0.8047129
4.474607
-2.970946
-0.2884246
6.00324
3.743975
4.198763
3.164618
-0.2443344
0.5374878
4.421246
4.340616
4.25694
-0.9516079
0.5680792
0.08758518
5.701346
0.07899803
-1.309562
1.804009
3.70181
3.901332
4.902064
0.264869
5.699444
3.988838
6.812292
0.6546659
1.237669
0.2468755
6.541617
1.896219
0.15916
-0.03390204
4.140459
0.2349167
6.79794
-0.9467187
6.857354
-0.1739562
4.911757
0.5235901
5.095855
5.004299
1.014152
4.756235
0.9934364
0.4254623
4.837173
4.531842
4.656652
5.332949
6.937795
4.225479
0.3278936
3.996361
4.27708
3.972196
5.973543
3.864124
-0.7729293
6.954591
0.629773
-1.806914
-0.4111298
4.292317
3.567023
5.131557
4.841402
0.3948906
-0.4100743
6.509876
2.347369
0.4684865
6.117905
0.09421983
5.542732
1.182387
5.500556
4.935836
-1.446784
1.990328
4.883174
3.336552
3.867817
4.862103
-1.615444
7.681975
1.114905
4.301468
0.5604023
-1.388757
-1.36768
0.01697792
7.558353
2.338431
4.151498
-2.36833
-0.5466982
0.4120745
-0.1617267
-0.6509223
2.573917
2.300247
5.862962
4.203912
-1.202365
4.859488
-0.3237355
-2.114655
-0.3032861
5.339977
-0.3457526
4.69356
5.326996
-0.2053347
3.972371
4.209803
4.030187
5.555869
5.705957
-0.7666487
0.1695229
4.417929
0.9585164
3.913832
1.160762
5.678594
3.836777
4.049375
-0.2274476
6.335627
-0.5907464
10.30526
-2.053087
5.744944
-0.6627908
0.8466274
0.7772184
4.480138
1.42774
7.156872
6.695933
6.184486
0.5895491
-1.428309
0.4424821
5.461655
5.696323
4.424238
-0.7690062
4.995396
3.163912
5.809554
5.923836
4.98995
2.757572
5.016048
4.810842
-0.918039
6.135023
5.798946
1.078496
-1.097634
2.961158
-1.224202
3.678904
-0.3291126
2.970938
2.766253
5.193976
-0.6159829
-0.7520098
-1.626882
-2.29103
6.364144
0.1097867
4.072101
1.246578
5.742314
1.576394
3.806931
4.173403
5.837616
5.453806
1.553786
5.245912
0.3288282
-1.012034
3.938406
6.925013
5.482666
0.2816439
3.805364
6.312793
3.413226
-1.119705
-0.02682476
5.286714
-0.09562329
4.526901
2.116312
-0.7264814
1.653097
0.2594113
5.939094
5.216234
0.7591309
2.591121
-0.5737826
4.589851
2.544747
4.863488
-0.04264011
3.613402
4.690008
6.055519
-1.560764
5.618135
