4.472353
-0.5246158
4.43797
6.032067
5.804985
5.101811
5.061918
6.359967
1.130785
5.401462
3.758284
3.82381
0.8652668
6.185792
-0.5163501
3.913959
-0.3080588
0.01646338
8.600005
1.197822
3.736457
3.467692
0.3575824
-0.7004782
6.319495
3.62841
5.770256
-0.5322309
0.8792723
6.098928
6.385262
5.312932
4.873509
3.98051
5.235579
0.1093954
4.070168
4.063158
-0.4986851
6.269013
-1.667885
7.154709
4.649835
3.821458
0.6013824
-1.249791
-0.2144848
-0.83061
0.7525651
4.374337
3.41346
-1.25904
3.864454
-1.346334
5.659743
-0.5471167
-0.1564634
4.034946
5.048375
-0.1140721
6.510383
5.305669
4.792768
-0.890519
6.482375
5.80872
1.089849
0.9831271
4.387343
0.7981536
9.328885
7.876335
-1.59751
5.774501
2.645935
6.125166
5.170893
1.748115
0.5207527
-0.5226976
1.386014
5.599945
0.07186901
1.084055
0.6234536
-1.005256
3.304081
0.5296885
1.746096
0.7292354
4.532959
0.3342431
1.745052
3.905391
4.731922
3.026923
7.334657
0.9098756
12.78476
-1.001292
1.259081
5.119845
3.91078
-0.5652154
0.265757
0.6296077
4.222648
7.553342
0.7052822
6.233241
5.0112
1.307591
4.01462
5.739509
3.639544
-0.343146
4.380459
4.722234
6.428182
4.00777
5.600755
4.152425
4.344505
6.016233
6.536497
5.316299
5.589391
-1.424847
-0.6924752
5.797812
4.209886
4.939844
0.3238559
5.243233
-0.489366
4.892101
4.767854
2.032044
5.565803
-0.9273055
5.526788
4.688318
4.079322
5.044464
6.143988
6.142479
5.668695
4.689535
-0.5954661
5.06242
-0.611357
3.781582
5.533973
1.662461
4.02521
3.758202
-0.5182976
5.813431
0.4789168
4.796811
5.736602
3.958541
1.613707
-2.348163
0.3888082
5.304847
4.953553
0.01458407
5.413951
4.477964
5.901529
4.963742
1.712015
6.813454
4.935073
1.384174
4.896953
5.928642
2.693205
0.1610219
3.873493
5.975922
5.638524
4.944037
5.298241
5.431675
1.907297
3.720276
-0.3379104
6.669603
0.1638049
3.716254
5.632737
1.599363
5.153863
3.87796
-1.789819
2.678739
-1.095473
5.698458
4.370365
6.074947
5.246748
5.587086
4.949699
-0.06655043
5.361465
4.167784
5.648824
4.782754
5.757853
4.934685
4.529035
5.191787
5.280647
-0.7776339
-0.4304392
0.4251118
4.93857
-0.5977098
0.6165201
7.085002
-2.307591
0.1074172
1.528455
5.418285
0.2083263
5.03669
-0.1258548
6.392718
0.09643102
4.662198
1.021107
0.3081788
4.352191
4.525
5.262195
8.190947
5.013345
3.843659
-0.08914552
6.278118
0.3928572
-0.8755097
6.094338
-0.2255281
4.567757
-0.9822278
0.4623748
-0.1435267
