3.951767
4.622298
4.000516
8.852692
4.707968
0.6553955
-0.3302661
6.631144
0.4024813
5.130064
4.956339
1.121196
-0.02195173
5.159685
-0.6476908
0.3575613
1.464499
-0.4778294
5.370618
1.783228
-0.3066476
5.730534
4.845039
4.753301
3.900625
5.043216
1.332197
0.5949776
4.919679
-0.6953031
2.465721
-1.013018
0.7624722
0.3809866
0.3462152
4.760243
3.923442
2.811722
0.8710073
5.050853
0.4108396
4.67318
4.034598
4.156397
3.729665
4.378422
-1.035793
-0.6229533
0.2206507
-0.05630472
4.909761
0.4629173
4.484133
3.804368
3.9879
-0.03969907
5.337224
6.895082
3.923088
1.179879
5.068402
-0.8368182
0.4017542
4.695208
0.5784346
4.98438
6.075818
4.527129
0.7298952
1.253322
2.540826
-0.2926722
-0.6388024
7.56284
4.620274
0.1549364
-0.7111973
-0.1291438
0.1173935
0.2269422
-0.6894714
5.18908
5.805383
1.251199
0.03734016
4.943257
5.20012
4.079357
-0.7462884
5.354624
-0.3420767
0.3043376
5.005762
5.852612
5.80134
5.834025
4.433752
0.3122918
5.604267
5.980132
2.808992
-0.901956
4.243612
5.53257
3.660792
4.730236
-2.719188
10.58531
-2.087903
-0.3183713
5.077866
0.5043351
4.776498
3.2199
-0.5722625
-0.572897
5.294774
4.719886
4.367766
0.8010217
4.734379
0.03455479
5.232032
-0.2467516
3.552386
5.153792
4.166692
3.752204
5.063872
4.874947
4.493402
0.1227516
8.531904
-0.7756562
3.829255
4.981497
6.888998
4.534489
0.1202665
5.619351
0.8547492
8.013965
6.627926
2.880195
7.308201
5.6568
-1.375138
5.067013
0.3078541
4.045854
4.862848
4.028941
5.361297
5.414567
5.532995
7.229894
-0.8059384
6.98808
-0.1697942
3.889424
0.9884433
-1.381544
0.01196012
0.006058743
0.7026142
-0.7023606
3.461252
4.770905
0.6062653
5.29136
-1.635503
-0.8063118
-1.741868
5.898224
0.3115534
7.986078
6.525419
3.043615
4.655316
-2.807689
3.814436
0.4817417
6.022583
7.430775
4.088923
-1.674293
5.756464
0.1971852
-0.2217922
3.879632
-1.152698
5.651424
4.271313
0.5895607
1.856181
2.087092
5.195854
0.01791717
-0.6161886
-0.4852697
1.705462
9.661447
0.7801179
4.397582
4.012669
6.815871
4.849528
-1.271132
3.952729
-0.9195176
0.3709535
6.151777
0.07318825
0.34828
5.305058
-1.050703
-0.2103337
-1.041613
5.237521
4.628033
4.762121
3.608515
5.912952
4.389983
5.042804
4.722819
5.198236
5.199306
1.079008
6.629037
3.597677
0.1289048
-0.9162496
0.1885459
5.799463
-0.4030063
0.8509334
2.689253
5.210251
1.23284
4.991059
2.393149
-0.5835103
4.447603
6.135334
0.3022667
4.663994
0.06866952
-1.125512
5.865663
0.7624408
4.189513
4.178389
4.520209
4.33683
-0.5588691
6.015935
1.942134
4.873228
5.558955
5.834634
3.63593
0.2501407
-0.01014016
4.31469
0.1388052
5.110178
-1.350522
4.897268
0.4393058
5.563116
7.126072
5.119938
0.466902
4.876967
4.95535
5.715196
0.2822159
-0.2646107
4.047516
4.943769
7.837305
-0.09312461
10.34493
-1.357142
5.315137
-0.4747145
0.6018923
6.770917
5.72896
2.096255
4.750699
6.40626
5.123677
5.194274
-0.05413423
3.630611
3.408705
-0.6592662
3.827472
0.01001207
0.8929234
6.144489
5.695706
5.52413
4.016073
5.656235
0.2427232
0.4574985
5.012045
4.163277
6.172971
0.4478225
-1.033429
-2.414075
8.549048
1.637884
4.092975
0.7802551
4.945653
3.447539
3.282516
4.507666
7.034658
-1.251054
-0.466421
-0.6467931
5.368166
0.7749613
4.82873
6.221842
-1.760753
1.103993
6.855534
5.577632
0.661456
-0.4803218
-0.4116141
-1.601891
4.840846
5.278163
-1.877347
0.200839
4.694777
0.2027957
0.3744166
4.459096
-1.036158
3.565071
0.3829372
6.913689
4.460363
6.41017
1.736752
1.378025
-1.25423
4.288069
5.319265
-0.4070268
2.63568
5.283453
5.120775
2.580619
2.594324
3.224445
3.740998
6.187983
-0.496203
3.222452
-2.675246
8.302209
5.686927
5.55559
5.498917
-0.2421565
-0.7589295
6.444503
0.5262953
0.01172175
6.093949
5.735191
3.974031
1.174942
6.827946
3.56135
5.707703
0.2044389
0.6091843
5.830758
-1.510432
4.728816
-1.999918
5.848318
-0.591704
5.821751
4.819666
4.320254
0.5408236
4.786605
4.943836
4.867913
3.873254
0.09589279
4.196139
0.2743448
-1.276942
3.358387
3.425839
6.693548
0.1671495
-0.07430484
0.4811851
-0.750111
0.09470621
-2.847016
5.670704
-0.2696213
5.673592
0.2488785
-1.688608
4.712224
4.514192
3.703841
-1.193633
-0.7738368
0.3211662
4.5005
4.364636
5.819562
0.677663
0.4101173
0.09369657
12.89262
4.381447
-0.1475733
0.4148767
-1.787534
6.472147
5.244362
-1.311949
6.110969
0.7890233
4.766062
3.952001
5.218536
5.10298
0.284029
6.621048
2.445118
5.244073
4.50427
3.253933
-0.6669412
0.9424595
0.07915015
5.763
4.185828
0.05554218
2.923971
0.6587521
0.1699025
5.669301
6.14712
-1.109809
1.438591
3.344187
-2.986807
0.3777791
0.1988295
4.360027
0.9519462
5.227127
4.711973
1.347128
6.139589
5.364947
3.901304
0.4682533
-0.2306467
1.482988
5.132735
0.1571112
-1.498091
0.3333026
4.220097
-1.777404
-0.7637234
-0.8036859
-0.04579347
-0.5515051
4.569681
5.19914
4.63719
5.812174
0.7698189
4.785993
6.97393
0.006852718
7.498295
-0.7984193
0.03638052
1.035559
0.1864853
7.00979
4.471629
-0.8126061
-0.4761991
-1.886972
6.863357
5.803563
4.582292
0.7411609
4.412561
4.96909
6.032559
4.082871
3.787094
5.372928
-0.5655704
0.1721353
1.635438
-0.3900895
-0.6287885
5.65619
6.025098
3.587308
4.890912
0.989215
5.550338
0.197651
1.033559
5.821901
1.241097
-1.877806
5.931974
0.4151849
2.24331
2.48787
5.276936
6.489289
-0.6853021
5.968764
5.492751
5.062947
0.853491
10.68084
4.989593
0.9058842
4.556861
3.573331
6.82145
4.777068
6.073728
1.994372
3.706534
3.964608
-0.6707082
-1.779808
5.573184
0.7288463
4.497567
6.172457
1.233635
1.741695
4.648219
5.767811
4.736471
3.342211
8.430431
4.585426
6.341916
-1.159756
5.08781
1.167225
5.798824
4.753063
4.824781
4.316178
5.276053
6.324763
4.041902
3.710946
0.526831
4.494266
5.10364
4.997336
4.922696
4.885206
4.823803
0.7014942
6.685116
3.382392
5.483222
-0.5258082
0.8129395
-0.5325331
4.387291
12.43646
4.696986
4.884396
4.808346
-0.8494903
1.253875
5.05818
6.228655
1.212186
5.300761
5.314259
-0.3646915
5.203434
0.6804623
7.072051
4.974765
6.299505
0.1805017
8.155675
0.5886341
6.306369
4.886962
-1.026049
3.438823
5.290909
3.833624
-0.0005141858
-0.9373737
-0.6507597
-1.262508
-0.2592269
-0.6138774
-0.2051434
5.477755
-1.015882
4.283651
5.178817
-1.98856
-0.9486469
0.470667
5.072291
0.1201924
4.148234
5.194087
6.161549
5.773672
4.055414
4.703331
4.25673
4.179703
5.278092
0.1896523
4.585234
5.114427
3.234458
4.93583
-0.6154546
0.05524237
-0.489886
0.7274436
7.200771
9.080745
4.366669
-0.309283
-0.221652
4.152665
5.689704
-0.1877336
2.528103
-1.953503
0.7264948
4.033538
5.216206
5.185012
4.424213
3.944299
0.665677
4.013049
4.206788
3.455028
0.3812028
3.302557
4.651177
3.736799
3.056051
2.577816
-0.6993391
6.089114
5.080128
-0.2577091
7.337431
5.292995
0.5730289
3.29047
3.116746
0.833568
5.844879
6.367809
6.60041
4.932745
5.794502
2.394738
6.556808
-0.6768513
-1.99273
2.607344
4.275605
0.5664887
4.567951
1.472797
6.435084
0.07766313
6.658797
0.9328468
4.003339
5.575986
3.903473
6.03101
-0.3249489
5.378463
5.387487
-0.3480102
4.18413
-0.9792746
4.803581
-1.596443
1.21372
5.742934
3.627301
5.701424
1.175747
-0.7781892
-0.4577909
4.180234
6.391466
4.153678
3.791279
3.767915
4.59968
5.42768
5.265953
4.670109
10.07095
5.294828
2.969623
0.6501708
-0.5802045
5.901948
5.462881
0.6253744
-0.8295542
-0.75405
-0.3518852
0.8739699
0.6720726
6.817471
4.841732
4.108982
0.6429757
4.192129
2.830614
3.637023
5.323423
5.367982
6.203324
5.047714
4.623923
6.372697
-0.884181
5.41064
5.49161
-0.88925
4.986999
-0.3117208
-0.5893847
6.18256
-0.2885694
-0.2351817
-0.2657878
5.750628
6.302153
4.701338
4.664739
-0.5270221
4.852451
8.157293
4.237344
-1.733586
-0.4822677
4.944876
0.2811303
2.501162
-0.8968625
4.822227
-0.8028556
4.67792
4.599317
-1.466736
0.7150053
-0.6641165
-0.2929414
3.729384
5.766339
4.614722
-0.6932181
-0.9611881
-1.51883
4.677222
2.080667
3.384868
3.329172
5.552498
-1.310137
3.945719
-0.2893547
5.419552
5.436609
-1.397034
4.869203
4.12076
3.824388
4.711332
-0.4969137
5.186138
-1.102007
0.572142
3.648629
5.355654
6.136803
3.814048
4.439662
0.2922186
4.738545
-1.306179
1.148951
-0.6098478
0.1213121
0.1222102
-0.6878624
5.904523
-0.1277882
3.401787
4.372005
-0.7516144
4.991934
4.753839
-1.128432
-1.497477
-0.474448
2.209881
7.792342
4.638941
6.688446
0.6449505
6.179714
5.69757
5.886069
0.8185613
0.2985364
6.503884
0.5849307
5.347078
-0.9948869
0.1558476
4.439411
4.715796
4.864679
3.260319
5.781044
4.772789
-0.2106542
5.400465
4.996618
-0.2543708
0.363279
3.618463
4.816682
3.525394
-0.8111963
0.1659654
5.616393
0.3743926
0.6980542
5.16174
4.939252
3.996113
0.840859
4.0821
5.985034
3.908103
6.205152
1.145895
4.247601
0.3947471
4.72916
5.51731
-0.1459152
5.867028
1.200396
6.222637
5.249878
0.5373617
6.108299
-1.177093
5.276635
6.307897
1.613512
0.765946
4.518608
-0.8094432
-1.719348
4.92412
-0.04977975
8.002253
0.3964893
5.079017
5.652423
5.60655
5.755492
0.196354
5.285146
-1.594755
4.42135
4.431748
-1.052756
-0.3761017
2.644866
9.805969
6.7314
0.1698994
5.305361
3.533322
6.596169
4.690408
5.164623
5.861878
0.4981109
3.552855
4.40203
5.310507
5.61369
4.822268
6.546694
6.235704
4.663633
5.579859
5.158675
-1.804134
0.7406763
1.990576
5.343985
4.469179
7.553541
0.06452569
6.755089
2.582878
4.344584
-0.383495
-2.461441
0.5104417
4.639988
4.507611
5.279627
0.4232463
4.647538
-0.8733568
5.04662
0.326969
5.526818
3.521284
4.665026
4.248721
5.543061
0.1931641
3.758461
6.47241
5.626872
0.1051773
4.369652
-0.8033611
4.716507
6.485908
-0.0204336
3.71781
-0.7788584
4.075011
4.65558
4.883361
1.68934
4.793989
0.5261925
4.443015
-1.20984
8.163213
-0.6793354
4.463331
-1.279173
4.21573
4.224822
-0.5322584
0.2242141
1.300955
4.527302
2.742283
-0.9840101
0.1936179
4.421356
3.888436
0.6781934
-0.2462439
4.326881
6.153764
-0.8857066
4.508993
-0.1786249
1.297598
3.915675
4.643491
-0.8537992
4.755045
3.848551
0.1738748
4.961929
0.1823868
4.793705
6.099798
-1.374044
-2.001873
-0.2795924
-0.2386585
4.254954
5.802498
5.193717
4.129653
0.3993955
0.5332088
-0.6145229
4.555621
0.488407
3.75601
4.801339
1.496192
3.983056
4.825626
4.912044
-0.9363992
0.5699328
1.564445
5.961049
3.282834
7.894136
5.442261
5.400509
-0.2072247
1.013324
6.004786
0.8470125
5.330538
6.607967
2.597568
0.02702998
-0.1719646
-1.516888
1.654702
4.985703
3.438686
-1.46671
-1.551204
3.146854
1.349017
3.629003
4.779095
4.756421
5.727702
6.409935
1.3912
4.662185
0.8752002
5.390466
3.186486
5.123033
5.7165
7.185679
7.36518
4.538782
5.634945
0.05093634
5.293461
1.190849
-1.416048
5.46153
-0.3343047
0.6986499
5.209221
6.125738
6.526624
5.485353
-2.026384
0.3376802
-0.5919499
4.303395
4.027964
4.980364
-0.02565437
6.006018
0.306899
5.867454
7.154192
-0.6091086
5.113341
0.4293094
5.032731
4.073692
5.180899
4.764453
5.718489
4.045234
-3.198864
5.042537
5.528555
5.758296
1.437183
4.709758
5.958814
5.392882
0.1013125
6.132605
3.264772
6.182554
3.906878
3.500995
4.32372
5.888032
4.907291
0.7884136
5.202974
9.377799
5.185941
5.744908
-0.865324
3.680647
0.379138
4.461438
0.3448683
3.224977
0.4499558
4.13048
5.511001
0.7442124
5.618471
6.243339
1.565827
3.360178
6.194921
3.957296
-0.6447857
4.326277
-0.40915
5.541973
-1.393598
0.9290077
7.752108
4.091658
3.747789
5.825499
0.9493579
0.6837523
5.198647
-0.6583128
3.64016
5.50299
0.03195866
4.441684
5.399958
5.060094
4.582893
0.9410082
0.04209172
2.300298
-1.375497
2.633376
6.134356
0.1109208
1.289174
0.07844419
5.224588
-0.4568756
5.755423
1.552096
0.1987342
4.094404
5.176499
5.044001
-0.3835738
-2.222324
-0.6844934
1.794055
1.396373
-0.5351752
3.197101
0.7883779
0.6851791
4.05462
4.344154
5.341804
4.903053
4.8914
3.445487
0.8086337
5.227778
7.409934
0.7719839
-0.8608324
0.09231417
7.370419
4.844457
-0.7391356
2.439746
6.062288
-0.6754186
4.073948
0.6157483
3.392398
-0.009239459
5.677654
1.241709
0.7775128
0.234267
7.41288
4.282072
3.785214
-0.8507958
6.232363
-1.155599
4.53554
-2.68102
4.75537
5.652488
4.588444
-0.6811381
-1.655604
-1.156125
4.982469
3.734832
5.428966
-0.6603893
4.651433
-0.6452333
6.55771
5.686969
-0.3062748
-0.6095973
5.297705
6.44251
5.043504
0.9708073
1.027291
4.90885
6.53628
0.5897543
4.375692
-0.1204296
-1.768751
6.326547
6.027675
5.653926
5.263861
4.426446
5.555304
5.841939
7.123037
4.806804
5.653153
5.074187
6.301567
6.199553
0.2596038
0.1146715
4.254569
-1.606544
1.632569
-1.150868
8.858297
1.035367
6.493603
-1.397461
6.888438
-1.229097
5.514309
2.46843
4.324053
4.551809
-0.4958526
8.281338
-0.1690103
-0.9586476
5.719238
0.0469317
6.002272
6.15637
3.616704
5.836746
5.746398
4.692326
-0.1286862
5.94613
3.783227
1.3076
6.657494
-0.6136278
0.8642775
5.674735
-0.1670254
3.934876
4.270943
0.2774308
5.425037
4.334393
4.616315
4.291667
-1.515151
3.866537
1.801399
-3.02478
5.277138
4.32631
5.971937
1.292308
-0.1038458
-0.5074555
-2.070355
8.43324
12.77359
5.367014
0.8251589
5.133394
5.072401
6.438758
5.482871
3.709014
1.849727
4.796784
4.510662
3.252577
9.036561
0.8121376
3.01462
-0.4188098
5.340355
5.725494
5.292925
1.081872
5.679905
5.676354
5.164153
2.501465
4.193343
4.898199
0.4059451
6.284101
4.784445
0.5566253
-0.6684041
2.151089
1.563078
-0.3864236
-0.05413746
0.02916599
0.2764883
-1.736181
1.011097
4.384252
3.539039
-0.6367256
-0.68196
-0.9403176
6.244286
4.819475
5.59971
0.5732521
5.317384
6.161233
6.538226
0.6133645
0.1360636
4.794804
5.975448
-1.67313
3.163333
-0.1391105
-0.6732871
-0.4589582
4.953254
-2.016288
3.894832
3.565143
4.975906
-0.1619604
5.703949
5.485733
3.776573
5.114006
6.049719
0.231192
3.503774
6.560664
3.754528
4.511486
-1.130549
4.391443
3.074672
5.109482
7.43351
5.949797
1.901255
0.7310535
5.141223
0.4888404
4.305866
1.681626
0.1493916
4.611279
-1.021424
5.24791
3.809088
3.418641
-1.044588
-0.9461994
3.834875
0.5795218
5.127111
1.378979
5.074313
3.32819
5.901157
-0.2248486
3.710058
-1.190258
2.453841
0.8346347
5.69466
-2.576332
-1.475663
5.632811
-0.06945427
0.3715299
10.99536
5.467216
-0.5462261
-1.715149
0.5674699
5.752327
-0.6677348
0.107835
-0.2026307
0.2089791
3.93213
1.35304
4.418689
0.7060528
0.5693345
4.718541
4.622887
4.676065
-0.9213625
5.793378
-1.039998
5.178723
5.321948
-0.6189297
1.009196
4.994519
0.9564754
0.1008226
3.538256
3.045506
3.462064
0.6943074
4.003566
5.651933
4.870889
4.593754
0.5055392
0.5545968
1.519075
4.234917
3.919315
6.735369
4.081248
-0.3784025
2.040573
-0.7053862
0.2049109
9.161612
3.844137
4.716092
-0.9799126
3.786978
5.656813
-0.9131481
5.560478
6.278396
-0.0739458
5.747422
1.603259
8.49892
1.34551
-0.8589378
3.286747
4.327769
6.453887
4.471308
-0.9245214
-0.51556
4.122619
1.893949
4.807328
4.987855
3.565935
4.446227
0.6548148
7.110522
7.068039
6.335101
0.4476645
5.050342
3.482464
6.768147
5.161315
4.948562
3.426302
0.5931412
7.022548
5.051729
0.9750978
0.08534699
4.570458
-0.7653719
3.810213
4.103017
9.157704
4.092274
5.684681
6.362441
5.155341
0.3663542
4.855071
0.8910544
-0.5125911
0.6288712
4.293137
1.247951
4.085511
5.349865
3.1933
5.547876
6.053737
9.531443
1.282525
5.071031
0.1190775
4.854898
6.508237
5.852907
5.386412
3.671886
7.053714
0.7038908
1.147318
4.879514
0.4339018
1.105692
3.683132
-0.2066167
3.617695
4.717887
1.622382
4.507772
2.429352
-1.635386
4.970356
5.54546
4.405562
6.422789
6.314517
4.326116
0.4803011
4.815059
4.102774
7.804268
5.577233
7.39013
6.254855
5.481256
0.4628737
5.340015
4.194311
-0.9432065
1.04935
6.762189
6.724734
1.62677
4.624331
4.427707
5.255779
-0.4791706
6.277852
0.05262357
-0.1004577
0.4851383
3.82751
5.808274
0.09757325
0.9496021
1.511399
4.785932
-0.04418663
6.139425
5.195175
-0.6358041
6.52252
4.800981
4.286702
0.7289778
5.180193
7.558172
4.279579
2.584592
5.298181
6.375735
4.570564
-1.815948
-0.4150926
1.203418
5.46041
3.693408
5.687397
-0.7612079
3.832192
6.020487
5.415837
0.353219
5.55157
3.899209
5.644774
5.87982
4.533608
6.212288
5.08626
5.705453
4.238765
3.982278
8.184401
9.736111
9.110488
5.11352
-0.8903582
7.519842
6.335815
-1.576125
4.999977
3.399202
-0.07108333
4.692191
5.582552
4.901139
3.722416
4.651879
-1.322412
3.993224
6.992048
3.688378
0.7727266
3.406274
0.3571498
5.200125
6.225885
0.4336563
5.948369
5.09141
5.833937
0.316636
-0.6075343
4.180878
5.424312
-0.7366121
4.270135
6.178191
5.054873
4.293387
7.025873
0.08260488
6.407454
3.368375
4.30063
4.284778
4.972041
4.018124
2.554177
6.502841
5.851913
3.982944
5.376924
4.326147
0.5367429
-0.08876029
-1.256753
-1.406851
0.9860396
4.387175
1.258962
-0.3595222
-0.3739638
5.82495
-1.665942
5.182598
-0.7135194
6.501763
0.08158599
5.02786
5.772799
1.495724
4.955591
3.889212
3.497124
1.83808
3.878392
6.549095
-2.33601
-0.1062445
6.913777
4.107374
3.75237
0.9237944
0.9548426
0.2068562
5.364048
5.08702
5.002631
0.2309623
-1.469539
2.786286
6.484313
0.01739994
0.2917118
3.527731
3.331917
-1.31778
8.825382
1.525705
0.7352869
-0.2055119
0.4054526
4.670636
-1.031073
4.191507
5.730939
2.967528
4.590276
6.041667
-0.3857509
-0.3044072
-1.079165
0.389551
0.7603284
3.988417
0.2116766
-0.5062356
5.817775
-1.229828
4.907761
5.716417
3.120167
4.131973
5.122452
7.292603
5.287876
-0.8306782
4.353694
4.287113
-0.4080468
0.008559058
4.483473
5.364078
0.611164
1.260901
2.43164
5.962924
4.579057
-0.08965969
4.169634
4.332645
6.503759
0.08148113
-0.7018998
5.833829
-0.8260718
3.148082
5.91275
1.067032
-0.1577536
5.058458
2.813087
4.587181
6.26502
-0.4883822
2.399828
1.514281
4.791573
4.313658
5.465409
4.539288
5.314354
4.889983
5.235787
4.469776
-0.1388157
5.49195
4.445395
5.542335
3.875195
1.33213
3.837153
5.718852
1.959995
0.6564546
3.107891
1.379919
4.583063
6.633296
5.060998
5.844096
-0.04133553
0.3746444
5.235364
7.048139
0.4309615
4.726247
1.124113
1.247881
5.847277
0.5825971
4.168511
-0.3585096
3.341871
4.88044
3.755358
-0.4526188
0.1180701
2.234844
4.501674
5.115782
2.601029
3.777002
4.011668
4.313729
5.347033
-0.06837571
6.508116
5.614543
-0.6442416
4.895863
1.561061
2.743741
5.477392
6.451718
-1.820408
7.638877
5.213269
-0.3379856
6.067012
6.108277
0.2476348
-0.4092436
2.743527
-1.307231
3.8931
-2.16277
4.55759
-0.03337607
-1.369284
3.766777
0.184387
3.319871
4.989041
4.007052
5.596275
5.471349
5.72998
3.680121
11.49095
6.409041
-0.6485354
1.464483
5.763564
-0.8323918
6.11251
4.370715
4.982027
4.328829
7.705354
1.963022
3.899741
5.950351
4.154913
5.198991
6.732986
4.067363
7.625522
4.1918
6.417377
5.973579
6.151974
-0.114886
5.562809
-0.05740793
0.3082343
-0.6148996
4.107258
4.86628
6.401593
-0.2628908
1.31807
5.266976
1.764548
6.919132
5.50183
5.986159
3.403233
1.166894
7.225027
4.852546
6.528491
5.51875
6.679634
4.579532
4.993545
6.143599
-0.5479415
1.453799
0.5930328
5.188229
-1.78287
-0.5508882
0.1124818
4.36885
5.835011
5.039113
5.188249
7.833791
-0.3907159
6.090536
-1.208702
0.9130337
4.576376
3.722662
-1.980395
5.801748
-0.6375064
1.6821
5.156463
0.7468739
4.146731
4.917838
-0.580916
-1.273729
5.982654
6.632286
1.256912
4.83153
4.378952
5.913832
-1.880761
0.6765409
-0.7874893
5.65342
4.809066
5.123382
3.139237
6.434429
-0.880461
4.801211
5.275876
5.532831
-0.06827052
0.9760036
5.393246
0.491525
4.764712
3.113918
-0.2802438
5.296443
0.2506133
5.844757
4.77022
5.908084
0.07252207
-1.330601
5.803277
3.660467
-0.03648286
3.458659
4.315041
5.38283
6.127184
6.272588
0.05836762
3.696597
-1.885125
3.055427
6.380563
6.380965
5.154194
-0.4030917
5.955425
0.06996791
0.5721885
-1.031055
-1.770907
5.517557
0.4011427
-0.1762543
-0.5953398
6.803285
0.2057116
5.074755
4.830453
-0.3138613
0.1269344
4.382624
0.1330965
4.522366
0.4266562
-0.04872956
4.548222
5.884552
0.8907386
5.510289
5.035428
0.1050401
1.181552
-2.390428
-1.486828
6.663652
4.574918
5.067421
6.133179
3.49496
4.135234
3.267068
0.3607957
7.026366
-0.8188944
-0.716
8.977542
12.27115
-0.2055789
3.231204
-1.748044
-1.14952
6.086924
-1.62404
5.478048
9.210052
0.2004809
4.68248
4.402023
-0.917986
-1.346835
3.577311
5.099906
5.387249
5.128857
6.869275
5.140687
3.813824
3.133685
3.335725
5.321791
4.223488
-0.9592181
4.011168
-3.119765
3.220402
-1.882019
0.4941821
-1.86044
3.677696
0.9581891
0.1020921
5.688713
0.660513
2.5259
4.392037
6.580509
5.677428
3.495159
4.258532
-0.416588
4.580839
5.781854
6.037649
4.895819
1.52304
4.375862
-0.5035291
-0.1304927
4.611484
4.907107
-1.031738
3.865028
0.8981357
1.153162
5.358097
3.379509
5.800295
4.87499
4.909901
-0.3508188
4.15317
6.185941
6.562837
9.223186
4.412283
5.537409
4.083329
4.461982
6.245165
6.09848
-1.958624
3.89549
-0.832903
5.977274
5.877651
1.24107
4.712927
5.037337
4.734149
3.972475
5.148175
6.120299
0.9198926
4.671473
0.4335876
0.5614131
5.473794
3.047274
3.288958
4.508654
-1.331557
5.133928
3.975312
0.2721251
-0.3898839
3.821462
6.479857
4.518683
-0.1697069
7.576144
-0.8518339
-0.03982141
6.835047
0.3799094
4.058804
0.228793
0.626474
6.256078
5.478587
3.89828
6.588357
6.208227
0.1570876
-0.0105508
-1.709353
0.3838476
3.927976
4.946338
3.299172
1.451631
5.611889
5.424312
4.766681
3.47331
2.711239
1.904938
6.093093
5.355091
1.005957
0.3629931
0.5999809
-1.828869
0.623665
4.568122
4.582506
5.286775
-0.8851286
4.601817
1.382987
0.164749
5.426866
5.05433
3.052902
-1.458513
0.6342752
0.5182598
4.547458
4.395359
3.766621
4.110817
-0.4185248
0.6189869
3.440433
2.972227
-2.646459
5.699117
5.390485
3.410362
4.052042
5.47684
2.858597
3.506943
-0.7531877
-0.1153782
4.883781
-0.4579366
4.07942
3.215377
1.02461
5.713761
4.094598
4.521831
5.638406
4.702748
6.074794
4.734992
3.432781
-0.8888626
-0.4414955
7.197238
0.2242433
3.685709
-1.055556
1.269505
0.08336242
1.593945
1.640262
-1.256097
-0.7047364
-0.94628
3.999223
3.455563
4.481569
6.812608
5.890765
-1.767982
4.389706
4.399661
0.6692454
0.5819587
5.891656
5.309635
6.265012
-0.4184223
5.55316
4.485053
4.47229
-1.081117
0.9599162
0.1984453
0.06935811
5.237355
-1.61707
0.8906627
4.883219
5.500408
3.375587
5.652431
6.950162
6.36308
5.088607
5.08865
5.628448
-0.8041468
5.56646
4.472518
0.274675
6.336316
0.1502164
3.841393
5.833117
3.918952
6.350038
0.4358973
-1.17647
-0.7722498
5.847006
1.414712
-1.858888
5.027419
2.974515
4.46368
-0.285229
4.845142
-0.5050429
5.717454
-1.939233
-0.03958282
-0.52609
3.573741
1.194821
4.960302
8.599522
-0.2161311
5.777702
0.096301
4.664865
4.739746
4.805223
5.233032
-0.9908534
6.047346
-0.4201786
5.334162
8.185682
-0.8373368
5.49097
6.081508
7.475683
0.6400299
-0.02526605
-0.351717
0.4076711
5.625273
5.443127
0.07409329
6.277479
2.463629
4.573037
5.825053
5.125265
5.799946
-0.3052458
-0.6651597
5.359486
2.793129
-0.9462605
3.98695
4.219908
2.552482
5.147126
5.917975
3.465965
0.05958679
4.048089
-0.9055625
-0.404032
-1.538242
1.681222
5.808479
4.345158
1.396466
-0.2675847
-0.7111359
5.531245
3.918608
-0.5464258
4.525625
-1.279903
-0.2287486
7.064362
2.992851
0.0308195
4.380552
3.821342
3.269549
-0.2548264
-0.8001381
0.921669
6.929962
3.187388
-0.4539714
5.648743
-0.5012304
7.211226
5.585278
0.1354692
2.299724
-0.3879478
4.268893
5.553798
1.971783
4.79964
5.66285
1.583695
5.434607
0.6282596
3.63852
0.6997893
-1.155273
6.240851
-1.994442
7.099963
5.480537
5.590797
0.9419553
3.629136
3.797679
5.503798
0.9467975
0.6835051
1.365476
4.889784
1.110935
4.45201
4.92009
4.561022
3.508765
-0.01105723
5.168621
5.271842
5.686771
0.9855534
4.105984
0.05535961
0.7049088
-0.9160692
-1.720596
5.573746
0.7962177
5.075636
6.220156
1.21486
4.717255
4.485604
-1.344574
5.842528
8.238735
4.265265
4.039711
-0.3476698
4.995943
4.246286
2.267776
4.659693
1.744718
-1.00631
-1.088322
8.13235
-0.6551752
0.2261005
4.395945
4.165573
0.2232681
4.222342
5.034685
-0.850932
-0.09152448
-0.01330059
5.052389
5.38545
0.4140428
1.005847
1.448804
-1.254469
6.619412
4.82052
1.880362
8.864675
6.120624
-0.8042282
4.930575
6.738624
1.699056
5.710852
6.099635
10.44622
0.8620987
3.428012
-0.6111571
4.988008
4.903329
4.691891
6.929627
5.536637
4.44889
6.318542
5.13225
5.496973
9.602858
-0.4335232
-0.1104759
5.514907
-0.7498315
4.361833
5.081307
0.4269749
-0.2428487
5.112657
1.164212
0.07903735
5.645605
-1.93017
0.6646161
-0.9271866
-0.895058
5.00335
0.2548433
-1.137817
4.487256
2.024026
5.604075
3.639342
3.99216
6.699846
5.5155
0.4318266
6.18562
0.3206366
5.68934
2.568498
0.572641
-1.18025
-0.3299996
-1.04941
2.503533
5.149151
0.6924627
4.179754
5.686005
2.086009
9.359163
0.01199885
0.2020225
5.527052
5.194717
5.15733
4.995397
5.019623
6.246008
3.608317
4.270702
-0.8668586
3.056279
7.515767
4.40976
2.174065
6.69399
1.36924
5.295026
5.603053
0.08200797
4.771798
1.880576
5.990273
4.492333
2.8952
3.447368
0.5609357
1.615517
5.373021
5.875195
5.518841
0.6747998
3.73442
4.941431
3.826607
2.102102
-0.2690203
-0.5021524
3.290122
0.3369483
5.584918
1.326813
1.254048
6.615312
0.5503265
5.313061
0.7432434
5.09515
4.840346
3.878688
6.133397
10.60196
4.862654
-0.9316378
3.443017
-2.31392
5.594031
1.261909
1.462845
0.6221615
-0.07450063
1.216532
5.079106
2.636103
-1.261002
0.2834533
4.895914
-1.197111
-0.07137952
1.018968
4.449798
5.504205
4.993387
-0.09408751
4.975285
-0.1670426
0.07905415
3.98102
-0.3247208
6.40293
-0.6795239
4.296103
2.211745
-0.5382247
-0.6745429
-0.2574652
0.1997575
5.218894
1.347681
2.997143
0.0003753148
3.522449
3.995177
1.409821
4.311663
-0.1419647
5.480113
5.80329
-0.9664148
0.7751256
1.548496
0.9382403
5.914642
5.157696
3.03299
5.803291
-1.893904
5.135827
5.416728
5.08193
5.466878
1.717269
5.733744
4.306682
4.301273
4.705635
-1.962014
-0.2610803
1.053587
1.269678
0.5745105
0.7584025
4.480782
0.9664925
4.000807
5.466173
1.771002
0.3673662
-0.3259355
5.371395
-0.4185403
-1.331662
4.450987
0.320564
5.7365
-1.069491
4.050439
3.750291
5.423296
1.944349
6.018982
0.4146939
1.244739
6.323651
4.713028
5.437957
4.76027
-1.834166
0.8665347
5.36865
-0.6784665
0.2713928
5.539381
5.651713
6.062645
4.457633
0.2322797
5.0307
5.136347
7.078763
6.242252
4.239863
-2.255877
-1.572845
4.252995
6.203463
3.519443
5.849942
6.64266
8.08256
0.2604512
1.107538
4.29661
0.5721112
7.581342
6.133477
4.752707
-1.606989
3.57204
-2.056004
3.626922
3.228299
5.245512
1.025349
4.689045
1.443894
-1.236304
6.170547
4.69031
2.759521
4.582828
3.997402
5.046616
2.056465
1.371228
-0.8918441
4.300761
5.472755
-1.37342
0.6117136
0.9493302
2.894716
6.437147
-0.3511919
3.696837
5.100156
-1.108168
3.935639
4.173201
3.135407
4.47561
5.223522
2.538338
4.573627
1.933435
3.860586
4.823901
0.1610003
0.6309259
-0.6853176
4.83202
3.97511
1.264012
2.98387
-1.633196
-2.226582
5.450759
4.532959
4.746435
6.44421
4.067654
-2.266043
5.669033
5.026632
5.986974
5.302582
6.383399
6.298928
-0.04770112
-0.8358606
5.062359
7.152495
3.551976
-0.02305542
-0.8711017
0.02309504
3.424514
5.030817
3.885759
-1.537399
4.874058
1.910702
-1.764925
5.52802
4.421786
5.331672
-1.346559
4.609297
3.929012
6.935206
0.7193774
-0.9019059
5.608372
6.465572
0.6600795
5.517282
0.1929033
6.401684
-0.6240408
1.039071
-0.7254158
6.409216
5.311119
6.555342
-0.3543377
2.133989
4.096221
5.523332
4.912714
-0.9680438
0.5901657
6.433511
-0.1869595
-0.3287098
1.465979
3.314958
5.559034
-0.8045898
-1.146082
0.3728528
6.001182
0.111307
1.762181
-1.572993
0.796477
-0.1706325
4.819583
7.691487
2.173658
4.068794
6.297093
3.680998
-0.5699851
2.31132
3.146824
4.133903
5.578414
-1.317374
-1.219369
4.642166
4.378815
0.3249854
4.986693
4.92094
0.1729062
7.155912
5.556784
6.253628
0.302493
1.168186
4.338431
6.579226
-0.3733672
6.062771
1.400396
5.249389
4.912704
0.6850546
4.198157
5.305799
4.502523
0.6254888
6.614828
1.549443
4.888427
-0.9992672
-0.4594493
0.7361001
5.25016
-1.563761
4.30098
0.3689557
1.146313
-0.148714
-2.396799
4.987424
5.702238
3.536707
4.362203
0.03134399
-0.7092518
6.005122
-0.3039774
1.170804
6.05048
2.752932
1.652155
5.438841
5.275126
0.4249625
4.819029
-0.4960013
1.161094
4.833157
5.845504
-1.236659
-1.542298
-0.4821288
3.947141
4.173522
0.4427312
1.506206
-0.2150128
4.533233
-0.6146115
0.3597242
-0.3166081
4.46445
4.86133
0.8708207
0.09255758
-0.108933
7.113473
5.450476
0.550704
5.447365
-0.6493368
6.680229
4.821571
4.367089
0.9407704
6.587076
5.41473
0.5143731
-0.7509594
5.223911
3.52203
-0.7375039
-0.6135273
1.952569
0.3406049
0.1903084
4.10327
5.642599
0.5339127
-0.2431664
-1.966474
-0.5226293
3.492581
6.691514
-1.042706
0.6478554
0.3957875
5.014037
-0.4594521
-0.3180954
-0.7085034
0.458323
0.4070166
0.651836
0.4684047
0.4612968
3.922584
7.253177
6.22991
8.849138
2.128327
0.6917368
4.119729
6.333041
0.3460491
2.881796
4.564609
6.864331
5.477118
4.713048
-1.293615
-0.9693745
-0.5414027
-0.5681926
4.607206
1.057821
1.254383
0.8678023
4.608737
4.462381
5.406007
5.859935
4.736774
-1.066882
0.726039
5.072057
2.983985
6.05074
-0.3821617
4.301148
6.173319
-0.9851197
6.092879
5.348243
0.6273213
-0.8506622
4.27658
-1.263354
1.076033
4.763957
-1.319995
3.245654
-1.967393
0.6297803
3.897468
4.13081
-0.5520457
-1.274032
-0.8286217
-0.04978568
-0.907198
3.807284
6.088367
0.1976186
4.888498
5.914932
4.267697
0.9883095
1.16037
-0.6574484
-0.5114308
5.907291
4.392854
-1.327326
3.954824
5.529786
3.8919
-0.363541
0.7572828
-1.89931
-0.6859703
3.440558
-0.8402903
-0.4601466
6.525527
4.385216
-0.02791784
5.815542
5.299472
-2.082525
-0.6562298
5.866927
6.507353
6.525413
10.91683
5.318743
6.986226
-0.6240288
0.9807916
4.699216
1.640199
5.171083
0.9815441
-1.206785
1.681041
0.9115041
5.809649
5.873284
3.690314
-1.501402
6.127283
1.124801
3.987392
3.734448
4.308095
4.717232
4.293088
5.68603
4.057857
-0.0527773
-0.8694025
0.3524393
1.623461
0.8688035
6.708648
0.9485263
3.913
4.62382
5.049431
5.202622
3.961282
7.044183
1.118422
2.318841
4.924781
6.74602
4.128122
-0.1431359
1.754061
0.177577
4.210336
6.01302
6.071717
-0.9985783
4.915831
3.626189
4.457313
5.468815
-1.090852
4.199608
0.4110859
-0.8996438
5.191654
-0.01884069
-0.1955416
5.965607
3.657687
4.50411
4.854952
1.10765
5.285394
4.88445
0.3945353
5.98347
5.549258
2.591533
4.709478
-0.8448786
0.8466014
-0.02836637
4.852312
5.938721
-0.1732315
5.138929
4.179107
0.7558413
7.250677
0.2130105
1.142102
6.442419
3.083429
0.0978505
11.88448
0.5345377
0.5104767
1.224918
4.006897
4.328602
0.3255648
0.1748216
0.6079727
1.996978
0.6928743
-0.493859
-0.09696124
-1.110401
0.6515504
5.158937
-1.724627
5.520182
1.883586
1.432739
0.5564076
0.6837245
4.649789
6.683367
6.947669
5.224791
0.1575634
-1.567189
4.765962
0.7251169
0.6231276
4.634607
0.7541766
-0.5973296
0.5567782
0.7031012
-1.073732
-0.6164172
5.968883
4.903402
3.502443
5.713408
4.414237
-0.4023148
0.7453963
4.884784
2.883273
0.3536208
-0.7909724
5.921058
5.772219
3.951173
5.417878
0.6813935
5.732008
0.1156491
6.677325
-0.04773956
-0.8374126
-0.3471136
4.366825
4.327815
-1.087009
3.90548
5.521941
4.654937
1.045233
5.216861
0.5290226
4.913657
5.809281
5.708306
5.162588
1.276832
-0.9486035
0.5801879
-1.176124
-0.9695775
4.500729
7.32253
4.179029
4.073138
4.738319
0.04214141
1.018068
0.3820354
7.81995
0.5492546
3.226873
4.986303
5.447004
-0.9028851
-0.121038
5.252602
0.3288192
-0.5140979
5.231862
4.178345
6.529335
3.929539
5.030288
0.04781536
-0.2275237
6.166553
7.203137
-1.017914
8.981956
-0.08603707
4.155217
1.695027
0.02719563
5.908766
4.207076
0.5133714
0.5852448
2.601026
5.030536
2.581786
3.853605
0.5407813
3.128017
6.783839
4.098873
4.791156
-1.678626
-0.07537237
5.715871
0.3639259
5.507564
5.651376
-1.836146
5.035312
-0.3086919
-1.627687
0.3719968
-1.575889
6.806185
5.52224
4.649174
-2.673042
2.98527
5.248538
4.30099
5.750784
5.764322
1.016574
3.755495
0.1507057
1.706727
-0.3895969
4.853585
1.332516
5.917497
-0.2074915
-1.814477
0.2586647
3.664242
6.709107
5.550952
0.2109342
6.471125
4.253913
4.311822
-1.936807
4.668995
-0.8125305
0.2297597
4.584034
4.746389
4.189469
6.11336
7.923791
4.84634
1.944501
2.027623
0.1594799
1.886693
6.882167
0.1769878
5.054304
-1.200036
6.040319
4.673055
10.26912
-0.730177
-0.3710022
4.594949
8.402318
3.450085
5.971142
4.301242
-0.5706109
5.073085
-1.413691
-0.3754083
5.656452
5.372648
0.7012804
5.314052
5.552857
3.183505
0.7784748
5.403097
5.388543
0.3099027
4.738424
0.8107665
-0.0941439
-1.600009
4.825548
4.530969
3.724738
2.205403
0.7936248
3.434944
4.411085
1.104049
0.283944
4.595401
0.5880603
5.368088
-0.907855
3.954912
0.369786
-0.1532802
5.22156
5.573792
-1.049668
4.022602
6.631536
5.252051
0.674727
3.873162
-0.4437682
-1.169094
5.390782
5.093081
-0.15366
3.385188
9.307576
-0.5152872
4.924672
0.4405208
3.824853
-0.03325029
1.156535
4.426547
0.1827922
4.672759
0.5243713
7.655464
4.440632
0.9277421
5.71338
0.4432513
3.902504
-0.6423496
0.2344278
6.454498
1.283217
0.1960883
7.246966
0.9334417
3.957185
4.900653
4.971332
5.218005
6.159689
4.371648
5.570235
6.73223
7.014106
5.844811
6.488716
-1.76306
1.711333
-0.4679384
-0.9574616
4.367847
1.734083
3.358075
4.565584
6.028968
5.383766
-0.07787135
4.913973
5.128793
4.678635
5.840481
-0.3754576
6.400585
4.982482
-0.7709786
5.666926
5.579308
5.838991
0.870452
-0.06109798
5.548045
6.369455
0.1081005
5.116502
5.40016
-0.3144036
3.883157
-0.8768309
1.104594
2.41127
7.231242
4.392564
-0.5031156
3.119687
-0.639388
5.498027
-0.1241286
-0.2297955
6.252632
0.3509538
-1.363694
0.3408874
-0.3586424
5.365802
5.361861
3.79479
7.282675
4.371896
1.58167
0.4482131
1.941199
1.231426
-1.364544
6.471945
6.449717
1.65097
0.4282915
0.1262316
5.228491
-0.9553637
5.351836
0.4889906
5.980672
0.2651617
0.6457178
0.1504991
4.094142
4.761882
4.750168
2.364622
5.992182
6.882193
0.7155606
-2.078885
0.2289632
-0.3771993
-0.1644401
6.594619
-0.2160275
5.358356
4.285393
3.777396
5.242631
3.818555
5.751901
4.064133
8.088659
4.973494
5.944029
0.6748192
5.811721
2.948382
4.708849
3.40582
4.448119
-1.133261
3.832457
3.437772
4.786528
5.345155
6.053513
-1.586338
5.812424
4.818688
4.952187
3.824342
5.110153
5.211312
-1.203829
3.921446
5.726991
0.0635054
5.184746
-0.04542492
3.916927
-0.5024158
1.360418
1.554554
0.7236978
4.83839
4.86964
4.291364
3.884663
-1.049224
4.199898
4.806927
4.568527
-0.6116612
-0.1414864
0.1805192
4.953651
3.984379
0.8428783
-0.4903804
1.947938
-0.7398825
8.71482
-1.032165
-0.2856058
5.692255
4.674236
3.826386
0.6636984
6.445246
5.50707
6.383854
-1.059285
4.89245
0.3522639
-0.3628691
4.924109
4.606396
0.8720298
6.493562
4.381648
0.747236
-0.6901384
0.7432412
1.799783
-0.82811
4.021073
1.020763
1.307728
5.282851
3.335167
5.617524
0.5851959
0.06372553
-1.045587
1.930888
-0.2757421
4.95353
4.061926
1.468944
5.508869
1.962706
-1.134924
-0.6302976
-0.814031
0.1151045
3.526639
4.592074
4.396661
5.111985
5.276448
2.957203
-0.529584
-0.4953472
4.383253
4.38398
-0.5546873
5.27369
4.297242
1.127051
0.5447632
0.2425318
-1.802207
4.961845
-1.021192
2.43558
-0.2730782
2.603316
6.271973
-0.6885056
2.4762
4.293356
5.741437
5.745201
4.559611
11.78136
-0.4296675
4.725329
4.885827
0.1885067
4.801462
0.9073614
-0.02495119
0.7733094
0.9223217
4.802325
6.061105
5.581856
0.2624376
-0.2358804
-1.541456
1.996715
-2.412162
8.923463
5.133094
4.562568
5.300211
5.820031
7.209903
6.030927
0.6757603
4.672488
4.715134
6.184055
4.09531
-1.252447
3.920974
4.757634
3.730731
5.458009
-0.7941004
6.124116
5.052793
4.293923
4.655592
4.12658
3.939078
4.104944
-1.792315
6.52944
-0.1804728
1.1339
5.092455
-0.2300527
6.955135
4.402018
5.901137
4.849256
-0.8386738
6.192085
4.131411
5.057713
5.434423
0.311315
4.261873
-0.9916586
4.986672
6.130074
4.615801
3.686511
2.439749
4.707998
1.46888
5.410015
5.13278
-0.285671
1.233851
4.561285
-0.2611368
-1.59385
3.218976
5.947561
-0.3592119
4.11823
0.6227868
-1.852119
4.991554
3.1406
6.088217
5.145975
-1.935967
5.249175
5.506116
4.511527
0.2968215
4.034169
-0.7796374
4.98468
-0.1486516
5.794085
0.02525685
1.168866
5.903641
7.002243
-0.4944017
6.262737
0.2847905
0.5493172
5.043436
3.866465
7.220551
1.282377
3.97658
4.507907
-1.406141
1.484897
5.25717
0.2907309
-0.8905835
2.90835
4.756247
4.92337
1.670889
5.933223
0.4908296
-0.2753198
5.493932
0.7810879
4.563124
-0.6968284
5.851945
0.08962806
0.3836515
3.475475
-0.4753255
6.882566
0.01468839
5.337316
5.114845
-1.710183
0.5605943
1.331318
3.523293
4.696884
-0.6392059
3.307328
-1.031551
-0.5362906
4.125601
4.870639
-0.4321162
5.665978
1.274215
3.759749
-0.2629242
-1.574743
-0.3295637
-0.5578824
4.341381
6.375147
5.655596
4.989706
3.679098
2.324496
6.447941
4.47571
3.487371
-0.3021449
4.74325
8.814202
-0.7280325
4.020406
0.8407922
2.182444
5.500108
0.4959619
-1.417211
5.876658
4.32423
4.170533
0.04621714
3.826653
5.120758
4.983709
4.976668
2.829887
0.3584589
7.809262
0.1943405
5.089844
6.405168
6.348287
5.723479
3.459199
4.000668
0.7524337
5.266541
0.9741465
5.579054
5.58895
4.019254
-2.159107
4.534769
-1.862942
0.8544087
-0.6065076
7.667295
4.336284
-0.2286374
5.615094
0.6930117
-0.3690657
7.09722
8.469749
8.925542
3.105171
5.651657
4.85269
5.325747
-0.4707976
-0.9362023
0.01578856
2.504327
5.808459
-0.09791613
4.056866
5.886996
5.393361
5.739499
6.145051
-1.120474
4.227613
4.855098
4.893972
5.593463
2.135225
1.853241
3.705754
0.7584301
5.180966
5.56794
3.549244
5.901601
5.591521
5.465301
4.863571
3.98625
0.8009401
0.05803151
3.834928
-0.6191421
7.830855
5.816026
0.00380473
4.818259
9.930823
-0.3337639
6.902411
2.875062
2.228385
7.690087
5.400612
4.646539
1.148045
-0.711253
12.16109
-0.01516359
10.40208
2.990375
3.98697
-0.7602542
4.832104
4.138934
6.580979
0.6371065
5.404522
4.364581
4.680473
4.269734
3.140195
6.35355
2.901154
0.9555606
4.017162
5.840596
4.412492
0.4444207
5.498179
5.164346
2.970822
5.196272
-0.5089858
4.787143
0.9615854
5.922095
0.2864445
5.913793
0.1225809
6.772389
4.64385
1.0414
5.280981
5.727558
9.651248
-0.6934432
-0.7062883
5.768501
-0.8202617
5.943939
0.1411924
6.034089
-2.236343
-0.9328252
6.028365
4.431266
4.611866
-0.9609903
2.881353
1.418058
4.021504
-0.2079135
4.849132
5.488022
6.834526
0.2325303
1.262184
5.7807
-1.19561
-1.007965
5.7631
0.1412126
5.060702
3.04139
-0.2381001
3.207615
4.809804
0.7928939
0.5331088
4.648556
4.348591
-0.07793388
-0.09156611
-2.10548
6.345208
0.9265663
-1.667673
6.142901
5.7702
5.381885
-1.278823
5.515654
6.142906
-0.3036657
0.5475037
-0.07902494
0.6327275
0.8859887
4.646894
-0.5963009
1.538529
0.8064632
5.194167
5.232944
5.291343
3.739487
-0.6765139
-1.208049
5.427566
4.682519
4.818787
-1.407206
4.115881
4.642111
5.994683
5.232597
7.413831
0.8125088
-0.1370986
6.881267
5.93141
6.043707
1.127921
1.067365
4.129962
-0.5654525
-0.984552
4.75258
0.9034926
0.0397208
4.312796
-0.435039
9.064173
4.974683
5.37801
4.489177
-0.2665559
4.227167
0.7680334
-0.8705578
-1.156209
4.35071
4.572779
0.7220904
4.968408
1.287167
0.3423064
4.330487
2.812264
10.08027
14.58311
6.632468
4.702896
3.996852
4.759288
-0.6207744
4.585245
2.093322
4.324714
6.74995
1.44822
5.007867
3.997415
3.026048
-1.473397
3.919554
0.147588
4.512837
-1.762514
5.411154
-1.778538
0.233709
7.066864
-0.4082964
3.337965
4.821671
0.8045882
3.274301
-0.5907796
3.359944
4.274659
0.5730435
0.5043262
0.9839991
-0.6988767
5.465561
4.816875
6.141051
5.5736
4.378519
-0.6588526
-0.9741304
13.40864
4.419606
-0.2371011
6.233015
5.052761
5.384873
3.11761
6.601051
5.281483
0.3272169
3.980035
2.067487
5.110157
5.430606
2.574482
-0.9367964
5.361195
1.702813
0.1087934
5.025952
-1.087277
4.317065
0.0549057
3.772932
3.793878
3.761963
5.442197
4.898692
-1.027004
-1.224921
5.899616
1.347422
2.824732
0.3454
0.09191845
6.588012
4.840643
3.152321
0.4819564
5.362409
2.978856
0.9008266
4.67302
5.300352
0.02423746
-0.4160698
0.08990027
5.10273
0.1660265
3.365589
-0.5499838
6.686409
4.801693
4.922748
6.581538
1.786233
-0.9171697
0.2638562
5.9543
3.172182
4.104091
-0.9054838
2.27649
0.5236658
5.156781
-1.635715
3.219887
5.156007
5.167406
1.213689
4.769306
5.604582
-1.198631
6.155879
0.8832851
-0.1496223
5.241716
4.705232
6.56371
1.107084
5.29268
-0.7200739
6.311643
-0.5821074
-0.4967109
5.930653
4.631918
5.883296
3.401255
4.133222
5.091357
0.1585369
-0.281264
0.05122343
-0.3752863
-0.2389314
5.145992
-1.466339
5.648371
0.6425088
-0.987517
3.916379
4.744306
-0.9665751
3.689431
5.436784
7.722045
3.928648
4.701557
-0.8363061
6.894847
4.311702
2.125921
3.785522
0.860461
4.18525
0.002590356
10.81554
4.434423
4.353453
1.619832
4.635496
-1.084678
0.7944322
5.582035
1.180742
4.348331
2.308275
5.604912
4.767026
4.999843
4.958451
5.823833
5.713769
5.045282
-0.06611431
-0.3222453
3.93065
4.553718
4.191152
4.217011
4.518551
0.8210102
-2.109312
-1.043192
1.377928
1.412287
-0.4583748
5.460416
6.137194
-0.4651135
-0.5720662
1.89453
-0.7410727
1.625014
4.084687
3.258838
4.466352
5.575031
5.497383
5.151384
0.6698545
-0.4462719
5.284352
1.252473
-0.4695886
2.875971
3.753447
6.420409
5.43893
0.5219124
4.447553
-0.4640302
3.935919
4.603528
5.464304
0.7964038
4.676474
0.8157251
5.995378
3.304938
-1.397086
1.038422
-1.046559
-0.4534421
-0.3412691
3.948232
6.343733
0.8378426
4.420233
4.886598
0.8708179
4.852902
4.968104
2.471333
6.625118
5.034252
5.446497
0.4006739
4.176835
4.455333
5.056324
2.160556
3.870402
0.4410734
-1.720094
3.033776
0.32196
-0.9870265
1.815844
1.044936
1.034733
-0.971994
8.396556
0.5477266
5.547398
7.169373
0.8449747
-0.9485493
-0.6507811
5.094954
3.957709
4.34981
3.280123
5.958846
4.582696
0.9952753
4.97879
1.08887
0.4286551
0.8965591
4.446744
0.01087471
0.1897125
2.522474
4.489521
0.5043199
-1.20999
0.7733277
-0.02006977
5.702736
-2.139219
7.303957
6.4059
0.9118387
5.796097
6.968778
4.494088
5.617639
0.3927133
-1.292625
3.406067
0.1919249
0.2338528
5.466724
6.6529
1.245923
5.399057
-0.8400043
2.679024
7.203062
-1.028239
5.633996
4.275632
5.42804
4.4263
5.581499
6.488293
-1.445749
2.952216
3.604159
4.634331
6.225079
6.697478
-0.4386115
0.6063559
4.608043
6.610562
9.650325
-0.3388489
0.8513449
1.254205
-0.686303
1.034189
0.5483353
6.962108
5.409867
5.746129
4.881129
4.943587
4.988796
-0.01014915
4.817103
1.776467
4.588055
3.284847
3.884547
3.62185
3.422538
0.06293862
6.675592
5.521939
4.760954
0.1838301
-2.259466
1.30321
4.528339
0.9182946
5.06129
-0.009043106
0.02801642
4.407264
-0.7205356
5.891736
4.886893
4.594916
5.405111
3.004024
0.326029
5.134003
0.6123885
-0.4570484
5.203884
5.601091
6.290627
-0.4305772
3.948478
-1.575227
-0.847789
0.1096573
0.4938622
6.31656
4.946211
5.061473
0.7457481
-0.1780269
5.148987
0.3159263
6.081894
4.391513
6.113764
5.463331
3.454147
6.436619
0.409595
3.808012
5.922001
3.421106
6.418113
-0.1068709
-0.6887199
0.6486738
4.725246
1.648273
5.31346
4.386133
4.107383
-1.275765
4.858472
1.389591
0.0516409
0.8440509
4.097515
5.133692
0.5588467
5.274772
0.2312502
0.146095
6.509281
4.169607
4.868728
5.800167
3.031996
4.612567
-1.547265
5.444042
4.345856
4.095358
-0.9168176
0.6824713
-1.429988
3.347121
0.8224836
0.8689965
6.265571
-1.321045
6.004049
5.154424
3.348473
3.416561
1.303809
4.765208
-0.06593335
-0.7679983
-0.7048878
6.284081
2.093846
0.8317491
0.6382363
-0.4469048
5.356231
-0.7392697
9.960097
0.6307798
6.041918
0.4065316
1.355559
-0.1429629
0.1487652
0.5539623
-1.044315
3.686603
0.2981831
0.3708035
10.09078
0.8295203
2.950286
-0.6250123
-1.969072
-0.4501169
6.668961
4.726747
-1.668765
5.434297
5.62991
5.944854
4.111797
4.656151
0.02313071
5.089593
-0.04315176
-0.274262
5.115206
-0.4684769
-0.9924116
0.08935659
3.194821
5.763903
-0.3923846
5.364951
5.083451
4.723648
4.758685
1.394931
4.200469
5.419159
-0.07747081
5.25341
-1.673774
4.023668
4.550797
0.5044007
4.472114
5.712345
0.504852
3.685132
4.490712
4.318398
0.5607669
-1.301006
4.385751
6.315054
5.013922
-1.058286
4.092535
4.745489
0.125942
6.619772
4.991779
1.001339
5.671693
-0.9986641
4.702532
4.992523
5.919541
4.515254
5.978139
4.67589
3.524323
0.2476362
5.564784
4.974357
3.427827
-1.431754
0.7048423
5.658805
0.3200938
5.033636
-2.395881
4.828986
5.195811
-1.399984
-0.3937394
-0.1858724
-0.6607206
8.185585
7.234608
4.568003
-1.13323
5.212068
8.592726
-0.7235516
5.214445
5.030763
3.306431
4.564322
5.300352
4.408188
-0.5148265
5.513528
0.7675703
5.838634
5.790019
4.354338
0.05843012
0.9541135
3.835113
-1.361184
5.766281
5.647114
5.517035
1.901766
4.309857
-0.825664
4.62365
5.344322
3.350476
5.154815
9.815515
5.60735
-1.231787
0.1436921
6.400346
-1.658175
1.605856
1.779351
0.178694
4.839778
5.673639
4.975471
3.981166
3.995159
2.40306
3.897496
-1.947176
5.446928
5.159013
5.788354
-2.698025
-1.731837
5.711627
6.477909
5.350647
0.02335619
4.12477
-0.5642028
-0.1652748
4.920702
5.174042
5.538718
-0.245024
-1.733023
-1.500675
6.323162
0.9606031
4.79581
1.942802
-0.4570451
0.3193326
4.118026
5.168356
1.230754
1.023353
-0.4062948
5.380951
-1.076098
8.580796
-0.5698828
5.648567
-0.2358355
6.32483
2.090697
2.308057
5.7864
0.7105915
1.110214
5.531656
0.9654243
3.406055
0.2945885
0.3879343
3.945475
5.585268
5.186114
7.245021
2.29693
0.1362118
5.148015
6.085094
5.396754
5.241079
7.113193
5.232777
0.9007715
3.730115
4.207539
-0.5672895
4.24887
-0.9149817
8.545676
4.090862
-0.0216206
5.288334
8.279712
-0.9745526
-0.8319116
5.5343
6.339977
5.499523
4.278396
0.8738201
5.314392
3.95192
0.4441333
4.187079
5.23079
4.826298
0.8958811
-0.3588691
-0.3154609
5.822199
3.28206
0.5903879
3.886363
4.951443
6.0006
1.027216
0.3821149
-1.330713
6.121499
-0.7423712
-1.953859
4.180381
4.845395
3.840235
7.123264
1.701935
0.5464011
0.7461304
4.699844
5.251298
8.398108
4.066252
5.25754
4.39527
-0.6665375
0.9351839
6.843275
6.903963
4.861929
6.519202
6.108518
7.156793
-2.08065
5.229248
6.208926
1.947956
5.456708
3.871048
1.007973
1.294441
4.821
0.9465994
-0.2502402
-0.3602589
5.749313
-0.0768664
4.386607
3.415765
-0.0515256
5.503319
0.8144935
0.4537941
4.653524
1.29942
6.55443
5.232376
4.38614
0.4320473
1.65124
0.3792083
5.228032
4.990365
0.7354643
1.037923
5.888428
3.925967
4.477843
6.346338
5.663671
4.413575
0.2788865
1.400928
0.6412266
0.7371345
-0.6529545
0.6453883
3.459967
0.1494095
4.090112
-0.7756914
5.287703
0.957554
5.70755
0.781556
4.784931
-1.290131
6.914825
-0.3212865
3.397707
8.920553
0.2160347
6.783028
-0.8895088
0.8763308
-0.1262788
4.223256
-0.1228794
3.664229
6.950136
1.984292
6.572467
5.289311
1.089214
-0.1713944
1.318885
-0.4898777
0.03336501
1.057344
4.036967
-0.8956592
11.10161
-1.319318
6.151046
6.176279
5.200332
4.450161
0.5286903
-1.322851
-0.7877687
5.597893
5.167781
0.5887067
5.568655
0.250124
0.1141655
-0.6110855
3.731861
6.113975
6.109512
5.712753
0.2302522
6.228895
0.4748212
4.792093
6.957526
6.725085
-1.939019
-0.7911695
1.995849
-1.450015
6.661427
2.668569
-1.45203
-1.33387
5.072939
1.059193
6.216648
5.559828
3.741716
0.446786
4.210091
5.558061
3.334106
5.087041
6.403206
0.1767996
-0.04872881
0.4980963
6.198446
0.1935188
8.702846
4.379893
3.72022
-1.709674
4.730119
4.070324
-1.05101
1.072727
4.569736
5.497661
4.353154
0.200902
0.3104109
-0.4887164
4.538602
4.86819
5.156648
5.435741
-0.3800649
3.275911
3.391174
4.728668
5.627226
7.106979
-0.3346274
-0.384506
0.3370838
5.121635
5.265653
5.162051
-1.336275
4.895209
7.315312
4.704113
0.8311524
0.917091
1.653066
4.087928
-0.5619003
1.392073
-2.127628
6.638755
4.020623
3.255573
2.458834
4.688817
-0.5493854
0.2379988
4.576813
5.570374
0.3812262
5.225997
4.644613
4.628502
5.138632
1.99448
0.8907599
9.289994
4.707826
6.077968
4.302549
-0.9563438
5.908504
5.412622
4.836371
0.04285528
-1.276003
-0.3855304
-0.9948046
4.763727
1.433412
3.030729
6.725609
3.612245
5.797653
4.465008
5.400065
3.472768
4.087469
5.055602
-0.005414261
-0.333099
0.3285532
7.247951
-1.165904
-0.1395895
5.357911
0.01257256
3.591579
4.7115
5.167962
-0.2977458
-1.481121
4.35839
4.753851
3.953932
0.2446198
5.281746
-0.6993173
4.541153
3.042932
1.676843
-1.106176
7.58369
-1.95221
5.973445
4.500838
3.582828
-0.3912185
4.777147
0.5010824
-0.1957847
3.00856
5.712084
6.431817
5.788607
-2.696109
-0.8537456
5.635042
0.3601491
4.320245
5.097639
0.3140771
1.107702
5.3741
5.038552
-1.127754
5.123433
3.653661
3.714394
-0.8161578
3.879685
0.4740566
-0.3852875
-2.164307
1.065054
-0.1489063
0.8795539
-1.315849
4.271097
-0.7795864
-0.2448568
6.003988
4.302254
6.215523
5.804662
0.4428126
2.596321
4.315837
4.894325
