4.735656
-0.8959885
0.6176974
3.050145
3.890081
6.566619
2.215483
5.108079
3.485556
0.6383861
5.040731
0.01406086
4.047855
5.146147
-1.033086
1.537975
5.470194
5.785032
-1.5617
4.10013
1.516392
5.42084
4.639763
6.202325
8.257474
-1.062348
5.428946
0.6616754
-0.2207189
4.108241
-0.06897014
1.040026
3.430351
1.121256
4.866778
-0.425913
4.750625
1.964907
0.6708781
0.1925666
5.521191
4.760349
3.887408
-0.6014512
0.9860266
-0.3225184
0.3313368
-0.932085
5.461975
-1.327875
5.4692
2.161079
0.6606257
-0.1431589
5.114742
5.342299
3.982266
6.649802
5.480051
1.817778
4.404515
4.611929
5.281326
6.094649
1.18264
5.096079
5.847797
7.110464
0.3708776
7.047307
5.149031
2.849828
0.7802812
-0.6766563
4.766558
-0.6149894
5.805494
6.164306
0.1813678
-0.05773708
-1.77446
4.561041
-0.237904
1.375574
1.028793
6.602592
-0.6389877
4.006699
4.466986
2.018056
4.880667
-0.5199308
5.151114
7.201172
4.714932
2.943363
6.133253
5.391256
0.1820249
3.990627
0.09442044
6.714022
5.673024
0.2281377
-1.035006
5.458166
-1.184448
5.425675
0.6285461
-2.804519
0.3152734
-1.025338
7.064388
1.846632
9.683202
-0.9358019
4.526326
0.3616721
-0.3057521
4.894509
4.106226
4.702
4.912478
5.42467
1.551064
4.7044
4.365234
5.6019
0.2299687
6.262311
4.860364
3.081775
0.02965196
6.665982
5.561135
4.510926
0.2772994
-0.2670212
5.838607
6.340691
5.340475
0.3726185
6.02287
4.390095
1.260932
-2.462138
2.670951
5.386812
2.661992
5.305155
2.013782
0.4542489
0.689456
-1.217193
-0.3713449
-0.3087288
-0.6045515
-0.01808532
0.9712487
6.470543
4.625631
0.2753793
1.019578
-0.479313
-0.296537
5.33802
-0.2599253
1.16219
0.7891948
4.087959
5.444585
3.40782
-0.7918422
4.859981
4.91953
4.851137
1.261328
0.01163873
3.415698
4.597867
2.927485
2.945754
4.775826
5.129119
-0.4524408
4.967811
-0.6838261
4.762765
5.855743
5.543614
5.812903
7.009417
3.44569
3.932364
3.250671
-1.639015
4.710551
4.734363
4.651891
7.952641
4.536446
12.23553
5.872517
5.421948
6.164161
6.582561
5.293432
0.01297633
5.322306
0.05341128
0.9770059
-0.9232102
0.4837102
6.74255
-1.100507
-1.046791
-0.2352078
-0.6131563
0.591712
3.804782
3.045096
5.977354
4.671255
4.738393
5.80664
5.126387
3.59036
3.746444
0.02508206
0.322025
0.3985324
-0.9963997
1.092468
-0.6327139
-0.4192421
4.1278
0.4152119
4.103964
0.5069704
-0.8507667
4.439712
-0.9465288
1.52696
6.239392
6.825243
0.456713
3.719614
5.697088
7.448613
1.075742
-0.6989727
4.034026
-2.471009
0.8732955
1.303951
0.8246329
6.072991
0.197039
5.370238
4.324296
0.02401226
4.283295
0.6404642
0.5374181
4.761641
-0.9462063
-1.393404
4.667455
0.7498562
4.761649
0.1616248
0.6930483
3.804955
5.794722
6.179608
-0.2370462
-0.2663748
5.573223
1.368207
-2.021741
4.334197
6.025438
7.577392
1.647493
3.211128
-0.4120919
4.370653
4.74122
4.596272
0.05282897
5.549195
4.507825
3.89147
0.03280558
-1.090155
4.317678
-0.3977351
0.9769772
-0.0745118
-0.6595369
6.335954
0.7191348
4.487449
4.547057
4.312198
-1.464888
5.23568
4.870252
1.695566
6.606823
-0.5946466
5.412167
0.4239049
0.4108023
4.940897
6.034138
4.371607
-1.993033
0.2571224
5.86644
3.096504
5.036339
1.484678
1.165887
-1.888399
-1.388134
0.5343198
4.669997
6.062975
0.2819862
4.860552
3.675555
4.283109
13.01739
5.223241
4.848635
-0.09320334
3.844878
4.017211
4.603821
4.408432
5.66219
5.223163
4.813744
-1.479138
5.878135
6.312269
-0.08407241
5.065465
1.605389
4.466924
-0.7809384
2.620467
4.5999
3.133948
5.019016
3.545833
5.254796
0.5148451
5.452333
-2.041251
1.27912
4.052386
3.253271
3.853699
-0.2736896
5.511681
1.952726
-0.6977001
5.02776
4.116197
-0.97516
7.884346
-1.647371
5.705589
0.4453004
3.913859
10.46827
0.1081973
-0.06693899
5.573509
-0.7323483
-1.28891
6.150789
0.3789123
6.965762
3.813856
3.954657
6.231741
4.672746
5.453995
6.554245
4.691389
-1.683265
3.553353
5.24896
6.683073
-0.7775625
3.995582
6.32978
4.660323
5.833234
-0.1295884
0.3895315
0.1280133
5.412209
-1.805704
6.159072
4.465236
4.518197
2.799466
-1.560723
-0.3925481
5.248056
4.380295
0.1667779
4.560839
0.4293387
-1.032856
8.808778
9.435686
-0.5637603
0.9451058
5.518983
6.449787
7.44534
2.761754
3.715025
0.7746945
2.435678
-1.068063
-2.003321
-2.215332
5.113806
-1.020511
5.6307
-1.001113
-1.078261
3.448049
-1.20467
0.07978193
0.0435261
1.461321
-0.3141197
4.849164
2.305818
5.727375
6.099283
3.098006
4.001182
4.74071
0.3866844
4.036094
4.775827
6.245964
4.019755
5.416952
-0.02038527
4.619613
0.6974406
-1.146452
9.817481
0.001329893
4.605828
4.803928
1.815775
1.42054
-2.131284
1.228074
-0.3448383
4.840021
5.128897
1.495914
5.373422
1.519277
4.678191
3.098599
0.6566449
-2.094398
2.161862
4.426362
0.5171321
-0.255708
-0.1785392
4.898721
-0.2800993
-0.03009239
-0.4048439
-1.340341
0.4993718
2.833486
-0.4029374
1.40525
-0.2889548
1.639104
6.834061
-0.1158895
-0.3443794
0.5876707
-0.3314461
