-0.5070747
5.152142
0.7591343
6.38641
5.570208
3.849568
0.08198583
-0.3430079
0.2936259
0.2652832
10.29499
5.004177
8.138807
5.272629
8.946208
0.3423435
0.01506207
5.879277
0.3996587
5.662732
5.36245
4.601474
4.584175
3.160475
5.529734
5.120716
4.488715
4.418574
3.874925
-0.6534101
0.7204745
3.492528
5.157804
5.202122
5.651658
5.591929
-0.4745585
0.09989485
3.848391
5.185553
0.2763536
1.880465
5.228573
5.038556
0.07365425
0.7856482
0.2634584
-1.015802
-0.5516784
6.196311
4.807705
0.8693415
4.808362
0.9864703
3.501859
4.861554
3.484983
-0.03228554
2.513319
4.173487
6.325401
0.839534
-1.858316
5.508136
3.713048
-0.6752583
3.811231
4.512526
4.775392
4.924377
6.744009
4.275606
0.08374021
-1.118977
4.48967
5.325016
5.030005
4.614192
5.352357
0.0003276932
5.390527
4.832756
-1.24282
-0.6405773
0.6437537
4.308333
6.135631
4.402536
-0.2552819
0.571692
5.701084
6.410089
0.5326597
5.264499
6.813786
1.553991
5.556504
3.681397
-0.06922618
2.597215
0.8880812
-0.05161158
-1.305438
-1.066146
5.895137
3.426954
5.70006
1.378142
-0.02252441
0.4711384
-0.8989195
1.590088
0.07043645
4.749388
6.78637
6.3864
5.898165
-0.5914391
0.4811801
1.721793
0.2110885
-1.236252
4.079707
-0.3500503
-0.4250124
4.277596
-2.992321
4.250594
7.304427
-0.3390586
5.18133
-0.1963613
5.420423
4.441743
4.239198
7.355374
3.862891
-0.4972231
-0.7341057
-0.04929407
6.180507
5.655533
4.46468
4.798401
-0.5175705
11.09912
5.111998
6.183076
1.143086
6.475076
5.781205
7.709407
4.664519
-0.8108978
1.075994
5.264996
1.336111
0.6772591
-1.099931
0.3855785
0.5351025
5.18688
6.460433
3.634223
-2.613481
-0.7615559
6.248381
5.746914
3.478084
5.714937
1.046501
6.386769
-0.1666068
4.884668
5.13821
1.545514
5.753211
5.284724
5.047958
5.083664
3.958762
-1.269256
6.53344
-0.2087521
0.3153743
2.947134
3.384174
5.348959
-0.5614258
3.942108
3.76621
6.115154
1.096342
-0.1307327
4.237543
0.4544445
5.584694
5.192627
5.815525
5.56509
5.397581
3.325435
-1.01139
-0.4027772
-0.9726884
0.07093778
5.608773
5.430784
4.103883
5.175492
4.90104
4.748096
4.743021
0.1987157
-0.4989859
0.2283648
6.622133
0.9516316
4.673835
7.073547
5.876572
-1.095295
7.641192
3.754772
4.822025
0.2619657
5.17756
-0.6272849
4.527787
4.595596
5.954295
5.529912
-2.361297
5.228549
5.116211
4.560111
2.730807
0.9226122
2.654932
2.936322
4.967226
5.786406
4.168095
4.481148
5.737871
-0.1650135
3.998169
3.593842
4.574452
-0.649303
0.07357325
0.5427769
0.3475964
1.541834
6.894643
2.693289
4.425051
5.805925
-2.041175
-0.8365015
4.845012
-2.52555
3.51609
5.436347
5.232435
-3.024247
5.361623
5.353987
-0.182391
4.189509
5.728819
-0.621871
5.330297
4.149602
3.148403
5.52545
-0.8461951
2.967944
-0.4471885
5.303852
2.695153
3.609262
4.350783
-0.3146003
1.580656
-1.35295
5.009866
0.2579864
3.264456
-1.299946
0.1263493
6.506145
3.912062
5.677621
0.3641631
-1.068568
-0.5388281
-0.5910154
6.035151
-0.2330845
5.157274
5.540954
-0.4435916
0.5423818
0.8966229
3.688813
4.818205
4.96792
4.552267
4.07664
3.863184
1.620161
3.915829
0.2240447
5.031308
0.8382744
3.815999
0.8986761
3.176554
0.3400228
-1.015623
6.14263
-0.6016927
-0.3472433
2.910515
-0.859521
5.782592
5.15936
3.972178
-0.8674227
-0.4985207
0.3889694
5.3281
3.795475
5.209693
0.5340691
5.947292
4.11564
6.705801
-0.3772248
5.859456
-0.2830346
4.02953
4.451395
-0.6986592
-0.2387692
-0.04097778
3.366009
1.170744
4.976249
6.66925
1.145065
5.413735
3.846947
-1.191833
3.718537
-1.558159
0.3016631
-1.771617
5.560311
0.8902545
5.121295
4.084775
-1.290813
2.147603
5.522564
1.185688
0.05203487
7.322591
4.783855
3.90611
4.759334
0.01258835
7.292459
-0.9626364
4.006938
6.268413
1.509197
2.682438
-0.4259475
4.303975
5.072052
4.437176
0.549492
6.10281
5.560188
4.21413
5.470138
4.424935
4.160961
0.8629244
6.217478
5.190095
-0.1709624
5.59722
-1.075174
5.636756
5.868905
5.541469
-0.4472246
5.186958
4.672762
0.733788
1.09363
5.543259
3.50932
0.5350189
0.4185058
5.862918
-1.190853
5.647322
4.188678
-0.001576521
5.595432
4.990347
1.349453
5.869559
3.900243
4.568283
5.130659
-2.193958
-0.5242751
4.461389
0.6025359
4.06453
4.650942
-0.5281268
5.577557
5.426765
5.394107
1.293714
7.746969
5.010479
0.1929231
4.508289
6.478827
4.009415
4.99472
5.724381
5.08019
3.470933
6.528017
6.989548
-0.4413832
-1.741367
-1.569188
4.642624
-0.5088002
4.125738
0.5475294
5.753349
-0.9486173
-0.1323205
5.319677
2.070134
-0.1675539
-1.460631
1.803093
-0.8572764
4.12695
-1.032645
5.930362
4.88974
-0.9029984
0.7701813
5.288056
2.8556
6.765261
1.911952
-0.04820668
1.048312
4.291811
5.115376
-1.014594
4.589183
3.111206
-1.047308
-0.267063
3.864792
-0.07922147
0.7284449
4.137399
0.8186569
5.206291
0.7640022
0.4770258
0.1235787
5.215039
4.784752
6.796582
-0.06449442
0.5120353
-0.2977508
4.66694
-0.4069573
0.9685757
4.494133
-0.7031589
4.72156
7.198378
