5.528615
6.971317
5.447592
3.390288
5.465528
4.63985
6.713185
4.84762
5.37483
1.089551
0.9889325
-1.445512
1.015633
4.40878
3.107154
-0.4114074
-0.7639735
0.9273051
2.174691
2.860307
4.695442
1.364652
1.232196
1.207132
5.062276
3.569784
-0.6452619
3.642657
5.772007
2.993812
3.746876
5.893834
4.319544
7.428794
1.339337
-1.575563
4.560518
-0.4026483
0.05836959
0.3237763
6.126795
0.5309279
3.577915
4.480114
4.567264
5.966911
5.150592
6.338739
-0.1237745
3.80355
1.08466
4.758596
5.894992
6.287329
0.806789
5.258244
-0.3831755
-1.263875
9.518175
0.2669129
4.616789
5.5345
4.702981
6.670168
4.525918
-0.8299497
4.293499
3.698796
4.323868
1.037969
-1.722371
4.796109
-0.1778973
6.360108
3.96618
-0.6964126
-1.038909
0.94157
6.965882
3.781046
5.592019
-0.8367667
0.4128929
3.859422
5.893457
4.217744
1.627958
6.492809
1.76493
-2.187873
5.975138
5.247727
5.961482
6.559475
4.663756
6.334799
2.868147
5.32113
-1.316723
3.768738
4.735217
4.268805
-0.7204098
5.169303
4.598079
-0.3846054
-0.5166593
-0.2356366
2.787442
4.729412
5.794762
-1.149512
5.043963
0.8903706
4.808917
4.117828
-1.298888
-0.7786559
1.523033
6.77262
-1.332595
-0.5808241
5.79735
0.7880114
-0.2166127
0.1835081
3.989293
1.037247
0.1971188
-1.272257
-0.4337042
3.691387
3.665285
3.990775
3.334616
0.2769585
5.014697
0.7288442
5.054245
8.180441
5.753461
2.404483
5.737579
0.3256901
4.397085
1.971859
-0.3444009
-0.1129279
3.619187
-0.1161379
5.907237
6.197912
2.757726
-0.6396933
3.581288
4.724202
-2.358722
-0.4436205
3.657878
5.221059
1.032758
8.240293
4.703793
0.1298734
6.664653
0.01154884
6.714691
-0.3877706
5.919416
0.03874049
6.966637
5.851986
4.036011
-0.381655
1.32741
1.621683
4.751339
-0.1759374
4.527321
4.270285
6.386604
-0.360394
6.6343
6.260656
-0.1196656
6.525009
4.844909
4.117798
0.9030231
5.205744
3.68093
-0.8480938
5.914733
5.771217
-0.1581761
6.618749
4.598725
-1.047912
0.7008315
-0.8857088
-0.8862683
3.69409
4.804864
4.664437
4.148102
1.364659
-0.4895734
5.739154
4.065407
6.92077
-0.3106984
6.23757
5.424958
5.124117
4.40784
5.672732
6.845827
4.861939
0.04450288
5.230662
-0.2168922
0.4608248
5.36795
6.190236
4.987497
5.639837
0.7154872
3.820141
0.3682436
1.457482
5.44313
3.637454
0.7641183
4.698324
0.00788904
4.51337
4.108337
4.789808
0.9881734
7.215263
-1.070037
5.281677
5.785618
3.673524
0.6352749
4.424815
0.6056724
-0.4438553
7.754178
-0.180255
5.431188
0.4345809
4.055682
-1.257295
5.924078
0.2732483
0.6995385
5.494334
2.906372
0.8080119
5.739485
-0.6929182
5.229105
-1.038834
5.614648
1.347274
4.773715
0.3559711
-1.336809
0.7316104
2.006182
5.105775
4.406459
5.751486
0.3559143
6.743436
1.593201
5.394059
-2.489881
0.7026825
5.22328
1.745545
-1.905642
-0.1504653
1.370734
5.651418
4.752758
5.479689
-3.732264
0.6573582
3.956308
3.885698
0.3600622
3.45167
1.057781
5.210093
0.6319822
0.849731
3.540756
5.038971
-0.2718437
4.787845
-1.549832
-0.02609498
1.056322
5.791356
13.48482
7.083652
4.979183
1.563609
4.925668
6.391568
2.750072
-0.9181095
-0.5787979
0.2295591
5.478227
4.790459
4.469764
4.016694
5.91302
-1.363433
7.829649
-0.7177857
-0.01717825
3.775798
5.652495
3.711286
5.540042
0.494408
0.2965252
4.085155
5.651156
2.877343
2.040073
-1.334654
5.863164
-0.0450856
-2.728389
0.269453
4.950609
5.944245
4.248959
-1.24849
1.097897
2.89586
0.9855134
0.09855132
-1.472941
4.384166
4.292489
-0.7114914
5.827381
3.457039
5.332524
5.988125
5.330185
0.7963742
5.550376
-0.5890923
7.464605
1.247234
5.650785
3.515596
-0.7574648
6.607808
4.186846
6.690283
5.586892
5.699181
-0.5814283
2.004361
-0.999951
0.1740358
0.4155508
7.35078
5.416202
3.335427
-0.03533579
4.839321
0.07847945
0.8199371
0.5219437
4.621795
0.5798454
-1.154261
0.05949504
6.96783
0.6991288
3.084718
-0.1410774
1.850355
-0.8563196
1.058119
0.4895818
0.4866723
3.798027
3.852971
3.25187
6.217947
0.539307
4.492109
1.910992
6.037731
4.794681
4.530197
5.519382
-1.138985
4.096797
0.6142129
3.91348
4.007286
3.53491
4.170951
5.764207
-0.5949747
1.689697
4.824174
-0.2948276
-1.021819
-0.4175911
6.389997
5.818232
0.7745349
5.959509
0.5024456
0.2336452
3.79172
5.867693
4.707039
5.465637
5.537487
1.742221
-0.2440658
3.094179
-1.125417
0.09472022
0.4277891
4.116985
-0.5913251
10.23464
4.55811
4.997243
-0.02496444
3.752506
6.008677
3.803791
5.807199
-0.6404432
0.3231574
0.70787
-0.1430156
0.03311635
-0.01512374
6.36596
0.3464664
5.817756
-0.2655907
4.943136
1.333701
2.949022
-0.1471048
-1.001002
2.860331
1.869064
-0.8012838
0.5273391
5.88175
1.343766
0.9449268
6.674553
9.162635
5.482828
4.955211
-1.768531
1.434893
5.298787
8.311309
5.618501
4.312309
4.387421
-1.072237
-0.4153504
5.43769
-0.4870872
-0.8937671
5.56107
4.027381
5.009563
3.814959
5.833872
7.94227
5.095379
6.448497
0.3209731
0.02863547
4.828088
3.528671
-0.7268822
4.649466
