5.444541
6.523627
0.2978135
-0.6823996
5.132181
1.644542
5.015489
5.309247
1.253642
0.331484
-0.3547285
6.067572
4.144722
1.778737
5.326434
0.2009555
3.652054
4.334662
-1.150703
-0.8694479
1.187596
5.122386
5.013603
3.849203
-0.2314234
-1.138957
7.424453
-0.5877301
0.2267118
5.410682
5.163199
13.58533
4.107546
5.501122
-1.167294
5.728966
-0.6229724
0.6835837
-1.766646
1.566816
5.488308
4.55099
-0.8417374
1.169939
0.6801614
-0.8386681
-1.452621
4.322872
10.1038
-0.768746
3.279822
4.461529
6.021932
1.212428
3.91785
0.4698475
5.496297
-0.09216186
4.774781
5.153632
7.151208
5.393735
6.198903
-0.04355878
-1.297691
3.987719
5.442992
0.1340804
-0.7556843
0.3015504
0.6137687
0.6797934
5.169436
5.518603
4.281197
3.755656
1.528559
4.743116
4.543639
-2.083344
4.831721
4.811026
8.118298
0.579997
4.552669
0.9870554
0.7494137
-0.3826183
0.3736173
-0.1994649
4.307669
6.524791
-0.2796272
3.632543
1.164295
5.639285
6.954319
0.3876748
-0.04334043
0.7421698
0.758144
7.384091
6.773031
7.607211
-1.104951
0.5983215
3.579844
-0.7616612
5.071108
4.170311
6.190912
5.179438
2.234441
6.404796
1.243156
5.730544
1.551861
-1.205214
1.69534
-0.459996
6.329251
6.21029
-1.694446
-0.5877155
7.339347
-0.1806982
5.743881
5.30375
0.1752693
4.878849
-0.2656462
4.362029
-0.1101981
-1.261884
-0.5571348
4.90384
4.715917
3.800156
7.026404
0.7162396
-1.390018
6.042517
5.753126
-0.9743961
6.144528
3.40232
0.1918793
0.5639486
4.989742
4.783642
-0.04652204
0.3519808
-0.2451445
4.593118
4.946941
6.113431
4.554419
-0.4123668
4.638961
6.058024
7.196156
4.054824
-0.06483807
4.312433
-0.5940344
5.640102
-1.819357
-1.825881
5.86074
-0.3299165
-1.176035
3.944953
-0.8562014
4.430467
-1.872642
5.73503
4.918566
2.996322
5.794848
0.9851475
0.5907964
3.217542
5.544341
-0.3304111
1.084471
5.066021
1.044732
-1.084557
-1.613817
5.548732
5.509674
5.547191
6.019525
0.232863
-0.8393295
5.989585
5.177732
5.04319
-0.9420153
6.31428
4.92094
5.343619
0.04431816
5.256363
-0.2430586
4.50455
5.476173
-1.595218
4.257955
6.490719
5.683902
0.5012712
3.853679
1.48616
2.459297
5.53193
-0.9427295
-0.03769166
3.095553
7.885736
0.4417676
-0.5112071
1.890338
5.406543
3.738676
1.307544
4.965937
1.752241
-2.530276
4.087496
5.435272
4.256928
0.04907602
4.169661
0.9403943
0.2123827
0.8538931
-1.079239
-1.090384
5.009823
5.171254
4.116487
5.616973
5.776762
4.416165
5.28027
5.521211
0.07037501
0.8983467
6.376699
3.062525
-1.252849
0.1626486
4.769027
4.527212
4.915211
-0.5205207
3.637528
-0.8049952
-0.2092581
0.2474054
6.212272
0.5934938
5.0434
-0.0796155
3.366282
4.801649
5.050636
0.7365372
5.606239
4.240938
-0.3369259
6.413434
3.046956
4.449951
0.01168059
5.330985
-0.4455252
6.403525
6.502572
4.796036
1.780066
4.166591
1.4975
4.579848
5.689326
-0.6230714
0.3612779
0.303892
1.468695
-0.2913649
0.04490097
7.010222
6.464523
-0.4014664
5.078682
6.034923
2.102503
0.09309502
7.057094
4.436621
-1.207642
4.360936
4.337147
1.27206
4.744109
5.357465
3.681987
-0.4152217
5.776358
5.546843
5.213978
-1.735458
3.580425
-0.5581523
4.77817
-0.2843172
6.284809
0.4691453
-1.00673
6.878302
4.134933
-1.262667
-0.03025821
-1.626461
-0.274181
-0.7480002
-0.9278968
-1.106287
4.399029
-0.9881335
3.062401
-0.1818021
0.3857311
6.170897
-0.4982926
0.1098474
2.944498
9.958556
3.608237
-1.252965
-0.9233298
5.625541
-1.582538
5.441593
1.125887
1.006743
3.931138
-1.264491
0.8151642
5.149189
-0.5659549
0.6750335
3.819529
4.996601
-1.062957
4.663141
-1.503066
2.744623
4.001844
4.752208
-1.51462
3.83325
6.18519
-0.7189006
4.674854
5.829134
0.2366789
-0.4517108
5.766836
3.471934
3.617377
3.680568
3.228547
4.573783
5.082568
0.1352255
1.065315
4.99222
5.905742
6.376522
0.6704721
7.454414
0.3577871
5.648665
-0.2611599
5.993304
6.528563
5.649895
5.90029
5.521025
3.386244
5.715083
1.314622
5.427896
4.024601
4.636896
5.469226
4.45411
0.7700418
5.188445
7.046673
1.616626
4.579123
-0.3730911
0.4147838
1.417758
-0.6922472
0.5294112
-0.8579945
4.277524
4.539865
-0.1026042
3.837023
-0.5018733
5.260586
4.817409
3.861364
6.480856
0.7341583
-2.260215
4.847284
5.101695
1.158307
0.2958243
3.747556
1.896303
0.5351643
4.713252
-0.6066269
-0.1934414
6.151232
1.117812
-1.81571
0.1067011
3.499429
6.337345
5.408415
5.649643
5.357744
-1.001585
-0.8695036
5.588503
4.985664
3.182403
-0.8876439
0.5528176
-0.3518807
-0.4665161
-0.4267324
5.256367
-0.8564529
5.212026
5.127558
0.5559262
-0.3006301
4.180871
6.245896
-0.3842593
0.8347585
4.798532
5.391496
3.460694
-1.043531
-0.4790142
-0.1766006
5.807569
5.821727
5.240543
4.921685
5.718461
-1.995388
0.2300688
5.333806
6.945808
6.239519
1.32253
4.709585
6.185516
1.335269
7.842182
-1.214799
4.92177
4.644097
-0.8277006
-0.991346
2.991148
-0.2941633
3.42845
6.136234
5.243305
4.81497
-1.928365
0.4930771
5.943118
-0.1500694
3.341584
-0.2382997
7.89361
3.273927
