4.658345
-2.893417
-0.4024627
4.237501
3.897833
11.12424
-0.7165851
3.147761
3.797383
4.23388
4.206211
6.354965
3.653804
5.164741
5.805104
-2.7038
4.413772
5.854885
0.4473922
5.431042
0.5549635
-1.725533
5.303548
4.588901
6.427274
0.9621441
3.929491
0.5878483
5.263475
3.548873
-0.5676089
-0.8261799
9.399552
5.658108
5.092303
5.786612
-0.4866477
4.779332
4.446531
4.963135
5.04194
5.568761
4.754806
-0.2573127
6.600999
4.783208
-2.96958
1.824044
4.478151
5.179301
-0.9183583
3.888737
-1.209823
5.996745
4.829882
1.735503
3.580544
-2.274576
-0.02964659
5.100998
1.76272
5.867099
5.66592
-1.586776
10.11732
5.630705
0.1059738
2.91891
0.9648827
4.004056
5.259502
9.277601
6.94999
5.686588
5.232291
4.537945
4.37248
7.828145
9.916142
6.555964
1.268137
4.125245
-0.840077
5.148729
-0.4491679
0.8678914
4.007767
4.710925
1.630549
5.924461
1.568878
0.6599693
6.036964
3.531672
-0.4594935
4.90075
5.179143
5.205127
4.760793
-0.1659912
-0.6724697
0.3752295
0.9983655
4.312337
4.766829
7.150557
3.160342
6.251439
4.712691
-1.87489
4.201919
0.5764298
4.983903
5.330268
4.767526
-1.31704
0.0270152
0.3436457
4.823873
5.310794
3.358601
5.281246
4.766484
4.476204
1.317994
0.5912052
-1.409459
7.181347
-0.06108646
0.7272485
5.388142
-2.743997
6.184073
0.3592413
4.951614
3.512939
7.770224
0.1935818
4.508846
0.1392777
5.863434
4.062642
0.2171933
0.8375503
4.740874
0.01666863
6.491515
6.465997
4.933905
-0.7423647
4.37238
-0.6449707
5.382745
2.286646
5.343435
5.114467
6.931975
0.8025202
0.8131232
-1.758933
4.189404
1.497788
0.8129047
-0.6687459
5.55416
-0.04296074
-1.614986
-0.06052567
5.00124
2.25291
-1.535651
5.536308
6.387783
6.540029
4.894037
5.108978
4.821991
4.951659
4.934485
2.096398
6.464112
5.958455
-0.454519
4.577858
-1.246493
6.026376
4.245595
4.984479
0.3656911
5.79071
0.5564473
3.768421
0.09244753
-0.7765414
3.491214
4.855285
-1.945812
0.846297
6.07071
4.518534
1.321434
1.215781
3.994391
6.579473
7.189841
7.738656
-0.0551373
-0.0959112
0.5856567
1.171017
4.692269
-0.5064565
4.578755
3.586707
-0.5963262
-0.3436375
6.728219
1.422417
4.818643
3.585272
5.809645
3.281331
5.365176
5.834769
6.603453
-0.306018
-0.1072093
2.261784
0.2223531
-1.662559
9.406216
5.384047
6.629821
3.868923
1.298277
0.6129232
0.7021159
0.3035657
-2.721566
5.550716
0.5047625
5.667818
5.55922
-0.07690697
5.282301
1.137524
-1.129544
4.108429
5.472637
5.138931
