5.051536
7.795798
4.697043
6.907688
-0.1700607
4.7655
5.474202
5.49583
5.257029
3.778627
-0.3908148
5.635545
-0.9269777
4.423661
0.1172702
5.721689
0.004063254
5.535938
-1.054263
4.4425
-0.7962156
0.1955594
-1.662104
6.306284
5.29119
-0.6148032
4.66144
-0.0598567
5.285929
0.3566679
4.908104
0.01762191
-1.818135
0.581272
0.0975941
6.163297
6.282633
0.7703117
-0.425986
5.202705
3.758814
8.325046
-1.623147
5.610871
-1.096725
4.251606
3.438603
4.057774
-0.228225
-0.7751403
5.570683
3.393572
-1.258877
5.700832
-1.402089
5.312798
5.293439
-0.9215036
4.687281
-0.9867912
5.123969
0.3905158
-0.9760834
1.717895
2.873457
-0.8927439
5.780977
-0.7426941
-1.846053
5.376234
5.554615
-0.01193633
4.785797
-0.5797746
0.3731151
5.589324
4.757088
3.576068
-1.170854
4.333302
6.705921
5.936203
7.460577
5.736542
3.005958
0.5665181
5.80994
-0.6085094
4.926488
6.995536
4.758266
3.970268
5.173181
0.08122074
5.536254
-0.2452062
7.000079
1.882568
3.938349
4.779988
4.87791
0.5957424
6.226797
8.539378
-1.032411
4.961363
0.1591501
-0.5310379
5.234118
4.502099
4.804679
6.254442
2.99678
3.375982
6.234435
5.640561
4.294824
4.743795
-1.359258
3.791919
1.791323
-0.4517853
5.137796
6.776201
0.4325661
4.525688
1.126627
-0.5620597
7.454744
0.7152432
-0.1827022
4.771039
5.200639
5.095713
5.914071
0.1546239
1.412944
5.214489
6.522729
5.420094
6.055981
5.023776
9.280705
5.552736
5.579312
1.207756
4.614521
4.323473
4.613848
4.380441
5.701646
-0.5887407
5.265164
-0.3142218
4.287016
5.551559
1.596763
5.620423
-1.170888
0.5378748
-1.686969
0.1625066
-0.5333746
6.334123
5.413832
5.684466
-0.05233299
5.835539
5.46518
5.053317
-0.8948697
6.718374
4.847098
0.3286426
4.993507
2.39067
4.407101
2.019762
-0.9454263
-1.047687
4.706173
5.140338
5.076115
6.166432
-0.1813639
4.148812
0.839694
5.352395
5.109889
6.120974
4.129335
5.5089
0.9960017
6.441281
10.2834
-1.140546
7.328816
6.065085
5.28051
0.46835
0.4932121
0.08356773
-1.213807
5.891708
5.183815
0.2841185
0.1482821
-0.1134686
-0.7302426
5.27476
-1.356074
-0.9928163
0.2384773
-1.574919
-0.1196793
3.004549
0.1411769
5.709806
4.306722
5.094181
6.566519
8.818119
5.908265
1.632607
5.249643
5.821751
4.201601
0.2899711
0.292619
0.1636438
4.291938
5.560861
4.641439
4.781651
3.748127
1.297747
4.211025
5.474479
-0.1264733
5.190246
6.726503
5.266139
3.334939
-0.834717
-0.8563882
3.532852
4.804442
0.415346
4.248113
5.206719
