4.129117
3.714873
4.946449
-1.1519
5.198374
6.85822
-0.2610182
2.293649
1.754766
1.693095
6.217386
3.512169
4.044081
4.460285
1.323897
6.022186
7.418305
0.8008214
-0.1555462
4.718597
2.060004
5.135268
-1.257243
6.148723
0.6165276
-2.257696
5.939574
3.978964
5.792529
3.948678
4.398668
-1.156415
1.421935
5.566583
5.85119
5.088962
2.848695
-1.01863
1.252129
4.051947
3.994431
3.974382
5.28307
4.869567
5.177405
6.123193
-0.5147729
4.89505
0.8909615
-1.268468
-0.3635151
4.339954
5.684451
-0.497396
6.683554
-0.683247
0.02117464
8.699333
5.900626
5.330433
3.407434
3.477366
5.317396
2.315881
6.670648
-0.8964559
5.295569
-0.2862713
5.096032
0.05453236
0.3636574
4.222158
4.658
-1.010443
5.092271
0.002505151
6.362253
7.044029
6.804505
5.020208
0.333936
4.534969
9.364882
4.089868
0.1258296
4.314528
0.3233909
5.589577
4.73736
-1.039762
-0.306408
0.001636573
5.051087
5.714272
4.375374
3.461863
1.240982
4.634988
2.263882
-0.5311347
-0.5519809
5.774108
4.704702
4.518398
1.254776
-0.7774887
-0.9761012
5.99047
0.07561968
5.008493
6.553351
4.207671
7.027098
4.268589
6.011222
0.3029258
1.206079
4.398743
-0.05625818
5.970822
4.529806
-0.5203617
-0.2678748
-1.049421
4.796775
0.3082156
6.69028
0.3303691
5.067096
-1.332162
1.932566
4.259896
0.6942766
0.3732332
6.281604
-1.181462
6.679854
3.677592
-0.1820358
4.370535
-0.9595838
6.187888
4.614344
1.178984
4.432891
7.174618
0.3360679
0.8778838
4.725356
4.150075
6.406418
4.874651
0.3242163
5.694094
4.645397
3.830068
5.599429
5.034837
6.15269
5.499179
-2.546363
4.934477
-1.589532
4.413517
9.943371
4.601241
4.698451
5.684925
-0.7270753
3.98516
7.213378
4.417341
1.335624
5.220391
-1.246215
1.327011
5.06981
5.730818
3.849115
4.111306
4.096101
-1.028335
-0.2648301
3.582307
5.284714
5.994174
0.5778609
-0.1560945
4.258188
6.081265
0.7282127
4.771839
-0.4636456
4.953483
5.653087
-1.369482
5.389794
0.209329
-0.8545722
5.209168
3.391851
-0.4467814
4.000897
6.526571
3.401717
5.860923
-1.421148
4.535456
3.629887
3.761486
-0.05765123
5.819626
4.561881
-0.2541859
-0.983845
4.718976
-1.029823
-0.3466705
6.164035
10.58762
5.8751
0.844376
-0.1515547
5.115832
4.519955
0.0882742
0.8683445
5.128767
0.5668114
6.44057
-1.091865
3.811819
-2.247173
-1.226216
4.725351
1.986497
-1.851606
-1.501282
0.3099356
7.258293
0.507705
6.085554
0.2137135
4.02447
-1.195851
4.547812
4.689194
-1.353874
-1.083119
5.235335
