1.694228
4.965185
4.285663
-0.1112771
5.700044
0.9515657
-0.9569922
-0.4272144
7.100421
6.38097
-0.6662176
5.533772
3.738895
4.86054
5.27001
-1.123651
-0.8636725
4.0739
1.215549
4.700434
4.815652
1.171046
-0.1803554
-1.461068
4.335961
5.790251
0.936617
5.257871
3.902345
6.108931
4.221536
4.845152
-0.09436268
1.013284
4.634574
0.1598742
0.1283193
0.02908599
4.750885
6.022593
4.876821
-0.7571432
5.71578
1.165738
4.791065
-0.0244536
-0.310256
7.358945
5.02633
-0.773612
4.425842
5.394806
5.863842
4.545012
0.6963961
0.322496
0.4001926
0.5243569
4.969884
5.859186
-0.5153677
-0.9320707
5.241016
-1.160669
-0.3387015
0.5505581
0.6014937
-1.043213
-0.8723408
3.958157
1.316975
1.240034
4.22047
3.553636
4.524492
7.297532
0.5306083
-0.9184779
0.2326884
-1.885768
-0.1664923
5.147005
-0.2207119
2.024063
0.508234
4.952341
1.078658
1.763609
5.488092
-0.3679793
5.580947
4.3344
-1.688669
3.115274
-1.188953
0.4385622
7.025532
4.114595
4.498185
-0.1913461
-0.1991944
5.702555
-2.091893
3.721243
5.60671
5.568726
-0.4546769
1.397262
1.208796
0.4028145
-0.7103585
2.555422
-0.7610707
0.1358901
1.647012
5.373719
4.886154
4.624526
4.290023
4.937879
4.349278
4.622731
-1.031436
1.187312
5.256471
5.450936
3.893329
0.711084
3.862608
5.178988
4.456597
1.291992
1.188595
4.87549
4.983086
0.5681085
0.4086465
0.2953405
5.129113
4.836082
6.73965
6.513579
5.639874
1.06998
1.826013
4.555327
-2.932385
-0.4177724
6.162688
4.956852
6.106065
0.8321905
5.799449
3.895426
6.257572
-2.256024
-0.8983315
5.402199
5.488153
4.254202
4.453392
4.770594
0.3878494
5.098316
4.53182
3.583594
2.427211
-0.4413299
2.232937
0.1752705
3.768004
-0.2709584
0.5506629
-1.40571
5.716811
1.569103
0.6382346
1.981501
0.9645209
5.287241
5.634441
2.976124
4.599738
0.535192
3.699665
-0.298477
5.299396
3.883528
5.576051
5.406188
0.4310815
2.478929
4.945172
3.908572
5.854341
4.93628
5.523414
-0.7896647
6.350361
3.762657
4.858874
0.4155429
-1.132883
-0.09625454
-2.586416
4.980783
5.773876
6.4664
4.626909
4.409115
-0.1773136
0.3673479
4.029934
5.366294
5.405044
4.762001
-0.4626814
5.597994
0.7400359
6.200785
5.007698
6.323528
-0.1439101
-0.03879168
-1.332462
5.957323
3.802957
1.903869
-0.528366
6.198382
4.487035
4.280839
6.605379
4.821146
4.943822
4.570402
5.524034
3.943442
6.933272
5.035246
4.952516
3.896489
4.242575
5.649685
-1.397474
6.576096
-0.7466179
-0.1793847
5.257797
6.177489
