4.78726
4.634853
5.540236
3.376547
-1.928876
0.7669436
6.664113
0.6166104
0.4311484
-0.4267823
3.161269
-0.08406261
-1.4842
0.832379
0.9867309
-0.5881429
1.551849
5.137939
-0.2908113
6.686632
0.8201429
-0.1190365
5.71236
2.667167
-0.8043738
8.624343
5.352374
5.797463
4.401648
-0.08719883
4.80603
-0.04646615
3.960389
3.142488
-0.9503184
0.6932283
0.4784294
1.427137
3.432804
4.410131
4.826864
0.9114674
3.408792
6.846688
3.997304
5.532395
1.8871
0.4803366
-0.4741133
-1.212875
-1.089605
-0.6211032
4.444372
-0.8315098
6.458024
6.75635
0.3344713
6.708139
7.635085
-0.01516502
5.614181
0.7367873
5.280595
4.882318
6.080425
0.2617306
5.804107
-0.3074634
0.520949
4.563145
1.219011
4.209947
6.771355
5.465586
5.167073
5.135417
3.884614
-1.279356
6.572898
6.750124
-1.46554
5.642902
7.189869
5.045398
4.31868
9.520935
-0.4034508
0.5895086
-0.2342187
6.419345
5.633914
4.355017
4.351008
4.212969
5.479757
0.2730415
5.147456
-0.3671724
-0.75157
7.715195
4.978307
4.524344
-0.6923662
4.09881
4.528663
4.543435
5.571325
0.03590252
3.599172
5.976683
4.437915
1.937786
5.164235
0.9417159
4.978475
5.977707
0.1701226
5.632367
7.242856
5.932787
-1.82804
5.948843
5.272068
5.906182
-1.025865
4.47813
6.608909
0.1338294
0.414369
-1.167463
3.245405
4.368731
-1.031942
3.691292
4.412563
0.1279485
0.397652
8.758798
0.3605702
5.371575
0.1860436
3.9258
-2.023278
5.351711
-0.05169962
-0.6855787
-0.2660211
0.9319634
0.1290523
-0.5512338
-0.3134674
3.728069
4.870554
5.539131
5.327002
5.474952
4.466995
3.317676
4.762726
0.07825381
1.149334
4.764309
-1.343343
2.788546
4.550507
6.054775
5.184848
5.306733
4.586195
5.599835
1.439412
-1.744467
4.970645
4.227505
-2.305941
5.315614
1.329531
-0.1789965
-0.9202123
5.521348
0.4545633
4.613654
0.2279294
-0.1762351
-0.3063221
5.32203
3.662412
4.14236
4.389232
1.130114
4.846789
1.026352
3.302525
4.895691
-0.2161273
-0.4272067
4.23645
0.3868423
-0.7071501
0.2536679
5.463069
1.903529
3.958236
4.599211
5.64486
6.106275
2.996464
1.278401
4.416978
3.838564
4.378662
-0.9136491
7.947452
9.095464
5.283345
1.402602
1.366043
6.153383
1.036743
0.3267842
0.1111823
0.7124203
2.165739
0.5270422
1.614413
4.953153
0.5184047
-1.399495
3.780014
1.12564
4.672428
0.6572079
-0.86502
4.334279
-1.654815
-0.41117
6.391018
-0.8811934
6.105101
6.337153
1.326549
-1.756793
4.131102
4.634392
3.769251
6.211378
6.825828
6.167219
6.189158
1.884788
