5.34394
5.270838
1.866477
1.590579
7.021953
-0.1595717
1.857412
1.18666
-0.2824517
5.23134
3.721834
5.587946
5.688775
5.558508
0.6825246
4.074542
-0.3452622
-0.4664922
-1.19898
5.516926
6.528374
0.6596473
-0.818567
5.547603
5.100466
5.000809
0.9049463
5.469323
4.230673
-0.2973341
6.099656
-1.710107
5.045449
-0.03509922
6.264549
4.559863
-0.7265086
-0.7721192
0.4324966
-1.246985
6.834534
0.6035362
0.4658183
4.749254
5.464403
-0.5255338
1.286978
0.8767619
5.356436
6.259746
-0.9922943
4.285338
3.055107
-0.544537
6.179414
4.790702
5.202371
2.559545
0.102629
8.34277
0.1083631
5.828904
-1.410726
7.572619
-0.376881
4.906566
-1.687974
3.890582
3.559888
4.808781
6.227427
-1.201199
7.346317
4.898724
-1.248813
-1.999604
-0.1058883
-0.9415987
5.086003
0.9230841
0.831101
0.6629026
-0.1982455
1.502307
5.374421
-0.03278643
5.27956
-0.006052229
-0.6378525
1.035417
0.7443539
5.081666
-0.3520547
-1.907411
4.830398
3.892764
6.777423
5.22967
3.601201
1.251423
4.948954
4.169418
0.5096075
5.037862
0.4363776
4.219327
1.548099
7.386206
-0.04376266
4.261816
3.482325
6.370653
5.213742
5.138526
-0.5627078
0.8518646
3.234831
3.609646
5.596477
1.021381
-0.1541703
-0.07370752
0.4954126
-0.05596535
5.681858
5.218625
0.9591392
5.665974
4.232759
9.745353
0.4177285
5.021965
5.133909
0.7692408
4.664978
-1.311079
6.303387
-0.827972
6.163451
4.125512
-1.884222
0.1739926
7.240892
7.504495
7.159711
1.223046
5.919823
-0.1520161
4.024842
0.2949522
-0.72263
0.1417949
6.123153
1.949346
0.2381575
4.467961
5.312233
5.835853
-0.1468185
0.6268772
4.301923
2.658014
3.144833
4.52744
0.9287646
4.580303
0.02335336
6.051197
1.152366
3.326313
-0.3168161
6.781422
3.025322
-0.2921286
1.291646
1.125662
5.542005
5.637739
6.341412
4.690433
3.784016
2.024728
3.480184
-1.750466
-1.149422
1.190362
3.357689
5.032398
9.767476
5.110428
0.7811998
6.768256
5.748808
5.787906
1.71803
4.424364
5.829275
-1.302195
5.474925
2.780719
0.6458329
5.69204
5.241585
6.879821
0.3720049
5.046513
3.449843
5.361058
0.3148441
3.850755
-1.132835
1.659809
0.7737832
5.591259
6.2037
5.300281
5.10619
6.647012
5.287267
-0.07403247
0.4628547
-2.218572
5.064005
0.3146749
5.269842
5.44761
4.92541
4.940402
1.006779
-1.687088
7.004811
0.7576838
1.76959
4.362515
-0.3416538
4.258272
5.595969
5.08921
0.2115973
1.478609
4.484989
3.733558
3.567842
6.128174
6.793067
-0.8634538
10.8069
0.8461885
-0.5229452
5.172319
-1.554071
4.663617
5.491233
-0.3622126
9.516751
-0.2900269
4.946545
0.5826431
4.733594
4.486484
4.259061
2.98747
1.510564
-0.7021419
-1.190589
4.796897
1.226653
3.223258
4.564373
-0.1601148
0.6459958
0.03110996
4.325073
5.438756
5.929743
-0.1177434
2.711705
0.5935931
4.907376
-0.4861631
-1.677338
4.352743
2.937347
1.634443
-0.4720805
3.627397
2.961288
2.944487
-1.803497
5.058952
-1.428632
4.527808
0.3776156
1.091355
-1.670701
6.352695
4.345421
4.570258
4.244351
4.85513
3.713091
4.98986
2.218314
5.41298
3.615933
7.559531
5.698129
1.394985
6.182213
-0.1350608
5.855925
0.8357687
5.726405
4.389149
5.645469
1.481725
-1.811941
4.683624
5.840345
4.311379
5.419601
-0.2951756
4.390285
3.85641
-0.1208756
5.379637
4.340666
5.433117
0.1893997
7.657239
0.2618164
4.378812
3.934501
-0.3501009
4.037573
4.720194
5.317497
0.8556448
-1.123706
4.107593
0.2949288
3.866101
0.6741158
4.477322
-1.409302
0.5545084
1.160703
3.405885
1.488964
1.467034
0.3329256
8.05178
0.4988869
5.594672
3.973823
0.5142091
3.5503
7.087243
2.875214
6.483443
5.59389
0.6942207
5.681177
5.555446
3.62382
4.87187
4.783839
-0.4743872
6.368332
5.85156
4.514007
5.893751
0.1818073
3.936897
3.81916
5.033094
5.320273
2.70291
6.351783
0.43411
8.209194
0.1086025
-0.1739634
6.014511
6.767566
0.7029631
3.649848
4.029062
3.78411
1.095916
3.692599
-0.7707985
-0.6580356
1.146485
4.732322
0.1357647
-0.6443935
-1.939075
5.37748
3.516414
6.089106
5.111608
5.536168
3.232136
0.03089455
4.957696
0.8660906
-0.1221288
3.343787
10.68266
4.62925
4.801311
-1.845298
0.1588692
-0.6485996
3.146217
6.226777
-0.6147038
0.3453569
-0.2999323
5.548841
5.178043
0.9584889
4.347795
-1.99073
0.682288
4.716123
4.894592
-2.057732
6.077169
5.962218
-0.2802462
3.969363
4.852018
4.84071
1.753566
2.077728
5.067249
1.733004
0.9026187
5.1262
4.453024
7.438593
-0.806893
1.631106
4.657401
4.908719
2.704737
5.008537
2.802909
5.510608
4.070693
-0.3341694
2.507834
2.391648
0.3609686
5.049565
6.2763
0.4442436
1.712827
4.605941
9.56254
4.17469
5.555687
-1.161198
-0.01683507
4.663773
3.4846
-0.2702347
4.360949
4.564549
-1.805339
-0.9977082
5.85506
0.1534988
6.164053
3.873152
1.481824
1.118532
-0.2581703
0.251979
-0.04266382
-0.7137577
3.318112
-0.8670135
5.094055
-1.425991
-1.356606
3.928591
-1.626807
4.215545
4.977583
-0.1981969
-0.7271339
6.297663
-0.5963499
4.255033
4.949369
4.270497
0.02518276
2.421247
-0.1211619
4.527512
3.53466
0.06545474
0.4753834
5.97711
0.1317753
7.477456
4.055423
8.463283
5.913834
2.911069
-1.215839
5.874944
3.418549
4.147835
1.505313
4.370282
5.492795
2.114816
-0.1999183
5.400327
-0.9718269
-1.611391
4.867078
4.52027
-0.09695565
-0.2292673
4.525188
-2.085218
6.124861
-1.325021
-0.7075723
0.5368439
0.7779489
4.380664
-0.4896112
4.479513
-1.555642
4.705587
3.38986
1.726127
5.165022
5.125006
5.082107
-1.339889
0.1175213
-1.284575
3.566368
-0.2616967
0.340396
1.023226
1.747269
5.606626
4.809331
6.304929
0.5337595
1.261965
4.992417
6.38542
6.371105
6.255289
4.296711
9.237726
0.4544767
5.237449
-1.033053
4.22365
0.9870197
3.939668
0.05337278
0.03793742
0.9696865
5.298541
-1.109354
5.18779
-0.008645621
-0.3422734
0.7257622
3.483702
-0.6028738
3.165571
4.941083
-0.9040252
0.440759
2.606797
5.601335
4.180134
-0.340163
4.193863
-2.013983
6.703332
3.948622
2.197871
-0.3848669
5.999343
3.67557
-0.3726989
0.5165279
3.56354
3.104873
1.366693
0.9588732
3.798311
3.706475
0.5513092
5.652508
5.136266
-0.1568432
6.508834
6.097505
-1.054852
0.7952547
1.760259
-1.626543
-0.3061712
3.927818
0.4733241
1.436965
-1.809871
4.152295
0.0991035
5.057558
3.613074
-0.4691336
4.925791
4.439163
5.41237
0.8193266
0.5853618
4.582488
4.711508
0.7308824
5.519114
5.098806
4.924617
-0.2298145
4.89375
-0.3626974
5.847578
5.834789
3.794595
6.431558
4.57865
-2.260335
4.568064
3.410476
5.896783
6.135098
-0.0313317
-1.656539
4.809984
-0.6235969
5.631208
-1.224841
-0.7983178
5.995044
6.750428
5.740092
4.892381
3.985741
4.980999
5.138473
-0.8192539
0.8999419
0.3325235
6.509175
0.2024756
-0.8835354
6.011601
-1.458159
5.075689
5.536257
3.417162
1.23225
4.937972
-0.6624739
4.564584
5.894797
4.581951
4.825364
5.617292
-0.503981
0.8404344
-0.01761745
4.816184
0.6221207
6.784589
1.311352
0.09276878
-0.5137013
0.88136
5.537303
-0.6716587
3.068939
0.9241449
3.893748
4.172443
5.927443
-0.5235467
1.279485
5.715316
-0.4219531
4.569912
3.892438
4.989516
5.837237
-0.5304625
2.737903
6.339896
0.4033653
5.417337
-0.4628664
5.05882
3.489806
-1.181349
5.405187
4.630036
9.582764
-0.04585736
5.407511
-0.7795733
3.591929
3.176628
0.9354615
2.015408
6.36129
-0.06778017
5.269959
5.24902
3.715026
5.09186
3.857239
0.3291236
4.970357
6.111041
-1.853848
4.695586
1.001316
0.4116339
2.801414
0.1370564
-0.7476597
4.386123
0.9810989
-0.3882778
1.176151
-0.1662405
-0.2579992
5.437431
0.4011096
2.924785
4.98717
4.987354
5.526642
-1.833562
4.757883
-0.1797884
-0.5605615
4.9348
-1.973851
0.7289096
4.211683
4.556684
-0.3392
5.499319
5.045567
0.4153652
-0.25027
11.71191
-1.091055
1.558658
4.388178
1.000983
4.05014
4.018394
4.167843
5.139772
4.105526
-1.786473
5.779553
-0.05009885
7.763735
4.057277
5.220853
-0.8001393
-0.4606959
1.275645
4.800627
6.039927
3.046176
-0.07965533
6.499105
1.556527
0.8286509
5.447638
-0.4967337
-0.9595557
5.656075
8.65599
8.034802
0.06521564
5.215666
6.305726
5.545332
0.8890379
4.625122
0.1260141
1.324821
4.048675
5.457144
-0.4927702
3.895404
-1.209116
5.653984
0.1596699
9.560752
0.7555697
4.923077
1.270222
5.982456
5.579913
0.5122157
-1.199333
4.167518
-0.5687984
-2.193124
-0.9893592
5.401876
4.933255
-0.8357025
4.921069
2.185389
6.606863
6.674058
-0.4785459
-0.4037988
2.562238
4.635091
5.069738
-0.372087
0.1482959
2.286018
4.788687
5.256709
6.833162
4.947537
7.365832
1.879893
3.411147
6.929287
-0.6998702
0.4904719
0.5279102
6.156852
3.975879
4.356115
2.980423
-2.684984
0.5776382
-1.090924
0.7405019
6.348597
-0.5599208
3.65712
-0.5534697
6.607062
6.248131
0.1935838
-0.5042555
3.931005
-0.2241525
0.6024019
3.482705
-1.641618
3.911262
-0.1409146
-1.119819
5.87077
6.917189
6.780643
3.012116
5.780002
4.407474
-0.4990253
-0.8766815
-0.6887297
-1.590655
0.8903592
5.477898
-0.2140131
4.353825
4.92449
5.03797
0.0576208
-0.270569
0.5863341
-1.421828
-1.013895
4.937427
6.148504
5.080949
1.640652
5.212371
5.086384
1.293059
0.1469377
-0.1897096
5.143616
4.278507
4.122513
5.385853
-1.334528
4.94524
-0.5505244
1.776954
-1.504381
-0.567216
2.85721
-0.5644743
3.188677
0.887748
1.07592
10.1657
2.855249
3.529385
1.007493
0.1783703
0.3352491
5.637158
0.3748336
-1.40685
-1.211064
4.434301
9.253083
3.689966
5.930779
4.580126
2.557707
5.445799
3.008626
4.387867
5.583419
4.814345
4.794435
4.568917
7.542539
-0.9434736
6.749623
1.587564
-0.7130034
6.187198
4.259034
4.302281
6.315225
-1.28969
-2.019499
-0.683322
6.341115
0.6169983
4.429223
-0.6640742
5.881059
5.44879
4.476646
-0.6705848
5.977244
4.963383
5.267736
5.316495
0.216489
3.77996
1.019812
-1.169274
5.946798
4.210922
0.2258478
4.483076
3.889873
4.688577
8.964544
5.466113
0.315991
5.100891
0.1210046
3.939904
-1.031603
0.02158566
0.2374805
0.1338576
5.426251
3.610837
5.813368
-0.1500189
5.873528
4.005119
-0.3103883
-1.149999
1.928093
5.144648
5.927176
4.567229
2.16401
4.156933
0.02834277
4.901227
1.106888
5.575856
4.185214
1.866121
4.416171
0.477087
0.9742001
5.193262
4.712963
0.5728468
3.488849
6.339238
2.669319
5.683554
0.7031898
-1.496331
1.184847
0.04855108
-0.007861159
3.751788
-0.372426
0.05685274
1.793222
6.771336
-0.8562772
4.581304
4.418655
1.455951
-0.3552279
-0.2679817
-0.9283025
0.6215259
-0.5597962
0.7661014
4.939307
-1.005399
-0.08753943
-0.08748212
3.395926
8.468121
5.15979
-0.1061421
1.994603
3.438825
8.122586
5.702931
7.587487
5.14182
3.666899
3.962782
3.361362
0.1838171
1.185607
0.1733303
0.9603845
3.091712
-0.5545436
3.452679
1.402536
4.803519
5.597225
-0.5446689
-0.9034695
8.399611
1.786977
2.286268
4.749491
0.651323
0.4601406
0.5435627
6.321154
4.167893
1.401691
-0.6689067
-1.244492
0.8403688
2.839873
5.763145
3.682262
4.130188
5.546345
-0.1234424
5.144492
4.103134
-0.5087708
5.108137
0.8581341
7.052658
4.780166
7.486564
7.620682
6.155387
4.788649
-0.5587313
7.387389
5.86995
3.259384
-0.6446695
-0.2562173
-0.5148623
0.4502599
3.961726
2.26597
5.161396
0.606198
-0.4246344
1.032178
5.189547
3.657242
3.49487
4.734308
4.713812
4.466982
-2.282834
0.2600333
1.562628
4.159569
-0.6161183
4.46272
3.498346
5.625155
4.772478
4.386743
5.193128
4.06808
2.804553
5.89355
0.4662533
1.465332
5.413303
6.36677
6.174892
3.657426
5.013608
-0.9190294
1.404556
-0.6008873
4.832778
5.948596
-1.423627
-1.378276
4.775715
5.532014
5.338425
3.652699
2.027685
-0.2504966
0.5973276
0.7996708
4.809167
5.7526
6.131036
5.160121
0.06987047
6.994144
1.207983
0.2158247
0.55852
5.598056
-0.2323318
-1.037831
5.97642
4.022105
-1.681114
0.5385389
-0.06436727
7.102485
0.2816405
-0.1585997
4.344617
4.534035
4.68801
-2.431937
-0.188727
-0.6111093
3.89997
6.275875
-0.9518788
1.680818
5.333992
5.843049
0.8170758
4.668246
-0.02560983
7.049111
0.5580496
3.679308
6.256882
6.12136
1.342172
4.015664
5.682714
4.343247
6.416667
0.8525533
-1.250454
5.18972
0.2165337
4.958649
4.766884
-0.1100379
4.28325
5.227374
0.8713835
2.377685
6.751001
4.978239
1.030724
4.168001
0.2120556
6.642584
-0.9504109
8.101887
4.787553
1.829841
-0.4197687
5.087428
4.623089
1.186149
-1.089556
6.047971
5.361718
5.798963
0.6058478
-0.2037598
4.461473
4.418279
-0.5404204
5.691444
6.123649
6.315241
1.584424
0.561277
-0.4180203
5.603108
-2.660384
1.973078
-0.1907719
-0.213552
4.457575
3.956719
5.213955
-0.2637328
-0.7755935
-0.5638357
6.143569
-0.1634014
-0.2124607
3.640618
4.115342
0.3233306
4.877964
4.07303
0.9861168
6.292419
5.768144
3.925894
3.15801
3.628115
4.799633
4.946274
0.4470478
4.810223
-0.1437046
5.206915
4.336835
6.529089
1.493108
4.15746
6.837482
-0.09919153
4.817403
4.383798
3.893429
5.136895
3.811108
9.929381
6.55233
6.462648
6.357161
-1.581353
1.148063
0.3716245
-1.870158
-2.410426
-0.8368973
0.7285409
3.46014
-0.8693457
4.617969
-0.1678084
6.283957
1.257957
4.42913
-0.04023609
-0.6900913
-1.161173
-1.004731
-0.5610694
-1.121614
3.351592
6.082077
6.04497
3.883247
0.1823778
-0.3081973
4.693865
1.370916
4.026672
5.157898
4.684921
0.1919111
4.030997
0.4519634
4.057862
2.852739
3.685062
-0.5521042
-0.9084329
5.562675
0.7125551
-0.2034936
5.409531
5.848299
-0.1106583
5.53865
4.679095
4.239162
4.261909
0.1944831
10.12909
4.412295
5.426659
5.426799
4.489356
3.935278
1.330927
5.302698
3.868971
3.997784
-1.580055
0.3788254
11.18186
5.549245
4.22278
-0.7866451
7.685116
-0.6678957
5.455946
5.200664
5.316406
0.3080749
-0.08310416
4.825282
3.415143
5.633644
4.482204
0.1566013
-1.235255
3.769607
8.120236
0.5592316
4.884989
-0.2901003
5.162944
6.560419
3.857313
4.313681
0.06958222
4.616258
1.128775
1.229645
-0.8125321
0.4845571
6.11738
-0.7674
4.552714
5.177658
5.70169
6.234679
-0.4692656
-0.2959149
5.368542
-0.7767706
5.002573
4.947018
-0.5921678
4.228641
-1.202483
4.654354
-0.2398917
3.941679
4.030891
4.236397
-1.426585
0.766245
-0.8623716
-0.6075554
5.381729
-0.7122793
-0.007031774
0.8900863
3.905237
0.8246263
4.07149
6.15075
5.499975
-0.007798042
2.881848
1.237665
-0.03222262
0.1206652
-1.352814
3.318361
6.593982
-1.144344
5.441556
5.03435
-0.4173785
4.974505
0.03479181
0.09941529
6.353845
-0.2696031
4.246279
1.503986
1.71599
1.440298
-1.059958
5.731203
4.188817
-0.3812765
5.836463
5.372094
3.484606
6.944076
-1.321127
5.082284
-1.209995
5.522416
-1.059367
3.975373
0.3454829
6.132705
0.6941448
6.118856
4.165116
4.830036
4.973099
4.131338
5.688758
4.783234
-0.519777
-1.036615
3.33212
0.8375833
5.613255
4.232839
5.3767
-0.03062734
1.388304
1.250222
0.9074172
5.808072
3.631846
4.824763
4.487444
3.787316
-0.2844688
6.169968
5.580217
3.721834
4.26049
5.323773
2.807379
5.886362
-0.2646587
4.772792
5.840852
0.1157159
4.051466
-0.4703126
0.1509284
0.6824567
0.1776128
-0.4050021
-0.01124711
4.007999
6.083611
-1.612062
4.009109
6.942728
0.3168378
1.332986
3.972361
5.162571
-0.1409353
5.540502
4.415947
4.630128
5.476706
5.442657
6.745114
6.375814
5.623281
-0.09325494
11.76499
-2.118169
1.092968
5.566611
4.849431
-1.916193
4.314148
0.4262058
4.694823
4.176959
2.209474
4.897538
0.6589062
-0.2122331
0.1287104
-0.4072192
-0.1593337
-0.853926
-0.6373555
-0.2489506
6.391219
5.247038
4.392819
4.522433
-1.352623
2.283278
1.533979
4.655055
-0.1879326
4.501328
1.200174
0.2603341
-0.8148191
4.907678
-0.9961024
4.830656
-1.145546
1.784623
3.655153
4.596888
-0.367552
5.266002
3.957937
7.048785
5.200124
6.678531
4.777366
5.310218
6.330614
4.472523
0.04542015
-1.12349
0.03233349
5.535187
6.718987
6.158488
4.990834
6.460677
5.118625
6.22294
-1.427477
5.747813
5.422179
4.388746
-0.2627606
5.646731
0.6412252
5.847861
0.8613158
5.169567
-0.4745175
4.557911
-1.623972
-0.3026258
-0.9440915
0.3849905
5.052009
3.812744
-2.874036
0.2239782
4.870463
4.408798
9.613172
6.115996
-0.5353722
0.06871937
-1.643311
5.645252
2.876289
4.858091
-0.2588047
5.558649
-0.985452
1.673224
-1.113568
6.521196
4.671845
5.969676
5.040382
5.998035
-0.2320478
5.640485
5.22312
0.2404609
8.209401
3.655631
4.513632
-0.9731466
1.060327
-0.4464735
4.940251
-1.616522
1.113298
6.037829
4.876818
5.234221
1.463849
-0.1658387
3.669347
0.7966971
0.6677043
6.917703
-0.9743244
4.63599
0.1786359
0.3150683
1.308911
-0.2814069
7.624068
0.5904504
5.856892
-1.226295
4.370616
1.653468
1.424473
4.371976
0.2349754
1.723895
0.4526989
-0.3599856
-0.9957446
5.148251
4.393913
3.409687
5.630648
0.01350521
0.143921
0.7046517
5.504446
0.9317735
4.535508
-3.416515
0.3154263
4.924942
4.785426
6.658655
-0.209526
4.805667
1.459998
6.094366
3.55449
4.500418
1.185228
0.3790929
0.4921401
5.66204
-0.4520304
3.44807
1.852005
-0.7533304
5.51994
3.252174
-1.495594
-0.5106173
5.395194
5.356545
7.743782
3.46874
4.031141
5.493517
1.266912
-0.1458788
4.914029
0.4943209
5.679954
4.054757
1.004761
5.752633
-0.2287877
5.756996
0.2228075
4.912803
-0.007243431
5.447644
2.092018
0.1812673
-0.5287111
5.014859
0.09633914
4.630609
0.1376897
1.456319
5.43362
3.314065
8.555978
5.21156
4.160522
0.8839346
-1.063033
6.738841
5.400813
7.081787
5.32295
6.731994
0.6037687
-0.9826908
3.776464
2.475128
0.5655639
4.584885
1.538868
4.353044
2.329003
5.293292
1.087866
-1.596898
5.999406
-1.279317
4.791792
4.058818
0.8716117
5.482226
5.119372
0.8720621
1.042265
3.989075
5.190094
5.438747
5.957436
3.020947
4.97148
5.095191
4.417225
5.699624
5.109406
4.614935
2.01755
-0.6883232
-0.4675978
0.5312213
5.473168
6.215373
-0.2691825
-1.721012
0.3341838
8.838777
0.3672302
1.08491
8.233587
4.076023
-1.954672
4.488179
4.941387
5.067385
6.198214
3.255605
6.596714
0.398185
1.962883
-0.1955676
4.576679
0.06569119
-1.343055
6.443169
3.828801
6.493496
6.885961
1.266515
0.6149366
4.535545
0.133772
-1.623224
6.038357
-2.236698
-0.6024006
7.038072
5.43925
5.848767
5.132021
0.12762
3.317343
-0.6345655
2.644448
3.769881
3.254879
0.3751267
1.344287
5.405358
1.518623
4.464469
3.974628
0.5803461
1.36807
1.861933
4.809149
4.978919
4.280495
0.05396547
5.844035
3.954379
2.597094
0.05729225
4.824124
-1.439937
3.452037
5.264363
1.448545
5.27926
-0.3424813
0.8735196
0.6346138
6.388397
5.73094
4.177197
0.4346527
5.169526
-0.6164632
0.845977
-1.352692
0.4567514
-0.4709407
-0.5774632
3.455728
-1.465551
4.081192
-0.5910204
7.689075
0.5463599
-0.001182254
1.151532
5.112835
7.308732
5.404144
5.620889
4.166683
0.6902021
0.2805737
6.271785
5.509511
5.220765
0.5318514
3.619921
0.7426587
6.136914
-2.585808
6.219159
5.750013
-0.2932001
6.791832
-0.8220543
5.532341
5.088952
0.6841133
-0.9585435
5.840474
0.6848625
6.023478
7.166592
-0.611263
1.574685
-0.4060039
4.561583
0.926611
4.250149
1.451344
5.571882
0.4141012
-0.6602783
-0.5639498
3.896217
4.514121
4.490059
0.6399823
5.618141
-0.6372827
-2.613571
4.899971
4.601601
0.2530557
4.842116
4.997623
6.829369
5.154395
5.276951
4.921489
3.063408
-0.4548314
-0.176077
-1.591237
5.634728
5.18356
0.1057284
-1.250803
3.564331
3.056461
5.970232
4.725849
-0.9886962
-0.6181349
4.321663
2.403749
-2.103124
0.09685479
5.172604
5.703487
-1.464206
6.344874
-0.3394004
-0.8434444
0.06015973
4.882179
3.515884
3.949778
5.029844
1.621995
4.393476
3.987414
-1.642279
1.376586
-0.3392485
4.955821
0.3520865
2.966693
2.62989
6.964371
4.206184
-0.1421797
5.394769
4.514863
-1.102056
0.5839357
-1.113537
3.945867
3.632178
4.792273
1.164077
-0.1996515
-0.827693
6.142889
4.343601
3.061543
9.625628
5.39516
3.258631
2.053826
-0.9712172
1.668069
0.3542983
6.871995
-0.4802663
4.936234
4.845671
5.264068
3.55706
0.3446354
5.040464
4.267939
5.882386
0.7461435
0.4865217
5.824337
-0.4218532
5.070888
5.453376
0.3402642
4.590145
2.449861
0.9988001
-0.3981617
5.410033
0.5033467
4.638703
4.576109
0.8200997
0.2833133
-0.6691548
5.774717
5.114978
4.253677
-1.200097
5.76546
5.542791
0.9320154
4.61833
0.6532754
3.762151
-0.4439119
-0.005374302
4.246429
5.235589
7.178167
5.186989
5.501805
-0.6634628
3.952084
2.118467
5.280783
5.32791
5.067627
5.050431
0.8250034
5.970969
5.77405
5.737776
6.119519
5.069218
5.937891
-2.595213
11.92744
4.633773
4.001533
5.425617
1.037408
4.895823
4.352635
0.4957211
5.588655
6.68357
3.866295
-0.8296255
9.172974
0.9762976
-1.175434
5.226511
3.77907
3.626875
-1.153565
4.678906
4.67091
5.626377
5.729686
9.200295
0.371393
2.289515
1.185262
4.640926
1.334502
0.5029916
5.058989
-0.27343
0.5274499
3.885117
-0.2785313
3.494319
4.838766
5.012801
-0.8570338
0.8346815
4.176979
0.1622876
7.316846
6.110597
5.819711
3.355008
5.62349
3.901602
5.884199
0.4786654
-0.207695
-0.3774121
0.7835062
4.456323
5.577712
-1.424814
5.229536
6.266264
-0.9556408
4.469899
1.048286
4.993377
3.403905
4.417068
-1.135397
-0.8299182
6.202878
-0.4055083
-0.5284589
4.389621
2.911867
0.01415509
1.35537
-0.7795497
7.530975
1.02696
5.506144
6.452581
4.7507
5.028511
1.460243
0.5531854
1.502118
0.4879134
2.277733
5.261005
-1.623073
-1.128257
-0.109382
4.519026
6.588162
5.499029
4.975946
7.774805
0.9638154
6.769602
3.88369
-0.1956079
1.540296
0.9101564
8.258589
4.871591
-0.618808
5.334157
0.1278651
3.991729
4.602324
1.958478
4.408407
2.574212
3.157754
-0.3514042
4.764811
2.747766
7.333504
4.40207
3.942045
5.895825
1.274295
2.867482
-0.1819942
0.1811937
1.658404
0.567223
3.616046
0.1699002
0.3054921
9.638796
6.461909
-0.7795182
-0.2016364
0.5966176
4.986395
-1.995062
1.042006
-0.4050498
6.858539
0.697347
0.38015
4.383613
-1.102115
-0.2602524
1.901926
5.65106
5.865322
5.943423
3.833555
-0.1387994
4.599196
0.03169806
0.8939234
6.650365
0.4147028
5.537683
5.389395
4.325976
4.961892
6.620176
4.366975
7.9478
2.050929
5.194507
4.387246
5.807403
-1.620732
5.513028
5.480174
5.477302
-1.332302
6.870407
6.404101
5.365123
5.999369
5.886726
4.668653
4.027453
-0.1227077
-0.7180187
1.907499
4.827414
5.04494
1.039872
4.057664
3.746419
0.8496733
-0.3681953
5.534786
10.00142
1.862155
-1.592422
-0.504336
-0.2336664
1.629745
6.211402
3.758281
0.7766135
2.708238
4.252256
6.017513
1.708461
4.985371
0.0552811
4.644829
4.943547
4.920042
3.893565
4.318128
0.4112624
-1.433959
6.470504
-0.9160949
-1.622936
5.09327
5.218062
4.209198
4.250178
4.224274
0.6002294
4.894623
0.2039545
4.27651
-0.03323076
5.434045
0.790527
0.8760861
6.765784
5.220761
1.889723
6.237628
4.614435
3.62355
2.424746
4.787662
-1.457826
0.06342857
4.903375
1.724935
-1.472313
5.717523
3.695171
1.124983
-1.846232
2.9253
-1.07254
0.2535017
-0.4539514
3.800392
3.401839
4.346313
2.693035
-1.554703
6.148743
1.153927
-0.1266703
-0.06663402
5.221762
-1.469632
0.7839546
0.7506514
5.683969
5.500944
0.3589545
1.342047
4.442073
2.034824
-0.190584
-1.957402
1.147577
4.704009
1.247498
5.246919
2.837013
-0.4701129
5.897815
-0.4818079
3.469854
-0.00482464
6.535256
0.9497589
-0.6808044
5.150361
5.227466
4.809981
-0.9292334
4.214532
-1.465352
-0.7712475
0.216981
0.02755804
-0.3475891
-1.601293
3.395301
5.430599
-1.18406
1.509338
4.979421
0.1556859
4.795534
4.997562
6.178719
4.913127
4.898247
-0.242912
0.3879742
4.409998
4.278045
0.1437458
-0.03524021
1.009444
-0.1473691
5.003892
0.1593375
5.375942
-1.063738
6.337953
4.955125
3.364682
0.1931324
-1.243343
4.957477
4.883072
4.276708
6.926693
5.328315
0.2116409
0.2227164
7.043821
4.194066
-0.3816432
4.992486
0.4444975
3.901311
-0.9922652
10.37954
5.424675
4.565449
0.10904
5.979347
3.447299
-0.4448061
4.946727
-0.2271798
-1.485865
3.545205
5.00528
-0.3552513
5.35045
-0.6177493
3.607258
5.016709
7.202838
0.1509879
0.6757336
0.939859
4.956086
2.762258
5.123155
4.304715
5.889413
-0.9628349
5.437533
3.344743
3.157329
4.522709
-0.4973583
3.684416
6.290301
4.173261
1.059894
1.125099
0.2202265
-1.890638
5.571384
5.712421
-1.024754
4.358681
-0.8690238
5.036897
-0.1018738
0.7970146
0.5119222
4.823392
4.773287
6.051507
1.697443
0.2485742
3.664647
5.288333
4.54647
6.236559
4.670959
4.88049
4.668652
3.495655
3.734047
-0.8708463
5.963334
-0.2568597
4.908709
4.735188
6.996281
5.729455
-0.7002175
3.667848
-0.8814208
4.054397
0.9451837
4.249591
3.854464
0.8670413
4.529697
4.969162
2.859603
-0.7631052
4.38479
3.213178
5.385817
0.1171071
4.478108
-0.8589464
3.498372
1.563511
3.615867
6.235792
0.743928
0.2419956
4.643147
5.42139
5.630828
-0.8120489
4.908612
4.091876
4.28329
-0.1761133
3.222646
0.2846607
0.3905244
5.266354
7.696215
0.914244
0.1079015
5.680723
8.593533
-0.4387336
4.389969
-0.1077522
5.906069
1.829976
4.742202
6.071035
-1.877223
1.196791
4.62801
4.644756
4.14314
-0.3162153
5.478902
0.322925
4.774928
-0.2500104
-0.5974129
6.112498
3.652681
-0.8656964
-1.267687
5.959323
-0.2231708
3.812178
-0.3060416
6.298827
-1.481384
0.08228728
5.361032
-1.382105
5.927392
4.779884
6.085024
0.5614938
5.595883
5.162473
3.015153
5.663054
5.790758
4.979195
4.654467
4.242243
4.140249
6.68019
-0.609305
5.429976
7.129117
0.5764221
-0.2894318
13.3374
7.262127
5.740348
6.069331
6.122804
2.757695
5.821703
-0.8221077
0.9830069
-1.069404
5.567955
3.475806
-0.3755507
0.5162729
-0.8139083
5.779376
0.7089578
-0.6655012
6.429388
-0.07273121
5.506754
0.4389847
-2.012088
3.075457
3.96602
3.931296
4.56118
4.487766
-0.2180466
-0.561732
1.579214
4.052993
5.175307
1.814693
3.019508
3.819366
-0.9896957
0.5399892
5.685875
6.6501
5.619208
4.673332
5.776176
6.066129
-0.2710463
4.118685
12.89428
0.3355209
7.681509
5.606776
5.1485
0.1860601
6.324877
0.9349591
6.199498
8.510715
1.453392
4.854699
-1.57049
5.6258
5.511686
1.173738
-1.602032
5.178977
4.950996
3.281427
-0.8097637
5.374772
0.1628881
6.135505
5.080744
6.275433
-1.844421
3.996133
6.541435
4.616337
-2.28738
0.3016291
2.131775
4.69763
4.031021
3.291807
0.8369976
5.479651
-0.6050802
4.049898
-0.3293437
6.882451
4.337473
4.690601
0.2444391
0.4386303
0.3182254
1.434597
4.919476
4.553081
5.370607
5.25629
5.593639
2.93725
-0.6523557
2.920454
5.543059
-0.2668363
4.428814
2.546705
5.331344
0.7086888
6.54865
5.309938
1.269167
4.470483
5.334199
7.149846
0.5195333
-1.30233
4.923269
5.380568
1.176124
-0.8480307
5.07628
5.714242
4.521547
-0.4462357
5.952233
-0.7958321
-0.4895673
1.95974
4.069052
6.30835
5.570304
4.708087
5.101038
-0.7482454
0.1836817
5.128687
-0.4594332
0.1779834
4.953093
5.563771
4.989569
6.004431
4.245407
1.413643
4.247987
0.2760046
3.751593
4.134691
4.980376
4.919367
4.560178
4.95785
4.7976
5.803385
4.923168
4.121845
3.43199
5.231753
0.9554296
4.547462
5.483228
0.5024993
1.210638
4.539632
3.528476
4.121179
0.5772276
5.47479
2.776093
0.1969011
6.498901
5.415422
5.179844
1.859248
7.94844
7.725263
0.06107425
4.867872
-0.005998256
5.216192
3.953808
-0.4507769
5.160223
-0.2482844
-0.2932584
11.67745
0.9867922
1.751918
5.34275
3.981329
6.810644
8.143622
4.550938
0.3867367
0.3170377
-1.073865
6.609603
1.808156
0.4620602
5.078821
0.9633338
4.321086
3.015258
3.917935
0.3062234
-0.3347839
5.021733
0.07873238
-1.112187
-1.61583
6.334469
-0.0567753
3.844246
0.158363
5.850212
-0.04012935
-1.36811
5.968955
0.7889666
5.353821
5.656407
6.082812
6.088928
1.173857
0.7230524
6.514608
4.019491
5.373294
5.429354
2.433901
6.19334
-1.302394
5.700058
1.224868
5.658449
5.671566
4.828438
3.165759
-0.2571756
3.579338
4.702722
0.2856166
-0.6800887
-1.433926
5.248184
5.482759
6.380944
4.920199
7.295875
-0.1340843
3.639478
4.778912
5.011025
-2.827597
6.200137
-0.905332
0.7051886
5.915857
0.9639225
5.850883
-0.615368
0.4321555
5.810141
-0.8281773
0.839357
2.262886
0.1913439
4.295208
5.000702
5.797371
-1.043814
0.01798989
4.927443
0.1917283
2.974771
8.055492
0.5221196
4.484399
-0.033728
5.624731
0.3102072
-0.5985982
-0.9407278
5.471978
2.37257
1.03508
0.8547395
4.393749
3.697446
4.603631
5.409777
6.692327
4.423641
0.03174084
6.590353
0.5050561
6.566156
0.3272897
5.686511
3.932201
4.736525
4.241864
4.763383
4.324301
5.214616
4.230582
0.2680851
-2.300544
4.105734
6.218617
-0.2883589
3.668599
5.228635
-1.402363
0.9337282
4.98884
5.423293
4.153215
3.772345
0.6332277
6.091875
1.798677
4.977532
5.722419
-0.2025466
5.61648
5.518264
-0.2622232
3.221129
0.274949
3.675855
6.13725
0.06770798
4.951844
-0.05114977
4.569975
4.812347
10.4503
0.656651
-0.2429451
5.108011
5.0112
7.536581
0.7721939
0.754883
5.422272
-0.2918889
5.218647
0.4058118
4.314744
0.2183032
4.498649
1.9118
0.4507755
-1.987539
5.995113
4.44016
3.844029
0.2743844
-2.6594
-1.418358
0.3553045
5.458779
2.611432
4.227937
-2.138538
5.056498
3.514007
5.400697
-0.1012163
4.852957
6.206571
6.148433
5.527107
4.856719
5.926351
6.121249
2.858731
4.441128
2.302103
-0.4539702
-0.649051
4.75574
5.840292
0.1745821
5.403182
4.299294
3.955654
-0.7226448
-0.8670583
-0.08880606
-0.3032763
11.62198
-0.6563707
0.01060451
4.16149
0.8196571
0.9644225
1.490179
1.52866
3.281775
1.217724
-0.3833407
-0.3708862
4.737439
1.11401
4.709816
4.978382
5.345895
11.48935
0.8804509
4.179454
1.274968
1.955693
5.83163
-0.720886
4.86082
0.1677242
0.4065605
0.980457
4.763229
-0.04340369
5.687667
5.057353
-3.267549
4.767355
0.8579863
4.900894
3.756352
1.254535
0.9980066
6.380789
1.741172
5.953081
-0.7526401
0.2233502
4.854077
1.094749
0.4896261
0.1211832
0.8769741
0.7081914
0.1202721
-0.8202808
1.687045
-0.6721271
5.693581
4.768235
4.167753
4.663417
4.370238
2.059244
0.3181495
0.8231657
4.428242
-1.585714
4.002417
0.4719764
4.929148
4.166586
0.5951334
5.832457
0.9109807
3.765252
0.07949157
7.017014
5.831417
5.157458
5.875473
5.176046
1.898912
5.016986
3.413971
5.614808
0.3376938
4.023834
1.470714
4.075411
4.200019
6.148384
4.956748
5.492417
5.528475
-0.2635671
2.729297
0.1184601
10.06235
1.486207
4.379173
5.605474
2.884469
0.5871704
6.181108
5.563933
-1.69502
-0.3348717
4.118741
4.856138
-0.2699508
8.392727
1.08782
2.174055
-0.4642511
3.804444
-0.1532234
5.177321
3.619448
5.266099
-1.357582
0.04441394
1.135747
4.738023
-0.1922211
1.359453
2.506692
-0.5161793
5.417719
0.7630724
5.634202
5.172133
4.687142
-0.6264451
6.358444
0.2350998
-1.351925
5.685652
-0.1146696
6.496793
5.067484
3.683378
-1.438761
2.040477
-1.312026
9.231582
5.292184
4.617568
5.840579
6.295242
4.942162
0.6665587
0.9511562
0.7823159
3.648946
-1.003664
4.387188
3.884822
0.09003194
5.05601
1.594278
7.041342
4.764205
4.228142
-0.07286868
-0.9761792
11.81618
-1.315606
5.635117
0.5031799
7.287069
5.996367
-0.3065281
6.597996
4.332762
5.293604
0.5215475
5.36813
2.075157
4.963985
6.029505
5.157965
4.56903
3.195123
0.0241186
-0.6729915
-0.329241
6.586938
0.6424186
5.568309
6.401975
4.716577
6.512956
4.66048
4.349256
7.420522
0.01343337
7.107099
-0.2944449
-1.536475
4.292022
0.9079489
1.386562
0.2629288
3.832086
-0.4674793
-0.2566668
3.910128
3.625209
6.740317
-0.02774449
-0.357996
0.6536916
-2.754751
-0.170585
0.5335439
5.156319
4.848056
4.833839
4.072136
8.577507
2.226556
0.1625193
0.7909512
0.692131
0.2073229
5.914791
0.107901
-2.056361
5.120899
-1.198186
1.006307
-2.51923
4.721165
3.729397
0.5393576
6.98635
-0.375743
4.989083
0.1350908
-1.072524
5.3059
-0.05514023
0.4425789
-0.2742541
-0.6314546
5.217527
0.199667
1.455501
-1.338595
6.520303
-0.1193112
5.54462
4.994568
5.572116
-1.160448
1.499307
-0.03672994
4.755621
-0.5407244
5.909831
-0.641633
0.1245729
4.654013
6.224843
0.6169439
6.131784
-0.07369221
0.6234882
3.179305
4.90007
-0.8574697
1.018711
7.214555
4.623612
1.512779
5.746853
4.703819
5.104161
0.9957203
3.203238
-0.9754333
0.3346821
0.01876947
-0.3362761
0.6266859
0.6159354
2.004514
9.676926
6.578276
2.428969
1.599208
-0.06846954
3.822118
0.01883199
-1.405494
4.741273
5.260017
6.468864
4.24966
3.959344
4.057849
5.43399
1.3865
0.199222
5.12627
-0.4421899
4.597711
-0.4993291
-0.6418046
5.93007
-2.041222
5.218137
-0.4924246
-1.240129
0.8772394
-0.1987914
4.931335
5.830067
-1.206062
3.330702
4.82943
2.589517
0.4008448
4.718168
5.486964
5.793459
-1.133874
4.816734
4.607961
1.302334
6.040085
1.420141
5.186421
4.013172
-0.2787437
5.386651
3.652432
10.05847
4.38266
5.922867
5.190178
3.725397
-0.09965319
5.074942
5.612984
2.732237
5.391723
-0.8172099
-0.3365338
0.512816
5.950585
5.299535
6.513894
7.241594
4.421765
6.327375
-0.4280814
0.1223175
4.704155
5.022324
5.405555
0.5423325
5.31515
0.3808928
2.350881
4.246501
4.92149
3.475963
0.3688759
4.904872
0.3872425
0.2442466
6.15056
-1.391023
5.738184
4.613925
0.4392663
5.348762
5.137199
4.996851
5.23661
5.706567
0.7012403
1.435298
-1.080928
-1.224286
4.323275
4.388864
5.668326
0.1306385
4.227083
-1.100907
0.05287426
4.29524
3.921494
5.134334
0.8738862
8.330184
1.614169
-1.191207
0.5575215
0.9525887
5.329787
2.02457
4.200046
-0.8288388
5.463298
5.540691
6.842898
5.34936
0.4187324
5.567359
0.6420008
3.806044
4.765898
-1.477641
5.306649
6.350393
5.026975
-2.371652
0.801985
5.615952
6.290392
4.547489
0.5115064
-1.220279
2.266654
1.769533
1.723102
5.997913
2.778792
1.88156
-1.825732
5.802042
4.93191
-1.307783
5.721215
-1.410955
5.026386
5.692575
1.226886
1.042642
5.907869
8.460425
-0.6104821
-0.05621304
5.093442
0.5711292
1.391227
4.604846
4.46591
-0.6350736
1.608192
6.202892
4.045004
-0.03056528
-0.02063252
2.388192
0.5003832
1.021639
1.810374
0.4753573
-1.335839
-0.02051452
5.763188
6.065105
-1.050341
4.148009
0.8173418
8.351018
-0.8082606
5.299954
0.3431312
5.741015
4.46199
4.788292
5.926335
0.8155831
3.460626
4.01561
0.4732307
5.81972
4.825764
1.258027
-1.208381
4.991367
-0.3314119
5.061077
0.4293285
5.804666
-0.4445839
4.262057
-1.194919
2.992686
-0.2366307
-0.8952613
7.535298
5.387402
-1.204326
-0.8593868
4.863291
0.01250444
0.8082176
5.743293
1.223592
4.699932
5.40936
4.503641
5.291754
5.311794
4.535129
-0.07132353
5.29379
-0.4524532
7.557096
3.757184
0.2971479
5.017863
-0.5864536
-0.07040054
1.539026
-0.605663
2.349737
6.620036
-0.8455986
5.336916
5.526656
-1.153553
0.4321343
5.869523
3.499175
4.893836
4.260944
-0.8546481
5.364258
0.6816929
-0.6951241
6.727592
5.559855
5.527669
3.917377
5.524882
-1.1332
1.134412
12.01827
4.739751
6.305413
1.057047
-0.7276676
7.379013
-0.5327354
4.794975
3.129132
0.335864
-0.3614437
4.234348
6.12728
4.14551
-0.6322613
1.257563
-0.9737335
5.343991
-0.9732567
1.568653
-0.04637294
4.876908
2.051047
3.186923
5.082291
5.688391
-1.162125
5.354235
4.49113
6.389926
4.560361
5.464637
4.877992
4.505284
-0.8759551
-0.6895126
-0.1688988
4.63784
6.896971
5.507754
3.891432
4.272603
4.830279
5.247132
-0.5635981
4.84623
0.5698991
-1.245637
5.864254
2.297379
0.2818372
-0.03654199
7.028741
3.835477
3.990629
2.918604
-0.3404922
-0.5447832
-1.776497
0.7334797
4.427274
5.404962
6.623094
4.837817
-0.2158606
-0.4878752
6.262165
0.03189265
4.325688
0.1980242
4.882156
5.103787
5.360202
3.658107
-0.9155261
5.785505
5.587147
4.87645
4.161411
1.003123
-1.544751
-0.7823136
0.2916476
9.801245
-0.05815153
3.851776
6.878678
0.8818324
0.04174544
5.188575
5.335973
-0.5803668
8.204018
0.2390146
11.41177
0.3302624
6.529501
4.282849
4.557047
5.27216
-0.1403578
0.2956763
3.772204
-1.218343
5.02511
5.769912
5.874343
0.9242393
4.309458
0.9607587
0.3079669
-0.8529882
9.415646
5.579406
0.0001424638
1.103389
-0.3721686
5.739043
4.580806
5.263729
-0.8780178
6.221522
7.805038
6.19361
0.521607
0.7532531
0.1797842
-1.616181
-1.764621
5.219465
1.720689
4.943564
5.412068
0.6934073
5.326954
2.390623
0.03571917
7.256686
0.6435824
6.667255
5.43313
5.67934
5.047542
0.2299882
-0.1572072
0.5071769
5.200517
5.346164
-1.702246
0.4213993
6.646078
2.219723
0.2005825
0.5338088
0.3878716
6.856074
0.3644714
5.177994
0.005771223
5.77647
-0.1810112
4.505815
4.908984
5.930111
5.692431
4.633564
4.877451
3.602084
5.076679
0.4608317
2.154177
6.926301
1.763354
5.212125
5.090707
4.4532
5.146509
6.223381
-0.2311426
-1.61005
4.842119
6.247467
4.62514
-0.6206983
4.861406
-0.3536804
1.202226
-0.8745821
9.996653
-0.05385104
3.679799
1.054151
1.925821
-1.66792
4.289928
-1.157995
4.387012
0.6290423
3.724218
5.480477
0.2351291
-0.2847359
-1.546333
5.271837
5.748958
4.808999
1.434621
7.73197
7.441023
4.199767
3.490576
1.184881
-0.2228581
-1.17581
3.823136
6.027875
-2.009511
-0.900862
3.802614
5.871983
0.5939655
5.525925
6.426722
0.6657773
5.605924
7.451701
5.438204
0.7264697
4.512761
-0.06059745
5.970983
-0.3591617
4.598335
-0.006848679
4.969018
-0.5146644
5.36443
5.871734
6.2241
7.400636
-0.1519026
-0.7014499
4.084663
-0.7216038
5.482943
5.263955
5.979651
4.815133
5.243426
5.297937
5.172993
7.098088
5.133754
-0.08338192
5.559187
6.803595
1.014964
0.3982746
4.494903
-1.219782
5.861462
-0.6591473
5.028541
0.2875518
4.613969
-1.64159
4.183769
8.043514
0.5188373
-1.366261
4.877026
9.978761
4.968381
0.8701051
5.210457
1.351161
1.080521
6.252579
-0.5918907
3.748416
-0.4561047
-0.2821592
-1.604223
5.181743
4.895538
3.768367
6.276287
4.526071
4.051539
5.680045
4.921432
-0.2184129
5.664195
-0.1169571
0.2994213
4.486921
5.90229
7.436279
5.636492
4.688652
-1.661987
-0.4612087
6.426208
-0.1173774
1.434938
-0.58964
0.1885825
4.805925
-0.5753903
3.714716
0.7252309
3.087358
1.212578
-1.151376
2.389497
5.8221
0.9321793
1.292854
-0.2988675
-0.5569648
1.343291
4.734556
-0.6654697
5.822232
3.676283
-0.9391808
5.478372
-0.1717542
2.96393
4.21306
-1.225794
-2.523806
3.369325
0.8034629
2.946779
6.006176
2.873658
-0.2684846
1.317103
5.975894
5.589761
1.92079
6.357524
3.864011
4.742609
3.89092
2.974314
4.730851
1.516902
7.586695
-0.7409631
0.8097862
0.6656808
5.812717
-0.5054645
3.450228
0.09578054
6.260392
3.56119
4.726143
-1.585256
1.422401
-1.547764
5.643466
5.290633
3.347661
5.156187
0.4964852
5.414676
0.3827824
6.875383
4.675569
4.392094
5.876573
1.197938
6.558908
4.595656
5.473146
0.1565143
5.451534
-0.1410973
3.484719
4.394916
5.127789
4.667421
4.329988
4.596729
4.418486
5.051615
-0.7192313
4.998806
-0.07743958
5.749472
-0.4707336
9.210725
-0.3008893
0.2622748
0.290284
5.010569
0.6772786
4.491963
1.619385
6.809624
1.550133
4.994106
3.235685
-1.235486
0.3632497
5.455888
6.236242
0.567544
6.055055
3.51664
5.292476
5.453448
0.338224
1.325308
3.973589
0.4193539
7.054175
7.407482
5.165986
4.139971
4.827666
0.7795175
4.375012
5.875376
3.02897
5.559241
-1.263051
0.7175863
4.220077
6.471401
6.048788
3.736579
6.136553
5.292217
4.165273
0.6947278
5.004131
5.183482
0.5241314
-0.3153413
4.203775
4.133219
2.823144
-0.8065279
-1.261341
4.626166
1.069317
8.116187
-1.078101
4.43279
4.925828
7.345253
2.553981
0.5263211
2.126639
0.07273293
3.992746
4.512143
5.931461
2.394251
1.391398
-1.538686
5.464909
-0.09965543
4.677683
0.6722828
-2.583128
4.001058
0.7411279
5.091736
5.483924
0.6443437
0.5314276
3.977023
5.301007
5.147441
4.555341
-0.2178744
5.219781
1.509473
5.816039
5.783308
5.107911
6.243873
5.657953
1.108337
0.35285
4.158974
0.3125472
5.730639
0.4016388
0.1236877
5.878322
7.009726
0.09900706
0.3278269
3.409888
4.28051
3.728409
1.551604
6.990265
-1.623965
5.011929
-0.5997135
4.682298
-0.2778494
-1.765047
-1.358384
-1.338133
-1.028724
5.423091
5.745195
4.537551
3.749653
4.058428
0.3238857
6.479175
5.182396
5.090444
-0.8652917
5.10409
6.63772
5.061956
2.006669
5.86849
0.3914228
4.971595
0.88914
2.187295
4.442173
-0.142798
6.818972
4.356325
-2.343131
5.100299
-1.055567
0.9516745
-2.449904
-0.3820115
5.158022
-0.8999225
-0.04665839
4.768035
-1.599539
4.234655
-0.8924065
6.950965
-0.1933207
4.943475
4.200836
-0.5840122
-1.664517
6.364233
3.50373
-0.08479386
7.42192
5.498334
4.468858
0.9365176
4.142798
0.7267581
4.208193
-0.3842524
1.387478
3.972252
7.014451
-0.9440982
5.296664
5.106314
6.336887
-0.8327449
0.8994135
8.252518
1.301767
0.007389763
1.552935
-0.1881472
1.071807
3.417388
-1.115775
5.19359
5.739634
0.5651674
3.436296
-1.122539
4.502147
4.660707
5.977065
6.575991
0.912231
0.5040065
4.476143
2.566658
5.097793
5.418857
3.477638
4.22479
4.847831
5.864157
-0.8255697
6.187664
5.067756
-0.5916025
4.76306
5.674273
-2.49947
5.297063
0.3753667
7.266892
0.6636391
5.237325
3.85595
-1.076575
-0.4736108
2.494371
6.585288
0.6339385
-0.5067025
2.81982
5.819821
4.572803
5.482095
0.1568572
3.210689
3.923783
0.341956
0.4667137
3.841705
1.00258
-1.481142
5.071976
4.562453
6.409317
-2.375623
1.008589
6.28119
0.1412853
-0.730034
2.994967
-0.1779775
0.5003999
4.17853
5.328272
1.006551
1.36272
6.478825
5.069355
5.091305
1.748692
4.92043
4.681617
4.405982
-0.2014842
4.972312
-0.6243202
4.539619
5.587251
4.081916
5.486678
5.387087
4.557413
-0.2242967
5.651845
4.067565
5.392774
3.293879
4.201117
1.33945
4.673552
4.003919
4.963886
0.5395152
5.892896
5.872684
4.637104
1.203388
1.438846
-0.03060923
4.655515
-0.4696919
0.9280961
5.485352
1.20232
4.970449
6.037681
0.7058684
0.1327109
-1.048809
1.425631
7.517979
5.752111
1.207111
5.216661
-0.5801312
4.701297
5.911338
4.950282
1.064422
3.746533
-1.956349
6.502677
4.31399
-0.353483
-0.2071158
5.01478
7.35897
3.206403
5.05511
0.3343661
5.694568
0.668005
1.291178
-1.230557
0.2050535
5.338613
0.6762668
1.303259
3.894989
5.744225
4.290347
4.628628
4.482582
1.772267
4.966384
-1.467491
1.876621
0.7662747
0.3357097
5.760472
5.169925
-0.07859731
3.036725
5.468989
-0.7051339
0.5792246
6.129878
-0.197883
5.051094
3.437861
-0.685588
4.422812
-1.20511
2.778748
-1.683618
0.6393385
4.752098
7.051089
-0.05825922
0.9643963
4.33836
4.840509
-0.3663496
1.531295
1.688956
-0.4170031
-0.2223124
3.991768
4.661587
6.275223
3.478568
5.711533
-1.31209
6.208081
7.528259
4.835696
5.491563
0.5640085
5.872295
1.170471
1.713034
0.4647487
3.940187
-3.324903
3.644609
6.597137
0.3381529
0.9566116
5.594608
1.061555
6.186792
5.316692
5.098189
5.510068
0.1151385
-0.6746183
1.191181
-1.7029
4.993905
-0.1295144
0.3547932
2.526231
-0.6540651
4.793422
-0.920375
-0.5229207
6.898151
3.694674
0.5773813
3.993065
1.476327
0.71445
6.388423
0.8126005
1.16191
4.516648
3.927415
3.784613
3.310928
1.575356
-0.6462941
4.157902
0.4110848
4.451203
-0.3331728
5.156603
-0.5735135
4.602433
-0.6430115
5.727308
1.036852
1.083027
-1.081832
6.643024
-0.217458
5.606757
-0.430272
6.951254
3.013291
4.741278
6.017859
6.52575
6.905057
4.763039
5.382751
4.374096
-0.2976371
6.837409
-1.207933
5.151463
7.414676
-0.5444487
-0.3411031
0.524769
0.41574
0.1664653
-1.256525
9.309011
-0.4257559
-0.93767
3.977245
3.92874
5.819253
5.513115
4.14084
0.3448959
5.053297
0.441638
1.121507
-1.847583
1.958882
6.397263
0.6069487
0.5301641
4.086052
4.443933
6.738219
5.630292
6.125715
4.37446
2.162067
-0.06981724
-0.04918978
0.04093953
2.094559
6.646826
2.490713
1.615835
1.006779
2.566782
5.923642
0.4360549
5.449955
7.965106
-2.636841
-1.010209
7.565283
2.888437
0.9712714
4.562514
0.8083574
5.567537
4.79526
0.7470955
4.616141
5.888281
5.128576
5.68673
-0.4407879
0.0969235
0.6222992
5.48148
4.20534
6.911275
4.663125
0.08137121
2.999938
4.59037
5.580564
6.835111
-0.4674383
6.0665
-1.25124
1.427427
4.159582
6.476838
2.232514
-1.309043
6.235067
6.12412
-2.320934
4.929901
0.4173287
4.330259
3.467327
4.058647
-1.511627
1.79586
-0.5969514
3.102696
5.164037
4.568433
4.775944
1.331486
4.638292
-0.9792141
0.0770379
4.1576
-0.2758564
6.001545
-2.564335
5.23129
0.1228846
5.880025
4.960578
0.4872055
10.86833
1.529979
0.7920067
3.459557
-1.071823
0.6702802
0.6072318
0.5460934
6.561823
4.323218
4.66987
6.430599
2.410505
-0.5409934
5.449614
5.929889
5.117162
0.9353588
5.0894
4.985152
-0.6315796
4.271879
5.882043
3.756365
4.639135
4.947993
3.169456
7.062694
7.760069
5.072035
-0.08227613
3.563089
0.4308997
5.377107
1.138265
5.63495
4.575992
1.92584
4.181799
0.05507809
5.989706
6.084162
6.223788
4.837906
-1.174438
4.393905
3.822722
5.70723
4.252802
-4.654083
6.954526
3.970628
0.6638315
1.078029
5.959984
4.917649
3.417356
5.671137
2.899406
-0.9810666
4.917076
-0.8358001
-0.3466352
5.6547
5.960384
7.15324
5.172426
1.258741
1.690098
4.902178
6.589296
7.01837
4.937037
0.001083195
3.696124
5.70037
-0.1749669
0.3170009
0.1569307
-0.6539526
-0.7293622
6.871737
4.197231
6.663252
5.796959
2.041145
6.647905
-0.1826361
-1.497054
2.357935
0.02935829
-0.2894531
2.900066
-0.3643241
-0.7230843
-0.01990793
0.9235055
5.09153
6.147032
6.618808
0.4687594
0.3568531
3.899177
-0.5733389
0.7786698
5.208812
1.86681
4.869041
4.842567
3.695705
-0.07255825
3.729368
2.07397
0.8091705
4.708361
1.801259
-0.5193692
1.37611
3.973145
0.5788342
-1.026875
-0.7450033
-0.1408492
0.05617076
11.45681
3.879354
-2.677237
5.792593
1.089654
5.55555
-0.3930935
1.058943
-1.639496
6.630148
0.5325389
-0.2477018
1.977238
3.381613
0.1499483
0.6610164
5.24363
5.179252
4.361538
0.6116384
6.265959
5.285269
-1.891168
-0.4700668
5.126157
8.532495
-1.267592
2.000111
-0.6969335
-0.4382873
4.56766
5.821132
-0.2824708
4.658195
5.587669
-0.3851401
-0.2897051
0.8536527
7.000698
3.941254
5.080826
4.936269
6.088985
0.2652189
0.5879374
0.2394393
0.5520969
5.49874
4.461522
3.781367
4.039859
3.879898
5.600469
0.2717117
0.9673949
-0.9338604
5.45876
5.144609
0.5041356
-0.164452
5.05706
2.18551
-1.183862
6.761057
1.30952
5.636764
0.760554
5.333246
5.916613
6.573923
4.615221
5.61479
5.370611
-1.304491
0.4285817
5.017532
-0.3909051
5.655503
5.398104
4.411717
3.12148
5.65744
5.987754
1.346105
2.651124
4.119702
5.920265
-0.9760247
5.375737
5.517973
0.2671111
3.693202
5.757858
5.783511
-0.104796
6.663392
5.054068
5.167503
5.160502
5.944367
5.948757
5.39581
0.9179985
4.892658
0.9286629
5.498222
-0.9661469
3.833999
6.006092
3.47108
0.1275157
-1.029022
4.38802
5.389684
0.3469813
4.87724
4.189675
4.410459
-0.1689408
0.9333914
6.135035
-0.1700889
5.723175
-0.4366282
4.88141
-0.5189232
1.551817
1.190837
0.8358675
0.2249838
-1.021442
3.758044
0.8670456
5.106942
4.928313
5.03361
-1.119395
2.880788
10.17064
1.763624
4.549288
-0.09221257
4.549592
-0.2245524
4.678278
3.43441
4.903227
-0.3575775
-1.692312
6.42988
6.672015
-0.9446873
9.327435
-0.5063712
0.6829303
6.825346
-1.52254
4.666603
4.414873
4.103047
3.972606
5.191656
4.361981
4.771724
4.925384
-0.5934761
5.117013
1.69853
-0.3733739
-1.313377
4.65084
0.4984301
5.494076
5.913808
0.9448809
5.936066
0.8613255
0.6395307
0.5813266
1.527319
-0.906351
-1.522341
6.320152
-1.294172
-0.3848229
5.13448
4.392751
6.319876
-0.2373622
5.797727
6.305583
1.558934
4.31018
0.1265902
1.272757
4.616384
-1.777101
0.5248606
4.52551
-0.004227055
4.631913
-0.4309233
1.236108
0.06410727
4.821917
0.3105489
0.5794401
5.480674
4.895551
4.341702
2.020135
4.388196
4.695723
0.1198905
5.547152
5.121882
3.182228
4.208973
6.003074
5.620009
5.018194
4.002872
0.2315324
5.194124
0.9995215
4.655121
1.344793
5.135369
-0.3642835
4.585514
-0.01042595
8.026893
5.688624
0.1437031
6.395799
5.126496
0.694654
-0.1339227
-1.287266
5.941369
-1.492837
4.128843
4.759117
0.126901
0.5714928
3.888438
5.576421
-0.3571194
4.967525
6.5432
0.9331152
-1.680146
0.4980866
1.427946
4.341115
-1.410444
0.6218803
0.1385621
-0.7743241
6.338668
4.857185
-0.2418259
5.209433
4.996861
-0.16974
6.414142
4.822472
5.923486
-0.9349176
1.518556
0.2288438
1.323503
6.503714
1.217131
-0.3415991
-0.2190812
-0.5936389
-0.4869799
6.128025
5.283177
5.084573
9.677713
4.86781
1.478976
-1.289936
0.7690812
-1.22499
-0.4733908
6.735924
0.6056827
3.455654
4.689395
9.274035
4.160064
5.840553
4.0205
0.9322354
4.390614
-1.730957
0.6197493
7.103513
-0.04779006
1.19174
5.753256
5.639649
5.730322
-2.167433
5.468301
3.600742
3.698089
-1.585858
5.224585
-0.7756241
0.5944338
4.66195
0.1126076
3.102268
6.92032
-1.296174
1.68582
-1.319415
5.363076
0.8481929
5.669395
-1.704435
7.784171
8.00029
-0.5414629
4.148848
-0.9750286
0.6785044
4.996061
6.327115
-0.2605254
2.420157
0.4417843
4.668542
5.406219
4.944863
5.971163
7.797841
3.990447
3.629841
-0.8706598
4.649645
5.011694
4.840893
6.529327
-2.030249
-0.7230998
0.9117383
4.114917
3.757863
-0.1445991
5.585939
0.688111
-0.6775457
4.688221
3.72847
3.644347
4.656171
0.274041
4.430749
5.980043
3.819749
-0.5325227
10.2375
5.570055
0.6949727
-0.125431
4.115467
5.609959
2.02756
5.976227
-0.7136031
0.2259219
6.427967
4.075813
5.357781
4.005087
-1.413557
0.05621644
5.280318
6.332038
-1.424829
1.01068
5.432285
4.488016
5.267115
5.406505
0.8436045
4.984959
3.961696
-0.821588
1.261042
1.162532
1.868607
1.432481
0.4930439
4.259125
0.3788601
-0.9293149
1.207495
5.499688
1.543616
5.07033
5.14835
0.5146961
3.168894
0.5427053
0.8371376
1.518883
8.346269
4.04537
-0.5873894
0.3667072
5.460876
5.57378
-0.3613653
-0.127398
6.282326
6.488656
2.1102
4.602464
4.864956
3.845775
-1.806844
5.149738
3.31074
4.243032
11.59435
-0.2956351
3.993294
5.965491
4.218659
0.1786323
-0.5464538
6.65097
-1.236172
2.007866
-0.4151164
5.665895
4.128181
3.182435
4.273565
5.445725
-0.6368437
1.33647
1.479104
6.066975
4.807462
-0.3015054
0.6829174
4.966849
4.011774
-1.156214
6.456792
3.491153
-0.3733683
-0.9610523
0.1827505
-0.8354032
7.741961
-0.1596414
-1.742932
6.538451
5.149298
5.115797
-0.7640016
5.529016
4.539045
