4.327562
3.870412
4.193748
7.860264
-0.1422516
8.104173
-1.572791
-0.1985056
-1.048612
0.2784285
3.376757
-1.601366
4.029685
-1.696736
1.896778
3.312016
4.51429
7.077171
5.525401
5.436121
1.673204
-0.2777837
3.371286
5.889406
-0.03842381
0.3049931
-0.1094478
4.094025
6.468538
5.090294
5.076825
4.637195
0.187217
0.392652
-0.01008205
5.385616
4.836112
-1.963252
0.04487933
-1.278563
5.354797
0.2624401
0.8221826
5.353539
4.669249
0.7732687
5.710953
4.344623
-0.2989745
4.579687
8.049198
3.650514
7.170242
3.899291
-0.4701158
6.329696
4.495912
1.548324
2.502855
2.728183
1.531594
4.511429
5.018297
4.927371
2.461654
1.749172
0.4169348
4.368554
5.85793
3.989697
-0.3628009
0.009142401
-0.5438236
4.525313
4.93499
5.130151
-1.702003
4.283595
5.196782
-1.377336
-0.9850604
-0.8506554
2.748463
-1.079641
6.722649
-1.657575
-0.9708955
0.3243893
3.84617
-0.5695275
5.025907
-0.1032361
8.275773
4.483484
-0.5814774
4.642088
-0.417553
5.075552
7.02529
0.7526591
0.5457668
4.947822
4.832326
3.717055
4.310497
5.603379
6.360323
-0.416734
2.596199
1.428371
6.8104
6.277257
2.450537
5.933385
5.946321
5.416654
5.407707
4.615715
4.996575
3.799907
4.172976
3.741426
4.155573
-0.2939239
6.104231
5.859012
-1.644664
3.983413
4.719491
3.228761
4.929972
4.230716
0.447037
5.056569
4.382385
6.758345
0.2258747
0.66634
4.95085
4.93713
5.005849
6.186705
-0.9241587
-0.6999062
5.812154
-1.302609
4.200627
5.158227
-0.4484865
0.9409799
5.528901
3.842619
5.032829
-1.631173
1.558038
0.7972214
4.907463
5.762216
4.050134
4.219423
0.6384847
4.046864
6.242286
4.918359
-0.2476592
4.077086
0.08689837
4.098949
6.281265
-1.069968
1.162381
-1.729057
4.664747
8.386841
0.2874487
-0.8366747
0.5336995
4.896753
4.645373
6.900584
5.317559
4.936766
0.9257959
-1.063252
6.311133
5.481115
3.602646
0.3599405
-0.4735874
0.9729356
7.472624
0.3125841
2.18739
0.4651808
1.263309
-0.5133519
1.278709
4.114088
5.105449
4.202807
-2.92821
4.347023
3.477621
10.45787
0.6409508
4.755903
4.82181
-0.6147932
0.9348609
5.258011
1.99365
-0.4254414
5.832531
0.7582032
4.92161
-0.454358
5.074097
1.331799
-1.134056
-1.2047
0.9966153
5.516447
4.15799
-0.4697372
0.8100581
0.2879091
-0.9313577
4.58171
-0.0791585
2.446306
3.955572
3.797172
-0.2504823
4.24592
0.829083
5.027968
4.004967
-0.4703202
1.590039
0.6741988
-0.2488725
-0.5663101
3.535583
5.041034
5.55844
5.96575
4.66844
10.88275
7.427216
5.013193
1.535668
4.329309
0.7942619
5.630948
5.431911
0.9255366
1.678847
7.115858
1.722917
9.220797
2.642736
4.402642
-0.2265711
5.871047
1.315417
0.3479356
2.452525
6.054613
3.095424
5.728463
-0.835924
-0.1591054
5.840261
-0.590264
6.948042
5.375594
-0.6816036
5.285814
5.135588
0.532342
0.2320273
0.4585047
10.13773
3.57643
3.226315
5.79035
-1.662463
4.52829
8.846496
-1.783453
0.03991433
1.705076
-0.7664592
6.846873
-0.5535884
4.659195
2.991018
-0.8154545
5.795813
6.812363
0.338095
-0.1900346
-1.491414
0.6221236
3.773671
5.511415
4.371551
1.665596
0.2386334
4.567606
1.722139
3.439958
5.89515
1.418576
2.134858
5.198968
4.386957
3.850818
5.842499
-1.432937
6.192436
4.957213
3.831838
10.07084
5.545335
0.4606122
0.2722519
4.613542
6.229866
-1.279131
0.3306955
5.361339
5.009879
5.017175
5.280303
6.21778
-0.8226357
4.186935
4.341309
4.232836
1.711468
4.413004
0.3975582
0.8790448
5.213347
-0.9071278
8.709548
0.5067375
-0.3849781
4.088746
5.432005
4.328763
5.292259
4.882809
6.809417
1.257973
0.4719768
4.647028
3.353486
0.9992754
2.925822
7.200066
6.460817
4.774565
1.616071
2.046853
5.913343
-0.3384617
0.2720995
-0.001893933
6.385526
5.155819
0.9186232
5.651301
1.573008
3.078963
4.108662
5.135253
4.166134
6.231593
0.4875483
5.432838
1.220141
5.739421
5.019479
0.4904028
3.045741
0.4625993
3.694227
3.975038
3.818068
-0.6375511
5.827678
4.182514
-1.144829
0.2637047
0.8793378
-0.6149684
4.608344
-1.799845
-0.0260946
-1.18563
0.6078224
0.5950988
5.609143
0.04666981
3.67257
6.501622
5.439709
2.372046
-0.07356738
-1.220329
7.371891
2.682379
6.12006
5.70687
-1.313744
0.5697654
7.587793
1.729391
1.042733
-1.836398
3.537354
0.6943424
0.2690399
1.988005
3.218923
6.224898
2.747967
5.53299
0.1243084
4.225926
6.234995
3.18242
-1.407846
-0.04707401
7.184471
0.8144787
1.871638
8.17585
5.507671
10.41658
4.42398
-0.5979146
3.951823
1.434847
5.106458
6.001779
6.015725
6.026223
5.778421
5.577305
0.5794295
0.2729522
-0.8867877
4.653698
0.3939153
-0.01083513
5.903395
4.771785
4.531979
1.032549
4.185505
-1.144776
0.5269174
5.919603
1.091594
3.871555
0.2334274
-0.9613701
5.270868
-0.2427238
6.616726
-2.293329
1.633138
-1.40564
-0.6466377
5.35892
7.103827
4.974718
5.838997
6.629928
1.278306
4.243878
5.127247
-2.125205
2.927034
0.5966032
-0.5127664
6.280292
5.851083
7.357577
1.762334
5.015666
-0.01333857
6.535671
4.218886
3.485684
-0.985655
4.208601
-0.3670669
0.1933422
5.42507
7.613228
-1.008865
3.696778
3.342014
5.118684
4.960573
5.441141
5.123878
4.985088
-1.611831
-1.445703
0.7748893
1.228673
1.160776
4.391393
6.259245
-0.8199336
-0.5799619
-0.04702514
4.372242
5.588993
5.265179
4.076636
5.731545
5.445499
-0.6888718
0.5281002
0.8978239
3.531133
5.522756
1.264349
0.9143122
6.550313
7.461756
4.930553
-1.112167
4.245769
1.275849
3.854014
5.697391
1.051529
4.23561
4.916704
0.8164028
6.244394
5.597163
4.690444
5.314402
5.935847
-0.1214935
0.04046092
5.461302
5.603546
3.782807
-1.419683
11.52759
5.793724
4.071255
-0.5133555
4.321447
5.764857
5.649851
5.921573
-0.5799501
5.813814
4.534493
4.006461
4.766271
1.565567
5.698651
-0.02608973
-1.09442
-1.628165
4.874111
1.132886
1.217454
5.420244
4.93427
-1.540949
7.624231
-0.6602375
0.2660298
0.3506964
-2.431074
0.8017494
-1.175804
-0.7337652
-0.5388981
6.435911
0.009063507
5.490985
5.736045
3.726459
5.078598
6.193919
4.142535
-0.01957664
0.9472292
4.768392
4.300202
6.67324
0.3297833
4.281009
5.437431
0.9900794
5.622852
4.409896
0.09682798
-1.383008
4.575066
5.895958
-0.4100146
0.5631457
5.454366
5.508397
2.69531
5.130496
11.12772
5.979318
5.71592
4.628747
5.156771
7.078233
0.515924
-0.4548815
0.5708667
-0.166889
5.384754
6.157599
0.1994985
4.917833
2.150763
-0.1388817
3.588748
6.622679
-2.104796
-0.5894881
5.910106
5.34703
5.655088
5.885594
0.3620106
5.481658
4.90703
2.922277
4.02932
-0.08898012
4.377331
1.139536
5.656437
5.162738
0.4888154
1.172507
0.1395432
5.485866
1.588436
0.6413724
3.742598
-0.746405
0.3514488
7.035378
3.290606
4.226368
5.885771
-0.2126188
4.961817
5.559455
-0.9502921
5.246124
0.9038742
0.2315022
5.135903
0.3145725
0.3694821
3.821229
5.619259
-0.7858941
5.435758
4.879583
-0.8705316
-1.918586
3.702828
6.341724
0.4385279
0.1615828
0.6345498
6.561049
-0.3205919
-0.223533
4.385228
1.352302
1.419105
5.242038
5.776939
5.045355
-0.0009778151
3.617443
4.468959
3.361659
0.456073
4.658382
6.039102
-1.367283
2.227041
-2.274572
-0.08767593
5.475689
6.151971
-0.6413682
3.340077
-0.1864619
6.686967
0.1957214
3.424364
4.571773
6.323879
-1.932706
-1.348959
0.3205214
4.742185
-0.1541859
4.818135
4.372265
7.039667
0.6961356
-0.8557132
4.020782
5.004722
5.01098
4.824217
5.790048
-0.474413
-1.96843
1.099943
-1.590429
5.9148
4.958361
6.761675
5.866959
4.934047
5.781398
10.39873
1.122191
6.08235
-0.9977949
5.368058
0.6388647
5.761323
5.216453
-0.2829107
0.1871071
-1.397794
1.32912
4.906296
6.209272
3.758766
0.5678563
4.18556
5.815368
0.04058466
3.972978
0.1162513
0.2633577
3.442052
7.56999
6.376917
12.43706
5.885996
5.049493
4.739383
-0.3308775
5.596702
3.096546
0.02639605
6.044796
0.4134106
4.414017
5.122301
5.180964
-2.861408
4.271658
5.054362
-1.365359
2.087853
-0.3360004
7.006833
1.681915
-0.1424966
-0.1347499
4.798033
4.685941
2.897059
4.20328
4.582906
0.5345783
5.924765
-0.8965545
-0.04580165
-0.4803599
0.8393884
2.900757
4.666071
3.158344
4.951888
1.597701
0.237525
0.3231758
0.7044823
0.2831695
0.2618371
1.946324
-0.1229082
0.4461913
6.194472
4.266072
4.177421
5.331413
4.492357
3.72516
1.236942
4.899444
0.7212527
5.647794
0.6267945
-0.5388601
5.423752
1.127589
-0.02237387
0.1125853
5.970794
-0.02152223
-0.1068041
0.8060534
3.632286
6.171088
3.06072
1.016857
4.850181
-0.07583656
0.596296
0.8679243
0.6414962
6.147849
-0.651067
4.911811
3.397266
-1.655228
1.453201
4.56577
6.316255
5.984525
6.515369
-1.784099
-1.299855
4.323267
-2.13393
3.818454
7.260826
-0.4280291
3.24729
0.6433922
3.896477
-1.360004
-0.1327241
-0.9603061
-0.5377258
-0.8761758
0.8793965
4.384923
-0.4698434
-1.861026
-0.6346093
5.712448
0.8243357
4.135468
-0.3329552
5.925006
0.2694342
4.550967
0.5061733
4.003557
1.008402
6.201032
0.9486575
3.728368
-0.4663539
-1.564
3.866977
4.083803
6.915836
4.070423
0.7535073
5.776914
0.9391051
6.079388
-1.660822
0.1355123
5.539458
4.217306
4.094665
5.709857
4.924571
-1.982814
-0.3699982
6.150056
1.183723
6.607135
-0.5629
4.396637
4.515668
3.435579
-0.3788848
-0.2705244
1.023358
5.392899
-0.4144975
7.617955
6.267239
4.923825
-0.6129906
0.4823278
6.486147
-0.4241398
4.163832
6.934035
5.068285
3.771413
7.044723
-1.018714
4.669097
2.790494
0.160107
-0.3750169
6.85997
6.371407
2.637228
0.1085862
0.7271076
0.7889137
2.634507
3.873402
5.342287
5.110508
6.322269
6.52757
4.197165
-0.4544579
3.330492
0.6690528
0.02396463
4.363537
2.036762
3.943507
-0.8618955
5.500868
-0.05051819
4.914867
6.640561
0.6001219
3.288321
4.792595
0.376997
-0.3714788
6.624823
4.579395
4.310695
0.6388175
-0.09743986
0.7067659
0.571028
0.6939172
-1.017752
0.402317
5.252329
0.4896621
1.038265
3.986452
-0.6095342
0.4277704
-1.075217
7.281905
5.364782
4.083278
3.911751
0.2028743
0.4969045
3.722523
4.782304
5.565967
5.820172
6.754992
0.1871071
5.759364
-0.877835
10.93564
-2.053617
-1.220178
4.826646
1.50507
5.703304
3.930975
4.785087
4.78382
0.1932714
7.11669
-0.2449629
4.79051
4.019915
0.1613811
7.276892
-0.3775131
-1.39499
-1.837425
3.954557
-0.005576924
5.949598
0.6854535
3.848996
6.901359
4.271589
-1.428603
1.552
3.843438
4.934743
0.5006553
-0.3948529
0.3886523
4.860881
4.522146
0.4056892
6.644005
4.376195
1.538262
5.646247
4.299454
4.897959
4.479006
10.2001
7.024185
-0.465247
4.611319
-0.801772
6.431412
5.69403
4.420371
4.652543
0.002885472
5.080307
5.407147
4.414876
-1.021487
7.941324
11.14851
-0.3671314
5.517705
-0.5197957
1.363132
4.847284
6.230755
4.366502
2.249165
0.4427448
6.256209
7.12402
6.104544
5.297691
-0.2591634
5.39671
3.23266
1.914513
4.388845
0.2811165
-0.6214413
-0.1950805
-0.5669599
1.129976
4.229211
5.234733
-0.3749247
4.622476
5.803581
1.389616
4.758435
0.1621695
5.54945
5.527191
6.104683
-0.8581515
5.4861
-1.274177
5.074025
4.784014
3.873493
-0.6992773
5.388834
0.9334599
1.378171
6.765461
5.746282
-0.4807267
4.898492
5.762973
3.646892
-0.8812196
3.203991
0.8226145
3.868312
6.06054
-2.281672
-0.4626225
3.672105
4.722703
4.126534
0.8527302
4.509849
0.1744361
0.7975137
6.9377
4.479074
4.010079
-0.1885239
4.050109
3.025077
4.680376
2.821235
4.393519
-1.483007
5.282429
-0.9974039
6.128278
7.043822
-0.7149921
1.237479
-0.2378672
4.424417
5.82849
0.8612859
3.857164
2.274534
-0.00409979
-0.181398
5.941639
4.684793
0.9485061
-0.30194
5.174972
0.7142446
5.451311
1.26044
2.997273
0.04591856
5.732889
5.749499
-0.1528727
5.3882
-1.260228
6.205979
6.653128
8.528048
4.104767
5.090018
3.085909
6.542434
5.246735
0.4502402
4.796695
0.4177245
4.821373
5.361296
4.328852
4.261321
0.1157414
5.847303
0.2200437
6.143215
-0.1196971
5.001442
-1.407866
6.142028
4.787958
-1.797301
5.053416
3.692545
4.991667
5.591715
-0.2696787
0.2946628
5.137975
6.310261
0.2734315
-1.061028
5.205508
4.092459
4.91628
1.983338
5.685712
4.449159
3.867575
-1.37798
-0.5115542
7.244743
-0.1838807
4.942909
1.069685
4.051675
3.497132
1.005154
-1.089289
-1.082996
5.205117
-1.586549
4.244619
-3.001578
3.948833
-0.215691
0.3420881
6.146332
0.8793589
1.186816
0.5715143
-1.103581
3.958606
3.0093
0.01279946
5.269938
3.678195
5.296747
0.1905044
5.824181
-1.688935
-1.529385
0.9104981
6.372954
0.1094424
4.482272
5.012667
5.528296
7.094878
1.472562
4.626229
5.300423
1.49625
5.170545
3.4882
5.008612
7.704887
5.945607
0.6226206
5.078011
3.791631
-0.570852
3.098145
-0.0301444
5.472236
6.122858
5.054688
5.26792
5.586962
3.635409
1.065971
-0.3686289
4.985127
3.907436
5.648
-0.3938362
4.768965
5.362348
0.1347892
0.972788
0.4430688
6.007147
0.5542965
3.851094
4.594344
1.261737
-1.208323
-0.2646954
6.089833
-0.1439725
-1.39073
0.725231
7.134724
0.611649
1.42129
4.733607
6.474296
6.279104
0.5827405
-0.9304379
-0.1283987
0.9903581
6.792734
3.407474
5.62062
6.295176
4.490884
3.644064
1.954331
5.754373
-0.4303966
5.382115
6.472063
4.012802
-2.012552
-0.3774245
5.493353
10.54213
6.006832
0.1412374
3.770457
-0.3310277
2.499506
-1.413222
4.591159
3.976604
5.569457
4.374193
-0.08305825
5.134429
0.4213743
4.864406
0.248183
0.1978015
3.181421
2.406914
4.745076
5.392697
-0.5586467
0.4849231
-0.3862146
-0.9895303
1.083879
-1.11442
0.3260603
12.39282
4.392405
7.733273
5.457242
4.941909
3.390354
-0.8583809
0.5581688
0.5979408
4.337553
5.384381
-0.4144311
4.117154
1.130118
2.86074
-2.03835
-0.963269
0.1927252
1.58238
1.593017
4.130391
-1.953201
-0.1093502
2.764503
5.347076
-0.7800344
4.995313
-0.8852898
6.153115
4.060373
4.665162
-0.66897
1.433023
6.240246
-0.610957
5.183121
2.727451
7.262709
5.882717
4.670046
4.160156
-0.5716859
-0.1524705
1.696944
1.768416
-0.2624598
0.9819083
5.282405
5.268164
3.244911
5.865329
4.197368
0.316669
-1.56476
0.1079488
2.12511
4.860591
5.598308
4.970923
4.554661
6.430628
4.476593
5.072017
-1.670335
1.399154
1.181809
3.106723
6.096519
0.2484271
6.184928
3.33791
6.931528
5.746985
5.999819
5.983131
0.7493688
5.227805
5.876014
4.717463
6.067455
0.8663665
8.824162
-0.5730441
4.398614
7.017169
-1.292048
4.645123
5.276513
-0.2940701
4.21874
1.872833
4.703219
-1.552275
3.194039
-0.476133
1.398275
5.790154
-0.08495694
2.271912
5.570636
5.863052
0.8329551
4.86815
6.097669
0.1155919
5.532872
5.147858
-1.116178
0.7597039
3.646078
-1.175282
-0.2263353
0.810316
3.975835
0.3148594
9.965426
6.787338
0.2238627
6.215546
6.493952
1.341019
0.9755712
0.4358694
-0.963801
5.615362
6.192342
11.46944
0.7381604
5.398235
-0.1320131
8.311235
5.801042
-2.579854
-0.9492713
5.960459
-0.6029751
5.875525
1.307192
3.4417
-1.441045
1.58652
2.569085
-1.586883
5.022006
-0.6347358
6.890051
0.933374
5.628471
3.887533
-1.355304
0.9774154
-0.6964918
-0.3318492
-0.7691996
8.192296
-0.9030621
4.760392
-3.749686
4.464738
-0.6181341
-0.361375
-1.337827
-0.6238917
-1.129661
8.369441
1.123528
5.57265
5.876941
-0.8862648
0.8452547
6.40508
0.8598366
-0.7231793
5.416729
3.585434
1.60937
0.7627715
7.255204
2.572653
-0.05176966
-1.551386
-0.0445541
2.547851
-0.7556754
5.061014
6.127376
0.134249
6.315234
6.045308
1.121468
4.50697
0.7598934
6.193517
4.597968
1.66125
4.71161
1.470071
7.936001
4.26554
4.841811
6.352934
-0.1497942
7.085716
8.127581
4.155262
5.344214
3.879854
0.6076059
0.06230896
-1.394053
0.03852984
4.8119
5.046709
3.92686
4.430149
-0.301124
4.158399
-0.8902304
-0.6082566
2.205859
6.016067
-0.6064011
5.843855
5.126235
0.6155983
-0.6338895
5.550168
0.6051659
6.806174
3.443971
0.04139675
-0.5730394
-0.9821774
4.247622
0.8707111
-0.2391967
4.817838
4.269414
4.229327
-1.593732
4.16026
4.854988
4.468144
4.155526
6.147328
3.377647
1.42679
-0.2682654
4.384818
5.609169
5.619102
10.26007
4.814586
4.477283
3.921124
2.51135
5.82283
4.740338
1.582302
1.43061
-0.02048768
-0.08116927
0.6316244
0.924516
-0.1469185
5.084265
5.250511
6.179073
0.4372719
1.041683
5.973755
6.543956
0.09526009
-0.9723452
5.758256
-0.07452183
1.288114
4.233277
-1.724614
0.4645837
5.45038
0.5011541
3.213531
0.6025742
5.777863
-2.217508
7.149211
4.231202
-0.7851115
2.592612
5.680732
3.716959
3.91716
4.640955
0.9802236
4.505278
5.386988
7.290095
0.3888597
2.652767
5.461421
6.253416
0.5474923
5.724723
5.640005
-0.4149211
4.873722
6.269025
0.5403613
5.000657
-2.494812
-0.3695188
-1.36859
4.30623
1.254881
4.832586
4.508937
-0.1845304
4.438248
4.332144
5.887179
4.633603
4.821353
-2.727657
5.490386
-0.4952628
0.002753731
-0.6722945
3.379238
0.5006323
5.912622
7.887989
-0.1382719
-0.004866541
1.127624
3.092382
4.127521
5.368762
5.360796
0.6300825
3.665547
-1.089111
5.273227
3.728803
5.660429
5.369031
6.067845
0.1109751
-0.6319151
0.6386859
3.638709
5.839067
5.492026
-0.1521846
7.92116
6.488633
3.381895
2.516387
-1.905647
6.642153
0.3638929
4.571584
4.62005
0.6516394
-0.9203039
-2.322403
3.799718
5.109829
0.0698511
5.139132
-0.009493981
4.456314
4.415136
6.15662
4.42969
-1.05058
7.902692
5.56813
-0.5113415
4.717697
4.657241
6.038477
4.647432
5.907012
2.906255
5.361426
7.259874
5.002139
6.032753
-3.417077
5.748824
-2.1251
3.450832
2.016461
5.404059
1.043337
0.3915836
4.693332
5.245147
8.701523
4.854372
6.259339
-0.4572587
0.3654746
4.290397
-0.264937
1.169615
0.07369923
3.708098
-0.7866818
4.220206
10.23531
3.155304
-0.4065179
5.637721
-2.614851
4.19843
0.7493676
3.817798
3.19115
0.3575471
3.29952
-1.124352
6.885209
1.588739
0.3642359
6.071281
5.512395
3.1994
3.510954
1.241701
-0.2649587
5.198744
7.018524
4.981462
-0.5835804
5.248457
4.148366
4.64398
5.611608
3.802789
0.009651844
2.357139
4.632615
4.003677
6.464186
6.194681
6.549279
-1.180661
0.6491119
4.644308
7.10786
-1.793596
5.038406
0.1648823
3.804513
0.0956108
-1.291285
2.49342
6.916355
6.552785
6.095122
2.120807
10.23578
3.661753
-1.117291
-1.798476
4.119291
4.726502
2.876464
0.1496573
-0.2870069
-0.1595655
4.193537
6.129926
0.6773598
5.10579
1.037496
4.320806
0.6596457
4.240112
1.932804
5.415688
4.218876
0.01443766
0.5584135
0.2026364
4.060842
6.965958
0.4929474
0.6120755
5.252999
-2.153057
0.7537791
-1.818688
5.389894
4.464344
3.686057
-0.6257316
5.184987
5.580881
4.782285
1.599392
0.3893451
5.660526
-1.332466
0.2318732
-1.348584
3.941316
4.246772
5.793283
-1.968406
2.876487
5.768612
3.647775
3.920078
0.1115658
6.455511
0.7581693
1.81738
4.446017
-0.1531265
5.428797
4.493633
0.1903095
5.185217
0.5741593
1.030555
4.731939
4.973415
0.7366312
-0.5380789
4.604837
0.3496846
5.048553
-1.406177
-0.1925578
0.1640586
5.677347
4.884923
5.348531
1.752683
2.521755
0.4513717
5.265783
-0.155095
4.636221
0.867996
4.270488
0.1665176
5.218305
0.9291617
4.340362
-0.5676809
-0.4279492
6.247329
-0.1656916
0.2047779
-0.8903767
3.469727
4.230833
3.071059
4.162341
5.011551
6.556912
4.69304
3.618437
5.253379
-0.7580894
4.645832
0.8055959
0.3130803
4.55857
4.29984
0.5176859
0.1404466
5.037684
0.1081723
2.597455
3.954977
4.759527
4.293455
5.684186
3.799805
1.811854
4.402839
0.05106641
7.423302
3.030059
5.397634
-0.71382
4.595225
5.480113
6.41373
3.932455
5.475497
-0.2140395
5.807538
6.08679
4.240542
-0.41197
-0.03622463
0.338742
-0.4397216
3.627318
4.076288
4.586998
5.345967
0.1587694
-0.451758
4.448913
1.437766
5.855601
3.575685
4.31324
3.745965
-0.7532784
5.557823
-0.3220868
0.1222678
4.908399
-0.4467889
3.939146
0.2488114
4.65133
1.199926
-2.327563
4.34922
6.029349
5.960564
3.233114
-0.4162777
2.558658
5.639658
-0.8179279
5.414007
-1.386095
6.666431
2.951531
4.093918
5.905225
4.709417
-0.4661445
0.6513373
0.106821
5.504364
0.3880381
0.01392678
5.130988
-0.9077902
6.332315
4.468321
-0.7423897
-0.01913137
6.10861
6.166125
5.556744
5.210712
5.34522
5.062634
-0.9596061
4.748807
4.275221
0.3916237
5.351313
1.164409
5.028577
0.75339
6.980328
4.069609
4.00449
4.624598
5.44001
4.707894
4.662499
6.047219
0.300412
4.916364
5.213937
0.6616249
5.717094
-0.9274573
5.428226
4.888584
-2.156387
5.397712
6.145012
1.938854
0.6148065
0.4866464
6.423661
-0.829871
2.019249
4.030174
3.677996
3.071024
-0.3108769
-1.077778
5.032704
4.944946
1.698314
0.8249151
7.409673
5.44538
5.737921
5.731885
5.779381
5.308848
5.881182
2.109014
5.079555
0.1109328
0.5860125
0.2045007
3.512663
-0.4895783
-0.3060517
5.998437
3.970858
4.175267
-0.6670749
-0.06609396
-0.9427072
-0.2191136
6.295222
4.952376
-0.697506
0.1484092
4.294001
5.753735
1.118925
-1.509401
5.833582
6.209489
0.4419644
-0.4125961
5.053488
4.513604
0.05981111
6.191747
1.865636
-1.16458
5.248343
5.002509
-0.5441735
-0.2786018
5.954989
-0.7256615
-0.3461695
0.507797
4.141176
0.896074
-1.682027
-0.5447219
5.206388
3.545739
3.650243
5.931462
0.3448843
4.909395
5.842268
4.306719
5.850364
-0.09327888
4.818487
4.187505
0.06106307
6.447846
0.9813167
0.351773
5.525428
0.3998036
5.117683
5.363737
-0.6550019
-0.05787236
6.321344
4.453708
2.760755
6.304621
4.000718
4.604947
3.766882
-0.6476651
4.362184
-0.5576055
6.46936
3.907131
5.823536
4.997469
-0.9444912
0.01281102
-0.7211379
0.4415714
5.678792
3.007662
-0.5610546
7.410142
5.173876
5.187531
1.072185
-0.9935129
8.481375
5.830877
4.359273
3.946771
5.098429
0.04663696
0.8726687
1.233093
6.79599
3.974233
4.088854
-0.2957567
1.882868
1.720491
4.892571
3.696517
6.742165
5.235135
0.8577101
5.817686
0.05927673
6.418304
5.138476
4.211429
-0.8129795
-0.617872
4.650184
4.060683
5.271245
4.987078
6.146764
6.202517
4.211425
4.07505
6.708988
3.364502
5.842027
4.819915
-1.688787
4.086647
5.429534
-0.08871966
5.44627
7.690333
1.084261
6.666588
4.750641
6.127357
5.190097
0.6934873
6.12529
5.635841
3.309956
-0.01111514
4.416507
5.496578
3.648024
4.784045
0.6910167
4.729936
5.282803
5.101789
2.701899
5.792501
3.73332
4.426835
0.8626348
-1.348444
-0.1993031
0.3986654
1.135115
3.281244
-0.1431835
6.256344
3.382666
-0.668114
6.216799
-0.7002384
0.04332652
-1.481536
1.018276
0.7309974
4.178532
-0.862093
-1.244755
-0.8615491
4.66578
-0.6201082
-0.1505456
1.144323
5.370383
1.758176
1.004383
4.864702
-2.008086
8.533658
0.07711979
4.389625
5.046448
-1.420777
5.945986
-0.9062073
2.081785
5.434457
5.240142
4.762949
4.97212
0.3234858
1.687866
-1.028092
0.1865872
5.133394
-0.4265543
0.8483819
10.06737
3.950895
-0.2229547
6.152926
1.52361
0.2294098
4.900542
4.912485
4.695478
-0.1608683
5.417831
5.728145
7.431734
1.085628
-0.9845534
-0.4585691
6.103662
6.085442
4.452038
0.07226392
4.629545
4.334387
4.135185
4.915735
6.616739
-0.6473804
3.434412
-1.247846
-0.7458549
-0.4692763
5.241173
4.580692
0.8138841
5.338472
4.86037
3.922888
-1.28229
4.448091
2.010046
3.97242
6.518656
7.007754
0.770609
5.158986
-0.5937404
4.624088
-1.208362
4.838358
0.739868
0.6255089
6.215146
5.058015
-0.2793303
-0.9670822
3.486592
5.451919
-0.04468791
6.539604
3.541241
-0.008812416
4.405134
1.741369
4.658239
1.453481
2.240595
4.855284
4.91285
1.962305
4.296118
0.1680518
0.5580565
6.070064
5.827075
5.799551
6.151116
5.66894
3.475372
3.109375
0.4548794
3.16553
5.705812
5.937767
1.538751
1.750661
-0.4187238
-1.362834
5.910536
4.544465
1.384155
-1.076841
9.977016
1.720496
4.367856
-1.083579
6.24403
4.984804
0.4623686
0.0880605
3.775092
4.243166
5.220847
4.889072
0.4423327
0.07680238
0.8078356
3.289801
5.901774
1.069159
5.643465
-1.096721
4.27252
-0.8143394
8.128557
5.401461
4.477632
-0.4782254
-1.414305
0.3298911
0.2668325
5.850402
5.302145
6.636933
3.155666
5.6141
7.051688
5.829671
3.967491
0.8685899
6.339151
7.219098
3.351806
5.198321
6.730024
0.4783118
0.1777297
0.7465232
-0.06852384
-0.2345049
0.8796834
-1.08711
4.530925
5.653242
0.7481937
1.853067
4.296634
5.716412
5.745646
1.426734
4.415209
0.2483364
6.841945
-1.828685
2.084461
-0.1195291
-1.003069
5.707094
4.059082
1.938397
3.633432
3.916066
4.731646
6.0883
3.887594
5.905881
6.211808
-0.2738859
4.235107
-2.643956
4.831628
4.829231
-0.4280537
0.587179
6.588293
2.294502
0.472119
5.485544
7.540509
0.5445243
3.011516
-1.156417
4.688405
0.6504301
3.842268
4.835941
4.930653
3.416035
6.6939
3.93647
5.29075
5.531457
-0.3589265
6.403032
-0.7224031
0.7769736
5.283011
0.3833536
0.01473653
-1.63467
5.435819
0.731603
0.7845535
4.342255
-0.5689047
-1.491035
1.639655
4.171366
6.843374
6.578585
5.279453
5.379108
4.652084
4.30218
7.033154
5.057848
1.280656
-0.1818323
3.839118
-1.762471
-0.9183248
-0.9969261
-1.111064
4.900281
-0.2872269
6.042366
0.5391756
3.950634
4.350586
6.0387
-1.558296
3.839476
0.3758588
3.079774
1.239239
-0.6742303
4.652517
6.463117
-1.181267
3.640067
-1.273941
4.76539
6.107064
-1.549702
1.005032
1.979863
-1.104478
-1.211391
0.5905931
5.460386
4.48282
3.857136
0.7081583
0.3921629
6.583714
0.2091205
5.35112
6.582408
6.695122
1.323729
0.3949367
0.8897514
-0.3325962
1.815518
0.7785932
4.62214
6.078038
-0.762362
0.08555696
2.806659
5.028447
2.985899
-0.2288682
5.502511
1.124033
5.219379
-0.7818302
4.620574
6.966952
3.439751
3.869703
-0.8854928
-0.0799834
4.69947
4.774867
3.79035
2.324782
4.118041
-3.8516
4.801813
5.29616
7.87101
-0.7075169
4.818839
3.197275
5.831089
-0.2520782
3.301303
-0.6934008
5.665926
-0.2749389
5.93895
1.013618
-0.5600653
4.367673
3.505614
0.2947866
5.853362
0.3185057
5.087712
5.079275
0.1332026
5.608868
4.0092
7.510076
0.8493469
0.4327146
2.05513
0.9214713
0.01189912
-0.1304627
1.130708
-0.1016907
5.729951
5.005325
4.780212
9.873953
5.940541
5.726201
6.14315
-1.004498
5.513567
3.69873
4.261319
4.674785
0.8668723
4.638816
0.8848662
-0.4620016
5.920778
4.748622
0.005647942
-0.2425596
5.099823
6.622538
5.274935
6.020253
0.6782597
5.492085
3.803063
-0.6915436
-0.7962887
-2.017967
4.182742
2.83072
-0.6345263
3.499245
4.69552
4.141228
6.255704
4.052047
5.117244
-0.9609117
7.650398
-0.3629476
-1.679286
0.05170979
0.007064721
5.405336
-1.44592
6.186196
6.163646
4.648314
-1.002891
2.429002
-0.6887619
-0.379375
4.256205
6.603252
6.907094
5.245144
-0.8991783
5.618252
-1.977838
6.646855
3.594031
5.067613
0.5632478
4.616681
5.156451
0.9092794
5.119444
0.4387103
3.907365
-0.8980012
5.280146
3.479801
-0.3040661
2.4216
5.212351
7.389877
5.139961
4.583088
5.33391
1.095849
4.817764
6.31222
0.06368329
5.172699
7.842177
1.237945
4.978144
1.057201
4.655504
6.183266
-0.3841763
4.972552
4.753864
5.170712
2.791312
6.040976
0.2366424
-1.575579
0.9045877
-1.212923
-0.1321141
-0.1505605
1.245488
1.156739
0.1468649
5.264052
5.51407
0.2303876
4.433486
5.130614
-0.2442523
-0.4896681
4.113359
5.37489
5.202934
4.103371
1.948733
3.682579
4.260926
0.8750864
5.929103
5.033598
7.817293
4.039508
0.5620274
1.623446
5.638823
3.991916
0.7183119
-0.2469861
6.153132
3.258059
1.009566
-0.5757618
0.3742867
-0.1973558
6.027972
4.978012
5.66882
5.461597
5.703355
4.71692
3.877147
6.779694
0.5931956
-0.5352838
6.07855
0.4287122
0.9111319
0.9701236
-1.644118
0.4085945
-0.5735638
-3.125348
-1.036042
6.239806
0.6676528
-0.002843678
0.6347112
1.700023
3.838682
7.626184
1.219273
4.143058
2.191835
1.70503
5.342321
3.341693
2.575613
0.8741139
6.071051
4.181638
7.680571
1.356611
-0.2791289
-1.011209
4.868086
1.963761
5.373316
4.363709
-1.421872
2.097614
4.416549
5.030983
-1.654653
5.315515
4.894046
-0.8942766
3.930417
3.284338
0.4173001
5.732761
-0.4772317
-0.5771851
5.70213
6.530496
7.647874
5.388992
4.107485
5.359122
4.361077
5.285259
3.22703
4.818392
0.7686002
4.122301
-1.599504
1.072098
0.8809057
6.811437
5.978337
3.355478
0.4267664
7.123234
0.37226
5.40155
4.905003
-1.415948
4.425889
4.912662
0.753824
-0.473142
7.771289
6.188144
5.474502
5.820045
1.655994
5.259957
-1.140891
6.387045
0.3894708
1.317753
3.672788
-0.008206196
-1.908492
4.913692
-1.409239
3.955834
8.665758
4.715175
7.00179
-0.5617897
3.63963
5.32859
5.327008
4.813507
4.961379
5.628186
5.793506
0.3515008
5.006123
4.927225
0.9686336
-1.161531
-1.18149
0.6732575
0.4595772
-0.7301218
4.697326
-0.04860957
-1.395627
4.273035
-0.3957866
5.575083
4.653308
1.354067
4.793039
-0.06909218
3.278962
9.20655
0.6392378
-0.2012592
0.0770524
0.916664
0.06635908
4.134511
5.647569
0.8132764
-0.628865
6.65731
5.068341
5.495251
3.90507
0.5016239
3.752059
-1.741312
-0.198412
-0.1655388
-0.9387035
3.766444
3.744545
4.124938
-0.2667227
5.359773
3.907188
5.143376
4.538023
5.380746
-0.713587
4.8888
4.387998
-0.2096919
5.000003
-2.177175
4.560313
0.3016112
0.07505046
5.102244
4.746809
3.739604
1.073827
-1.729935
2.90861
0.4542473
0.384326
4.183301
5.583974
2.384376
4.673545
7.093732
5.644021
-0.7794887
0.734972
5.090409
5.010098
0.05168283
2.506003
-0.9486637
-0.1024628
4.625404
-0.0811397
3.985861
1.625219
5.684042
4.052017
0.8426728
5.732455
0.4654253
6.512887
5.979041
4.57641
4.590513
3.311627
6.40586
2.855805
5.828217
4.387951
0.2595676
1.686672
-0.2242904
5.246071
3.998821
6.234627
4.845909
0.09851979
-0.02799119
0.3685363
4.710847
1.974285
5.729645
0.282409
-0.9212821
-0.3959532
5.81483
3.472017
-1.844063
5.276737
5.875653
3.305492
1.121692
5.57637
0.8756131
4.31684
4.403784
0.3831876
5.890679
5.127864
8.576015
0.3501817
4.792477
4.084429
0.8289322
-0.2811184
0.6876268
-1.421532
5.368074
1.364464
10.29409
2.941383
-2.424599
-1.320466
2.228866
1.111847
9.914089
4.649436
-0.3352337
5.34982
-0.0246341
5.070363
5.276213
-1.1746
4.275636
6.150224
0.7126106
-0.3816123
0.03174655
2.552725
6.418356
3.94447
-0.6440294
-1.671008
0.9319027
4.818606
4.50688
1.010277
0.7688836
5.175754
4.321186
4.679185
-1.619263
3.696221
-0.2262989
4.794845
-0.3220587
0.3366934
0.3269717
4.949364
3.84764
4.949885
7.482398
1.519372
0.6715114
3.249987
4.578251
6.452861
-0.5144095
-1.308144
5.375128
5.124971
7.772623
0.1964433
-1.746264
5.686282
4.841412
-1.003708
5.230861
-0.2056845
6.884112
4.188964
2.023494
5.540697
-0.4183042
6.31327
0.1571468
6.87501
0.5404439
3.984489
-0.07392427
-0.255616
4.964029
4.252394
5.419801
-1.16132
0.213163
5.683718
4.903414
5.252244
5.898787
3.491568
4.924174
0.5691494
6.809598
3.983934
2.014467
5.156423
4.465298
3.606955
0.2781559
-0.7248255
3.809783
5.207262
-0.1789266
5.436201
-0.3979665
5.11333
0.8009434
4.017589
4.81936
7.461088
-0.5162945
0.1672834
-0.7304519
5.51924
4.843363
5.432131
0.0137673
6.082897
0.4516347
0.565674
-1.899251
3.998752
3.106449
3.527649
4.102433
5.165467
-1.342375
4.333638
7.271853
3.980131
6.972478
-0.0728852
5.462778
-0.5058576
1.145192
-1.731188
0.7238888
5.205736
6.189462
4.722743
1.548786
-0.5195903
5.287139
0.5617768
0.1135814
1.311083
5.619204
5.590337
0.4752941
7.074797
-1.299241
5.322153
1.180701
4.509925
4.135386
-0.7087023
0.5825151
3.449521
-0.5546062
0.3775056
5.509539
0.8306323
0.9514504
5.447528
4.521537
4.841169
4.741203
1.687028
-0.563814
-0.8101921
5.998781
5.994403
4.474753
4.5545
0.6248164
0.5210755
-0.08250896
3.465342
4.207964
6.417001
4.671693
2.902911
0.5712711
5.662747
-0.1505479
5.336758
3.614253
5.147409
7.206091
2.953897
5.637252
5.690372
4.512371
5.089634
4.747565
0.0486882
6.680171
0.2969655
3.929989
-0.9376123
4.627019
1.808081
4.495103
4.966251
5.020265
3.228639
4.40033
-0.3866138
1.232129
6.287404
5.775174
1.274159
-1.59763
4.942542
4.924752
0.345728
-0.2184696
5.725065
0.1193813
5.352978
3.672799
4.529632
-0.9177893
7.591791
6.270515
-0.5118228
-1.22252
-0.1414035
4.4345
3.807215
6.291005
4.316082
0.2250597
5.259915
0.6942231
-0.4964736
-0.4016566
5.38126
5.233387
5.417338
4.739809
5.505027
3.823272
5.834698
5.568032
-1.108863
0.8486648
0.2404655
1.411671
4.048631
3.596455
-1.056653
-0.9797058
5.451382
5.673357
-2.371301
5.83082
-0.6709386
3.766655
5.112211
5.675406
0.5659987
6.150394
5.649049
4.619621
-1.839531
6.148334
4.789457
5.18181
0.06442895
-0.08136976
-0.3183829
3.594852
0.1716279
-0.9015931
-0.1434741
4.196673
3.602052
-0.3576429
0.475997
3.526077
4.94759
0.6637999
-0.08462375
4.887973
3.412421
3.729491
4.834082
-0.4410203
4.854085
5.435413
0.8576943
1.488314
4.427571
-1.043831
0.3429846
-0.1555534
-1.832735
0.6970213
-0.2613478
5.927269
0.05523844
5.15417
-0.007285124
-0.0003813059
-0.6796507
9.19404
0.8952269
4.679578
4.845021
-0.2077535
3.223581
-0.6694781
1.895519
5.484553
5.325423
4.448778
4.454689
-1.140896
4.998966
3.977788
-0.4937213
5.79041
5.75728
-1.130087
3.817262
0.09954053
0.9279924
-0.5678766
7.400736
1.414998
6.776469
5.130587
0.8194129
4.853528
0.4433778
6.02026
4.357508
-0.4185536
-0.6854855
6.752957
0.5945246
0.3649
-1.793301
4.376841
5.93177
0.6415819
7.620744
4.185974
5.642949
6.548611
1.9408
2.81405
4.167143
4.977844
5.973765
4.415553
5.10019
5.872946
5.088802
4.104075
-1.036326
0.3668626
5.47473
4.003262
-0.8616253
-0.6126839
4.882891
7.313623
5.546792
0.9222662
5.739638
-0.9942072
1.262821
5.275166
0.7466219
0.0193283
6.23815
3.416556
4.070284
5.892655
8.61943
5.22313
6.598439
-0.5796947
3.910256
5.045276
0.4778269
3.048301
-0.9039236
3.952378
4.385075
6.008064
4.754718
0.4189392
0.5426568
0.9887146
3.506477
3.972459
3.904859
9.566985
3.527355
1.875893
4.296723
0.5406436
5.617525
0.4082279
4.658524
5.511581
-0.4725146
-0.1985899
-1.029171
-1.734019
0.7415131
4.401588
0.9703943
1.400485
-0.4873583
-0.09825812
4.860932
6.234369
3.14314
6.758125
-1.599367
0.5033859
4.06194
0.2582852
5.591021
-0.7186952
4.025413
-0.5957742
-0.5174432
3.397886
5.855929
4.963331
5.058392
-2.398028
5.786539
6.148474
3.730921
4.510061
0.8670913
2.583655
-1.409713
5.529339
0.6840118
2.719595
-0.5294896
4.855036
6.209576
4.967676
7.500896
4.680775
-0.3487736
4.95342
3.964195
5.664736
-0.330048
-0.03368503
0.773145
0.8758926
-0.1055507
-0.711416
6.092326
4.580975
2.976633
6.07982
-0.540849
1.875372
0.5223584
0.1467948
0.4498212
5.606086
4.605741
0.09644776
4.45488
-0.6118126
4.083101
2.609362
4.531609
0.5651296
6.499081
-0.1271143
4.034075
1.213952
6.166291
-1.37146
1.715054
-0.3156506
-0.6426274
-0.3117792
0.5437612
6.452666
4.890794
-0.9670984
0.8530875
5.748302
4.878604
0.1850754
1.553932
0.5960775
1.525849
5.703298
-0.3237726
5.78478
4.117303
4.460332
7.154877
4.871511
5.624689
0.9357282
6.11988
1.876862
6.362028
4.552234
0.8232583
3.146287
1.257968
6.210999
4.168601
1.643275
3.904963
1.277182
-1.727822
-0.8411712
0.3200343
-0.2296601
5.158181
5.952468
5.551331
9.23525
-1.379232
6.246381
5.370848
0.5199409
-0.754567
-0.09565953
4.646974
4.697243
4.274624
-1.690953
0.1115948
4.875393
-0.9802452
0.7738877
-0.2363727
4.588907
2.803685
6.463565
-0.08535067
4.378586
-0.4256055
-0.5842137
5.009402
0.892404
4.683384
-0.9154415
0.8362328
3.548914
5.925909
6.202778
0.242583
13.0962
4.151378
4.728237
1.518038
5.023965
6.510601
-0.2129092
4.098683
10.73272
-0.546749
4.098771
0.4959779
2.358777
-0.3040801
7.049815
3.131673
1.698432
5.47897
0.26618
0.8334512
3.724524
6.182056
5.189858
0.504594
3.97683
4.137926
5.282815
4.879948
1.999232
0.5452443
6.419615
5.493199
1.08303
5.517396
3.620097
0.9155408
5.558259
0.5573242
5.374261
-0.0591942
-0.4412885
-0.3032968
4.435272
5.676732
-1.921294
0.1963661
0.4489784
0.5834882
5.215951
5.014595
6.017626
4.817545
-0.06356003
1.66781
4.271301
3.761679
3.068366
2.095372
-0.1266355
2.9408
-1.521113
6.754184
3.588974
-0.9879468
5.461518
10.48189
-0.4547941
-1.314408
2.213427
4.056109
3.58946
5.661575
4.80816
4.604825
14.21319
6.427195
-0.1567459
-0.05799748
4.471989
5.07888
1.761215
0.5008059
3.596507
4.816451
4.761471
-0.239395
5.136434
-0.1803439
1.051537
4.121796
3.006576
4.326525
6.834742
6.170224
-0.1650159
5.544496
-1.403308
-0.2924747
4.587121
5.683421
3.732968
2.838618
4.198219
0.8593318
5.679638
0.3891065
4.397879
4.546442
6.287248
0.8793681
5.068641
4.200586
-0.3981288
3.614674
-0.7057014
-1.341635
3.734898
5.047215
4.466919
-1.271288
4.982421
4.991827
0.5057403
4.72219
4.725169
-0.7999766
-1.141224
5.059315
5.744018
4.525882
0.04945123
2.318359
0.4523127
5.856619
6.141918
4.651971
4.609826
4.68406
5.807028
5.006929
5.592485
4.616734
3.078936
4.101975
-0.2877047
7.066073
0.196079
0.5923877
0.168053
4.571006
-0.2914116
5.585021
-0.448269
5.300995
1.095435
7.871873
8.404929
-0.7419415
5.683111
4.590146
1.729125
-1.215054
6.367589
2.184155
-0.7841724
0.2223759
0.9836253
4.82296
3.913127
5.520829
4.290757
4.224455
4.374567
3.923989
-2.348969
6.331115
0.1136051
0.754559
-1.31317
0.2874468
-0.0002834269
-0.2520584
-0.85272
3.111564
0.2285532
-0.4388817
4.414663
6.321828
6.779161
0.5307745
-0.2823022
4.9893
5.613902
3.495602
0.3219343
2.355896
5.333398
-0.8995765
5.969853
4.054994
5.631473
3.658872
1.509968
5.034623
5.563485
5.106272
6.655273
-0.4710049
-0.9683111
4.660636
5.333816
-1.648611
0.3844997
3.562344
-0.8080967
4.856484
6.501815
-0.2015011
0.6263448
1.81029
3.850761
5.197572
3.571568
4.495623
5.578158
0.238734
0.5351422
4.029794
0.7628911
6.305141
-1.478931
0.2849215
-0.6651279
6.825926
2.239454
6.53306
6.226982
0.03688773
1.536085
4.742386
5.479169
6.207057
2.221903
4.864106
0.2069143
5.318196
4.093157
2.502185
4.557696
0.3940359
1.870442
4.466487
5.809513
3.646174
4.728885
1.086026
-1.292428
4.607404
4.842732
4.147656
6.210877
0.1587968
8.651203
4.492979
-2.055873
-0.683006
4.402845
0.01294229
4.929564
3.738066
6.128521
-0.2662194
1.123512
-0.989514
5.432499
4.659885
5.254425
-1.407017
5.746253
4.295581
-1.024276
0.1256261
0.1844943
-1.197118
-0.5509213
5.092748
-1.344824
4.218298
6.651287
0.1675455
6.720058
0.7353547
0.09125288
-1.147689
6.279821
0.2078457
0.2224817
4.669213
-0.8490644
-0.6136562
4.632871
5.411095
0.7768883
3.418212
-0.4106559
1.482148
0.4031151
-2.278099
5.215831
-0.5493469
0.6263521
3.606704
6.316459
4.876381
5.370312
4.134613
5.65828
5.003181
-1.209093
2.039155
-1.025801
5.008267
0.7590893
6.445158
5.99164
5.800538
3.174489
4.973597
4.567342
-1.18653
4.140837
0.3466059
0.5607763
2.577916
1.387749
5.693147
3.812898
8.596929
5.214002
-0.4346934
4.655427
4.684878
-0.1504929
1.97908
0.2561348
-1.249766
-0.3725761
-1.396151
5.301576
6.675161
4.916333
3.4565
-0.9469617
-3.300536
5.005764
1.306736
1.626334
3.924152
-1.613449
4.393378
5.078595
-0.4449227
0.1251065
4.175119
3.209897
3.801939
-0.2711639
4.843751
5.275384
5.35371
3.733134
-0.7542367
-0.1272122
5.24055
0.5819385
2.441581
-0.2640284
5.71876
-0.5249819
5.152283
3.711882
7.315075
-1.917131
4.137832
-0.242275
4.476309
5.56371
0.5269507
5.63986
6.091192
1.928487
5.402138
2.202931
5.323125
-0.1805771
4.082374
0.0692099
6.973712
5.735564
0.53748
4.954264
-1.871775
3.919648
-1.49904
4.622308
1.212199
4.56133
6.999807
4.574158
-0.6059819
-0.8561572
-0.9096802
4.656853
8.918061
5.970728
-1.287848
1.644694
-0.5969791
4.250585
4.292318
3.897692
-0.2487603
-0.5739428
-0.8010342
6.74618
-1.78921
-0.6517839
-1.512645
-1.069622
4.125423
-0.4022685
4.933508
-1.310846
1.44826
5.280908
5.27009
4.384056
-1.707659
4.723632
0.8642516
1.15498
-0.819525
4.501379
4.535036
6.526068
-0.5463539
8.52688
-0.9789656
5.325363
6.495496
0.7042977
1.574258
0.3723626
-2.07003
4.321121
4.832132
5.995175
1.022595
-0.803184
6.035224
-0.01366007
4.942499
-0.5958421
3.745054
-0.2997784
4.185933
-0.4116054
0.8473893
4.304056
4.435051
-1.310953
4.876731
5.922696
4.675686
7.149837
8.397904
-0.4985209
5.730595
1.418797
5.178884
-0.1872802
5.872917
3.898787
5.383224
-0.5583108
0.9472692
-0.3995897
0.956076
5.699401
0.2671248
4.532928
1.005362
1.917505
6.520554
8.666053
4.821121
4.991783
1.498357
-1.807377
5.999965
4.782709
4.08133
0.1443627
5.161915
4.077745
5.479305
5.758824
4.47043
-1.32759
5.961673
-1.956304
4.083436
0.1115125
4.105371
3.65377
0.3828692
5.800878
5.988457
5.966106
0.5842507
5.948594
4.947177
5.522728
0.1958321
6.233406
0.933786
-0.4397466
0.008702616
10.3803
4.131246
-0.6955813
-0.2738043
-1.795322
6.19288
4.142119
1.618729
4.824112
6.086771
6.045115
6.997106
-0.265793
-2.932415
7.79317
-0.08809784
4.399688
5.964148
1.169949
1.338166
5.286372
-1.156265
5.585806
5.364431
7.214962
3.259619
-0.9408696
4.22168
3.790429
0.9065475
-0.422132
0.2968525
-0.9537157
5.204324
0.1162416
4.878885
15.29111
4.549516
5.113358
6.82209
4.401322
3.833681
-0.6110122
-0.2690932
2.771805
5.214267
0.5123652
0.8414742
0.7172623
3.17586
7.580718
4.000248
0.7352523
5.225685
4.408638
5.509564
5.504683
1.18165
5.133836
4.570573
0.06299961
4.100588
5.216803
2.1192
3.370023
2.468672
4.154981
5.396527
0.6598212
6.124078
5.217641
5.984521
3.775066
7.272676
4.617746
0.7997168
4.348466
1.267904
6.050788
-0.405954
7.016761
1.102675
5.347003
-1.217199
4.344368
3.76485
0.2725467
-0.08152831
5.499464
10.54366
4.563026
0.6333274
5.666521
5.031183
1.931428
6.922718
6.304364
-1.992888
4.548307
-0.04038472
3.548532
1.675443
4.38183
0.9509846
0.07544435
0.3048024
5.08761
-0.1387477
4.933564
5.453795
-0.8804531
0.09139153
-1.506207
5.935432
0.06939006
6.021594
-0.286991
6.076231
4.832706
5.192195
6.663515
0.3789563
-1.470828
7.498252
4.69514
-0.8325803
7.111604
5.33501
5.226138
-0.4017405
4.139566
-1.865215
4.306889
-1.265212
0.2365524
5.308755
-0.1626319
5.466503
3.568231
4.441581
-1.349467
3.148553
2.538669
-0.05580499
5.263643
3.756782
4.448326
0.6272445
0.2895345
5.376528
4.310831
0.5938646
5.520996
5.804928
0.5970341
2.860721
5.46983
5.860086
-0.5462642
-0.5447116
-0.6975417
-0.8327144
2.083727
0.3665334
3.57335
5.245122
-0.4339143
3.62114
1.036054
-0.9283831
4.9452
-0.5782357
0.3072822
4.731734
1.946908
-1.529552
8.462721
1.079484
-1.582194
1.243625
5.664432
8.7049
7.180309
-0.6344152
5.667675
0.9319935
2.041435
5.119017
-0.2507279
3.651134
4.259681
3.943858
-0.6774198
4.698507
0.7572611
-2.636394
5.058669
6.494123
-1.608859
4.305233
4.508514
0.2087083
4.024157
3.68122
6.106877
0.0227139
-0.9846466
6.125826
1.025481
3.978799
-0.7574968
3.418747
0.925918
-0.1287096
-0.5700389
-0.1402445
6.749293
5.248141
5.05729
4.707552
-0.3952303
5.746284
-1.015711
5.565969
4.733542
7.23396
-0.536098
5.746033
3.502895
4.23485
5.702776
0.6559829
4.232489
-0.1875044
6.097284
0.01143672
0.4486035
-0.5705841
7.472578
-1.242102
2.865277
-0.06397694
0.02772572
-1.167351
4.964439
0.8493941
5.934583
0.8527664
6.830707
4.510892
4.563386
0.1667049
5.74541
2.831991
6.290327
6.168076
-1.256353
1.242086
5.707082
4.644428
5.474043
3.234227
5.088967
5.593432
0.1540524
0.105867
4.850704
-1.244009
1.03189
5.45745
0.5084679
0.9227509
2.046544
4.230382
6.830226
4.861387
5.020121
4.713472
0.3686971
4.505202
5.028008
1.661462
5.997948
6.710859
5.038388
-0.4797256
0.8861371
4.833751
4.987078
6.969654
-1.904757
4.627741
-0.2232981
1.540353
3.887768
0.6632583
1.756542
5.328287
2.77528
6.906284
0.8945692
-0.2381036
-1.198748
4.355866
0.7230706
-1.924791
6.437295
5.534792
6.17655
1.605369
2.01577
1.287626
-0.7613305
2.967369
-0.2995733
-0.5481174
3.317322
0.7810657
1.615876
5.26157
-0.3153658
4.694891
6.435863
4.500357
6.617606
1.526629
5.548745
0.396578
3.303016
6.175125
4.353295
4.696109
-1.173427
-0.8381187
0.4510191
5.387964
4.933202
6.152215
-0.4812673
3.456343
2.760566
5.099652
5.419491
0.2157525
4.581505
6.343894
0.4575618
-1.023523
0.2379915
1.172786
7.535825
1.455472
6.588003
0.7737
-0.1623749
3.230595
5.602953
0.5316505
-0.297389
4.249986
0.716015
5.132393
1.718568
2.862223
4.787215
-0.06572924
2.887774
1.295195
1.393375
6.024776
0.2812463
-0.5912351
4.017321
5.58955
0.3199723
0.2206922
4.317859
0.01049241
0.4280996
4.69061
1.719402
5.286086
4.827601
6.971252
3.423776
-1.190956
-1.67283
3.045384
4.856413
5.121888
4.232408
0.7359362
2.892096
6.210712
0.2992917
5.343103
0.3500765
6.780548
6.035402
0.2285053
-0.9171461
4.439986
0.68437
4.298778
-2.283231
5.351773
3.271757
3.684322
3.136703
1.197827
4.319678
4.913205
-0.1336565
5.523358
0.2560364
7.045754
3.588056
3.293138
3.812703
-0.1372201
4.302521
4.36511
5.731739
5.754959
0.6120007
3.951992
4.962861
5.293698
4.978555
4.755101
4.831998
5.848521
4.705865
5.763979
6.554964
-0.04272743
4.797606
4.132406
3.611567
4.518974
6.435551
11.4749
4.307944
-2.735815
6.192275
1.279557
4.931027
-0.02057532
6.045064
-0.7422859
0.04993157
4.692011
3.687116
4.357378
4.702417
3.384853
4.699161
5.581416
0.1544414
5.377992
5.972377
5.622227
3.930235
5.386852
2.769429
0.9806762
4.775944
4.668654
6.147547
5.398692
7.211088
0.5190061
-0.166574
6.119544
3.183972
-0.3168669
0.05560615
0.77031
-0.3764089
5.137564
4.442576
0.8351878
0.1285963
6.660923
-1.109522
6.547585
4.501479
0.4289569
5.16664
1.158899
1.394468
-0.8620428
0.6464042
3.722743
4.638489
4.87934
2.137276
2.901977
6.515331
0.6209044
4.995328
4.00141
-2.227688
0.2966765
6.407508
-0.5774328
4.773488
4.100205
-0.2241252
-0.8231376
1.464184
0.2093444
4.115515
-1.06257
-0.4373604
1.452858
6.73038
0.8756389
4.569901
-0.6240623
-0.1742969
-1.1234
-0.8117203
5.483966
2.729067
-0.7871109
7.006278
4.855962
2.800708
-0.9459508
4.856958
0.01383506
5.196019
-0.1524605
-0.4464529
-0.2567329
0.6334613
4.596342
-2.042825
0.1591268
3.829388
-1.328807
5.282004
2.170666
3.935619
8.249986
1.90552
-1.292774
-0.2648604
0.428984
0.3332503
0.3059175
-0.9510392
1.823712
6.138567
0.007785345
4.968466
3.260406
5.745136
1.904883
-0.2572979
-0.1418512
5.500974
5.388971
-0.2360734
1.513258
7.927304
5.385139
-2.13235
-1.019662
-2.81461
5.837304
5.797898
3.435962
0.6961818
6.220368
0.3687008
4.068132
5.065206
3.018301
10.70174
1.235207
0.1685174
-0.159322
-0.3126865
-0.4790392
5.104679
3.895472
5.359521
3.579611
5.404108
5.189196
0.8981863
6.243484
-3.033446
0.1416954
-1.091994
0.05600067
5.518785
4.663563
0.5214311
4.482146
-0.2114815
4.734693
5.597997
0.7381808
4.914707
-0.6356481
5.093668
3.724021
-1.69567
5.597264
3.816815
7.076805
-0.9871371
3.982977
4.215048
4.984635
5.423102
3.583381
1.270814
5.688706
-0.2538929
4.808038
0.2919933
-1.132027
4.390097
-1.230385
0.6053034
6.313315
-0.5031074
3.524518
1.955496
3.792737
5.632979
5.662112
0.004499304
2.973144
4.727293
4.427738
0.8675792
-1.479022
-0.04388688
3.471368
-0.08735828
5.624989
4.292378
0.5605033
-0.05263899
7.147106
4.499567
-2.465021
-1.128354
5.077548
0.04863787
8.146107
1.517338
-0.3238063
3.917132
6.243984
9.245328
0.7329879
4.6329
5.405424
0.382232
-0.4133267
4.904287
0.3499268
5.027612
4.216034
5.860063
1.1492
-0.009203984
4.728838
6.863977
4.08201
-0.3290077
-0.775915
5.099178
-0.6966638
-1.209132
4.697728
0.1624963
3.441897
3.750751
0.8889507
6.1099
-0.6290199
3.624087
4.88659
5.087705
11.18607
5.057908
4.408712
0.07333956
0.8543965
6.165213
6.997681
2.989925
-1.001619
0.6337792
10.03487
4.976271
0.9934899
4.01629
0.3880218
4.673447
6.600115
3.884206
0.5684368
6.472966
4.383995
6.324354
1.035034
5.013654
4.257809
-0.3915261
5.632078
4.535231
-0.3447966
5.453733
5.593217
-0.6673473
-1.323565
6.229426
0.1600548
-0.5501757
-0.2737054
5.967079
-0.4461607
-1.099306
-1.627296
3.350208
1.107791
1.858737
5.368286
1.481869
0.870521
0.1412137
4.359493
5.713961
6.060145
3.908244
-0.4564062
6.654581
1.358471
0.9483784
6.019767
5.590824
4.515143
0.124725
0.6376357
4.444532
2.184997
4.6441
3.645736
-0.02853062
-0.8393805
-2.003238
4.857392
3.36658
3.277844
6.261346
-1.722338
7.939878
1.392899
-0.4463396
5.359835
4.6759
1.048321
2.974897
-0.1498129
5.91434
4.639314
4.068544
4.836345
6.729518
4.766563
0.3350669
5.706815
-1.615936
5.093034
4.339577
4.373805
-1.174151
-0.6755919
1.145005
4.834299
5.709064
5.120426
0.4071425
5.76146
5.091365
0.3355728
4.722046
5.89205
4.215354
1.053575
1.079404
3.499171
-4.166059
0.1499116
6.270089
4.783041
6.290804
0.9589514
4.02488
0.6108194
-2.344278
0.6554025
0.1472234
-0.6985481
8.19184
5.25268
-1.131048
0.0111571
-0.7536377
1.032586
6.046405
4.986695
0.6548917
0.8523493
0.01537529
4.949418
-0.7188402
0.3867055
-1.634054
0.4954632
6.329222
5.557094
2.609033
-0.7541154
3.272879
-0.713126
0.8031653
5.504745
-1.165863
4.758862
-0.4338682
-0.3122006
6.113945
4.919219
4.879166
7.285224
4.393711
1.759495
3.415661
1.103755
0.7746998
3.70343
-0.7206096
-1.057931
5.145387
-0.4862635
6.258624
1.920695
-1.269191
3.260738
0.1700188
-0.6419506
6.529716
-1.091588
-0.4066845
-0.5657963
0.4747347
5.805152
-0.1745665
4.837956
4.861762
-1.0723
-1.187791
2.772531
5.509325
0.8394984
4.22847
4.614646
4.511446
4.83135
5.451197
4.446251
-1.360564
0.4747514
4.795139
3.287629
2.243966
5.356425
-0.7520385
7.537447
4.676945
-1.646391
4.018494
2.611833
0.08214129
-1.17562
0.3679021
0.9161368
4.070087
5.08045
-1.074872
-0.7051034
5.77648
-0.3535184
3.984635
0.3120129
-0.3079361
-0.572609
5.225783
1.315802
5.962571
-0.2658128
5.684914
0.1842563
-1.291615
0.1831704
4.476036
-0.6708616
4.222922
5.630013
3.929778
-0.7980418
5.651028
5.705385
5.732121
0.1991785
-1.317371
2.77682
4.68855
0.2044755
4.469598
0.4747542
0.7923336
1.107825
4.538077
3.450619
4.509013
8.691437
5.137643
4.746704
4.42334
-0.1644084
-0.7000318
4.576133
4.676141
0.9436826
4.150334
2.116134
0.2131426
6.566994
5.422567
-0.6000832
5.764252
6.351866
4.72273
0.9502194
5.339687
