5.495854
-1.230749
4.536976
0.7934656
0.9244409
4.896403
0.5846098
5.47333
1.304312
-0.964497
3.186808
3.108275
-1.152738
5.4962
3.066858
-2.576209
4.340049
4.525641
2.249414
5.289649
5.856438
3.574049
7.528851
-0.6462267
5.561678
-0.8346543
0.1801937
7.567048
5.088438
0.04052867
-2.969018
5.388259
4.219012
-0.329107
4.893568
0.07720742
-0.0648621
5.809967
4.402548
0.11746
3.396722
-1.047124
4.648923
-1.042179
4.770972
5.770707
-0.7977314
-2.033822
6.239116
-0.06551306
7.70673
-0.3764373
0.9542406
0.8702996
5.952436
4.38897
-0.1428504
-0.3488811
5.243899
0.8634669
1.695789
8.166778
4.593595
2.580621
-0.9344548
4.750339
-0.5044494
4.928266
-2.668426
6.240948
1.509195
-0.397818
7.669303
5.369937
-1.046871
0.6924958
-1.050597
0.4067592
-0.8880068
-0.2208571
-0.1435601
0.8919392
3.129865
6.717419
1.261417
3.944948
5.119934
1.172709
0.3112474
5.136768
1.065971
0.4687111
-0.5211451
-1.036781
6.127882
-0.05659681
0.2911827
-0.9412214
4.128985
4.852094
5.100147
4.93713
-1.151384
3.930093
4.86427
2.388426
0.007053494
5.592391
1.75021
4.394936
5.237347
-0.2070092
0.9671518
5.363495
-0.2017956
4.319712
3.851513
5.333363
3.813111
0.05173207
4.677448
-0.4075674
5.632002
3.809806
4.619625
0.158722
1.664974
4.367758
3.031717
4.202156
-1.742749
4.200527
4.762329
4.711687
5.153557
4.4741
0.6690568
-1.347087
0.5502173
7.990648
4.065543
5.910255
5.774372
1.43715
4.907047
5.869021
4.74438
-0.4330354
5.644654
6.510979
0.6535936
3.722912
4.185178
1.229342
6.023703
5.97347
-3.551624
5.648352
5.567994
4.318789
5.44227
-0.02012563
4.028951
6.361793
0.3310998
4.616815
5.170918
1.928865
6.479477
-1.197843
-0.344729
1.633689
-0.7941427
2.758926
4.947119
5.602633
4.621032
0.43132
-0.8017035
1.068859
5.323975
3.757473
-0.5196314
1.185357
0.7520334
4.182335
0.5941902
0.524033
-0.7097361
5.790377
6.828608
0.3859209
-0.7757913
2.634443
4.842333
0.775404
5.614216
4.797851
1.468558
4.733497
5.258483
0.0607707
6.238386
5.887271
5.368182
0.5953137
5.737885
4.305478
-0.77273
-1.571815
5.073982
4.303592
5.689844
-0.2440603
3.836733
0.2322458
5.947917
4.348739
3.631537
4.503351
0.2870204
4.654616
2.633024
4.308024
4.568433
7.428272
0.4564215
5.533834
-0.4325306
4.189798
4.371643
1.410935
6.077289
4.902486
4.463143
0.6597229
4.362585
3.587242
5.962132
-0.3527799
1.728636
5.795698
-0.5706941
4.172047
7.575141
6.899329
1.134587
1.218776
5.571879
4.457825
4.704594
4.15516
4.522157
-2.605733
5.302392
0.2117514
0.7474604
5.773751
5.27046
1.008007
-0.03583803
5.293487
-1.8336
5.188852
2.631547
0.9606549
1.470283
5.523124
-0.1046758
3.206654
4.599558
6.775591
3.990017
-0.6290571
3.230482
5.639506
3.943045
-1.129062
6.42887
4.714537
-0.3841839
1.078122
0.1879382
4.784723
4.808546
5.262717
-0.4571015
-0.7729918
-0.7014785
3.960818
4.28473
3.610532
5.467279
0.6775318
-0.3431123
5.237317
7.43528
3.419183
5.179047
5.693803
5.059537
1.925496
3.494383
6.574042
5.042012
-2.217744
4.60091
-1.28323
-0.811407
5.526629
4.42184
-0.2860704
5.284649
-1.664614
-0.5713761
-0.1323532
4.220622
-0.3535259
-0.1330144
0.5322855
-0.5680076
-0.5685724
6.414291
5.958645
0.6920716
0.9232461
3.806314
1.839673
0.17192
5.985497
4.776138
0.4922136
5.290015
4.635767
4.961159
4.697804
3.90168
5.157817
6.753623
7.19021
5.604818
6.887134
-0.9731139
-1.873455
6.51068
4.504004
2.152313
-0.7492687
2.448463
6.369508
4.105365
5.588169
5.984821
3.285737
-0.08583027
3.829724
6.616477
1.262828
-1.230135
0.7996091
3.456887
4.563853
4.851956
0.7105617
0.472124
6.382778
-2.116873
-0.6465876
-0.3015963
6.743905
5.427735
5.031593
-0.9786625
-0.4186268
6.447306
-1.92682
-0.616967
1.673994
8.937767
0.7872085
1.625112
0.4537357
-0.6825194
4.783332
-0.4382081
5.851186
4.742375
5.498045
4.144683
4.720503
0.6036539
1.930392
5.708417
5.077558
5.942774
3.628161
-0.5960322
3.102753
0.6943916
5.498397
-0.6118623
1.000132
-1.246175
3.976148
4.539814
-0.08792347
5.64368
-0.2407062
1.152487
0.05643272
4.109292
-0.126427
-0.8344062
5.893862
-0.1669757
-2.157548
5.651107
5.420935
4.463507
5.129317
4.783787
3.833757
1.083764
4.184655
0.9390222
5.304535
4.432323
4.622855
6.386795
1.073764
-0.08775752
-0.9775129
1.488009
6.324425
1.946591
5.431294
5.835921
1.339185
0.03286785
4.459866
-0.6685788
4.846184
5.971041
5.443132
-0.5402816
0.003812698
3.815087
5.026887
2.265345
3.894371
9.127943
5.388102
3.984258
-0.1570497
4.872112
5.112442
3.831081
6.124665
5.408959
6.183993
5.726057
5.962017
0.7058109
-0.2049158
5.969972
1.061443
0.3040452
4.402373
6.405789
4.884281
-1.247428
6.165212
1.452046
4.619397
5.597099
-0.7171583
5.736615
0.8672016
5.499178
0.119366
5.264148
7.048636
3.469023
4.797558
3.896203
-1.233608
0.053771
5.317075
3.090005
-1.531641
1.195807
4.176193
0.01092029
-1.524509
-1.966074
4.244786
-0.1755965
5.325873
5.779564
9.238414
4.031459
4.26502
5.371687
5.791804
4.601327
-0.1766101
2.576118
-0.8054236
3.778533
3.377194
-0.164182
0.7752229
0.6015655
1.244219
6.254212
6.269806
9.634178
-0.2874004
3.393227
1.5038
-0.3149917
1.597286
-0.1047685
1.061882
5.872785
1.008936
4.980352
4.60454
4.233543
0.8448379
-1.505374
-1.484535
5.17436
5.208754
0.7997418
4.930851
1.097324
-0.2196047
-0.4667289
4.333287
-0.6534754
-0.5523621
0.9701661
4.049921
4.939023
1.790695
6.509974
5.820616
-0.08682573
0.1172503
4.556557
0.8425477
-0.1654801
4.414174
2.79847
4.340159
3.524609
6.314202
6.205241
4.393079
5.91763
1.182083
0.08683185
4.064897
1.916252
4.727555
4.568014
-1.729353
-1.188133
6.335895
6.541236
6.074967
1.82925
1.000873
0.2671757
3.836513
7.108279
0.5095346
4.30683
-0.3975788
5.205853
3.40022
0.6801369
0.1182996
4.819653
5.299713
-1.191923
-1.139405
3.505976
6.685268
4.410938
0.09615048
1.791864
4.493637
5.877998
3.927486
4.658685
7.063689
5.843284
-1.822753
1.467977
-1.899404
4.717824
-0.02927991
-0.9184463
-0.02363617
-1.682726
4.870962
5.177266
-1.055483
-0.9329101
5.794466
4.946519
5.51813
0.4347491
0.6817395
4.847757
-1.120406
4.838462
4.614051
-0.8314973
5.756025
3.314469
4.182893
3.589924
4.660528
0.3731672
6.36586
3.590422
5.229314
-0.6523091
6.213729
-0.2500859
3.876378
-1.36303
-0.6166386
0.7002845
1.231208
4.86185
4.909635
6.241752
5.392952
0.1957864
6.250059
1.700668
5.603283
3.672668
-0.4172765
-0.6387586
-0.5797612
-0.07573096
3.755746
3.356597
3.917332
5.456761
0.4700408
1.196341
6.385574
5.397489
4.72256
-1.191632
0.5695334
6.523276
2.909223
4.249713
0.9522977
0.3734542
6.285511
1.235273
-0.8378042
5.085326
2.782003
4.745785
4.630421
5.442189
0.1798106
3.480027
6.143392
4.599942
4.428569
2.231466
3.681761
-0.578604
-0.6981989
-2.226751
3.975568
6.199813
-0.2231491
5.093257
6.342337
4.578194
6.60288
3.109329
-2.513668
-0.682315
-0.3346856
6.783768
4.779579
5.491445
7.273378
5.665542
-0.2273371
0.5822246
0.06562012
-0.6368846
-0.1245262
0.554531
5.008757
-0.436965
6.079917
5.872693
5.245701
0.7972718
2.275742
3.717619
4.789703
4.755287
5.675182
5.797729
-0.2323597
3.483294
4.999448
0.06426362
4.442138
6.861383
6.966304
-2.113408
5.73839
8.826364
-0.04285145
4.256502
6.374033
4.741792
-0.4119082
5.419563
6.162313
-1.045783
7.08495
4.47607
-0.78183
-0.6879559
4.940537
1.695663
3.096703
-1.341386
3.679576
5.116852
5.244425
4.773324
6.022737
3.381022
5.261337
-0.9817488
5.223311
5.718512
6.346119
2.13326
5.323954
-0.5518988
6.697829
1.348759
5.757405
7.774025
0.3294378
1.17443
5.004806
3.641412
5.827938
5.039356
6.481602
-2.488221
-1.534782
3.682714
0.6147096
2.778669
5.607583
4.371536
4.57093
4.623262
4.987509
3.405314
0.3068447
4.437447
5.751792
5.321485
-1.114898
2.383156
1.336955
0.2906613
3.371668
4.414543
4.467846
6.234034
4.251249
6.399963
5.833812
-0.04385653
6.904839
2.834384
5.77151
4.121211
4.730636
5.053014
5.61317
4.821971
6.217157
-0.3504883
1.346706
2.269083
5.723285
6.077151
1.912435
5.884161
4.07294
0.6830665
4.746696
1.228466
7.805382
5.010987
-1.579756
3.928426
1.247533
-0.7262452
1.349426
6.38571
0.5930345
0.9128845
4.660447
-0.4130991
-0.3109081
5.174247
-2.050466
-2.532394
2.510704
8.863606
6.758
6.212097
7.635819
3.769286
4.28395
5.563925
4.868801
5.000586
5.948585
-1.000584
5.309568
6.264418
2.518291
5.016124
6.166322
6.164576
4.655913
5.743538
-0.02228739
5.636544
4.545235
0.6690874
5.406288
5.676723
-0.2105964
4.046516
3.260293
3.700881
4.207483
5.752678
5.238781
-1.550865
2.908166
0.9720964
6.236581
3.98725
-1.9599
-0.3730922
-0.8809013
-2.542861
3.859639
5.947447
5.974798
4.901486
-0.6983322
3.664089
4.61925
5.20104
-0.6308312
1.136745
5.000051
0.5088112
-0.2339585
4.145328
-1.313033
2.524857
3.511774
0.2527594
4.806789
5.749636
1.658499
5.06368
6.339304
0.2289656
1.69411
9.133646
5.057006
1.296118
-0.4391771
5.310387
-0.05087977
5.317099
0.2940437
3.785015
6.467564
5.516276
4.772133
0.7594115
4.795771
0.0970578
-0.2013527
4.264444
5.205894
7.273403
-0.1399539
7.062432
6.341816
4.953875
0.3719838
0.2993585
2.978672
0.5934149
5.688519
-0.3514562
1.653855
1.776139
5.453764
-0.9661977
-0.4014083
5.922049
5.9364
-0.3850906
0.2042651
4.561291
-0.8832673
5.292907
6.483345
5.494048
-0.4273677
3.755435
-0.3846694
5.743219
1.004164
4.901939
6.663585
1.058843
6.246359
3.399124
1.547984
6.77537
-0.5813691
-0.6582047
0.8379543
0.6209617
1.288994
4.30918
4.763657
0.8547661
-0.5587214
6.044741
5.690578
0.7909947
-0.02895261
8.783841
5.454641
7.402723
-0.05170212
-0.6689461
6.359282
4.65147
3.757049
5.397218
4.893936
-0.5440257
7.171448
6.001918
0.5392643
-0.8475477
1.077731
7.198568
4.630759
4.184952
6.853924
4.629553
6.059291
3.993887
4.668701
-1.834331
5.533654
5.709377
5.272878
5.439598
6.613003
4.69433
3.770103
3.2398
5.774705
0.8015791
3.876368
4.844197
-0.7292607
3.763615
3.795614
0.5169537
0.8021115
5.08868
3.431681
1.621185
4.559857
-0.5295851
5.010026
5.864373
0.2593581
3.508552
3.89325
4.223492
0.1442351
0.5375694
5.518687
4.628932
5.286533
5.064199
5.683593
5.455283
5.105176
0.6780526
2.21167
11.09329
4.626326
6.174492
3.860431
0.9486852
9.443826
4.96722
0.1352057
1.42459
0.2945707
-0.7088145
-0.2365005
4.001441
5.385586
5.154906
-1.620939
-1.869091
6.531175
0.1869944
5.844283
4.91751
5.89617
4.959868
-0.5344128
4.71456
6.795171
0.1469063
-0.2882395
4.29915
6.033338
0.09963483
5.232918
-0.5432619
-1.231339
0.5392163
6.14707
4.63493
4.29436
-0.04268566
2.181449
6.259976
4.03913
7.291095
-1.082882
4.792634
5.179447
5.660225
5.205939
0.6898181
6.44626
-1.185717
4.638078
4.59111
4.410194
-1.542985
8.679415
-0.7614592
0.5143522
5.129218
0.588628
9.528265
4.228171
6.326274
6.596855
5.33433
4.820833
4.135311
6.999592
4.047225
-0.3846279
-1.334441
4.226486
-1.763405
5.31634
1.780387
3.14508
1.88382
-1.016316
6.399386
7.008387
4.393441
0.5351529
-0.6525264
5.304713
6.389953
5.538039
0.09715779
-1.932484
3.888321
0.2356388
5.901239
4.328289
1.145244
-0.1003727
6.852214
6.888271
-1.426142
4.622334
6.175587
3.644043
-0.925667
-1.372013
0.08319864
-1.079798
-0.01378475
4.378574
2.90995
-1.511006
-0.9423674
5.2842
4.346411
5.494988
-2.199127
4.954091
4.456921
5.056256
4.992077
6.820027
-0.2716776
4.756398
0.1532332
4.580875
5.323214
5.099051
4.967873
0.3501224
-2.24112
0.7526461
4.752426
3.996454
5.803653
3.797116
7.056336
5.173075
-1.473156
5.099093
0.8245863
-0.2702523
5.926304
5.736226
5.494145
4.789796
3.850522
3.477563
4.588107
6.566988
0.05782315
4.369014
-0.2536226
1.292638
3.232399
4.606509
0.07698142
5.443837
-0.884622
2.951064
-0.6388165
7.575622
-0.3461584
4.803774
0.2333325
0.508218
3.615345
-2.549603
-0.3590482
-0.9512209
3.597618
4.345699
6.237063
1.992577
4.707248
-0.4985751
4.057895
3.5053
5.518201
-0.2534189
6.718919
0.02936912
5.758388
0.8612319
5.577839
6.90136
2.975282
4.700191
4.043621
4.880673
-0.005539905
1.500081
4.597824
5.321211
-0.7193854
0.8201865
-0.5479401
5.395488
5.057848
9.004066
4.548796
4.990718
3.589747
4.799385
5.822119
5.227981
0.1302771
4.573415
4.821694
1.889602
0.8011872
-0.01289721
0.9024511
-0.2998193
4.804337
5.778885
-1.594295
0.8463003
5.302333
1.556042
-0.3829003
3.4647
0.8771242
-0.1309233
3.962262
7.502477
6.05471
3.623015
0.3507497
-0.5871383
5.422366
-0.0427198
6.105885
-0.6239181
3.192604
4.518088
0.6628478
-0.3130349
5.09031
0.8207177
3.601594
5.12496
0.03318657
3.055617
3.937375
4.910864
0.3329058
5.459947
4.73725
-0.2038465
5.182916
1.40346
0.3335228
1.271116
5.216436
3.784096
6.084927
5.553528
4.409975
4.855321
-0.7001764
1.15542
4.250539
4.519147
1.216039
4.383137
2.291667
5.779351
4.835846
5.465013
4.107175
-1.165764
0.2411741
4.80035
2.519241
-1.330975
3.684794
3.312567
0.8830461
1.144476
5.63122
4.867539
6.403551
1.638183
-0.5625031
6.204697
-0.6987954
4.69971
4.396463
5.359261
4.35761
0.1446719
4.283238
4.914244
5.14633
4.830755
1.623327
0.8388087
3.748404
4.943668
5.971881
5.990049
-0.8790467
-0.5945538
-2.895428
5.794671
-1.044942
5.092092
1.987483
-0.3805155
1.085373
4.664785
3.601615
-0.5484221
0.07144665
1.259525
5.020179
4.231322
0.422663
5.391075
4.471973
5.284463
6.653174
6.371482
-0.2302925
0.1735935
-0.8526375
-1.328251
5.795286
3.177971
-0.01715949
6.536155
0.8103023
4.354983
5.045697
-1.056378
-1.276306
4.253547
1.89892
5.156009
1.103784
4.423315
4.947967
3.747781
4.668611
6.05623
5.332715
1.501412
3.645245
1.354808
-0.05248481
-1.638904
1.191828
-0.7286594
4.818302
1.12663
3.044602
-0.668561
1.171984
7.020636
0.3888787
1.038261
-1.536287
4.320479
5.446575
5.208619
4.859815
5.479574
-0.01945369
8.093364
-1.692001
1.027657
6.3006
6.391851
6.019328
5.492874
6.410048
5.245027
6.126929
5.842821
6.385963
-1.617915
0.007061344
-0.4414206
-0.9709165
6.531546
0.2991401
0.6729425
1.045351
4.900036
-1.225351
0.1163767
6.841626
0.2836981
1.262211
4.324337
6.315004
1.945138
3.754518
3.644246
4.703178
6.830256
-0.1841512
0.3130014
5.729537
0.7356747
5.958598
2.927035
4.687652
0.04274054
5.09423
3.862932
5.268167
4.36127
1.079906
3.576611
6.008873
-0.7509975
7.392876
4.917277
3.89092
4.141035
5.566202
7.717689
3.785134
-0.002472462
-0.6145305
-0.2790327
4.86652
4.519625
1.539209
4.199288
-0.03389224
-1.156842
0.3061143
1.026915
5.520854
5.163523
4.547757
5.173608
5.224996
-0.816681
-1.630715
3.581023
4.559025
0.3274122
7.047608
6.493327
0.5086818
5.468262
4.839608
4.244361
-0.3519105
0.8554974
3.894142
4.402463
1.132555
4.876789
4.001537
2.069824
-0.4271434
5.528761
2.848839
0.22048
-0.2901469
6.730534
0.2274243
-0.5139392
0.3935685
1.043123
5.535484
2.817514
-0.9519913
4.405329
6.117468
4.863476
4.630368
-1.441302
4.126114
0.05032221
4.631838
0.4879337
-0.9390437
6.095395
-1.469887
5.089158
0.2655824
5.911978
4.613354
-0.9686754
0.5699336
6.409222
0.7125832
-0.8015688
3.594638
-0.3008535
0.8280124
3.197917
9.25611
-0.1914122
1.337538
0.7505433
1.025366
4.050458
6.027187
10.55931
4.218018
0.3023166
5.084167
-0.6199645
3.993228
1.165716
5.385684
7.615076
-0.14781
0.3049394
4.824745
5.092841
4.809898
0.3039254
5.046263
5.754988
-0.8236894
-0.371873
6.567728
5.62747
5.986134
-0.4146488
6.189216
5.064005
3.666672
5.629108
1.617295
-0.3929894
3.329242
-0.03968936
5.773965
5.849183
-1.868804
5.161531
5.121219
-1.877982
5.497307
5.110981
5.737626
-0.3147912
0.491499
4.05477
1.109289
5.523054
1.835145
-0.4971597
1.869965
3.272281
3.518686
-0.1206456
1.123012
-0.3097758
7.097942
-0.3572304
5.569136
-1.289639
3.141499
-1.473081
1.081311
4.438078
5.829942
-1.528461
4.769941
0.4771165
-1.008953
4.363793
3.7562
6.113716
4.583451
4.25221
4.371733
6.28439
0.2039677
1.789361
4.413166
4.428475
-0.2912027
-0.574618
5.136252
5.993291
2.262531
4.386579
6.645654
6.37834
5.362653
0.8685604
5.759553
1.772206
0.7345161
4.419705
4.252068
6.23425
5.272319
0.05066617
2.325155
3.206228
4.361204
5.200316
0.4918069
-1.336023
0.6563074
-0.5392972
-0.5549272
-1.466166
-1.282054
3.370827
1.649125
4.504893
5.261533
4.728882
5.703833
-1.444917
1.175099
6.051512
4.616302
4.14726
4.83331
5.698241
3.153378
3.517744
7.900847
-3.223106
5.453194
0.1033967
0.1518975
-0.2455643
1.433011
-0.1725805
5.090737
-1.127069
6.62997
0.9013819
0.02336285
4.066984
2.852461
0.2207349
4.236082
3.468885
-0.7651876
3.830875
-0.4009957
0.2366858
-0.4220986
-1.332638
4.838533
7.307054
5.429402
-1.925822
5.612321
1.868178
1.010202
0.3940449
4.511789
6.038319
-0.02524942
5.571349
3.313504
0.2878581
-0.1990763
5.460681
6.750526
-1.29233
5.607021
4.568372
4.766236
0.203095
5.083265
2.614684
4.63654
3.700184
4.467395
5.058035
5.21651
8.427683
0.5192842
4.093067
4.427068
5.550928
-0.2107662
3.975782
5.916709
0.5199189
7.076119
4.680928
0.9843293
6.825026
4.852811
4.354465
-0.3773997
5.492861
5.859532
-0.8346862
0.8739977
7.442411
-0.5739409
1.063571
-0.3842204
-1.102841
5.710516
0.188533
-0.5891801
3.401339
5.157001
4.065692
-1.052275
-0.4172177
5.379157
-0.4481856
5.501901
4.037699
4.879184
5.990261
3.009749
5.717774
5.019443
4.582331
3.709235
0.1414517
2.439162
4.912578
4.513195
5.789233
5.291977
5.75984
-0.1750023
0.02410666
5.549242
5.203947
6.632921
-0.6484872
2.045222
4.319871
5.037812
1.723469
4.456781
4.139676
-1.11322
6.283714
4.653829
3.585792
5.342419
-0.2620121
0.7662515
0.2677605
-0.4735895
3.832333
1.028698
3.74668
0.1842887
4.871802
4.832447
2.394972
-1.007622
5.893894
0.4888039
5.227914
4.307108
-0.8155101
4.482058
6.103069
-0.2214734
0.02139193
-0.9000909
3.82907
1.282619
-0.8520159
7.028972
1.954752
4.605445
0.06983366
4.975058
-1.217311
-0.2152002
5.984829
4.828592
7.419545
6.254031
5.104809
4.932106
0.1791725
4.748105
4.882024
3.535354
5.574053
-0.5902933
-0.008969485
-0.6394173
3.784195
-0.8066573
3.274553
5.001228
7.701878
-1.069003
4.233263
4.135948
5.228804
3.291738
5.121224
-0.863998
4.729387
-0.5295992
5.82368
-0.8175827
-0.7970839
5.054356
3.293072
0.07288434
-1.184336
0.20749
8.244319
1.06056
4.154912
0.5609735
4.903217
5.460863
4.152712
7.682917
-1.873156
4.621204
5.560256
3.38262
5.248388
1.054812
5.828228
1.601444
4.767417
-0.506553
5.619383
4.85968
0.0064485
0.7016471
5.134722
0.9975112
0.9855876
5.082456
-0.847804
4.901443
5.063569
3.380441
-0.7208606
5.130323
0.06801474
3.665768
-0.4293127
6.069708
5.169601
0.4024667
0.4348849
-0.9742916
0.02654113
4.700531
5.317622
5.679037
5.606757
6.242908
4.636404
0.9636774
0.7665038
-2.184845
7.498994
0.01289167
4.483314
0.1389025
1.705005
-0.1672646
4.17627
3.36133
4.924577
7.11462
4.488792
5.35833
1.697924
3.664486
0.8381707
2.175667
4.135352
2.928078
0.6614426
0.5669704
5.970235
0.0288007
8.23445
4.055725
0.402833
0.5526894
-0.9333587
5.262252
0.601227
5.838053
-1.451101
-1.387343
-0.5927349
12.40236
5.340007
-1.055358
5.891021
3.193722
0.5390432
1.013647
0.8352147
4.523222
-0.5018868
1.405331
0.44455
6.114632
-0.2955879
0.6666428
5.415705
-0.6041294
4.798563
3.920269
5.782553
5.058209
0.1887828
5.589893
5.579181
4.624553
3.77644
1.05249
6.396414
5.121225
2.579489
5.790319
3.349296
4.709792
3.974263
1.734599
6.003785
4.304789
5.317343
1.003795
5.6394
0.2867359
4.685728
5.491505
5.909999
-0.5833525
-0.8223746
4.650564
-1.317426
0.1646869
6.2824
10.57001
-0.6550868
0.3188005
4.066625
0.4715661
5.180819
6.178189
6.131452
-1.578121
-0.2826149
5.787936
0.3655492
0.1883011
5.260984
0.9486875
-0.1918314
4.253235
-0.955842
7.261262
4.233951
-1.163139
0.4485753
4.900193
5.172638
-0.4671597
-1.772595
-1.152556
3.998713
6.730517
4.033541
-0.05336287
6.785414
0.150797
-1.469232
1.686024
-1.495781
6.252954
4.153003
0.5019969
1.277027
5.757551
-0.3866142
5.285691
6.047851
6.280192
-0.4661245
1.318281
0.6082059
1.667169
0.6138079
6.460917
3.809028
0.7285759
-0.9851789
-2.379663
1.50909
1.70433
-1.88154
5.073612
-0.7234589
1.247784
7.698443
8.523117
4.777631
1.061046
-0.7336666
3.947998
2.543111
5.745868
0.866346
5.242143
3.037704
4.534925
5.538719
4.849093
2.877837
-1.429341
0.8145662
4.927139
0.8664627
-0.8255886
0.3787357
5.194866
6.394665
1.055585
5.330672
0.1301646
-2.251318
3.770294
4.49349
4.134196
4.73995
6.494952
4.878809
5.837494
-0.5574356
6.767591
0.7582342
5.33769
4.723038
1.063118
9.456716
-0.2605721
5.778677
1.128601
0.9616151
0.3895213
-0.5013151
4.925024
2.692779
-0.6424213
-0.1660328
3.576015
4.668321
1.153722
5.660768
-1.179477
3.623366
5.15598
-0.2567773
5.38777
4.955636
5.071595
1.618188
6.290028
2.816807
-1.965936
-0.033103
6.725476
-0.983161
6.331322
-0.5406994
6.270068
3.061683
5.205741
4.772435
-0.952567
5.337487
0.1861846
6.538556
-0.188202
0.5784316
5.918718
0.1192455
-0.0639546
-0.6760219
3.741618
-0.7918868
4.771459
3.960588
-0.3828853
5.094449
-0.8730521
1.138927
5.196518
-0.9756692
9.190159
5.942328
-0.2220028
4.894302
2.172978
4.38645
5.592662
-0.4014101
0.7051404
-0.4267477
-0.1246143
-1.3501
3.885202
-0.3453217
-1.700623
4.095322
6.30117
4.654905
0.09377792
4.809713
-0.03532122
5.226628
-0.04147278
-0.7914144
5.086757
-1.259451
5.309342
5.000754
3.348236
2.841111
4.277744
-0.1936308
0.6112194
6.052386
5.698679
0.4935356
4.08864
-1.076116
5.096882
4.689984
-0.8943328
9.249023
6.466574
3.736775
0.2313882
0.3353873
5.400483
1.055049
4.83422
3.836354
4.141254
5.263782
0.3717127
-0.381296
3.675777
-0.002601094
1.03795
5.125713
0.3328586
0.0690457
-0.2787973
2.047237
6.209986
6.144887
2.001704
-0.4418251
1.058759
6.559724
1.207939
5.711169
4.889314
0.1865677
6.756538
5.731323
1.993334
1.818507
4.891134
4.422474
6.457324
1.68005
4.350637
7.048669
3.035805
3.684263
5.392674
-0.8775857
6.722245
-0.5646081
9.303692
-1.427796
0.8947092
3.135578
4.415475
1.295658
-0.7139294
-2.357436
3.765293
5.499595
4.825987
4.045109
6.431173
-1.023111
3.762383
-1.044028
0.3018645
1.504627
6.26224
3.169294
-1.740135
6.589613
0.500671
8.468852
4.893168
4.000005
0.4847914
4.781387
-2.375006
7.743852
-1.257711
3.809085
5.014987
-0.638589
4.254022
0.615515
-1.006215
-0.2898126
4.639386
2.613209
5.434096
-0.06989043
0.18737
5.950982
-0.1352155
6.375127
10.54648
3.634435
4.289077
0.5719285
5.238734
-1.555989
3.131687
3.952125
1.898444
6.348067
0.6720499
1.42822
6.290552
10.69577
5.975777
4.403143
5.63845
1.421854
-0.2375276
-0.2953749
-0.560856
6.382985
2.640372
4.843014
4.411267
5.431599
-1.610179
-0.1629686
5.279714
0.9536095
4.387522
-0.08259329
-1.255015
4.526552
1.120637
0.3307904
5.247691
0.3532581
3.979051
1.439683
-1.638597
-0.05167748
4.22716
1.723208
7.729889
4.554457
1.469405
5.573905
-0.3244364
0.8431433
10.21854
5.414981
4.925291
4.083454
1.616357
4.10756
-1.054084
5.224756
-1.046441
-0.05385646
0.8350726
4.912843
2.566318
-0.2511415
3.365764
2.432849
4.275043
5.834268
-0.637995
4.829156
2.980196
1.216523
2.184221
0.2622981
1.112157
4.436317
1.810366
-1.450211
5.365283
-1.703133
1.078809
4.972074
1.267503
-1.162856
0.2225876
5.466274
4.61164
5.002604
0.4311981
0.03745439
-1.761167
0.5907363
5.534695
-0.1870198
0.1624522
4.988187
0.4383691
6.200518
5.090887
5.761329
5.45899
0.4324211
3.622132
6.492577
4.223509
6.893352
-0.1088633
5.905746
3.012727
5.639201
4.020769
5.374458
1.095652
12.77912
0.6388605
0.6831679
5.608253
0.8216597
-0.8324857
3.685741
5.509814
6.151494
-0.09436462
4.717257
-1.645504
4.766525
4.115819
-0.7547379
-0.2058048
11.017
5.721939
6.089325
4.488045
3.228737
6.559883
6.209398
-0.2909508
3.953915
5.90938
6.435079
-2.016006
-0.3163198
5.276103
5.085436
4.529933
2.759469
4.617863
1.762051
-0.07630726
4.051647
5.761383
-0.3555203
-0.07895587
3.627026
4.191712
0.559885
4.918102
5.625874
1.545041
4.308377
3.999658
0.06715468
5.378856
5.609105
-0.8015895
0.5615973
4.111461
0.05725932
-0.2335715
-0.9699701
5.59351
-0.9235116
3.582165
4.251544
0.7839465
5.161846
4.859554
5.263501
1.553775
4.827755
-1.820615
-0.7541953
1.60591
5.852667
3.660727
5.442061
10.29925
4.154763
0.795868
4.78905
0.6457424
-0.1860906
4.74384
0.7344984
1.526728
4.814586
3.981253
-0.0295537
4.93101
12.24705
-0.9635567
1.660341
5.055492
6.284693
4.326114
5.166919
5.582213
1.274799
1.212088
3.316912
0.7328054
4.362345
-1.261827
-2.570297
-0.5698683
-1.57636
-0.3452286
0.7574239
-0.6464541
-0.7720358
5.126554
5.314927
4.818838
4.936953
1.500755
-0.109004
5.231228
0.5107072
0.139233
3.941038
-0.370678
5.783187
1.749759
5.424433
5.592356
5.50535
6.455767
3.868921
0.5598318
5.215286
0.008311278
5.099907
0.4754552
4.200363
0.7741095
-1.213844
3.894274
0.5302407
5.225988
3.760493
4.027232
5.738522
0.9350438
4.663608
7.177327
5.919065
-1.277756
5.940587
6.768798
5.991083
3.818458
5.063002
8.351336
5.853211
4.51179
4.939916
5.386123
0.4318423
0.9433031
2.062379
5.634383
5.651831
-0.7236796
5.462617
0.9992884
-0.44011
1.210101
-1.152592
-1.009134
2.708325
0.3821883
3.429966
6.538677
4.833535
3.816667
4.958696
1.580134
-0.001147477
7.406208
-1.072538
5.425628
-0.01257772
1.659104
5.476278
6.151375
0.04147848
3.37876
-0.9015758
4.071099
3.911147
2.050759
0.8097299
5.054714
1.060958
1.422589
0.09316599
0.6721435
8.863278
4.74505
3.745223
6.144686
-1.009692
5.778684
5.73817
-2.294175
-0.8837781
6.178031
4.70665
-1.914306
6.078425
5.943022
0.7692777
3.984044
5.541485
6.547545
1.372308
1.404554
5.504519
5.94436
-5.298286
1.316617
5.454806
2.92239
5.241538
0.1367339
-1.183009
4.225527
-1.568467
4.694798
5.194553
0.2526373
4.579641
3.55904
-0.9678231
5.961278
-0.1780895
-0.4775722
5.354838
3.627525
4.858794
-2.423055
5.651376
-0.2890436
3.805458
4.147881
4.98892
-0.5141573
4.756552
5.732898
1.239601
7.686085
4.156783
4.291376
5.287364
0.3400516
5.221011
5.622158
4.505121
4.793536
5.713911
3.887301
4.59978
0.8170211
5.376852
1.359974
3.569934
5.921816
-0.3639557
4.280574
4.996307
4.906452
-1.279488
5.966594
4.291927
-0.4262524
0.8162476
0.5896338
4.679958
-2.055614
6.748084
5.398298
3.763713
0.992232
0.5267254
4.111099
6.013843
0.7335625
0.6769075
3.38491
4.484835
4.572212
3.109175
6.024488
0.03274578
3.311726
0.553703
0.4693974
0.762667
3.379433
-0.3042348
-0.355888
-0.1638166
6.688766
6.208832
-0.5163621
3.857151
0.09487482
1.785327
6.226498
5.055201
-0.5287918
0.917286
-0.04990343
5.601866
0.09857056
2.18252
6.81948
-0.8680301
6.373049
-0.9107623
5.192678
3.348692
-0.2319399
5.649015
0.4822132
0.1615369
6.614017
4.478436
5.38702
0.3993141
0.6901821
5.090966
2.581275
5.299367
4.130277
4.211033
5.030268
6.030157
5.068995
6.696748
4.3207
-0.3706451
5.900693
-0.9959108
6.837153
0.8151964
6.154786
-0.5710568
5.108858
4.123039
1.666165
-0.9160123
5.956436
4.938623
6.548337
-0.854671
3.435135
1.757343
6.041019
3.090412
3.689595
1.380929
-0.8254431
7.010007
4.672051
0.2773359
3.195506
4.46011
3.600738
0.405599
4.739144
-0.2767295
6.15325
1.154341
5.048317
6.319366
-0.01089029
6.976442
4.689501
-0.6348471
-0.09680002
-0.4768103
6.523369
0.3089774
-0.744653
-1.098826
2.283952
1.81963
6.433658
0.6572721
4.1952
3.664685
-0.4386318
0.4693741
0.5082598
0.05713897
4.191973
4.975231
1.238875
6.191661
4.268571
4.796445
-0.3733369
-0.3160856
1.346566
4.857245
0.3902694
-0.1378422
0.3119496
4.859589
-0.8964069
1.905088
0.1283106
0.4413086
4.923627
3.871962
-0.4048361
3.301205
4.006677
4.272515
-0.4636928
2.072372
4.135304
4.416945
-0.07230604
7.074926
0.1035843
7.185371
0.05009849
1.093114
5.923114
-0.570857
4.984922
3.880204
-1.481607
-0.9493905
4.456119
4.833977
0.6399515
5.257023
2.068221
-0.5857632
5.028297
1.302298
-1.785592
4.465141
4.883347
6.485901
6.016086
1.27055
1.017865
6.18651
5.515705
3.866287
-0.1331077
3.308724
0.7685925
0.47437
6.340499
-1.160133
4.338831
5.077684
4.989929
4.853151
4.961144
0.9711419
5.759654
6.536404
0.5684905
5.796434
0.4972762
4.11755
3.763275
3.506391
-0.08619439
3.966425
-1.106516
8.010253
1.771822
-0.7609326
4.407394
3.969354
-1.597016
5.079433
0.08836816
-1.105474
1.729761
0.2843844
-1.198096
4.177259
3.86712
0.6618452
6.273374
-0.04538069
-1.531755
-1.661456
-2.414388
-0.6076461
4.070076
0.3561632
0.6604358
0.6982709
6.807085
3.291872
0.3069581
5.203524
6.133553
0.744327
-0.6530107
0.1842438
-0.5085808
8.392725
-0.5670926
4.523604
4.69173
1.202862
4.144438
-0.5531971
-0.08834219
5.071312
5.930404
4.683234
4.22113
-1.649946
4.170071
-0.4884188
0.5384492
4.693808
5.153404
4.155039
0.7521228
4.513638
5.16382
3.837205
5.187597
-1.462703
5.537687
5.556294
0.3332675
4.718323
-1.518207
5.467533
4.709704
-2.560698
4.688523
6.861468
5.146087
5.562919
5.160385
-1.44966
4.912881
-0.5774278
3.797197
-2.097852
4.690968
3.898932
5.172901
5.408291
-0.2858889
0.6154379
-1.844237
0.5713339
3.976382
0.2856981
6.521141
6.825277
8.787971
0.9750609
5.839321
4.597752
3.886232
5.407636
4.454897
0.424566
5.440371
6.218557
-1.004902
-0.4567623
4.92747
5.106158
1.261738
4.713486
4.188409
-1.692669
5.942339
5.095303
0.2863215
-0.6710206
3.696272
6.76791
3.917488
5.162448
3.532899
3.756597
-0.215354
2.479912
-1.646209
3.274925
5.184134
-1.478515
1.128427
0.7954252
1.055444
4.654023
-2.093576
4.581812
4.593699
2.876503
5.641075
5.597997
-0.8117278
7.743054
4.495408
5.47978
5.520363
4.462687
6.176605
1.086709
6.434688
6.089648
0.1680989
4.586979
1.859771
5.30937
3.384972
4.405517
-0.5374165
4.564689
4.993835
1.520891
5.169551
-0.6908735
-0.7287568
0.7464514
4.170452
3.246976
0.6093524
5.034213
0.4633188
-1.235738
1.367435
2.57912
-0.8377261
4.285344
0.9994538
-1.16751
-0.5889463
5.300791
1.253158
5.095107
6.274895
5.388969
1.301497
6.415183
6.184406
-0.4659297
-0.06087473
6.022887
8.511506
3.88452
-1.807079
6.217542
0.6463196
-0.1804901
-0.7416774
6.853773
4.299411
-1.21282
4.62749
6.131674
-0.7889159
4.913313
0.3393971
-0.6944086
-0.9167678
5.610914
5.468295
4.853457
0.1351649
-0.001707897
4.525517
2.297006
3.667582
-0.4825641
7.700588
0.5744438
5.274154
4.166286
-0.06561179
-1.140734
2.590068
0.4230716
6.08062
4.898488
-0.5626925
4.360124
-0.50438
5.657244
0.4867699
5.835362
-1.5184
5.17676
4.330864
3.398248
-0.2844514
5.157504
-1.780687
-0.3228927
4.507825
-0.6715576
4.181408
0.5282338
2.767922
4.000098
0.0301181
4.963222
-0.7637846
5.508603
1.709652
0.20178
4.502915
0.5664323
4.111892
0.4066031
-1.003098
4.453911
0.1181527
5.249751
5.431945
-0.5849484
5.338461
5.786443
0.5957267
4.009949
1.185278
-0.9225484
0.9535657
7.269876
4.304945
1.362366
-1.159152
-0.5572825
-1.056946
5.522768
-1.221085
2.729885
0.6149185
4.252388
4.125467
4.996545
5.141654
0.4597409
5.702396
6.529613
6.454578
4.944214
4.393626
5.415391
5.823123
0.1678143
4.741684
9.826637
4.398936
-0.6408718
-0.04455872
0.9007669
-0.6056678
0.2075525
-0.3600645
5.50163
3.755159
3.293196
0.3556673
5.846595
0.3611281
5.7064
3.439495
6.75064
5.933768
4.675952
8.830848
4.243515
5.347143
6.233184
4.930442
6.163327
0.7850893
5.09918
0.2536522
9.941396
1.075758
5.545858
5.269554
0.3365683
-0.007927993
4.636768
0.5163572
0.9648274
4.466792
5.948862
1.500514
6.416229
-0.49896
0.4636243
-1.093499
4.988268
0.1305464
-0.09499925
2.817875
5.270894
5.858146
3.254759
1.246992
-0.8267318
4.74298
1.724896
0.7800168
-0.758099
5.190541
-0.3440568
4.363152
2.676473
5.121502
5.80024
-1.283369
5.548611
-0.0374665
6.182207
-0.995767
4.678809
5.568764
4.502216
3.351821
4.87694
-0.8931383
5.668303
6.113483
3.20598
2.128293
4.2944
5.351758
1.495682
5.195654
5.014718
0.4319732
-1.107814
4.95518
5.63632
1.533431
4.578779
2.273473
5.445552
0.1832823
7.189418
5.350313
3.841879
4.994978
4.230075
0.4391225
-0.9879034
6.33115
3.967928
0.4129888
5.322465
0.1207198
4.822896
5.957352
5.672638
-0.1455187
0.299907
6.136254
6.300972
-0.5702319
1.92505
5.025434
3.592013
6.172013
4.75617
5.951705
0.2773544
0.5736047
0.8632101
-0.7336253
-0.168671
5.57569
4.422054
-0.4991001
1.078051
-1.794894
-0.9541038
-0.1045579
3.436311
-1.27031
4.980849
4.367969
4.887619
5.142031
-0.4623114
0.1918712
4.753145
5.511009
4.96979
1.893369
5.236193
0.9490433
-2.497835
6.254117
3.738224
4.679303
0.284996
0.7840977
6.029277
-2.01969
4.924854
4.462863
8.609127
4.857372
5.732501
5.947719
4.537535
0.1242145
0.5049068
4.529063
-1.885036
-0.6407556
11.17671
0.3928804
4.975202
-2.08131
5.078493
4.440686
0.1196486
5.983522
4.502823
4.769834
4.223764
5.46306
-1.624952
1.033684
4.230931
6.340682
3.809337
-0.09067263
2.632789
0.2561456
0.08535285
4.755872
-0.2351308
5.606353
-0.9581309
5.102828
0.9567497
4.982979
0.3243575
0.0742929
5.507067
6.091925
-0.3223684
7.60552
7.069155
5.544897
6.508464
5.543282
5.67688
0.9868454
7.138882
0.3586148
5.736239
5.588758
9.606598
4.932757
6.162268
-1.391472
0.2899327
0.2197351
3.994384
3.849095
6.060609
1.188929
1.081207
0.8744881
6.039777
5.893549
5.103663
1.581725
-0.1221955
0.8987318
3.434601
-0.3690541
1.644959
0.3325778
-0.2584638
5.163812
5.290711
3.555985
3.401863
1.070896
4.835424
3.224076
4.30578
3.606039
4.169446
-0.6530359
4.822104
5.904365
5.418423
-1.939253
0.2844655
7.335746
0.6064792
0.1039776
0.178978
1.040728
0.3055152
3.255426
3.808969
5.155293
-0.2030434
5.038505
4.211406
4.2161
6.220672
0.3908117
6.43777
5.654952
0.3391416
-0.6370019
2.89104
4.985457
4.66117
2.133771
4.542207
0.3582216
6.265633
5.753944
1.611611
4.12169
7.480992
0.4319152
4.651744
6.102245
-0.4857335
9.194002
0.5852678
-0.9881904
-0.3657668
5.313497
-0.5953497
4.814656
4.043487
-1.98742
4.821076
-0.02264282
-0.1635992
3.944961
0.9972025
-0.000264425
-1.103341
0.39373
3.737709
4.29432
2.175036
0.2350117
0.6958391
4.499976
-0.3487457
0.1626891
4.953595
5.304698
5.195028
5.225022
8.011685
5.638821
7.818671
5.176402
-0.1876533
2.021687
4.616063
5.245784
0.3050734
5.906859
-0.4368052
0.7268653
4.783863
-0.1101533
4.942787
4.792484
4.107724
6.262577
3.612734
3.876729
4.576521
4.086029
2.193574
6.475114
4.812035
4.927809
3.451675
4.482095
-1.229734
4.893303
7.061767
4.289406
4.641991
6.626891
5.196869
-1.032754
6.34613
0.4777411
5.601853
5.142162
4.951669
5.531665
-0.8855715
1.730094
4.402359
5.287759
-0.8921683
4.885328
1.67601
0.2345544
5.789698
-2.137566
2.869313
6.129118
4.583741
3.395831
6.3232
6.806676
6.095671
0.5956458
4.003071
1.745687
0.4170082
2.610295
0.3172321
0.2988195
1.611048
4.274489
0.285955
5.707474
0.4977506
-0.8204059
3.396968
5.342507
0.002021577
5.367921
0.5455187
-2.118811
0.08569476
-1.664081
5.2636
2.845606
4.089616
-0.2253935
-0.3110467
6.466253
6.654365
5.434987
6.458817
5.135775
-0.6590727
0.6083474
-0.2132291
4.724412
1.595235
3.76284
-0.8182899
4.811664
-1.159223
-0.582763
4.65501
3.786812
4.185493
0.9343933
4.433661
5.099238
10.25922
5.318994
5.831819
5.75377
5.28143
5.641056
5.167763
4.560231
0.32038
1.959637
5.470283
-0.2730235
-1.108611
5.970596
0.2013928
0.4788922
0.5733957
-0.7779259
4.727249
4.770194
1.972607
7.0495
-0.4106687
1.143244
3.819972
4.764856
5.522135
3.247711
1.224555
5.090312
-0.3959841
4.209183
0.6821542
4.622027
-0.7390971
-0.7758027
4.644932
5.525974
0.1111323
0.2567889
1.940933
2.461298
0.4532733
-0.2617266
0.7232013
5.027803
-0.8044741
0.7584672
4.740599
6.104105
9.481111
5.90014
5.958245
5.16555
5.053982
5.505138
0.1477148
-1.902369
-0.3230943
2.457078
4.935398
3.814966
1.618427
-1.719274
0.1423211
-1.128697
0.9523341
1.832698
-1.40202
-0.5250971
4.306366
-0.6803319
4.679816
5.601676
-0.6868594
1.211587
-1.033086
0.3633812
1.015277
-0.5936275
1.320676
5.733325
0.5770563
-0.3689908
3.402861
5.923699
-2.470774
1.173161
-0.3787025
5.784637
5.536465
4.729601
6.661774
5.327832
6.340924
5.600926
6.283459
-1.326603
4.15967
1.489142
10.07229
4.624308
5.949607
4.289774
-0.8297454
-0.1230593
-0.2387847
5.649636
5.896783
4.247956
-2.272874
4.970088
1.561086
5.382403
1.501651
9.919631
5.241091
6.228159
5.623839
4.591118
7.395988
-1.406971
4.910493
6.32478
-1.282325
1.073988
4.803964
1.955588
-1.002952
-1.047052
-1.228266
2.327676
4.288007
4.80114
5.3129
5.109169
2.510556
5.069092
-0.4857154
1.071186
3.100334
5.244223
5.369669
0.7448272
3.073134
-0.1113461
5.699265
6.034705
7.421251
3.463405
3.994125
5.041684
3.384271
5.30109
-0.4990147
6.276158
4.489719
-0.1292583
5.068003
-0.4875018
4.797903
-0.747158
0.4309141
3.987789
3.926871
1.138378
-0.1779376
1.344198
0.3527554
6.471767
-0.6159013
2.333066
-0.4553645
-0.1420862
4.337845
4.585053
0.458126
8.865233
5.548129
0.534308
5.454582
-2.396037
4.77523
0.2691815
3.638442
6.205389
5.007241
5.189383
0.05312836
4.627906
5.082063
5.689217
-0.8204261
2.767277
0.6923806
5.679721
-0.5540888
5.018525
6.195334
0.5761586
-0.5936937
0.3536012
7.358074
0.9097769
4.119662
-1.447154
1.028839
3.586098
6.767632
-0.2816368
7.377377
5.313281
-0.6420519
4.6065
0.983971
4.191185
7.127661
-2.085931
1.30901
4.212212
5.114258
5.255817
5.443181
1.367228
4.787924
4.476679
-1.31976
5.255827
-1.133559
0.4634869
-0.3729983
0.8862415
-1.079727
5.616148
4.101133
1.053986
1.669586
5.204365
-0.7863019
4.115372
0.1173016
5.517402
-1.794034
-0.9439184
4.500268
3.828663
5.289858
6.169873
5.294167
-0.3847133
-0.6745834
7.387539
5.263119
4.111982
1.732392
1.977166
-1.034359
4.099689
2.763658
0.8382804
1.55314
4.088485
4.132373
2.640518
0.3312278
5.027976
4.315135
3.154404
0.07357499
6.131419
-0.8788776
7.345419
-1.557
2.734757
-1.66915
0.2555894
5.568068
5.248694
4.909289
-0.2018895
0.734444
6.716508
5.98139
0.4322293
4.600997
3.863771
-1.229687
-0.9075319
0.2426439
-0.750238
2.033105
3.7717
-0.1637192
0.6630468
6.647178
5.217752
-1.170071
6.464783
5.297398
-0.2414571
4.083059
0.8533117
5.746592
3.465672
4.423649
-0.1914137
0.8951734
1.280002
4.237319
4.099112
-0.6638571
-0.7982814
3.574523
1.150504
3.632174
4.485279
0.2619965
-0.2905568
0.5119226
-1.377957
5.440195
0.7974163
3.256664
6.027757
5.420595
4.893692
-1.586776
3.696852
6.502165
5.465073
5.312164
-1.138736
6.987189
-1.020094
5.063549
5.722969
10.706
3.834676
6.774985
5.923543
4.151248
4.759618
-1.224625
4.399216
0.4861091
3.541033
7.468813
-2.416031
3.794229
1.217747
4.967648
1.893559
-0.9327014
4.954413
0.7181348
4.456486
5.619048
6.782455
4.555562
0.4228536
4.105822
7.066507
5.375968
4.888861
1.119515
6.327987
4.699154
0.9548407
4.8709
3.779772
-0.5764641
0.4229894
-0.2853303
-1.06249
4.750385
5.25712
4.820171
0.8788232
6.104219
5.590537
-0.1486742
6.405805
0.1459714
4.141063
1.442514
7.728142
7.379717
4.382351
0.9671503
4.901088
0.3568976
5.378196
-1.705536
6.033514
-0.04202554
5.082663
5.436762
3.975045
5.062206
-0.6254667
-0.1783819
4.840168
-0.6937413
0.2048627
3.613684
0.2989623
6.45335
-1.185993
4.661791
0.9348743
0.9611566
-0.06943882
-1.205435
5.699773
6.056973
5.243631
-1.921376
6.789085
0.7855227
4.423095
4.758191
5.123006
5.284892
4.422806
0.6039686
3.876087
6.179143
1.082536
-1.478043
-3.060506
5.640708
0.6700405
5.568697
4.235217
-0.76824
6.897616
5.072572
6.751022
3.031372
3.2091
4.819708
1.177145
1.322519
0.05888696
3.80718
6.822282
2.002727
-0.008226179
0.2675305
1.270857
4.895654
5.106006
-0.6385339
-0.8330152
0.6384214
3.167789
2.005403
-0.4988223
0.06319308
-0.6635038
0.9500532
0.4911866
3.030041
-0.2124964
2.110234
0.1515749
5.715581
5.722578
3.014216
0.3985583
-1.236996
3.734159
0.3349145
2.281294
1.203358
0.7192352
0.3585928
-1.797563
-0.841346
2.720353
2.782426
-1.227307
6.009895
5.23745
4.273462
3.795815
-0.7578769
-0.02997844
6.324494
0.0958565
4.943126
3.786678
1.545881
5.540127
5.726891
5.144278
-0.9725587
7.251846
5.006751
0.4380217
0.5898219
0.7307399
5.676223
3.226131
5.283731
2.630303
5.1257
0.6170929
0.6692699
7.078378
0.9467362
4.984553
6.190742
-0.3684556
-0.1745467
5.545261
3.976362
1.216101
0.2773957
4.432826
3.735329
4.506442
-0.9028381
5.564216
8.718393
-1.699164
6.484747
5.48721
6.178049
2.072512
4.785074
1.993229
-0.7739388
5.999135
5.103036
6.174086
-0.1209957
5.281309
5.382904
5.996656
0.2150712
-0.06692784
-2.130695
5.775954
-0.3642344
1.838012
-1.071815
6.995486
5.64384
8.582923
-0.7750315
0.158085
1.183125
0.8144666
4.478606
6.938717
5.464966
6.130398
6.077204
4.560774
5.941754
3.440007
4.219976
7.770187
6.573015
-0.9626262
4.261936
4.993433
4.184891
5.670379
5.309657
6.069726
1.296625
1.151022
0.1436044
-0.9790528
5.347535
4.647264
0.5676231
3.841568
4.523722
5.231749
5.995292
6.990313
3.599149
0.5846847
4.609383
-1.931913
4.848797
-2.095258
1.120823
3.931514
5.62241
5.45406
7.624788
4.365052
5.964509
-2.380748
4.976576
0.221966
4.444324
5.078675
6.128698
5.684084
-0.5676745
6.075644
4.865864
3.389562
0.223155
0.9347114
6.774204
-0.9988353
-0.930439
3.011698
-0.6638239
0.8581568
4.418753
4.569802
2.797126
4.100553
-1.165246
-0.5188979
5.585825
3.73902
3.342974
4.261871
5.792484
5.018595
0.7230305
3.925285
5.255441
3.767078
-0.4145612
5.23047
-2.471063
6.093365
6.78722
4.19283
5.060659
5.34718
1.381695
3.206036
0.3815046
-0.9615747
-0.9725021
5.086449
3.14021
-0.7099334
6.093959
0.6684372
5.362567
0.4680156
-0.5967914
5.441572
5.749312
5.841715
11.69402
-0.5621954
4.804935
3.648088
-1.059571
-1.392272
5.628494
5.256093
5.288253
4.403448
1.004188
0.9737034
-1.261019
4.819483
-0.9766106
2.755264
2.829785
-1.335434
0.1135426
6.470847
7.69692
4.706791
0.5023865
-0.7302486
3.355276
3.18223
5.010011
0.7573157
-0.04103167
0.8820819
2.933201
6.186324
3.345191
4.477149
-0.8677596
5.594117
4.58706
4.170886
-0.2544423
0.7618119
4.538761
4.445419
-1.313574
5.341582
5.124475
3.485556
6.130495
0.9494793
4.132606
-1.949453
0.2249139
6.663085
6.814107
6.310442
4.16789
3.725094
4.578042
6.377048
3.680872
5.316361
5.642243
8.226984
4.417651
3.620027
0.8080512
4.383459
0.2673795
3.74433
4.777528
1.601899
-0.5820511
5.840584
0.1955625
0.4576704
6.236233
-0.4630254
5.75883
7.294223
4.240956
1.270564
0.9667488
0.0373377
5.06734
2.98797
6.379509
-0.4597242
9.818574
-0.1037427
5.665742
4.644521
1.461279
0.4460109
-1.654749
-1.084219
0.3378252
-0.1554316
0.9058871
6.251847
5.650964
-0.03605019
-0.4937819
-0.3450781
3.79528
1.488458
-0.05557694
6.122376
4.323992
0.4991604
4.833705
5.78117
-1.103807
5.4197
0.13655
5.209939
5.34415
-0.7002878
1.284653
8.034229
-0.9552313
4.532996
1.141383
-1.357879
0.810935
-0.9035988
6.056614
7.09869
3.487912
0.6835463
4.857735
1.091816
4.141853
4.808061
-0.4191605
-0.3547833
6.456719
-0.3484716
1.808183
3.626917
-1.370578
4.992394
-1.255185
5.036992
5.545189
3.134188
0.1191855
5.502292
4.348294
5.471868
6.056024
5.261681
-0.9773024
-0.1914508
4.131824
4.700573
3.201691
5.025094
3.78364
0.8571285
0.9626771
0.7339565
7.975356
5.036902
5.273811
4.748323
4.640034
6.861247
4.196742
3.104067
5.781468
1.601146
0.361972
4.163125
0.9107949
6.382056
3.480933
6.630493
4.396277
1.577713
5.315881
0.08607097
5.480813
0.4858213
1.628441
-0.740132
0.06549456
2.579778
4.943102
10.51898
4.899295
-1.222895
4.005747
6.133871
5.519216
-1.053397
-0.1819806
5.030105
0.2166486
1.603706
0.4045504
-0.4571776
4.477698
5.642133
5.337398
4.549462
-0.1165918
5.93682
-0.5332232
6.527994
-1.115189
0.7805889
4.702041
4.692315
0.7015756
6.274848
5.501105
3.723452
-1.139704
9.818889
6.596701
1.430353
5.488234
5.63129
6.102019
5.054432
5.99401
3.080099
6.456017
-0.1141111
0.5730831
5.201048
0.08944667
6.150257
3.54492
5.484934
-1.597718
-0.1688462
-1.716544
4.812845
-1.029731
-1.77156
4.777513
5.811822
4.208963
5.260296
4.588582
0.3733441
0.6740449
3.464009
0.2570846
6.497227
5.271234
5.506877
4.27728
0.007956231
5.93393
-0.4547631
5.715595
-1.072379
3.805848
0.4522084
2.752255
4.670375
-1.375197
-0.2531342
0.9683641
1.927868
5.287159
5.289936
-0.9469276
4.744198
5.910205
0.167872
1.585969
-1.014222
1.725729
0.7549633
5.327505
3.334138
-1.390073
5.397529
0.5801512
0.6986793
2.410328
4.660908
-0.3956459
0.7438593
5.847261
0.141783
-0.7524629
1.579384
0.6761781
0.5092448
0.3803142
5.162321
4.769236
4.292883
5.364116
-0.5512238
0.2735226
0.4061248
4.670202
7.485825
7.197591
-0.4468802
5.579588
3.975846
3.353491
-1.362234
4.804262
3.34972
5.03315
3.93054
3.136251
-0.5072531
0.4905245
6.857876
5.955513
5.491629
-1.301638
4.664356
5.712371
4.395594
8.126595
5.70613
5.329492
0.1859543
1.929298
6.759438
-1.057721
5.377626
5.497687
4.172098
6.352993
5.850454
5.23666
5.614684
3.411164
5.326124
-0.6755684
-3.211586
0.09097313
4.327357
4.734326
-0.4961279
6.112363
5.243739
-0.03067554
5.46633
1.461949
1.79776
2.284736
6.413312
5.943917
3.339128
-1.148169
4.129009
3.208902
5.75984
2.93034
5.910615
4.347399
0.4313686
-0.8957576
-0.5859166
5.246958
-0.8274097
1.178776
4.494919
5.542856
6.00431
0.8165017
-0.8808864
0.5845554
-2.219039
0.19415
4.730349
6.60946
4.46482
4.432029
0.739281
-0.8289869
4.995969
0.4517152
4.405924
-0.5385153
1.949585
5.441654
3.460422
0.3090795
-0.679551
-0.1795229
5.72961
5.519399
-0.4815459
3.133178
2.160128
-0.6670289
-0.1497686
6.334911
7.211306
-2.00614
6.426614
-0.627728
-0.5368215
4.688158
3.716083
6.103104
0.3907225
5.276993
5.182587
6.642502
5.007973
5.848295
6.581604
3.517056
0.8542741
-0.5717613
9.458581
4.943622
5.557306
0.3901137
1.073992
5.804443
5.510316
4.464411
-0.4477204
-0.2145629
-1.508733
5.271423
-1.228197
0.9332823
0.9987475
4.82128
0.9501092
5.738858
5.261805
5.599825
6.672256
5.453383
5.807118
5.638571
8.438641
4.519493
0.9127924
-1.411304
6.649248
5.212229
3.625111
6.585081
4.97868
5.135169
5.92082
0.4958533
4.837201
5.489302
1.675784
3.712459
6.346477
0.4400628
4.147938
5.893921
1.238388
-0.4755944
3.523567
5.550749
1.929924
0.3685559
7.464707
4.499151
1.830115
4.757223
-0.02043481
0.2393474
3.860643
5.256099
2.415774
-0.3658646
5.315178
0.08137977
5.100297
1.017273
5.583685
-0.6467804
4.873287
3.89974
-0.6445313
4.51982
0.6044306
3.138557
8.761403
3.958909
4.683318
-0.1228516
-0.5719002
-1.273277
1.887864
5.289912
0.5683658
-0.9311327
4.770764
5.85841
-0.658284
5.942461
4.657977
4.267235
5.036116
5.043163
4.410221
4.193889
4.94678
-2.16768
3.219799
2.617453
6.75225
-0.1825404
6.444789
4.125595
-0.3562497
3.922271
1.810224
-0.07645898
0.9192301
1.032954
4.467247
-0.2962254
5.011655
0.1358386
6.895134
4.315185
3.084191
-0.9066386
1.761975
-0.6537104
8.267497
1.322682
5.398364
0.8281689
-1.83115
3.454252
5.066536
-0.007450018
4.957605
3.902916
4.014091
0.9797499
-0.743149
1.925002
-0.5278563
3.868398
1.985428
-1.818576
-0.93196
4.636509
6.670907
-1.366696
0.3754272
3.544131
5.697275
6.17541
4.952793
5.599554
5.355165
4.532264
5.389814
-1.182875
-0.03930164
0.9734768
3.922676
2.958348
14.3964
5.604716
5.170325
1.295803
1.257939
3.852338
4.848243
5.758262
-0.9620584
0.5816474
0.4516312
-0.3148662
5.373095
3.544596
-2.101529
5.773
2.791542
-0.04179411
0.7707783
5.133209
5.513064
5.581602
7.996984
5.086253
4.152487
3.310354
4.841906
0.2382401
6.932699
5.925121
5.524894
0.4546918
1.697065
5.089323
1.322791
5.013282
-1.16727
0.1712071
5.630305
-1.888473
4.911911
0.895175
5.08122
0.9951256
4.756861
-0.2285676
-0.5521415
4.921514
0.7857713
1.23713
2.755079
-2.146634
-0.4277188
-0.1947482
5.790711
6.626813
1.060078
4.262982
4.309888
3.78042
3.254061
6.525633
0.7284232
3.247842
0.5607575
-0.3332136
4.241418
5.735131
-0.2004294
5.507274
4.287921
-0.182722
0.8170203
-0.2054634
6.189175
4.824176
5.152336
4.093384
4.370519
0.7650363
-1.493529
4.399728
0.3224431
-1.126023
4.684631
2.927945
-0.4072494
4.072227
3.849591
0.3212986
6.830623
2.727527
5.565269
0.2395897
5.463292
4.804654
4.416499
0.8759682
-0.8256243
7.110193
-0.05397211
-1.117972
3.871335
2.440276
4.388852
-0.3955418
5.791666
5.113592
6.752169
4.646274
7.174263
4.403762
7.567433
-0.04613117
0.7915672
5.029219
4.6359
4.470228
-1.407851
4.041136
7.755339
-0.3814442
4.504996
0.6509081
5.372289
-1.095253
-0.5584137
5.8731
5.045275
0.6877877
5.615804
4.131744
5.652465
3.831431
4.194119
1.823241
5.879647
3.518861
1.509535
2.925459
-1.305099
5.378326
0.5382513
1.309491
0.002372407
4.314283
5.829124
4.192668
4.990952
7.119628
4.304497
0.3081784
0.4538905
4.59003
3.740248
-1.020086
5.365705
6.514441
4.642917
0.6470074
2.737841
2.264704
-0.1803643
5.232498
4.987595
4.730124
4.83862
0.05219228
-1.688403
8.366145
1.705635
5.642995
-0.1686409
1.595816
-0.7639164
0.9632233
3.718918
-0.1569896
-0.1342123
6.249776
-0.6137951
4.447383
5.790672
5.995138
6.183439
-1.69995
-1.373425
5.220906
5.80359
3.836993
1.609604
3.472785
4.298898
-1.878466
-0.1382971
5.731874
5.419158
0.2673698
-1.275479
1.583032
3.775465
1.058691
6.777338
1.378294
-0.2978555
0.4522833
0.138533
4.807571
7.052294
9.008276
0.8063867
-0.08369849
4.237821
0.3482029
7.510898
1.425722
4.50201
3.627528
-0.2167024
1.529728
0.05934262
4.367559
