6.300077
5.670418
4.538422
3.217311
3.092677
4.322993
4.175231
3.693318
4.872642
4.364232
0.3385775
4.64385
-0.7477126
-0.02304303
-0.181157
6.173737
3.976374
4.155595
5.257746
2.545288
4.012367
5.734916
-1.015092
3.873549
6.818965
2.954809
5.601177
-0.4680779
6.078368
-1.114175
5.29427
4.99201
5.220981
-0.2550476
4.860099
2.513366
4.685011
4.130801
5.523038
5.466365
5.459639
3.80761
-0.01034922
4.631424
6.032848
-0.08549653
4.775647
5.068263
4.944627
4.867933
-0.4340724
1.449006
6.140511
3.861995
-0.877842
5.01616
4.018172
3.931667
5.305869
-1.280653
1.503897
3.327166
5.755813
4.629203
4.24715
-0.6233292
0.1592357
4.570193
0.796613
5.392083
6.116374
5.306531
4.643795
2.061237
5.624816
4.458682
6.001582
4.58138
3.474778
2.95389
5.604478
-0.02711566
4.347228
-0.3210115
4.627696
3.821006
-0.9992447
3.424012
6.039182
-0.04018862
5.735921
-0.460427
-0.7570443
-2.326216
1.94988
4.1602
-0.6099474
-1.196437
-0.06526716
7.145687
0.4648523
13.64553
6.728728
6.050693
6.873581
0.1047022
10.91852
4.712125
6.943699
3.957579
6.626694
7.407103
4.713724
0.3204477
6.065061
4.451867
-1.535564
0.2950187
-0.7341569
0.8215784
4.939683
-0.8915407
5.843998
5.343403
7.283436
4.253053
-0.2156855
0.3375984
3.152563
4.362196
1.532134
5.157864
4.352206
-1.452717
-0.3458373
-0.8626377
1.74537
5.78551
0.268163
5.491662
-0.03393564
-0.1546738
-0.987838
-0.5947969
-0.09986429
-2.036415
2.036309
-0.3167431
4.44201
4.622537
4.333475
4.399309
2.907429
1.353927
0.2572933
0.7241633
0.4926645
1.382515
-0.8015598
-0.2286345
4.775443
5.161629
4.903401
0.2113477
1.590071
-0.013051
5.070696
5.971619
-0.4145354
1.573216
-0.336118
5.510457
0.2604204
5.456619
0.5728733
0.1899384
-1.595099
4.683004
2.240623
0.3225755
6.580296
5.096029
0.6947299
-0.736469
4.595467
4.67669
5.107112
4.90094
9.5729
-0.09285673
9.937535
1.73933
-1.5944
6.104076
2.792423
5.937267
-0.7193327
5.474785
0.8372924
0.2339814
3.844907
-0.2097671
5.32156
4.952236
6.205838
1.368499
3.573807
4.912188
0.7396411
5.495145
2.791003
6.801341
4.009935
1.223656
3.699869
5.658927
-0.5621409
-0.1206502
4.282364
1.193991
-0.4368318
-0.2631293
5.111262
4.420755
5.418638
4.340782
6.263531
5.83727
5.119363
5.300892
4.399508
5.682711
0.8568457
-0.9199364
-0.4604633
0.3397671
-0.8213343
-0.3490995
2.482583
-0.1498125
-0.3160913
1.01575
5.708514
6.367756
-1.134891
5.214811
6.217455
-0.9286286
3.801712
3.250208
