0.7407263
5.463009
9.875892
-2.788407
4.626106
6.750485
5.725468
0.5648153
6.500479
0.1514356
-0.3211638
6.378462
1.192799
0.2367334
5.188401
-0.6382649
1.43907
5.190642
-1.42158
0.1701332
6.853061
4.89474
0.5616116
5.613519
2.491644
3.629862
-0.4980129
4.440699
2.774593
-0.5984741
3.522078
4.184617
5.908821
0.4865649
5.547539
1.206004
5.410821
5.248695
0.7542721
-3.02249
5.170709
4.898229
2.32124
4.909455
4.69481
4.501047
2.860757
-2.498445
4.206007
1.31623
4.66946
4.099978
5.080438
3.871634
5.134009
6.098992
5.161085
5.386433
-1.860391
0.8375081
0.6168028
3.266951
-0.676525
3.359186
4.884061
1.016006
0.494668
5.463738
2.869226
3.666219
4.281075
1.206001
4.345781
5.968279
4.423106
-0.9853468
5.154719
4.509898
7.1793
-1.198075
5.871156
3.557381
3.681629
0.08238587
5.146117
10.65778
-0.8829816
-0.1256826
5.078899
5.945198
3.619746
6.423708
5.937003
5.053165
5.02692
6.996236
1.551164
6.525031
4.098879
6.081922
-0.2837577
1.001022
-0.2168006
-2.480803
0.6192239
3.988219
3.516362
4.78988
6.12458
6.32522
6.149906
4.145484
7.787792
5.534594
7.566572
6.028137
0.1068883
6.607823
3.352095
3.285601
4.09205
4.564843
2.301837
0.7241026
-0.9872535
-1.522501
4.854316
6.722402
4.306257
1.872766
6.785609
0.2925614
4.188021
6.271416
4.728374
3.28061
0.3060669
4.734269
0.3732811
5.9212
0.4567699
8.783615
6.104074
5.195692
6.435424
3.873479
0.1877976
2.62053
0.7212914
6.215378
4.978984
5.393267
4.450419
5.960764
4.069441
0.3101802
-0.7623277
5.55003
-0.05043638
-0.3401732
5.733129
5.208724
-0.04406493
-0.9051343
4.810579
-1.16988
-0.3421298
5.200025
-0.07979112
6.554914
6.385648
4.243287
4.250411
4.387353
-0.8069476
-0.9034857
6.02241
10.14115
-0.7697018
0.759999
4.612195
4.65735
2.893812
3.454799
6.072371
0.3858743
2.35217
5.151045
5.255294
0.01448469
3.322678
6.631848
-0.5029685
6.545053
6.166436
9.301574
-0.2067333
5.052842
4.580837
1.696862
4.396847
0.1022672
0.8478155
4.679474
3.944807
0.7015073
3.816713
1.884666
3.734623
5.13061
5.508883
-1.054519
4.479448
3.692758
0.8851815
2.953565
4.826691
5.974785
2.037413
-0.3887136
4.331232
4.720128
4.077388
4.509629
-0.6014008
5.190947
5.65804
-0.3461813
-1.212248
6.214309
5.451512
4.678648
5.587045
5.674092
5.079892
3.188675
-0.5857014
-1.125535
5.304904
-0.4470556
-1.975692
0.8958774
4.134068
-0.398894
-0.06896413
4.613614
8.73771
5.866328
-0.5844466
-0.402352
3.837144
1.921012
5.364742
4.354972
3.992448
0.2798529
0.92239
0.3118422
0.3807476
3.910643
4.749794
-0.01679909
1.189991
4.68183
4.245026
-2.188709
-1.276734
-0.9421725
-1.706906
6.692541
4.536918
4.877498
4.600909
1.106051
6.472803
6.758229
4.172856
5.177618
4.137988
-0.9386405
-2.030898
4.950751
6.233942
0.7097283
5.057068
0.7086872
5.790979
6.028052
5.684707
5.797908
0.4173994
-0.3617392
8.290139
5.362863
1.255622
0.8696436
6.227874
0.9875634
0.839427
-1.123715
0.4094357
-1.53975
5.162581
3.209346
5.312933
-0.1191776
0.6459881
1.323428
5.878018
3.521588
1.914113
5.186339
3.894892
3.371406
4.783386
4.589475
-0.9135158
0.5292783
-0.226296
4.290741
4.893413
5.11185
-1.194863
6.400245
5.403346
5.714991
-0.8996738
3.545514
-0.8465786
4.868889
1.972663
3.792571
4.866489
6.975343
7.383406
3.805639
0.5030168
1.242284
5.097644
-0.5740906
4.360293
-0.1767179
0.2253082
0.4633166
3.350583
5.469505
4.51256
3.116904
5.572922
1.053503
0.07208909
5.236616
4.495722
6.641141
0.6142386
6.156387
3.778305
0.1115047
6.563023
0.6888876
-0.09926747
4.078824
3.79243
5.231869
5.528565
3.717468
4.798603
4.630797
8.408963
6.480844
3.92254
-1.379356
0.3104489
6.049737
5.18543
0.5172733
0.8743547
3.865282
-0.1963876
5.400654
4.180407
3.971271
0.9959952
2.47283
1.952012
4.829635
4.778273
0.836386
3.711286
1.831048
2.223697
4.132065
-0.5728016
1.13016
-1.320402
4.870416
2.157372
3.869389
2.163
5.782375
5.919067
0.8137105
3.709319
4.694379
-0.7155324
-1.42417
5.198059
0.3262165
1.00407
0.3211917
-0.3384786
4.128212
5.438579
4.626379
0.8922562
3.038007
-0.1648513
-0.3395741
0.08024294
4.404948
-1.217811
6.254554
1.388186
-0.7906531
6.666433
2.543934
3.855514
5.86697
5.645426
-1.356562
0.4368335
3.49761
1.331003
4.075206
-2.408092
-0.3261743
0.4764814
-0.1172746
0.3309856
3.609362
0.5210708
-1.577042
-0.2033711
-1.533643
5.053541
6.787257
2.112314
5.470199
6.336467
-2.574467
1.489446
0.3755802
6.573063
-0.5689677
7.714211
0.6048377
4.345532
5.580552
6.249114
5.155684
4.004696
5.957163
-0.9407051
3.783893
5.388193
4.089192
0.3587108
4.194273
0.8051879
5.44425
-0.8737759
4.505048
6.655919
5.418156
-0.1110842
0.4544739
1.552636
3.552408
8.197734
1.751678
-0.9241615
-0.5262233
4.779187
-2.205705
-0.5942536
4.780297
-2.270461
5.601587
0.1844148
5.677424
4.771118
-0.6116824
4.542234
3.636301
3.721593
6.448962
3.860309
0.3762342
5.198946
6.164415
