5.897761
4.786741
1.289364
-0.8163694
3.282513
4.746632
5.881837
-0.8283749
2.38019
0.1427594
3.445856
0.6166426
4.727624
5.148607
7.952956
2.834961
0.8655807
6.929507
4.888296
5.953164
8.930389
-1.820533
0.9400305
3.837851
-3.358755
-1.639565
3.71915
1.10305
0.02496221
4.470484
6.6818
-0.006022266
-0.8538963
4.362547
5.839001
4.468694
-0.7629454
0.1835619
5.567266
0.4615569
0.03476802
-0.5916055
-0.677646
-0.4997016
5.101262
0.6397611
1.970684
-2.325786
4.275218
3.867671
-1.381104
10.25177
6.116764
5.661211
5.204765
5.714057
5.500048
0.6485632
6.012648
1.597377
-0.3673906
5.347676
0.2924465
3.471241
3.620649
5.42173
1.492994
4.923024
-0.01563234
-1.029752
4.536876
3.746999
5.49458
5.250623
5.472536
3.99534
0.01329339
8.443025
4.188339
0.08382581
4.914065
4.910534
2.459237
1.182108
7.696153
3.814412
6.898303
-0.3926424
7.18971
0.2866453
5.137124
2.264771
0.9816802
1.313553
5.031997
6.21561
-0.7547683
-0.1106511
0.7508011
4.357126
5.491455
0.265438
0.1002216
3.867936
4.757232
6.83045
5.221169
5.419936
1.149791
4.43772
5.971288
-0.9102361
5.654385
5.187076
4.469461
0.2924692
4.014926
4.062481
4.824311
-1.841857
5.677898
-0.936174
3.693068
5.336419
4.245036
6.088928
-0.6750342
3.890768
3.475028
-1.619328
-0.6973703
5.606368
9.583101
1.895902
6.954039
5.622659
6.310598
-0.8598582
1.571299
4.432929
-0.5021804
5.585508
5.869085
5.184959
1.02728
3.892892
5.173637
4.199886
5.757412
5.870509
4.626426
0.03257261
8.426562
1.094361
5.567527
5.977424
4.628199
4.584073
7.055364
0.6283341
6.079883
-0.7995783
4.342976
1.227849
-0.8332464
3.803664
-0.2019351
-0.9170908
0.1426502
3.061049
4.980921
4.864846
5.621317
4.970712
0.9369203
3.978908
3.1888
2.146872
5.775409
5.863348
2.639392
6.323256
4.305679
5.72108
4.473289
4.812193
-0.4605767
7.397567
3.86987
3.435717
-0.1242997
5.16793
3.297679
4.970001
-0.1799742
0.6917947
-0.8515278
0.2334071
-1.86284
5.887158
5.395414
4.32829
1.266215
6.519944
4.756422
3.519318
1.950872
3.751713
6.033987
4.287977
-3.668346
-1.268263
4.508706
4.255972
0.110873
1.163021
5.305689
0.1211572
6.27819
6.912587
4.098872
-2.424704
4.763628
4.110781
-0.9684979
4.637191
5.437037
4.142315
0.05563826
5.235002
3.282066
6.522298
5.630722
7.246342
6.755963
5.266141
0.5738361
6.836418
4.240175
6.580552
4.32677
4.225947
5.538301
5.857608
0.8962295
4.723285
0.4300283
3.960608
5.096193
6.193581
1.541264
1.201298
3.377052
2.931025
-0.06091236
-0.8600112
4.744077
6.66138
1.038337
2.373723
0.4561512
5.366624
4.814526
5.50893
0.2290293
5.2405
4.274435
5.206568
0.6979919
5.872638
0.1868577
5.542072
0.4837753
3.746288
4.866695
-0.4353525
0.07388307
6.551013
-0.02354839
7.053806
-1.522569
2.008842
5.836648
-0.9992021
5.418392
4.755255
5.44098
5.911506
0.1034006
0.6879082
4.429182
-0.9556845
1.168072
3.898419
4.312793
-0.06639008
4.060909
0.6044124
4.511412
0.7048487
4.61132
0.3712894
0.4068318
7.927582
4.19064
5.252844
-0.8121401
0.3744877
0.446806
4.255216
-0.3048585
6.125444
7.113664
4.042716
7.327994
0.57955
-1.540868
3.716065
0.1126507
7.115451
0.372935
5.455283
6.354321
6.342052
5.207019
3.17231
5.502498
5.439029
3.871141
1.25312
1.035301
0.3004978
6.520425
0.1341059
6.446994
-0.4925988
-0.2520556
5.279756
5.453443
0.8045706
1.366204
-0.3164769
0.6115426
4.513739
4.972765
7.697233
0.9941218
7.719672
3.560987
5.119224
5.247833
0.9111058
4.258982
1.267094
6.837662
-1.459255
6.325642
5.978049
3.955679
0.4107066
-0.01671191
6.051091
-0.9637069
4.682675
-1.286998
6.20237
0.1535167
0.4861016
0.8292956
-1.088171
6.118546
3.834764
5.672924
-1.100848
6.354148
-1.317071
5.975963
5.202085
1.287572
0.2513241
4.362716
6.098629
6.142488
3.708371
-0.8926727
0.2456145
0.03725705
-0.4885264
0.6489245
0.4991836
-0.5020962
-0.5293444
-1.10778
4.145422
1.195858
1.390838
0.03259098
4.975123
1.864533
5.628657
3.143214
0.4615251
6.485324
4.172928
6.046643
4.165202
5.29027
4.844567
-1.294301
0.2786955
4.202142
-0.7054537
5.948262
1.566543
5.52671
-0.8661546
-0.2591453
5.18657
5.843004
5.434858
-0.7851175
4.898843
5.578733
5.411531
5.447569
-1.259242
-0.9177592
-0.1813964
6.77006
5.587965
5.74666
2.906294
4.249138
-0.8630709
5.955714
4.670957
5.873751
0.08435849
5.631718
2.877082
3.189447
0.3412442
4.580807
5.01505
4.478793
4.305758
-0.8613892
3.949145
4.656186
-0.3181603
4.035443
-0.5307961
6.483334
6.344661
4.681741
6.028639
5.989401
1.625656
6.36326
5.916776
4.230626
0.2859645
1.111944
0.5492126
6.655473
4.912269
4.640356
4.667785
4.552473
-1.280405
6.073469
4.415286
2.660317
7.053143
3.875387
8.010085
0.3269221
5.072274
6.092114
0.1493269
6.066436
6.20278
0.2051554
-0.5943271
4.041457
4.157424
1.802683
4.729261
4.686933
5.86505
0.1354252
5.056626
8.336388
-1.156261
4.26405
0.111978
-0.1374666
3.924856
-0.837271
-1.678494
