0.3186184
5.307504
5.241212
1.226693
1.444575
5.516103
4.720245
-1.025296
0.1589931
-0.6461882
5.691012
3.783101
6.033912
-1.002164
0.306272
4.731149
-1.356145
-0.1853429
4.795246
0.1095023
3.987316
-0.5984423
4.049229
-0.095381
5.614239
6.04834
4.922319
3.422606
6.1066
-0.6032307
5.154609
1.437905
4.575076
4.344437
0.1992796
4.280239
4.453313
0.7057345
-1.41311
5.737682
-0.9482866
4.326976
6.138626
2.160132
-0.1231734
3.034601
-1.144765
3.47047
5.888905
1.12282
1.345089
1.549863
6.09247
-1.692519
2.126662
-1.462883
0.1806691
5.186235
0.1178436
0.5498216
1.124658
3.84281
6.528307
4.855498
5.877694
-0.8668086
0.2314461
0.1084007
5.02898
4.863463
4.932743
1.22139
6.449721
0.1517749
5.536326
5.768442
3.772431
3.584154
4.168611
1.740581
5.195779
5.613656
5.15931
-0.2360837
0.03959398
5.139653
6.53012
1.538478
-1.605048
4.876642
6.927054
-0.01891425
3.970514
5.693949
0.5274265
7.281594
2.810277
-1.088156
4.956026
0.2872393
4.326699
4.007681
7.603606
1.217448
4.652844
0.1012055
4.2272
-0.05354941
7.947976
-1.229501
-0.3891213
4.35957
10.36288
6.884863
4.89931
2.10546
4.070354
6.378137
4.565863
1.518
5.669048
5.33843
0.7822455
0.4908193
-0.2050736
-0.489337
-0.2847315
0.6630911
4.417801
0.2121544
4.124777
2.65671
0.8424987
2.738094
4.278542
0.7099507
2.17772
5.305069
0.7386325
1.336262
1.737258
4.576169
7.322861
0.5313271
-0.0637529
4.652818
-0.8204059
5.875117
4.582701
0.4772357
0.4753831
0.4006117
3.647259
6.928607
-0.4995868
-1.013934
0.03836956
0.7574337
0.7504965
5.764897
-0.1842954
-3.079967
4.718228
6.118508
5.041629
4.587807
4.701911
7.062178
4.295612
6.540663
0.4537122
3.267441
6.380889
-0.4317612
6.996815
0.7476309
-1.103849
-0.3273232
0.6571181
4.76064
5.461616
5.124983
4.462063
5.191476
0.1953799
-1.072686
4.030917
5.873777
4.049462
1.874462
-2.560588
5.194536
5.059905
6.809943
1.200625
0.0298386
6.994975
1.183361
-0.8833438
-0.5248847
4.754608
0.961876
4.022569
0.6940683
4.763374
4.952037
-0.5707705
4.803733
3.678631
4.828867
6.294004
-0.2320349
6.554693
-0.9095007
-0.1917601
3.450013
4.585084
-0.5564489
4.892563
0.4234454
4.012248
6.025788
4.787475
6.676764
-1.702775
5.269202
-0.3378131
1.781528
-2.040435
5.341549
-0.357991
2.321146
-0.7058606
-1.368636
0.2396049
-0.4566954
3.180526
4.259987
0.7226895
6.504245
-1.041744
5.066765
3.911664
6.848275
-1.24376
5.655402
7.409213
3.537928
1.666504
5.731604
