3.925495
4.930548
2.885474
-0.5942871
5.354856
4.220123
5.79846
-0.1824705
-0.8584951
1.014215
5.111811
4.371413
-1.197153
5.220581
6.140493
0.3300518
3.95472
0.859174
3.902385
4.660691
5.314702
4.84856
1.618753
6.880789
4.397578
0.5194022
3.714868
4.969105
3.194872
4.303194
5.105986
4.764219
5.755733
6.214196
-0.4445705
-0.959107
6.56102
0.1091484
3.369641
6.924815
-0.2719057
-0.08176435
-0.765574
-0.8288883
5.362734
-0.5919768
4.493787
5.194098
5.570516
2.085461
3.848485
7.973018
0.6380995
4.759901
5.758553
0.8365118
4.603661
5.589373
5.643468
0.6606197
3.855193
4.485705
4.32907
-0.05883046
5.27764
-1.190915
-0.460007
0.2119911
5.195514
-1.496471
3.515971
-0.3236993
4.996473
1.367981
-0.747012
0.833114
-0.8696666
-1.235169
1.141391
5.510378
4.632879
4.75856
-1.652262
-2.158618
5.884637
-1.53004
4.713439
5.144802
0.4936593
6.55639
-0.290315
5.687944
1.166914
-0.1313737
5.458505
5.482286
-0.7462267
3.729201
5.021155
4.3269
4.217325
5.667374
0.9688084
4.352717
0.2107041
-0.6986765
5.587552
5.203578
5.966779
0.8542489
4.550945
6.619137
6.312379
3.21566
5.533058
4.214663
5.585719
5.496968
1.902401
-0.1300906
-0.2996802
6.042203
7.486323
5.54911
-0.05955442
0.8355416
5.44602
5.409122
-0.1389588
5.723686
-2.268318
4.088469
5.088967
5.564413
6.164083
8.350755
3.421866
1.30639
0.8814288
5.140218
3.680198
3.34359
5.428607
2.826435
4.90637
0.5681639
6.192021
1.635987
4.766882
0.2267185
-1.228564
4.032132
4.224569
5.417155
5.699306
7.874168
-0.3185357
4.89189
4.060496
-0.7105666
5.057209
7.24596
3.156325
-0.04572928
5.316489
5.349352
4.236943
-0.4519023
0.2831702
4.037911
3.985794
4.012039
5.362913
-1.378234
6.81193
9.977672
-1.08451
3.919668
0.1863375
3.789537
4.864121
-0.7932582
6.53924
4.471812
0.3276851
2.190718
4.764742
9.504651
6.221272
4.564344
5.208482
4.939492
0.2295141
3.53896
4.621205
-0.03069
-0.4138259
-2.376947
-0.6597596
4.450766
5.668268
4.244387
5.811623
3.461749
-0.1769304
6.392251
3.998487
4.724403
4.634234
4.891171
4.247167
3.529757
5.870847
-1.262146
5.148473
0.2029657
4.437438
1.240173
5.414517
5.536617
-1.989902
-0.5786282
4.858117
-0.01472295
5.739374
3.814366
4.21044
-0.5130113
4.521734
5.412302
0.1637051
5.636497
4.799463
4.341257
-0.7475807
4.90837
3.672496
5.128018
3.349275
3.919363
4.786052
-1.076605
2.905441
0.2722988
3.681502
6.28138
4.069796
-0.5350361
3.99073
4.132937
5.253406
1.496486
3.358647
4.696177
6.320919
3.443579
5.119097
5.513732
3.930231
3.410418
4.335039
4.697168
5.136492
4.749643
5.406535
5.67085
4.281698
1.540518
-0.4183014
1.391185
4.51679
5.054292
-1.29946
6.297314
2.14814
-1.467972
1.520481
1.627573
4.410398
-2.191317
-1.424745
6.016724
-1.608789
6.91445
5.654035
0.6154487
5.995143
6.648668
5.10827
1.036652
5.58794
2.973277
0.6664421
1.540973
-0.5334151
3.885828
0.3660082
6.614051
0.280777
-0.95776
-1.702366
4.585459
0.8621985
2.358917
6.553675
-0.8153782
1.027696
4.07979
4.891084
4.668245
-0.6871147
6.469962
-0.1302134
1.371349
-0.1640779
5.188642
4.524519
8.114236
4.028357
-0.3764586
5.467058
3.785656
6.402893
4.110501
5.193052
3.122707
3.537782
6.348201
4.274873
1.994678
5.258399
4.359908
1.875667
5.833592
-0.4347362
4.466183
5.525264
5.500812
4.306189
4.942565
-0.7770893
6.504521
-0.6602086
3.359715
5.979454
0.09297337
3.684659
6.799284
0.3637471
-0.5524053
5.054335
4.493571
5.318042
1.60343
-0.6821082
3.324804
0.3111463
4.265055
5.558619
4.133951
-1.109835
5.56039
1.499311
0.2528932
6.500334
-1.288889
-0.4225991
4.768852
1.038391
-1.292893
0.5663828
3.676184
4.93206
4.314701
0.9285335
9.987719
-1.093917
5.621404
-0.1153442
5.909624
4.272664
-2.005
0.4156389
1.686072
-0.04891419
5.288912
1.846987
4.663334
-0.08729904
5.491777
1.342957
4.624138
1.071296
5.98132
6.171143
5.448668
4.40207
6.700907
4.084464
5.944484
0.5760376
4.70059
0.1700788
2.06149
5.093877
-1.856414
0.9180216
0.06263663
-1.190677
7.35992
0.008847283
13.02844
4.273022
5.721464
-0.7809574
4.757784
0.1061727
4.616795
6.213397
4.962642
-1.303823
6.91985
4.226184
4.832667
10.71814
3.605259
5.204298
0.4023269
10.15804
4.642483
5.343847
5.875674
5.480857
5.622659
0.7377525
6.112302
6.59579
5.997092
5.973921
4.376011
3.701181
0.4350311
-0.6701713
4.335754
5.152863
5.014766
4.793739
7.793327
-0.8835001
0.8301116
4.561886
4.461546
4.743364
0.3416424
-0.2349633
6.809163
5.819395
5.01197
-0.469872
4.888939
4.169309
5.122197
0.3925824
7.306681
0.7530546
4.979718
-1.938286
3.59758
5.191978
6.460717
2.754508
0.3451675
0.6794369
-0.2531826
4.409739
5.124589
4.699457
0.7176107
7.296028
-0.2917311
5.604403
4.453855
5.103034
4.032935
3.461536
3.946547
0.4235111
5.663705
2.231775
0.5701984
5.015624
4.362479
6.091192
4.64856
-0.2685284
1.136977
-0.2347987
5.680801
5.71759
2.61354
2.003961
2.679345
2.872176
1.505623
0.5789768
8.596155
5.49503
-0.5332081
6.084436
0.9976511
2.383039
3.907663
4.993294
3.985452
6.654207
-1.043447
6.159921
3.977786
4.681468
0.3422107
-0.1166828
0.7087293
3.320128
1.443862
-2.098222
-0.9230219
-1.082286
4.96481
4.62654
-0.2945364
4.710003
6.123944
3.999523
4.202392
0.6662481
5.412896
0.6781582
1.710822
3.688509
5.506998
6.841659
6.589834
6.087868
6.383253
6.102681
3.163937
3.872111
11.87444
0.7566522
-0.8646552
0.298847
6.975196
5.245827
0.2248453
5.639898
1.361248
6.108613
5.662205
5.801654
-0.710394
9.288169
0.9017053
0.4937986
5.986884
5.609249
-0.02480264
0.4742795
1.712786
1.1225
5.429029
2.601015
-0.876413
5.678517
4.257185
6.014634
5.680546
3.16938
4.277455
5.207727
3.123994
0.9557685
6.848143
5.589968
4.58415
0.1230877
3.987093
4.250651
-5.190614
5.594966
-0.8550321
4.524556
2.67845
7.177693
0.7963909
4.717309
4.252117
4.975922
-0.6463785
4.598862
5.170493
0.6152332
1.746081
8.684447
2.253856
2.689825
5.588167
4.803649
2.857255
6.567936
-1.2711
5.277342
-0.4566053
-0.1926877
4.068838
0.6632615
0.04412176
-0.6470564
4.687894
4.192504
4.163159
0.987437
0.1315532
7.560688
3.936898
3.604656
0.9827279
4.203254
3.578882
5.813295
-1.167601
-0.6314838
5.605143
-1.191674
-0.3855351
5.114582
1.200482
0.1770551
0.502589
7.726498
0.5928709
5.028252
4.382438
5.702721
0.02569809
3.525226
-1.809238
3.819983
4.688602
5.314967
4.336919
-0.3236126
-0.1480064
5.538526
-0.2063201
4.125309
3.898826
0.663655
1.329519
3.507353
4.44033
3.805951
4.769108
4.742727
0.2218029
-0.7021561
5.26624
-1.206565
-0.02257604
6.326528
-0.2871717
4.713285
4.652888
4.477632
2.961354
4.782933
3.506539
5.682407
3.669202
3.924842
4.411242
5.070656
-1.494851
5.753274
0.2550604
0.9564633
4.304372
0.1429029
3.743866
0.2896028
4.561447
5.394913
-0.7471884
4.135052
4.755868
4.921521
0.41626
3.709883
-0.3710936
6.978031
1.688198
5.687593
0.08304543
0.8267292
-1.171629
1.016243
-1.993987
-0.1800827
5.528117
4.901668
3.95041
0.368516
4.303026
-0.8981961
7.416788
3.893557
-0.2006941
1.385236
1.394897
6.419967
0.9097785
1.318444
-0.6789998
5.349159
-0.7008506
4.670177
4.690066
2.925134
6.071862
0.1526286
5.52301
0.6024063
6.473419
6.069251
5.043997
-1.089392
-0.8265722
2.41177
3.733682
5.062608
5.390665
4.760918
5.603321
6.188164
4.922593
2.512853
0.3578895
1.861884
5.052815
4.330692
3.922459
5.471252
5.778475
6.661641
0.1459575
4.444952
5.534166
3.957728
3.450472
0.1969278
6.919143
0.7654676
3.956706
0.5068415
4.92951
5.481881
0.8915712
1.445768
0.4433475
1.477562
5.181446
5.746198
4.37289
6.905613
-0.2046336
-0.4525799
0.8848855
3.69718
-1.362951
0.4804233
3.16665
4.988124
-0.4667994
5.27102
0.1551981
1.653876
-0.9634096
-0.5868999
7.906975
5.624803
1.261369
-1.033211
6.878685
5.257532
-0.7793681
6.522342
6.652922
5.571238
3.668149
1.088725
2.28536
-1.130979
5.524938
4.883756
3.802734
2.752283
-1.35867
4.434281
0.5592319
4.897394
4.50154
0.224891
4.220241
6.253724
2.087298
1.655122
-1.62301
6.259231
4.105309
6.294143
-0.01465967
-0.1024462
-1.192107
4.49344
0.2459689
1.821513
-0.4443987
5.829165
-0.3104588
-0.6193327
1.836671
6.448367
8.346419
7.866618
0.4433504
3.40842
3.475681
-0.7676069
5.207201
-0.3634857
0.7699813
5.519438
1.147432
3.480275
0.5263528
-0.8298122
4.827968
-0.1459545
6.138119
4.756196
5.280889
-1.450863
0.3370985
-0.9958365
5.417066
6.381945
0.8375873
-0.3657186
7.800437
5.543008
2.327064
-0.2983968
5.093771
5.951763
1.20056
3.983928
-0.03889512
0.653021
6.964514
6.047145
4.091795
4.236151
-0.861321
4.766361
1.683521
-0.1312127
6.157324
2.158929
-1.122342
-1.265723
1.157847
6.717902
4.579271
0.01009256
3.857381
5.312874
6.491398
-0.6852709
-0.07130165
5.702905
0.6523934
7.572526
-1.86031
2.026966
0.8118692
4.636673
6.551477
5.329984
0.097148
5.530372
5.656238
5.552107
7.016664
4.144604
4.134732
5.907955
-0.00634208
5.19948
1.58873
-0.1723858
4.680751
0.1232894
5.725381
4.610241
5.821178
4.268425
4.344614
2.241526
5.239224
-0.7792079
4.86997
-0.5875313
5.467654
2.830795
-0.4072836
4.809555
6.294811
-0.5919941
2.097095
-0.02342962
-1.035398
5.72712
5.370397
-0.002653589
3.639185
-1.519933
0.7850462
5.909992
-1.702175
4.314478
5.158507
5.036887
-1.247023
3.260601
-0.6423554
0.041365
-0.2877834
6.64235
5.559036
7.064013
4.061293
4.559622
4.196966
4.361769
-2.712
4.994985
1.319457
1.228874
4.972546
4.4795
5.265624
-0.7237714
4.383418
5.927373
4.401472
0.5530031
6.063661
1.865752
7.317631
-0.4823145
4.736194
6.017272
0.4345142
0.4747534
4.014138
4.482216
-0.6601834
5.701069
-0.512405
5.280611
4.141173
3.477448
0.6041711
5.189275
4.389615
1.043531
-0.2266612
0.2453151
5.448455
7.155233
1.183896
1.197382
0.1972798
6.633925
5.423097
1.237053
5.761459
3.693049
-1.970014
-0.3146202
4.829612
-0.3767621
4.30292
0.3590486
4.813622
4.758638
4.191294
0.9456557
-1.022532
0.812792
5.770082
6.418506
0.2981414
1.477773
12.42819
5.211061
5.92549
2.158072
5.753989
3.50768
4.859331
-0.4395279
0.6219709
5.755929
0.537397
5.857686
4.202139
1.323764
4.764226
4.718626
6.469939
5.238653
-1.583814
9.014104
0.5993378
1.127514
3.624181
5.374335
5.104719
4.506947
-1.110976
0.269603
4.79267
0.2427422
-1.439433
8.912048
3.505688
-0.3091268
5.369526
4.179116
5.544056
-0.5630139
5.206736
4.442171
-0.5209829
6.152236
5.275479
3.521379
4.480783
3.640103
2.147843
4.482342
4.039513
-1.348532
-0.6570685
5.962184
3.42825
4.988011
6.240198
0.07398744
0.4281615
-2.274269
-0.567294
4.764054
3.549948
4.910025
6.239403
-0.3688385
3.058701
5.332296
4.370663
4.407666
1.453757
-0.471797
1.170684
6.643663
5.699347
-0.5552309
-1.099019
-0.2614634
7.814955
1.966234
-0.7705041
5.174921
0.6599155
-0.6593717
5.928277
-0.8432719
5.951147
4.600316
1.263327
4.559758
4.207107
2.728264
7.084821
-0.6471304
0.03530385
6.394731
0.3304258
-0.5919095
4.218678
3.967249
1.93082
-0.1266348
4.317526
6.746155
0.09047935
1.546541
4.848419
-2.250653
4.194561
3.617923
0.257626
5.118162
5.445486
1.477902
0.9010629
-0.5436966
-0.1023773
3.958721
6.064213
3.350806
-0.03377194
5.201269
6.510428
6.799738
0.4487315
7.064671
5.090827
5.063644
4.937738
4.304859
-0.2864217
4.833386
3.608371
-2.28707
5.307401
6.966924
-0.1202823
3.946274
1.437306
4.45591
4.878203
4.934778
4.549019
0.1535099
4.208492
6.361539
6.742322
5.653075
5.370522
1.268257
3.060663
2.943735
-0.05061445
0.4687684
1.116503
1.392855
-0.4796104
4.764507
6.429404
-1.62093
-0.7386043
0.1763553
4.57116
-1.284508
4.192603
2.191336
6.505707
0.9633103
7.337125
2.902627
4.77388
4.765283
0.2131697
3.552938
3.911274
5.171062
-0.01665212
5.581918
6.063558
5.574329
-1.322746
1.035338
6.855197
5.191378
8.966106
0.05772902
3.96648
0.6007019
-0.9820761
5.374602
7.22212
0.5862736
5.356195
3.65878
4.123862
4.158786
4.329705
0.4753929
4.82665
6.404167
4.304379
3.852318
4.384938
0.2325639
-0.08118437
4.727816
4.285311
-0.6523407
-0.5069269
5.028785
1.473676
0.688158
0.3271054
5.261056
0.7903102
-0.1761908
5.782929
0.8302333
5.523535
5.619365
-0.01959033
5.413381
5.581906
5.117311
3.980741
6.095922
6.562347
4.125013
-0.4104962
0.3283301
0.9885445
5.582337
1.554356
4.603871
5.591816
3.977632
5.157297
-1.921258
0.6899986
-0.06054061
4.363461
3.871398
3.480467
5.668241
10.34523
3.901653
0.7005288
-0.8226707
4.756837
5.015804
5.556591
5.58663
6.186106
0.2089739
0.764252
5.107509
6.52405
-0.3266597
4.859965
-0.661481
0.4114944
3.967598
3.961672
5.717453
5.588479
0.1415751
4.742729
-1.609266
7.70505
4.762959
2.922561
4.830695
4.67311
0.1352983
0.5513004
4.529523
0.6036518
5.599284
6.027993
1.403187
4.686322
-1.099611
3.916456
5.42639
4.197716
0.1742337
0.7619132
5.73909
0.6265485
5.250046
5.042089
1.06255
4.277345
4.95419
5.224735
6.110882
3.344385
5.055733
-0.6879769
5.940878
4.825908
5.670548
-0.3900373
6.000426
5.269607
5.022843
5.073766
-0.155024
7.228146
-0.9635982
-1.103408
3.996035
5.989556
3.716531
4.437522
4.344001
5.8431
1.504606
-0.9500831
5.044219
4.773771
1.246997
5.353003
3.870379
3.338458
1.245015
4.134022
1.27205
1.564497
5.52201
4.805857
-0.3586653
-0.8578063
5.427631
7.548747
5.186769
-0.01572648
5.926888
3.400909
0.04895558
0.3107816
6.152705
1.382877
10.05245
-0.1404151
5.674543
4.187776
5.535577
4.716173
4.527346
4.890051
2.714756
3.522627
6.409302
3.273948
0.9944321
0.3505728
7.378159
3.845448
0.6096178
5.548074
5.540254
5.612539
7.305746
0.9701598
4.78822
-0.9817389
-0.4485694
4.317245
6.121894
4.776594
-0.1285307
4.130705
0.03544399
6.136315
6.601915
5.091003
0.002458792
5.405148
-1.548586
3.728529
4.482948
-0.3093172
6.20362
-0.04836807
5.575649
-2.00881
1.362323
3.567291
4.175687
-0.8810667
0.2150042
-0.9535384
3.875343
5.434849
5.292549
0.4356377
4.662444
-0.6217316
5.316632
4.909301
0.09279816
6.611763
5.610719
-1.353131
5.678082
0.6859389
4.723095
-0.6294567
8.153191
4.324752
5.183394
0.4338766
3.117039
1.620259
0.1667936
5.988056
5.420642
3.748532
5.15682
0.01785275
0.6276152
0.9243017
4.459576
0.2088348
6.876373
3.117602
0.3278443
5.703009
5.098532
4.669587
5.183271
-1.530335
-0.1483818
0.4136148
-1.812648
4.892267
5.24727
-0.2946764
0.5171811
3.658289
-0.3757964
0.1548702
5.397581
4.753386
6.683526
1.53247
5.140202
7.428966
-0.7714247
0.4548034
-0.1330164
-0.5617875
6.050216
5.186109
5.606593
5.375209
6.060464
12.96469
6.827618
-0.399871
4.231836
-1.087624
1.323276
5.413558
0.08627877
5.226326
4.188126
5.060864
3.549539
-0.342611
4.878657
1.226753
-0.285533
7.376598
-1.291865
5.792273
4.424738
5.424286
0.2224065
-0.1561658
-0.8623494
0.2834219
4.451295
4.061749
-0.9812171
5.348126
0.06642386
-0.303198
3.262914
-1.319675
4.521028
0.05650191
-0.5958098
5.876761
4.037088
-0.18622
-0.9035651
5.372285
5.598725
-0.3698444
0.6871903
1.18208
-0.06769659
6.771657
0.714174
-0.448455
1.42301
3.840579
4.318796
6.296234
-1.13204
4.798296
0.401827
5.315185
3.962543
4.94869
1.156437
0.7598178
4.438038
0.1627344
0.4773083
-4.456061
5.934299
0.07246578
5.551998
-0.9139692
5.732537
4.682023
-0.4362097
1.047732
6.56098
1.865292
4.796114
0.973187
3.206083
4.626748
5.583411
4.760194
4.800817
4.964552
5.16096
5.044983
3.713137
-0.6482046
5.561934
0.1712381
4.265738
5.462886
5.845864
-3.718038
4.496552
5.679195
5.323304
4.543563
4.646739
0.1048672
3.939037
-0.1305932
3.284592
-0.03775247
4.342756
5.791442
0.4660576
0.3291039
2.977513
3.559953
4.054959
6.942354
3.4343
4.970258
5.132146
5.276638
1.139741
4.273734
-0.8580835
7.97817
5.394689
3.139684
3.859714
-0.8823482
0.5541494
5.352601
-0.04624834
1.504218
5.490634
1.029282
0.6379079
3.548304
0.5983813
1.372529
5.262589
1.229277
-0.6419505
-1.099395
-1.126209
4.980506
5.606843
1.587169
5.616297
5.619423
0.3059299
4.22917
6.969323
5.166111
8.939589
-0.2180447
4.595753
3.960521
4.013774
1.338721
4.909064
6.557845
4.098432
0.6214774
3.478324
-0.05630018
5.807819
-0.858779
3.837526
5.411776
3.600816
4.983627
5.085099
0.321761
-1.198863
4.609478
5.041172
0.1189085
0.5909551
3.247021
4.498141
-0.1702662
5.131843
5.432774
1.899341
5.610578
0.2767313
4.575743
-0.4922267
1.038784
6.852641
1.495566
4.176214
-0.4077933
-1.105922
1.19602
-0.8000048
5.517001
4.63896
4.456276
5.721429
-0.2569235
6.011733
7.139157
0.1375009
0.06095978
0.1408363
5.514031
0.6803385
3.99939
0.8503547
5.115771
0.2269065
5.553472
0.1186782
0.1254926
-0.2733054
4.616573
-0.9020955
5.664648
4.889373
1.192033
5.200821
-0.3554078
5.386652
0.3980636
4.511693
6.953659
6.53223
1.522465
4.760499
0.1680515
1.810523
-0.8106166
0.5218108
3.89657
-0.4029482
6.538909
-0.9682684
4.676486
-0.5336552
4.893043
1.05412
-0.5493454
6.749315
0.01989793
-0.6120118
5.842463
0.7324801
6.112576
-0.04039863
5.532056
-0.624745
5.719515
6.887214
0.02416677
0.6706737
-0.8462834
0.9155229
0.1709959
-0.8341889
4.269625
7.004704
1.042688
0.5345092
1.082678
5.077449
2.55694e-05
5.892337
5.288545
5.752843
-0.1024984
0.2928326
4.839789
5.222777
-0.2857372
6.972404
5.968276
5.691274
5.600742
0.2886054
0.511554
-0.9172924
-0.2854213
0.9886689
6.094075
6.016304
0.5696134
4.112392
3.734905
0.1451482
1.559827
5.917076
3.541171
5.98815
6.333583
-0.4141355
-0.3112322
5.373007
5.156419
7.858391
5.602815
0.6990864
6.849701
5.591492
-0.1838382
-0.7507577
4.949893
5.460432
-0.5610596
0.6459671
6.887317
-1.098281
0.3429066
4.349934
0.4811271
0.08172178
4.669654
6.27386
0.01995932
4.726554
1.362083
5.448942
0.7996693
-1.161585
-0.3946838
2.859776
6.662287
8.681476
-0.02836012
5.640978
-0.03140247
-0.863367
4.645066
-0.6102064
3.764125
0.760674
5.195492
6.08797
3.169577
6.1284
4.149055
4.610538
4.622719
-1.355687
-0.7035114
1.381164
2.067755
-0.3476468
0.1922268
4.300138
0.786552
0.7470098
3.649949
0.3266631
1.496896
4.968783
5.738032
-1.697583
3.345444
4.643829
0.9851294
6.151265
0.2634355
-1.09373
6.016661
1.170053
6.298896
4.910095
4.629358
5.737026
-0.9246631
5.505548
-0.01137187
-0.2210051
-1.703863
7.238484
4.180185
0.3506912
0.1501179
4.658546
4.673631
4.63659
-0.6296264
4.411739
4.766696
5.050064
4.993688
0.7030798
5.310398
5.0058
5.028056
-0.8868284
5.375823
5.082645
-2.025121
-0.155589
0.7448472
0.80984
6.107139
1.050257
0.6871695
5.430168
4.791124
4.470762
0.6540132
-1.45378
5.248756
0.6401079
5.048403
1.758682
3.68742
4.865743
-0.5712241
5.374574
6.063024
7.155387
0.7982859
1.822611
1.618597
-1.005607
5.37002
0.8807539
4.159334
5.469207
1.090827
-0.9620241
5.097233
4.3012
-0.6748323
3.231012
5.559714
5.27928
5.234395
3.820955
4.303186
4.821708
5.023964
0.04969666
4.924469
-1.759473
1.080762
2.682642
-1.63645
7.396633
1.483905
6.393356
4.164757
-1.929771
-0.4398594
6.762954
3.866239
-0.2235534
-0.5909992
-1.754051
-0.4007577
1.687477
4.159187
-0.2705982
-1.57366
4.898239
5.62047
8.294414
-1.81082
-0.1378058
4.9238
1.177615
0.2562289
-0.76564
-0.915841
-0.2961937
4.759904
0.2183781
4.748949
-0.6486179
4.709622
4.713792
-1.57441
-0.2835723
6.082715
-0.4199408
-0.3624098
4.317739
0.6017598
4.402966
3.352431
6.102391
4.692664
0.3448496
-0.9535178
-0.3154919
5.899689
-1.187667
0.21421
-1.338923
-1.632207
1.027715
5.998414
-0.4538955
6.983266
7.975273
1.824074
-1.09704
4.029343
1.829241
4.726566
4.462671
3.992701
-0.08490886
-0.3422244
5.469297
0.1679324
5.990564
0.8806964
2.969019
5.061119
1.149676
5.5434
0.9603091
3.10737
0.3258849
4.135431
4.224115
-0.6849826
-0.9237455
6.089509
-0.2615446
0.5458716
5.708962
5.77488
0.5766204
5.483296
3.239417
5.400854
5.365164
5.007699
4.342985
2.150317
1.741292
4.337231
3.655122
0.4914382
4.742399
5.404482
0.2435069
-2.948778
5.558724
5.514727
5.263385
0.248058
5.030159
4.67213
3.246638
4.629595
8.095971
1.270059
5.65862
4.509311
1.026342
-1.323716
5.308207
1.548719
-0.8190618
4.354277
4.184571
-0.4732615
1.157408
5.512331
0.234464
-0.02362588
5.289323
6.135438
0.1490051
0.1306015
3.400203
-0.8861983
5.245458
0.6112459
5.586933
4.831563
4.198864
0.3538311
-1.987868
5.739031
4.2448
4.805022
2.317013
1.076226
-1.945596
3.774922
1.440301
5.752882
1.043309
4.799403
6.410475
-0.7993984
6.059076
5.150549
7.382364
-0.2739141
-0.3593509
5.653937
-0.3921813
4.716458
5.824008
3.757264
4.634656
3.30174
5.653609
5.713104
5.043284
-1.908431
-0.4367055
6.137439
5.292448
6.967319
6.843175
2.935341
5.124601
4.338263
4.475947
0.5284099
5.090641
-0.3089762
5.991989
4.222247
0.2349224
5.983735
-0.2834345
3.958153
5.873221
3.802719
0.9108388
3.771026
-1.007588
-0.3504495
3.818093
-0.4183126
5.143238
4.024003
-1.047821
-1.301262
3.778512
5.332067
5.607339
3.153034
4.645186
4.139245
1.704489
5.872221
-0.1897694
4.738414
5.51967
5.149267
-0.2787394
-0.7657751
-1.518999
5.022535
0.6393884
6.077991
3.966108
4.662301
-1.770865
4.334885
1.570453
6.887235
1.71192
5.242832
4.562913
5.736388
4.232399
1.340642
4.16912
3.940059
4.055357
3.776629
5.468999
3.608551
10.67541
5.257062
5.076199
5.862443
7.032461
2.948112
6.134661
6.177137
-0.6207187
-0.1848662
5.46514
4.145398
0.9211338
-1.096055
3.068003
0.1695952
3.817876
4.147688
-1.604967
-0.813873
3.421264
5.52239
6.708127
3.363651
4.993138
5.467972
4.637766
0.007820574
6.438361
4.913967
0.03958883
4.855173
2.658371
3.957116
4.952477
4.309996
-1.527675
2.997969
2.038598
-0.1340636
-0.1879343
5.222856
0.9962858
2.868295
-0.2556574
6.80568
5.254348
-0.08733452
-0.4897655
7.026271
0.641909
-1.054273
9.405675
5.282631
3.637332
5.56717
5.755786
1.749062
-0.8208672
-0.6591971
-0.1073842
7.030996
0.5546568
3.427583
-1.065625
0.4561518
5.646776
4.131992
0.2786412
4.457383
-0.7841628
6.120914
4.341363
5.188853
6.276472
-0.8403383
0.9713945
4.941885
4.059156
-1.11028
4.886509
5.03493
5.443516
6.015297
5.274973
-0.4979211
-0.5478795
6.60451
4.058208
6.067173
-0.3248118
-0.8346987
4.156652
-0.7201499
5.402389
0.8570175
0.009204058
-1.611119
4.60384
6.927329
4.735369
4.415782
5.165324
4.275137
-0.6153463
1.38359
-0.6193226
4.344144
1.306936
0.05135169
4.385931
0.7620819
1.122311
5.29695
5.319421
4.153704
5.594401
4.317144
3.700284
0.2430093
0.1090193
4.432845
0.05631416
0.5229891
4.572592
-1.625316
4.354999
4.691384
5.805912
5.109208
5.301445
3.847101
0.3894545
5.913803
4.00145
5.704938
0.1233795
4.021374
4.897433
-1.763573
3.952642
6.609181
0.3541393
6.869895
0.6140409
5.167184
5.695869
-0.1368211
1.634924
4.374362
0.1245687
6.458803
4.807109
0.8117295
-1.185785
1.096665
-1.408164
5.13421
6.862045
5.344326
-0.5516793
5.417046
-0.6963101
-0.209904
5.202122
1.051589
-0.4680005
3.125873
5.017499
3.979858
3.95264
5.863242
5.38555
-0.3254695
4.780771
-0.7472846
5.560765
5.74205
4.219148
-0.02069825
5.249489
4.896482
-0.662446
4.202183
-0.6274686
-0.06581228
-2.600756
-0.2881475
5.314299
-0.2416743
-0.05787266
-0.06843881
-1.141626
5.397467
5.539609
3.554593
0.9805345
0.1545494
3.83126
5.582141
-0.1217717
0.2281286
0.3073579
0.946309
0.8509575
-0.7745294
4.914372
5.633317
4.705986
6.503859
0.9943782
4.092385
-0.07119659
-0.7777959
5.259845
5.992853
5.558224
1.086202
5.536243
-1.019798
4.683828
5.363513
0.6531379
3.652459
1.649318
4.573634
-0.1666589
5.976419
-0.7804888
6.494793
-0.210223
12.45933
6.73628
-1.130199
-0.2698924
3.355805
4.364399
3.648589
0.0964339
6.962989
0.1435039
5.661589
4.656616
6.633526
7.717915
3.465352
-0.8533265
5.333552
4.403201
2.412808
5.976631
4.710521
4.682048
5.114583
0.1551435
5.468107
5.399448
1.121853
5.02508
0.1339516
-0.3968273
5.303253
-1.101063
5.628141
5.721972
5.774889
5.214301
-1.285969
4.605308
4.083712
7.258755
6.056466
2.169284
0.4691718
-0.05503589
5.99282
5.037527
0.6715786
7.214528
3.969251
4.00251
1.672597
8.638238
1.168346
-0.9073264
5.001372
-0.5294463
6.49613
6.656331
-1.565462
3.819828
-0.11901
6.655873
1.102079
3.305534
1.421214
0.0624593
1.001699
-0.7940509
0.551612
5.471594
0.5022776
6.180866
4.926433
1.547071
3.311684
0.4948612
0.8016087
4.697038
0.5961518
5.679008
4.599826
-1.140758
5.699448
4.620154
0.675371
5.495394
-0.31164
4.81924
5.728121
5.310248
5.351865
0.7733097
6.018098
-0.4709161
5.318614
0.6862855
4.235761
5.310149
0.2097261
4.304356
5.22111
6.296722
0.06664011
6.117966
3.941266
-0.694767
5.026287
2.296872
0.3088718
5.463647
7.297825
4.906399
5.880357
0.3508171
5.661349
0.3311441
4.59262
-0.6298062
5.889299
-1.642378
6.090888
-1.156516
5.096595
-1.57253
4.195147
-0.6059722
1.362317
4.371453
4.718958
0.1604021
-0.983796
4.451187
1.562594
4.569913
0.2500482
0.9626129
2.757909
-0.06917019
5.013023
3.434524
5.073944
5.720174
-0.8691991
5.200086
1.23809
4.050228
5.327115
0.9588445
4.957947
3.266913
3.285979
-1.149306
0.8280686
5.320826
2.850162
5.521654
-1.392138
7.432779
8.804852
5.364165
1.261916
5.273259
-0.213152
5.905406
0.4646488
3.831795
0.06527824
5.441744
3.308232
5.97758
-0.8918812
4.878441
6.096786
6.733584
5.957575
0.5105374
5.48662
5.106092
5.528012
-2.325739
3.406561
1.023238
4.668608
4.561016
4.392872
4.440178
0.6432543
6.050167
0.3445809
-1.022827
-0.2470066
3.901012
-0.1465135
4.534835
1.104957
8.277817
0.9682635
-1.022755
5.369914
3.583104
3.292846
5.013853
-0.7665525
-0.07590459
5.249779
1.788563
-1.801598
5.337754
2.762893
6.522492
-0.6417431
0.6390113
5.872496
4.635022
10.26475
-1.233481
6.879792
0.332374
8.100682
1.649661
5.022927
4.312337
-0.9541612
5.610731
0.2563841
7.434464
-0.3362161
-0.01765973
0.5809886
5.233072
5.596013
4.311917
3.699032
3.971396
0.002178257
-0.5913148
5.506526
5.715583
5.287788
6.090383
0.3058334
0.4204173
6.866269
3.309442
1.927741
9.47388
5.354881
-0.1271419
3.98958
3.620503
5.137786
0.5107516
-0.0001177792
0.05735068
0.4827076
1.016979
-2.180114
-1.87797
0.8799425
-0.376972
2.065902
0.03211122
5.704805
-0.4572915
-0.1256887
1.291304
-0.9823838
0.5147989
5.666286
0.2310896
4.325053
0.02436331
2.467676
4.323685
5.381582
1.235887
4.504654
1.852576
1.934453
5.757039
0.3412724
-1.636435
4.40494
-1.795299
6.098882
1.687074
1.224005
-0.4580941
1.246423
5.681589
0.381045
-0.4298046
2.909672
5.745484
8.774305
3.093637
-0.2387571
-0.03624672
4.775447
0.02022812
2.098535
0.6054704
5.717896
6.447505
4.207392
5.577225
-2.292847
-0.3112893
6.507744
5.057085
-1.886463
4.55856
6.751419
-0.7366357
-0.7707439
0.1874972
1.898536
-0.2433841
-1.666025
1.25812
5.890531
2.850139
1.218634
4.464309
-1.961836
6.787735
3.034326
0.2215989
5.384878
13.39525
0.2182564
5.011444
0.1301644
8.256278
-0.0006347171
2.359352
4.733403
6.451791
-0.599017
3.980259
6.939111
3.487637
3.45669
4.679667
5.893675
5.23809
0.5303554
0.0008584135
3.885425
-1.626375
4.346396
-0.5168769
5.415924
0.1651297
2.785565
4.434822
0.2127381
1.079334
-0.2322773
-1.05933
0.720781
-2.159737
5.168865
-0.05456985
0.5899039
4.492071
-0.9455521
1.531617
-1.076392
-0.8382166
1.277244
0.02033409
0.7642865
0.8293754
-0.31014
4.266658
3.353879
0.5899814
5.778655
4.587043
5.147746
5.268073
2.643877
6.10076
4.942071
4.833521
3.792614
5.855609
3.052785
4.023771
1.407618
-0.1366737
4.855619
4.609194
-0.9016759
-0.3896703
5.031867
6.490454
0.5048183
-0.4396416
-2.056891
4.888599
4.267484
6.965648
0.2468634
0.494212
0.340581
-0.2791581
7.652383
3.513358
-0.6235241
1.123342
-0.610514
4.627078
3.279697
4.597602
3.869261
0.7876725
8.841907
5.952138
0.5976408
0.4399079
3.874001
-0.2029957
0.5830933
5.045731
-0.179181
-3.107183
3.417294
-1.933584
0.4716464
1.796269
4.130779
0.5233741
-0.295531
1.41036
6.127523
5.648533
6.424976
6.191441
4.779247
3.270715
1.495009
6.711469
0.5198247
-1.126634
5.871858
0.1993121
0.1469521
-2.661472
6.422103
-0.5269843
4.659321
1.009317
0.7174941
3.768494
5.16027
4.608385
5.19631
-0.06551827
-1.994568
-0.6130045
-0.7734199
4.537278
6.139248
5.635688
4.663241
1.173286
5.739882
5.289291
-0.4983382
-0.1374228
4.837221
0.7924274
4.516531
-0.1485445
-0.2285917
-1.866724
-1.627675
2.888856
0.6175671
4.960369
-1.63005
4.229232
-0.5732122
5.017075
4.441566
3.598209
5.9646
3.353701
4.136486
-2.462136
4.743523
5.721853
-0.1830612
0.4600815
2.690882
-1.429799
-0.2673555
5.412772
0.14624
0.4882262
4.739668
-1.21303
-0.8322403
5.327314
6.492891
5.409702
2.62144
4.243326
0.4908825
5.498744
8.816649
-0.6219187
0.2756456
4.443033
0.3617736
5.532705
-0.3553957
8.812907
1.227878
4.702559
8.201333
7.852049
-0.2220505
2.395555
0.870143
5.255189
4.550791
-0.3087124
4.768404
4.936648
4.47458
0.9840539
-0.02532041
-0.2838551
6.43394
3.655255
4.228008
4.57082
6.791477
3.061461
5.377491
4.240941
5.156841
5.194077
4.020986
4.414437
4.361889
3.514434
1.906987
-0.397754
3.931969
-1.007757
-1.899965
0.1027994
5.601436
4.023259
6.321622
6.2858
-0.3716596
5.042248
4.887632
-1.013525
1.712011
0.3845225
4.667752
-0.9208916
-1.126118
6.039851
-0.7408936
5.757148
3.43435
-0.8817515
-0.9135756
0.9725543
4.609032
-0.5337348
4.036741
-1.12957
3.610601
5.857177
4.420271
7.593974
-0.8580026
5.819459
1.453399
7.432431
5.17941
0.4209292
-0.9371543
-0.8068663
5.639089
4.612741
5.636548
-1.594868
5.719832
-1.280145
5.117322
0.0949491
7.05887
4.864507
3.642634
5.230131
5.239347
5.814953
-0.02754248
4.098353
4.99438
5.038867
-0.5216957
10.68967
4.781782
1.017665
1.237872
0.7483758
5.779152
4.996942
3.904624
7.658826
3.671073
6.193844
4.068828
5.871911
4.447762
3.732564
-1.128841
-0.7635422
5.544111
4.302109
0.9674952
6.338957
-0.8055212
7.841548
5.699441
4.829891
0.7658009
0.6245427
5.839348
-1.539273
5.594526
5.503827
-0.7155475
-0.6810416
3.5052
-2.299302
1.433946
5.130474
2.790055
3.918182
0.4962609
4.364693
6.194606
4.756553
-1.507372
0.2731319
4.366651
-0.606383
3.024967
0.3703533
4.368815
3.972071
4.01372
3.357478
1.051386
7.64266
4.51123
4.15488
-0.2003341
-3.012521
3.613514
3.518042
5.272497
4.071259
3.061601
5.563787
5.3057
6.500679
8.475923
4.699268
4.535669
-1.013775
0.2969876
5.520468
6.52407
-1.146293
4.15415
5.449043
0.2167679
3.771547
-1.011838
3.977317
6.739692
-0.3017691
4.692404
5.827559
6.362419
6.146522
5.732243
0.6611897
0.4987757
3.753211
5.781486
-1.010067
3.306788
4.784784
3.663273
-0.5978541
4.083132
7.797051
1.42407
0.1835683
2.2125
-1.072945
2.889914
6.135866
-1.552364
6.622945
0.2840829
8.779122
-0.7372877
7.305138
5.391877
7.008271
4.27197
0.1880336
5.889064
7.070555
3.683268
4.965338
4.109678
-1.220356
0.436913
5.691585
4.97187
9.164033
4.264625
9.588159
2.721054
6.279386
6.074692
0.5999244
4.469886
4.994128
4.904281
0.02169912
0.4384935
4.300517
-0.3900081
5.473082
-0.7239304
0.4708379
4.994984
5.214276
-0.06077775
5.636522
1.157751
4.634324
-0.208372
-1.700601
0.3438594
3.20514
7.763391
3.945829
-0.3831451
-0.6839187
5.487249
5.894751
5.789914
1.320983
3.077151
6.089781
5.340109
5.668052
4.414359
6.311358
-0.4672403
6.683628
5.447734
3.558663
5.66762
6.152311
4.998927
5.449903
5.680183
3.600149
4.940207
5.848469
3.783359
4.247136
5.970216
-1.079204
-0.3446217
2.887192
1.204038
0.432623
3.590398
4.158837
5.93131
-0.4155707
-0.4223083
-0.0188618
4.43369
3.551815
5.125166
9.498214
4.778211
1.726624
0.1532962
-0.5554452
-0.1434398
6.373286
-0.4980282
0.1418412
0.4644277
1.144542
4.800148
-1.78376
1.253914
0.07812245
4.754986
3.838349
-0.5822902
2.877391
5.342779
4.549993
4.706185
5.04046
-0.6072362
6.451432
1.146334
1.390216
6.945186
6.914299
6.092099
5.630955
4.03167
1.053321
5.460372
3.716285
6.97415
5.069079
5.680621
6.959527
6.16327
7.366265
0.396277
-2.436767
1.271827
4.921907
6.41684
5.315652
5.552884
7.203454
1.990578
-0.8480776
1.633084
4.728495
3.922424
6.66267
6.244466
4.674605
-2.513567
0.7616863
0.8435446
4.65757
4.013205
-0.1269697
-0.69506
4.597199
4.381977
0.1615169
0.7278936
-1.924527
-0.1173276
4.212479
11.06434
0.8621579
0.6268736
-0.3006032
-0.5738262
7.342854
5.397114
1.660759
2.759385
5.309577
5.094932
5.500273
-1.557957
6.602745
6.743717
6.374084
8.255786
6.057008
-0.0981617
0.4808451
-0.5950129
0.3989992
4.9696
7.068788
4.693267
1.762932
5.455785
4.506322
4.422244
6.958204
-0.7221544
5.155041
4.963625
7.102597
0.828311
4.389618
2.988951
7.394472
3.916052
-0.3634606
5.73052
0.5469825
0.7615487
4.318182
3.115334
2.274726
4.19332
4.305736
-0.9489237
1.414549
0.335712
5.395498
4.460833
3.961545
5.560244
-1.003783
4.695746
0.3033394
4.026907
0.09622367
4.872312
6.116492
5.233915
3.534036
0.2129505
0.3610139
6.095199
0.103154
-1.594875
1.805377
-0.2069819
0.09213322
4.700225
0.5783526
5.18688
0.4968767
-1.062302
-1.030703
4.871939
6.884537
2.074787
-1.600365
0.8135972
5.407042
-0.5883564
6.196759
3.208694
5.105771
3.987508
6.552649
3.011235
6.618379
0.8326601
4.166813
5.705285
3.110012
3.477712
3.225912
1.198347
5.377833
-0.9806839
5.231829
-1.194006
-0.1660826
-1.697309
0.01102406
0.9528151
1.615627
5.812138
5.449199
6.37377
4.446942
4.5902
0.7337211
3.7486
4.148354
2.678109
0.556824
5.275283
5.767748
1.914698
-0.8381775
0.3502446
4.920935
4.709756
5.773545
4.690824
5.672917
5.674089
3.42433
5.692429
-0.7961539
5.968224
-3.079281
0.8571082
-1.077144
1.375714
0.8140322
-0.05445896
3.631584
4.441582
6.665596
7.135092
-1.111244
0.2665819
4.969811
0.2512736
4.143411
6.533142
-1.909554
4.703511
0.09270988
6.206569
0.1995248
5.49179
-1.007014
8.604752
1.201037
-0.8914565
-0.4406609
0.8781401
3.944898
5.338873
4.674795
0.4264739
3.783008
6.36392
6.13675
-0.4318712
-1.336463
5.735836
-0.994692
1.148713
-0.1097762
6.448542
1.37069
5.781128
-0.6820712
6.042903
0.3845614
8.009617
-1.2467
7.19356
7.966815
7.431318
0.4244029
6.236073
4.413481
-0.2561392
4.292417
0.9636003
0.2387854
0.2024245
-0.9381315
3.918044
0.5344959
1.689066
5.007885
5.20275
2.427453
5.05813
-2.083564
3.199826
0.7066218
5.759073
0.9845614
6.22632
2.78028
0.1008854
0.1496584
5.725025
0.5088129
2.97139
7.540743
1.335366
4.359047
-2.080157
4.986566
1.673922
6.16422
5.521127
2.593842
5.890174
5.677171
5.17943
5.292724
4.96382
3.624476
4.820631
4.321892
2.698961
0.1697342
5.57841
1.771547
-0.2251808
4.660504
0.08447682
5.121543
3.780347
4.41967
5.824229
4.147903
5.5946
5.874113
0.8477858
1.23577
5.484144
4.423558
0.4073472
4.710707
6.073648
8.2145
3.624888
2.628012
1.831311
5.268131
4.669771
5.725801
2.777142
-1.043008
4.440383
3.881241
4.319477
2.488402
0.772917
0.2501469
5.717843
0.3359945
4.503519
-0.3720854
-0.5869887
4.458005
5.746148
5.878746
6.023896
5.081269
0.00511631
0.290348
-1.421345
3.569922
0.3932047
0.5441027
6.098079
4.608368
-0.3503631
-0.1210224
5.539461
6.929866
4.093596
-0.02223598
-0.3688876
-1.625852
4.244823
5.24617
5.061614
1.132714
5.663338
-0.4625696
5.124283
0.3128007
4.818084
3.941935
0.1354484
1.160553
5.800261
8.096355
0.7130104
-0.3000831
4.372903
5.557329
5.106801
5.771154
5.110145
-2.099978
4.987468
0.5363478
2.556714
5.660616
-0.201245
4.55167
6.001949
-1.378584
5.961162
3.886462
-0.64856
0.4169116
3.77595
5.553357
4.893366
5.649244
4.925936
6.199093
-0.2690816
10.99389
1.628181
0.7903345
0.01843991
4.636857
4.544369
-0.1382765
7.121299
0.5044785
6.925502
-1.239086
3.413711
6.604334
6.643429
-0.850607
-0.1109609
0.2180132
-1.186397
4.424624
4.810863
-0.3879156
6.020051
3.085038
-0.7135405
3.087436
8.412698
5.35822
5.192154
4.755011
-0.3142014
3.004687
4.080801
6.461642
6.222761
3.919426
2.850195
4.323812
5.315618
1.191484
0.2625575
5.922972
4.838586
0.3661254
0.5488783
0.220729
0.34605
4.54704
0.2870495
-1.642167
6.227605
3.687865
1.576116
5.023038
5.800459
4.80105
6.040683
5.097565
-0.2793182
5.579022
0.2000821
-0.5365925
5.656162
6.093971
5.33042
4.624752
0.280128
4.872052
5.318909
4.173058
5.411468
4.117307
5.454345
3.739326
-0.2809553
-1.321453
-0.2138805
6.36704
-0.6307183
5.908703
-0.04039457
1.818787
1.523417
3.640357
5.574043
2.851333
4.710222
-0.740683
4.288599
4.900959
4.979237
3.744151
5.283246
1.208711
5.835107
5.980231
-0.2823771
6.220575
6.905866
0.353313
3.516625
2.26258
-0.6848892
4.997179
5.496846
1.123718
5.250287
5.282924
4.141223
-0.208865
4.097753
6.771739
3.971655
4.728623
5.390817
4.355145
5.334257
4.870392
0.4992068
0.06276126
-0.2541924
0.3026978
5.158239
-0.4715377
5.374961
-0.2900844
4.448987
0.8742457
-0.423045
4.671453
2.363033
5.28853
4.341842
6.925535
5.551238
3.94882
10.83686
3.577473
3.630466
5.799934
4.17369
3.271564
4.560195
0.4676027
3.101996
3.348205
4.57818
3.534166
0.3368107
6.293292
4.893143
4.49927
2.853532
5.189363
3.761044
6.787503
5.672304
3.568514
4.049542
5.866292
5.534936
5.375224
5.66019
5.150159
5.485162
4.868068
4.512647
-0.9989928
-0.521526
5.067725
5.165246
6.806102
5.340559
5.763625
4.586816
5.941321
5.761168
0.05714985
5.63981
6.879043
-0.8737976
-1.178767
-1.435675
-0.2690697
5.504903
4.710382
4.702935
4.411174
1.788411
3.53005
4.741814
5.980215
5.287491
6.628885
5.638785
6.682348
5.705512
4.709834
4.150665
5.057513
-1.889219
6.066797
8.788988
6.232099
-0.1186213
4.365061
4.325071
5.312643
0.7030463
6.476821
4.938639
-0.4131374
-0.8435871
1.032428
6.257417
0.1024142
-1.440349
4.280246
0.2909432
7.437044
5.63128
0.4102428
6.547057
5.958995
6.681879
-1.206729
5.64994
0.7441385
5.207083
-0.08795949
2.631673
4.732001
-2.013147
5.323476
4.882106
4.497387
4.038975
4.788946
1.305863
-0.1983825
0.9984233
0.168924
4.807349
5.443975
-1.001249
5.780533
5.558136
4.896832
7.497768
5.89808
3.839115
3.258814
6.47924
4.310777
5.685625
0.4484547
5.679882
-0.9987012
5.693019
3.18758
4.857405
5.653221
5.481237
5.324438
3.334103
5.458363
6.810006
3.742464
5.163848
4.724323
0.3522124
5.428232
4.222684
1.62327
-0.6607074
6.6483
-0.3536211
4.907518
0.2947813
1.352269
4.158253
1.109449
-0.07968601
-0.5106013
4.815806
-0.124829
2.603153
1.137594
1.344322
0.7571927
1.80179
0.8251058
0.7286847
10.62677
-1.035739
4.587368
4.722431
1.212429
1.07324
0.6644716
-0.08331506
-0.3689487
3.335786
6.230861
-0.3083111
4.189403
3.631522
-1.605657
0.4702914
4.500642
6.650801
5.044845
0.9732292
5.622404
-0.4181933
-0.5655145
5.859321
6.08275
6.137878
4.500413
7.435649
-2.176862
5.665099
-0.1262344
5.523835
0.3517451
-1.396598
5.943533
4.060946
5.113021
4.459792
-0.635622
4.886592
6.715488
4.282991
0.647459
7.880905
3.280725
4.685266
2.0062
10.63984
-0.371204
3.148867
0.4385487
4.362808
6.176124
-1.035916
4.912807
5.509393
1.916344
-1.491985
-1.239742
4.150006
5.325943
-0.9158995
4.343945
3.763234
0.2956123
-0.5403145
5.001779
5.860179
5.135185
5.316039
1.538713
-0.09690957
3.873669
0.007902277
2.867345
1.687007
5.265825
-0.397719
1.3686
1.015074
7.583009
6.329646
0.494128
5.345447
3.354276
7.164444
3.59199
4.659708
2.022673
1.149549
-1.139149
5.793587
5.080944
-1.14486
-0.228761
5.833487
6.28122
8.31012
5.021755
5.564412
1.243733
5.220625
-1.194777
-1.313058
5.15834
5.442799
4.922883
-0.1640321
5.702144
5.022278
4.74194
4.152187
4.842411
-0.2956235
4.853701
9.309416
5.292425
2.951269
5.500259
0.7323569
5.559614
0.6826521
4.369324
6.212342
1.721042
-0.2909174
2.664018
-1.320773
-0.1403997
0.5289763
-0.2221052
4.679852
4.163123
5.134957
0.5854396
-0.4720513
-1.337248
-3.430736
6.892421
4.742115
4.043448
-0.4076949
0.1402515
0.2487518
5.244303
-0.9292919
3.783009
5.386108
4.4034
-0.4051227
5.143754
-0.09867188
4.484737
-1.378219
0.5355436
0.4618714
5.907749
-0.7422217
4.986567
5.934244
3.675201
1.599858
5.042111
2.466339
4.578605
1.429975
-0.05861394
4.898199
2.044784
5.108931
8.373829
4.386115
6.353521
4.670396
2.901157
3.725737
-0.04895773
0.7555779
5.570059
5.197472
6.045946
-1.578337
0.5012463
5.054206
5.470791
6.291105
0.7103523
6.036551
1.35675
4.97953
5.036578
4.383354
5.660219
0.1316761
1.014784
4.89833
4.834522
4.484479
5.489965
8.447864
-0.640419
5.267142
3.648209
5.547626
3.731531
3.808643
4.651427
1.156925
0.5187563
1.757234
5.37253
4.140784
0.3481577
0.492069
0.2766844
4.967387
4.816926
-1.401909
0.2848831
6.310994
0.2737995
-0.08056473
4.244496
7.053305
5.994841
6.022124
7.852617
-2.349343
7.960037
10.64472
1.740777
1.202166
0.3885051
-0.3006161
5.544635
-0.2084005
6.039782
4.57325
3.476026
5.555289
8.473991
5.57578
1.408616
0.02425723
2.18347
-1.897103
3.436041
4.972024
1.92476
5.268758
5.794454
-0.4609285
3.041457
4.499441
3.605875
5.434446
-1.169479
6.005652
3.951467
5.49413
5.735874
4.17662
-2.264132
4.083932
4.438747
5.623259
5.230804
-0.07948831
4.593561
-0.2986668
3.837926
1.651416
5.355094
4.760185
5.039609
5.913858
6.041913
4.58708
-0.04380942
4.719544
6.208812
4.932655
-1.293673
3.916776
7.276025
7.012701
3.806286
5.03523
7.164373
4.41734
-0.4802041
5.639315
4.593292
5.506866
2.037155
4.130034
-0.4548229
4.73839
6.28074
0.3540269
5.198349
4.697809
3.92248
4.777386
5.589266
3.385446
0.3453466
6.764363
7.61044
4.466159
0.1880293
4.803522
-0.5204658
5.732829
-0.1074962
-1.909387
6.467631
6.574821
6.128511
7.135879
-1.277306
0.9309026
4.531401
1.946565
-0.5890587
0.9900528
-1.292037
5.012687
0.5665905
4.183264
-0.6710828
1.060187
5.686717
0.9622977
5.474047
7.004667
6.657464
4.06861
-0.9053657
-0.08055697
3.725306
-0.7238064
-1.920615
6.123468
6.335661
3.750736
7.233297
0.7972965
1.118325
6.777296
5.257281
3.911609
0.7002407
3.946878
0.05927428
-1.124868
4.40519
1.193151
6.597215
0.8196368
5.254135
4.419028
6.668206
6.344267
4.087029
3.937815
0.2218342
-0.5082491
3.897593
-0.3952609
5.208091
0.9707479
5.515546
1.270456
4.921042
5.84269
-0.9495985
5.674801
3.971656
4.757057
0.4418751
7.028734
-1.14153
5.846065
1.116598
7.569093
6.524586
0.6752294
4.415416
5.706264
5.639005
5.776432
4.608783
5.272789
0.06684371
5.276693
6.507464
0.5957086
1.733364
-0.20971
-0.8372794
6.1157
1.064922
5.20549
0.1509932
1.148758
0.9633893
4.02497
5.879345
1.457241
2.47027
3.539848
4.849668
-0.20905
3.571726
4.617069
9.972066
5.284343
3.043413
1.186214
4.851237
-4.877238
6.112128
6.850397
0.2894803
4.804763
-0.3226622
7.297369
5.222502
0.8765383
7.920322
-0.7821859
4.35855
-0.2826117
0.5009253
4.127505
4.039258
1.302908
-0.1735661
3.710808
6.407948
5.489586
-0.8437968
-1.22634
0.5304297
9.82773
6.252369
6.664725
6.610235
5.440285
5.963549
4.625605
6.814013
0.9338135
5.40198
4.876031
4.175098
3.78599
4.884236
5.67248
-1.840475
3.970639
3.958265
6.258256
5.463034
6.704174
5.191753
4.675434
-1.185068
4.045583
6.20289
6.070519
-0.1387882
4.708814
0.03730668
4.142665
0.8360814
6.387153
5.239316
3.148044
0.4587126
6.68699
1.321174
4.016312
1.354364
4.348412
5.937169
5.448995
-0.4375826
5.94029
5.718191
0.6122118
3.990619
6.172846
0.8706571
1.391773
4.922953
3.344023
0.1950147
0.02370884
7.438697
1.398953
4.076987
4.293379
7.148782
5.657448
4.171875
0.7290232
6.401976
-0.6078553
9.217748
-1.049213
4.587788
0.3434867
3.59573
0.7870251
0.6170188
3.423744
6.007076
2.173803
0.6799861
-1.045532
-0.7050311
0.4232008
5.050016
1.170845
6.015324
-0.9449134
2.533798
-0.4859033
5.281372
5.998362
-1.293122
0.005725932
3.653857
0.1480816
4.279255
-0.959581
1.344343
7.01641
2.326515
-0.6872992
0.0292789
5.162622
-0.1657698
5.019095
1.32203
0.3916227
-0.7263184
-0.8461159
-1.322404
-0.3316328
7.762467
1.476285
0.6166345
4.842057
10.97201
-0.9367214
6.737947
4.543419
5.98767
5.538686
5.107882
4.770273
0.8092502
2.131328
5.028735
5.390326
3.875938
-0.1853832
4.261527
3.858283
-0.9240769
4.054097
-1.393658
6.503339
-1.509171
-0.1963902
-1.142897
0.08422846
4.751244
5.424006
0.007643442
0.2061227
5.896222
6.509744
4.832436
0.01710054
-0.1564861
-0.3261375
-0.3875976
5.803166
5.018515
-0.8051743
4.428104
4.249777
4.86042
4.091423
4.260201
-1.186515
4.505775
5.482195
3.87454
1.565925
-0.6110347
0.2727284
6.140294
-1.083225
5.091048
1.024879
5.079096
5.381878
1.044248
0.546579
5.618312
1.380941
0.4094802
0.1105697
5.464978
0.1366927
-0.5887328
0.5050725
-1.20724
3.3748
3.89666
4.610223
-0.6675947
6.271264
0.4166985
0.4790577
5.078236
-0.378988
5.371826
4.748198
-0.2374557
6.219059
5.142276
0.6298777
5.391617
0.4270769
5.002252
7.531168
0.0107215
4.416258
0.3100338
-0.3067001
1.650039
5.590298
3.689021
4.527258
1.063684
4.677477
6.402978
0.5609274
1.230243
5.254737
0.2006377
5.194106
4.264194
3.680886
-0.8461414
5.289406
6.061501
1.169033
4.592604
0.2514734
4.83337
3.9311
3.826609
4.913468
5.824343
6.732572
6.647121
-0.4834617
3.445573
6.942683
0.9676239
5.008197
5.276136
5.727387
3.982807
-1.953562
6.189542
5.17328
5.346584
5.170256
5.05198
4.368693
5.829802
5.41593
5.366971
-1.372157
0.6635273
0.1783829
5.196338
3.367897
3.240093
0.4809998
5.139018
-0.7125877
0.1070729
0.7703165
1.378268
-1.569596
3.655448
0.8419429
4.531882
5.329511
0.412559
4.919732
4.860306
0.4891662
5.861196
0.1654996
-1.397155
0.1241578
0.4612244
3.867339
-0.9940809
5.666601
8.97582
6.671683
-1.358849
0.223781
-1.530711
-0.5982677
0.8426538
-0.1839543
0.4001031
-0.2006873
-0.269025
3.687504
3.750411
5.197368
5.844192
5.506535
6.031387
-0.7924153
0.7906803
1.317815
-0.1193924
5.127501
6.004008
4.766676
0.9792526
4.64441
7.401884
5.512337
1.361053
0.1100028
0.2225918
7.215774
4.903338
5.394412
6.040901
1.366046
0.7881125
-0.1732338
4.323535
0.03918949
1.94983
6.883367
4.206179
4.394539
3.404622
5.481185
10.08709
4.558212
4.236937
0.8062351
4.542507
3.006983
-0.4347315
-0.2490031
-0.1881973
3.611244
6.151196
4.692152
4.080129
0.1261459
-0.5708372
4.48945
-0.9958818
0.2918341
-0.1593684
6.074216
-0.6488617
0.4025468
-0.8267251
7.034238
5.189924
4.631693
-0.2856995
2.374473
5.207621
0.4165392
1.928806
4.846064
2.659957
5.253161
-0.4707875
2.777154
-0.1477808
4.47066
-0.1043103
4.4707
0.1063533
4.297364
5.512182
4.995732
3.891619
6.042143
-0.4922935
3.80037
6.770456
5.61935
5.674171
-0.9163649
7.941735
-1.140776
0.5542702
6.009055
-1.613625
6.046357
3.403062
-1.980316
5.166631
6.205695
0.5258485
-1.577705
7.314524
4.971313
0.06700242
5.569225
5.399844
4.22242
6.147195
0.7636108
3.170984
0.7787413
3.729763
5.092828
4.043868
6.375598
5.543091
4.661276
1.834264
5.177156
4.591765
4.380021
4.30784
0.4444908
5.998174
6.083413
-0.5700384
0.5550051
5.561588
6.08462
5.346162
1.098033
-0.009122901
-0.5225961
4.223284
7.764009
5.806246
0.3569695
1.444437
1.630347
0.8925851
5.716794
5.591562
-0.5167761
-0.8285675
5.092467
5.796776
4.681648
1.12185
5.714589
-0.7960435
-0.1694937
0.1265359
1.757783
0.4568347
-3.240572
5.290907
-1.11275
0.3057051
4.796698
6.263122
-0.4527565
0.8889659
3.546615
0.7588798
4.829
-1.074463
0.4215171
1.51667
-0.742692
-1.527817
-0.6620422
-0.6713741
2.833363
-0.7606295
4.232031
-0.2905493
-0.4968994
6.515906
2.232981
0.9177949
4.308039
2.326526
4.572436
-1.793899
0.3658955
4.474411
2.785819
4.436757
-1.51346
1.309178
4.938725
-0.2772789
-0.7970818
4.031647
8.434847
6.274472
5.22186
5.332536
4.109559
-1.000967
5.954567
5.47048
6.369018
4.710623
9.305504
4.54623
5.05585
1.660861
5.116711
2.740718
-0.5161887
6.647873
6.914288
3.583669
5.471429
6.331146
-0.352413
-1.482255
-0.09350604
1.515785
-0.9838899
5.264471
3.898807
4.160069
5.628699
0.8493933
3.123803
5.208189
3.955606
-0.298099
6.682489
0.8550782
0.68557
0.2114237
1.016526
-0.07499239
0.5296497
-2.007365
4.436257
6.147388
0.1862017
1.892832
4.453044
0.5454241
4.143828
4.521114
5.260505
-2.050289
0.1240276
-0.3058686
-1.656892
0.9890175
5.767595
3.212799
4.890894
3.296127
3.963556
4.937817
0.0278243
4.024472
0.567281
4.87032
4.703171
-0.3013133
6.209157
1.931553
6.316451
1.38867
4.92114
7.234488
1.213248
0.7255856
6.477689
5.110448
4.953259
5.312069
8.276186
4.674266
-1.115971
6.045004
3.994409
-0.5298504
4.637837
7.430181
4.703422
8.665886
1.659627
5.152292
6.171297
-0.2132854
4.762252
-0.4725411
5.182745
0.7049301
0.6067817
4.305488
8.069049
0.2318225
1.04901
4.146352
-0.1207928
-0.5730166
0.01749675
-0.5962817
-3.498226
1.17637
5.467321
4.224989
6.590823
5.212021
0.4147888
5.449587
-0.6205153
4.480822
4.145665
0.5861
0.01622995
5.454716
5.04798
5.653903
0.02543515
5.389078
-0.2012211
4.504328
3.869639
4.144752
5.29211
4.212187
4.781342
0.4006413
3.94458
1.108894
2.611436
5.001514
6.200611
5.877027
3.733538
4.494646
2.655462
4.140573
6.423755
6.87623
4.666311
6.837378
-0.02325216
0.1683264
1.719822
5.088944
4.865305
2.478534
6.602971
-0.03979195
-0.3976977
-0.7220247
6.006377
1.165958
-0.2140891
-1.241004
4.9565
4.470414
4.399245
0.9781158
4.065304
4.258186
5.44218
2.944835
3.694569
3.233573
-0.4155366
-0.2597089
5.115453
0.8379244
5.069361
-1.008597
4.690274
0.6159079
3.980509
1.657107
4.455174
5.123855
4.659414
6.335403
4.573276
3.431967
0.8666771
1.177036
0.3908863
4.178436
2.791862
6.149755
2.648047
2.897778
4.430753
2.732584
0.1711371
5.218019
-2.420488
6.759684
5.316976
