6.33981
3.938997
3.564215
4.270898
0.9617677
5.125243
4.686044
5.289491
1.243875
4.4429
6.04802
4.277686
4.903078
0.8543308
5.277208
-0.9020961
1.158704
0.6569072
6.310585
5.812155
4.665698
-0.3209503
4.581622
6.647893
6.146088
5.015467
4.758308
5.037105
4.77086
0.6249594
4.163345
0.7198929
-0.6109072
5.598
0.420783
6.253023
0.4741657
5.447666
4.727822
0.05769508
4.616513
4.196242
-0.9232452
-0.3168544
5.384193
1.33098
-1.500073
4.9857
5.386672
-0.839847
-0.4284631
0.09344329
4.853604
6.990768
6.035812
3.645672
0.2330064
6.681283
5.936972
5.564401
4.750629
8.943915
-0.00978404
5.331341
-0.2748162
7.403434
5.911292
11.87197
3.928791
0.7343359
6.834244
6.265775
0.31257
4.247861
4.707169
5.303947
5.875975
5.181213
4.571196
4.306534
6.721389
5.31627
7.499066
-0.5526204
-0.952886
5.267225
7.134002
-0.03679959
0.6050934
6.277492
4.766345
0.2594183
0.1349656
5.760122
4.429008
0.6204709
4.766651
4.11109
6.807544
4.932933
5.657036
5.106131
0.179789
3.21202
4.749241
4.385448
5.425868
4.899777
1.450143
6.30083
4.38897
4.608764
-0.3669564
3.735004
-0.1807483
6.689891
0.5477551
-0.2088366
5.000206
-0.2516628
5.160353
5.269196
-0.4790545
4.050158
-0.5485214
-1.672739
0.5959481
5.155907
5.621768
5.353103
5.706257
4.400415
5.036405
1.540868
0.232473
5.156547
-1.01356
0.1621671
5.828332
6.656611
5.285478
3.916382
4.908998
3.453667
0.774419
5.366764
4.393245
1.414963
4.329315
6.716839
0.2395386
2.182457
5.397597
5.79019
0.5610842
4.05339
4.566111
5.998802
5.346423
5.474251
0.3147114
5.403352
4.561422
-0.1775333
0.351656
7.903619
4.759801
-2.243733
5.132956
2.142312
5.564969
3.779049
4.267209
-1.825139
-0.222914
4.671288
7.583313
-0.3544118
4.120382
-1.609505
4.773594
4.451911
8.831587
5.203997
5.332096
1.324101
3.648197
-0.5364655
5.125049
-0.1842984
4.268934
0.9852626
-0.6374337
7.058284
-0.9496445
3.747381
0.8483161
5.626547
5.252294
5.285258
0.9644741
-1.043847
-0.4747362
0.8210255
0.442314
5.352781
-1.024605
3.140349
5.382268
5.768135
3.360833
0.5264068
5.674256
5.199802
-0.5772489
4.443765
-0.6263729
-1.150949
1.060568
-0.5328559
0.6353848
0.04640322
2.785476
0.7259294
4.881021
0.3860638
4.960088
4.755381
6.002743
4.611502
5.05508
0.2285955
0.1159763
-0.2266632
0.5599332
4.869262
3.622798
5.177464
5.624426
-1.369784
0.8895646
5.319327
-0.9492092
3.730791
4.065952
0.08071798
0.2594856
0.7849134
6.167125
4.593106
0.184503
4.254553
6.049076
1.350652
1.004631
3.966836
4.317686
4.825416
-0.5612863
3.696784
4.750837
-2.215657
-0.4503676
4.172147
-0.06774051
-0.7510228
10.86523
4.985221
4.889539
5.487282
4.082761
-0.807478
-1.468133
5.486987
0.7073768
-0.2228542
3.378861
4.194001
4.585317
4.646196
0.279838
1.062455
3.784747
-0.2908533
0.9433929
4.512098
-1.834862
11.57575
3.641441
4.65654
7.189045
5.851605
4.699716
5.237279
4.285383
-1.755166
3.787902
-0.04352959
5.78024
1.080894
-1.10417
6.851258
5.519373
5.148166
2.715712
6.502325
5.159071
5.769532
3.866886
3.639941
3.933765
0.2949994
4.718022
1.807586
1.167939
3.805805
-0.9712995
5.939673
5.166612
-1.90655
4.13594
0.121494
-0.3919794
4.715828
0.8811066
6.443436
6.214808
4.453523
6.226959
5.064291
1.724388
-1.176425
6.212699
-2.119093
4.940351
0.7193465
4.972335
3.320381
5.230359
3.820942
-0.2968917
5.375103
4.002046
1.166432
-0.7215094
0.7991091
5.2227
-0.9885234
0.3822018
3.88558
4.246773
3.271801
2.610785
-0.5752812
5.865591
0.5139478
5.00134
-1.236668
5.76631
6.398629
6.458761
4.036591
-1.550095
0.3363062
4.551595
4.845857
4.588768
5.019594
-0.9567767
5.122047
0.171246
1.23409
1.492184
0.44975
4.300423
-0.5166191
7.403654
6.037808
4.534318
0.6457598
9.381213
5.252873
-0.3938976
5.911228
7.438561
4.146763
1.014247
5.226613
-1.037374
4.533621
4.82782
5.846413
5.284947
0.2930462
4.512466
0.4996719
-0.4181413
0.9750134
7.121706
5.375753
0.1172575
5.079104
3.065298
3.559471
4.95601
5.083229
5.798169
-0.673363
2.576552
5.077783
4.895969
4.550274
5.168304
4.453499
-0.01668186
8.550305
0.1619844
5.078122
6.820951
2.141215
5.659356
0.5290063
3.78456
-0.2810865
5.435054
4.187367
-0.4270017
-0.1362744
4.447423
0.7444026
-0.1853769
1.252473
-0.8798855
0.03845793
5.51406
6.352589
4.207717
-1.786532
1.582335
4.816062
1.029785
-0.0001850826
3.346204
5.920627
4.478492
4.589184
0.05248053
5.627995
0.4270519
5.562213
0.4090829
2.031918
6.282539
5.559431
6.482166
5.737724
-0.1507688
1.185736
4.211598
2.216577
5.428551
-1.081677
0.546097
6.410913
3.167768
-1.274436
1.130983
0.1194303
5.031424
0.1617417
0.4504884
-0.1416599
4.803989
-0.7388446
-0.3063725
4.338794
5.218567
-0.5822519
1.159423
4.17205
0.09474061
5.235988
0.1769698
4.629629
-0.4716033
5.213429
3.349116
-1.360385
0.4266807
1.311362
5.769219
3.38745
3.504685
-0.4522072
5.583122
5.124198
6.266684
0.09453413
2.54941
5.644141
