4.063548
0.2639263
4.105394
3.856421
-0.6406271
6.153593
-0.3952874
1.404842
2.08113
-0.3261581
4.6354
6.282825
3.440936
1.071281
1.560552
4.059347
2.496926
4.226294
4.669833
6.234046
5.647196
3.4065
6.428977
3.996766
0.7830886
6.125185
5.08662
-1.379062
5.685525
6.552443
1.345217
0.5632969
0.5943589
4.873339
-2.623004
4.70397
0.3601609
3.066555
5.773273
3.661292
0.8225299
1.604833
4.381451
0.8516915
4.274764
4.114004
4.277384
4.872263
4.55438
-0.8172754
4.533785
6.227138
0.9716993
-1.555575
6.841154
5.192
5.366334
-0.7937772
4.982962
2.88763
-0.754046
3.580633
4.82386
1.009862
5.667032
6.6252
3.603256
0.5124859
4.323721
4.528876
5.380004
4.109394
-0.2634105
4.741022
0.476494
4.552597
3.565546
-0.2494107
-0.3450155
2.106139
-1.710632
0.05720665
4.552316
0.9367605
-0.9892734
9.316627
4.056873
1.027926
0.2379623
1.045778
1.533333
6.337544
5.496396
5.877119
0.2552804
6.665797
-0.4212144
1.34093
4.859084
5.080247
4.720696
0.4400619
5.066747
-0.7226074
5.605708
7.038631
6.130594
-0.7039053
7.816192
3.741595
3.893257
-0.01078097
0.2973675
0.8606247
5.360336
5.143329
4.594868
4.62245
5.505119
-2.30538
-1.754679
0.3877035
-1.31195
0.2258801
1.046532
1.437087
5.973873
0.4057989
6.384994
3.931072
4.423282
3.784622
3.87052
5.454774
1.011405
4.569845
-0.711557
4.26154
5.172839
0.1300223
6.855731
3.772255
5.470448
4.655535
4.481608
0.1339527
0.09845585
4.41919
4.018073
0.5839123
5.639076
-1.425292
7.53009
0.3457785
4.43161
6.073356
0.4787295
5.094259
0.5546599
-0.09033566
4.842942
5.497763
1.484297
-0.2298529
0.1374261
-2.59831
-0.9783762
3.979566
-1.921865
4.275777
-1.040707
0.3873894
0.7732607
5.162673
0.9460544
2.967222
4.661497
0.7894586
4.984955
5.118357
0.6490091
0.7026569
1.300073
3.559826
6.230406
4.71858
0.7858312
0.499927
5.003563
-0.2846853
0.4813561
5.217933
3.531709
4.869457
1.805572
4.890006
2.203821
5.64185
0.840375
4.038735
5.484431
0.2885372
-0.3198366
-2.30446
-0.6687578
-0.5377884
1.452343
6.16801
1.307416
0.446639
5.900589
0.9036016
1.485393
-1.005795
0.2441925
1.463578
2.640918
6.809809
5.205395
0.08427172
3.682711
0.4139597
-0.08709722
5.581981
1.42644
0.9848518
1.050391
-1.546954
10.20886
4.035071
3.987528
5.05209
3.542929
-2.093896
5.518614
-1.238463
-0.5252787
4.318824
4.978605
4.980588
5.540675
5.797256
-0.1784802
5.528387
5.268757
6.472941
0.8217211
-1.069184
3.666487
2.674107
