5.039168
5.189356
-0.4781291
-0.53644
-0.3467829
-0.9657902
0.5110593
-2.112743
4.409283
5.287608
5.804285
1.31648
-1.24109
-0.5365539
4.586504
4.621104
4.166259
5.444984
4.997184
5.80217
0.9251504
-0.4907221
1.747581
4.926577
6.054649
5.525079
-0.5069792
6.025664
5.650292
0.1867085
-0.4556065
-0.7336017
0.5362877
5.632264
5.16705
5.027066
3.232949
-0.8085754
5.082427
9.501153
0.07693269
2.982682
0.4472069
4.361702
4.685743
6.133388
3.810567
-0.6178802
7.472777
-0.7242328
-0.9753545
-0.1004842
4.370499
1.723759
4.6192
5.362045
-1.999941
5.361808
3.98334
-0.2742361
-0.1913792
4.364753
1.002792
-1.053665
4.184031
5.225055
0.2297899
6.038981
6.41679
4.210085
5.270773
5.059419
0.6146323
5.297712
10.35272
-0.06803895
5.382977
1.750592
-0.9429505
-0.8589387
0.5372966
6.536964
4.69686
5.421389
4.770949
0.1440911
5.141688
1.264296
5.377092
4.015381
3.742637
5.645993
4.718133
4.662573
7.69205
4.110865
0.5293844
6.162215
6.938662
8.963575
4.597818
-0.4885965
1.638751
-0.2880959
5.52583
0.4062789
-1.236714
3.481045
-1.044566
5.750852
6.497237
0.0551399
0.5921265
-1.184512
5.010522
3.369743
1.97107
5.55594
5.10455
-0.1014747
0.6762256
-1.656995
4.796365
4.184413
3.486529
4.070829
4.965211
1.045456
-0.6143184
5.828944
-0.2089934
-0.442383
4.476568
0.5933599
0.1244086
6.267264
0.1973948
4.48575
5.727672
5.686994
5.722428
3.769792
0.0166631
3.281863
5.097795
4.923696
-0.8732525
6.717955
-0.7706051
-1.32437
0.1362326
-0.4382374
5.154487
5.28635
6.207326
5.270634
2.365964
0.2699258
-0.555064
5.124929
-0.5786596
0.3034163
0.524154
-0.8631717
2.608198
5.933509
4.376003
4.667515
0.1040161
5.674454
2.962117
5.046296
0.8576757
4.745655
5.23892
-3.76647
-1.414673
-0.02469673
6.037605
2.697155
3.570531
-0.543016
1.299494
4.271432
3.596894
0.6812804
5.176054
4.716554
4.678327
5.264478
2.292069
3.28533
5.200495
0.7126671
-0.2823216
-1.538917
5.160627
5.853637
4.040963
4.910031
3.655986
4.897095
5.015096
7.281903
0.2360704
6.271824
-1.10336
1.341255
-1.5976
-1.891334
-0.8740857
7.728731
5.252199
4.444051
6.182246
4.717027
5.887148
6.346975
1.796024
5.584993
0.8484962
9.689974
4.925029
-0.8378731
4.853245
6.252383
0.124677
3.750339
4.004759
-1.040299
3.741837
3.911814
8.006441
2.247091
4.248998
4.364919
3.52385
5.320662
5.21174
4.294077
4.747961
3.712672
5.337293
4.639075
4.882276
5.304126
12.71842
-1.713807
4.364179
4.734047
