3.850654
5.336948
6.036517
1.47917
-1.205336
-0.2692764
4.958884
5.272744
5.646946
5.853455
-0.7033143
-0.7187436
-1.765452
4.47494
8.946782
-0.7407128
5.327719
5.508707
6.119969
1.981378
3.073292
5.826295
5.024202
-1.394218
0.3664227
-1.223103
-0.2228013
0.003704379
6.640923
-1.135888
7.480059
5.912288
4.740354
6.044634
5.102757
4.387543
4.721276
5.642772
4.207686
10.82068
9.159349
5.503804
0.3446579
3.72912
4.737159
3.921832
4.758404
0.5599991
5.109191
5.628502
3.677582
4.891214
5.023558
4.312113
-0.8230872
4.708623
3.841331
0.3858749
5.438438
5.144416
0.2881108
4.452771
5.363479
3.646802
0.3934463
6.989018
5.15495
6.172903
-0.3831193
5.234375
-0.2223786
6.21578
-0.988925
3.967636
4.810922
4.669492
4.607
5.358772
4.736071
4.159895
4.467556
0.5091745
-1.615932
-0.1062588
4.289528
8.46279
-0.6916722
-0.304635
4.225214
4.09624
-0.2387503
5.630478
3.032483
0.0757464
0.1204043
4.238844
1.089872
5.302185
5.70083
-0.3056735
5.940512
6.134502
-2.315112
5.506202
5.969305
5.278184
4.36259
5.587991
0.210108
-0.3618144
0.3214204
5.836177
-1.491704
4.158858
5.66851
5.708364
4.818616
7.136894
2.664389
-0.980561
-0.1863717
3.255996
0.2732682
4.394721
5.032265
1.394055
6.00785
-0.08045461
4.671483
4.664635
4.539544
-1.623796
5.452673
4.67493
0.4127991
-0.403332
-0.124986
5.90326
3.680911
4.311386
3.606011
-0.2742594
3.793758
4.784005
1.409596
1.851738
2.042966
4.585859
-0.7322453
4.813118
0.7474367
3.866774
0.4816634
7.623479
4.321279
-0.4083867
-1.733578
4.944794
5.291499
-0.1299307
6.481334
4.466474
-0.588058
0.5242987
5.635887
2.989611
5.736997
5.469704
-0.0933806
-2.315617
4.390958
-0.01919385
0.4566537
7.096261
-0.964463
9.271128
0.3780758
5.427835
4.51632
-0.4516204
6.154116
5.131765
-0.7862053
-0.04955021
-0.4211654
3.292089
5.348309
5.738502
-0.7657968
5.745458
4.143288
-0.2924694
5.260742
-1.007015
-0.4082284
4.625825
5.637512
0.5223229
0.04851738
0.1019636
-0.3276093
5.247286
0.7972349
3.09942
-1.187373
3.185184
0.3736365
-1.969445
5.813198
0.9463432
6.183986
-0.5303647
5.311499
-1.453905
5.62188
5.321435
4.349051
3.743134
0.6880131
4.886249
5.300946
-1.044087
-0.9463851
1.755948
3.499798
6.243387
-0.1604536
1.558833
0.4933771
5.403973
6.133955
0.02897598
10.13415
2.642967
3.702008
4.500139
5.595308
3.924581
3.5031
3.657006
0.235235
0.4153902
-2.175105
-0.6321149
0.7631505
6.457654
3.051714
-0.2565573
3.789601
-0.3195112
3.861117
-1.184591
3.93405
4.033185
-0.7250474
4.170073
0.5241816
1.000192
7.38477
5.793591
-0.9403598
3.455656
5.423572
5.017514
1.596416
-0.1941563
-0.03341825
1.465483
6.986814
0.3029916
3.675197
-1.355003
1.402798
0.3163999
6.657924
4.130295
5.604886
1.41648
6.265197
-0.4095076
4.256146
0.3900301
-0.9294815
0.446725
6.771733
3.969492
3.43686
7.164087
0.553655
5.223457
-0.05013866
5.054739
0.668561
4.60327
0.5349714
3.353867
-0.7002853
4.989579
7.71283
4.553225
10.09292
0.4686553
-0.742649
5.093265
-0.240105
-0.9082367
5.160859
4.649206
3.585964
0.5212698
1.63122
-1.326008
5.508157
0.6257874
2.738473
6.259068
0.02632768
4.926988
1.215082
0.01698531
0.8476449
4.964772
4.018464
6.680924
3.537717
6.021416
3.504321
5.565669
5.314496
4.547371
-1.159709
6.480026
-0.04475637
4.118268
4.611499
-0.9012018
0.09183741
3.692519
1.161703
-1.364189
3.729698
1.757895
5.329777
2.719265
-0.8715543
4.580528
6.007607
-0.5777401
4.715732
4.659528
-1.228816
5.861297
4.257218
-1.029809
3.809378
4.86545
-0.3682385
-0.2021918
3.89789
2.864986
3.347409
6.007252
5.128647
4.361049
6.064936
6.654133
1.442348
7.404894
5.57752
5.220345
2.260853
4.792655
7.81669
3.626585
5.287693
-2.784077
4.255548
4.557104
4.186647
-1.012178
4.27709
-0.6607883
3.8716
-0.745417
5.525961
2.343246
-0.9822545
3.783605
0.8324366
5.290397
0.5515029
-1.771657
1.768431
4.712474
0.4135054
6.399115
-0.1383381
-0.9223724
-0.4715102
4.39084
9.025492
1.514772
3.274666
0.7340609
0.9724544
6.028643
3.544995
2.889697
6.214531
4.27257
4.353737
0.0221029
-2.196484
4.257881
0.1361529
-0.2653402
4.758642
0.7293231
-0.5827021
4.903992
5.573083
5.889386
2.338265
4.026868
-0.7986368
4.767697
13.71096
4.702597
-0.9269265
5.300997
-0.09492582
0.2656624
5.554153
5.574453
3.80709
4.563235
4.558539
5.639734
6.514021
5.175437
1.946092
5.417529
6.128252
0.7454235
-1.002884
-0.2767329
5.206754
-0.8754331
1.935211
1.076276
-1.700878
0.09900244
3.893892
4.73472
0.8418395
-1.319874
2.517342
-1.583514
5.529498
4.92303
3.9362
1.525498
0.1998965
6.036664
3.922996
1.930019
3.847431
-0.2065723
8.348638
2.648775
4.782213
3.879896
4.717037
3.981826
4.976685
4.291717
4.793664
-0.6057801
0.4281097
1.652964
5.218702
4.994022
6.656263
4.752481
5.009892
-1.203159
6.165973
1.061529
6.391354
0.1177049
0.9178763
0.4589577
6.49147
4.718276
-0.629621
2.009705
-0.274113
-1.684179
4.780513
6.382339
1.928668
4.598407
-0.8602516
4.007502
4.804055
-0.3867446
3.883628
6.304669
0.7016015
6.440808
4.652509
6.279401
5.231831
-0.2630355
-0.3375456
0.01126499
3.709301
5.272081
4.939547
4.626909
4.473202
2.07394
-0.6012021
4.3261
3.692134
3.571909
3.797494
0.5872063
3.339507
4.700107
4.27507
5.771223
-0.4181498
6.638556
5.94015
7.42304
3.761371
6.018747
1.650358
6.091894
4.44498
4.733732
5.321536
-1.719378
-0.682242
4.326627
0.2532081
5.787517
-0.5701955
5.207891
-0.09317048
-0.1392245
-1.520813
-0.4844187
-0.8109439
0.1094817
0.8243963
3.532106
0.2474218
-0.3955832
0.5805491
5.693692
6.552219
3.075017
4.782936
4.149817
5.5394
-0.9756141
6.330377
3.015775
4.314506
2.990953
-0.3364335
5.869861
6.383294
0.7774519
4.445973
3.923606
1.343181
9.306989
1.227154
0.15784
3.043434
5.081971
1.475001
2.401525
5.282288
5.182233
5.761648
5.627248
5.614015
6.121953
3.744388
1.146627
4.121381
1.672481
3.301045
0.7012049
1.240209
4.706303
-1.661238
-0.5820924
4.729501
1.603025
3.209426
-0.03793255
3.636871
6.80995
3.572552
0.616433
4.445634
4.28319
1.365589
8.581407
-0.5615298
5.850148
0.9926599
5.72393
-0.1141171
0.09420423
5.488878
1.948223
-1.987699
4.724432
1.582939
5.639773
5.132939
4.034522
5.509647
0.9742561
-2.232035
6.562812
4.667469
5.814515
-0.3695296
9.634505
4.34193
0.3447943
-0.8489333
1.061874
4.494713
4.614883
4.295919
5.839999
-0.2743697
-0.5281061
0.8529392
3.804308
5.64793
0.8721699
4.228092
4.244595
4.957381
4.160326
4.235047
-1.401487
5.995816
3.557199
5.708667
4.794559
4.101132
4.174723
0.9484178
4.001472
7.869147
4.237748
7.1149
5.797762
4.592388
3.244836
3.882021
7.395069
3.355854
5.503721
5.348397
2.982109
-0.6383507
4.679189
4.413667
-0.2595539
4.318575
1.051063
0.3522642
0.3362732
5.110143
4.043869
3.68627
-0.2090005
5.057133
4.993781
2.724689
5.857741
1.926719
-0.3910527
-0.6186664
7.235682
0.5793113
5.768634
4.511464
-1.061609
4.704762
4.448455
3.519073
0.5135279
4.740113
0.7858036
-0.174913
0.6469899
4.837367
4.28604
0.247162
4.651144
5.128038
5.216523
5.028314
6.289118
3.130435
4.705304
-0.8904239
6.043332
5.147421
5.846574
4.590802
5.969399
1.882103
3.440459
4.72645
5.71221
3.933049
1.162478
0.8014037
5.265561
-0.6002197
4.742109
-0.8045389
5.455643
0.2361011
5.645738
6.342636
4.639336
4.331428
-1.914803
-0.1478485
-0.3569227
5.816125
0.9960822
0.03795307
3.340789
6.376783
6.045958
-0.1633488
2.41841
1.50853
1.839609
-0.5376898
4.989392
5.29778
5.211506
5.955445
5.694888
-0.04249519
5.715026
7.787048
5.352996
1.00243
0.5638808
4.047317
4.350181
5.01401
0.2705422
0.6205894
1.07176
-0.2206498
6.484658
0.660238
-1.256705
0.1937354
6.55144
3.41729
0.9997078
6.883141
0.5437771
-0.6088403
5.874543
1.619057
2.628953
4.912257
-0.7494156
-0.4580837
4.140446
-0.6692597
5.829337
3.545893
-0.2842343
0.3259819
4.317355
-0.7298955
4.355179
-0.01200729
0.7901796
5.871676
0.9760317
4.211304
4.144754
0.08345603
4.753611
0.3481527
-0.1739564
0.4270236
5.763212
5.215957
1.571267
2.348916
6.504742
4.99207
6.010147
5.61602
1.211241
3.321079
3.625431
5.534332
-1.712222
6.041861
7.459167
3.825398
4.232691
1.199438
6.291814
5.040855
0.7770782
4.536614
5.988525
3.551237
-2.04871
-1.675509
5.613805
5.291331
-2.106671
-0.4736805
6.208855
5.982601
-1.538351
0.1357689
2.825803
-0.760502
-2.596914
6.586889
4.188706
6.538741
5.379995
5.147806
0.6264605
4.682048
5.943096
-0.7747324
5.232462
5.098499
-0.4444453
1.965467
2.264209
-0.684657
6.558719
5.726627
2.719815
5.299918
4.056733
0.8809027
5.105783
8.330156
4.813994
5.438336
0.3569409
6.042419
0.1574232
-0.2468787
6.499912
6.394411
4.489972
2.456339
4.746558
6.292096
3.920158
6.140935
0.80683
3.165074
-0.6551334
-0.184662
1.831217
3.714486
4.461858
6.255746
-0.8887258
3.776309
5.523064
0.05704094
6.201717
3.644539
4.104393
-0.2722586
4.395455
4.727993
4.983459
1.69817
8.631625
5.850496
-1.079659
4.242146
5.200908
-0.178901
0.7166218
-1.102507
4.752848
6.459388
-0.7518252
2.090532
4.813689
-0.6042546
4.169547
7.12101
-0.7338629
5.515053
-1.848838
-0.3786765
6.269126
5.466919
0.2618864
5.205626
-0.3066552
5.103088
3.476309
5.334239
1.089648
5.649962
5.277805
3.853067
3.936805
6.140575
4.709567
6.88819
3.716287
6.317616
5.376074
9.945209
4.108994
4.662218
0.2047195
-1.901011
-0.6987567
-0.2757299
6.268745
-2.382985
5.331068
1.742943
0.7340967
6.418272
0.5016931
5.470744
1.786222
3.656236
-1.159485
4.031717
-2.200121
4.725822
-0.8491802
0.3044627
-1.292204
1.108176
5.623464
-0.9618725
-0.4106554
-0.3939587
-2.097467
11.04794
6.384994
6.501848
3.99423
5.269845
10.51679
6.177625
5.283502
0.391441
6.751073
4.960762
4.084134
6.595987
1.977229
4.225125
1.95884
5.14783
3.462484
5.230236
0.6707501
-0.2275849
7.559901
0.8084415
-1.574277
1.261941
6.18834
3.834491
5.760135
4.610169
4.031422
6.665896
4.514594
4.930779
0.3037603
6.291051
4.018815
8.995799
-0.4817037
4.69335
5.612832
-0.5190793
4.489664
2.541327
4.865037
4.399163
5.739266
0.1467833
4.685579
3.023286
-0.8765863
-0.7000874
4.694758
4.17051
-2.252382
6.781716
3.601196
0.9202206
6.320617
-0.6650067
5.21047
5.478666
0.7951577
0.186119
5.324659
5.16274
5.652433
5.932317
-0.6134481
5.744828
3.704478
-0.2970354
4.791625
0.4676061
5.036279
5.169296
4.338217
6.039745
4.432073
5.93101
7.095984
5.032225
6.236972
5.22022
3.477938
3.034028
-0.9507274
6.460597
3.785849
5.244055
4.527907
-0.7748468
3.796274
4.912464
5.254414
4.993311
-0.7883844
5.953394
0.1786006
3.858461
1.183203
4.418333
6.009289
6.81894
6.309439
4.183069
4.368286
6.053705
3.89365
5.815776
4.932456
2.262251
5.027678
-2.52234
7.030038
-0.1855712
4.517657
0.05102554
5.252934
5.597249
4.423881
-0.06011928
8.027564
1.154472
-0.2627462
5.009018
10.13757
1.197549
4.378592
1.104315
-0.3414987
5.642874
3.008864
0.01065028
-0.5791068
5.885152
0.5433064
0.4990881
5.545211
3.555201
5.824329
0.2105092
4.777295
5.477486
5.358101
-0.9551428
3.838524
5.295468
5.547236
-0.9507409
-1.160186
-0.480435
-0.9290478
-0.6936016
-1.424838
4.267807
0.1212305
5.549404
4.497824
-0.5707721
4.777464
5.10733
0.05546426
3.459951
-0.904753
5.353656
0.3524586
-0.6919646
6.793576
6.181814
5.42643
-0.7459685
1.140274
5.825343
3.961818
3.910214
1.368187
1.993671
4.57978
0.609481
5.316768
4.490206
5.988052
5.679359
2.34502
-1.341887
4.766477
3.157485
5.494171
-2.49581
1.388308
4.813601
6.90144
6.646587
0.7738683
2.358019
4.230514
4.367642
5.694381
0.1408443
5.901163
5.81198
-0.5709093
7.905643
3.016512
8.456174
0.4893445
3.670166
-0.5162002
5.605509
-0.8412775
5.577513
6.555533
6.469677
4.841486
0.5165203
4.840179
5.595107
-0.497064
0.1522884
0.8777402
-2.41734
4.789587
4.782789
0.2889224
0.9579207
2.212499
5.21804
4.346888
-0.1750941
5.865633
4.406124
8.078321
4.395879
5.081303
-0.8651371
5.117286
4.471638
0.05186767
5.248378
5.895307
9.457442
-0.9609442
1.916407
0.6817881
6.244899
3.942779
-0.203285
0.5795102
-1.091222
5.074635
-2.348828
4.632185
7.097335
1.154198
0.312617
5.239619
5.24163
3.504717
-0.445232
1.97913
7.321692
-0.5216525
1.998877
5.469848
4.211732
5.502466
-1.302414
-0.05412821
1.180379
5.221017
1.301919
5.113066
4.942763
0.8516317
4.489581
5.87799
3.85179
4.547235
3.821027
-0.2613769
-0.5692238
5.828788
-0.3364679
6.648369
5.453204
6.253719
2.992336
5.036644
1.284702
4.757686
5.575608
-0.9151268
0.3069598
5.831904
-0.933179
5.473463
0.183174
5.113377
6.390959
-0.3604085
2.104852
6.036678
4.691353
1.34727
-2.211754
6.575269
-1.460789
-0.587069
0.1997984
2.031611
0.7018396
3.266803
6.914943
3.911053
-1.534608
4.663183
1.388405
6.457403
3.88579
5.066241
-0.1296682
-1.038837
-1.537623
0.0777438
-1.3562
4.88678
0.08485902
4.381284
1.267811
0.05015946
-0.4006777
5.680404
-0.1174436
4.83988
0.3069191
0.3109512
-0.02517865
4.144294
-3.902815
13.04896
1.960895
0.900606
3.230961
-0.8484447
-1.497094
5.425337
7.742363
1.719824
4.006314
-2.333976
0.02977199
5.209134
-1.063632
4.682955
5.616402
7.307038
3.595195
6.328097
0.2600179
6.010515
5.378335
3.935725
6.116307
-0.8722403
0.7238205
5.39514
5.066143
4.424551
1.319447
0.2149588
8.136533
3.954927
0.3420537
4.048148
4.558569
3.699717
-1.661882
10.60484
5.263485
0.9322585
0.3606054
5.621067
5.188039
5.02784
4.698848
0.3673476
6.179523
2.065369
1.771396
1.16146
-0.1816198
0.2893476
7.700164
-0.5042739
0.8484488
1.588432
0.5168682
6.162547
-0.1450821
-0.7711949
5.86655
-0.6697604
5.089621
7.036428
-1.682667
-0.2393987
4.576654
0.3345429
-0.3759323
6.28348
0.2020502
-0.3856844
4.857484
5.577418
4.906989
4.441178
0.5444139
4.511694
-0.1405659
3.789913
3.082342
5.530649
5.960251
4.406684
6.256273
-0.4941653
0.221893
-1.075717
3.516631
0.7426886
0.4066999
4.555526
4.63948
2.326705
4.751531
5.854558
5.311024
0.2358213
3.079474
3.337877
0.3650532
4.825665
4.116377
4.573316
-0.8840363
-0.2765999
5.994521
4.412043
3.768396
4.859903
4.062715
-0.8777275
1.347338
0.7723872
0.6701214
-0.1328276
6.480124
4.948327
1.967791
-0.2125813
5.640758
2.800563
9.465828
4.735382
-0.6146204
4.909407
5.093348
-1.119245
0.7002583
6.730581
1.431248
7.979937
4.358653
6.614841
5.110462
-0.1929961
6.625837
1.012407
3.804948
4.245854
5.061605
6.456114
4.403736
-1.069413
5.522331
4.680961
0.8772788
4.031857
0.7940084
0.7421042
1.134307
0.2238412
-0.6587907
2.505153
4.579543
3.907454
-0.8765895
1.223079
2.349094
5.921644
5.177718
2.205938
3.811408
5.422289
4.396418
1.336169
3.796077
0.6154608
-0.5443162
6.131274
4.028662
7.052589
5.385107
4.795325
4.508702
1.456409
4.609023
-0.7489014
5.36239
4.759729
4.3395
0.922212
4.268798
7.026877
5.163589
-1.668653
3.259574
-0.689607
-0.3462111
2.977624
4.616894
3.745545
0.7681374
3.951697
-1.702616
6.335183
5.601246
-0.3383483
1.305442
4.154839
1.618781
0.9898814
4.116348
6.551053
3.977991
4.579271
0.9867052
3.867105
0.6656754
4.719627
1.139343
3.777202
3.636703
-0.1112128
0.2300923
4.847017
2.319759
1.362709
4.306702
0.3450825
1.208984
5.777245
0.5268194
4.861907
6.665547
1.235174
5.662176
7.440417
4.36764
7.097282
-0.3479524
-0.3772149
6.726893
0.6373674
1.06457
-0.3513023
0.2274953
4.349371
5.52917
3.786255
5.661429
0.6204643
5.442826
5.885998
3.785884
-0.04357694
0.7313818
3.960153
1.259314
0.05463328
4.580698
0.09025115
4.281933
0.8008572
3.109896
0.1424197
3.321496
6.154776
6.061153
-0.6326808
4.466684
6.890506
4.267001
-0.760076
4.034006
-0.4379675
-1.410544
-1.454894
4.893757
4.907091
-1.181445
1.996948
5.654305
0.6696787
3.352162
-0.09251373
-0.05738704
-0.6665775
7.262591
3.744592
5.362336
-0.3407125
3.944411
1.09485
5.290236
0.7744365
4.424417
5.320615
4.477339
4.282055
3.956783
0.8183239
4.560417
4.09588
5.063389
4.237824
-1.922091
6.858661
5.679613
4.633012
0.08023114
0.2512457
0.5152369
-0.3839243
3.407078
5.556686
5.507738
3.898397
-0.5198504
4.758617
5.615776
5.390077
6.472815
1.003796
5.353687
-0.198119
6.395205
6.016874
-1.83002
4.302816
7.529842
-0.2564909
4.688382
-0.1716464
-0.4757529
-1.236025
0.1476658
7.393606
6.579426
-0.6147903
0.444662
3.067833
4.732949
-1.044085
5.251305
6.059119
7.032484
-1.351621
5.593391
5.65892
3.914445
5.154405
5.295451
5.429732
-1.23721
0.1289055
5.534231
-1.130794
5.813113
4.887605
-1.10198
0.9064274
1.758312
2.022948
1.116049
6.234961
5.967437
6.302675
5.13243
5.475504
0.5283416
5.617079
6.355519
1.656551
2.402122
4.634336
4.719291
-0.5613644
1.346144
4.220864
6.960567
4.205921
4.966288
4.771437
6.302324
5.582769
0.07440776
6.396015
4.420504
3.954713
5.904597
3.947713
4.337638
2.467158
5.441826
3.221331
-1.947636
10.23283
3.950895
2.189865
0.278336
5.146803
-0.1359839
6.33104
3.669389
5.097138
5.564453
5.387004
-0.04035779
5.591724
5.75866
4.616137
4.268722
8.114197
4.689925
-0.2392191
0.8399998
4.907689
4.134375
0.3689978
-2.041083
0.6571338
0.8028212
4.274023
5.094468
-1.164988
5.66695
5.029065
0.7861559
4.595078
7.774777
4.512337
6.831911
4.720059
5.520844
0.4737439
1.162089
4.747256
1.196206
0.3000168
3.80734
5.481314
0.3716088
4.912844
3.385584
-1.183194
5.657075
-0.951879
-1.234053
0.5923309
5.864605
-0.9765671
0.008202292
-0.02853613
6.770776
0.3236687
0.7390619
4.551563
-0.4929864
11.64692
7.585132
-0.5480824
7.037647
0.9005599
-0.4466159
-0.6520266
6.011803
0.9662775
4.376466
5.384746
0.4040877
-0.4407407
5.924641
3.888014
-1.121777
6.092113
-1.257635
3.672238
5.362541
7.259473
0.265523
0.505345
0.1228581
4.848601
-0.5243274
2.061506
5.683192
6.552484
-0.3945784
-1.474365
-0.4356092
4.200025
6.164854
4.198227
7.000276
3.373987
6.348499
5.816611
-0.05013153
10.24101
4.993273
0.7106953
-1.215733
0.457389
-0.9347325
0.6886923
0.0147673
-0.377527
-1.512093
0.7617018
-0.08231187
5.110956
-0.08996288
7.449337
0.1656031
4.639464
4.970451
0.3599702
5.693787
6.068531
-0.8945392
-0.6040597
2.72691
-1.612669
5.013605
7.335422
3.688859
6.645496
5.080498
5.432561
4.612909
5.141857
5.004858
-1.069274
0.6891058
0.07294998
5.940374
5.451168
4.121726
5.869891
4.17356
4.63859
9.447085
5.385589
4.523565
0.1375537
5.663366
4.731075
6.310313
-1.293025
0.6711867
4.549982
4.815953
8.047719
-0.06696827
3.701349
5.829224
1.282024
-0.5555242
-0.2440117
4.85925
0.7452825
3.89546
-1.267311
5.036608
4.433974
5.241588
4.057542
0.3337877
6.369981
-0.06275618
-0.9934204
-1.259489
5.908654
9.350824
3.10691
0.4315134
4.351433
5.11807
-1.064327
3.123083
6.159623
-0.03305206
5.300637
4.360657
-0.8393812
4.894287
4.487345
3.931993
-0.1077509
0.2207555
-1.435762
-0.2522327
3.757819
9.337303
4.126089
4.145431
5.627027
2.989317
-1.740132
-1.559214
1.996226
-1.074094
0.5586766
0.0281433
5.757498
3.058816
5.427631
0.03158705
6.357111
0.3074386
5.483918
-0.1386728
5.845115
1.975008
-0.7762961
-0.526076
1.247241
6.813758
-1.488208
6.145309
0.5592835
-0.3905614
6.091342
-0.3047692
-1.352694
6.14028
2.279742
4.289132
3.355124
8.532395
4.320972
5.123329
-0.375206
9.115554
-1.515243
4.828567
0.8337146
0.4829616
-0.2302815
5.549504
0.06777676
5.332188
5.760569
-0.2624245
0.3296194
5.072668
1.208135
4.932526
7.336256
4.37332
2.406266
4.874228
4.36351
1.507503
0.4172086
5.396855
4.56598
5.008656
5.042641
5.416364
5.445453
2.679897
2.722678
4.270188
6.141252
-0.8501333
-1.517787
5.608735
5.298438
3.646508
6.025119
3.792835
-0.5847517
5.45046
3.871988
-0.3096434
1.140787
5.052846
3.895906
4.373305
0.9477325
-0.4558453
5.373912
5.107067
0.2760996
6.092636
3.87557
0.8239551
0.5922791
4.848086
2.154875
3.549599
4.632367
0.324227
5.58922
4.3281
0.5911908
6.24024
5.694393
0.9852483
4.870045
-0.5641083
5.330384
4.038027
-1.578882
5.151313
0.4721168
2.320768
0.7816073
7.383645
-0.4031191
-4.506265
-0.3493056
4.477126
4.784649
1.645099
1.247939
-1.427244
0.1421239
-0.9152328
1.517878
4.366387
-0.3854001
0.2674356
5.67366
2.059687
0.5120222
4.759126
-1.276597
6.264321
1.620721
4.790865
1.671006
4.618784
4.728805
8.820755
5.044526
-0.3618388
6.249875
0.05055782
6.539355
-0.1701029
4.734455
-0.9996943
5.203307
-0.4324616
4.06127
4.27112
1.30796
-1.026388
-1.221211
4.693049
-1.150892
7.666124
1.80899
4.984339
0.156861
3.712222
5.555816
0.218384
5.317169
5.220582
0.02825385
5.924089
4.486033
-0.07000527
-2.540507
-0.5335595
4.953324
5.16007
4.544279
0.6836235
1.651035
0.1541288
4.571146
-1.522555
4.349307
6.069369
3.228138
0.4342152
5.217365
-0.8260063
4.661469
1.610631
-2.829387
6.40968
-0.07739063
2.276027
0.383978
0.6798438
4.212621
-0.1176037
4.202671
4.293051
4.701334
1.582294
5.450739
3.497618
1.14539
4.770877
6.198337
-2.866025
0.3113903
5.712216
3.266669
4.372273
3.646153
3.637396
1.127632
-1.669148
3.815854
-0.1699733
-0.7270612
3.711985
0.7436684
-0.7087068
5.315532
0.01625554
5.156691
0.3355954
4.649767
-0.5419976
5.625575
6.090593
5.73842
6.196351
5.753718
5.001156
7.505737
1.173674
0.8253475
-0.6166485
-0.40194
5.253423
2.143824
2.983637
4.940811
0.6040123
5.310964
3.457547
-1.368591
4.996043
5.537736
4.362297
6.670906
5.760026
8.265753
1.08876
-0.1684827
6.101233
0.4437813
4.732602
4.823209
6.174279
4.16211
3.199447
5.438808
3.153464
0.1300706
3.398619
-1.354705
8.343388
3.62657
3.166117
6.137297
6.948373
0.2328323
-0.3228385
6.883038
-0.2046839
6.546789
5.231185
-0.4155768
0.1794532
5.834092
0.8232431
2.324461
-1.106171
1.282848
3.917414
7.398626
-1.793308
5.449075
5.537651
4.930768
5.792287
-1.628322
4.034586
3.505019
1.390313
5.667245
1.520179
5.236908
4.41217
4.297399
1.630148
4.942403
4.445175
4.168492
1.700405
1.191772
1.640058
3.02839
2.916344
2.706412
-1.905694
5.799498
3.425831
6.558213
0.6855948
5.001904
0.5936069
5.446224
6.69991
4.056631
4.278421
0.1634071
5.392133
-0.9864681
-0.1638288
3.964772
3.699457
0.09006371
4.880693
4.627875
4.917231
0.1242539
5.802036
-0.5050087
6.62434
0.1331258
-0.3644207
4.317452
-0.2131293
5.48964
4.72681
5.231826
-0.6030212
7.283053
4.746977
3.713967
4.165515
0.3076635
5.12951
5.891632
-1.351378
0.5385441
6.799571
4.714722
4.354957
5.134584
4.581904
3.576404
-0.06410777
5.203594
-0.08864888
1.659065
9.573215
-0.9259147
0.933576
-0.1264541
-1.092277
5.469689
1.043444
6.04171
3.785099
4.600544
5.932464
4.847309
5.693612
7.167722
4.135632
3.931608
0.1859668
6.367303
4.94896
5.586759
0.3828899
5.289076
5.184281
4.99954
0.5120798
4.599046
4.526802
1.276036
3.633163
3.235193
0.4274198
0.1536437
-0.2442559
4.75486
-2.103523
-0.2410246
0.5156239
-0.1375863
5.417076
0.765425
3.476011
0.9301608
1.822353
-0.0558932
-1.237411
3.504273
1.168972
-0.3820494
5.35742
0.3341389
4.918117
5.545833
1.698782
0.2131907
3.855971
-0.8909274
1.35537
5.05221
0.552727
3.482207
-0.08536104
8.031289
4.145009
0.7219169
0.8432171
-1.183265
-2.418717
4.565981
0.6593386
4.880072
0.4404273
6.853258
-0.4773119
6.026451
5.090898
3.542412
-1.067128
6.71337
-0.06823251
4.476378
5.937547
6.584953
5.046999
-0.7259567
4.849317
0.6424019
5.439465
4.242821
1.810323
0.07614695
1.902933
2.458085
4.323453
4.191204
5.053904
-0.5111421
0.9658228
6.411705
5.225139
6.209724
6.116471
-1.968103
4.565785
4.637434
-0.2785283
0.6216791
3.713729
0.9258947
5.827951
4.737983
4.279355
5.49728
0.8494709
5.92742
-1.494374
0.5287519
-0.3166998
0.4783947
5.607806
5.514963
3.73922
3.618245
6.095506
4.009257
9.851443
1.472097
5.111458
-1.215435
-1.115135
-0.2778755
6.399251
-1.823363
6.523694
2.09018
0.1986045
6.946317
4.639428
5.501223
8.104481
5.633488
-0.8012994
-0.5737988
4.994097
-0.453232
3.827717
5.494935
2.500818
2.915426
-0.1139886
4.905783
3.557375
2.095013
4.881744
-0.7782697
-0.1887242
6.912261
5.629521
-0.2452904
4.920399
3.459766
1.330071
5.487835
0.6420852
5.164814
-0.3995721
4.057232
6.483241
2.785124
9.604224
0.8209009
8.598035
5.469708
5.753249
-1.28844
5.779565
6.798219
6.886042
3.241064
5.03224
4.208683
-0.2299611
6.869005
0.9481067
5.607996
3.873813
2.949148
1.350025
4.183058
4.702893
4.154709
1.067021
10.47995
6.465285
-0.2372232
7.473054
0.6199827
6.484651
3.036708
3.490341
6.620825
1.251062
6.056679
5.026443
-1.404569
7.0197
4.477159
-1.232663
5.070218
-0.03724357
0.09336247
4.332217
-0.208512
4.403966
-1.145514
3.826241
0.6034961
6.091712
3.421067
5.25076
-0.611785
6.237214
4.806301
-0.1316138
6.631247
0.8992438
1.382501
4.263591
3.758466
6.276368
1.901978
5.242301
5.265901
-0.168669
-1.224573
-0.297137
3.699725
5.418932
0.5914062
-0.1213001
-0.3824762
1.439109
4.754301
0.8264329
3.978024
6.88817
6.090384
5.303867
4.397626
6.229697
4.648539
-1.078667
4.299616
6.265395
1.244237
-2.091027
-0.3707465
0.2326359
4.456438
4.717414
4.140863
7.672712
-3.039405
-0.4886726
5.280898
3.683081
5.140214
3.9704
-1.222848
3.574167
-0.7749599
2.764444
0.2474812
5.256305
6.581134
3.766365
0.09346638
5.666655
6.835647
-1.001734
-0.2164339
4.744229
-1.868638
4.952234
4.902702
5.689049
3.997944
4.303515
-1.803541
5.206922
4.834257
5.662668
6.407669
-0.2761035
4.249962
-0.7940309
0.823059
8.076684
-1.144438
-0.6823328
-0.6958663
5.59517
3.384503
-1.081266
4.791079
-1.447672
6.289411
5.817484
1.151807
-0.8992904
-0.1669318
-0.6973119
3.417771
4.86155
-0.533952
5.912031
6.815725
0.02823541
-0.3599578
-0.1900169
0.5600163
3.615189
4.031125
-1.298859
7.543351
5.013639
5.374382
-0.2754365
-0.3443106
-1.203205
4.650206
4.148595
-1.227078
1.413996
0.7546203
0.9290561
0.129165
6.550758
2.010056
-0.6281953
-0.65642
4.910354
6.940564
1.931612
5.608855
1.242012
11.92683
1.131188
3.504406
4.35548
3.318515
0.6530728
5.034916
0.2989217
4.492216
1.384635
1.420075
6.082559
0.1053949
0.7990957
4.706801
-0.2494504
4.55359
7.428932
4.406301
1.720628
1.469131
0.8125359
5.020367
3.401599
0.8701582
3.068013
0.02548998
0.2932481
5.497294
6.320959
-0.2754784
0.3214355
4.916831
-0.6051926
4.997889
2.842713
4.520654
3.402276
-0.9710563
4.786482
-4.227032
-1.414753
6.051335
5.968161
5.408948
2.757373
-0.8397331
0.6495476
6.073452
5.084925
3.936169
-1.063752
4.728975
6.910541
4.460417
1.265897
0.2693535
3.888459
-0.3160592
5.875704
4.078681
-0.4637056
6.434275
4.797978
5.430474
4.6819
4.71051
6.01158
6.592321
-0.3972767
5.56451
6.322738
4.880661
4.314146
-0.3169233
-0.09479641
5.570915
2.713111
5.863514
0.9903633
-0.8713933
5.612793
3.466785
10.181
2.053107
6.216025
7.652428
5.222234
5.655254
1.80792
7.186992
5.633676
0.6351134
2.554308
-0.4659961
3.940646
3.743323
1.118734
6.067427
-1.51833
5.36369
6.615423
4.661788
6.205379
1.359705
5.56571
5.405629
0.4727087
-0.4160862
-0.1873901
4.539294
1.604537
0.2361686
-0.8086964
-0.96442
6.095895
2.672176
5.920976
1.242121
2.103321
0.5290587
-0.005814049
4.629867
-0.4012235
5.617166
0.5904165
0.8334818
4.951101
-0.1537625
7.092806
-0.2817941
5.244299
0.391075
7.122705
-0.4490687
2.643062
0.8020138
4.371758
-1.923851
-0.6628715
4.136413
-0.4038872
-1.744461
0.3586005
0.4929776
1.09004
5.745872
0.7961591
3.791324
0.190611
0.3245443
5.302922
3.942436
3.935949
3.922123
3.17226
5.133976
1.024282
1.306736
5.348775
0.6229218
-0.4670893
5.807373
4.754983
8.149212
4.760586
6.070838
-0.5015736
4.349507
1.774333
5.401481
-1.223214
3.172013
-0.6726296
0.2411844
3.735124
1.226252
-2.422717
0.01601369
0.1908776
4.459639
-0.1820063
3.85136
6.173015
-0.2437645
5.847735
-2.008646
0.5401405
-1.507518
5.70518
6.894732
0.6082309
-1.229713
5.429431
5.804272
6.661933
1.289578
0.6124312
-2.238976
5.721038
5.449639
8.513865
0.2058864
5.608293
6.638984
-2.318698
9.377443
5.850564
0.08358803
-0.09703295
0.6606382
5.307449
-0.2583568
4.316383
5.167515
0.5458191
5.901045
4.288101
4.441051
-0.2237653
5.288241
4.106692
4.742614
5.926854
4.814024
5.745083
-2.216836
5.657882
-1.443736
1.114336
5.847055
0.81711
0.3406226
4.77785
4.92807
-1.837257
2.406975
4.558617
-0.1369948
6.590338
4.5888
9.215168
0.6066115
-0.06402292
2.944975
3.433746
6.30192
-2.225941
0.008605697
1.802765
-1.121407
3.803642
2.457677
0.1133047
4.765728
0.5484567
-0.2659976
3.467456
3.665339
-0.7980339
2.451775
6.145797
4.763949
0.04593896
-0.7147938
11.19568
-0.8560339
4.975794
6.82484
5.110659
1.136104
3.249952
0.5813949
5.73941
1.474099
4.633256
-0.8280458
6.688501
5.312252
0.04825346
5.490699
3.657178
1.001836
1.808363
-0.4747303
0.7969508
2.000464
-0.04863028
4.366398
-1.322678
6.343385
0.4747494
6.058764
2.23282
4.688893
5.401879
0.4309581
6.531249
3.020966
5.107623
5.723354
-0.7700901
5.916087
0.6258886
-1.327549
4.837539
7.076876
0.04255102
5.522836
3.90551
-0.1707881
8.145335
5.469872
5.683715
1.674292
5.555198
4.074023
4.581561
4.827385
-1.549105
4.008228
6.527686
-1.07621
-0.9877684
5.065261
4.079969
1.336408
3.620194
5.560507
-0.1868927
5.389911
-0.4000758
3.22467
5.024985
3.924875
1.498632
4.589775
4.891357
-0.05280198
-0.3386956
-0.5735511
-0.3238856
5.393176
3.936757
4.60777
-0.01919789
1.505011
4.812148
7.892538
5.458999
3.9906
2.157129
-1.154514
0.06777838
4.748187
4.414223
5.186979
4.826945
5.649337
4.889366
4.306009
5.523247
4.598754
0.9535133
7.036
2.510699
0.821101
0.3736503
5.140068
5.902428
5.649684
6.737603
4.71239
5.329898
4.560589
5.094074
4.917296
5.307163
-0.2913419
4.884572
-0.1185332
5.515445
9.665677
-0.2605015
4.355779
0.7784417
3.543764
0.422183
4.626175
5.679108
3.828183
5.726136
0.8697356
-0.1785559
5.36512
-0.3954909
4.352798
6.69301
0.003939138
1.228287
6.180923
-0.8987561
4.812062
1.449465
6.331205
5.199298
-0.2851773
4.315352
-0.8950981
-0.3928638
4.419115
0.1600184
4.763931
-0.4453736
4.973418
0.1382137
3.531209
4.752039
-0.5581308
1.253626
4.787927
5.025644
6.637656
4.639972
0.3369117
3.381212
4.606286
-0.714893
4.982829
4.960832
5.636315
5.641407
3.241699
4.926762
-0.6468088
0.4469977
4.656216
4.901404
6.494457
2.599787
5.512481
9.337876
4.117848
3.889231
4.200128
5.41917
-0.4464327
5.3172
-0.3980315
-0.4249796
1.142368
4.324683
10.42008
2.839879
3.140419
0.5485238
1.396318
3.129315
3.43888
6.148629
3.447781
0.616477
5.710549
-0.900517
3.025352
5.291118
0.9050926
4.069839
5.496199
-0.7562268
6.692695
0.9819397
5.380802
0.3118176
-0.2310202
-0.722427
-0.8615638
0.2508327
3.864769
7.061216
7.071166
4.574278
-1.041622
-0.6188485
4.992368
-1.737433
7.543355
5.255849
0.3729968
5.64201
3.2999
6.181201
0.8007087
-3.139742
5.346543
-1.757066
5.3019
3.122535
0.3137074
5.354155
7.195814
6.257483
0.9314394
0.7065633
5.028855
6.62791
5.468791
5.290586
3.883667
4.548667
0.4512022
5.918653
-1.155266
0.3458394
5.077965
6.78027
-1.021834
0.5534923
4.151553
-1.391438
5.398002
4.279751
4.846918
1.615042
5.470835
4.517534
-0.8324686
5.855257
4.966638
9.772603
5.259079
3.544801
4.029957
3.971391
5.615763
-0.5528675
5.266983
0.3046427
5.414938
-0.2174115
5.263324
-0.5862769
-1.715696
-0.7487767
3.801891
6.568936
4.892568
-1.463804
0.1096574
-0.2997542
-0.2445652
1.245746
5.014412
4.492054
-0.1926527
3.002577
3.791076
-0.3420412
6.506167
4.306189
8.722737
-0.5765144
4.861658
-0.757801
0.007448286
8.8923
-1.010606
7.225286
2.975796
4.135658
5.215987
4.512329
-0.8543528
5.787825
1.154954
1.206222
2.522862
4.626266
1.450084
4.371234
4.136978
1.143874
5.767167
-0.6567567
4.841873
5.482307
-0.6676352
6.943058
5.442278
4.758522
1.315185
5.369092
6.83032
5.445524
4.083031
1.497474
5.530184
-0.8152905
5.404472
4.430294
5.226193
5.538736
-0.5166116
6.433603
-0.07593433
-0.1852958
-0.1840629
5.506415
-3.15195
-1.035786
0.5118967
4.327325
5.345907
5.092082
3.762382
-2.727627
5.803887
-0.6850571
-1.081285
0.3188837
6.853544
-0.4996423
0.135385
0.4437772
7.01759
-0.1472519
0.1658173
0.7382529
4.946883
0.3295172
0.1295222
-0.6229425
6.960113
1.277938
6.122896
3.756696
-0.2714493
4.604954
2.632411
-0.1224825
4.151654
-0.5475732
3.470741
5.754049
-0.2026231
4.459434
0.4855548
-0.4418021
4.412163
3.539704
-0.02718879
0.5417715
-0.1186592
6.204307
-1.244062
0.1491095
-1.473485
5.310993
5.906444
0.978692
5.50638
0.4303282
2.520351
1.087245
1.667048
1.028045
3.59396
5.138235
0.1879878
-2.697456
6.113296
4.605266
5.094863
5.490399
0.9115763
0.1087216
0.994984
5.597126
5.791841
-1.619141
0.2357217
0.8889356
-0.2585928
6.401564
-0.7784527
0.03591369
5.928636
3.646928
5.364386
-1.250094
0.6208582
-1.097453
5.01438
6.199957
4.40191
1.313131
3.661972
3.233057
4.260288
3.918028
4.580771
6.027512
-0.5329995
4.383377
0.1699433
0.27607
3.006263
4.097289
-0.2372746
1.984056
-0.5581307
5.398891
10.01186
0.7243934
6.51031
5.467251
5.127671
5.749564
-0.1397651
-0.4250047
5.897469
5.212262
4.476745
1.178454
5.375359
6.367009
3.877422
6.07639
4.298964
4.344319
1.295183
5.891972
4.790303
10.66932
4.366268
0.3292309
6.006297
4.194062
1.158638
5.631072
1.318944
-0.04606018
-1.25195
1.318164
-0.484719
6.390763
-0.4422678
4.447562
-0.2802632
3.793265
-0.3001308
5.625581
1.422312
1.593984
6.63661
2.79218
-0.9003001
4.548102
0.1618101
5.36518
4.305373
4.4822
-1.109392
3.702606
0.5368575
-1.735121
1.511005
0.3557674
4.137053
-0.2398894
5.640686
7.063847
0.8389362
-0.6809605
4.751785
5.355656
4.125409
7.24494
7.230772
1.216193
3.689394
5.722173
5.105308
5.379192
6.055201
-0.9687699
3.704917
3.602088
9.455876
5.422045
5.241058
-0.006724539
5.346551
6.470841
-1.962644
5.212866
5.462996
-0.6444884
3.233614
-1.014226
-1.249629
6.911837
-0.4500921
-0.1925225
9.332051
3.687394
5.999682
6.194082
6.008941
5.089035
3.769142
6.392821
-0.651401
0.5635195
5.85477
0.5320613
-1.256241
4.232705
4.045933
-0.567146
-0.4797007
6.609107
-1.011372
4.916386
6.114305
0.4404368
4.187334
5.097487
6.27002
5.100022
1.335923
6.330822
1.957988
4.307526
1.523022
0.9817776
0.09016539
10.6268
1.699279
0.6472744
-0.6662859
4.368645
7.18779
6.267316
1.244983
4.288653
0.7045652
0.6246443
5.712913
1.382025
-0.3552753
0.1419099
7.585411
5.024961
6.064477
4.806066
0.0905345
3.825447
5.160353
0.1768955
-0.5108784
-0.3886581
1.074984
-0.3470283
0.3528645
6.255069
5.71066
-1.205616
-0.9248428
5.262526
5.459913
5.098882
0.597131
6.321288
3.869006
8.403522
5.240681
-0.4394898
4.484166
4.930189
5.991651
4.462243
5.71015
5.52437
4.79339
0.7846965
4.811971
2.58209
5.230143
-1.100029
0.6554494
-0.8287991
4.737766
5.882079
0.2706258
-0.4810925
-2.838474
-0.255975
5.075559
5.502567
4.469677
0.5624636
0.6572266
4.66721
5.148424
-0.08834996
4.112897
4.650263
-0.1454318
0.9722998
5.909151
4.527668
5.072991
4.448308
0.6919452
0.6430809
-0.3170831
1.257482
5.592364
6.027546
-1.204011
5.504329
-1.906487
4.287881
5.062268
5.484371
6.272956
3.566979
6.347079
6.17669
-2.456756
9.771137
-0.2659589
-0.9866772
4.482044
-1.34554
5.25772
5.490721
4.586331
4.856054
5.710411
5.401976
6.75948
0.6013395
1.192366
3.977684
3.344981
0.9826293
5.266675
6.803478
-1.026711
4.824514
6.277554
1.149094
4.480323
0.8429383
3.489004
4.587958
5.676808
1.091097
5.478178
4.556657
4.818032
6.065042
5.756887
3.987123
0.2717517
4.882808
-0.1640942
5.706859
5.162623
0.8628971
3.673496
5.471488
4.761537
4.968785
5.220824
1.794561
5.456976
-1.824233
5.280487
5.631222
0.07986587
6.337282
4.961078
-0.2883517
5.455364
1.051113
6.727904
6.839853
-0.2644466
-1.578021
2.419642
0.757395
-0.1491062
0.8539827
3.65121
3.776785
4.3002
4.598602
5.722105
1.399095
4.164553
5.820016
4.943868
1.087459
-0.3546211
-0.7620419
0.0009666245
-0.3887022
5.358379
0.9397262
5.998738
5.15535
0.3636172
6.843941
4.93358
5.183822
0.5044867
-0.1139749
1.271381
5.348533
-1.67058
0.9788941
4.866004
-1.038823
-0.9486647
4.744699
6.695468
1.058043
6.308838
-0.03311319
6.728695
6.412482
3.72748
6.142049
5.85
0.2493192
-0.01772198
-0.8322181
0.5056621
4.168266
4.259621
10.16585
3.985682
0.7392882
5.989254
-0.5782611
5.060757
0.7000798
1.159353
2.51514
3.874202
-0.1943431
-0.7223533
-0.1995909
2.357096
4.105992
3.778682
0.005013609
6.456615
-0.437713
5.124049
4.271524
-0.8874477
4.40686
1.101875
6.983964
0.8848439
7.640599
5.17054
5.194063
5.232686
4.811273
6.241515
5.218071
4.598981
0.1902211
1.221523
4.97009
0.2053719
4.490358
0.4401163
-0.5647062
1.219721
5.119874
6.50528
-0.1024055
5.466329
6.365147
4.771758
4.16738
5.935922
3.132002
4.808018
3.79487
5.232524
6.079375
5.69522
5.558014
0.9748449
0.2804091
0.7709669
4.260974
-0.001509972
4.308936
5.160908
7.442335
1.824908
4.36653
-0.7393225
1.381368
-0.8294472
1.12202
6.243939
3.94002
3.382832
1.579175
3.571805
5.244357
1.102343
2.588367
3.561517
4.28283
-0.500745
4.658014
5.822511
5.128256
6.08454
6.200513
1.371717
7.028541
-0.3926431
-0.5529085
4.598597
2.589083
0.4617293
5.952385
0.1318488
4.722843
0.4088483
-0.1361914
-0.1164098
-0.195344
5.663772
5.523402
5.249261
7.695855
5.43473
5.784063
4.7384
4.675988
5.566118
-0.2799548
10.82041
0.6678831
8.042832
4.978336
-0.641666
0.6932546
-0.24849
-0.2196792
5.723656
0.4556619
3.887706
4.402279
-0.005056817
0.4469602
6.937256
0.6838222
7.86338
-0.8493735
1.796803
0.9923237
4.298129
5.473871
5.246763
3.851038
0.4850403
14.23343
6.994051
-0.0891855
4.179328
4.714616
-1.216486
6.019317
4.817818
0.1226921
7.988742
4.704397
4.889714
6.398784
7.551636
0.2663604
5.765546
6.365199
3.373942
3.421958
-0.6341412
4.80392
0.2988555
0.7826324
1.557146
4.961127
5.236339
4.227051
-1.599246
5.430384
0.05321203
1.810585
5.899429
4.522546
0.8193093
4.318472
0.9334663
5.940547
-0.6935009
5.930427
8.651716
5.051808
3.726966
4.470568
3.825068
-0.9590864
4.92886
-0.1477351
-0.4257178
0.9443108
-0.2836312
4.288752
1.446142
3.15614
-2.134225
5.242638
4.266797
-1.102069
1.118257
5.958523
6.945001
0.9788283
-0.9271693
5.504883
5.031839
-0.7666535
3.898991
0.321458
5.55426
4.824347
-0.1814161
-1.392074
3.619032
3.380789
6.489083
-2.464053
3.988395
6.298038
1.785731
1.081273
-0.4407106
-1.464807
3.496849
5.715717
4.305006
5.012969
2.093169
-0.19866
0.4546036
2.930492
3.474455
2.112971
0.4405777
4.853023
0.8099181
-0.5067653
0.04944848
5.883708
4.996925
6.043307
4.450439
-1.489246
-0.3420854
-2.36116
2.433464
5.725863
5.255513
3.730585
5.073826
3.911985
-1.118481
6.35773
4.911277
-1.437672
-1.777337
5.200063
1.076782
-0.7185222
-0.3483833
4.919504
9.224587
4.885729
0.05685606
0.432381
-0.0724961
-0.3206348
10.23154
-0.3399987
5.029954
4.954259
3.375193
5.275428
5.407058
9.055593
3.57907
1.729096
8.375888
5.017195
1.422522
5.096402
3.805906
0.3299519
2.311449
5.640885
1.654376
4.80924
-1.064315
5.83271
-0.7419799
5.119284
7.538094
6.038954
0.9748721
-1.89742
5.137174
0.09745744
0.2951553
0.6594217
5.90169
4.61662
5.385156
-0.07467682
4.437042
-0.1946995
-0.9731925
4.814358
4.594816
6.130313
1.322093
-1.697505
3.795117
0.5792385
1.118453
4.730938
-0.2448621
3.751808
4.585519
5.84289
3.700216
5.223762
4.104547
5.330862
5.511546
-1.290486
1.784678
3.10136
1.78487
7.008492
0.333175
3.873228
-1.713913
5.005535
1.141762
4.393267
-1.388991
5.652645
-0.1671952
4.820933
6.555988
3.214317
0.7438882
-0.1675841
6.912576
0.7078316
1.281718
6.512359
6.120091
5.223595
1.418959
4.990475
6.082039
4.741168
1.028535
-1.542834
5.504183
-0.3674638
5.855484
5.699715
4.209375
-1.455893
-0.677106
3.886051
4.873736
-0.6813697
4.425652
1.396334
6.700077
5.336389
3.82654
5.220512
4.102808
0.5154935
4.670175
5.207801
-0.5808223
0.8465116
6.762206
3.271974
5.713597
0.08157292
6.632803
-1.346528
5.512439
4.426663
0.2795266
-0.4633743
5.268674
1.300668
4.978426
0.180078
4.193072
4.026805
-1.089515
5.154285
4.802856
-0.2890934
4.97409
4.485978
-0.4521706
5.137538
0.9606751
0.03190716
-1.009691
5.708586
2.867316
-0.5601838
4.951659
0.6931502
0.0443742
5.793042
0.6079894
0.3208598
1.608478
4.592612
3.375077
4.643558
5.818301
4.324862
0.1523116
7.368172
5.421008
4.446367
3.90581
7.892762
7.067738
6.733297
-0.7052891
3.76866
-0.1131891
4.37287
0.1577501
4.935573
0.9075466
0.1645176
-1.558375
0.798136
0.2922187
4.90726
4.948918
-0.7131356
-0.3159837
6.218632
7.620526
6.031153
5.989508
5.656182
6.440203
5.915795
6.198824
6.922942
-0.5421275
-1.226253
0.07874101
0.03420287
0.09756173
11.89282
7.734549
-0.0775388
5.931808
0.9556204
-0.1320503
4.554226
5.082574
4.740672
3.181069
5.561947
0.4705274
5.206798
0.6403134
4.263823
6.433328
11.23559
4.101446
4.529489
-1.021958
4.933447
4.002925
6.06798
6.521911
4.015882
0.3954687
0.6121383
0.5216805
-0.9249218
-0.4769855
2.115436
-0.2079332
0.301281
7.284822
-0.4251174
7.054231
3.386457
-1.081387
-0.5611313
7.126226
5.281145
5.486719
5.832029
-0.4586105
4.849758
6.388665
-0.3441541
4.791439
0.6466693
4.780004
-0.6653286
5.550417
5.704845
3.54804
1.398118
4.58565
4.906275
6.569944
5.263969
-0.277148
5.610252
7.060155
-0.9306141
4.985802
4.915699
0.1395607
-0.8187143
4.879121
4.099452
-0.3393702
3.72575
2.19912
6.586399
-1.459765
6.093958
6.119658
4.760069
-0.2198402
5.657491
4.603826
0.2331501
6.358508
0.6255497
0.6535392
5.454931
8.26841
3.710848
4.099854
5.799495
3.589838
4.222312
0.2024022
6.244983
4.574576
4.952014
4.410517
3.261467
9.548527
5.646435
3.429258
0.1098184
4.75439
3.846509
-0.2695632
5.981322
5.277689
7.185406
7.601861
4.638629
1.371572
1.835109
0.0313346
5.618549
3.928909
-0.3197798
5.675385
5.892457
6.199137
3.003164
0.2994205
0.007099221
5.778254
-1.087887
0.5432304
4.957145
-0.9765854
4.864741
4.565439
5.483614
4.401057
7.187885
-2.202066
4.454279
-0.0627381
-0.2627765
-0.498145
7.042709
-0.1206845
2.067422
4.331984
4.565998
1.260121
0.3591321
5.276998
6.10186
-1.06968
-1.164063
0.7866745
6.449314
2.216886
3.939975
5.432124
0.4120478
5.51361
5.311814
5.609322
-0.6133946
4.742447
1.402872
5.805246
-0.06409266
0.6599491
5.651606
1.665423
0.3751326
0.2557889
4.090285
0.3908716
7.782816
3.620253
5.367927
6.38355
6.034046
3.822499
-2.08287
1.001525
5.102911
2.877409
4.323155
0.04803002
6.048026
1.750726
1.794822
4.642329
5.003968
0.7249041
-0.1253648
5.138423
0.7790944
5.962634
5.817903
5.350342
-0.620333
0.6372118
5.152994
5.586068
5.293016
0.5028468
4.996476
-0.1277543
4.649715
0.3804484
4.17289
6.238485
4.765978
-0.6113687
6.361718
1.842571
4.088672
-0.6218096
4.184011
-0.3331284
3.557184
-0.8295628
0.1342185
5.669558
3.340339
5.864316
2.87378
2.955694
5.160465
5.495816
-1.095409
-0.01748022
-0.466995
-0.02528051
5.060065
5.304192
1.388843
0.7999997
-0.7403808
0.9839283
5.155154
3.484356
-2.65906
-1.458901
3.788032
4.837452
-0.2178234
4.196547
0.2507776
5.71718
1.803283
4.744948
-0.1459828
-0.05910755
2.873597
0.01504974
0.07781441
3.953092
4.927903
-0.6518613
4.664165
5.195856
-1.400288
0.2266451
4.378629
-0.4729557
1.176886
5.745478
-1.278052
-1.286294
4.347594
4.111725
-0.1778668
5.460573
4.737835
-0.2328991
-1.462017
5.855284
5.240558
2.84355
4.863858
0.6768736
5.150504
1.435433
4.493822
5.11998
5.42154
-0.8518308
6.034799
1.241662
5.69229
1.879022
6.910831
7.380635
6.657075
0.6633103
-0.9308362
0.2825021
5.356517
4.591414
5.939478
3.83203
-0.6069037
-1.515741
4.807698
3.497277
1.987089
4.152072
-0.05076248
5.414065
4.537729
6.530652
5.938744
5.182696
-0.7959775
3.914552
-1.385182
6.63095
5.45597
4.83596
-0.5137819
2.999584
0.1292061
3.048243
1.836908
1.639826
5.157923
4.507181
0.562821
5.625301
4.101454
0.8048354
-0.6284401
4.643975
5.274544
5.317751
-0.01436531
0.8063928
0.7286255
-1.049132
5.001134
3.811587
-0.7624491
0.8599979
4.193243
9.072294
4.716798
7.195069
4.807067
4.333381
5.052486
5.632615
4.469239
-0.3763143
4.923525
-1.764195
6.83594
6.365817
0.8948723
4.915215
5.353371
4.821366
2.217458
0.7185185
5.215954
3.926134
5.923959
3.777417
-0.5183148
5.758357
4.026723
1.007707
4.15455
4.768481
1.019797
4.12285
6.905516
5.511889
0.7410646
7.457054
-2.351039
5.613824
4.758377
5.410521
-1.834485
8.11766
2.618488
3.795109
0.8239257
7.506822
6.644333
4.913642
4.677917
6.197203
5.153769
4.234089
5.187014
0.3551512
4.240435
-0.004902859
-1.058974
0.8665764
5.203482
0.2910411
-0.4485846
6.463937
4.816461
4.89644
0.5625869
7.038795
-0.6340586
5.252658
1.016637
0.8441261
0.8582422
5.467205
-1.507174
0.1506781
0.9386081
3.803248
5.443442
3.848502
3.442671
5.359848
-0.6729668
4.798982
0.5496556
2.78175
5.123761
5.976548
5.07379
4.596961
0.662963
3.564236
0.7265721
-0.1991278
5.472164
4.644257
6.474594
5.457699
0.9259889
-0.5292595
5.764661
5.761596
4.909983
5.464005
1.302018
5.532463
4.446693
3.841703
1.085356
-1.876011
5.347139
3.171624
1.148101
1.29892
4.802977
3.248943
5.926414
3.242512
5.046066
6.897278
4.825124
5.711225
-0.0907743
-0.8162244
4.823021
4.753332
5.506208
3.62057
5.106029
-0.04542142
5.015583
5.59414
5.178781
-2.575507
-0.1520476
6.623483
3.573812
4.767076
4.67766
6.909652
-0.440584
5.330648
-1.075635
1.503423
-1.827105
-1.679754
5.22145
5.172366
-0.1816566
5.932965
4.419801
1.717004
-0.3433285
2.637215
0.5307153
1.114026
6.089979
-0.3875046
1.013183
-0.09480088
4.720743
2.54994
4.973524
4.302191
4.644023
0.6376224
1.366724
-0.05617825
2.747438
5.339539
4.166837
6.033535
5.597364
7.976134
-0.9950797
0.7291209
3.204794
4.727569
4.699528
3.862657
4.792778
-0.5311871
0.05143471
4.602911
0.55338
-0.1133766
-0.7966611
4.774647
4.958799
1.18863
5.557238
4.184222
4.010254
3.816616
5.337839
2.573101
1.481806
7.068379
4.925745
4.582231
4.866141
-1.745001
3.990189
5.184934
3.66287
0.4010085
5.357128
5.986428
6.539623
-1.488952
-3.081711
1.56493
5.374151
0.265667
5.740932
5.214735
0.1209238
4.928578
6.190729
5.387987
5.224574
-0.361971
-1.454498
4.767136
-0.1472953
5.659671
4.739028
3.875397
-0.1619057
2.077002
5.943615
-2.374257
-0.3562314
0.8200339
6.576701
0.373041
6.379648
-0.5786241
4.983162
-0.2147136
-0.2341814
4.800185
6.275494
-1.047966
6.215035
3.960399
-0.1876102
5.161217
4.893614
5.845522
-0.8177186
5.831597
6.430509
10.26589
5.829342
1.546092
5.36188
4.826786
-0.6100086
5.082026
5.750828
5.374114
-1.370691
3.825038
6.623597
4.541688
5.651528
2.673527
0.4008241
4.782836
4.007462
5.60831
4.382741
4.501927
-0.03502433
5.505449
-2.059248
10.02515
-0.2448212
6.002324
-3.785464
4.629284
-0.4337202
4.419016
-1.820742
4.897333
5.875572
-1.237642
0.977803
4.177589
-1.187671
6.397919
4.565117
6.156107
4.029331
4.014677
4.045597
0.1005027
2.845746
-1.131418
-0.2496094
5.424258
5.825532
4.72756
5.739429
5.523232
-0.1181076
4.556111
2.816388
0.9125587
-2.467258
4.754386
6.406029
5.981578
4.681274
4.21887
-1.962718
5.310208
5.154462
7.463345
-1.031696
5.414099
4.821194
2.126128
4.984818
6.64499
-0.1530093
0.04621936
4.071397
2.686661
4.526998
0.5144726
6.189647
0.6944805
4.319284
6.730957
0.5219811
5.318065
0.06125125
3.988102
-0.6880979
5.762158
4.590963
-0.7147395
4.81219
3.5488
1.508325
4.576374
6.436289
4.793994
5.05229
-0.2756442
0.3119653
1.161684
5.304719
4.582334
-0.764644
1.614886
4.617684
1.233296
0.0645745
5.379124
4.852747
4.753509
0.833261
0.03784833
4.852915
5.317005
-0.7024767
-0.9472786
0.5346852
4.485895
0.5099091
5.335859
4.113459
0.5128161
-1.017154
7.077226
-0.02018893
-0.8237105
5.288467
0.9051839
-0.1874513
5.458867
-0.2621169
5.02812
-0.8806093
-1.120255
-0.4060943
6.878361
2.841811
6.196144
0.008966963
4.658708
4.30259
5.818418
-2.579481
-0.4347048
0.5430881
4.733427
7.643035
-1.119644
-0.1788223
-0.2433531
-0.5016906
-0.2771282
-1.288647
0.1106611
2.422558
4.640492
6.626924
0.12646
0.5654496
5.568254
3.815344
-1.767759
-0.7708077
4.544433
4.038368
-0.9768274
0.8310955
-0.3030149
-1.043088
5.874479
4.510554
3.853531
4.481539
4.745244
6.034685
0.8526799
0.985382
5.444212
1.681536
6.092154
5.323742
0.9658867
7.652505
1.819145
1.512943
1.809705
-0.5772811
-0.4603027
3.43342
0.1582197
3.989809
5.18909
5.349152
2.283191
5.546435
5.029692
2.879745
0.3367015
-0.6485982
6.69736
-0.2657862
-1.032347
5.563384
6.323205
4.398155
5.566102
5.472662
5.337967
4.347406
4.977607
0.9834324
-0.0372575
5.062949
3.951106
-0.1659475
4.371798
4.497227
-0.6962209
0.5029699
5.61317
3.88185
-1.667019
6.053208
-1.145885
1.583539
9.855739
4.010104
4.626102
5.324175
4.965046
0.6992591
6.497248
5.792172
3.853709
3.501359
5.442907
6.85316
3.817894
5.213389
0.472799
1.315744
1.475173
0.6390663
4.633024
-4.047642
9.828805
6.635423
5.480997
5.248267
4.487979
4.48919
3.825785
7.653448
6.117367
1.876387
6.115937
4.363975
5.659646
3.970086
6.155019
0.1874204
5.404431
5.816903
-0.5126854
6.384339
0.1644485
6.593823
4.433659
4.97596
1.57719
2.880831
-0.618583
5.658352
8.358298
0.2863579
-0.04253671
4.996645
-1.576727
5.583803
3.970945
5.208631
6.059041
6.090557
3.493113
2.191702
5.279581
-0.8025238
4.467324
4.50441
1.37518
0.4540108
6.318619
4.495857
4.01869
4.553992
9.420085
4.878194
5.478467
6.06435
1.129789
4.421886
3.99627
-3.011211
4.795448
-2.58157
4.806077
-0.6638257
4.461178
0.4232815
5.486213
0.6603445
0.3962883
-0.780969
-0.5930753
