-1.130097
4.435339
5.30829
1.125867
-1.544321
-0.1825253
-0.2324861
5.20794
6.065684
1.623819
-1.575517
9.160361
5.413596
0.7679142
-1.665099
1.876494
5.106669
-0.08804945
1.16006
3.730552
7.082801
0.9113444
0.9576736
0.4714577
7.071821
5.170519
4.584791
-0.9975958
-0.6029729
6.146081
5.035521
0.3386448
1.644939
5.890704
5.552674
1.701929
4.810382
5.892843
-0.7366236
3.070089
0.8453249
4.525331
5.638496
-0.5078874
1.899518
1.831918
-1.048808
-0.6288786
4.920156
5.386878
0.006599974
-0.2853928
0.3658713
1.278125
0.8071708
6.886296
5.255592
-0.04939749
5.201764
-0.1306782
5.965276
7.031112
9.99536
5.576482
-0.7285226
7.087069
1.019205
4.857618
0.02737222
-1.261483
4.630996
4.281235
2.877652
6.166431
5.236429
-0.857109
5.162375
3.590031
4.883144
5.744359
0.7117115
6.747197
5.96068
5.297833
0.4761728
1.351982
-0.6255564
-0.5527953
-0.4384782
3.899699
5.06974
0.3106441
6.352001
1.237494
-1.421746
-0.6515798
4.599447
5.248085
3.86538
8.67786
3.211014
5.286776
-1.146861
-0.510785
5.896725
-0.2886065
5.178828
-0.6979046
6.366113
4.800331
0.9905013
5.272672
0.2482311
5.70601
3.400451
0.05654501
1.988241
5.017934
5.587011
4.204005
4.16693
-0.03905633
3.869539
4.642629
3.832434
-0.3697146
6.005151
4.280381
5.03696
5.031631
5.219779
5.120831
5.27492
5.107222
0.8356196
0.86909
-1.748314
4.463497
1.386386
0.6590544
5.934758
1.019775
5.243093
4.813289
-0.2700148
0.06596724
0.09778115
4.519806
-0.6644066
5.247822
6.698235
4.792561
0.7602635
0.770695
6.482053
-0.65835
5.394719
6.809419
4.964411
6.86158
-0.5978286
6.081081
4.424678
7.315598
5.626991
4.098735
2.981978
1.767739
4.695905
7.539723
5.231103
6.302229
-0.7831602
6.034741
5.424546
4.499888
4.70538
4.300576
0.07742718
5.30411
1.20888
3.199784
2.421495
6.100816
-0.3946437
0.3200204
-1.379078
4.482533
4.689536
5.800075
4.888834
2.194305
-0.8300982
6.028251
4.078447
4.746868
-0.1682906
5.530991
4.965185
3.123901
5.137848
1.01629
4.766677
1.54509
6.207953
4.168108
1.849458
0.1326848
-0.3947978
-1.524972
0.3608391
7.539942
5.360783
5.790974
4.113578
-1.947485
4.893967
-0.6840752
5.556232
-0.3933235
2.844462
-0.5363336
1.365617
4.980549
4.450167
5.867088
0.3215305
6.907706
5.62824
4.768932
3.401207
0.6863456
4.236772
1.670842
-0.1861154
3.817624
4.145315
-0.8510667
0.2023243
0.5263514
0.07032311
7.079611
-1.107471
0.4659652
5.576732
-2.50999
-0.0524584
0.9304753
-2.150231
5.520664
6.893753
4.785624
2.071603
4.482039
-0.5045679
4.771436
-0.8233748
1.417362
-0.1510788
5.934679
5.83625
0.917859
0.4658453
-0.7293845
6.259399
-0.4473081
-0.6485619
5.569424
3.604951
0.3316042
6.914454
0.6086701
0.2505838
5.208573
4.309782
1.411415
-0.2544261
6.233025
-0.6146856
0.4407279
4.077872
4.580471
3.339887
0.5308156
-0.7349109
5.557836
4.077513
-0.109046
-1.04791
7.173166
4.507171
4.948668
0.1556478
1.958414
3.578379
1.326699
-0.1017071
0.5458106
-0.1839797
3.565559
-0.6730395
5.156526
4.889634
6.290886
4.519837
4.158787
5.066706
5.647768
4.229858
3.831389
0.1617747
-0.3022811
0.4048631
5.0985
3.998789
4.365227
1.346768
4.968
5.158803
8.75367
0.6447379
6.68159
-0.6587003
0.3382219
0.227168
0.6160247
-1.231051
5.449259
4.131202
4.754143
5.067716
0.404192
2.622673
3.214997
5.377096
0.3634501
5.280564
4.512309
-1.93838
3.732288
5.949025
3.733016
-0.2735691
2.518021
6.667513
5.251719
-0.831723
4.442204
5.154258
-1.533743
5.802606
1.294399
6.07569
4.670341
1.01492
5.103912
-0.08381023
2.893972
-1.935955
0.5399423
10.68695
-0.2404981
6.066758
12.2995
5.94478
4.20752
4.673564
5.780624
4.792171
-0.1380272
6.126456
-0.1272026
0.9515248
5.088271
0.3222097
-0.3920251
5.109511
4.59066
4.592615
5.60723
4.613035
5.612637
3.476751
5.299075
-0.6672799
5.161893
0.02830315
6.112181
4.988539
4.612048
10.91186
1.082855
6.369916
3.170178
4.791139
2.532362
0.9799271
6.209238
3.386646
2.699128
-1.841997
6.446179
4.007136
5.075714
-1.934133
5.370449
0.1168426
5.005038
8.481359
4.875301
-0.9255927
-0.2664599
1.491186
3.824472
5.531316
1.780124
0.01733973
0.863945
0.9430353
-0.03057877
5.155487
2.602787
3.06862
-0.9844021
0.1560471
5.390115
6.888331
1.741836
5.445828
1.413511
-0.7515125
4.602717
3.165024
0.1085959
4.932222
7.359883
5.046435
4.518536
-0.4515631
4.286489
-0.06112937
-0.07983579
3.922692
-0.8270556
-0.7564248
4.982019
-0.3398964
6.160543
4.727329
4.194512
4.558702
3.141728
4.460731
9.477828
-0.6573822
4.95102
-1.078885
1.417704
1.376439
6.217659
6.591868
5.968125
0.6203974
2.273822
5.48822
3.788685
-0.3724635
-0.6966886
1.953993
1.533061
5.188674
0.09763363
4.693405
6.99661
-0.1957779
2.051136
3.960819
8.242066
-0.8806073
4.306064
-0.252983
4.984185
8.554867
-0.2670661
4.125254
0.1275771
-0.1854945
3.194595
-0.6753742
0.1395322
6.795062
-1.257803
4.386836
4.804024
3.487228
-0.6398
5.522181
-0.7522233
1.615275
4.120758
