10.86728
4.379622
-0.3347885
-1.050687
-0.3886105
6.005832
2.419984
6.226752
-0.3749747
1.286259
-0.07820448
5.87399
4.610934
1.665411
5.049935
-0.1448192
4.633602
4.636235
0.05740881
0.5412959
0.1378107
5.526472
1.290362
4.023693
-1.428108
4.169839
0.9115422
1.318811
0.3370519
4.60629
5.225056
4.238468
4.433427
-0.006769635
4.071341
-1.976966
4.636797
-0.1744139
4.615916
4.335978
4.642421
4.465681
3.483823
4.56887
-0.8045161
6.9486
3.854128
1.530663
-0.5037895
-0.4473944
1.239164
-0.1266462
1.777003
1.155089
5.838802
1.249392
5.159795
6.156211
2.665923
9.097623
1.278903
5.417245
4.828718
-0.2680659
4.398615
0.5175149
3.981032
-1.755465
0.07761137
4.078704
0.112412
5.406948
5.255965
5.207534
4.572573
5.330649
5.933194
0.08357266
1.499942
-0.3701426
6.946438
4.780032
-0.3416166
3.381164
5.33568
5.237421
0.2317073
7.440303
-0.9987656
0.08652173
3.612875
0.3400909
3.909095
-1.991449
6.373955
-1.16986
-0.7871894
5.433111
5.389088
9.694563
5.717674
4.265403
0.6819865
-0.4248816
-0.6001687
5.00133
3.909887
-0.772023
4.939022
4.182549
3.0699
0.3389534
5.661018
9.517222
4.741788
4.632965
3.95991
0.6051691
4.751903
5.136358
4.014423
-1.227286
4.265679
3.82277
0.3400054
4.615192
-1.127651
1.181646
5.821495
6.95079
5.100928
6.249348
0.2086786
0.2806874
0.2670898
4.583237
5.329707
5.689882
0.1299904
4.193024
4.966075
5.231765
4.772624
3.723128
0.1803069
4.112168
-0.2115642
1.160105
-2.265382
5.607714
3.209944
7.056988
0.3847126
2.787812
6.147308
5.451572
4.824668
7.255643
1.275538
5.922005
0.01888853
-0.6982685
4.018347
-0.788631
4.836958
2.205188
5.37448
-0.9575894
-0.1417508
3.381732
0.581247
6.064046
5.063309
0.7207255
0.09537779
5.906209
4.293425
5.612999
4.579401
4.792252
5.275159
4.528261
-0.5750213
6.036338
-0.5853443
5.913876
3.808553
5.647285
5.328016
0.8408852
4.372327
5.914763
4.669064
0.4024903
7.09411
-0.3063796
0.009761096
4.384963
4.646892
3.686036
-1.127535
5.389948
1.161859
4.919864
1.2115
0.5583054
4.70056
5.002135
0.04702209
1.074846
-0.01601675
5.511401
0.3435557
1.343719
4.51952
4.166833
0.3772727
1.18831
0.8386383
7.39296
5.149168
4.504913
5.544119
4.292988
-2.068554
3.089304
-0.04400549
9.338831
5.012864
1.070857
-0.6446301
-0.7770578
5.099265
0.9146853
5.226458
5.282161
0.3860803
-0.4673421
-1.023244
1.254986
-0.4159399
6.288675
8.573173
1.641615
3.469972
1.060228
-0.5077743
0.8294398
0.6303186
0.504383
4.663894
4.717781
5.309462
6.270703
4.821159
0.09541376
5.270115
0.7478252
1.243265
1.749773
-0.7562533
0.8705593
7.478072
6.21792
1.117219
3.563024
3.661617
4.45522
-0.5104243
4.470121
1.488585
7.019639
4.850412
6.699725
5.453
-0.7312592
2.075002
5.246033
-0.5500913
5.031379
5.07228
0.2914199
6.112615
-1.495701
6.252859
4.708937
0.6414231
-1.383518
6.323799
4.498197
4.166939
1.535653
-0.1325433
3.989845
0.03053603
0.2702593
5.445434
0.2919447
-1.383961
6.284506
5.049367
-1.328445
4.374322
6.036641
-0.3469224
0.4655816
0.5536684
6.292935
4.025439
5.468124
0.2751234
3.026629
0.2397661
3.603228
3.970814
4.767616
6.598517
5.19873
2.680223
1.512187
3.525492
-0.1841588
4.722103
6.152043
3.990214
0.6576853
1.052992
-0.3296725
0.9005949
4.729884
1.144098
0.008332589
5.381075
4.143715
4.630808
-2.473796
-0.09308779
0.1269307
0.7536442
6.321219
2.078206
5.063559
1.251868
5.029936
2.82319
5.542982
1.443036
4.657156
3.59261
4.776302
3.822314
4.016891
4.257727
6.660812
5.861768
0.5694596
0.8585819
7.095566
5.754167
3.381186
5.639616
0.3421626
6.613176
1.166418
6.13065
0.2216577
3.852073
5.563795
0.8010581
3.774995
4.482192
2.69509
6.099597
3.561714
4.977535
4.350236
-1.375725
0.03650864
-0.211878
1.83786
4.458344
2.007219
4.746251
5.238836
0.509972
2.641634
0.4267944
0.2692338
4.758391
4.509034
3.316109
4.963743
1.508957
2.588514
-0.305724
1.160102
0.5144639
5.639691
2.596352
5.842508
5.782351
5.429791
0.8219963
4.629859
2.947873
6.470562
5.933348
0.512208
-0.5433186
5.980569
-1.068938
4.932431
5.577202
5.526835
8.989942
-0.04725554
4.795614
0.7930921
-1.033594
0.2927959
-0.7634533
-0.1576566
-1.265326
5.813859
5.671165
1.028884
4.676988
1.953575
3.764913
5.639299
5.399936
-0.5143358
-0.1603412
3.759155
-0.2781232
-0.9658327
3.800875
5.480269
0.03659088
4.860271
1.411255
2.087085
1.228535
7.20238
0.2544536
4.562965
6.467624
5.490893
5.190264
-1.259489
4.707322
-0.2758754
-1.591594
-1.059676
6.402232
-1.384438
4.796342
1.377488
6.495878
-0.479632
7.592975
6.093225
4.823122
3.624867
4.851316
1.782565
4.315901
1.047337
0.03132256
0.04552096
4.809631
4.682864
4.966133
-2.804964
-0.6844239
6.605601
3.398262
0.5565033
0.8182498
4.582672
5.040934
0.5463995
-0.7816379
-0.3886008
1.050651
-0.04103683
4.384803
4.575254
2.695901
6.598961
-1.207674
6.019225
1.555976
-0.7805725
6.633744
4.12099
4.432683
0.04259379
5.561576
4.750639
