5.591344
4.020258
5.135674
2.823779
1.372027
5.303077
-0.05039145
0.5992784
6.305983
-1.099975
0.3569548
2.287332
1.052912
5.724539
3.821614
8.483549
6.229321
4.082856
0.1109594
0.2013613
3.788762
5.585525
0.1494908
4.512585
6.104938
4.499043
0.6807643
-1.259346
3.253433
0.7379462
-0.8185207
4.041489
-1.344792
4.268873
5.136885
5.452809
-0.4666558
-0.3347002
4.561316
7.052614
4.043278
-1.117909
0.8087943
5.47251
-0.8778174
5.26516
3.607833
1.536568
5.258425
5.441694
0.9361728
1.022801
4.368877
4.463589
5.162403
5.805001
1.577813
3.342363
6.36308
0.7208588
-1.943573
5.688187
5.352855
4.778039
-0.897919
0.2241621
5.12954
6.645426
5.608301
5.107057
5.074734
5.367105
1.251339
5.553684
-0.02565417
5.095252
4.267254
4.800228
5.690409
-1.115909
3.096872
5.931434
0.1631499
4.929769
4.811201
6.470131
2.358755
-1.592352
5.238019
5.881059
-0.6698145
0.1788359
-0.04747855
5.764766
5.017042
-0.09534183
4.665943
3.916769
-0.4985748
4.550964
0.5746099
0.4518896
0.5436236
4.239603
0.4474293
2.232018
5.400095
3.39216
5.360873
5.018365
-0.9209744
-0.5654709
-0.06975984
10.32248
-1.09708
-1.360502
4.514436
0.9394585
5.608278
4.303762
3.8836
-0.8394148
5.959604
5.806932
6.51488
0.7088172
5.18732
3.173502
5.3063
2.02535
5.958029
-0.7200444
-1.863291
4.250673
-1.832166
0.1165182
-0.516949
-2.205886
6.090599
4.045482
4.780442
4.786828
-0.5272511
0.1686017
5.767563
5.513828
5.013872
-1.094873
0.1523947
4.002621
0.9331338
4.997352
4.710514
-0.8360436
0.8362964
6.070512
0.003527283
4.930898
5.460866
5.891399
4.305299
5.528966
-0.1230073
-0.4108318
3.491757
4.288013
5.697472
-0.3648974
7.090527
0.8297343
-0.2724303
4.039757
3.701368
4.438354
6.406086
1.369218
8.680702
4.307284
4.052171
3.920355
-0.3194193
0.6203772
4.842466
6.290405
3.639499
5.273611
6.944776
0.08323176
5.091651
9.858549
2.246978
5.22164
3.783707
5.035663
-0.1438899
5.100569
-0.2875624
8.911488
4.666987
-0.1979577
8.733211
4.414364
0.3023241
1.669004
6.292567
-0.6827979
4.550958
-1.695992
5.58243
3.398082
-2.187572
-0.2326255
-1.71421
0.6686902
1.311315
3.967308
6.695509
-1.440544
5.242973
4.662308
2.940327
-1.181962
5.051729
4.76675
-1.181883
-0.6095707
6.733168
3.821235
5.824335
0.210721
3.247376
9.909627
5.614877
4.806058
-0.256594
9.415838
6.329844
0.7116242
4.450285
-0.2398792
7.06443
4.451098
7.267346
5.140543
3.933775
5.736043
1.798177
-0.1999616
6.647708
4.130969
4.147031
1.024809
6.638024
3.37836
6.661839
6.299961
0.4417747
1.131431
9.278646
5.108382
5.330535
-0.5221535
5.571037
-1.10009
0.9819483
7.639597
1.257222
-0.0678505
-0.6454048
-0.4761206
4.931392
5.323803
3.65433
0.2294384
0.528231
-1.497018
7.081187
-0.7678561
4.321832
1.181345
4.857598
3.752703
12.50889
3.260375
5.165476
5.033954
5.989101
3.420537
6.010967
5.31541
4.92457
5.147314
9.456083
-0.2169759
-0.5783893
0.5229737
4.846449
4.78929
4.663224
4.524406
3.459663
4.018087
3.932052
4.477864
-0.06216381
-1.603427
-0.602159
0.04048983
0.8621842
-1.241171
-0.1987832
6.469179
-0.4499098
4.699001
-0.09709972
5.598226
4.245573
4.648241
0.2809571
5.451698
4.450666
3.245122
0.4315286
0.4768238
0.9274439
3.159921
3.251044
-0.2263358
-1.855673
5.65914
4.012131
5.217352
3.961665
4.811253
3.975803
5.158289
6.594713
0.6644219
5.141234
-0.7585812
-0.214872
4.154682
0.1053897
5.658647
3.866109
0.8514256
4.166971
4.438966
4.947271
3.276908
6.00438
-2.005922
0.9957364
-0.0301301
2.289801
5.580709
4.996747
1.963299
-1.06944
4.962214
7.378015
3.644917
-0.7583385
4.311802
0.866255
3.987707
5.46159
0.6350614
5.473277
-0.6825052
5.437141
0.8610337
5.778031
5.590932
4.849005
5.285412
5.894615
-0.2173644
1.224037
4.838173
-0.01435647
4.782756
0.668731
4.176509
5.76307
0.7230145
5.286831
5.606861
6.234075
0.1102163
5.439307
2.969341
-1.008867
5.254046
0.5799768
-1.173637
0.7193854
5.295049
4.372847
-1.267064
7.450217
4.101678
0.6662351
4.551162
1.442415
1.080972
1.494167
6.325296
5.672647
-0.8552713
5.084588
4.45841
4.085011
5.761143
6.391417
-0.1807842
0.7390648
6.31544
0.9158094
-0.3413555
4.213027
6.888689
-1.453308
5.410123
-1.964139
1.907752
8.111509
1.400912
5.827649
5.295328
3.585169
5.546387
2.986864
3.255541
5.855064
0.8622327
3.544537
4.871863
4.851312
5.726932
6.101965
5.678324
7.018866
-0.4281261
1.494174
-0.2489832
4.861657
9.171304
4.482989
2.632645
4.553447
5.646943
3.703279
5.124504
-0.3083857
5.19355
4.76455
0.5890014
3.520908
3.580009
-0.09165143
4.972525
5.399436
4.812915
5.48113
0.7788446
1.062005
3.266692
0.7945463
-0.07710544
-1.519881
5.050587
5.363149
0.8211531
-1.095166
3.732338
11.83824
-0.4634856
-0.3357765
5.105957
4.89041
5.118202
3.758389
5.32077
0.9875219
-1.039772
-1.095353
0.7009552
3.948934
5.425016
5.274461
6.107483
3.223099
5.946115
5.301547
-0.7974203
4.309301
5.883633
4.644723
0.6653998
-1.399113
5.454624
4.593177
4.747856
-0.1419514
8.085855
5.031189
0.8472283
-2.801925
-0.1849458
-1.679109
5.344892
3.541085
-1.721122
4.647597
3.927127
0.4229959
11.07597
3.716784
5.560514
0.4923405
-0.176826
0.507029
0.5517031
-0.5870737
3.813155
5.328688
-0.9661101
4.17571
4.599753
0.7886598
5.005997
0.3791024
2.224862
-1.42727
5.874943
5.98821
1.516678
4.637851
6.400019
-0.5482141
4.755043
0.2072109
3.823284
3.455268
0.5216503
1.88863
-0.29659
8.172585
0.2047753
-0.5178952
3.310284
1.137983
4.493165
0.9789648
-0.5677974
3.737625
2.455664
0.8311361
4.963881
-0.7887057
1.320278
4.918648
5.931654
1.22089
-1.26983
7.408149
8.572601
5.186493
2.080795
-0.8258195
4.42337
5.87256
1.779583
1.253939
5.665394
0.7344161
1.320143
7.506019
3.040676
0.9987312
4.662348
5.195733
5.171269
0.4004587
7.945247
-0.7685946
-1.181984
3.207214
4.269982
8.553572
-1.85211
7.116019
0.09765041
6.804199
5.187622
6.768415
-1.341444
4.262763
1.451005
-0.419311
-0.9342899
0.7837263
6.158634
6.549247
4.554958
-0.3195772
4.637177
4.60523
0.970649
1.466512
-0.3528936
3.421879
0.380888
0.9991499
1.555919
5.114583
4.773596
-0.03260221
0.1439727
0.9038458
-0.3082408
-0.6296997
5.564696
-0.1880842
0.2154036
0.424573
0.4802037
0.01923385
4.437985
2.354735
3.796776
-1.508819
6.803394
5.899251
4.4149
5.683172
-0.1744979
-0.5835068
4.562353
5.74678
3.877204
6.237134
-0.6404269
0.2855232
5.600039
1.893371
5.509567
1.609605
-1.322089
6.023732
0.9428529
4.764699
5.670341
4.944433
0.6392315
5.941342
-2.239409
-0.25356
0.1258219
1.412855
4.898258
2.844667
6.141854
-0.9329588
-0.1509374
4.608832
-1.057352
7.217412
0.6742632
-1.517447
2.484496
4.064495
2.411644
7.106729
0.760421
-0.8517173
5.740899
4.945563
-1.775465
3.100785
6.809355
0.6380039
3.707533
7.86732
1.115412
0.5406925
-1.721
5.245545
-0.3982167
-0.6728011
1.486264
5.540042
2.690119
2.048096
3.361255
-0.180741
5.209531
-0.7121405
3.981106
-0.01238102
5.817256
5.565377
-1.483612
5.269221
-1.129075
0.1637922
3.28285
6.487715
7.026493
-0.6296857
4.009814
4.662735
-0.6909265
4.746507
6.26911
5.25376
5.806005
0.2385881
0.01781049
4.794238
7.156002
3.785033
5.213222
6.122282
0.4095283
0.3151839
0.2176355
6.078151
4.463876
4.483792
5.029897
0.03657532
-1.039115
0.41948
0.2558047
-0.7331655
0.708245
6.743765
0.4122262
5.791779
5.823452
0.1925249
5.67685
-2.740361
5.732294
-0.2000285
0.6155399
0.1763282
6.722627
5.683462
4.971437
4.832824
4.964863
5.642244
7.800143
4.924996
5.045011
-0.4192086
5.603517
7.199939
5.45071
-1.222328
2.616906
1.785589
0.1916969
6.362734
-1.759043
-0.08667074
0.6415039
0.08189196
7.181162
-1.051748
7.135717
4.675719
-2.166975
-0.5804958
-0.5762225
3.290814
4.963082
-1.281607
7.404475
4.668438
3.514517
8.456163
3.546219
4.767943
5.592497
3.848143
5.797072
-0.3015105
5.355097
0.4246428
4.758609
5.057888
3.017789
4.490764
4.632735
0.547882
5.029452
-1.01044
4.670566
5.356926
4.500298
6.49479
5.080143
2.828137
0.8891024
4.079747
-0.9525479
5.236739
6.571028
4.116182
-1.402398
5.416875
-0.05473609
7.00806
-0.9777032
5.72943
-0.8804427
5.934742
5.534271
1.305107
6.526782
-0.339405
-2.011644
3.2706
0.1926103
5.896804
0.5133984
4.069677
6.648622
-1.463811
4.182887
0.3845158
3.405586
7.834353
5.331803
-0.3579517
-0.0383173
6.251826
5.503203
0.5363948
0.7648667
6.018349
5.067938
4.664953
4.145541
5.33223
6.052377
0.5777067
6.142591
5.217638
-0.133718
-0.4508074
6.226405
4.557474
3.273384
-0.8284415
3.521292
4.62391
3.403001
-0.5186029
2.28063
5.099311
3.820538
5.598607
8.775424
-0.5262782
-1.609999
4.040958
-0.3170214
3.008844
-0.00177683
3.697257
7.776239
5.406005
4.936949
-0.8311902
1.894863
5.833534
-0.9196844
-1.950432
0.8797779
0.3920316
-0.8081861
4.405135
4.316297
3.692394
-0.4457936
0.7071337
4.864532
0.714328
5.525337
0.2639402
2.44708
0.2772176
3.742895
4.163504
-0.3465838
3.910266
5.785021
-1.660969
4.533682
5.238978
-0.1160089
1.058102
5.650783
2.697108
0.4992546
-0.3250455
4.072025
1.14346
6.463868
4.678705
3.543402
0.3252732
10.03062
6.200175
1.553
0.3754759
1.075562
-0.9367249
4.867815
3.932667
5.19546
4.243372
-0.8070766
4.991313
5.324179
4.027052
0.8422596
3.838038
0.166539
0.1331095
5.812973
5.011338
-0.3382232
-2.45723
-0.3882229
6.15563
5.437413
-0.9389901
-0.2001563
0.8489278
0.671094
5.426053
3.679435
5.661243
-0.3767286
3.265905
5.672474
3.00069
5.370897
5.328049
5.979282
-1.371703
5.142938
5.912877
8.939137
5.488403
4.447918
-1.819541
4.215097
0.1094713
4.745287
0.5160169
-0.09227546
7.033726
5.557089
6.653321
2.024803
4.485856
0.8078827
5.66456
1.080532
1.309672
5.381667
1.217812
4.397934
6.140129
-1.864354
-0.567544
4.80389
6.171127
0.9735649
-0.5300819
6.356363
1.286139
5.68125
5.242614
-1.071582
4.794717
3.26565
-0.7967605
5.199168
0.4165513
-1.251463
6.530785
2.51582
5.150595
4.783544
6.013113
6.410217
1.789321
-0.09252303
-1.603985
-1.281098
-0.1726783
5.788963
1.259323
5.85913
2.62728
1.483854
5.862823
0.7483466
4.738615
5.78188
-0.0001801423
0.1567007
-0.4480545
3.832472
0.4533492
0.6559861
5.493251
3.410177
4.647031
4.712923
0.2559687
5.234659
1.060872
0.8822585
4.789159
-0.7064392
-0.2708106
6.949996
6.950567
6.44817
4.259348
0.2100036
1.873515
3.634761
5.097079
1.542711
1.277717
1.60522
3.958318
5.184054
-0.1820047
5.738989
4.717602
-1.160726
4.087313
7.188085
4.851189
3.197333
0.4315656
-0.6505104
5.497721
2.373867
0.9911091
0.1104626
1.435977
6.623347
0.9654275
5.180045
-0.3803345
2.392943
9.482116
12.48091
5.720832
-0.09060952
4.00317
2.064329
5.64124
-0.9623739
-0.494314
4.709405
0.3641238
8.949672
-0.5122326
4.177681
5.408211
4.774298
-1.192588
-0.6076329
4.424866
3.850074
9.276307
1.760436
5.579978
0.406246
-0.01629864
4.542279
1.42898
5.406052
6.713396
3.648616
1.280347
1.099783
8.081346
-1.059654
3.780449
-0.5399259
6.349095
5.328611
0.7013751
-0.7552422
1.352044
-1.733205
-0.3683068
4.802106
0.3610826
1.38658
4.219022
5.954102
5.734718
5.060512
-0.3095575
5.352539
4.981638
4.021921
5.747614
-1.880257
5.793156
-0.2149654
3.653672
4.802187
6.895487
-1.641068
4.890198
-0.007211766
4.268742
5.521197
8.173715
-0.1262177
5.077417
5.429514
4.487967
-1.122023
0.1432095
3.628912
4.123592
-1.344529
1.768203
5.560287
-1.541346
4.78337
-0.0430795
0.05029183
7.558586
-0.365103
5.309811
0.2563822
6.580805
1.852249
4.300795
6.940246
-0.7592873
-0.9826645
-1.861842
1.483372
-2.198704
5.102071
6.585676
8.524901
4.532734
5.458092
1.396305
3.808767
3.935774
1.93251
-0.4892415
4.507646
8.117374
2.861215
6.415506
0.3027975
4.98353
5.680156
4.358517
1.657786
1.381051
5.431825
6.232181
5.876935
6.623323
1.099783
5.927357
0.814983
5.164842
-1.123492
7.052656
7.029194
6.392473
1.910461
-0.4104966
5.539114
-1.099689
-0.05875791
3.221806
-1.120359
4.516056
-0.2563624
-1.694321
0.8721829
4.405787
5.354993
-1.102378
3.021863
3.471615
5.138615
0.9602312
4.433331
-0.5867276
4.143357
9.284712
1.008316
4.113316
3.014979
-0.3822771
5.065691
5.600993
-0.2648624
5.552885
-0.2005345
-0.4123005
4.738611
4.852875
-1.647035
-1.39825
0.278032
6.359119
-0.2606086
5.484767
3.927331
4.371299
4.815661
-1.572998
-0.5128753
-0.9268399
1.492973
0.5721569
6.437986
3.259138
-0.93659
4.504611
5.326156
-1.169619
10.72731
0.2873534
0.6938496
6.627869
-0.9054607
4.645928
5.318376
5.240003
5.428968
-0.04788439
2.001585
5.856248
4.024993
-0.6231963
5.514513
5.195041
-0.4039424
-1.490956
2.99938
5.676968
1.996868
-1.045968
4.933503
5.618739
5.324745
-0.817114
5.100565
5.111502
5.873138
5.572277
4.74029
5.755186
4.206791
-2.053785
-0.5891649
-0.6650447
4.259443
0.8458016
5.385684
4.984065
10.20491
2.113653
-0.0005884761
6.256565
0.7134219
1.715405
0.8974507
4.98942
0.2217165
4.007285
6.166182
-0.1383117
4.722064
-0.9290397
3.233539
4.510692
5.388338
0.4322071
5.207754
5.19194
0.1286086
0.05883574
4.065084
5.191086
0.6181832
2.614481
0.4959218
-0.6541545
3.29887
5.100569
-0.283944
4.287091
0.1634162
0.2581648
5.77448
-1.220507
-0.276059
5.086843
-1.801713
3.86827
6.208691
0.6773466
5.420213
-1.075048
6.61741
4.718659
5.375673
-0.06714332
-1.821744
-0.7358082
6.098375
5.826822
2.509209
-0.1903173
-0.7368313
5.188364
5.67482
3.761696
1.289121
0.0204635
5.086219
0.3077649
3.903323
0.2847901
1.2889
5.257558
-1.679889
-0.4230236
-0.5814663
-1.801025
1.647988
0.8180461
2.948578
-2.155015
3.859205
0.5365301
5.245936
0.1924063
1.423203
-2.753631
9.559313
4.366276
0.6821894
11.06148
5.766732
5.509731
7.475299
4.326465
-0.08137337
6.21547
3.542324
-0.5423786
-0.2474882
5.872105
4.375046
4.812826
-1.333716
6.910318
3.62303
-1.13675
-0.4533463
0.1513125
0.02924327
-0.9547922
5.351856
1.12842
1.41484
4.214465
4.546925
5.129674
3.357769
6.00115
-0.2263626
0.6988757
5.500334
2.41086
0.7156752
5.4115
-0.3614499
5.469357
1.347667
6.644331
6.899808
5.601939
-0.2838725
1.037246
4.0279
-0.6917324
4.630227
-0.895351
2.849596
-0.08897377
1.549927
1.42719
4.228486
0.2595186
0.3768316
7.006273
3.542557
6.530404
4.803554
4.585957
2.057225
0.3799048
4.384045
0.8221113
1.048619
5.18273
6.479373
5.848485
4.972405
5.582681
5.931593
7.230872
0.6084523
0.0082425
5.740315
7.459404
0.8916452
5.209266
-0.3154514
5.469483
-0.681971
0.06280145
4.703886
3.231939
6.474816
5.831164
3.942148
-0.8572746
1.252735
6.244297
0.01294792
0.899611
6.104132
-1.113877
5.71158
4.62409
3.645432
0.02315166
5.339984
-0.1965787
1.179903
6.170415
-0.865704
1.219193
5.168103
4.95436
4.962593
-1.135288
3.810685
1.1053
5.070082
-0.5401779
3.842101
-0.7733212
0.5556635
3.522732
0.6926552
6.038091
5.856428
1.113062
0.0418353
-1.449102
5.030554
-0.03566078
5.132082
5.065373
3.678578
4.673385
6.14124
4.426835
-0.9290911
5.109043
6.321167
6.478248
5.982125
4.571272
5.280871
0.03892529
-0.8779177
0.9724871
9.241296
4.698102
-0.08662522
5.202389
5.192763
4.845032
5.252123
0.4017563
5.340678
5.195807
4.748822
5.712997
1.225229
7.085617
4.101538
5.049679
4.952584
-1.1289
0.4913154
4.858863
-0.544275
1.310735
5.204281
3.172632
-1.485271
-0.5861671
6.258619
-0.4979538
2.2736
0.2761966
4.583641
-0.7870667
1.190723
6.035135
6.552672
-1.083245
5.254027
0.4683016
0.7183491
-0.3812875
-0.02946135
3.955438
-0.3692077
0.7484427
3.735227
6.116058
6.302815
5.151959
1.459996
0.1936592
4.422273
0.6879467
2.627109
-0.03235622
0.2242265
2.98233
5.592409
4.858472
0.4646646
5.707857
3.234556
6.681591
4.683662
5.507184
4.985811
1.052068
3.245417
-1.325571
3.714928
-0.8809903
5.124775
6.026924
0.6846277
-0.1535037
7.850181
4.901241
0.9702153
6.673889
4.004782
5.347406
1.106898
0.3568104
4.984301
4.489694
-0.538181
4.559041
0.682418
7.433364
-2.162795
5.157902
4.617693
4.798443
4.880898
0.5285695
2.085008
2.167834
8.800968
-0.4435988
4.588445
2.858987
0.1694933
5.215163
3.063657
1.294742
-0.05758627
5.342161
5.009596
4.753276
4.05508
5.285908
5.154386
2.679716
4.220453
7.390982
6.453238
5.548661
5.695033
4.535286
3.304225
6.183892
-0.9548634
3.507964
4.725894
-0.6171637
0.8736921
0.3475588
1.460724
3.70087
0.2153553
-1.035222
3.721804
5.605115
3.902408
-1.724514
7.555962
5.364342
6.181687
-0.5513346
-0.2565577
4.776801
2.159021
3.849879
1.588201
3.861672
-3.526948
5.495744
5.744587
5.030911
5.489787
-0.6178428
5.796493
5.484939
5.160707
3.241911
-0.7286015
-1.634013
5.537278
4.654402
-1.375079
5.574525
6.277237
5.853047
5.809724
-1.237165
0.1049069
4.957238
-0.3522914
-0.4020015
4.3793
1.907674
4.731311
5.775368
1.134631
0.2461244
4.726872
-1.706579
0.2654854
4.425295
6.683254
5.565419
2.730751
0.6958387
1.139901
1.373075
5.293086
3.832826
3.805487
5.353987
-0.5545186
-1.536762
6.244723
3.297782
5.637594
7.569402
4.209397
5.953213
0.6183943
5.934843
-0.5663331
4.212858
0.2543478
7.226291
5.520827
4.05444
4.722088
0.3614581
5.034816
6.065524
4.585242
1.391905
5.698429
1.288666
6.202155
-2.35107
0.8548335
4.601305
8.889442
-0.6076842
3.889117
4.935858
5.243211
0.5986556
-0.2728973
5.061037
3.984989
5.948528
8.048319
0.2492692
-0.1589244
5.310083
0.8864816
5.831788
-0.3104064
4.303118
4.177063
5.329982
3.231138
4.163621
1.738628
5.102107
0.8077442
0.05089888
2.482236
1.555996
5.733031
6.304828
3.302763
6.728644
-2.010331
6.829807
5.988032
2.886253
5.175932
-0.8598261
0.5887467
4.280759
-0.1948777
0.1775793
-1.040928
-0.2762097
0.7812752
3.489305
6.537694
-1.164911
6.684444
-1.360714
4.510664
3.391195
0.5221658
5.609317
-1.095043
3.260153
3.492552
-0.9385028
4.620897
4.421581
-0.6159268
6.512201
7.578316
5.813075
0.9200114
0.6486346
5.16258
7.782134
-0.4514867
-0.05096405
-0.1523128
-0.3789905
3.739211
0.5730001
0.109888
-0.2790951
4.270342
0.1471508
-0.704953
-0.1468852
7.091731
5.437956
4.432886
5.401913
0.7424991
-0.08296505
5.113718
4.664714
-0.3036521
4.369524
5.330571
7.711995
4.336999
0.09774609
5.472827
4.921086
-1.880867
-2.509697
5.856327
-1.316469
8.137398
1.420907
0.9743171
5.809403
4.486839
4.846962
-0.3851151
5.273809
-2.211614
0.2384186
4.965854
4.88516
-0.5673011
-0.5502432
0.2531452
4.954008
4.322546
5.696037
4.527257
5.27968
6.099197
6.034666
5.758598
-2.149252
5.51229
5.529808
2.056264
2.425233
5.841868
5.124479
-0.9698377
3.000808
3.00993
1.518305
2.400076
0.8579613
7.765891
6.033728
-0.7622553
0.5587665
3.140654
3.045975
4.414667
4.228189
0.5269086
4.909997
3.763173
0.06079994
0.009706631
4.31536
1.053849
4.816159
-0.5236997
5.040408
0.5063822
4.627296
-0.4275034
4.140444
4.04036
-1.582733
5.558518
5.202755
4.614819
0.743104
4.890089
3.815224
-1.071842
5.541007
6.860867
0.1906713
1.630174
5.569784
6.055171
3.388051
5.061013
5.098928
4.710169
-1.089797
4.672691
4.575325
5.567738
4.015987
0.7066987
1.509091
0.5340846
-0.8039582
1.174596
4.027448
4.973883
3.441377
5.317337
-1.470628
6.233653
0.2477654
-0.6421411
1.641355
0.8241537
-0.06352218
4.460574
6.015646
4.305982
0.2837498
-0.8650115
-2.015751
0.9598674
4.135831
3.69872
3.509859
4.980808
7.218781
4.034057
2.851358
2.264661
5.273422
-0.1116584
2.80759
6.594738
2.680611
4.213939
1.762994
-1.210904
4.741965
-1.072747
1.396392
1.299728
-0.6973082
-1.279956
-1.485253
5.433386
-3.749667
3.713268
0.596691
-0.6521649
4.228819
0.1457517
-1.915113
5.674554
-1.083516
5.492802
4.270706
3.565542
6.368666
-0.4779179
4.476807
-0.4473088
-0.9019438
5.836443
1.409815
6.221161
6.410037
0.1615665
3.775166
3.690089
4.22922
3.82134
4.311187
3.087684
5.714795
0.6654817
-1.872568
-1.180606
6.035166
9.670437
-0.1006985
1.276537
3.984382
4.580612
9.567948
1.977694
-0.7994889
0.303293
0.7707328
-0.3691823
4.574022
-0.2636845
2.228378
2.461462
3.808597
5.344077
0.1867181
7.526079
4.988024
-0.5231988
4.246068
5.754596
6.607329
-2.859729
5.511881
5.15251
4.73335
5.169474
4.833939
-0.1028213
7.099987
7.049857
6.658336
4.341517
0.8050857
0.4208236
0.2221844
6.019633
-0.4627377
0.7917026
-0.1577213
5.201969
0.170084
-0.3801119
-1.020782
5.055643
6.423064
0.6503375
3.30171
0.6036813
-0.3585239
0.05900639
4.322781
5.609777
4.620173
-0.5433579
-0.2644631
5.611805
5.928697
-0.5501359
5.970904
4.142708
2.083777
5.996731
6.004771
6.761213
-0.398173
4.48312
9.077908
1.52429
5.366609
4.866494
0.7117074
-1.563378
0.7482283
3.296208
5.541627
0.9893306
3.590593
5.238231
8.518012
4.313199
6.16921
-1.483405
5.816606
-0.4667607
4.348823
3.506849
2.623224
7.179759
4.77437
5.219093
1.077754
4.441956
4.161342
6.307777
1.652559
0.113795
2.47427
4.119565
5.272057
-0.8457338
3.046311
5.566435
5.865335
5.742659
5.903896
-0.006439644
4.595234
-0.01037194
-0.9160178
4.933147
-0.5256733
5.051901
0.186516
-1.057461
-1.232053
5.755591
5.073802
5.237111
6.14211
4.771851
5.54612
0.5186849
6.139044
6.131139
4.761906
5.137313
-1.339399
6.534411
-0.2165334
5.58173
5.706405
5.812809
4.926448
4.165543
0.7536925
1.718524
4.743872
5.513443
-0.300545
4.309156
-0.08854936
5.895312
2.998125
5.165123
1.294482
0.5480136
4.587515
2.289243
4.849686
1.03387
-0.2221249
4.290334
5.118634
4.196236
-0.04255241
1.823119
6.132717
5.149343
3.921433
5.384565
0.5715386
-0.8269257
-0.1734978
4.023842
0.4263002
0.276055
6.864254
6.173263
-0.4386257
0.3424033
2.632484
4.223573
1.221679
6.527844
3.461333
6.71199
4.401023
3.516882
0.6634952
1.007567
4.30215
4.289621
0.1920673
6.012854
4.422168
-1.013821
4.508629
5.078726
4.280098
-0.2897274
0.4523594
8.997305
-1.533355
-0.4193015
0.9363906
4.436499
5.434628
0.383252
-0.3022131
5.977884
5.059981
0.761854
0.8327204
3.623794
3.912185
3.405921
1.554729
-0.4544567
-0.1661793
4.218612
3.238569
-2.810226
5.944032
-0.7120452
5.49863
6.651417
0.494046
-0.4745842
4.306363
-1.332412
-0.1399676
-1.339139
6.820118
3.373648
5.145619
0.3830459
6.527224
-0.6448519
4.104284
4.678581
4.316094
6.662421
-0.763359
4.760443
4.177283
5.984261
5.292514
0.5626247
-0.9728088
-0.6525616
3.002292
4.541269
6.193109
5.05967
6.647555
-0.4523324
-0.1612436
6.198076
-1.705844
-0.3121873
-1.410967
5.102824
4.99121
-1.369546
3.98192
-0.7687809
2.64776
-0.1415901
4.870833
-0.8857298
-0.2786847
5.961249
5.97298
3.234084
4.494661
5.287941
0.09692313
5.168332
4.213942
-1.980354
6.152207
5.298865
4.79895
4.955512
-1.521801
5.764493
1.926743
4.545695
4.660075
4.421692
4.40458
-1.305015
4.496937
6.313915
5.207335
1.406967
4.978633
5.395116
5.142314
0.8573149
4.583141
3.730918
0.05168715
4.109949
3.890361
6.269129
4.984729
-0.08819654
3.250769
6.182174
8.097583
5.592146
4.977673
-0.7848896
2.450349
6.019593
5.355664
4.785937
1.077849
-1.291359
9.714135
-0.4354783
1.166038
5.379282
6.763938
-0.2423529
-0.5705345
4.617586
0.1519053
4.816848
2.183931
5.982768
2.172396
3.019221
1.164958
0.6755353
4.942836
5.222698
-0.09350634
-0.05791703
-0.201074
5.044313
-1.163868
-0.4653432
0.9719203
-0.6222022
0.5592026
5.672053
4.601548
4.04054
6.021667
1.120681
1.32547
-0.9197264
0.004700127
1.090022
4.455232
3.718768
3.591555
-0.06117143
4.241242
-0.3711059
3.84488
0.4271964
5.570708
0.2302837
4.825652
1.520319
5.293066
3.927673
5.431221
4.603107
-1.924408
5.60947
0.5127206
5.876672
5.799753
2.938063
0.3522681
2.262852
5.179039
-1.247209
4.463642
5.96526
4.335591
3.230692
4.802377
5.325766
1.538519
5.760105
4.857023
5.517148
8.666647
3.628521
1.684142
4.569434
4.012078
6.153205
2.247101
-1.180991
-0.1519466
8.812259
-0.5370849
-0.02327986
-1.223881
-0.2449168
6.219374
4.421146
3.160307
0.2699019
0.1920664
0.7205276
-0.423657
0.1414152
4.433964
5.500415
4.549013
3.287168
2.481873
5.976817
7.816841
2.095911
1.865413
4.841975
-0.1847711
-0.7292402
5.628495
4.828508
0.1506916
0.1482724
-0.2200893
4.155677
3.174334
5.420175
4.613024
4.3247
-1.178802
5.21265
3.231776
-0.3194651
3.887603
3.255362
3.521699
-0.7806339
-0.8738789
5.948283
0.6835959
1.945947
8.603769
6.034238
0.2929012
-0.4418023
0.2182546
5.052325
5.627336
-0.4110164
5.818499
9.274802
0.9773238
0.870832
0.4218542
1.261943
6.398942
5.324915
5.207903
6.864817
5.22176
0.4051834
5.292477
7.879651
5.640841
-0.4466578
5.656139
4.260056
3.751647
6.321337
0.6980614
4.403144
-0.1735471
-0.2377329
5.216667
-1.844077
4.330641
0.572149
4.183814
4.850161
6.0237
5.47094
-1.970195
-0.4979633
5.483518
-0.484267
5.510264
-0.5360522
3.86268
6.876304
5.039513
6.19124
5.542137
-1.511357
0.3264697
4.414658
0.6807128
2.630968
5.340841
-0.4125154
1.28919
3.859419
0.9543982
5.860828
-1.343632
5.029866
7.270228
5.432691
4.865084
-0.1914683
4.96769
5.191269
4.661004
-0.1292285
-0.2124694
-1.052584
6.033049
-0.4152279
-0.7431652
0.8966939
0.351501
4.794499
1.243411
0.5929896
-0.3635542
3.726876
6.765422
-0.2120353
3.799626
6.370205
6.204034
-0.5189841
4.001497
-0.9200689
2.495998
5.046543
5.120738
5.124707
4.572162
5.542641
0.6753297
-1.029785
6.422248
6.058989
5.35119
-1.330065
5.379562
0.1605666
0.6913533
3.421153
5.183929
5.876221
5.755042
5.501415
-0.4544084
5.097356
-1.022577
5.670595
3.552875
7.966808
3.879382
-0.6027945
5.026423
3.205121
6.897095
-0.03488396
5.134423
-0.4788476
-1.851844
4.731444
1.563104
11.11201
4.695689
5.852481
3.144533
0.1203849
-1.11764
1.017826
1.273158
4.472274
4.148115
-0.5272833
4.972319
0.823259
6.06634
6.859881
6.01144
-1.178826
0.6030734
4.311435
-0.8756634
-0.8255494
5.000295
-0.5841855
3.943722
5.669893
4.572408
-1.149117
4.434311
-1.479048
-0.3417963
5.430777
0.3007181
-0.09676306
-1.037144
0.05167332
-1.010419
9.16986
4.98127
5.289961
7.747824
2.32997
6.053447
4.319634
7.8957
4.147102
5.714537
5.595664
6.204831
5.798012
4.444817
-4.164274
1.565821
-1.495323
5.060041
4.84542
0.9562991
0.8822521
1.320034
6.487665
5.500283
3.855789
0.9583024
0.4810349
3.172019
-0.0195723
6.141994
5.30165
0.9594408
-1.112028
4.930917
-1.841208
4.78676
-2.690241
-0.5634315
6.072853
5.037916
-2.303549
-1.374685
1.268525
5.239718
4.517691
2.556736
5.423392
-0.9370075
1.206162
5.086573
5.958762
5.464132
5.193258
0.9544803
8.715014
3.37216
4.954536
5.648035
3.363808
4.611621
3.192706
-0.9253046
0.838947
5.067179
6.096732
6.648819
3.903926
-0.2805969
6.216642
-1.131472
-0.5104735
-0.249795
4.683162
-0.05467699
2.992196
0.4371566
5.527147
-1.138979
0.5769233
5.009001
3.659147
4.33107
3.858452
4.468554
0.8944201
4.922746
2.469346
-0.4345488
3.641734
6.302109
9.73101
6.654458
7.133002
0.8812008
-0.3554315
5.287823
0.2328747
1.41372
5.561855
3.938286
3.971527
-0.2906788
4.003962
5.365649
4.807407
-0.948115
1.497322
2.742976
5.287564
1.192456
1.071008
0.5020358
4.129501
4.979276
3.039857
5.441946
5.272377
2.732742
-0.3949071
1.654411
5.013922
-0.5718337
1.262846
6.046477
5.032787
0.3105547
6.720549
4.763461
5.329299
4.328452
1.477138
0.4763783
4.303539
4.541962
0.5373341
0.8645968
4.686508
0.4762208
-0.1714156
0.6652589
5.942282
8.195063
3.880954
0.07526502
5.619827
5.86543
0.3344404
0.5460445
6.211942
-0.332019
3.876061
4.158359
6.36365
0.1114733
4.847952
5.433286
5.744956
0.8513277
5.685725
0.04775406
-0.9545788
5.340631
7.755336
5.768518
7.242878
-1.071153
-0.2969013
3.458006
4.293456
3.18536
4.765222
0.6020143
0.4337374
3.827433
-1.328215
5.6217
4.504052
-1.284518
-0.5182293
4.277396
6.399824
4.78405
0.3645989
5.510445
5.010393
-0.1457768
-0.332855
0.700314
4.559244
0.4807033
-0.09316861
5.252527
0.8858196
4.198675
5.139478
4.09903
0.3919479
5.711124
4.861873
4.124532
0.2874045
5.898248
3.178242
2.759343
0.5438089
4.065502
2.247892
-0.05546119
4.856111
3.38844
2.889146
1.43019
-0.366666
2.548135
0.4725069
0.3808275
6.86769
2.229613
4.790389
1.297557
6.059408
-0.9751752
4.325637
-0.6609956
8.053565
4.45422
5.00682
1.706036
1.02612
4.405617
-1.940254
9.851216
-0.2766568
0.4993996
5.835813
6.041387
1.269722
-0.9592058
4.897234
-0.9894489
4.622758
9.684586
2.76337
4.768755
-0.3347808
1.224652
4.2082
4.930347
2.613797
4.078136
-0.07791846
5.956845
4.549552
4.889815
5.396149
4.451736
-1.3557
4.075569
5.823065
6.853523
1.676101
-1.293323
5.824831
-0.4650433
4.33648
5.142907
2.231381
6.176647
3.800468
0.238659
5.645376
4.388419
5.018751
4.063344
2.553748
4.580933
1.172854
0.4669915
4.126049
6.348126
0.1208022
0.6398183
-0.3150202
4.794488
0.8891958
2.979178
5.288876
4.942821
6.043635
5.165923
5.177544
5.56711
1.094894
1.697636
3.208646
1.214155
-0.7113822
4.737383
3.788798
5.233374
0.4570662
4.906971
6.414868
4.648983
3.868002
4.836177
-1.386845
-0.275244
1.495281
-1.747961
-0.05632247
5.057002
5.625779
-1.539587
5.82215
-1.128538
3.940806
5.130878
-0.5459215
7.13784
4.144618
0.8264124
3.874179
4.717783
6.587974
5.984018
5.051657
6.089942
1.56404
7.838831
1.093109
5.584755
5.847988
4.097989
5.358793
10.80644
3.960422
1.78504
-0.3174907
8.08738
5.008166
-2.107473
2.166865
-0.1381001
5.646486
3.888846
-1.522563
3.833745
4.187394
0.3507947
5.765678
0.4416656
-1.661636
1.052441
-0.3548221
5.5362
2.895164
-0.3881855
3.868283
5.960906
5.525591
1.359632
-0.3475959
0.6532361
5.639702
-0.441962
4.200374
5.859023
3.428068
-0.2849586
-0.01421894
6.702264
0.1163495
-1.157667
-0.6931215
4.437968
3.822363
5.5598
4.249124
4.129612
-0.0733315
-1.726006
5.366482
3.918899
4.299931
-0.3803363
0.5182032
3.927726
0.5308931
5.585792
-1.389502
1.289519
-0.6680152
5.719736
4.691611
2.611518
5.786297
4.222824
4.816069
6.669264
5.151349
1.017362
3.583342
5.857023
-0.5634494
0.7841385
5.103046
0.2421029
6.18545
3.219352
6.297782
-1.459949
1.036339
6.427011
-2.511784
0.9859854
4.042704
4.992408
4.693589
4.164306
0.2687549
4.318263
5.432015
4.144711
6.325434
5.488396
4.43014
5.883483
1.58011
7.301712
5.921298
4.744384
-0.03373021
-0.05449606
1.891913
5.631198
-0.4259295
5.891875
3.439831
4.707884
-0.8000202
4.671371
4.686612
1.168697
0.6838686
4.854505
-1.359334
-1.781686
4.850413
-0.8998853
0.08995079
-0.2727517
0.9916936
8.696845
5.817783
0.2294085
0.2897499
4.242999
-0.4622428
6.443029
0.9558842
-0.3213184
5.714858
7.122552
4.858047
3.72227
4.536497
1.078378
4.334935
5.303998
3.97685
7.006629
4.971543
5.012112
5.22256
4.395332
1.616497
-0.7174732
0.1225075
0.4180855
4.530675
0.5280682
6.529526
4.762915
5.524865
3.511812
3.856962
0.5136111
-1.359047
4.886407
4.682233
-1.154878
-0.42151
-1.20867
4.361729
5.143411
4.563789
4.836913
-0.5531758
-0.06590339
-0.9551856
4.02508
0.6983313
3.722445
-0.3669597
5.819128
-1.366989
4.537104
8.312424
0.2853547
5.785918
4.425242
-0.05596181
6.667871
6.04403
5.114432
5.85656
-0.2633003
12.59176
3.738053
5.36705
7.543686
-0.8564367
5.740028
5.010196
5.890924
1.281312
5.351937
5.294292
-0.3979169
4.474497
5.906674
-0.5467976
6.582908
-1.648744
0.2193034
0.9045655
5.21752
3.965239
0.5810167
6.51345
4.178578
5.412849
5.450144
8.694387
6.241603
2.307003
-2.669723
0.7791366
4.665781
3.990066
0.1944278
5.721185
-1.93186
5.520931
0.3553786
5.810461
4.930623
-1.587795
0.3502923
-2.330833
0.7653103
-1.479389
-0.858762
6.279664
3.674019
3.665008
1.371457
-0.04001887
5.421419
-0.9652527
5.725184
-0.7787179
0.02785612
2.814924
0.6520012
4.710341
4.501258
6.293818
1.438166
10.13466
-0.8128203
4.309059
-0.2893616
3.612702
-0.9875226
3.205919
3.723555
7.130281
2.196166
0.4240979
4.778575
3.421534
4.63029
1.119907
4.86357
4.139664
5.146655
4.966931
5.670614
5.387706
6.225337
6.269699
5.386036
-0.4582764
6.38875
6.66435
4.912017
-0.2156298
1.028962
9.078581
5.647837
0.02612929
5.317504
-0.2221105
4.381274
5.958059
4.66742
4.587387
2.867109
3.70967
0.4626236
-1.059267
-1.172957
1.10805
4.425474
3.989207
3.833206
4.233398
0.4582933
2.071931
1.099548
1.004771
-0.6962516
6.009615
4.47918
0.1452449
5.9779
0.8923556
4.967938
4.80916
-0.7100715
6.194312
-1.277466
-0.1593922
4.21683
4.354064
6.079082
-2.989896
5.130435
4.153682
6.308327
-1.64452
5.477219
0.8083548
3.343372
-1.474046
0.7438308
-0.6699672
4.507163
7.272442
3.893781
2.97766
6.408521
5.730595
4.503782
5.363316
0.9406352
6.365032
-0.4890502
1.952649
5.683141
4.854935
1.535748
5.717947
0.1051541
-0.9597288
-1.437616
4.763573
3.816021
4.126378
4.251143
-0.1151485
5.093172
-1.833623
6.674718
5.132812
-1.992922
-0.5458463
2.192614
0.3690655
0.2722096
5.912067
-0.934991
5.649141
-1.203081
0.1620208
4.864738
3.893375
5.188098
5.069782
8.008699
4.383773
-1.274576
1.510199
-0.4218839
4.294912
4.547
-0.1275942
1.270687
4.437416
5.686862
4.461415
-0.6804574
4.887803
4.040362
-0.6154054
4.924238
11.63059
4.831053
4.796226
-1.177134
-0.2604348
4.190845
6.303986
0.3432061
4.213416
7.231595
5.390244
3.730233
5.2272
-0.09187024
-0.7468616
1.606382
-0.2310849
5.000222
4.280809
3.903094
-1.527488
0.404904
5.545545
5.989436
-1.155325
0.2621539
5.60869
0.1711256
-1.949316
3.180004
5.865726
4.614312
0.3598509
4.148491
4.354701
-1.664865
4.333273
-0.008923018
3.553418
0.08683635
0.2581889
6.588964
6.777584
7.148295
-1.125125
6.487307
5.766613
-0.06677146
6.156693
4.612277
0.05383218
2.498509
0.006068725
0.4412958
5.066151
6.89611
4.156949
1.292269
-0.2014572
3.846512
0.427675
4.481238
4.226126
-1.982603
6.006995
6.307209
5.132983
2.812182
-0.0951564
4.864594
0.3101626
4.220477
5.463729
-0.3286881
0.07126777
1.430155
4.101131
4.485071
4.44063
0.2584007
5.993668
0.5210825
7.044936
4.886164
-1.020623
4.598252
5.323583
4.582482
5.52721
-0.3458232
-0.1876601
0.129058
-1.385433
5.478922
4.525814
2.773395
0.8844705
0.5267412
1.627104
0.4651284
0.3231525
5.811287
4.556666
5.584929
5.922881
0.06068059
5.010959
4.848931
6.371233
5.300095
-0.7998977
3.868665
5.267206
5.816505
4.212822
4.261843
3.530226
5.231124
3.700286
5.632826
1.035144
5.17716
0.08717656
1.684457
-1.762776
9.22325
-0.2007861
5.8258
3.391333
4.186093
4.283201
5.22842
-0.1122375
6.274738
0.7202322
4.627374
-1.068274
0.09817843
6.975343
-0.3897853
4.897228
4.426146
0.01663522
4.249367
0.1355782
-0.6885444
7.414773
-0.3684234
4.48676
1.882946
3.46813
3.14168
4.313132
-1.270009
6.755801
-0.7142345
-0.1674189
1.060161
0.3178022
2.624701
-0.8103563
6.028082
0.6266283
5.535368
0.7038405
5.109409
-0.3848148
4.550789
0.9688819
6.160946
6.504515
0.4080872
3.647964
1.015754
-1.166797
5.177558
0.8821335
-1.580732
5.477789
-1.491833
1.0195
5.033306
6.712635
-1.715765
1.155318
6.33883
6.557672
0.04315356
0.7061902
3.912353
-0.05479355
5.761273
0.05181123
0.9472023
4.41944
5.466209
3.762933
0.461643
-0.4003959
3.173644
-0.05800657
4.697153
4.285215
4.044583
5.251642
-1.528637
4.572013
3.383337
6.215735
5.509949
-1.389338
-1.555544
-0.6579396
5.889271
4.669797
5.604883
6.249038
6.005268
-0.5553568
2.578199
4.86331
3.984963
5.41121
5.612205
4.766662
4.886519
5.206595
-0.6613468
5.102009
-0.5406707
3.329669
0.352633
5.580721
4.685913
5.905342
4.141387
1.311502
1.623343
0.1559285
1.617744
4.756604
5.925701
1.48858
3.801803
6.897575
5.907818
5.857109
4.498864
5.847096
3.911708
5.642048
4.303947
0.7476101
3.808564
-1.313149
5.594397
0.6870355
5.833575
1.156013
4.322147
-0.1918758
6.576327
0.9337682
0.1719424
4.190281
5.078062
5.830521
-0.5377087
4.125247
-0.3348704
4.06639
2.791849
4.873057
-0.2873637
0.6153128
5.580383
4.286337
0.4370953
-0.3778431
1.067798
-2.470496
-0.4030728
4.766719
5.817008
2.169888
0.2079361
6.10115
4.527589
0.3915113
-0.7173917
1.455553
-0.9290802
-0.8948678
6.217793
-1.450427
1.409268
2.827543
4.733967
4.045922
6.281045
4.635354
5.00192
0.3019533
-0.9973225
0.3700039
1.652946
5.261523
-0.005947013
-0.3688289
5.591847
4.365645
0.8847991
-1.352559
5.624503
2.317569
4.732668
-0.9794007
4.698101
5.639172
3.623784
5.294989
0.6042525
5.510259
5.152887
-0.03075111
7.404075
5.873272
4.207086
12.5557
4.130205
2.477101
9.617151
-1.456865
1.016844
0.2549724
5.085628
0.1403066
9.150354
-0.1186955
-2.534189
5.241886
1.664832
4.923015
4.796702
6.300717
3.296098
1.984271
5.455831
-0.1897524
-3.216004
-0.1131627
3.956571
1.398356
0.6994971
5.154811
3.99473
2.786724
-0.3596077
4.312355
5.739149
1.621038
2.341629
3.86377
2.870742
-0.7014857
-0.5078816
4.121628
-0.6113058
4.519058
5.534341
-0.9602422
0.6552215
1.055337
-1.25734
5.139099
4.346063
5.139588
6.932802
5.356253
5.901279
6.145405
4.656766
4.945212
-1.121534
0.9083418
4.740967
7.316587
0.1246811
3.37812
4.989361
3.569801
4.940279
1.184877
5.514395
-0.8789659
4.269031
5.487318
5.714345
-2.082973
5.349166
2.027942
-0.1013967
0.9227561
4.082552
4.440636
2.098212
-0.333932
-0.3106961
5.918785
2.217315
6.897254
4.779992
-0.652723
0.3734
-0.3825264
4.79728
6.535831
6.816412
5.404032
-0.646037
5.826883
-0.6700793
4.650947
-1.259802
4.681248
-0.0644167
4.008633
5.862524
0.4815246
0.3080051
4.996515
3.617074
6.769546
5.741217
-1.305999
6.489869
-0.818822
4.885972
6.672864
7.289718
-1.098207
3.580204
-0.09867696
5.766148
0.4313466
4.746492
4.398865
1.1968
5.660734
3.326346
5.486284
1.17426
5.736295
0.298603
0.8015523
-0.1970581
7.366237
1.161444
-0.8125432
4.935757
10.12806
3.645277
6.743974
4.75629
4.316751
5.283319
-0.506366
6.638744
-0.2660607
1.013011
-0.4744395
0.7018503
-0.8780792
-0.2427338
0.3723251
1.755828
5.616277
0.2759087
3.261675
3.935637
5.565166
3.902362
-0.3380536
3.834263
5.099604
0.511151
3.002079
0.5429046
4.843021
5.130618
5.008845
-0.6265755
3.736534
3.620268
5.98747
4.052922
6.466093
6.054023
4.969812
5.595624
-0.6753616
-0.8981403
-0.3006698
4.877936
-1.274758
0.2224771
4.76523
1.356347
-0.4269702
4.847448
7.380039
4.827087
4.570866
4.107814
0.3725364
6.641591
6.287692
-0.8517131
1.082911
6.030353
5.861676
0.05638828
0.6587703
5.193279
4.886272
4.756427
5.022844
-0.8120909
0.3404067
3.317807
-0.1953299
6.08052
-0.05631867
5.642069
-0.5897251
-0.2605036
-0.5610549
4.427486
6.71563
3.204072
5.327949
3.360676
-0.5822721
-1.07603
6.911651
1.247289
7.429821
4.211431
4.552347
-0.07839091
0.7683302
4.316908
4.410831
5.563157
4.45504
-0.1049709
6.119236
0.529433
4.876227
6.787577
0.7902049
3.624906
-0.6059553
4.489561
5.024916
4.398328
3.755978
7.135015
0.04022473
2.528356
3.06432
4.97689
5.474936
3.997233
0.9518672
4.381579
6.047181
1.109333
5.270835
2.148046
7.174295
1.130295
0.2717142
1.148737
5.085949
-0.9057809
3.955389
0.1406879
-0.2000524
-0.07841127
2.773572
6.721126
3.876319
-0.04434687
4.889228
1.696893
4.652744
2.093574
6.406747
4.080848
-0.8196592
4.909669
5.039261
4.869826
4.492503
-0.4866697
3.770711
2.051979
7.709006
6.050136
-0.4627554
-0.3268701
-0.5363339
4.937899
7.959453
-1.459353
-0.7747979
-2.11438
4.870697
1.800042
-0.02106738
5.344995
6.247848
0.8345582
1.70927
5.510891
4.934997
0.7437633
2.903442
0.2685886
0.9296172
0.9615771
0.8054311
-1.431464
5.237297
6.000082
6.739545
-1.103543
-1.468241
8.004163
2.020077
4.106762
3.400995
3.520131
5.81221
6.415523
5.819516
-0.2207892
2.31297
-0.7369379
5.996049
3.931928
5.457222
-1.547527
6.733024
5.865174
0.8180889
4.588259
5.587855
-0.6074788
0.6112958
3.882242
6.187601
-0.202946
1.074628
-1.189625
1.93963
5.225375
7.594972
6.58294
6.165969
4.065179
4.739141
3.607084
4.33159
4.008909
-1.646105
3.536916
4.838177
4.908643
5.000194
5.151518
1.135373
3.86475
2.324636
0.1461423
-2.161023
3.467877
1.554175
5.266363
4.544511
-0.4525496
-1.372577
5.056991
4.411059
0.135038
5.065325
-1.880516
4.012707
5.002744
1.431985
5.161708
-1.751609
4.653228
6.521132
-0.2349971
4.524861
4.632068
6.659942
4.307753
-0.1863114
0.9632593
0.3404031
-1.479465
3.96469
6.338051
4.742315
0.3788224
3.813375
4.349528
1.182842
4.20427
4.99605
0.8780171
3.222557
4.333381
-1.684446
-0.9382623
0.4718993
3.775193
6.712803
2.7812
3.923939
5.314784
-0.509507
0.2434588
-0.07839452
0.2388917
5.660557
3.900689
0.6706247
5.893213
6.430952
0.604335
-0.8663826
-0.1508599
0.2005075
4.635772
1.737477
5.270204
1.82691
6.309826
7.23753
-0.07622835
5.143465
-0.156274
5.681093
5.199594
-1.310246
2.9517
6.161199
7.037043
0.7957505
-1.467748
6.634527
4.585202
6.299871
2.717169
-1.316176
-0.2208826
0.9622498
4.191878
0.1677036
-0.1480967
0.6400294
-0.4073135
1.097967
0.5427453
4.443378
0.9708211
2.08202
3.133728
1.059968
-1.771842
6.292951
6.606669
-1.378057
1.630202
-1.519037
0.02416724
4.120737
1.69703
5.548846
6.042037
5.77833
4.481947
2.649971
4.751329
-0.4138096
5.076683
5.273591
4.824972
4.186773
5.792296
-1.408555
-1.029522
3.66686
4.424162
0.4687446
6.792929
5.934234
0.682924
3.850325
5.197232
4.262887
-0.1865237
-2.566359
1.412457
5.166204
6.303152
-0.3358017
1.027414
6.878843
1.740612
0.44472
5.837684
5.357619
5.813546
0.4982994
0.4931603
0.3791458
-2.041485
-0.5625982
5.313469
5.516172
-0.03669217
-0.03491641
0.4989814
6.985869
8.418751
4.102397
4.335277
6.157135
4.824746
-0.3544638
4.400719
5.587528
4.312785
4.164052
-1.28487
5.183535
3.214951
0.8029401
-0.2057548
5.407344
0.547253
-0.2334132
0.157617
5.972641
0.4557387
0.3377508
3.319767
5.276454
-0.5403838
4.253206
4.739225
-0.1636327
-0.9722063
4.530582
5.540404
6.743309
4.826839
1.017628
0.08055445
6.235053
5.125557
-1.128658
0.09036669
3.832496
8.66125
0.7018897
5.190436
-0.2031118
5.402835
5.120284
-0.2125732
4.654548
5.490883
5.889414
0.895891
-0.5561224
0.08152602
0.4836017
3.946967
4.723172
0.6836646
5.391738
-1.119894
0.1324043
0.4061594
3.962504
-0.6749055
5.285483
-0.6097824
0.4876514
7.161998
5.80072
5.674867
-0.09920628
4.623356
2.987145
-1.8205
3.564883
1.273231
0.6725224
-0.1901807
0.1677043
1.831767
4.367313
-0.1801547
-0.3307159
6.515281
1.145512
4.465795
3.323604
4.524543
3.273106
5.322602
3.883523
5.447601
9.018985
6.149948
4.625291
5.39856
2.478117
4.734514
4.671084
4.905224
5.229561
0.4087977
6.417892
6.830095
-0.2389521
6.668995
0.7244473
-1.962173
-1.830304
6.073323
-1.166308
5.757963
-0.2807393
6.740863
0.04389146
1.126525
3.152219
1.665324
4.926488
6.179073
-0.3073225
-0.06007999
-0.1772726
10.15465
14.32188
5.27706
5.188429
4.521939
4.639699
-0.0348274
6.0344
4.534764
6.458022
0.2301086
5.51823
6.002855
0.7550094
3.15602
6.112808
5.555719
-1.009307
1.145467
4.143713
4.888892
4.553514
4.522869
4.684555
6.637991
0.4831723
6.705406
-0.9073724
0.6802472
-1.156643
5.138191
6.337757
0.8393591
0.3058889
-0.1390745
-1.104946
5.478621
4.834394
6.440327
0.2680048
4.743312
1.998879
4.62741
1.792286
-1.123184
5.997179
0.2408325
4.982735
6.478034
5.147708
1.204371
4.709618
4.60358
1.446138
-0.7461202
3.026498
4.315192
4.721252
-0.1410986
3.389117
-0.7218067
4.707991
3.706465
5.377421
0.290021
3.506686
6.007412
4.237515
4.111822
3.407946
4.839447
6.440114
5.520722
5.371971
-0.5398597
5.957663
1.887593
4.087506
5.797362
5.84482
-0.1415618
-1.46421
5.18982
0.1007758
4.448145
0.9246647
7.419633
0.9384188
-1.319164
1.090517
-0.1972944
3.307413
5.568038
-1.090947
2.829744
4.95797
2.204507
6.607194
8.326873
6.258809
0.429132
5.166679
3.102704
-0.3384061
0.121828
5.288606
3.786597
6.637836
0.08789032
5.245905
-0.4009017
4.75087
-0.2204632
4.879405
5.603348
7.15016
5.386573
3.714364
2.172931
1.439428
6.404549
5.727918
-0.4019484
7.414843
1.420165
7.239638
5.215094
4.128488
3.860894
4.364251
5.766754
5.903142
4.640445
0.4261574
4.317075
4.984901
-0.6958133
5.192758
0.4745899
4.137953
2.987471
-1.935901
5.537797
0.3825559
-0.1596718
5.45558
6.272075
-1.190331
4.72351
-0.1370148
-0.6984948
4.844545
6.286929
6.76481
0.3108638
0.7231859
4.458353
0.2566408
0.251434
0.1270546
5.947307
4.082555
4.041038
3.510182
5.928434
5.158178
3.80344
5.502271
7.710323
-0.7147302
5.691305
0.5938081
5.590598
0.5605648
-2.057202
5.248932
5.605289
1.10887
-1.28115
-0.6056014
0.3730702
3.154929
4.964414
3.734521
0.6421484
3.770461
4.025989
1.756685
-0.7915076
7.765214
5.185601
5.443627
-0.3785643
5.363019
-1.123434
3.914439
0.4724068
5.546574
5.742144
-0.8639559
-0.4951512
-0.7562534
0.8975687
-1.141576
4.486892
4.248286
1.097198
3.19701
4.188044
-1.189545
5.605245
3.784865
-0.4078422
3.391839
4.469384
-0.5043716
5.889274
1.168677
-1.797528
-1.377262
5.61028
6.255989
5.062014
7.042868
-0.6907029
6.551384
1.04955
2.687791
1.651533
-0.4730142
4.992635
4.675447
0.3640003
0.1070454
5.367824
-0.02747058
5.119826
0.7553408
-0.9389761
4.90037
3.193888
3.770478
-0.2451584
6.328104
5.265336
4.468209
5.624174
4.139136
0.2505261
1.715912
-0.4357571
4.819776
-0.1775696
5.45292
5.420816
6.759127
5.958698
-0.6177191
3.278016
0.198985
1.188949
-1.329141
4.132118
4.501165
-1.185466
0.6057783
0.2442817
4.858472
-0.5297217
3.550464
0.8382837
9.729699
1.569453
0.4512669
4.853297
9.588928
5.141287
4.564548
4.839694
4.539085
-0.8546138
6.362115
-0.8408147
1.593217
0.6498204
-0.5931499
2.263917
0.09562783
4.109689
4.888464
3.899504
5.977791
5.609323
6.698683
1.180568
1.023804
5.974354
0.6051419
0.8768619
2.78727
5.650143
-1.178933
-0.6209062
4.467941
-0.7225682
4.995782
-0.01836294
-2.220751
5.899826
2.828035
-0.376005
-0.9563278
5.078555
6.904452
1.679369
5.582276
5.137645
0.9384426
4.804399
-1.012432
5.799923
-0.8929236
0.303893
1.861059
5.784756
6.959984
-1.386437
5.642295
5.201231
5.531566
6.258489
0.5395844
7.230338
-0.5728025
0.06544863
2.144898
4.66066
4.610007
5.781043
6.813523
-1.084981
0.4456222
5.705103
8.034771
5.446492
0.9229771
4.966242
6.537867
0.1466131
0.1456583
4.549607
4.831796
-0.749798
4.466302
0.450002
8.274421
4.347633
-2.261931
6.194145
5.316318
4.276521
1.494428
2.616478
5.642559
4.950283
1.12528
3.862992
5.790891
-0.4922007
5.248966
0.4950141
-0.661043
3.775933
7.667953
4.047367
-0.3047906
3.941552
5.653888
-0.7929393
1.055479
2.223734
5.837681
6.047158
0.3812359
3.104493
4.687605
7.115311
6.855311
9.369009
8.071723
0.6007381
0.6247599
6.125803
6.134646
-2.825171
7.005199
-0.7538053
3.013776
4.298581
-0.197874
5.279249
5.360048
-0.005160084
5.206737
0.3500139
2.115997
4.0658
-1.47967
4.062608
-0.5330916
6.594036
3.53068
5.6782
-0.007690073
-0.01297159
0.5746401
4.608358
6.034111
5.572261
3.353677
0.6901939
4.607019
0.4886223
-0.1321467
4.834928
4.525836
1.614729
4.922931
5.364831
0.7085845
4.696034
2.956649
2.487059
5.70869
0.2153163
0.6532445
5.128322
4.162332
5.517815
5.931312
0.8639938
5.359972
0.3978899
1.112493
7.115514
0.6194567
5.758697
5.779009
4.90692
0.527598
0.05184486
3.88334
1.063077
4.228746
0.8029552
4.665422
7.628729
0.1793663
-0.2242805
4.871157
0.3215595
6.453758
0.4459424
0.5804925
0.163048
0.4327051
5.330335
5.003816
-0.1090752
-0.7740734
5.114543
1.566575
-0.1949325
3.517586
3.586052
0.3194331
0.803365
5.909916
0.07955799
-0.5448198
0.09237814
0.0353205
6.24593
4.431251
4.51366
5.473854
6.411517
-1.321115
4.444566
5.929656
-1.656604
-0.2297025
2.681162
-0.1929963
5.076548
3.115183
1.134557
5.728285
5.527193
0.5014829
4.68218
-2.004312
1.074964
0.4966541
5.072349
2.215672
-0.1513456
0.2439346
6.592685
-0.2652123
3.415381
5.489514
1.502558
3.026538
5.183129
6.024988
2.954584
4.954672
-0.8461316
6.328295
0.03927989
0.8097498
6.421233
5.499834
0.4714169
4.422048
2.702267
2.415199
-1.023477
1.668017
5.587245
5.180347
0.8282133
1.896812
4.38655
4.766341
3.652508
6.274505
5.004965
5.858612
7.221443
4.412887
5.152541
5.647451
4.751032
3.0386
7.314009
-0.1275335
1.544143
6.140287
1.648848
4.41131
0.8831325
0.8338063
5.834273
-1.255612
3.954547
7.376923
6.051754
4.577051
5.06039
4.808512
5.145771
5.186256
1.24109
4.483671
-0.5991273
5.901006
5.956407
-0.4881287
-0.5025447
6.671295
5.770573
6.122825
5.010918
4.796308
4.22344
5.118229
5.98283
0.9762603
4.866529
3.693265
6.155283
6.842413
-0.5194267
-1.383992
1.978414
4.51779
4.830911
-1.868145
0.5198331
5.068666
3.729754
6.637304
4.864666
0.03448523
3.085463
4.274305
-1.15377
5.419567
0.978147
5.935189
4.645832
-1.048563
-0.6652898
4.290347
1.694043
4.177764
4.786314
0.4086462
5.817102
0.3194682
4.752994
4.535458
0.2920209
-0.1171648
-1.315378
0.8713039
1.010034
5.007645
-0.4248705
-1.109339
6.65879
5.698956
0.2218899
0.1462408
5.236786
7.855827
1.521439
3.986922
1.27112
5.066801
-0.8067439
-0.2973038
3.07013
-0.1096144
5.190685
0.1511124
0.871175
2.230199
-2.04653
6.875003
1.069367
-1.257567
1.003108
-1.387802
0.4923705
4.253384
7.149221
3.946254
0.507112
8.707461
-0.5714474
-1.657206
3.843047
5.413255
-0.846608
-0.3452612
1.394845
4.164126
4.660117
6.088415
0.2766092
4.715247
0.3651937
-1.668701
3.65007
5.397975
-1.976368
5.47283
-1.473632
1.039344
-1.086136
-0.1193073
1.077606
4.418578
5.700034
4.136929
5.849038
-0.9983294
5.304149
4.953411
0.5692117
4.308794
-0.01939393
0.3913862
4.276314
8.48135
0.175072
-0.02695234
4.939066
0.2546481
3.68253
5.317319
-1.917023
6.022689
1.265881
5.173386
0.3631183
-0.02286199
3.158285
5.180897
-0.1417468
4.111293
4.630324
-0.3852472
4.622501
0.7394797
-0.586499
4.166785
0.9252333
8.317352
-0.369069
1.224707
-0.6817713
-1.88229
7.819406
-1.877606
4.732096
4.405128
9.640807
-1.037849
5.579366
3.20516
-0.5143106
6.629699
