-0.06624939
6.246819
2.130449
4.708832
-1.213496
4.897286
3.825802
5.053933
4.450819
-0.858857
5.294483
0.2346785
0.7561748
5.862141
0.4769074
3.905312
-0.6673055
5.977121
-1.359115
-0.9157427
5.305559
1.989103
6.159711
-0.06598694
4.176113
6.01991
4.40814
1.018186
-0.9859492
6.772131
-0.4387702
0.5515882
-0.3845797
-0.7045363
6.717552
-0.9636059
-0.8865408
-0.4903424
4.978211
4.278202
4.891644
5.493618
5.143986
6.306459
-2.7458
-1.582017
1.373291
4.734356
0.2471386
6.255371
2.498225
4.827342
-1.235707
3.765516
3.999802
-0.5065632
4.90372
-1.133023
5.903829
6.012222
5.21543
3.532947
3.725123
4.490348
0.243048
0.3312164
0.7158343
-0.2754587
4.657856
-0.1596159
4.321416
5.244461
6.512815
4.650486
-0.5787105
2.356491
2.591815
5.324523
5.285064
-0.2836823
2.54492
1.435247
0.5357508
-1.50771
-0.9687745
-0.05437205
-0.601541
-2.095754
5.230467
0.2613813
4.437712
-1.516645
4.826718
6.356862
6.613095
4.61278
4.311397
5.713151
1.031704
3.755154
-0.6304447
0.5653551
5.868031
1.639198
0.07574555
5.025514
4.926567
-1.20929
2.379808
3.370251
3.48758
-0.3019879
-1.185559
0.7853623
5.781917
3.478593
3.165064
-1.132561
0.03717523
1.332922
-0.1506348
1.863808
4.541301
2.779992
6.382506
-0.4776602
4.190834
0.07131491
10.03141
-1.513525
3.309778
4.343045
2.817077
3.756223
1.073182
-0.03285745
0.3301022
6.942652
0.05495672
-0.3999805
5.080322
-0.8198962
0.9914187
4.038177
7.326836
4.550792
-1.125048
4.242897
6.250378
6.433375
-0.7213253
-0.641508
3.367621
1.153048
6.36294
6.015239
-0.05673702
7.027909
0.9743726
4.090423
5.061333
3.90226
-1.543779
5.400963
5.135077
5.292006
5.839745
0.18033
4.072418
-2.104257
4.059725
-1.126284
4.662424
5.595131
1.168207
4.699592
-1.807009
5.547844
6.28888
0.7604994
4.151717
4.011939
-0.2276199
0.3118322
-0.492209
3.803746
-0.07827069
-1.293569
0.02876475
-2.283027
4.630703
5.757647
5.487837
0.3540575
5.364325
4.603867
4.654655
6.790159
6.730517
-0.395102
0.6922526
4.112553
3.7142
-1.189491
6.983206
4.992612
-0.04240593
0.5772525
5.223213
-0.913326
-0.5423557
5.79458
-1.138769
7.071989
1.81154
0.2831287
5.925996
5.811664
6.496188
2.036923
-0.1546426
6.116556
-1.548864
5.041306
8.098239
0.4636065
-1.537551
-1.580103
5.80443
1.428089
-1.135322
4.100508
0.510109
4.565961
5.272206
0.8736603
-0.8354919
0.739334
6.009908
2.997311
-2.1895
4.372933
6.181173
5.58703
0.1979709
5.659523
0.006046103
5.054232
3.441245
-0.8154142
-1.188002
5.89569
4.728171
3.668123
-0.1713921
0.5386486
3.117659
2.961454
4.459649
5.591195
0.5159254
-1.203577
5.820758
5.822457
3.902149
0.9125671
5.233829
-0.5034168
8.133152
-0.2851784
1.288581
6.284881
4.775016
3.997937
3.961981
-0.6085434
4.809569
3.480538
4.790724
0.3162915
4.568141
0.264048
3.624207
1.448888
-1.399634
5.788112
-0.6441312
1.696736
0.371393
-0.1164852
-0.9258387
-0.6650221
5.791578
3.283825
3.747257
6.269917
-1.874696
5.526255
0.415001
-1.237269
0.3955028
-0.5600948
-1.71625
-0.9190068
-0.2010397
3.91172
-1.165294
-1.789
4.127473
8.591156
4.862443
-1.504829
0.5530117
-1.75403
2.172919
4.658019
2.300553
0.2409738
-0.5030686
-0.4932544
4.417661
4.564939
-0.5076982
6.185088
5.507142
6.900003
3.845836
-0.3275428
5.79431
1.674372
-0.04760966
6.246662
5.229147
5.316352
5.201983
0.8605617
5.570437
5.771657
1.446261
5.153322
4.49013
0.9861109
0.8344422
3.525562
0.9265976
5.789946
4.531402
5.949476
5.881358
1.398844
3.577003
0.7749286
5.185177
4.584197
0.6911261
4.381376
3.297768
4.9723
0.6063369
0.5633344
3.070357
4.128773
2.304036
-1.523763
1.924791
1.660857
5.563737
6.683233
4.900136
-0.6048605
4.698335
7.541405
0.5772217
0.3336798
2.269599
-2.032709
-0.5931076
3.837029
4.925836
-0.3660372
-1.862887
5.806882
1.594756
-0.0819708
2.176225
6.158179
6.51394
-1.36068
0.5840219
6.248122
5.208116
4.092321
4.985791
6.613633
0.2939127
6.894806
5.981777
3.920196
3.980681
8.039442
0.4471484
-0.5965073
0.7736895
5.744499
1.574846
4.777004
7.337525
4.993688
1.430455
4.991495
-1.185772
-0.3450402
5.03825
4.387839
1.025123
0.4676635
3.200431
4.405351
5.155867
5.284123
0.9683676
2.626907
6.020253
0.1254448
-0.883774
5.206961
-0.7962845
4.240221
5.027737
-0.1082695
5.338403
0.5893559
0.3108469
3.894118
3.384449
-1.52608
0.6514527
-0.3067681
4.700395
-0.2652764
0.898739
-0.9667446
7.36555
0.8421749
6.378378
6.55052
6.69079
-1.411707
7.735276
2.786745
4.833248
3.447546
4.626886
3.035686
6.199544
5.617716
0.5066973
0.1768307
-0.5008521
5.043848
9.958338
0.1568895
4.32738
5.419415
4.723508
3.635222
8.53417
1.293721
0.2254651
4.092914
-0.8790893
0.4503172
-0.3461426
0.09397836
6.106292
4.61827
1.649537
5.122906
5.368985
5.384712
7.194907
1.396465
-1.207378
0.154922
5.07102
6.734705
0.9621074
4.674871
0.120871
0.1869633
4.575255
6.967659
-1.756244
5.242833
0.2214889
6.253656
4.94282
0.06194547
8.178241
-1.659101
