-0.02579617
2.109917
3.876701
-0.2194585
3.003224
0.2308279
6.882789
6.074283
5.089464
3.817914
5.810394
6.377864
3.003339
-1.428728
5.722547
5.463558
4.14896
-0.1744681
0.660067
0.8219197
2.222967
5.83887
6.693516
7.478531
4.367773
-2.917269
0.3317806
0.9926359
-0.331193
0.9912515
-0.3490906
4.105055
5.020742
-2.255711
0.7781501
4.478446
-1.322805
5.513203
1.065084
0.2842453
-0.6774962
0.897407
-0.2315158
-0.8017471
8.516694
5.409345
-0.3429845
0.09504722
5.164801
5.115783
0.419254
4.801306
1.900598
4.279051
6.000358
4.332581
5.909237
0.07431765
-0.4562891
3.370394
4.409762
-0.02171484
1.466892
3.832786
4.556609
5.969843
5.47008
4.143008
3.83931
-0.8174064
5.85592
-0.1826276
4.791128
1.089096
4.096803
-0.9447263
0.353139
5.703947
2.448782
4.510936
-1.76415
6.238678
5.143758
4.893077
-0.07141097
0.1670937
5.739784
4.56496
-0.4668426
5.030209
3.861397
7.018032
4.548899
0.3402256
-1.709517
4.652855
5.371133
4.999
1.474604
-1.120958
10.41373
-1.513839
-1.921727
0.2077237
-0.4812971
0.6472718
4.77087
3.150711
-0.04561376
1.893447
-0.1119405
-1.290492
3.861344
10.56796
-0.3520379
6.213518
5.474005
-0.4615318
3.064869
0.5142859
6.639823
-0.3979793
4.490715
3.710349
0.7190539
4.231965
6.109682
11.94293
0.7282261
5.467939
-0.02221969
4.273231
4.236851
6.952452
6.538773
6.309198
-0.5999036
7.375291
-0.09160746
4.319643
-0.4384161
3.451937
3.220623
5.262949
5.189593
8.19536
0.7841546
-0.6940453
4.724346
2.133317
5.980544
4.314387
-0.6811292
0.1255308
4.57219
6.17319
5.269119
4.902587
0.6343376
0.7964503
-1.081091
0.8305958
5.093486
6.97684
3.683363
1.651815
1.419816
4.655417
4.729401
4.119013
-0.5941431
5.49577
-1.09106
3.25553
1.269742
5.579592
5.290595
1.102676
-1.145278
0.622789
6.066298
6.388587
5.363627
-0.145229
-0.4695643
2.385507
0.5971352
2.501374
-0.2610076
5.492297
6.884046
0.03941399
-4.876132
-0.5690778
3.690417
5.945659
-0.7993027
3.399389
1.0832
-0.4637338
0.2199341
5.341501
5.88037
-0.0870381
3.996801
-0.4035429
0.3437674
4.961638
4.533734
0.6484641
-1.095431
5.399519
0.7375442
4.629554
-0.003108112
5.773005
4.988318
-0.4710588
5.041665
4.759987
4.719278
4.115829
-0.05840665
2.779877
4.861772
4.859538
5.540736
-0.2484528
6.807305
5.617026
4.694548
-0.1273931
5.671738
4.964647
-0.4021528
3.389966
5.256762
0.8412905
-1.144444
0.4513207
2.970072
1.057303
5.148818
3.938828
-0.6176899
4.357548
1.269516
5.651577
1.442935
-0.8867154
