4.250946
5.754442
3.831004
5.424368
0.4093123
-0.7279861
0.9122351
4.395471
5.11531
0.6289298
-1.517065
4.267902
4.339731
6.046106
4.560685
4.028143
4.177938
4.817373
3.71717
4.589062
2.813215
0.5486927
4.338163
6.000525
-0.003746572
4.619515
4.266619
4.81149
5.298244
1.506355
-0.241297
1.438875
3.964448
-0.04040988
5.938335
-0.7666666
6.151084
5.094146
1.165249
5.946114
4.844844
6.174658
0.1789365
4.369482
6.595407
-0.4150591
-0.7932246
0.4425927
10.28265
6.23895
8.60792
5.570069
-0.08527778
1.210083
5.518082
-1.336016
4.167256
1.668926
-2.357068
-0.4190109
-0.9249984
5.800084
-0.4020328
1.429874
1.013366
7.030385
0.2455903
6.454639
-2.668993
6.255803
5.124899
0.7413894
3.166438
-1.677344
2.984806
-0.5965962
-1.053754
0.1230475
5.304576
-0.6159037
0.2826388
5.649019
5.20003
-1.786808
5.2372
-1.281241
5.337264
6.243997
6.137798
2.236821
3.860561
-1.079786
5.006154
5.331361
4.238023
7.32529
3.42486
-1.166375
4.951899
0.3021503
2.268152
0.6290164
8.013695
9.645452
-1.429727
6.583594
-0.1745037
6.814647
1.348643
3.528731
0.6167837
-0.5570638
5.344121
-0.5116394
5.176807
0.1656909
4.073905
5.058361
1.490975
1.02179
3.208667
6.31873
-0.2719218
-1.159065
4.170959
-2.30591
-0.6451392
0.3660115
1.023753
-1.13213
4.86154
3.499832
0.4530255
0.6974794
3.511385
5.668446
-0.2092305
0.2804162
4.606696
3.84685
0.1016865
4.373311
0.05181897
5.245781
0.7747784
5.732564
3.000393
4.636272
0.2553123
4.72354
4.662814
0.9627791
4.227382
4.420267
4.220386
-1.276639
-0.5217719
6.02717
0.1589381
6.837062
4.929505
-0.02382007
-1.444784
4.274339
4.230599
1.372954
5.077795
5.45071
0.1750206
-0.5088635
4.133029
-0.7408278
0.006906761
0.3830154
-1.136193
-0.1415571
3.04023
0.1217176
-2.102271
5.006473
4.295137
5.218262
-0.1958513
6.450222
3.740169
4.397022
1.350158
2.384493
3.859631
-2.14862
4.286899
-0.9811943
6.564506
5.872913
5.925495
4.625677
4.323379
4.626252
0.5076417
3.805898
4.348159
4.663803
-1.730149
5.023074
1.014977
4.114302
0.4274219
5.47928
5.099933
4.625366
7.085372
5.599786
-1.372192
5.243153
-0.9280758
0.1085721
4.892445
0.5556503
5.081196
0.1778201
3.594667
0.1856212
5.030128
3.03612
-1.612379
7.299857
5.399196
0.6208709
4.502349
4.168764
5.175113
0.1754584
6.02768
0.206823
3.701063
8.491336
-0.3306031
-2.479184
-0.2856719
-1.003742
6.439005
1.090209
5.131295
0.8190295
5.495168
5.07989
0.174215
-0.1473664
4.520231
-0.432544
1.275058
5.27105
4.844981
1.77985
-0.6490432
0.4396525
-0.1184056
5.363639
3.870743
-1.653593
-0.4951769
3.670016
4.784421
4.836207
6.14393
-0.3373724
5.135878
5.078049
-1.385119
4.489171
-0.7735807
-0.8651825
5.96392
4.786033
0.9092499
5.318583
-0.03112363
4.094593
3.692056
4.919627
6.330031
0.01186338
-2.219166
5.771906
4.344022
4.480566
3.308546
2.681023
-0.8577273
4.981435
2.46864
-0.5578631
3.887183
-0.3477971
5.936038
3.47493
4.880033
0.2968245
1.153093
4.492091
2.140988
-0.6175689
-0.9470102
5.835969
7.249438
-1.508799
3.460729
0.1476928
5.692645
3.58316
0.5455105
5.562043
4.033499
1.384844
8.812758
-1.268482
4.753343
5.360908
3.886555
-0.9438319
-1.608122
4.796413
4.736378
4.437362
3.079156
4.900431
0.1262254
0.1833463
4.799344
0.06630082
5.829979
6.468927
5.427861
-0.6020472
4.537548
2.873607
1.787765
6.021111
0.8637106
6.292702
6.267045
3.470615
6.301293
5.266805
4.613483
5.221065
5.481158
4.491514
-0.5259368
4.388698
4.654483
1.055243
6.182517
4.917616
5.587186
0.01126275
0.8778706
5.057246
4.681306
1.814844
5.989309
0.3626656
5.506137
7.684854
4.943221
6.092915
4.219014
4.939995
4.025908
5.42711
-0.4321646
4.584416
5.027891
5.350545
4.996928
4.45024
5.921261
2.406338
4.682902
3.510354
3.5068
6.804523
0.9671696
4.508317
-0.2766188
0.6832653
5.663984
5.909109
3.481251
5.440306
6.021236
-0.4610971
5.131993
2.381863
8.812757
6.912604
5.278912
0.366309
6.117305
5.460082
4.068783
0.5324661
0.4671083
5.521122
6.837174
-1.744313
3.590753
3.668042
0.356944
5.873037
5.277394
1.000859
-0.2646703
4.344093
2.842826
5.166633
4.218057
5.416784
0.9220065
-0.07679684
5.761436
5.983041
5.87252
5.074987
5.805981
-0.4850756
4.997373
-0.1418469
2.410778
0.2467428
3.455715
0.01909055
5.462994
8.213112
-0.1797192
4.211969
0.07591895
6.494877
6.129847
5.130252
0.9066583
4.257807
5.402795
-0.1180334
4.546344
5.905834
3.008869
5.961405
4.517369
4.517299
1.341892
3.989544
4.155513
-0.4379044
4.356989
8.234075
5.931113
5.665852
3.953803
0.4760372
4.641363
-1.363268
5.151397
10.16849
7.48357
8.052525
6.343669
-0.1422321
2.180104
4.476679
4.35184
-0.2489491
-0.2678712
0.3848094
0.9283758
4.001886
6.15435
3.674365
7.435376
-1.254018
1.225348
-0.792862
5.191604
4.299845
5.880998
5.196376
3.969258
2.340465
5.983167
-0.2381104
4.660878
1.603945
4.12713
3.72597
4.218911
-1.505996
-0.5478673
4.439855
4.271027
5.182063
