4.872354
0.361941
0.7148472
0.4144249
0.4559055
6.425957
0.0003281613
0.9804672
5.940948
1.542944
5.470919
-0.6946264
1.348793
4.533894
1.739606
4.38009
7.583997
0.5389637
0.4606177
5.988953
-0.667845
4.719581
6.04268
-1.144786
6.667076
4.234577
9.915718
4.275067
5.228923
5.467727
1.781542
4.577028
0.1595642
3.593454
3.576373
4.630589
0.5135871
-0.02552143
4.922265
-0.09216566
5.863902
4.743053
4.780545
-1.350709
-0.5128235
4.788075
6.097628
5.801618
4.00846
1.144045
-0.3371318
-0.6008473
3.444433
3.978951
1.737955
-0.04447866
0.7134386
-1.220702
5.877548
-0.2299872
6.082899
4.449681
7.216033
-0.9604266
4.758879
3.342465
5.073004
6.605363
1.40612
1.515648
-0.03506744
4.019405
-0.7401464
5.675419
5.718538
3.898805
5.764544
4.928544
-0.4713543
0.210527
1.892743
4.47479
5.328281
1.139326
-0.1072701
4.251529
-0.8349257
4.643687
0.5117518
5.070592
4.026145
-0.6738205
2.091467
4.785132
0.10742
4.224406
-0.9450728
0.8318637
-0.006358394
1.650312
4.315645
-1.206181
4.28604
2.616286
4.984343
3.721171
5.577075
-0.07676534
5.761339
4.828866
9.396769
1.022848
6.070225
4.937355
5.007092
5.263941
-0.5823006
4.121225
1.390951
2.833376
-0.9692196
5.306542
6.361346
4.721715
0.4436235
0.6759348
6.352044
0.5683488
3.977593
6.175187
5.617933
5.721844
0.7863063
4.602118
-0.6957164
2.081258
1.461452
-1.002754
3.616111
5.330167
4.843338
0.1975887
4.668559
-0.7400243
5.403565
4.602243
4.496694
6.201672
1.486436
4.730026
3.847308
-0.1151183
5.978461
-0.4346435
1.495435
3.668596
5.906261
2.948444
5.354252
4.648954
-1.006034
-1.184737
4.503287
5.686899
-0.9199495
3.961074
4.795533
6.36834
5.12848
9.567594
0.6950624
3.974462
4.578625
0.3643584
0.938643
5.59258
5.760156
5.325859
0.05252145
4.895773
4.6785
4.315327
4.659958
3.917119
5.340197
0.189756
4.451417
0.409626
4.168935
5.115875
5.254554
0.00528396
8.225767
-2.48142
0.8998807
0.4106385
4.62685
3.967045
6.384406
0.9564208
0.5867366
4.266694
0.1534231
-2.652045
-2.149812
5.761724
4.644487
4.246168
5.367203
0.5706198
5.293314
-0.799751
2.7126
3.518382
-0.669979
4.400245
4.872803
4.584588
0.2059252
0.4246184
1.780755
5.356733
5.933
0.4537713
-1.208402
5.514938
4.639751
-1.409133
7.110023
-1.7666
5.358023
4.178318
4.809729
5.270066
0.5981216
6.324706
6.600799
5.415082
3.625616
4.948869
5.534155
5.20073
-1.318627
4.719891
5.535264
0.8928436
4.626194
5.131535
-0.886731
0.451847
