3.296462
2.159055
5.267655
-0.1039419
5.666987
4.265566
4.17058
6.534751
5.149323
0.2987738
5.049162
5.399837
5.41778
0.3657099
-1.166596
6.233479
6.52808
-0.8353031
5.440576
4.451124
-1.607005
4.104953
4.613404
3.636692
-1.816116
0.4706341
2.282085
-0.6205422
7.180021
3.972187
4.637018
4.545458
2.819635
4.374118
-2.006549
0.03292864
6.98868
0.3262909
2.829848
-1.119094
-1.455001
3.914441
7.700494
-0.8426098
-0.8429705
4.220882
5.447274
0.1830658
3.937434
5.925895
0.4931125
1.408121
1.545081
4.304681
-0.6895148
0.8503113
4.683756
0.3474013
6.145547
6.613785
5.334317
3.939826
5.819035
4.998819
4.702185
-1.396596
4.902016
1.234679
-0.6815617
-0.2289306
6.589223
5.434766
4.22629
0.4697747
-0.1885355
-0.5454495
4.757866
5.755179
4.985003
0.02685129
5.298593
5.438873
0.3476495
4.548539
0.2237399
7.957045
5.171643
5.513744
0.5595026
0.5188703
3.435876
0.3256196
0.4052493
-0.9881273
4.675392
-0.01321642
-0.5990014
5.527639
4.702781
0.839756
-0.2897872
-0.3555773
4.054026
3.418182
3.936373
-0.6148866
8.440705
2.633961
3.926833
4.368716
6.166338
1.119189
5.643377
5.213283
4.846717
-0.6908354
0.1058807
5.435823
-1.305527
-0.386409
-0.009652415
7.779476
4.301463
3.869812
3.981883
5.541502
0.2186228
5.199518
0.6048002
5.045069
6.366171
3.015181
1.517954
4.556585
6.032705
4.906377
5.72111
1.004312
7.575665
0.6390438
-0.05064676
1.297613
4.586201
3.332096
5.577238
-0.7752504
0.3521943
6.522175
1.088309
-0.8954705
5.640528
-0.9462047
4.198176
6.514504
4.993277
7.316437
0.8163577
4.72768
5.276302
5.991733
0.9978346
3.991887
6.850987
5.501388
-0.8296013
6.274116
0.3873387
1.337753
5.172222
4.141827
5.566587
0.2170454
5.473768
4.525584
1.308474
0.06131173
5.906482
5.331466
0.4492512
-0.3734659
4.052276
-0.1740784
0.2417783
4.952966
3.224644
4.790584
5.373848
1.670155
6.788628
2.607289
-0.1025913
5.021398
1.232807
1.191001
-0.04890315
1.160977
-0.4732164
6.106454
0.6300397
4.771594
5.240921
0.3655003
5.875563
-0.8911852
0.3619844
0.2326855
0.3317348
-0.1561238
1.525185
5.046247
-0.6153174
7.503163
-0.8988923
5.363331
5.028896
1.353902
1.199719
5.022765
3.587813
4.574085
1.287964
4.012649
-0.2957771
-1.216941
4.556833
9.027609
6.510679
-0.2174506
4.793387
7.094075
-1.014357
-0.08595045
6.509707
3.317136
4.318714
4.685596
4.444428
3.134457
4.363431
1.827336
-1.680963
0.8206266
-0.6779891
5.321526
5.015881
13.55447
0.945068
-1.244125
3.310918
-1.072652
