5.23301
6.156702
-1.156906
4.435017
6.137152
1.310306
0.7522195
5.612705
5.313305
4.096994
-0.8803899
3.517231
4.149285
-0.519862
0.212051
4.661446
5.343003
1.789472
5.059882
3.732329
5.355766
3.631266
5.676314
2.808158
4.932952
4.027323
4.329178
-0.9774771
-1.538076
0.2228846
5.208929
0.4767416
0.2872313
4.569343
-0.03597719
-0.5732357
5.931284
7.708861
5.497616
3.721227
5.011167
5.148265
-0.2873155
5.410936
5.26292
3.585761
-1.116113
6.371765
4.997199
-0.1940924
7.13676
2.305704
3.131003
4.122995
-0.07417835
3.423906
4.308495
5.818224
5.81888
6.274815
-0.6884954
5.410155
5.912494
4.159564
6.574404
1.872087
4.087193
3.89616
5.951764
0.3688045
0.9253575
6.210944
6.454484
2.685988
4.508825
4.505339
5.919805
0.8639905
7.047651
4.249284
6.876855
4.972907
3.248864
-0.6560198
0.9802915
-0.05209415
6.898036
5.626038
-1.095149
-0.2204306
-1.222445
2.294328
0.04346898
4.503844
0.2640413
4.123752
3.165721
3.742009
6.364993
0.1479147
-0.637618
4.618311
1.932852
6.48861
4.482532
5.707684
2.848945
1.628514
3.811104
-0.8830259
4.033857
5.476768
3.575263
4.416405
6.178066
0.3079516
0.5918023
3.185788
-0.512086
5.540621
-0.515572
0.6167901
1.114122
-1.01461
5.152653
5.198795
5.211144
5.725841
5.307559
4.508718
5.200252
4.830978
1.63623
5.694795
4.379558
0.9994186
1.864376
4.399432
4.644998
5.762
0.2928062
5.501691
0.7807062
5.091933
3.9009
2.768405
2.692624
5.468139
4.355858
7.702514
5.25736
5.040871
6.731583
4.491786
6.379502
-0.8513967
-0.1449985
7.166295
4.089703
2.692039
5.643979
0.2997366
-0.02853718
-0.3142525
5.554309
5.706627
1.459346
-0.09790661
0.001383984
0.1969601
3.896332
-1.275334
1.492199
6.160665
6.739872
4.289349
0.3216374
4.94987
5.18149
0.01627687
-6.181922
5.707727
5.214971
9.319381
4.647766
4.812836
3.972106
5.302598
5.544
5.810936
1.497379
-0.5212502
4.926843
1.543014
0.3480014
-1.679396
1.345849
7.069987
5.321301
-0.2164046
3.594349
4.357561
3.825276
-0.187641
4.814416
2.096237
0.1795436
4.958176
-1.146323
0.8316619
5.196676
4.672604
5.476554
5.058425
0.6619617
4.394111
1.581409
-1.859813
-0.9538175
0.6475989
5.069097
6.164397
5.386551
4.621317
-0.3749387
6.029833
6.019731
5.833118
0.4437788
-0.38181
-2.599276
5.26236
6.597869
2.192763
6.132464
0.2466213
5.057678
4.584799
1.438508
0.08767669
-2.038437
0.2870992
4.738917
9.666436
-0.3990392
4.767863
4.058333
4.242022
-0.5589745
3.475709
4.711803
4.076976
-0.09040603
5.974736
0.3146157
-0.2468345
5.253855
-0.1678693
0.4576997
-0.05604676
3.724225
3.149944
4.630787
5.314452
5.658408
4.440476
4.700033
1.448967
0.6689392
1.053807
5.069129
4.827771
5.010681
5.111315
5.96522
-0.4516678
-1.485917
2.073662
-0.464397
3.865667
0.2217647
5.560264
6.137784
-1.30204
-1.753106
1.416497
0.4141883
5.050484
-0.1774442
4.01769
4.974237
0.2581038
4.408891
-1.064224
0.4515249
4.365884
-0.1878502
4.275696
-0.6676368
-0.1279183
-0.9816828
4.383092
-0.4009427
4.346639
1.306226
-0.2127431
4.436647
0.5834365
3.007494
13.03063
4.874063
-1.295393
4.66111
3.959964
4.585349
-0.826461
-0.01379652
1.200335
5.086545
-0.6463251
6.071895
0.3172416
-1.278206
-1.738082
9.043408
4.538456
0.1309874
0.04521721
2.394821
4.293636
4.775953
6.215022
1.358936
0.5418385
5.516177
-0.03238979
-0.2099503
0.7484851
6.156677
6.603985
4.013518
3.116908
5.357806
5.414887
6.688832
4.283477
2.328269
4.35685
3.575192
0.8031748
3.679769
3.200904
-1.061684
-0.308863
0.6156537
5.469224
-0.3858712
-0.9658303
3.401205
4.961266
4.713488
0.09102623
5.068801
2.612244
1.295322
5.008484
3.688423
-0.3261747
4.568468
5.192171
-0.5341201
5.91862
-0.6546994
-0.728418
-0.4262735
0.4756389
5.786808
0.1905723
6.808089
5.796389
5.636369
5.244834
4.174707
5.675787
-0.151102
5.41972
4.964965
6.268029
0.2020144
4.529967
4.844058
5.349498
4.429907
5.773759
0.06103849
6.129256
7.197343
3.947193
4.95077
0.5836515
5.744199
4.55835
-1.226839
1.474739
0.4556575
5.963762
5.806827
0.3424142
-1.043483
5.486736
4.843284
5.695086
4.361212
5.973066
3.439231
0.7363189
6.949825
4.019351
3.638092
5.469903
10.26312
8.62248
2.576892
0.09287243
4.266449
6.180847
1.682651
-0.5472506
0.7121748
0.3329957
0.8078354
-1.560538
4.38667
-0.4613085
0.1722542
-0.3940544
1.474605
1.246597
0.4688417
-1.347797
4.162559
3.431744
0.06886728
0.3767872
4.793041
1.043285
5.265
-1.081761
5.014216
5.125344
-0.3672507
0.06787385
5.23979
2.701124
4.562458
3.424885
4.921403
9.286831
5.234709
0.0603461
-0.1674184
5.608436
-1.247319
-0.8185226
-0.2993068
5.302882
0.06500568
-0.370019
0.4616009
-0.02033189
-1.247712
6.001425
0.9685553
1.350076
4.612326
-0.4568487
-0.9468022
5.372236
4.854248
-1.459545
4.43434
4.921011
0.3134934
3.918698
-0.7270761
0.1474392
1.953636
4.784133
0.6155822
4.308748
0.3025121
-0.009634936
3.136571
3.623692
5.612402
0.07176057
8.778089
7.492655
4.638641
4.674944
