0.6942378
2.9801
3.795729
0.3204949
3.770552
1.160971
1.154467
5.084877
4.464298
-0.3612507
0.3145891
0.364136
4.332933
5.060413
4.644574
-0.2631012
0.2572586
-0.8102845
11.05131
6.257569
6.608645
-2.281005
-0.2096266
1.926932
-1.025676
3.797151
5.520124
-0.6138328
4.603704
5.261832
0.6190954
2.799751
5.415615
4.131367
5.404597
6.187687
5.222467
6.916774
-1.417784
4.502956
5.264648
4.191111
2.8417
-1.896043
3.428435
4.831737
-0.6368342
-0.1875063
-1.267827
6.367378
0.0008875645
5.782311
4.494266
-1.826486
1.34521
-1.232793
5.424408
3.866865
4.673259
7.54209
5.192465
6.479425
4.521298
2.472057
-0.9456582
-1.56335
6.775255
4.464387
-0.3422266
4.40561
1.398726
6.013663
4.64748
0.4009599
7.158019
4.614805
0.7718559
5.925363
-0.167404
4.68408
1.149157
-0.9925663
3.348695
-0.06373624
2.002188
5.923449
1.486277
4.409017
7.045486
7.263726
-0.09262668
-0.3342407
4.287914
5.107479
5.430215
1.751765
7.025634
5.825647
4.18341
-0.445171
0.2733859
5.304058
6.128286
4.995662
5.338373
3.825286
4.709781
6.089944
4.396643
3.408167
-1.634675
-0.852931
5.041761
5.992433
3.781039
4.064903
6.596596
-3.374677
0.07610305
-1.157819
0.980465
3.550852
-0.6348226
5.093079
0.7058181
4.553093
5.24568
4.739986
6.400776
4.603897
1.494828
2.145545
0.07213465
0.6043337
7.155494
4.800798
0.5855989
0.3054239
-2.681071
-1.863268
-2.372093
5.806235
5.988078
5.638914
5.085776
1.462704
5.049393
9.240042
0.9551008
-0.3407045
6.211871
4.805969
4.719108
5.07912
4.828028
3.627607
0.01072558
7.745701
-1.535295
7.566959
-0.01671073
0.8224366
-1.071882
0.8151367
-1.926003
5.199636
6.341822
4.696676
6.455346
5.662136
4.143076
-1.134118
-0.01384379
5.987987
3.458081
5.076792
0.401286
0.1219721
-1.443949
5.118613
4.888511
4.284726
3.830143
-1.628522
-0.3400784
6.126903
0.8024994
4.035535
3.811501
1.992516
5.05394
3.656258
-1.018288
4.344917
5.26624
-0.3317646
6.232811
0.297269
-3.600187
4.152385
-0.1317068
-1.135157
-1.488659
-0.5755866
6.142816
1.667502
6.228709
5.491444
5.207211
-1.868106
3.437613
6.183458
3.162527
5.659067
4.682666
0.9895363
0.4414426
5.053003
-0.419958
0.5780314
0.5698407
2.228436
3.616807
-0.1049989
3.891614
-0.6328927
4.552822
1.167388
-0.9849643
3.800974
5.669003
-0.3838496
8.303164
4.531445
5.545849
-0.2028205
-0.03964876
-0.9227523
-0.38228
3.938496
7.686845
4.77105
4.350043
4.878689
-1.280714
0.01845025
0.8528883
6.062492
6.19862
-1.341993
