5.618127
5.181769
-2.011534
5.14844
-1.669865
3.485492
-0.1807184
5.251532
-1.128075
4.207965
5.914946
4.471999
9.139057
0.1791413
3.625411
6.020879
-0.5683298
-1.790892
0.05845421
5.05105
5.008768
6.423643
0.5600572
0.1378136
-0.9173859
4.465591
-0.3129021
4.236084
5.707979
5.553985
-1.616946
4.569896
1.0895
3.794563
4.50846
5.800959
5.312033
7.615453
-0.4545534
4.455259
-0.1281654
5.452308
3.768841
4.680224
0.06667523
4.940234
0.4920257
3.23677
5.487382
1.512765
10.95302
-0.414359
0.1455548
6.52153
5.890288
9.359358
5.788263
0.5462564
-0.9220958
6.454665
4.235828
0.01822228
6.563258
3.030039
3.467502
5.745853
5.302363
-2.241844
4.144495
3.617151
4.028284
0.2794306
-1.010323
5.20101
3.769078
3.32934
0.08389981
3.723975
0.6663122
-0.2913048
0.4894575
3.750573
5.941027
-0.4859848
5.381431
2.713711
-0.3089634
4.649677
-1.216567
-1.171218
5.458563
0.6291739
1.50834
4.289162
0.2968552
3.633545
4.217078
5.606091
1.328577
2.670162
4.47536
5.734363
2.33682
-0.6317326
4.476674
11.03029
4.83455
5.033508
-1.819669
3.708586
-0.1630952
-0.2708919
3.894592
0.6526573
-0.5963844
4.674261
0.3244529
4.791745
0.6838458
-0.4358562
4.863607
7.849473
1.54027
6.542474
7.935509
7.561272
5.416783
-0.6677684
-1.015903
4.504194
5.462781
-0.6987747
4.746656
0.006674523
7.129341
5.011041
4.805354
4.989269
5.779687
4.819379
2.713644
4.149094
4.998014
5.700606
-0.710655
4.304642
-1.5507
-1.05814
6.253622
-1.888749
7.083286
5.239373
4.273275
6.167222
-1.459116
4.811879
-2.159428
-0.06083924
5.014383
4.809619
-0.645844
3.821299
-1.038855
4.626516
4.678859
5.798745
-1.336844
-1.249117
6.235188
4.054926
3.462014
1.145483
4.826642
-0.3233563
4.629226
4.782522
0.6877166
1.518196
0.9368601
4.637141
6.031509
4.980538
5.605418
0.118438
1.661643
7.872071
-0.455645
3.066043
4.320637
-1.259219
4.117722
8.797415
-0.0804753
0.9813067
6.587088
-0.4776705
5.97177
5.756028
5.830926
5.863888
5.367295
8.557107
6.0039
2.872171
-0.9496574
-1.827111
-1.933598
6.083649
5.198481
-0.6294519
6.13339
5.419581
5.585639
7.38382
5.572439
6.558063
4.108057
5.703672
0.2430065
0.8375036
-0.7744977
9.02656
4.933822
4.182297
-1.535381
0.4451536
1.146487
5.007961
-0.9794035
6.250599
4.135001
3.820173
2.961569
6.076593
0.2391994
5.927355
5.951987
0.06131999
0.71888
0.3949252
0.3638516
6.035772
0.1597468
3.697509
6.056012
5.519345
-0.9114606
-0.5628509
5.102727
4.244616
