10.86728
4.379622
-0.3347885
-1.050687
-0.3886105
6.005832
2.419984
6.226752
-0.3749747
1.286259
-0.07820448
5.87399
4.610934
1.665411
5.049935
-0.1448192
4.633602
4.636235
0.05740881
0.5412959
0.1378107
5.526472
1.290362
4.023693
-1.428108
4.169839
0.9115422
1.318811
0.3370519
4.60629
5.225056
4.238468
4.433427
-0.006769635
4.071341
-1.976966
4.636797
-0.1744139
4.615916
4.335978
4.642421
4.465681
3.483823
4.56887
-0.8045161
6.9486
3.854128
1.530663
-0.5037895
-0.4473944
1.239164
-0.1266462
1.777003
1.155089
5.838802
1.249392
5.159795
6.156211
2.665923
9.097623
1.278903
5.417245
4.828718
-0.2680659
4.398615
0.5175149
3.981032
-1.755465
0.07761137
4.078704
0.112412
5.406948
5.255965
5.207534
4.572573
5.330649
5.933194
0.08357266
1.499942
-0.3701426
6.946438
4.780032
-0.3416166
3.381164
5.33568
5.237421
0.2317073
7.440303
-0.9987656
0.08652173
3.612875
0.3400909
3.909095
-1.991449
6.373955
-1.16986
-0.7871894
5.433111
5.389088
9.694563
5.717674
4.265403
0.6819865
-0.4248816
-0.6001687
5.00133
3.909887
-0.772023
4.939022
4.182549
3.0699
0.3389534
5.661018
9.517222
4.741788
4.632965
3.95991
0.6051691
4.751903
5.136358
4.014423
-1.227286
4.265679
3.82277
0.3400054
4.615192
-1.127651
1.181646
5.821495
6.95079
5.100928
6.249348
0.2086786
0.2806874
0.2670898
4.583237
5.329707
5.689882
0.1299904
4.193024
4.966075
5.231765
4.772624
3.723128
0.1803069
4.112168
-0.2115642
1.160105
-2.265382
5.607714
3.209944
7.056988
0.3847126
2.787812
6.147308
5.451572
4.824668
7.255643
1.275538
5.922005
0.01888853
-0.6982685
4.018347
-0.788631
4.836958
2.205188
5.37448
-0.9575894
-0.1417508
3.381732
0.581247
6.064046
5.063309
0.7207255
0.09537779
5.906209
4.293425
5.612999
4.579401
4.792252
5.275159
4.528261
-0.5750213
6.036338
-0.5853443
5.913876
3.808553
5.647285
5.328016
0.8408852
4.372327
5.914763
4.669064
0.4024903
7.09411
-0.3063796
0.009761096
4.384963
4.646892
3.686036
-1.127535
5.389948
1.161859
4.919864
1.2115
0.5583054
4.70056
5.002135
0.04702209
1.074846
-0.01601675
5.511401
0.3435557
1.343719
4.51952
4.166833
0.3772727
1.18831
0.8386383
7.39296
5.149168
4.504913
5.544119
4.292988
-2.068554
3.089304
-0.04400549
9.338831
5.012864
1.070857
-0.6446301
-0.7770578
5.099265
0.9146853
5.226458
5.282161
0.3860803
-0.4673421
-1.023244
1.254986
-0.4159399
6.288675
8.573173
1.641615
3.469972
1.060228
-0.5077743
0.8294398
0.6303186
0.504383
