0.2185738
6.351599
0.912789
0.7944612
5.433762
5.046527
4.638597
2.096099
6.491376
6.942283
-0.7291835
5.106495
1.275522
-0.6713187
4.41131
-0.5758957
5.898712
-0.3595394
8.915275
5.014371
4.918822
2.698725
0.004890938
6.506922
6.348605
3.127155
5.245275
5.022677
8.057377
5.137668
4.188646
4.674708
6.14336
-0.1482357
5.57224
0.9338725
5.958929
6.439946
-0.803799
5.342381
10.01889
0.4586317
2.668875
-0.04546181
6.809703
-0.7760553
1.388535
0.1173201
0.3332715
-0.2792692
7.159338
4.348621
2.101969
4.684021
-0.6052464
0.7589394
2.415714
0.03876926
1.711445
4.025263
3.896108
-2.738108
2.557511
5.828995
0.4404359
6.560166
7.617508
4.758438
6.205899
6.56012
0.4403349
-1.001949
2.845918
1.37948
0.005984283
-0.04316382
5.957312
-0.6649017
3.252717
-1.068189
5.176231
4.225976
4.168593
3.290101
6.175506
4.485917
4.584134
-1.360454
5.902058
4.113504
-1.467253
4.36411
-0.6212286
-0.1991072
6.235114
5.323582
-1.776571
-0.3453556
5.577541
4.336444
4.604693
4.279361
0.9789317
3.119566
-0.5264713
4.768287
6.807999
5.900687
4.146768
0.3686385
-0.3154236
5.24804
4.859219
3.136715
4.92547
4.387434
2.315737
6.04542
-1.371402
1.061996
3.802872
4.275697
2.160207
5.075605
-0.4499553
-0.1982044
3.639298
6.068255
6.061957
-1.67112
3.627857
0.01565492
0.17986
0.9684403
3.709728
3.608415
4.492944
-1.840495
4.351099
-1.273868
0.09087238
-1.303912
5.039523
-2.509499
4.48161
5.281182
5.619396
1.045499
4.220438
5.335278
1.099329
0.7131621
4.423177
5.975867
5.168708
1.305848
5.268776
-0.0554764
-0.3250422
3.498554
4.574509
5.916128
1.202979
-0.1175202
-0.6732963
5.773752
-0.6441594
-0.5909874
9.943638
-0.2510494
4.397049
0.8903415
-2.727829
-0.4602479
0.901891
4.040686
-0.2298126
-1.047616
3.56632
4.244444
5.34451
0.4892499
0.9129968
1.038423
5.862601
6.199876
5.46477
6.139015
4.298026
7.02143
5.039114
5.126167
6.537394
0.3001305
4.135829
4.877751
3.700774
2.798337
4.383255
6.455904
-1.133583
1.763394
-0.5561366
5.882069
5.738224
7.271547
-1.391942
-0.7866238
5.811715
0.4443248
-0.7095179
0.2492613
4.468386
6.621737
5.717109
3.66767
5.466716
3.627407
3.128177
-0.7604531
2.06286
5.493776
2.437753
0.4989104
0.4304717
4.637912
0.1583287
1.245333
1.617915
1.638131
3.822944
-0.2301675
0.03721492
5.781869
1.074899
1.687636
-0.569432
-0.285286
7.515333
0.1963889
0.234383
3.765851
0.5533137
4.911354
0.6676755
-0.1118926
-2.055367
-1.684553
4.987418
0.1787733
