0.2400911
-0.2630432
4.632192
4.995492
4.941249
2.427121
6.776149
4.704019
5.647239
4.91322
8.163066
-1.09407
4.259485
7.319285
5.089397
3.929044
5.440807
1.75218
-0.008719369
4.279741
4.450786
5.028872
-0.1242826
5.721679
6.379092
2.529131
5.879279
0.4391771
0.8390687
-0.8976975
5.092932
-1.056212
-1.403857
0.3134013
4.95564
4.884042
4.770482
4.903725
-1.998606
4.716153
-0.8565129
4.766236
4.808792
3.672026
0.208568
5.582995
-0.2590619
0.5030953
0.6069233
3.982733
4.25516
5.830329
5.829307
5.685287
5.028529
4.441612
0.940404
1.497881
5.400222
6.286093
6.152152
7.26807
1.265515
4.87479
5.091518
5.512813
3.602109
6.307356
2.146576
-1.448717
4.958213
4.091082
3.422933
0.329026
0.5999291
-0.06514296
0.0819766
-0.07602213
1.845852
0.2438271
-0.4213444
4.882463
-0.4976397
5.000494
-0.3975311
5.448325
0.4799227
1.604117
-1.114012
3.814167
5.243196
0.6436259
5.320459
6.083413
5.639462
3.507894
-0.8634669
5.087317
0.2054575
-0.7559868
1.947784
0.9497119
0.3395729
-0.1996878
-0.07116662
6.281481
-0.7203961
-0.2300092
-1.00852
6.551168
-0.4763092
1.979125
5.247112
5.564633
7.243329
-0.9038926
6.21438
-0.4805977
-1.401267
3.445211
4.121175
8.845421
0.2163323
4.985295
2.218709
4.790888
-1.049931
3.791841
5.996313
-0.2760866
4.844333
0.09628439
5.880735
1.178509
0.6551207
6.312012
4.330012
5.185556
-1.8002
6.429041
7.687072
1.558053
4.83765
9.847122
-0.5523328
3.312946
-2.255676
7.037784
2.422837
-1.402413
1.138847
5.462086
-0.5961815
6.005265
-0.09607169
3.68037
5.048482
3.944022
-0.1185702
4.170279
0.5784513
0.2460393
11.03674
3.839449
1.547112
-1.253018
3.955699
3.8834
-0.6754838
-0.6684359
6.923279
-0.6955476
4.702583
3.772356
-1.040313
3.080566
-0.04753656
5.287493
-0.06994075
0.1619409
0.782782
2.378686
4.895464
-0.6736665
3.660785
7.147843
4.717743
3.863701
1.259258
0.2667703
-0.7480418
-0.0213816
0.653138
5.217474
3.260611
5.069579
1.234609
-0.610203
1.045659
1.969758
0.03240772
-1.407358
5.067118
4.762357
-0.08105759
5.613393
-0.1321881
4.505427
1.098476
3.808826
5.401824
3.293437
-1.058344
3.754529
-0.6917932
3.223607
-1.565362
5.899402
1.156909
-0.2833476
5.221559
4.781586
4.978462
10.3964
-0.8847526
0.1037747
4.926165
5.04799
3.791903
5.621997
3.041366
-0.4326413
1.360414
2.670336
7.90896
5.502813
6.025321
1.97204
7.256844
0.01136371
5.954284
-1.509314
0.8313097
0.5521873
4.510346
5.715261
4.610096
5.692297
1.212968
5.155486
