6.010482
-2.132168
4.509697
4.435923
3.805399
4.737678
5.089399
6.061779
-0.9209587
3.096983
4.798123
3.13122
3.670651
4.484354
0.4763359
4.506138
5.681628
0.5389763
5.944777
-0.9587785
-0.4099254
-0.4207765
0.7216108
6.201257
-0.001487131
-0.654827
1.272705
2.497146
4.708954
-0.1699882
9.649105
4.785803
-0.3045499
6.203689
5.011654
5.599123
4.672743
6.48592
-0.2633676
6.070188
5.031971
1.820109
0.8682659
5.199709
6.144214
-1.879905
-0.9248163
3.449442
0.6372521
0.3123179
-0.005236232
4.95374
0.461234
-0.582903
5.105832
-0.982695
4.434487
4.464472
5.521535
5.059203
6.621249
5.728298
4.509485
-0.6553851
0.4243389
3.192896
-0.2407663
3.972169
-0.78534
0.4126255
0.322681
-0.4309145
-1.595723
0.3283015
4.583483
1.13934
-2.035779
3.998231
7.139525
5.849657
7.666913
0.8276826
-0.1518449
-1.347509
-0.03904344
5.375604
6.505888
-1.224981
-1.002931
5.867854
0.8027156
6.853022
0.762177
-0.1123509
-0.8159464
-1.939147
4.215841
3.566494
5.723929
-0.004893592
5.610308
-0.3464146
6.072825
5.183179
5.665429
5.373559
6.180441
3.681027
4.932461
2.253125
0.7566385
-1.638155
-0.2762904
-0.2994743
-0.443059
4.454466
4.788557
0.1278215
5.942865
4.932022
4.149239
4.133452
8.622929
5.830785
4.321794
8.313893
6.269136
-0.06536593
2.367423
4.164054
1.15781
0.4587751
-0.3598053
7.285524
0.5193773
3.83752
6.327666
1.130074
-1.491723
6.54694
4.235317
-0.7759192
3.995531
6.574328
3.711864
5.675039
1.380746
5.343505
0.02943438
4.90117
0.2111453
0.7307711
1.12749
5.874772
4.54227
0.587817
6.033274
0.1157138
4.169522
-0.8529394
5.492202
4.538639
4.536816
5.89385
2.913022
-1.211233
4.779079
-0.8094707
7.61991
4.845703
0.220526
0.4275048
5.774082
3.554213
5.55744
4.777998
-0.2746774
1.154045
5.263496
3.555543
-0.1209972
-0.4932819
-1.378442
-0.5966245
-1.558727
5.653936
0.07307584
5.397241
5.421753
5.866893
3.571308
0.01483339
5.417266
6.169864
7.929333
3.438311
3.887984
4.46592
4.889238
4.265252
0.02816379
4.590051
1.069748
0.9726848
1.685263
-0.2200207
4.769495
5.926138
-0.5836172
1.019352
3.587712
-0.1146683
5.580557
4.20625
3.230704
5.800244
2.530602
-0.582486
0.1647205
4.595471
4.445112
6.769164
6.600816
0.06449252
3.488096
6.087924
-0.7451712
6.223967
4.711965
3.323808
3.930141
5.054029
4.623401
4.5087
-0.8377899
-0.7096194
5.5914
0.1049939
5.720625
4.565618
7.448027
3.309446
-0.4612261
0.3380335
-1.173072
0.3730611
4.123793
5.941231
-0.8079572
2.962081
