3.707333
0.03286289
-0.4315466
-1.941536
4.092289
3.89682
4.970951
4.482622
1.087727
2.15058
0.2009886
-0.06290423
-2.027017
-0.9354142
4.384156
0.9828549
1.10299
6.347931
-1.738459
5.185713
4.151134
-1.146098
4.944918
5.263228
1.534144
3.989935
3.224724
5.6973
5.056155
4.496173
-1.291197
-0.6052713
4.893357
3.912528
5.071328
0.6302247
4.84341
4.961623
6.581039
3.755124
0.2867524
0.3777013
3.158393
5.064469
-0.01366177
1.574326
-1.259413
-0.8570237
5.166093
3.613483
-0.3611206
3.888044
5.791938
8.27614
4.211231
7.167261
6.287629
3.561797
2.756635
5.517988
5.00199
4.22816
-0.09144789
6.064779
4.953674
-0.1123428
5.899006
-1.016678
6.015857
1.224359
4.619166
-0.3099224
-2.226537
4.880067
1.436916
7.876238
4.902148
0.3968782
4.74538
4.060709
0.5566752
-0.5027703
5.852124
5.147937
-0.9356932
9.997518
4.502746
5.46975
1.214411
6.056116
5.352933
5.306415
0.4335145
-2.149675
4.246934
4.048703
4.540714
3.803214
3.39706
-0.1366855
-0.5240288
0.5346976
-0.608518
6.657162
6.850832
1.582347
5.717237
0.8754191
0.1981198
0.2238268
0.5144606
4.710365
-0.9342612
3.120508
0.2622118
4.524212
3.933729
5.405017
1.459715
-0.7443781
4.408517
0.3295557
4.990465
2.841674
-0.01367214
-2.101073
5.891861
0.0468425
3.606788
-1.241417
5.401314
-0.1494297
2.806076
4.817359
4.994086
-0.6561719
-1.886538
5.092432
0.8048335
3.524536
0.04919101
0.07617163
-1.522586
1.586696
5.029945
6.034572
0.5999128
5.009231
0.2446634
-0.8675631
0.9034083
5.915772
5.872211
0.08495181
-0.7321542
-0.6951773
5.479198
4.128035
6.242866
8.737674
2.431946
8.681763
-1.097104
5.366232
6.346049
-0.3612161
2.3874
0.8905833
4.584814
-0.40158
-0.6679321
-0.3005039
4.918686
4.50151
-0.2292606
0.7730845
3.315995
0.3411402
-0.86469
5.52582
-0.6627284
4.661107
-2.695738
-0.3670827
-0.8320703
6.356793
-0.7233476
5.485747
0.8525593
0.1294348
4.47147
5.108485
-0.3648796
0.9210229
-1.033143
7.042493
5.07497
-0.7310947
1.317306
4.232811
6.176551
5.49724
4.65766
3.741711
5.763149
4.328783
2.038469
4.806418
5.138915
2.794643
-1.358768
5.128142
-1.180847
-0.4923718
2.879334
1.174396
-2.311476
-0.5651446
4.910633
-2.051236
4.886397
2.14003
-0.5845993
1.906715
0.3972854
4.122756
2.424275
6.365314
-0.7209087
5.786669
5.619196
-1.459702
4.426982
5.937187
-1.350735
-1.377781
4.160809
4.168373
8.776428
0.07463584
4.525644
4.997157
5.25911
4.429282
5.397112
5.922056
5.26304
5.396834
0.6252773
5.427811
3.758983
0.8032272
8.842092
5.145462
7.527978
-0.687711
0.7874747
2.820993
3.286759
6.11038
4.180725
4.319463
-0.7475999
6.055619
0.146187
3.525404
8.93614
3.434786
6.2553
1.154731
2.329675
-0.74172
2.822116
6.339462
4.595134
0.3020955
0.2033342
1.41111
6.164233
-1.301291
-0.7600758
-0.7764271
0.5481522
3.02952
-0.5869085
0.362036
5.236856
5.206695
6.929249
6.025213
6.18148
-1.292934
0.492505
5.044204
0.60392
5.190642
-1.925622
1.04711
3.920317
5.053734
-1.0517
4.152236
5.509729
3.037008
-0.7647511
5.996511
4.937534
0.5790776
5.149994
0.1489676
0.2454589
4.041615
8.459916
4.251376
4.632599
4.825526
0.09133988
-0.1558836
4.67457
-0.1395373
-1.140512
3.014573
4.739809
5.091896
-0.6788952
4.512063
0.8266184
-1.13732
6.586381
-0.2179684
-0.3997177
5.124448
4.030638
-0.1371367
3.374544
4.287952
-1.257178
5.207338
1.860935
2.144286
4.532299
-0.1419621
4.28035
-0.5926273
3.794791
5.948577
-0.5893903
6.062808
1.356304
2.128963
-1.358542
4.138869
-1.823523
-0.2676683
3.728571
4.357386
5.444871
0.8508378
7.120347
3.90313
5.374074
4.706808
-0.8954147
4.908792
4.71021
6.832993
0.2167463
6.872933
4.011897
-1.804102
5.701287
8.713465
6.317709
1.456418
-2.209929
-1.873877
5.377203
0.5883398
5.205517
0.144989
0.771977
-0.7615508
5.336082
0.703201
-0.4424645
2.102768
-3.08795
-0.8168546
-0.2762997
4.851321
0.4677376
0.4012494
4.787037
0.1716049
5.973371
1.341217
0.5375854
3.650837
4.724056
-0.190192
5.018899
5.820468
5.177766
-0.2181201
-2.147373
3.922523
4.841294
6.666011
3.906046
4.855879
6.704289
5.492561
-0.7102668
-0.6633444
5.652938
4.515278
4.148604
-0.093062
-0.2153949
0.2212007
4.947585
5.790117
5.525479
3.769722
5.316431
5.140456
-0.4415489
4.931211
4.653214
-0.5210012
0.05267953
-2.245828
2.003273
5.816668
-1.406574
5.377347
7.396613
-0.1957699
6.346882
-0.8523737
4.871809
-1.38162
-0.1929637
5.962833
2.376291
5.784822
5.475844
-1.83329
3.520123
3.596048
-0.8319088
-0.2679674
6.490481
3.881642
5.31134
-0.3320196
4.644376
3.651944
7.19375
3.226348
5.656879
5.60166
1.244698
6.147601
-1.340204
3.436275
4.639761
5.144714
6.957741
4.125711
4.40206
-0.04466096
6.113876
5.204747
4.054935
4.787077
0.0741893
5.115435
4.702538
5.699354
0.8224778
1.80535
0.2355658
5.836388
5.850856
0.02845504
2.094601
4.769041
4.38102
0.9790853
5.859391
5.387593
5.204136
6.933594
5.939755
5.318799
6.939739
1.152088
2.621119
3.949246
4.101143
6.115361
5.055449
4.833311
3.65481
5.262269
6.405017
4.786697
0.1516611
2.789131
5.279173
-1.678768
4.287171
4.944992
3.417035
0.3696139
4.523079
-0.04615061
0.1785342
5.170989
3.773573
1.119349
6.365112
3.415059
6.105
5.104898
1.908206
0.7838842
2.857341
-1.047016
-0.9273516
2.738155
-0.4493145
4.170412
3.418187
0.39077
1.600571
4.888578
4.106853
4.558213
1.504392
-0.20709
0.4523054
4.032578
5.604716
1.147444
5.50434
3.555787
5.514214
5.89603
-1.225706
-0.7795755
0.2840118
-0.4914078
3.844913
5.469752
6.287124
4.771567
6.154641
0.06027481
4.959787
-0.9153335
6.077199
-1.937499
-1.085027
3.729111
6.307448
3.798307
5.098154
1.627665
4.614395
3.882226
0.07893621
4.01421
3.599738
5.937208
4.093504
5.693929
4.43422
-0.9695591
6.621459
3.680242
3.58325
4.071042
4.695225
0.3397317
-2.745699
3.989193
6.260873
5.858471
-0.3334952
-1.944334
-0.7796617
5.790912
0.02080787
-0.9907963
-0.5630966
-0.1213822
5.547257
3.698695
0.4734814
4.55627
4.170672
5.979158
4.246706
-0.7622117
4.899532
3.324773
5.182864
-1.094613
4.109201
3.656957
-1.7288
-1.203821
0.1535356
0.7256603
5.56566
5.0557
5.159032
0.5168049
-0.2627579
3.74404
6.911387
4.02859
5.89917
4.139185
1.033808
0.1039932
-1.272069
4.651766
4.663209
4.601139
-0.5174052
6.18406
-0.8992487
0.6290613
6.032585
4.229747
5.540062
-0.4903561
1.06578
0.1595857
0.5393572
3.872892
4.718195
5.563948
3.868365
1.169934
-0.6374366
4.900819
2.837735
4.756381
0.2097229
0.5290063
0.3910765
0.7920467
4.336523
5.951119
5.931664
2.63199
5.910857
-0.5851409
-0.2541115
5.192901
-0.4794307
4.683173
4.32366
10.44872
3.671866
-0.572444
5.038321
3.966401
4.580995
4.873859
5.03566
1.28375
-1.143425
4.183542
-2.131419
-0.3994486
4.661444
5.898122
5.957312
4.504677
4.996203
5.955703
6.765671
3.795492
-0.03876552
0.704366
5.373186
6.113262
-0.7384662
5.668672
-1.318636
4.434756
5.047919
-0.3205178
0.7950796
2.002163
7.064805
4.294753
4.880682
-0.3834347
6.513681
5.166281
5.956449
7.271123
5.493401
-0.5233014
0.6486269
-0.3602375
6.039738
5.855628
1.343217
-0.3649157
5.579473
5.15634
3.967983
5.468578
4.749538
-0.5274931
5.482797
-0.4048218
5.736854
4.446245
6.673557
6.322792
4.08124
7.356405
0.5540381
0.4308385
4.957397
0.2313651
0.2026503
-1.75986
5.136366
0.4764843
4.620333
1.040727
4.969676
4.840686
0.4918184
9.525501
9.433779
-0.2592338
4.091389
0.5916159
0.643326
-1.72072
0.6714523
1.21648
-0.9684322
-0.7112393
6.150015
-0.1848041
0.2340777
-0.2230139
4.451379
6.570413
1.125001
-1.238572
6.507691
0.9741929
4.313695
0.354384
5.579899
0.5336396
6.394614
-1.694324
4.779864
0.03361137
1.251273
4.398357
1.312559
-0.6107366
4.696124
4.22151
0.4488673
8.078289
4.02758
6.414944
-0.4067041
5.448306
4.710937
4.331387
3.547118
3.215641
5.534262
0.3158727
5.950145
-0.2482636
-0.8653921
-1.934228
0.5513778
5.177851
-1.678169
5.188447
0.9615152
6.372953
1.004591
4.047173
5.734763
4.384264
-0.7027868
6.675734
0.03936813
-1.542857
6.109844
3.18206
6.550786
4.232712
1.136105
4.469683
1.400269
4.187729
4.388096
4.877708
5.067627
4.516017
1.313969
-0.3311253
2.509434
4.700848
1.29266
3.26266
5.548347
0.5949086
6.298026
4.37599
5.404722
1.646321
9.090365
4.753929
4.79297
4.254568
6.016853
4.630257
4.564639
5.099235
5.576955
7.708853
0.3223328
0.8164223
-1.81211
0.2343607
-0.8238703
-1.194071
6.698548
0.189772
1.293456
1.222826
3.936823
5.596692
6.712306
5.289124
1.918125
0.1979652
0.3632202
6.17417
1.534041
4.437329
4.153372
-2.027963
4.55915
1.035837
6.156405
0.0359199
4.081342
0.44234
0.4423305
5.336896
1.006251
-0.7347552
5.725679
-1.541634
4.67556
3.80193
-0.4863533
3.832921
4.758061
-1.172993
3.252308
4.959155
2.897347
4.599986
2.565982
0.5984272
1.262001
5.487609
3.367136
5.657806
6.070441
5.236204
10.40945
8.601852
6.802123
-0.7255378
-0.07183445
4.647302
-0.1281696
-0.5153975
5.066507
5.468319
-0.01339834
-0.4782134
-0.6908717
0.1571399
-0.4558601
-0.3144339
5.141264
-0.08850954
-0.3901971
4.297873
5.352473
4.476581
5.061563
6.153545
5.917736
8.491065
-0.08926721
3.920726
-0.8022709
-0.9444209
2.53994
6.063687
-1.623373
5.585356
4.121275
-0.687496
4.512884
0.8521438
-0.2429027
5.605885
4.670754
0.02940105
1.637012
0.5426498
4.641531
-1.032329
5.861695
-1.832192
0.7075553
-0.1650484
4.810898
4.769431
5.522665
4.781003
-1.27946
4.552866
-0.9436171
5.246809
-0.8055034
3.467145
4.462635
4.350484
4.907717
-0.8023629
-0.02275694
5.836071
-0.4605723
3.085302
4.758184
6.810068
2.379084
4.733196
0.4602151
0.06903468
-0.6366271
-0.6827399
1.76801
2.676905
1.180951
4.430583
-1.914811
5.777978
5.921179
6.253877
2.394371
5.488241
-2.180911
4.557331
0.4061043
1.818625
4.139205
4.433235
-0.7305121
5.425216
4.159603
4.463481
1.550839
5.771874
5.501343
4.452122
4.1064
7.061523
-0.6875568
5.804987
1.399763
5.249163
4.965832
5.852564
5.581709
5.291775
-1.092073
2.999209
0.6794251
-0.8176914
6.81564
5.951401
0.3649824
7.366527
5.802676
-0.1052232
4.750813
6.594175
4.157998
0.249773
4.112759
3.476822
-0.2252129
-1.2274
1.738263
-0.9996576
0.7555535
3.69278
1.182511
0.6201333
-2.646276
-0.9574913
5.577519
4.241511
4.563632
-0.3424846
-0.2616779
4.790813
5.705819
3.04538
4.135427
-0.3343735
6.675337
4.558623
3.950645
-1.605198
5.609305
5.915159
2.413922
2.944173
2.802087
6.460226
4.449194
1.394631
4.099889
1.550671
1.565109
4.96562
4.083088
4.561217
3.95167
-1.429232
5.790499
0.4900646
4.90378
-0.4086968
5.436741
-0.02918197
4.496563
-0.3102388
1.226918
5.424586
7.028221
5.419907
0.4469222
5.828549
-2.069871
5.337443
4.144123
0.7458952
4.96256
5.320384
5.856436
5.697379
5.396165
4.908412
3.883776
-0.5187024
0.007474168
6.148955
0.7759372
6.663075
6.052074
4.213345
-0.06889709
0.4135981
5.409327
-0.4675551
0.2073557
4.405994
4.594597
6.967911
1.573585
3.089788
-0.5732717
3.810128
4.775017
4.597031
-0.2026613
6.103523
4.071845
4.947622
1.864927
-0.498911
3.671227
-0.9189256
4.14958
3.617247
3.975178
3.774834
5.690563
5.058864
6.600197
0.08836973
5.567256
3.842605
-0.3275334
3.987701
5.472872
0.825688
9.001763
4.1912
3.09677
-0.2924481
4.518453
-0.2972349
-0.8119061
5.067903
1.662963
4.242217
-1.701415
4.500324
-0.6138541
4.275514
5.057014
-0.6897096
0.5554995
5.30225
4.529861
-1.929283
3.864493
5.331088
1.484893
1.528666
1.935038
4.130325
0.2072418
4.74259
0.7414936
3.786247
5.286646
4.551356
3.918764
0.04801608
4.718214
4.159432
0.1248816
-1.047951
6.551208
0.755809
7.66289
-0.9195855
8.002473
9.847486
5.928738
5.280058
-0.3169154
5.099292
0.7916042
5.399628
4.153583
1.403863
6.648989
-1.111093
5.36053
5.029307
0.9609401
5.232524
5.664936
3.317486
1.904431
0.403224
0.9930054
6.090327
3.607418
5.180531
3.975841
4.51486
-2.071701
2.329617
5.834795
5.085181
4.008195
0.1693572
0.2763921
4.993191
-1.195984
-1.400715
-0.7987675
6.119961
0.4290115
-0.4884747
-1.412467
3.594847
-1.418265
-0.693558
4.871374
5.419107
5.008842
5.03533
4.747953
4.68724
-0.08353526
5.752566
5.337179
-0.2007724
5.417906
11.82191
0.7203124
4.316179
4.182947
7.186766
4.690741
5.455017
-0.256978
0.9185265
1.191203
5.348675
-0.1932455
4.832732
5.691515
6.402106
4.02107
-1.24169
5.574446
-0.3827947
0.6567376
-1.199723
0.7716173
5.695675
4.751484
2.476966
6.299513
0.6209244
1.365123
5.563496
4.603938
-0.07365217
5.56075
-0.8858684
-0.001867395
8.403029
0.3711809
5.845978
5.468774
0.1516095
-1.199599
0.1282464
-0.07857628
5.579605
-0.8622787
0.5170959
4.820362
0.7288261
1.31983
-0.7818955
1.823067
-2.865316
4.815906
1.882022
4.42394
-0.931553
1.615446
4.691788
5.442152
1.521146
-0.8586805
-1.872641
6.766825
-0.7606257
-0.09852327
-0.574242
4.766556
0.6244647
5.512511
0.5943457
5.751473
-0.8858444
-0.5275185
-1.589362
5.658476
-0.7106151
2.169753
5.468632
-0.4726662
5.402306
-0.5870474
-0.5263213
1.096641
2.946077
0.05437198
1.075556
-0.4415159
6.668441
6.978799
5.482226
5.609599
6.412303
3.482885
-0.0330522
5.099347
5.192861
4.78224
6.786144
4.752112
0.5772192
1.797208
3.784192
4.848217
1.453674
-0.2375969
5.066036
4.495445
-0.8705573
4.721283
-1.261366
4.583104
5.223875
5.611382
6.04824
4.325657
5.804406
6.006006
6.064337
1.280035
1.001416
-0.1422638
6.180234
0.02880494
3.081065
-0.6898703
0.5365533
6.0933
-0.369545
-1.54492
4.901669
4.142211
5.185409
-0.5029807
-0.8019913
4.890625
4.882889
5.073024
5.479741
0.2416415
9.296843
7.376919
6.049148
6.084007
0.008130161
4.963251
3.872297
-0.8624189
4.411717
7.246854
4.268728
4.872747
4.866069
0.8394537
0.8507835
4.665628
5.139457
5.290406
5.790666
0.8316498
-0.7336883
4.711257
4.272053
4.554859
-1.550273
5.186717
-0.8951698
6.264778
4.793814
3.104128
1.717904
2.801535
5.625709
-0.3458152
3.592601
-0.00918746
0.9755164
0.1406587
5.725603
6.774638
-0.5523632
1.451152
-1.090729
5.594899
0.1118243
4.356726
-0.9948792
5.089083
-0.04547136
5.214158
0.2005175
5.550523
4.825961
-0.5433975
5.119877
8.476499
1.998765
3.887245
11.18626
6.233704
5.001652
5.310807
-1.432195
5.511815
4.116125
4.206897
7.272258
4.635467
-0.2498222
4.906602
-0.08347074
5.371492
5.370247
5.660853
4.620173
-0.6027254
4.293235
5.232594
0.3148333
-0.8030776
4.610597
0.730254
1.896544
-0.6893245
-1.004192
3.893241
5.69801
5.005487
3.872729
-1.134375
5.841376
0.8263073
6.34749
1.558287
6.220331
0.1588309
6.047583
-0.9779467
4.905771
5.089462
4.55695
-0.9036109
0.2322699
0.5738367
4.307899
3.340448
-0.7923359
5.834085
-0.5820223
6.374152
4.911858
5.142018
-0.2180582
0.3018186
4.928585
4.909854
4.866846
-0.07461365
3.690427
5.012854
5.234222
5.039292
7.099436
5.51253
5.842156
-0.2148183
-0.08225592
10.65101
3.138303
4.822404
4.511672
8.168642
0.3953626
0.4731785
1.433013
2.346356
6.100185
2.96681
3.538884
-0.8104753
0.9232036
4.914411
0.8156505
5.668794
0.2178172
5.804436
3.883992
0.05618145
-0.8419638
0.2444933
0.6451206
7.214747
4.738998
-1.052823
5.326752
-0.003574369
3.448918
-0.2122666
0.5722709
3.094357
1.361756
-1.139782
-0.21131
5.263782
3.553595
7.445739
3.762716
4.51645
5.811367
2.159503
-0.2071105
4.658593
-2.162777
0.8344494
-0.3910392
4.242349
1.688232
0.09091663
0.981597
-0.5620786
4.781652
-1.040635
6.472854
7.839093
-0.90961
-0.1462575
5.110538
-0.5267428
5.646117
6.679755
3.71063
6.964303
-0.6467796
0.07139687
-0.5768948
1.469052
4.688938
0.1288378
4.164708
3.95291
6.019277
1.402509
-1.940202
-1.860508
7.739521
-0.001497792
6.433434
4.25439
6.564147
4.180208
5.172288
-1.720925
4.966686
5.179186
5.512497
5.462212
5.268934
0.6725368
5.348881
5.303082
8.027209
4.632907
9.169217
-0.4279649
5.756707
4.16352
3.488289
1.769097
5.666122
0.6845783
5.278877
6.489854
4.104576
5.714552
0.8176936
-0.5164037
5.271293
-0.5636234
3.902016
0.507874
4.273226
-1.662516
-0.6033218
4.744057
4.994296
-0.8221842
5.333916
-0.3059898
0.4100398
-1.313192
4.958442
4.76256
4.247808
-0.5672963
6.674513
-0.659173
-1.640007
4.804646
5.56113
4.622454
3.791159
-0.4844556
5.633923
4.615739
-0.4935478
4.251598
4.751312
1.654477
0.1145985
6.813181
4.481742
-0.9485336
4.976264
6.277143
4.199148
-0.2443227
0.656258
-1.570761
-0.4882842
-1.793961
-0.924753
4.74173
-0.9300646
-0.1925172
5.372026
5.956113
-2.136082
-0.6685731
6.284528
-0.8263666
7.009911
-0.3045721
7.226664
-0.2986693
5.063169
4.876291
0.5544014
-1.652973
0.5115161
-0.1522983
0.7460871
-0.7943863
4.151625
6.127258
4.659578
4.868654
-0.1008302
4.812327
-0.04380534
3.343206
5.932945
4.542737
-0.4602434
1.391376
-0.984823
4.379315
2.299934
6.085014
4.604701
6.318416
5.171189
5.450876
0.9881256
3.651964
0.7980374
0.144101
8.621152
4.166309
6.200324
-0.3512632
4.381223
5.202652
6.29902
4.4763
-0.9522871
4.539109
-0.5375386
-0.08311162
6.341737
-0.3207405
5.154223
0.5357417
3.832589
5.492216
6.779971
4.751304
3.115728
4.827965
0.7310146
0.1099356
0.5351014
-1.784862
4.901683
5.199372
2.392813
4.929858
5.795893
1.290071
5.620523
2.470294
-0.1902416
6.809599
0.5058113
5.553766
3.590221
-0.02251471
0.8792087
4.630852
3.854443
-0.6528647
4.728813
4.292414
4.374977
4.674783
-1.133234
5.701786
8.682727
4.55925
-0.3838329
-1.066307
6.448775
3.840626
6.647882
3.494454
5.850443
4.39124
-1.019171
5.293041
5.847773
5.341347
5.684079
5.507776
-0.1241556
6.776251
0.5560848
5.94384
0.4635189
5.908979
-0.3938667
-0.2760919
4.749147
-0.1850232
4.426524
2.341036
2.563309
3.741433
6.31127
4.579779
6.301548
1.702529
3.511467
-1.392182
3.967444
3.794589
5.296795
5.498406
4.557428
0.893258
0.1056155
-0.1346649
6.322199
5.155418
4.58383
-0.05760375
4.797148
1.706218
0.2922702
4.546769
0.3237188
4.745045
2.908851
5.25661
3.699938
7.251496
1.566984
4.168832
4.511357
5.835092
-0.6868712
4.898701
-0.4606992
5.036673
-0.8799772
-1.660345
0.03537159
1.495389
5.459801
5.61585
3.771147
-0.2347354
0.2908774
4.120858
5.145715
0.4016122
0.8929695
0.8714298
1.102665
-0.2828714
0.5980905
5.00984
-0.07362004
4.032556
6.116392
-0.04441227
-0.9295763
6.108869
6.027911
4.041442
5.534431
-2.019814
3.985901
-0.2887535
-1.052902
4.816395
1.015893
3.47875
1.20253
3.959256
5.337167
-1.049378
4.976484
0.4389696
0.1106175
-0.03689511
-0.2898378
6.17742
4.652635
5.919975
-1.761389
5.790833
-0.2182208
5.451531
6.949772
5.616797
-0.01275972
3.093106
-0.4886536
4.238652
4.210363
6.205104
7.627915
4.434781
-1.319532
0.9266976
5.149943
0.474484
4.745091
0.1368273
-0.2609304
2.108888
1.275697
-1.606943
2.478947
0.3436397
-1.115636
4.792125
4.507201
3.926643
6.06535
-3.040045
8.459498
4.441166
-0.4845941
4.095126
4.249834
-0.3366368
5.539616
5.136655
5.317442
4.454356
0.6413521
0.9135515
-0.6588273
-0.5178108
8.000503
5.67164
1.401805
1.216994
5.108292
4.930853
5.713459
10.8301
5.949324
4.171842
4.942556
0.4110598
0.5979175
0.7190906
0.7411829
2.217047
-0.7367287
2.939524
0.6245732
5.59906
7.252161
-0.3482835
9.92889
0.5944095
3.978629
-1.298388
-1.600254
5.788577
-0.6930519
5.320252
3.570483
5.597046
-0.9611106
3.084662
0.8789441
1.000973
4.006792
3.553101
-0.6392557
5.567935
0.5444192
-0.7213433
3.994857
0.4995768
6.786682
-1.674705
-0.1881261
-0.9122624
5.292691
6.498014
-0.9226618
0.6984513
3.321948
5.295469
3.993866
5.027605
6.487208
-2.110198
-0.8886356
6.663536
5.385493
-1.550806
5.810911
4.678373
1.130884
5.20915
4.407955
4.205758
0.6133956
5.145411
7.052817
1.026127
-0.6066919
-0.3979255
11.01459
4.370057
4.130533
6.048379
5.649473
2.994146
3.759672
-1.374357
0.6827688
5.103333
5.666755
6.125641
5.144054
0.1055115
6.431843
1.632978
-0.9096519
0.8027949
6.002627
0.1788788
-0.9463885
5.441779
-0.02202555
0.7226604
5.352068
2.996572
4.903741
-0.3146856
4.669359
4.882108
1.062734
-1.148927
2.191758
1.464048
1.324885
1.107259
-0.0512221
5.211554
1.610842
6.841736
4.552588
6.661574
4.009207
0.03008184
0.417629
5.22186
5.489005
4.550415
0.07707226
4.87193
1.01346
4.758116
4.464177
-0.5503492
1.527802
-1.377761
3.197275
-0.629316
4.147156
0.01522663
-0.3725167
5.529621
5.555567
5.038764
6.17645
-0.2204953
0.5907365
3.924766
-1.05161
0.6798066
5.473462
-0.9102765
-0.8071794
-0.07607401
3.745319
3.603311
0.810396
4.190067
5.617303
4.308098
-0.3720107
3.921666
5.999038
4.882714
0.2854272
6.381624
0.301455
1.632472
0.3423994
-0.1098388
3.882084
5.482257
3.475692
5.010562
-1.014255
4.656087
4.264371
5.93653
1.119083
0.171003
4.421666
5.366214
5.32014
1.980371
-1.292646
-0.514903
7.184526
7.171267
-0.5940321
0.3195052
0.4251698
4.872736
-1.057636
5.542202
0.8432674
0.7806566
5.448885
5.776613
0.2618931
4.915366
-0.7675042
3.722522
6.784152
-0.7147453
3.202746
4.30746
4.966779
5.119108
0.2174848
4.503109
4.333887
5.134558
5.629166
4.603278
5.50153
-1.274986
5.381657
0.560125
1.613617
5.938668
5.388406
5.618777
0.8588427
-0.855073
5.403148
3.733391
1.708355
0.1153924
1.784588
4.060024
4.01262
5.80204
-1.023282
6.408182
3.624168
2.745907
-0.8596161
5.01789
-1.165493
4.731844
1.908112
4.686014
-0.6835193
6.455846
6.245385
5.477109
5.703338
3.399462
-2.495049
3.682805
4.868127
-0.2134471
0.09119245
5.976449
0.4229675
0.1272248
-0.3210935
-0.2841463
4.353699
4.468609
4.891822
-0.2488038
4.77839
0.9557222
1.216861
-0.4039813
4.496942
6.454739
2.683539
0.1025028
5.656374
3.344179
4.960517
5.9952
5.231127
4.589842
0.1888874
5.393386
4.308045
4.950012
4.779388
4.085561
2.37199
0.5828141
4.213879
5.353545
7.069471
5.213119
4.054305
-1.060023
0.8585026
5.932848
0.8160462
0.98033
9.521825
5.222593
-1.210488
1.406729
7.319024
4.653922
5.112977
6.14452
5.602441
3.669436
3.768192
2.684979
6.105272
0.4433034
4.28492
0.9038971
-0.1097548
6.957486
5.417973
-0.5821302
6.290394
6.357988
4.16706
-0.2149244
4.929821
1.802035
2.085862
2.436131
-0.1844902
7.210533
4.603481
-0.1800422
4.023374
0.0957093
0.04190085
5.383947
-2.985445
6.674225
1.048702
1.523775
4.873025
5.083273
4.735087
2.208346
5.269916
5.567629
3.908415
5.315262
-0.7771587
4.649316
3.275047
4.081803
-1.997561
-1.034073
0.1724294
-2.320365
-0.0371862
8.955086
-0.2917939
6.229961
3.853243
4.438632
4.391288
4.012635
-1.199324
5.674448
-0.3871263
6.316551
2.357947
5.983693
-0.4246299
-1.012123
6.249157
3.498956
-0.9402489
1.167952
5.871715
-0.9986073
5.00663
5.74627
3.738139
1.577674
1.521579
5.144185
0.2034389
5.893553
1.782433
0.02252688
5.311163
4.068515
0.03926902
0.8027177
-0.7413881
6.824149
2.065477
5.08873
5.32345
0.2971884
1.175109
6.206095
-0.1534464
-0.4722468
4.444108
4.173957
6.705618
5.255854
3.689155
9.344548
3.42151
4.800839
-0.7303071
-0.2714902
5.372851
-0.0522791
-0.009052821
6.803642
5.972295
4.42093
5.330597
7.98146
4.320462
5.275745
-0.7333894
-2.264226
8.216209
4.457998
0.3693611
-0.2431949
5.315828
5.084987
3.559094
0.3888727
3.783992
4.572676
3.855799
4.724319
3.216372
6.538018
0.4285789
3.473694
5.4107
1.155043
0.5580193
4.659396
-0.7675785
4.43915
3.843533
5.387268
5.830303
3.778747
3.925232
3.695485
-1.275636
1.082015
4.935713
4.751504
5.690603
4.001698
4.719029
-0.05203881
0.03054026
-0.9540064
4.764037
0.1633702
-1.367598
0.2911181
0.05403181
5.253932
1.0049
-0.3694074
0.2709916
4.108733
4.92735
0.7424832
0.9685119
3.55252
-0.5798582
-0.9841352
5.550905
-0.1814333
-0.4431514
-0.0142428
4.106471
1.675931
-1.201113
5.577809
3.45959
6.227194
0.3856106
0.08522474
3.026305
5.377796
-0.8804123
1.257514
6.461984
5.798056
4.200629
5.425108
3.369098
3.023103
-0.3515128
3.650649
4.369302
4.291019
4.13089
-0.04413854
-3.151897
3.798446
0.4936416
3.044792
4.886733
3.951897
0.06639107
0.01718668
3.351368
6.939932
4.760676
5.048307
5.811062
4.634322
5.480889
5.702432
6.18911
-0.8148984
4.52071
4.060097
4.924164
3.431504
-0.3425563
-1.776741
6.127055
9.082134
5.38205
8.121497
2.207607
0.6220991
0.7584107
1.465334
0.9475436
5.559926
5.249112
0.2977289
-0.7602984
0.2086591
0.840375
-0.108917
5.437198
-1.345884
3.93542
6.937808
3.869885
1.462186
4.746943
4.531911
4.749519
3.412744
-1.098115
0.4251883
4.028074
3.691195
0.5285046
3.870726
4.958591
-1.55563
1.982013
-0.3407899
0.3212568
0.7710096
4.328669
0.2072728
6.908672
6.497268
3.657714
4.808368
-0.6637642
4.919091
-0.1471791
3.403149
5.15408
0.3333794
4.380576
4.563302
-0.180576
4.257123
3.106672
4.117943
6.279174
5.410391
7.200783
0.8450446
4.67024
2.51966
6.997542
4.431509
1.070167
1.419906
-1.827517
6.122125
5.955078
-1.220654
6.334143
7.341471
-0.7761278
0.8185403
6.570843
5.00045
-0.7717312
5.082567
-0.1488757
4.227056
1.570281
-0.2531983
-0.5556709
2.897466
0.3977763
4.466638
-0.601409
7.274384
4.657455
3.208306
-0.471381
-1.460947
1.316342
-0.02197321
4.500609
1.373373
5.407494
5.116233
6.060592
3.487651
-0.1214089
4.976462
-0.2172182
0.1018798
3.151944
0.005508854
4.892064
4.320673
5.797224
0.3174686
5.023095
7.132901
0.6852693
5.378931
0.963468
5.926467
0.7841623
6.120535
-1.389014
0.8416206
-2.104968
5.523845
4.227513
-0.006473237
5.208233
4.703667
3.436882
-0.9270052
5.051251
5.76036
3.695965
3.489798
-0.3970965
1.44466
6.315049
5.335574
5.877918
7.430648
4.529778
-0.04204327
4.260488
0.2570359
0.5501522
3.677232
-1.316658
-0.385707
4.091894
0.5582381
4.160786
0.7852717
4.312396
5.89957
8.713752
0.1753022
5.507406
6.112246
6.468921
-1.508066
0.8854852
-0.6286547
-0.05996061
4.932168
0.1833097
6.781213
4.144225
4.146176
-2.07874
6.128787
0.6811682
-0.3891642
0.850944
7.261048
5.071106
4.354749
4.714949
2.410217
0.1719272
3.460057
0.05039608
-1.886883
11.93579
4.979379
4.305709
4.140933
5.99253
-2.421689
0.1665417
4.60535
6.000219
1.0645
0.5450514
0.06088509
2.45038
-1.677125
6.425458
5.362408
4.496091
6.706373
3.80509
-1.55819
-0.6824015
3.841576
-1.40429
3.415485
5.673843
0.5040657
-0.02676167
-0.09800238
3.617017
5.405018
0.7303143
5.118361
4.235723
-1.21441
6.212679
0.6840163
5.021793
2.454273
1.621932
-1.575204
0.9183021
0.1292917
5.191196
0.7820248
-0.6404551
3.042986
5.72979
0.1300106
1.126988
-1.287599
4.885765
-1.043227
2.020427
4.565768
0.4555035
2.472335
4.364783
0.414712
1.957658
-0.6520996
5.358564
7.280448
-1.399395
4.919756
1.677943
6.288278
4.853752
5.690804
5.483253
0.2507086
5.072094
2.328036
6.100446
6.45266
4.461291
6.492432
4.769923
4.955771
0.622606
-1.862825
6.135011
1.713408
5.042905
0.7575886
5.405681
3.75494
0.8897585
-0.1204294
4.003606
-0.7707899
5.104856
4.271556
-1.831084
-0.7300743
4.899229
-1.137537
4.580277
4.331284
0.8447996
4.338133
6.860269
-0.1186584
0.05867927
-0.2611999
0.6873087
9.028682
-0.981823
4.686312
-1.051012
3.70568
6.804785
-0.6377783
0.03880478
-0.6802174
4.83826
0.8356818
-0.04403231
1.33092
-0.1129982
5.227405
0.4163116
3.754051
-1.627987
4.738253
3.788923
-0.6191771
0.5122774
4.606252
4.583599
-0.1265524
0.8889223
-0.03453361
6.103983
7.532505
4.871276
-0.4305343
-0.1818803
4.936968
3.263272
4.526018
6.597438
6.322485
4.434729
4.439208
5.902196
0.4057611
1.130825
-1.089703
0.857585
6.218673
5.743476
-0.8409386
1.328102
3.196385
5.497633
-0.1028506
5.44067
5.183589
6.753166
5.671084
5.73787
-0.5717491
4.972955
3.740594
-0.1038091
-0.3091378
4.264979
2.488439
1.472885
-0.6684185
-0.06226253
-0.06985951
4.85264
6.153431
0.2257212
4.760439
0.6255237
0.7398823
5.527309
-0.2117734
3.961296
0.5431063
6.808737
5.145534
5.755922
-0.4786929
3.843923
3.670999
4.846455
3.404519
3.369796
0.2205665
1.2374
4.448479
4.569166
5.514397
-0.3936495
6.810327
4.303224
-0.7993306
3.191621
6.12137
5.214312
9.947252
3.142938
5.395066
5.732657
2.303833
-1.306522
-1.240117
3.53228
6.003936
1.990224
6.331281
-1.614582
1.365592
4.196842
5.184163
3.826128
4.055449
5.106087
6.939287
5.313034
6.592342
5.695257
1.235738
-0.1755651
3.596041
3.993307
0.6535757
-2.940587
6.451532
1.145112
0.8350766
4.976193
5.2713
4.956868
-2.25706
6.406113
6.575984
3.650017
5.628917
-0.09909239
4.592188
-0.4524892
0.3339315
0.9111248
5.9705
6.368741
1.089194
4.884277
5.60494
4.548434
3.547228
-0.1829496
4.600654
-0.7634702
5.34176
0.8632209
6.780224
7.725935
6.335101
3.688837
6.415038
0.229961
6.821918
4.060472
-0.22833
1.03342
0.1947271
3.691592
8.573231
7.407429
12.51162
3.860882
4.962414
6.615205
-2.21123
4.901097
1.202523
4.702881
4.546002
0.7091707
4.859495
-1.175774
6.010709
2.827389
-0.9592841
0.3380619
4.490682
4.937388
1.477266
4.137837
-0.6708208
0.4526457
-0.1745158
0.8795164
3.818993
1.095311
-0.2669007
-2.102624
9.004807
5.782136
3.33372
6.292722
4.982416
4.624707
0.3096004
0.3463366
0.9929946
4.138338
0.7163408
5.192218
-1.758346
7.991423
0.4405398
1.019587
5.377426
6.047869
5.77728
4.830619
1.211895
4.862822
5.239978
3.840501
-0.9144603
0.1198303
4.418552
5.492057
0.9657179
-1.532128
5.165529
-0.3719788
7.934984
-1.3261
4.070216
6.169016
4.480827
-0.5920412
0.1356237
6.019721
3.898389
4.265699
4.020408
3.913591
1.443772
0.9579194
3.831306
-0.8290106
6.198752
-1.544266
4.988696
3.562574
-1.095927
5.808263
0.6951408
-1.468806
9.015867
-0.9041922
0.9676611
4.479562
0.1747712
0.03070765
6.005351
-0.07337411
5.745693
7.373141
0.5872141
-1.037258
-0.647791
4.979987
5.170939
4.266002
5.432446
0.263298
0.8494276
4.512856
0.2192949
-0.9477344
1.522743
-0.6372085
3.026403
-0.7635762
6.754377
4.980404
0.6219871
4.681855
3.829533
5.988975
-1.188543
1.395129
1.402601
0.74856
4.121695
4.60912
4.645889
1.083767
0.6804513
6.868204
4.467515
-1.623364
3.48694
5.489435
4.29843
6.690625
-0.3450894
4.669103
-1.361106
4.728595
-2.041857
0.4141804
6.307931
0.5008937
5.967002
4.885664
-0.5254838
5.718615
4.683299
4.635148
1.053894
6.954548
2.707213
-0.18957
5.07884
-2.908531
4.844498
0.2776839
5.322077
3.119219
-0.06184219
5.273912
5.385468
5.612498
-0.9504596
0.05336617
4.871074
-1.480116
5.609311
6.279072
5.31544
1.786033
7.382563
0.3148007
-0.4681011
1.968441
-0.404703
4.509075
0.819593
5.235461
4.690667
5.94324
2.20787
-1.234389
0.4154291
-0.839947
3.018183
5.126347
0.9371532
-1.48299
4.499013
-0.2966937
0.2261852
4.108431
-1.594045
6.713054
2.869502
4.47156
5.321743
-0.8987193
3.303839
3.577265
4.167858
3.309948
5.098182
5.739516
5.935079
0.2720696
-0.8519423
2.726897
-1.407636
0.4546407
4.444796
2.595174
-1.509627
5.21166
0.3793636
2.974528
0.9517173
0.02348688
5.50723
9.425846
0.1194266
11.5818
3.304675
4.674159
5.081276
-2.539126
0.735524
0.2500768
3.775638
0.3761096
1.613553
-0.05479482
2.667039
5.5172
-0.4004564
0.3008454
4.591468
2.345119
4.075143
-0.2624841
4.686405
4.896506
4.341685
4.639482
0.295218
-2.420748
5.48179
1.883526
-0.5311906
0.4092334
4.97715
0.5316034
-0.1905095
5.624657
4.158336
0.341787
5.3482
5.034801
3.911708
0.1019759
6.330785
0.5976746
-1.030711
5.544413
3.702172
0.319218
5.4954
-0.9994675
1.104211
0.5538359
-0.385018
0.05537049
7.608569
5.968269
4.372111
-1.527425
0.4187108
5.744545
0.0379818
0.480701
-1.182629
-1.557573
-0.2125543
-0.4443419
-1.999149
5.289736
4.884868
4.254569
6.87106
6.514726
5.25042
1.755981
4.773748
6.051219
6.353107
4.782156
3.60422
-2.085294
7.481533
5.3428
-1.019381
4.274792
0.7430301
1.166973
3.772373
5.039815
5.356194
3.932782
4.160032
-1.263793
-0.429113
0.3641525
3.834023
0.6808262
4.957525
0.2934926
4.219518
3.979654
1.545752
4.505995
7.287414
-0.6440798
5.776413
5.582752
5.242612
0.640681
0.5323229
-1.139243
-1.266063
-0.5693144
5.982051
1.266678
5.538473
4.433938
6.836546
3.80536
-1.677078
5.248652
2.225334
-1.663855
3.997178
0.9422274
5.189515
1.92838
-0.8123662
-2.40805
4.285007
5.288907
0.8076217
-1.216627
-0.6062595
1.111222
0.4203365
3.417732
5.925038
-0.8207193
3.799308
0.1325367
5.656466
1.263006
0.3121422
3.374534
-1.136121
4.672294
5.358169
5.780623
1.498796
1.693361
-0.1400742
0.5122944
5.540037
4.841555
4.752302
4.961414
1.532802
1.949224
5.769437
1.29252
-0.03857409
3.560919
4.417701
5.511596
6.817104
-0.9595963
1.030559
1.073275
4.393737
4.87073
3.170407
0.576793
4.786673
3.546189
3.77251
1.545751
6.127688
5.892699
-1.297111
2.647881
3.824177
8.273102
0.5285392
1.086219
-0.5383546
7.040002
1.706544
7.020349
3.876595
-0.5316849
-0.1521486
4.754701
3.586899
5.660267
4.864336
4.981849
3.463371
5.107496
5.256279
4.506328
0.887983
5.267579
4.321507
4.964194
5.008986
9.066544
1.580408
6.639922
5.281978
5.760581
-0.7074733
3.995562
-0.3221446
-0.4076712
0.3437256
5.656628
-0.3856612
5.304746
4.551766
2.841154
4.392612
-1.503948
1.382171
4.289551
6.098534
4.707808
5.646004
0.9331907
0.1279001
4.579954
3.891991
4.07889
4.637143
2.331642
13.85607
-0.8775753
5.560442
5.539187
5.569744
4.566477
0.08183273
0.2973435
4.5506
5.733535
-0.1198426
2.351898
0.3534969
8.462032
-0.5753895
0.7983367
0.8698488
4.544171
3.14083
5.776834
4.793537
3.430401
5.476674
0.1379969
5.428815
5.564031
1.131654
0.9049969
4.348216
5.814957
3.843484
0.784662
3.330341
3.569018
-1.029043
5.480005
-0.06437807
-1.267349
5.442284
6.809976
4.005697
4.6622
-0.6353519
0.2453907
1.527674
6.058129
0.5998997
-0.03163429
-1.095491
0.2439644
0.5591222
0.1841054
-1.057981
5.239377
5.835337
6.261362
3.675888
4.338931
1.660262
1.027651
4.099503
3.589261
6.354675
-1.324618
0.2828887
0.2531968
0.8870859
6.528817
4.166305
5.308596
-0.7732423
3.933617
-0.4521531
1.036409
7.375696
-1.494074
3.971741
5.528473
4.583465
5.793581
-0.1168407
-0.5911678
4.114615
4.378718
5.254099
3.196819
2.676247
5.975968
5.342876
5.774643
1.212484
6.266345
1.01445
5.369629
1.378452
5.508288
5.496696
5.098535
1.078685
6.052765
1.677696
4.133903
4.50086
0.6852973
-0.6166531
5.18371
4.412348
2.488556
0.4082761
6.381176
3.784464
6.40282
-0.6510238
1.661758
5.049861
-0.4443491
4.702523
-0.01245524
2.914994
3.50873
4.770072
-1.534745
-1.908207
4.561553
1.338326
4.005462
-1.344025
5.6263
9.159804
0.7245621
5.513063
-0.7905631
3.46034
6.582176
4.042042
5.150537
5.967625
6.013006
4.654888
4.175231
3.5284
8.518515
-0.4110521
5.562435
4.796207
-2.210144
-1.325088
5.171388
8.152879
5.372904
5.318969
0.6109863
-0.6948712
0.987202
1.203775
-0.5808302
-1.423871
5.793326
4.613111
2.22073
-0.3768442
5.020331
1.304682
5.498631
5.276304
0.4468246
4.139374
3.244066
4.175215
4.837101
-0.4067726
4.81951
1.18207
1.496988
-0.7664427
4.371811
0.6608462
4.616961
5.740749
0.518411
4.402098
-0.1860263
1.050095
4.621956
7.145431
0.5131127
-0.8397555
-2.28392
-0.539811
0.5713547
3.13203
5.005878
0.3054598
0.001664542
3.710687
0.7303024
5.050166
6.14837
3.139141
5.367539
-1.088557
6.979183
5.381236
5.193432
4.259392
0.04614803
-0.1679215
3.483799
5.642119
0.5553636
4.959898
5.302658
1.023157
10.23579
1.515839
8.503557
5.287399
4.049477
0.5325067
0.2990357
5.955348
-1.033206
-0.6117475
5.714525
-1.940314
5.746696
5.04141
-0.5299883
0.8909601
7.192471
4.601982
3.772197
-0.5428666
4.358881
0.6674165
5.569317
0.2951042
5.513328
-0.186651
5.672531
-0.881257
6.011052
5.082491
5.57667
5.122057
-1.660226
-0.9368287
5.296197
6.176117
0.1594726
5.501692
5.237134
6.950491
3.288323
0.4196101
5.583152
5.721291
2.37457
0.4486103
5.247565
3.975533
6.274777
4.823448
6.224326
-0.1621301
6.553898
5.996522
4.527522
-0.4841976
5.624173
7.58366
4.56404
5.67474
4.855675
-0.5416399
2.455063
4.695623
5.405908
-0.1640445
6.971527
5.334724
5.59366
1.020787
4.343889
-0.7419812
7.075115
4.87607
-0.175031
0.1132742
3.434555
3.920577
0.564746
5.49488
3.136935
0.5771804
4.728806
-0.1030602
4.998181
5.442897
1.053807
0.06446276
4.445543
-1.42488
1.684716
5.015792
6.197118
4.406516
5.707305
4.842218
-1.834675
5.651505
-1.20643
7.618116
5.897082
5.280447
5.874668
3.011625
6.356413
9.008866
1.203226
2.612134
0.8686512
0.06426668
0.4333686
0.1964109
0.03800235
-2.389487
-0.9648952
-1.906797
-0.4772936
3.588895
5.392551
0.8640739
5.912071
5.769355
1.038379
4.33629
8.774331
4.069905
-0.04907826
5.323943
0.8031061
5.525319
2.017216
9.605682
0.1597533
6.091386
5.694251
-1.436712
-0.05896181
1.363253
4.817004
6.539503
7.853484
4.80048
5.736159
-1.395406
5.34627
-0.6465465
4.651369
8.341218
0.884207
0.6159833
5.562107
4.744111
0.1566568
4.748809
4.0566
4.561587
2.254127
5.409983
0.5616466
-0.4308337
4.499493
6.224194
-1.500452
0.8814994
0.547128
0.4553525
1.127469
1.087529
5.159677
1.996239
5.388676
5.263077
6.090801
-0.4735916
6.516539
6.208112
0.9358892
-1.176791
0.1577791
7.526275
4.486857
3.682469
6.067756
5.704694
5.913771
0.2544175
0.186948
6.101918
4.779904
6.936791
4.810048
0.2644246
7.777141
3.881688
3.96545
5.599841
-1.415667
-0.07597647
6.69544
10.27886
0.2206495
-0.6953219
4.334363
6.55805
-2.228071
1.345542
5.129309
-0.8164959
-2.806689
3.85151
2.792146
5.106988
6.109312
6.186069
0.3429571
5.447456
1.459265
2.446574
5.000112
5.999064
4.570456
6.062408
-0.04458214
5.346622
4.535508
4.469214
4.187403
1.226526
4.665946
2.582545
3.148333
4.548412
-2.003596
0.4252473
0.6690582
5.965471
5.090091
6.56591
-0.7528671
3.56654
-0.8896947
0.3781921
-0.2010864
6.772817
6.319244
6.448279
4.295498
0.6197969
4.19892
3.899149
0.3930128
3.729432
0.90256
3.676009
-2.083555
0.3675931
4.223428
0.7697037
0.2230871
6.933928
4.960263
1.000207
-0.2678751
-1.863908
-1.645589
0.6334394
-1.424554
-0.7146351
-0.5393426
-2.505701
0.8686023
5.269854
4.323887
4.03393
10.84626
4.20622
4.414105
5.553857
3.072206
5.093231
0.02067369
-0.6927105
4.36719
0.07547744
4.464018
0.3460485
5.139667
2.901977
-0.4613748
0.3597598
6.217131
5.995149
3.588413
1.141037
-0.3669174
4.712869
4.512307
4.615611
3.750304
5.542649
1.915402
0.8657471
-0.0470017
3.72448
5.210416
4.766106
5.134998
6.358133
5.338779
5.156632
0.3355542
4.39121
4.531513
4.855621
0.6400938
6.689624
6.65415
4.931953
5.799068
-0.5243447
3.464301
-0.3968047
0.132748
5.288325
-1.888683
3.064261
4.358057
-1.350216
5.90877
-0.3128123
6.474397
5.207949
-0.2517998
4.222114
4.855856
-1.56812
4.219632
3.857157
0.6969139
-1.65136
4.151629
4.357261
8.157219
4.941354
-1.496496
5.28694
3.706255
4.752942
0.2808062
4.199337
0.1087771
0.1166248
4.291921
4.463716
4.590053
0.2191049
6.564057
8.237838
0.03747084
5.289653
4.422029
3.93027
5.142168
7.227072
5.55096
-0.1854662
-0.4899233
1.456929
-0.8533084
4.688057
5.381279
0.8092718
3.07998
-1.138815
1.686976
4.741138
0.398337
-1.804752
6.454168
-0.1626915
-0.04452087
-0.3278692
5.035749
4.58727
3.327771
1.427651
4.581607
-0.01887716
-1.960394
0.5275237
-1.053429
4.103963
6.349792
4.681183
7.937395
3.813814
4.090626
-0.9491534
5.091282
5.460703
4.874354
-0.482787
2.286723
5.420261
0.8199394
4.712881
3.460599
3.964996
1.062503
4.402872
1.222435
5.539247
8.002713
-0.5818127
5.14454
-0.4159955
0.383721
-0.8988601
-1.147082
5.895491
3.977758
-1.024086
0.1730998
6.579702
5.78151
-0.1253074
5.326127
4.416196
0.2021659
-0.6501068
4.497417
0.9203675
0.5723646
0.01182877
5.798149
4.300711
-0.3917979
4.753505
7.299914
4.700576
5.547782
5.112824
0.9837149
4.302206
5.306662
5.284718
5.442924
4.235128
5.801804
3.877154
-1.798276
0.8183154
0.253391
4.082955
1.377267
0.7285664
5.361435
3.984233
-1.713837
4.606404
1.065613
3.7144
5.882475
9.10483
5.569037
5.886881
-0.5798819
1.506455
6.800809
0.6595494
0.01846624
6.582393
7.040756
3.83776
5.406673
1.867965
5.197961
-1.458994
4.100274
2.901502
-0.370844
3.841359
-0.3655135
0.3488479
-1.021901
4.15411
8.355926
-0.1052549
4.310526
6.505183
5.286369
1.375868
3.810742
5.546038
4.464975
4.620442
1.211598
4.774349
4.740015
4.493449
5.856068
5.41093
-1.99877
5.045101
4.082858
3.269599
9.54381
-0.3011033
5.188627
1.456492
5.481131
4.7711
5.148148
0.6636987
3.721832
0.2295847
-2.490807
-0.7451012
2.211307
1.033607
3.677968
7.333302
-0.6684526
6.531061
-0.570292
3.690312
0.3061585
0.8869324
2.996974
4.874067
0.6305847
0.9077652
3.907847
-1.4267
7.301236
5.344635
4.476308
1.166721
3.001167
8.19754
-0.1343486
0.1515912
5.352328
4.774528
0.3631459
5.004624
-0.8038523
-0.6265144
1.564113
0.3985037
6.058335
-2.045758
0.6293941
5.554903
4.355504
0.03032098
0.5834383
5.660617
7.672718
0.3938525
-0.8390522
8.430199
-0.4336961
4.520647
0.7293221
5.786988
4.370724
5.469867
4.530918
0.7239992
0.4185072
-0.9563252
5.392
5.696403
0.6632874
-0.01348704
0.7491206
4.446277
3.728431
0.9557212
5.706169
4.667224
0.414006
13.53719
0.4139311
6.711236
0.3762239
3.458668
4.925091
1.084971
5.437575
4.70378
4.899323
4.083667
1.677873
-0.2165377
7.369179
3.551223
4.145249
5.128176
4.892968
5.477889
4.962376
6.837678
0.8545356
-0.02039604
2.768455
4.766039
5.152897
-0.1166706
-0.5856672
4.907744
4.495669
9.963354
4.686792
6.741564
5.822048
0.6765133
-0.2270367
4.440369
0.1379139
6.058282
1.302085
4.772731
3.800162
4.518088
-0.3514862
6.141965
0.1532609
6.258529
5.225753
4.040008
5.225492
1.121119
-0.5095938
4.411833
3.948374
6.518274
4.02337
5.06367
5.087761
3.912349
0.4920038
6.417808
4.998633
2.071423
5.371673
4.331037
6.961721
1.371411
-1.048685
1.944849
4.669085
5.750192
3.44703
7.21501
4.310703
0.08278826
6.358024
-0.9012786
-0.3066694
-1.204362
-1.237656
6.654572
4.725107
0.6613228
4.407475
0.006491985
1.038747
4.626865
-0.2150007
5.245162
-1.075265
6.050118
4.829076
-1.088638
6.17829
11.04897
5.740079
-3.124963
3.313706
1.123463
-0.1609548
5.156185
4.486369
-0.1525518
-0.02661675
5.057094
2.576739
1.276165
5.017682
4.138498
-0.4188766
6.226829
9.347609
0.2364359
7.581908
0.9574766
4.921204
3.321001
6.000295
6.258724
0.5511315
5.009466
3.943729
0.6623028
4.631219
0.03030844
3.848066
4.676751
-1.471417
5.3871
5.794026
-0.2827401
5.809626
5.268469
5.026003
5.498082
6.394352
-0.7347198
3.681746
4.473946
0.9128898
6.014105
3.761706
0.992962
0.1470709
-0.7652968
6.037067
4.02435
0.2747251
-0.6239912
-1.102429
0.3568903
0.634201
-0.9275881
4.495938
-0.6796142
5.567309
-0.3518207
0.7965587
2.640767
-0.4474116
5.261522
9.358773
6.600638
0.4291395
5.793242
-0.2049473
5.628768
4.843694
-1.77528
-2.207601
4.613064
5.947021
0.2649534
5.034641
5.44622
4.977951
1.48828
0.5087316
0.5298064
2.829878
4.674133
-2.182681
0.666119
5.798549
4.303655
4.603838
2.998809
-0.1830207
-2.282873
1.651691
5.578591
3.279064
3.532439
0.6445042
5.146604
1.927657
5.344203
6.617833
0.04080136
4.853078
5.096323
6.576208
0.1701327
0.5501358
5.631267
-0.955955
5.699962
4.729141
0.03635213
-1.442043
-0.7934139
10.27751
-0.8393865
1.939895
0.4322086
2.509989
2.955914
0.4053229
-1.827018
4.873373
3.790586
5.133687
5.994204
1.339419
6.321247
2.434589
4.677665
0.05462125
1.067695
4.73503
0.1701475
-0.4874223
-0.5728784
0.1587424
5.852475
3.928242
4.14691
-1.023182
5.045117
5.048818
5.036501
0.3987342
5.732834
1.05038
3.449656
0.7253419
4.475133
4.353132
5.891329
1.047889
5.466199
0.5849549
3.855974
4.032411
8.212482
0.6673635
0.6001904
5.215607
4.910918
5.089852
3.895858
3.089912
5.341948
-0.29354
5.229241
4.61802
-0.4486351
6.980935
6.523016
4.993752
-0.08297022
5.772273
-1.709213
-1.357379
1.102629
-0.8708172
0.08601011
3.282629
4.094924
10.26581
0.2653044
6.788075
7.220077
4.427347
5.717004
0.7539634
-0.4973893
6.659589
6.158583
-0.256008
-1.892129
0.06131592
-0.3676709
-0.03399303
6.099792
-0.9823961
4.714664
9.862382
6.549212
-0.8995149
-1.984776
4.377677
3.792459
6.560609
7.557147
-1.287076
5.012032
4.825813
1.12642
5.916418
-0.1503219
5.518259
3.820072
0.3989087
4.126779
4.409589
4.067243
-0.1791226
4.175064
4.566877
5.69264
-0.2135087
6.131884
0.5242807
0.4602793
3.930918
5.17567
3.566371
6.026229
4.004236
0.07474183
-0.1966545
4.00296
0.1761925
0.3499045
4.766129
4.875296
7.39436
4.40227
0.7321459
4.279301
-0.04460581
-0.1714419
2.301282
2.525399
0.7662877
5.323477
3.895779
4.801467
0.5989379
7.197834
-0.5423608
-1.347523
-0.4197022
0.4250479
-0.3181975
5.455523
4.71118
-1.405838
-0.3798258
5.247561
5.309553
-0.7185221
5.680348
4.529488
1.068893
3.995776
11.75923
5.213074
4.295314
5.863134
5.323967
-0.7340895
6.383366
-0.06676971
5.507698
8.004204
-1.387116
-0.2491192
1.09964
4.62067
6.82323
4.226888
0.3811874
9.759675
6.360889
4.642976
-1.352722
0.7559686
7.466691
3.449739
0.3597122
-0.8263751
6.441119
-0.008040914
0.6939547
1.356354
0.2184388
1.640371
5.585004
-0.5695873
4.257666
-1.295149
-1.459332
-0.5533493
4.344662
5.246569
5.651636
6.951846
6.160279
1.335663
5.044422
-1.180913
0.8559122
4.698201
4.553927
4.267431
0.2512023
3.730163
4.995422
-0.2077516
-0.741215
4.783836
7.786846
0.07854462
-0.7542676
4.438334
1.01537
-0.1184886
5.334654
5.791203
5.393004
5.061032
1.270547
5.837644
4.300791
5.706693
-0.597224
3.85265
5.894027
0.3931353
0.4943849
-1.046333
4.994504
1.675813
4.393885
3.558638
5.15802
4.153959
1.535017
4.780473
0.05798868
5.762123
5.409876
-0.5656549
-1.174237
3.582852
-0.141098
5.664177
5.383844
0.5617414
5.655689
-0.1409495
0.9774601
-0.9713757
4.957642
4.50652
0.1724521
4.873906
4.574818
5.490805
-1.105928
4.107672
1.560738
-0.07868211
-0.5980816
9.490028
6.978053
1.598948
-0.8840953
5.027046
3.062172
5.120098
3.571102
5.094271
0.02918367
1.343249
5.350207
4.750319
0.8981948
-0.6211533
6.3775
4.811777
6.68517
-0.7680086
0.722534
5.188075
4.423754
2.624443
-1.118756
4.05814
-0.0781127
2.647739
2.943585
4.007891
5.707937
0.1447136
-0.889841
0.6650504
1.886731
1.986933
4.215947
-0.273889
6.147295
2.588158
2.874482
6.134
5.097839
3.915726
0.3350024
5.931373
5.166745
3.919747
6.964422
3.675814
4.593516
5.81015
5.519876
7.673873
4.310677
0.2468698
-0.4992875
6.123856
0.4048988
5.102964
5.034151
-0.8542646
4.030109
6.422562
5.894725
0.6269551
5.884151
-1.281961
-0.5626895
0.830694
4.647109
-1.643983
-0.1048746
3.447029
-0.7059876
6.120872
5.786065
-0.5610443
3.541638
0.3178392
-1.087026
1.615085
5.563605
-0.4407215
2.640283
-0.3646863
8.966923
1.133316
2.323325
4.264783
0.4916292
-0.4209791
-0.7860061
0.6650521
-0.4243391
4.357434
-0.1260855
5.622759
4.077495
0.3303107
5.205769
4.628561
-0.2955659
4.566171
5.669198
6.763101
4.616434
-0.1737679
0.1405558
4.459201
-1.151919
5.360591
5.16732
6.051767
-1.20145
6.073923
2.178174
5.658795
5.882042
3.840183
4.604087
4.70341
4.849512
4.397772
2.7131
0.6328589
-0.2461629
6.853571
-0.09242863
4.796935
5.636035
1.743705
1.685702
-0.7428377
4.832905
5.948099
-2.185662
0.6097129
4.307965
6.050436
-1.0781
4.552444
-1.14614
5.975916
1.418769
4.044537
-0.496245
-1.548932
4.494535
1.268816
5.319657
-0.8668679
3.912011
0.364693
4.942604
3.867138
4.779364
-0.8395201
6.620039
5.17046
0.9893175
5.294136
4.574232
5.100502
2.909072
-2.22382
4.800166
4.449848
-0.6406426
5.784696
6.277382
4.854406
-0.3370204
0.6954951
7.102719
-0.05252726
6.118696
-0.08319787
9.582143
5.822027
-1.939853
4.576495
3.787975
-1.051424
0.9061698
3.035809
0.4302478
3.195295
-1.224242
-0.04659284
5.366136
-0.8302388
5.094966
-1.149371
5.407356
6.158521
4.991404
-2.107471
-0.8572423
1.26596
0.8026243
1.040059
-0.5328852
4.25367
-2.115376
5.082346
4.295409
-0.8123285
5.666469
6.800421
-0.2944978
5.450544
0.3943384
5.832467
0.6147192
5.648123
0.2736873
-0.4195871
0.7531549
-0.3465473
1.30849
4.868348
-0.6855378
1.276873
4.058864
4.703393
0.8434894
0.3480548
-2.014806
5.446008
5.191061
6.092903
5.58495
6.575618
5.195368
5.244578
2.428404
-1.159432
0.03246058
4.616321
6.419731
4.441785
0.04004404
-1.755661
0.3692161
4.146116
5.376828
5.797998
0.9806907
0.7122301
-1.750592
2.596277
4.710084
1.377284
7.059201
0.5120066
5.312906
-1.305347
2.031634
-0.3627919
0.1237142
-1.390775
6.883213
4.396253
0.8285219
-0.2976567
3.604193
4.835529
4.001294
0.9429455
5.626173
1.300782
3.675346
4.759905
4.806919
4.614004
5.422079
5.165921
4.920357
4.993537
0.7604017
1.580254
0.1637063
4.118267
0.7049164
1.404336
4.680902
5.527483
0.190788
4.635741
4.384534
5.518122
6.18051
6.786529
2.598189
3.883013
4.794326
6.246077
6.76784
-2.062587
-1.190812
5.529315
6.380072
5.487526
8.630951
1.090424
0.1882565
-0.1554163
-1.356826
0.7655506
-0.2816228
0.5429692
-1.097945
5.770403
5.330508
2.2928
0.06795255
-1.179873
4.76197
6.288889
13.19068
0.2476013
5.232196
4.992315
-0.2475976
2.741218
-1.113755
0.658326
1.652753
-0.1820716
-0.2160885
0.09901262
8.737469
4.07273
5.305322
-1.713314
5.940176
5.318702
4.945843
4.293726
6.453955
5.555567
-0.9016844
-0.4867095
-0.8768178
4.768034
3.665515
-1.043156
1.909918
3.658714
6.957726
4.807246
5.133426
6.653814
9.853025
4.000124
2.37787
5.920608
1.498502
4.213766
-1.247963
5.215588
4.555709
-0.01584294
-0.3006756
3.72244
4.809278
4.570495
5.262786
5.27768
-1.268564
0.4072487
6.760923
-0.01685857
6.696021
1.715728
5.131597
-1.817695
4.956762
4.666728
4.955402
3.336933
2.362417
0.5136984
4.615943
2.941116
8.892485
3.058668
3.355199
1.360849
0.7593254
4.522266
2.677438
1.456437
-0.7453918
6.734898
4.599812
5.333243
7.121499
0.5692883
-0.004218397
2.128279
10.4278
-0.1246623
6.566601
0.3545578
-0.526526
-3.172322
-0.5195942
4.079601
4.089633
