4.284398
-0.4715519
1.003168
1.291491
5.809131
-0.3500365
5.421273
4.512103
5.270582
5.070309
4.760056
5.523263
6.359202
-0.1287195
5.611886
3.541096
3.129247
9.910068
-0.4322148
6.594087
5.617613
4.234116
4.355855
5.529219
6.096185
5.582763
9.724006
10.44423
4.161622
-0.3202747
1.166342
4.768371
4.508574
4.863743
5.797647
3.833859
3.730524
3.631955
0.6340967
7.994504
1.079774
-0.4963364
4.688919
1.205584
5.053586
4.024587
5.978994
5.830678
4.534066
-0.9347831
-0.5429182
4.715072
3.804568
5.019589
4.164042
5.350203
1.320272
-0.2642614
3.930226
5.425765
5.131169
-0.5279344
6.96973
5.002313
2.085819
4.915709
-1.308116
-0.876075
5.15151
4.670325
-1.764398
5.123749
-1.137741
1.090639
0.03720706
4.746624
-0.5866393
6.829533
-0.2019091
-0.6545279
4.37937
4.647782
-1.814148
4.810811
-0.9941275
5.16046
5.465727
4.637241
8.71975
3.771949
-0.3520268
6.393841
5.933848
0.1917728
5.448092
4.697629
4.477142
5.982437
-0.2147858
6.350704
9.59098
-0.1075926
2.960013
-2.090447
-0.6414201
5.225731
0.5005422
1.45842
0.2331443
3.931568
1.659001
5.227169
4.071453
6.891656
4.830733
4.560177
3.432939
7.244547
4.971861
4.118615
6.939189
5.310112
0.7825154
4.775061
5.133235
5.520187
0.1528044
3.677618
5.577959
0.1752672
-0.9123468
0.8416798
2.862215
4.588947
3.106447
6.315889
-1.015376
4.925487
4.339169
4.152413
0.5142875
4.431554
3.55997
5.480443
5.714452
-2.072199
5.290907
-0.9172036
6.774721
-0.3553866
6.016935
3.889964
-2.047871
0.931678
0.3183177
-0.3901166
0.1891678
-0.6703142
4.256744
-1.278581
6.111596
4.06256
8.288285
-0.3700128
-0.6404061
3.695131
-0.6422395
2.620376
7.001106
2.696688
0.3682275
4.970433
-0.328093
4.709479
2.493888
0.2299983
5.136081
4.901784
4.219376
5.988461
4.148767
5.552524
6.373717
6.493265
6.249988
-1.70853
5.602467
5.203853
0.8535899
5.424114
-1.271334
-2.490455
0.3593875
-0.2634539
5.527072
4.265885
1.369019
1.075517
4.278748
-0.7356977
0.2142355
3.102113
8.38723
0.3454139
3.541894
5.356994
1.522935
5.740634
4.296908
6.120018
0.3441773
-0.3586411
0.4151846
0.8300622
3.595001
2.306127
3.104954
-0.3371394
5.585214
-1.071983
4.606944
4.157257
-0.2604101
4.245353
-0.4406258
3.055192
6.193856
4.171698
3.506793
0.8666
5.298609
5.584583
4.866388
-0.317215
7.002948
5.236561
2.012999
5.142361
5.986411
-0.05000415
0.9224642
3.930968
-1.024958
3.934168
3.494991
15.47487
2.088695
2.686594
5.411845
4.299817
