-0.4565933
1.787976
7.036237
6.365394
-1.470492
4.307613
5.959143
-1.851072
5.882402
1.652381
0.6567689
4.408465
5.675446
4.454678
5.077771
12.02618
3.831988
-0.9512989
7.467166
0.2816897
-1.171042
4.790404
0.9757228
-0.0368964
3.209323
-1.099963
0.471599
1.086967
3.368579
4.775985
1.587304
6.010093
4.348449
-0.6393792
5.532537
4.242642
-0.06683619
4.67971
5.276811
-0.3085171
0.4380512
1.43906
7.199128
7.661302
0.6841681
5.670338
5.551513
4.155697
0.04310407
4.146056
0.586837
-0.1395136
0.6347382
3.477279
0.8160385
4.465369
4.898585
-0.9119352
5.292243
4.37282
4.199765
6.427763
2.668225
5.036651
0.6019163
-0.4500698
0.02818751
2.082233
4.595683
0.8248903
6.558538
0.07835929
1.440506
4.638717
3.051041
1.992361
-0.09415343
4.241701
5.858439
4.011922
7.177554
-0.2910269
1.240109
5.369458
6.260302
-0.2821006
1.570199
4.652496
5.147729
4.469751
0.9595017
-0.5601415
-0.01530574
1.690928
4.615236
3.183718
5.965604
0.6466563
3.728381
5.662135
0.603232
-1.563024
6.344369
0.01091429
4.975058
3.52268
1.116073
1.512119
-0.9209743
3.706446
-0.2594438
4.333085
4.002102
0.002007263
0.02789085
4.621696
4.141676
0.6253267
-0.4927006
5.160895
-0.03823838
7.104902
5.230323
1.490106
0.07799735
-0.8169132
4.971467
2.228784
0.9899307
-0.1552017
6.351264
5.798972
5.59791
-1.832983
-0.81238
4.738061
4.452632
-0.316231
0.4841869
0.9992213
5.204225
0.03842298
0.3697513
-1.505595
5.458509
-0.5418796
1.606602
6.889334
2.213618
4.075473
5.726641
-0.9475145
5.982194
-0.6870766
0.09726495
4.199894
-0.9646301
1.465737
4.690352
5.22633
4.394841
-0.3852557
8.353459
-1.358706
5.205794
4.218775
5.117066
5.013185
-0.2466216
-0.8590496
0.1626862
0.3823797
0.7136518
0.4203289
4.230635
4.041588
0.3980443
-0.1929935
0.5994396
5.46841
5.271985
1.756044
3.976317
-0.9381524
3.229477
5.355561
5.061535
13.64814
-0.2623371
5.392944
6.467976
3.705943
1.537597
-0.4842669
7.995159
5.422626
4.732185
6.77987
3.628945
6.154356
6.439261
5.171856
-0.5077781
-1.209071
4.27589
4.868455
1.766055
2.924548
2.403897
0.8659095
-0.3023799
0.3998869
1.528882
5.623231
0.7704303
6.462771
3.284736
5.274198
2.993745
5.024897
5.331354
5.227826
3.941285
7.423693
4.923867
5.416112
3.976644
4.717843
0.6463643
0.658197
3.938048
-1.579525
-1.530713
-0.5503764
3.588079
6.508833
2.970789
3.557943
1.082843
4.214366
4.670025
-0.148667
0.6526416
0.9538885
0.5824856
4.219103
2.015368
4.714771
-0.4430752
4.526381
5.952336
0.6017305
4.041078
2.387087
5.556583
0.004499148
0.141826
-0.3374769
0.3654125
4.788797
4.822972
5.24549
-0.8620578
7.292573
6.674819
6.909456
-1.6749
4.51075
13.68066
4.039788
0.08101923
1.349976
4.15007
5.837759
2.980544
5.334305
3.826202
6.434388
0.5755136
4.416394
-2.106156
-1.359947
4.587349
1.472926
10.53496
4.461457
0.8076535
2.799713
2.336888
6.617488
-0.43747
4.766941
5.279283
-0.3256003
0.6080638
4.108772
5.01639
5.611971
2.430216
4.690868
0.4690763
5.339773
1.121377
6.432197
1.125789
6.258508
0.3500639
4.163991
6.188203
6.130628
0.3361578
4.71078
6.42465
1.829872
3.288301
5.569775
5.74281
4.151149
4.775033
3.132398
0.2793743
3.272037
1.264545
0.5343486
-0.3073088
-0.340827
1.269152
0.7984825
4.391426
4.694691
-0.6467931
0.499806
3.993045
5.430551
-2.106361
-0.9523669
0.5059714
8.317492
-1.606236
6.015794
4.607209
3.850633
0.8782625
4.754038
4.173905
5.398999
7.429815
5.285653
-1.68607
-0.04099082
4.431421
5.720509
3.040187
-0.2088826
5.900897
0.5354799
3.610632
0.5519849
6.410133
-1.410279
5.056179
3.708017
5.283497
-0.4534723
1.088481
2.980731
9.155808
0.7247177
5.290788
5.583141
5.672031
5.012706
1.600417
5.048326
5.230292
4.876086
1.693407
-2.257698
-0.5825632
5.920086
4.22051
6.89967
7.477194
-0.2150247
6.195652
6.018212
4.845876
5.707126
5.481053
5.740582
-0.5691087
4.941379
3.911571
3.688542
-0.3733778
5.185053
-0.2077845
3.782381
5.680478
5.916271
5.534164
0.2453069
4.886019
6.463717
2.333571
-0.9420318
4.289112
-0.7299018
4.974355
4.619426
-0.6593653
4.822688
5.585336
4.968846
6.007489
7.422455
2.69826
4.752519
-2.001851
5.182337
-1.27669
4.961646
-0.2047139
4.180335
5.255115
5.828431
4.943116
5.955121
4.956464
6.187747
3.338076
0.2817269
-1.575008
3.037108
5.822135
-1.053536
0.4792337
0.5248954
0.574915
3.00431
0.5878631
2.437249
2.755299
-0.4962449
-1.487957
3.28917
1.179218
4.024703
-0.8787718
4.061041
0.01547543
4.406994
0.5921245
4.07197
-1.27226
-0.0145721
4.58604
6.548735
-2.353079
4.936984
0.5688157
5.992545
6.214866
0.9576243
-0.6332013
1.115979
5.104058
0.4001462
4.084344
-0.7906301
-0.5798057
5.753527
5.769085
0.2230594
4.615932
4.730341
6.852346
0.4769504
-1.026201
0.9905073
1.193674
6.409876
-0.004884254
3.351248
-0.3108149
3.800059
5.312092
0.4469339
5.530361
5.264088
6.99671
0.1112836
5.670549
-1.405486
6.584589
0.5212853
4.375955
0.6966669
-0.2564992
0.881763
4.851752
4.975287
-0.65478
0.9748989
0.9761642
3.30061
-0.6754064
2.562237
-0.5793391
3.246516
1.713543
0.1265704
0.07200901
0.6211396
1.357783
4.868317
5.917093
0.8949813
0.783658
6.693284
-0.2960909
0.6609114
5.982102
4.623383
-0.6829125
4.924338
-0.394007
0.4074142
1.520308
-0.1952101
0.2143585
5.637179
8.251615
4.79181
5.252194
-1.086181
0.9633451
4.854115
6.772422
4.046584
4.301479
6.30646
3.270374
5.016464
-0.4921988
10.58014
-0.7643782
5.760902
5.063889
-0.7321709
1.912849
4.676898
2.792652
6.46038
-1.092145
4.481236
5.185978
4.813449
9.409457
5.271548
6.75246
2.868946
5.384223
5.26049
1.353499
4.541214
5.365438
7.611004
9.153392
4.571271
4.380208
3.577034
-0.07366407
4.269441
4.408206
-0.04006195
5.289286
-0.3052144
5.811558
4.593152
9.238675
0.8549727
0.7884385
6.001433
-0.1902162
5.574017
4.407196
-1.192495
5.269922
5.468746
0.6299753
5.392331
-0.2180417
6.479688
-0.3469247
3.651994
4.401624
0.8632526
5.800607
4.677889
5.017519
4.911403
2.54756
4.531516
4.807617
4.179173
-0.6549258
0.2950252
4.972689
4.017655
0.354388
-0.2280321
2.802563
0.9020269
6.246102
4.586624
1.365721
2.868635
3.140214
3.344797
-0.5903244
6.068228
4.569553
0.6209357
5.969507
6.025256
4.001195
1.137322
-0.02082486
-0.7080903
0.5292228
4.12971
4.769101
5.274029
0.262846
4.103775
2.568292
6.256157
5.698253
5.800996
1.923887
3.697598
4.661848
3.914946
4.398837
-0.881177
4.462665
6.144911
-0.03137865
1.986087
1.060466
4.141764
4.420936
3.873527
-0.2577126
-0.6279147
2.912888
-0.07130337
6.557166
4.11117
1.345584
4.883509
-1.973381
-0.3074486
2.925549
4.386525
4.283973
4.401243
5.807904
4.277841
0.5511384
5.977533
3.856037
3.20035
2.83823
4.882979
4.836231
5.499821
8.074242
4.984752
4.992994
5.497807
4.891847
0.2184881
5.945626
5.435663
6.270747
5.624269
5.247309
4.532594
0.6992611
6.279862
3.100816
0.7663035
-1.465632
8.74094
5.459012
3.822345
-0.2425092
0.7462476
5.507933
0.5131097
5.509145
-0.4208133
1.099907
5.771807
5.619478
5.903961
6.926664
2.537588
-0.1406385
0.2828442
3.748774
12.37078
4.524525
8.344143
2.282848
-0.8806174
4.861056
4.405988
4.857805
-0.8644874
8.276902
5.082276
-1.229511
6.80339
-0.06195303
4.432081
6.113423
3.944797
3.147356
0.6987551
-0.2199682
9.930561
3.690429
5.239469
0.9449501
4.427982
0.8774989
4.055429
4.583099
0.2488128
0.3416384
-0.1366796
-0.03722762
4.299119
5.711727
1.437914
1.391885
-0.5804465
5.402479
-0.3388044
4.253589
6.279381
-0.7882007
-1.027221
0.3714977
2.930978
1.342584
4.576094
6.523868
6.470802
3.957692
6.402022
9.379946
0.450478
0.4326804
5.475295
4.371656
0.2560494
0.8683578
4.646856
5.492363
2.659657
2.05554
4.622704
0.4405394
5.179492
4.386466
6.356282
0.5902351
1.587423
0.7656494
2.985563
10.46299
4.144231
1.544592
6.945261
1.53633
-1.211377
4.263932
-0.9345707
4.92182
-0.0365684
0.1204264
7.079805
6.982035
-0.2801267
6.35514
6.643963
4.363195
5.130009
4.261922
-0.9003494
4.618231
3.445494
7.727452
6.341786
-1.155599
-0.2541894
4.412943
4.693602
0.2308994
-0.3052555
1.15933
-1.047411
-0.001012936
4.506378
0.0237517
3.885319
7.764562
3.606485
6.299828
4.82995
-1.025026
-1.125331
4.851749
0.1644621
5.925551
4.84979
0.232863
4.592811
5.148261
0.617909
0.5162951
6.153985
1.298425
4.046353
-1.985448
4.258101
6.797907
2.915462
6.553543
5.076772
4.532975
0.4409921
-0.803586
5.193018
1.525535
0.732794
6.071574
3.187023
-1.801191
0.3837491
0.2890966
1.20055
4.924816
-0.6358551
2.028239
4.046169
6.010336
3.657124
-0.1843877
5.503807
-0.8307622
-0.4175975
1.973782
-1.078748
2.852942
1.018945
-0.04174152
4.310817
-0.8745846
4.37722
4.558085
1.809429
5.419623
3.891551
5.426039
5.329449
4.99392
7.213359
4.589507
-0.6710347
6.568321
-1.175991
4.813641
0.5924615
5.727836
4.938681
4.217031
1.486579
4.553469
0.5438812
1.036779
4.637338
-0.5488514
3.709961
5.629561
4.69127
2.984334
5.491469
-0.7503417
2.28243
2.436582
1.105976
5.537517
0.5294556
5.738439
3.364623
0.4517866
3.932187
-0.3291373
5.042671
5.65523
3.799846
6.127883
0.1896313
-0.70906
1.026917
2.263108
5.418205
1.310747
0.06093942
4.834998
0.5739901
2.229335
1.031068
1.250183
6.050059
-0.2651535
0.4678787
3.980018
4.830848
1.972287
3.013436
5.905313
0.1463231
4.426982
11.51937
-0.135703
4.467323
4.11966
3.839107
5.245779
8.399875
5.666769
6.579087
1.190898
4.33388
0.6625546
4.975191
8.186212
-0.9975689
5.813389
3.687557
6.423236
-1.222117
-1.310743
6.797727
0.5653432
4.348139
3.008204
4.905261
4.542272
-1.202173
5.242259
5.814919
-0.6450532
4.590739
5.496548
-0.2476082
5.245349
0.4117716
3.801046
4.073731
5.149042
5.711947
3.68606
5.617697
5.95643
-0.2406587
5.838652
0.1543013
6.151723
5.815873
4.287517
4.999436
4.688117
1.399873
-0.3313486
6.032535
7.308352
4.828974
5.752238
-1.938164
5.257168
6.355618
5.87632
4.634421
0.2020376
4.896092
3.758254
0.1332782
0.06966075
5.222657
7.355014
3.851761
5.213793
3.890437
5.089447
-0.2420789
5.418029
6.512098
5.054443
0.3924929
1.433262
5.725747
4.949899
2.62264
-0.3090577
0.5867323
5.805687
4.358142
6.490521
4.910418
4.807699
4.830459
9.117263
-0.6965955
1.278908
5.368639
-0.02767413
5.155037
1.333418
-0.9363397
0.5006765
7.476514
0.4952027
4.099184
4.416642
4.203279
0.1815019
6.471673
1.397561
5.994558
0.5540752
3.970366
0.9483469
0.8363383
6.779615
-0.07403893
0.9033729
5.485517
5.744388
4.355482
5.752938
0.8178923
5.561865
-0.4729426
1.081632
-0.3240173
-0.5043176
5.846439
5.099818
5.095984
1.267357
-1.505885
3.836269
5.532111
6.871232
3.922844
0.2569758
5.715368
5.906626
4.539275
-0.2596235
1.460634
0.7118761
4.184266
0.1388461
1.315921
0.2632638
0.7675051
-0.5632369
5.61449
5.310046
5.306283
-1.182209
5.882855
-3.220095
4.071077
0.9207794
6.075733
-0.3006952
1.843944
4.343568
-1.320836
4.64945
3.188364
4.472262
1.417559
1.620062
-0.6487728
5.634117
0.1338505
2.719049
3.82444
7.07847
4.840711
4.703073
0.1790501
6.368816
1.083516
5.546108
-0.8055286
-0.280926
5.584276
-1.906556
5.620614
0.6359635
-0.1957545
5.383749
3.729777
1.32099
1.115437
0.8804477
-0.8438545
1.552601
5.826166
5.888983
1.433013
1.773186
4.513524
6.327203
5.830373
4.936248
3.761536
7.563177
-0.03218559
5.226807
6.323124
4.32216
4.92171
4.192464
0.178466
0.1832384
-0.8240888
-0.0997694
5.095427
-0.4400397
5.197129
4.182182
-0.6228959
5.146818
0.3833193
5.350658
2.169877
-1.125382
6.935948
4.427093
4.09594
-1.154354
6.036065
6.024383
4.200989
5.282152
4.178228
-0.3033757
2.233495
-0.8120564
0.3693853
5.814122
-1.781497
-0.5863981
3.471567
3.589928
-1.115841
0.01222908
5.50975
4.905268
5.240807
0.02030356
2.535625
2.053458
-1.475389
-1.119361
2.053768
-2.096239
7.568078
0.3292606
5.297944
5.723291
6.449232
3.766525
5.085204
4.390817
-0.8293301
0.2821363
0.2161502
4.384911
5.369668
5.180673
4.788433
-0.1397987
-0.2662676
3.805758
0.2221788
3.87382
2.054593
-0.1937036
5.540073
5.623127
3.978399
1.059578
4.748045
-0.705981
-1.121227
0.6063896
3.09486
4.719211
5.689744
3.578891
5.254236
5.316749
0.9660257
4.792413
-0.4220626
-0.08137375
5.46023
5.706447
9.392193
0.5913881
-1.675811
4.342084
5.130188
-0.3116512
5.443236
-0.8972798
5.083445
1.059354
5.617737
-1.809931
0.7011574
5.319196
-0.9858805
6.496087
4.436087
-0.7859481
4.815743
4.390382
4.765259
2.335632
6.895935
1.110797
4.411973
9.150565
-0.2017729
5.848779
6.170691
-2.661012
-1.694185
5.937632
4.896045
4.566419
-1.248017
3.805704
5.446843
5.270625
6.703166
4.630889
-0.3888374
1.544193
4.719763
6.989409
1.109409
6.088823
4.8372
4.835393
5.280239
-1.177187
0.04312081
-0.7290601
1.345711
4.527227
-0.9473208
0.3394336
3.791163
0.09163939
-1.595284
0.2326322
6.09035
1.051826
4.867491
5.620582
1.02005
4.220268
0.1315545
3.98915
4.490793
-0.1213514
5.288454
4.643778
0.3896736
-0.8400853
5.492249
0.6721557
5.863693
5.911435
5.094777
-0.192877
-2.323719
-1.30552
-1.721392
5.081448
5.578223
5.811557
4.922554
-0.5681034
-0.5855818
-0.6657302
0.9177195
0.6303313
4.899157
3.781785
-0.6265589
5.748365
4.948826
0.8981735
4.533074
5.394668
-2.284705
0.01308391
-0.7187555
4.571949
-1.560839
5.85323
4.020799
-1.086746
-1.123735
-1.18695
-0.6234865
-0.2437968
2.174918
0.5187271
5.035813
5.779304
-0.5340996
1.258679
5.091765
5.670247
4.063625
-0.9308265
4.699091
5.354376
4.249571
4.401762
0.5870817
0.5860302
4.682187
1.723289
5.040777
5.476437
-1.365268
-0.7552712
5.482462
-0.1847507
6.503907
5.070332
6.095146
0.4214199
5.619181
5.613045
5.063796
3.878168
5.923459
10.66549
6.197871
-0.8335246
10.92994
-2.143911
3.736671
4.322839
4.604127
10.3374
5.375828
2.096045
-0.8577168
-1.653601
6.260341
5.970595
8.761769
1.489082
4.919821
-0.105201
6.456994
-2.36108
5.377115
4.768416
0.0389417
5.478877
4.201894
0.4683191
-1.571693
3.810319
0.9610261
-0.459309
5.008916
-1.586077
3.34163
5.281076
-0.003988756
-0.7085286
-0.3008705
6.444757
5.010561
4.340358
-0.532891
3.896181
6.751043
6.34245
4.696429
-0.09414792
7.021204
3.569252
7.709287
5.44761
7.071996
0.8287501
8.91302
5.128597
4.347395
0.9534414
6.005728
6.366171
0.08652386
1.689252
5.052929
4.512627
4.109722
5.288963
6.858943
4.801853
4.746438
5.660737
1.21407
1.549593
-0.1510845
-0.702387
4.940219
0.4721286
-0.549323
1.320307
0.262302
0.3230213
7.000434
2.132443
-0.3591294
4.986035
6.091589
5.034669
2.083802
3.598025
1.371276
4.771853
-0.9280997
4.447091
3.623575
-2.30187
4.343397
-1.208795
5.646902
0.002202312
7.288976
4.55667
0.08309068
4.779099
0.1465431
1.572498
4.715257
2.103776
-1.678557
4.068916
4.834277
3.25142
1.529882
-0.5168667
4.743647
5.805701
4.106222
4.101178
-0.2423873
3.944225
5.60617
2.869574
6.841634
6.057874
-2.205172
4.881736
6.720521
6.477034
0.5637191
5.142642
-0.24328
0.1095341
1.665347
5.837094
4.580355
4.209613
-0.6992545
-1.567303
4.240899
8.258391
5.121998
-1.757863
5.49899
2.423709
6.210402
4.958882
-0.7550164
1.850389
4.892068
3.575821
0.001997075
4.167259
4.833861
5.153278
5.871544
3.876844
5.058987
-0.3778209
0.5580838
5.863578
5.222165
6.352155
4.040233
4.124999
1.837522
6.339749
0.842992
2.89442
4.817504
5.453076
5.787502
5.708732
-0.9925892
0.4784608
0.2484888
-2.199188
7.680463
4.306695
-1.042809
3.196364
4.179177
0.3137412
-1.478925
5.986747
4.274342
4.437524
5.408094
4.879015
4.895978
8.034562
5.325375
7.209116
5.309133
0.03062807
5.831123
-0.01928658
10.39273
6.716255
-0.6587721
-0.5411978
-0.4172636
5.057675
4.071434
-0.06840618
4.37609
4.673374
-1.119736
0.2888141
4.783149
5.128389
0.5544414
0.4716556
-1.42948
5.236766
3.496515
-1.056838
0.2584077
1.87936
0.9789344
3.786107
0.006246149
-0.8686677
0.266296
4.994779
0.1522141
5.114742
-1.066918
0.5401841
5.244474
-2.203548
3.457029
4.13915
4.330266
0.7537292
4.158596
5.351931
-0.2759165
2.77238
6.107115
-1.566914
-0.5800713
-1.026559
8.255847
5.493186
5.166329
-0.2636587
4.115811
5.58699
0.01653224
5.201473
1.240824
5.358166
3.82206
-0.405838
5.168251
-0.3472178
0.8775134
6.030934
3.959371
4.853993
4.816862
3.99503
1.502097
-0.8112241
-1.706583
-0.04307531
4.082033
-0.1152296
7.106124
5.334344
-0.5898784
4.763219
1.159683
3.593434
4.946565
8.728721
4.210248
4.396488
0.778264
-1.123724
4.751849
6.500351
-0.02913441
5.079172
-0.2664088
3.76433
4.383927
-1.127482
0.02144238
5.26939
-0.3575265
5.220377
-1.761796
0.6603257
-0.7891042
0.7095118
6.310559
3.736749
4.661745
-0.8395931
-0.1398556
5.731039
3.444227
4.595086
0.1085313
-0.05183952
6.067207
2.404795
5.045609
2.655993
0.2147907
5.289827
4.658938
3.649983
5.020231
6.262179
-1.018548
5.837486
0.6258428
-0.352055
3.338375
5.668198
3.916006
-0.3477033
-1.173042
5.357037
1.254743
4.009059
5.067452
0.1073067
-0.1172779
1.17628
0.5511337
1.373648
4.837258
0.5353824
-1.369108
5.975741
1.111684
3.235329
0.1889139
5.274575
9.067793
3.9642
-1.074856
1.52624
5.350752
-0.4914528
0.9182995
4.863255
3.933201
5.699881
3.853506
-0.9563787
5.540354
0.365077
3.725236
5.319595
4.26773
0.8560456
6.281804
0.4190476
4.886342
5.148272
6.454462
-0.3984417
5.56283
4.729455
3.443786
4.876812
2.851437
-0.6888138
4.256442
-1.063962
4.884933
5.632681
-2.013206
4.675277
-1.859045
-0.8871011
-1.145026
5.181572
5.324338
-1.093088
8.145305
4.502735
4.650434
4.564887
0.7808887
-0.4940758
5.122922
3.696575
-0.4191596
1.906781
0.6497381
2.838264
5.523493
4.52041
6.023831
5.974952
0.43651
9.571565
-0.4204263
0.5874304
-1.901992
1.073156
3.822384
2.970101
3.751747
5.232786
4.967593
1.255159
5.232944
0.219153
4.858639
-0.4496044
-1.145694
4.97178
5.052212
4.680528
7.216593
5.125928
-2.634739
4.854102
4.461191
5.289745
5.22305
6.289792
0.745312
-0.1733708
1.841008
4.431594
0.1174964
11.01587
4.161292
-0.1093221
5.408655
-1.088643
-1.236
5.361237
3.271942
3.786413
7.374898
0.7975895
1.576115
0.05361304
0.02768795
1.051047
1.267055
5.064113
6.946594
-1.09228
5.724124
0.004990127
5.701423
0.5435267
-1.103498
4.614228
-1.623138
4.331959
0.2720173
-0.7108881
1.714748
4.961569
5.319266
4.613101
4.309333
4.481825
4.941613
2.56944
4.963351
6.367661
1.796853
-1.494051
4.169465
4.941195
1.288884
3.700894
5.974012
0.624923
4.848475
4.79607
1.565833
6.420596
4.405293
0.0397028
3.039726
3.850196
2.775685
6.277969
1.282861
-0.5925025
-0.5228994
5.214455
0.8383604
5.376426
5.859572
3.368971
3.809618
3.821273
6.923594
5.215433
3.873364
4.569538
4.213635
6.572506
3.701042
1.37076
7.658664
4.629227
3.865757
-2.217816
3.469831
4.238897
3.716771
4.054467
3.912546
4.879377
0.7303723
1.735012
-1.469361
-0.7119693
5.852383
3.64412
4.868512
7.255649
1.638321
0.1207207
-2.102865
5.739774
5.877514
5.454093
0.07352044
5.02762
4.16488
0.3745094
4.525248
2.696514
0.5885902
4.0175
5.936224
9.09877
-0.3818183
8.563566
-0.2001606
5.508658
0.4023505
5.771548
5.476893
6.120161
1.170719
2.827768
6.430028
1.15523
4.085558
5.194729
3.448026
0.72758
6.70531
0.411918
5.178621
6.841027
4.831609
5.379577
5.536675
2.864329
6.900642
6.203763
4.587391
0.1305192
5.344598
3.919739
6.598655
3.894161
3.657964
2.764844
-0.8637588
0.2219646
3.833454
3.701339
4.445281
-1.218399
5.423564
1.095107
-0.7434347
-1.115816
0.6816911
6.217824
0.8355912
5.674684
4.435746
3.848259
0.289683
2.104641
3.896599
-1.179168
-0.8090084
2.702029
4.593744
-0.5045309
3.486865
5.745426
0.8637485
-0.06508901
3.400692
5.302969
4.872612
0.3805157
5.310956
5.494801
4.104034
5.108982
5.694938
-0.2345042
4.293524
-1.074581
7.40427
5.960117
4.573049
0.3690072
4.554763
-0.5434918
4.501063
-0.6179354
0.8646956
0.7414852
5.299038
1.908914
6.238093
0.3994611
5.157078
4.664121
0.5316007
5.262085
0.4088622
5.809127
4.034215
6.995294
5.753768
-0.04157563
-0.3406231
3.641517
6.151867
6.546952
-0.2187511
0.7200932
4.594343
5.249471
0.9388747
3.87411
5.702235
-0.4658801
-0.6147607
5.442423
0.7912879
-1.282324
4.279589
0.5020472
-0.8877568
4.604993
4.425
7.882566
1.05243
-2.362888
5.037151
6.355617
5.105506
5.089167
5.556391
0.5149596
4.647718
5.342743
-0.2095384
4.329009
5.752367
0.01485374
4.054711
4.925212
4.800632
-0.3876966
5.190979
-0.8577974
-0.6898677
4.488541
1.748466
6.132705
-0.6093121
-0.4954659
4.881644
4.328707
0.7015942
5.903995
5.164882
-0.6594692
6.630084
4.77231
3.848853
-0.6421783
6.172719
0.4075891
3.562735
1.354005
-0.365842
-0.7870564
-1.52511
-1.149204
5.011471
-1.326275
3.806339
3.65487
0.6585529
0.8113217
5.015336
8.939849
6.776395
5.481049
2.123977
5.453409
-0.418902
4.839735
3.599291
4.462246
-0.5519099
0.1686004
0.1717882
4.602856
5.092347
-0.6949705
0.295275
-0.6809731
4.890626
-0.7497636
4.050242
3.774682
5.24696
-0.3003655
5.396493
3.91489
4.780844
5.92435
4.752244
6.055607
6.26534
-0.3192439
8.219974
5.170206
0.6055174
4.204626
-0.5909973
-0.8762046
0.6223772
5.615981
4.311435
3.690436
6.053436
4.313983
-1.420677
-0.239048
-1.458679
-0.5437289
4.335951
4.53346
4.017865
3.06572
5.494415
10.34385
5.48734
0.4002661
8.323858
-0.379212
2.922101
5.146726
0.762165
1.260834
-0.8579541
5.316597
3.86888
4.577279
-0.6669496
3.403996
3.155739
-0.07711186
0.9055108
3.98203
5.149757
-0.5543642
4.696591
-1.050212
-0.5753358
4.856973
3.679411
5.09737
-1.00629
4.478088
1.052401
6.43858
-0.3942329
-0.8570469
-1.435507
0.04010091
0.7892477
-1.499432
5.420255
0.7257992
4.460741
2.568517
0.1462966
0.8906618
5.04791
0.6898513
-0.06948231
1.458248
-0.6667172
4.697761
3.301168
4.348172
5.929935
0.7502793
0.124198
5.153323
-0.5307735
-0.6487028
4.094655
4.434762
-1.38682
-0.08755176
4.734586
1.306991
0.2756733
5.83033
5.779176
-0.26237
4.723449
0.5357696
7.875313
4.158011
3.962086
-1.489992
6.148509
4.662394
-0.8229383
4.233151
6.241997
5.431979
2.014898
4.18458
5.407186
5.567862
5.696659
5.696926
-0.5954159
5.281796
5.22199
1.239354
5.230357
4.928975
-0.4812343
4.809673
7.111231
5.702716
5.205616
8.181008
-1.328808
6.735833
-0.3085885
3.517381
3.852585
-0.7800548
0.03132369
4.454527
-0.2298177
4.199454
1.07136
5.964666
6.074041
3.795522
4.791522
4.132841
5.446053
7.114131
6.341057
-0.2125779
-1.19176
-0.1282703
4.674575
5.369828
5.836037
0.3391272
-0.3723002
-1.646574
0.0346293
-0.6356458
-0.8519419
11.74644
2.285991
6.302935
3.914515
0.2567267
5.525204
-0.9848924
-0.4032451
-2.339376
7.143894
-0.1245215
7.627104
0.9727949
4.610174
-0.7693008
5.887347
0.2969734
4.762416
-1.474664
0.538776
4.600698
4.784969
2.531108
6.943747
5.03376
7.391733
-0.8147856
-1.029171
4.51607
1.084096
6.681372
6.45402
0.5020422
-0.5317255
7.637622
-0.7817335
0.3080872
6.544221
2.564866
0.4118238
-1.55161
-0.6421922
0.8768592
4.907559
7.470828
0.7763658
6.421989
6.673773
4.78548
4.128993
0.3019634
0.5483034
-0.1872841
4.672648
5.516875
0.2702351
3.650771
3.117812
5.424392
2.579106
0.2420756
5.095801
4.133096
6.682153
0.5883438
2.539954
-0.1758422
0.7769141
5.547891
0.4483245
1.993648
8.903533
4.443085
4.095461
3.153002
-0.9841326
4.668408
5.345585
3.926296
0.1348743
0.3682712
-0.5172649
7.086695
2.005
3.872981
5.666035
4.399775
-0.2852648
1.370519
0.5050137
-0.8321806
5.970589
-1.090222
0.01899338
6.089254
4.63165
-0.7811286
0.4875626
-0.2503332
8.781288
0.7024983
-3.014395
3.560237
-0.67822
5.457367
-0.05264171
5.474696
1.520342
9.44345
4.627469
2.978774
3.740883
0.6295519
5.255198
3.567255
5.235875
3.532787
2.559647
-0.1642025
-1.244947
6.099514
5.105252
-0.5471803
5.110653
4.712499
5.756879
1.738021
2.76406
4.529919
5.491377
6.202724
2.16411
4.156259
4.446239
5.34447
2.805387
-1.058696
1.347105
5.537473
6.808392
4.979352
0.6735823
5.131926
1.582434
-0.9430551
5.21404
5.581896
4.388237
-1.45963
0.8826697
3.901766
5.28042
0.6905364
4.103508
4.540367
5.152856
4.738275
7.271431
3.722541
1.491499
1.356011
4.51856
3.877767
-0.7332609
10.62838
4.017378
0.5095476
5.757786
0.5375138
0.3798791
2.772869
5.465074
6.166175
0.5512994
-0.07195464
-0.2175557
0.4703643
5.581742
0.3838945
5.877231
6.16558
0.5971369
-0.830714
4.931604
0.4621525
4.791108
-0.07083148
-0.3552073
8.014933
4.126065
5.407223
4.576197
1.822668
0.2743092
3.634967
6.145834
7.951692
2.383803
3.644232
4.92822
4.244254
5.915912
-1.470998
-0.6619484
6.570852
4.2584
2.324583
6.163364
2.696834
-1.328182
6.743474
5.571345
0.2513397
1.861386
0.3125708
-0.5633316
-1.138113
4.203201
4.827737
0.4628527
6.595017
5.85508
6.48389
3.407672
0.823446
5.504287
6.619724
1.325565
5.694259
2.16525
9.906374
-0.9013931
4.177433
3.440516
5.428971
0.0855505
5.628678
1.961531
6.488907
4.446189
-0.9106974
-1.040738
0.4217598
-0.6376955
0.02093191
4.096167
-0.04810305
3.159815
-1.722089
-0.4233932
-0.09457298
4.472142
-0.1896858
6.759358
1.810371
5.237723
5.47267
-0.5421747
4.106427
6.423771
1.61265
5.412466
-0.402967
6.021987
5.020274
-1.347581
6.520542
4.659797
0.1736179
-1.275059
6.592166
5.959345
5.121283
5.495441
0.06005241
6.422002
4.317325
5.636242
-1.768
-0.3673569
5.304846
-0.04626729
5.689068
6.032081
-0.07968981
-1.588073
-1.611578
-0.71443
1.229423
1.539744
7.412
-1.528279
-1.440809
-0.2113135
1.093563
4.993322
4.680584
0.7745173
4.077247
5.253981
1.031699
0.1279712
5.653708
2.402607
-0.6346715
0.6103848
-0.5627809
3.861779
-0.2663239
0.1203189
3.621643
5.657177
-0.2603515
4.328557
6.350406
6.818319
5.026425
3.255266
4.561185
5.39901
6.178196
0.1507289
6.31223
4.682356
1.448758
5.608997
5.437875
6.584927
-0.2875642
6.808417
0.826432
2.043874
5.844877
0.925011
0.2537844
4.37221
-2.113736
5.824096
-1.499955
5.128423
0.2283733
1.868985
4.682771
-0.4574971
1.563364
0.8643817
-1.365529
-0.2216233
5.218815
-0.5218158
-1.426036
0.3261586
4.560743
-0.09802792
5.764685
-0.3514348
-0.06413958
1.042423
0.2327734
3.57451
5.218215
-0.3589481
6.584462
4.035788
5.326302
4.643616
6.487377
0.1974745
0.3270602
1.67236
-0.3015796
0.9788869
1.131013
3.431756
5.140172
4.949229
6.048378
6.984392
6.231764
0.1721211
-0.02804352
4.778683
5.679266
-1.611233
4.58774
11.14327
4.503723
0.3855604
0.1344171
0.09654548
4.106441
1.851826
0.7507852
0.4865125
2.652488
4.181801
-0.9770538
0.7149531
2.484422
2.755462
1.23651
4.082901
5.777906
0.007711588
6.059381
3.701317
4.426874
11.64876
0.3411271
4.715432
4.499524
6.915829
4.560823
0.1161603
8.973003
5.622341
5.616236
4.326268
0.9446443
3.95625
6.121356
0.8278059
3.699393
5.133028
0.9026785
0.2393056
-0.6438741
0.4672673
4.838357
-0.05770287
0.9785322
-0.3847825
1.012805
7.168944
1.251797
6.377253
-1.208289
3.74647
1.455492
4.044117
4.78686
5.51063
10.19412
6.45744
4.155588
1.796263
4.59505
0.4834143
3.862759
5.813993
5.555459
7.00394
0.03462633
7.278929
4.16859
5.078845
2.860641
5.283553
0.1632805
-1.221647
6.434451
3.574408
5.795421
3.273271
-1.039512
-1.123289
6.504561
3.44736
4.875165
-0.4547425
4.511775
4.897884
4.112025
5.340386
3.38377
7.040499
5.617724
5.827086
0.6500595
1.740728
1.358942
3.216147
4.946007
-0.03702809
5.024027
2.058198
4.920348
0.6721115
5.984005
5.816812
5.284707
4.526301
6.076441
4.125416
0.2366639
4.789547
4.412764
1.593609
0.2545894
0.5822446
1.196889
0.1420374
-1.37349
5.989494
4.353133
0.09703675
1.280673
6.396404
4.889939
5.174881
4.944851
4.752655
0.1828225
6.70535
6.918539
6.366934
1.995228
4.154228
6.154802
4.078661
-0.1923858
0.1967132
-0.06473882
3.757573
4.392286
4.059348
0.895639
3.583994
6.76335
4.381267
6.050961
7.189223
5.977242
0.2555845
5.771276
3.665556
1.594264
5.738393
0.03144347
-0.8766328
-1.082664
2.629775
-1.140046
5.665274
1.708967
-1.156378
-1.038848
0.4249121
0.6284049
7.086316
-0.009976776
4.868197
4.710722
-2.156714
-0.04039865
4.055991
0.3397339
5.070857
-0.2434606
5.463111
0.02193461
6.445921
0.7950677
-0.1167132
4.607685
0.4658388
5.231763
5.442826
6.340971
2.192901
7.115072
1.013781
5.523257
-1.749052
-2.224008
3.287059
-0.4715245
4.866895
4.083383
5.038065
0.4191411
-0.2868151
9.47024
6.318411
5.823151
5.032138
0.5901128
7.059171
3.96943
4.941464
5.732225
-0.8362341
-0.2963404
5.192597
5.202912
5.551031
5.663961
-0.9645843
2.034484
6.115833
1.9234
0.9286211
-0.375929
6.636455
-0.2975493
4.509311
4.906586
1.263624
5.675977
6.238548
4.406563
-0.1417887
6.487381
4.49211
0.1093159
6.561807
-1.127084
-1.266591
5.797901
0.8165283
4.370477
-1.098662
-0.8100517
1.214285
4.837274
-0.4739265
6.5185
5.419179
0.2248438
3.638251
4.905718
6.347347
7.974973
3.569561
1.879669
-0.1067297
6.458206
6.038019
2.068331
3.72578
5.76165
4.871605
8.593576
4.901596
3.760575
-2.159868
-1.090529
-0.5142248
4.151325
0.4653138
3.934213
3.014045
-0.1617291
6.138157
4.851439
-1.193647
4.744925
10.87801
3.912068
3.232185
5.05813
0.5171631
4.416714
0.6995604
5.257014
-1.147161
0.7411014
-1.177774
-0.3518747
4.975067
0.4307095
7.262022
5.018151
3.835346
5.505893
1.046149
5.500056
7.95555
0.4686725
6.527261
4.492781
3.733765
5.129138
6.578849
5.501968
7.278798
-1.298002
0.1587732
-1.141689
-0.05856452
7.604473
7.198589
5.229464
-0.6481488
4.141963
0.1877407
4.459677
5.820897
5.567981
3.786299
-1.21104
4.523661
-0.4249475
4.898676
3.58909
3.862817
5.044308
0.3855663
3.767035
4.965538
6.629024
4.028098
4.113141
-0.1515322
3.942365
4.168062
-0.8306225
6.136677
-1.08287
-0.4868987
4.92716
5.704485
-1.309051
-1.201526
-1.373572
4.920691
6.996963
-0.5575906
5.766281
4.501015
5.293489
5.133907
4.828156
5.624931
6.438671
3.774359
5.887992
4.990031
4.323514
4.793941
6.682141
5.853979
7.019835
0.5105255
3.894378
5.079828
0.3609575
5.515404
5.343281
6.239189
-1.50668
2.665744
3.74397
5.095696
3.971994
2.167223
3.886078
0.2176308
2.878183
2.013391
5.601262
5.180897
1.061365
5.848681
7.057873
0.08197525
5.185976
1.779862
-0.1195535
4.60467
6.302622
0.4315549
4.191975
6.101382
0.4597109
1.149585
0.3258296
1.359243
0.6078503
4.945085
7.51185
5.361707
7.771837
-0.4835629
6.006007
5.260459
5.023695
0.882335
5.88275
0.4800963
0.8691088
-0.5277785
0.677602
-0.3484707
5.094242
4.131228
-0.8512303
-1.861105
3.648422
6.452647
-0.1929216
0.8780856
4.151319
5.097418
4.165674
2.88083
5.398455
5.263
0.4198152
-0.5917064
5.639881
6.28427
4.732824
0.1214004
4.375847
5.010592
0.6245052
6.919094
-0.7039297
8.025589
5.52249
-2.2504
6.109566
5.449271
0.8678389
-0.4891025
6.617942
0.9445126
-0.0496388
1.114503
5.761319
1.044565
4.800457
4.283409
1.123996
0.1422083
-0.6398196
3.859367
1.854636
-0.192726
3.960602
4.104106
5.001486
5.104729
-0.5872705
1.078
2.075301
-0.8816951
3.569171
6.144652
-0.6468033
0.2832991
7.283629
5.967388
3.148946
4.554369
4.13818
4.112797
6.53224
-2.302169
-1.140978
3.297833
5.836221
0.1616395
0.750603
6.155199
4.617314
6.514882
0.1427589
-0.03499123
5.089582
-0.5494546
6.557025
3.243216
0.2174503
3.721054
0.470734
5.592464
3.937547
-0.1510573
3.97732
5.098034
1.666252
3.027172
2.567096
5.009183
5.683881
4.958888
5.341779
8.831063
-1.872224
0.1870192
-0.9609322
-1.670244
4.557503
5.576049
4.813806
4.946657
1.098045
5.034787
5.959465
4.691621
4.023673
5.608138
4.14244
4.519287
6.143078
-1.827573
3.553521
5.654152
4.481997
4.094519
0.8765663
-0.3444322
1.422303
2.565069
6.410939
0.4652724
1.376658
-2.251866
5.631396
5.112988
3.365795
-0.6485654
-1.183983
-0.2728847
6.500855
3.774991
0.03921533
-0.5542026
1.526301
5.482634
6.539044
-0.5010445
2.217052
0.03269944
5.176769
-0.2126973
-0.4329201
6.593481
-1.566045
4.944787
4.436033
0.09982373
-0.1419717
6.964673
5.708602
4.6287
4.064848
6.254725
5.75525
0.2249621
-0.8832866
3.677156
-0.7620386
5.341132
5.938644
6.098387
4.975746
-0.5120635
-1.02766
4.750977
0.6771843
-0.7823186
4.018449
6.712464
6.150451
2.733144
2.319685
0.04580334
1.524802
4.513215
-1.111153
0.8426694
5.593124
1.348513
-0.2521789
-0.4967057
-1.494792
4.832193
-1.717757
6.698385
-0.2099482
-0.6662302
-0.4580594
4.271671
0.3545619
5.047329
-0.9741025
1.637908
3.740518
4.614671
0.6105278
4.790309
5.051214
0.8692388
6.263391
0.7759605
-1.017756
5.740506
4.577531
5.226418
5.225516
5.330319
3.096251
3.833987
0.4661221
1.425991
5.101292
0.6638089
4.424882
5.178715
0.4536021
4.519366
-0.4418084
5.890125
4.516916
-0.6722479
0.0522438
0.4352849
0.8492367
5.380991
4.96555
4.917735
9.286917
5.729754
-0.0666926
4.616981
3.837532
6.132256
4.976643
-1.678495
0.08661618
-0.2317081
5.470667
6.041129
4.404805
3.462326
5.905816
5.078915
5.048826
2.116832
-1.625206
-0.2738635
4.643659
-0.66653
7.499153
5.291269
-0.252184
5.396899
3.85035
0.1781997
4.495113
5.748418
4.811209
5.830759
3.652523
1.762821
0.06686639
4.522593
5.422792
-1.314859
-0.06084719
-1.669887
-0.4423851
5.135154
3.421103
-0.5230971
0.9707037
5.171786
3.489811
4.14913
3.289112
5.153938
-0.6307139
1.037529
2.521064
0.3084918
-0.4070049
-1.220407
-1.547306
6.227966
4.968346
0.318952
0.3500668
0.5571406
3.540661
5.054227
6.419634
5.607569
-0.4364472
4.571653
0.5070166
-0.4094225
5.366333
4.762226
-0.6076847
3.502513
5.377118
4.419754
5.014431
5.650373
-0.3484847
0.6618115
-0.4467212
5.5884
4.23199
4.288108
4.486375
-0.6746639
5.141558
-1.529167
6.356388
1.786996
3.569936
5.489215
4.176571
-0.06248901
4.527925
6.605345
-0.58456
-0.5665046
-3.608048
-0.1196165
5.502634
3.933417
2.56672
5.400117
0.4023071
7.65592
-0.438263
-0.4621913
-0.9122081
4.290986
5.628757
3.492453
5.224182
3.572231
3.62529
-1.007105
0.366852
5.104691
-1.863184
4.056854
5.09255
4.667347
-0.5718123
-0.7853846
2.957048
-0.5834049
3.76814
-0.1165531
1.276085
0.9771298
4.947632
6.812259
8.444905
3.407979
-0.1225755
1.523282
6.391929
3.791619
2.81365
4.488379
7.756451
0.9894175
-1.011182
0.5744419
5.999795
0.6411608
-0.9570355
5.457736
0.6148374
6.480682
1.8962
0.9175621
-0.4263431
0.4640951
0.9437011
-0.1205831
4.370017
3.240792
1.300731
4.005196
5.87343
5.922511
1.363602
6.032949
6.046808
0.8021668
4.528333
5.510963
5.934713
5.820329
6.53138
0.8191138
7.026853
5.81474
0.1568941
2.835854
3.641789
1.610696
0.002992972
6.019892
0.6926697
4.293735
-0.6237579
5.280621
0.7703758
5.427798
-0.213707
1.396985
6.758643
3.726453
6.179183
5.64366
5.017463
-1.853993
0.3960162
0.003392173
4.983705
6.748057
5.673353
4.826108
5.066135
4.916017
4.684118
3.295427
5.777605
4.910375
1.426699
5.209818
-0.01394241
-0.8213613
5.138677
0.3274034
4.591502
5.423032
5.627389
5.605214
0.5959068
1.156986
7.004245
5.369342
4.989608
4.755045
8.216204
5.328414
5.114381
5.193169
5.821612
-1.251264
1.913169
6.292562
5.295636
-0.293841
0.1989048
0.2206971
5.017473
-0.1743172
5.022623
3.541826
-1.334249
4.869384
4.121574
3.404873
5.011106
5.032201
5.859036
0.4808727
5.607962
0.8763958
0.2053623
6.918166
6.054415
3.678172
-0.5582739
-0.10697
3.557539
3.21309
7.885636
0.1768231
4.916677
5.390144
0.8605091
8.486321
-0.3438756
0.1147923
2.614285
4.719982
4.868493
4.691863
-1.066998
-2.27841
0.3311659
4.14827
-0.8140945
4.686957
5.311039
4.05348
1.735979
-1.017697
-0.549768
-0.2795729
2.88984
-1.785696
-0.9347602
1.680793
4.208493
-0.1993322
3.791392
3.96602
-1.28591
5.870134
1.086282
-0.7547311
0.06775582
-1.187134
6.672571
0.6991616
6.966646
6.222264
1.257429
4.135948
5.132317
-0.2797996
4.487346
5.409583
-1.453059
2.26446
3.290461
-0.6891371
-0.7532708
5.089065
4.748114
7.18946
4.091984
0.3405933
-0.0663062
-1.474813
4.611107
-0.9914602
3.14473
10.34022
3.000615
-1.212927
1.198764
4.647587
2.370185
6.097637
0.6727007
0.905538
1.80384
-1.452136
-0.5068623
4.90179
-0.4720382
3.896934
-1.222294
5.113415
4.655173
0.0401722
0.3914403
0.2727153
0.003236681
4.296861
-2.072228
4.060421
-0.2250392
5.377839
3.708522
0.01456671
6.170234
5.731103
-0.2390313
5.381913
2.338878
3.591288
1.044187
4.255422
2.530429
-0.1636525
0.07776779
1.050703
4.987037
5.861325
0.6980808
4.504614
-0.535692
5.510242
5.379847
5.440777
6.407706
0.2532712
1.449513
0.859591
-0.001122937
5.411951
-0.5295856
-0.2009871
5.36232
0.4011966
-0.2091898
4.037784
0.2274918
0.4700647
4.855455
1.520282
4.506786
0.7358299
6.302252
5.84934
2.58503
4.643252
0.6556352
5.937429
4.714472
-1.168482
0.2793596
2.796503
0.4411374
5.528133
3.961747
4.925607
2.749062
4.865331
5.172197
5.010202
0.9974714
5.021978
-0.4462808
6.14195
4.066691
0.1247406
5.116428
4.158744
5.398428
-0.6035546
0.9180938
6.715776
6.505716
-0.07233813
4.765977
1.125204
-0.6509544
6.891535
-0.8530633
6.221502
5.146717
0.9910464
5.36768
-0.4693853
-0.559122
5.550059
6.347415
0.1158938
-1.217506
4.849522
5.930397
0.6216592
-1.625447
1.002653
7.420231
4.947218
6.960725
3.336152
0.4257164
-0.4324442
4.580816
0.9397328
0.7396365
5.131746
5.918637
5.190031
4.222042
0.3840015
4.161846
1.477365
7.244397
-0.8380586
-0.4841854
-0.1451403
0.4847641
4.901988
5.450855
5.013508
2.253368
4.213766
-0.303536
5.306417
3.76541
-1.812191
4.788438
-0.6041249
0.2239906
5.02762
-0.4771613
5.679308
0.6948365
0.3995472
4.366612
4.595435
-1.335392
6.764071
1.683337
4.64452
5.333074
6.01943
5.827965
4.021403
2.027758
3.915515
1.946245
4.869331
5.469547
4.927093
-0.5794117
0.8545492
5.905147
-1.806422
5.179924
4.916289
6.204394
-0.535356
-0.6865639
-0.3846712
0.5131469
0.6466433
4.397998
1.051477
4.781519
6.779517
6.634524
6.129899
7.290077
11.87401
-0.08503272
-0.1622604
4.246137
4.307322
0.7968059
-0.5067903
8.073918
0.8565306
3.743135
-0.2673899
3.069428
5.928974
3.987718
4.759127
6.428735
4.476709
4.95793
-0.443435
5.438249
5.046751
4.879867
3.540387
4.799945
-0.8213586
2.213526
-0.5435403
-1.07433
4.962372
0.245655
-0.3649634
8.702949
0.5984443
5.739931
-0.02052449
0.5411716
4.825351
5.442604
1.692203
0.9951073
-0.8056647
-1.378332
-0.3002524
0.7438534
6.748762
5.974784
-0.3053361
-0.6961628
5.633926
5.360457
4.575052
0.8889389
5.029808
5.302315
6.487261
-0.5115465
6.093779
-0.7145134
5.465684
5.834557
-0.2942046
5.550358
-1.211245
1.152854
0.6408537
-0.5726271
4.619018
6.028629
5.187109
4.512936
0.09151675
-0.3930129
4.615881
0.2930162
4.918229
4.725534
5.651602
2.447315
4.437106
4.887613
4.112212
-0.5550495
-0.2843508
4.08246
3.798998
-1.608147
-1.436447
-0.6122862
6.118131
6.304797
0.7833236
-0.1664051
0.5239603
3.822387
6.370563
5.105022
1.789738
-1.08502
4.702365
3.779286
3.185227
5.75232
0.8553216
1.360626
-1.618563
-1.156317
-1.347187
0.8127925
4.993987
0.9815707
1.477742
3.271749
0.4954448
4.685174
4.931212
-1.18448
0.8953061
1.765607
5.904166
5.436545
4.542307
5.408013
5.538273
0.7287824
4.826911
0.3708387
-0.6453212
3.365214
4.152996
3.863532
4.824835
3.470268
0.6199394
6.447608
-0.03760066
3.593761
0.2494243
0.2025269
-0.5826597
2.17353
3.984489
0.2269863
7.873164
2.327673
6.575743
5.227277
0.3755214
0.5257304
1.415779
1.164564
4.565252
1.111577
4.930442
5.738278
4.411262
3.140566
5.085663
0.2040774
4.690264
3.728905
4.491655
9.851979
3.728953
4.47536
5.193917
7.020814
-1.740081
4.055886
4.99887
5.333688
4.059988
4.69479
-0.3050142
4.193963
4.83196
1.010576
5.946337
5.17191
6.084347
3.834809
4.727011
4.539297
5.084065
5.566559
0.1852987
0.2390685
-1.897561
2.985058
4.491655
-0.6749322
5.073809
4.578376
-1.08155
-2.140656
-0.08499314
5.638551
6.135603
-0.5127003
5.566357
4.657609
4.498461
4.366809
-0.3914405
2.840828
3.577414
1.122676
4.26907
4.096435
4.084584
-0.8935168
1.989877
1.101181
7.02341
5.005395
4.554575
5.186484
-1.331123
6.545693
5.740781
0.478647
-0.6370543
4.755294
-2.098125
3.950945
5.11029
1.298515
5.46026
4.830551
5.000517
1.346649
-0.7335227
4.731003
6.476102
5.137352
6.301814
6.634052
5.403603
-1.528678
5.211596
4.708513
-0.2752818
5.770708
4.053838
-0.0106849
0.6400534
3.144397
0.4670261
1.235814
2.697392
0.4899892
5.648791
4.665563
5.657884
3.953341
6.493732
-0.5670801
4.909573
4.353465
5.278774
6.405989
6.452976
5.215411
0.2509103
0.3229108
6.333722
4.688605
2.755987
3.155228
-0.02830059
5.455031
-0.3821097
-0.7461558
0.2046879
-0.3485461
4.885878
-0.09592169
6.17864
5.09902
3.894434
-1.057864
6.832047
-0.3170764
-0.3433571
1.325602
4.367506
4.004558
6.918799
6.045173
1.538499
4.366229
5.189926
1.06954
-1.02471
4.381313
5.714713
3.065976
0.5026218
9.871446
0.6129086
5.221398
3.990571
6.461624
-1.026955
4.674911
4.738415
3.853718
2.770091
4.619951
-0.8209995
0.6063701
6.040337
4.568787
12.83294
0.6818906
4.629464
3.934945
1.275814
-0.2704239
-0.04338408
4.498271
-0.7956429
0.05591779
-0.2909737
5.69813
-0.08065591
-0.8823063
1.580216
4.897495
4.292929
-0.3337592
8.937319
9.611695
0.269702
0.9824645
-1.653155
3.078885
0.3228147
3.225105
6.698395
5.415883
-0.6569528
4.401498
5.383935
1.631184
2.567104
0.03288783
-0.2098593
4.361355
5.268428
0.3308875
1.971474
3.121394
5.643222
5.386678
6.376306
4.49328
4.156128
5.216076
-0.1749226
-1.318679
6.394818
2.351031
4.663072
3.62731
5.006993
4.406506
-1.851268
4.763889
2.19829
5.187641
3.760418
4.042469
0.9026265
1.334633
-1.563834
5.70713
4.296917
4.693246
4.08547
4.401898
0.008169825
0.5085741
8.734619
0.2907372
5.145805
2.848489
0.5710993
5.293148
5.653698
4.138397
-0.7815843
4.471196
0.4574791
-0.09647631
5.337536
5.738023
0.4707344
6.073658
4.487341
4.562557
-0.4697899
-0.1944886
5.029554
3.129011
-0.7231288
3.087621
4.198178
-1.285315
-1.363629
0.2872534
5.185011
2.06463
4.026799
4.20054
7.17656
-0.07182289
-0.4231408
10.3369
0.03586181
0.5229235
5.850852
5.304854
-1.093949
5.370321
4.744969
4.777812
-0.6763468
4.816523
5.186702
4.261072
-0.4130983
4.760007
-0.7107286
-0.6950948
5.605854
4.513969
-0.28013
10.29572
2.808633
5.301111
0.6213466
-0.9360902
-0.3807484
2.210005
5.655151
4.708055
5.686476
5.915422
0.640699
5.109266
6.082786
5.544476
5.127598
3.144524
7.675987
2.603008
-0.4302491
-2.054529
3.738605
6.875349
6.569311
1.652665
-1.336488
2.094136
-0.2677096
3.652865
-0.8134928
4.824204
4.806087
6.056762
0.6487472
3.77085
-1.341321
5.684189
4.399714
6.194564
6.653238
1.070528
2.895449
-0.5746323
3.017905
3.071717
4.118473
3.938853
5.294932
-0.4106553
1.275804
5.174887
-1.126963
0.03183105
3.554329
4.979292
4.773775
5.8578
2.504847
5.059845
3.746952
-1.617994
-0.9037151
0.9087037
5.274117
0.9678655
-0.7747966
4.715574
4.434037
0.3414526
4.547091
3.532682
2.391082
-0.3647633
5.376985
-0.6062083
-1.045628
3.806109
5.183477
1.367718
0.8976011
5.287848
0.8222826
-0.4918935
5.461354
5.744943
0.1130732
0.5799436
5.298815
4.522219
4.218308
1.980722
5.0817
6.189212
0.5354007
3.209745
5.705639
4.864395
-0.06581174
3.31377
6.166259
2.965514
1.987945
6.073697
5.800826
-1.628155
4.163816
-1.870523
-0.8941061
-0.4491098
5.765159
3.52246
4.032504
0.9026255
6.272517
0.3147251
4.063898
5.947291
5.939505
4.605289
8.299148
4.012975
-0.9608786
4.638813
-0.2407124
5.174946
-0.742136
1.812481
-1.222646
-0.8234907
-0.008950722
4.246201
-0.1142791
0.3169307
1.491623
1.967873
-0.5151275
5.245208
-0.01412302
5.626476
-0.3175335
4.217968
5.155507
0.5005766
6.133061
0.691916
4.523872
0.7829229
5.184451
0.3428964
5.197925
1.633448
4.725483
6.236309
4.024699
-2.113197
6.571972
-0.5228395
6.578217
5.964941
6.452217
4.650172
4.9866
-0.9036971
1.362646
6.661452
-0.2944069
4.763162
3.877153
5.209643
6.05461
0.2243105
1.868473
-0.5728776
-0.82889
3.902087
-1.648947
4.655041
6.04753
4.826501
6.090609
5.051867
-0.9647359
5.410155
3.099216
5.717032
5.966441
-1.0119
6.50344
0.2745569
6.148116
3.376879
4.353445
0.6619558
1.292045
5.185776
4.849239
0.5458569
6.925181
-0.4890793
4.906948
5.030629
4.917858
6.348559
0.08140028
-0.8580788
0.6981238
0.3551629
0.5768554
-0.4844133
6.117349
0.826958
0.8435004
4.677488
5.081366
-2.13098
7.807137
4.527329
-0.4358956
0.4403993
5.52207
-1.285621
5.627187
0.3412743
0.9490588
1.189833
5.271528
5.276558
6.972546
3.75606
4.73699
5.712694
0.02780478
5.765766
4.009964
6.380074
1.0816
-1.240114
1.333466
3.465347
0.7192024
3.777764
4.545119
5.490782
1.14405
-0.6438986
0.3144603
5.374539
6.100394
5.28983
5.070326
5.319656
0.02405282
1.337265
5.302055
-0.4752749
0.384369
7.206946
4.626844
5.105573
-2.172875
1.461978
5.980234
8.395656
5.25684
-0.8347612
0.1700885
-0.4854475
8.48906
-0.8414616
5.838974
5.385544
6.252963
1.263431
5.324903
-0.4834573
-0.09528569
5.252247
5.882001
-0.8171059
1.646108
1.829781
1.728045
5.173387
0.0460688
1.084502
0.5949736
5.580949
4.231165
0.3268892
6.149815
0.2731542
-0.2126527
-0.4248426
0.09172181
-0.4347183
5.752863
-0.7554928
-2.88981
2.752619
0.2802446
-1.31751
0.8177786
0.4411684
-0.2724474
1.152803
4.248996
1.465033
5.694348
3.464115
-1.200586
-1.088646
5.294953
5.038919
6.654888
2.664081
3.943324
2.105534
-0.7332203
4.685254
5.285774
4.481388
5.673506
0.05757651
-1.053975
4.761553
-1.937804
4.665792
0.4840667
-0.740015
5.931074
-0.1783154
4.519067
-0.1698491
-1.725984
5.956471
-0.4578305
4.244052
5.228973
-0.2770862
5.838653
-1.463881
5.160976
5.94031
3.821408
0.05241485
5.870533
3.471492
4.72804
2.946887
-0.07019843
5.346578
0.2064161
-1.159279
4.829195
4.003051
6.346965
0.01044525
-2.287225
1.503824
8.480744
3.971988
4.697045
-1.673137
3.991981
-0.9684079
5.640695
4.463911
4.689724
5.520795
4.675873
4.794619
-1.426336
5.366944
-1.053176
4.090786
0.5757542
4.164383
-0.7780631
5.758139
0.04650023
5.071412
3.589799
8.195484
-1.017882
5.126854
4.693524
0.02405711
4.093133
4.2475
6.940012
2.485856
5.460123
5.414351
5.334871
6.249118
1.024758
4.198227
0.7160817
5.317838
0.1017018
4.368262
1.181047
3.865545
6.599032
4.79545
4.097538
4.679871
6.401145
-0.9652998
-1.264188
0.1785147
5.084391
-0.5004422
7.196695
4.499885
-1.484265
3.713367
5.611262
0.7237883
0.4168213
4.796413
2.462827
4.965906
-0.25537
4.63809
6.098509
4.883536
7.14186
2.610624
7.417228
2.06839
3.098486
4.993741
1.118209
-2.427895
-0.332966
1.926023
4.84391
6.189124
5.763897
3.791567
-0.08480285
5.839215
4.32171
6.049796
-0.6687362
4.568737
-0.834653
2.582048
4.28518
5.878427
5.030369
7.445016
5.165199
0.6825565
-0.05594867
4.255889
0.2192668
5.393038
7.008789
0.3673319
5.004374
4.74918
1.234179
5.025589
5.171049
6.430577
9.897058
3.744556
0.8165228
0.02822203
4.277811
4.743412
4.186795
4.967295
5.535986
4.942401
0.2916134
8.125381
5.083299
3.708609
6.323987
-0.800419
0.2071675
-0.05234991
-0.912398
1.206024
0.5776522
5.949119
0.2344774
4.476166
-0.2557116
5.99241
3.992161
3.769598
-0.9665463
-0.2731549
4.84781
4.745339
0.469407
0.1648937
10.57614
4.865359
-0.7634208
6.456439
4.473038
0.1977484
3.050567
6.467462
3.60837
4.641588
4.735393
4.889462
-1.662774
4.862361
-1.827483
1.219061
0.648007
2.247904
-0.2563679
-1.139817
-1.154729
0.4945687
0.3870941
5.804736
10.86239
4.648611
0.9090483
0.723566
-0.6377908
5.517755
5.344203
4.447376
7.990707
-0.3367837
3.851846
1.461027
0.8261438
6.787088
-0.4245696
-2.283027
5.953944
4.983289
5.338174
1.894458
-0.1228228
4.89476
1.21116
0.8971725
10.5348
5.715606
-0.5442808
-0.0825591
1.00724
6.725175
4.685067
1.242778
3.465392
5.211941
0.1865229
5.172361
-0.5034421
4.446529
4.671612
7.924481
2.656922
-1.328957
5.949204
5.5021
-0.6393239
11.92774
0.7697421
3.27305
-0.4281492
0.5297304
5.298519
3.012685
5.401752
5.126059
2.663238
1.790733
0.7306839
3.8175
4.759021
5.176492
3.90863
5.581042
5.086196
4.811996
5.962208
1.001397
-1.075783
1.60324
1.223879
4.51874
4.560694
5.687523
0.06406189
-1.341336
3.599472
5.157754
0.4523034
-0.4710296
4.398261
5.945591
4.592213
1.35752
8.090674
5.551253
4.112068
-1.003999
4.203602
5.352948
10.34753
5.114415
0.7152778
4.275006
4.44679
-0.386125
6.376447
1.932586
-0.6085986
9.197261
-0.4823375
4.217208
6.360629
5.681493
6.603568
1.082932
-0.9350618
5.244205
-0.9254957
-0.884843
8.027398
0.03516295
-0.4513878
4.588554
4.347523
4.894454
3.855324
5.047783
-0.08048378
4.076366
4.374349
5.700003
4.732973
4.970174
-0.2709197
4.724489
-0.6485192
-1.619965
3.759669
0.1478226
0.6721848
5.698293
-1.020168
6.371387
2.212263
6.458656
0.1265436
-0.074542
-1.506798
0.7012556
0.7591533
5.439105
4.413983
3.164507
-1.445482
-0.4510479
4.669939
4.424191
2.574801
1.495445
0.6952634
2.672419
4.477007
1.962423
-0.5312767
5.082805
4.871409
4.289844
-0.09607742
5.386283
-0.2602319
0.1356513
6.106165
-0.6685551
5.711842
0.3107102
3.32284
3.966169
1.075554
0.3875195
-0.577744
5.744467
0.1694235
3.758454
0.05654042
4.196184
6.90359
4.001016
4.359889
4.832547
4.601521
6.20483
4.767865
-0.9540809
13.30987
5.724797
9.248302
4.386687
0.9240597
-1.125616
0.5774653
7.442944
5.128386
0.8172423
-0.6695823
3.500538
4.282444
4.801881
0.5675367
5.900598
4.958007
-0.4496605
1.6037
-0.8846468
0.8240351
0.7285236
-0.9793173
1.018701
0.2541876
3.238165
5.989321
4.137931
-0.5114516
4.042994
0.394654
5.326526
5.556376
0.2081958
-0.4562368
4.033769
0.8694927
5.821331
-0.345704
4.314371
2.892943
3.575904
5.706146
4.465639
-0.3548419
4.645819
3.869552
4.795885
4.769744
5.125305
4.282636
3.956703
3.769023
3.822225
4.563777
