5.203317
2.824678
5.247661
4.850343
4.956121
-1.164104
6.28136
5.416749
5.159681
5.326972
5.95208
4.562512
0.2906197
6.089759
-1.295807
6.031867
10.31045
5.081815
1.350564
0.5366955
4.514269
0.4735448
1.322986
-0.7514024
1.85726
-2.292107
4.592137
0.4466339
-0.04554804
7.030412
5.607649
0.03432885
-1.045328
1.25636
0.1315969
-1.886054
3.371687
0.102489
4.165329
5.393105
4.439574
-0.9216848
5.219791
5.117964
6.227447
4.976474
2.049129
6.531401
4.022445
-2.426342
-1.425855
1.182124
3.85697
-0.03791402
4.266586
4.875546
5.567663
1.184965
-1.30742
4.986218
-0.4318758
0.556246
4.649198
0.0330013
4.462889
-0.5693767
4.614769
4.950941
-0.4538153
7.3436
4.859865
-0.2006339
2.695577
10.59708
0.8256053
0.1932459
3.254676
5.110647
4.907598
5.150637
0.1777224
6.454963
4.938305
5.897025
6.080649
5.255398
5.099961
9.506687
4.171115
9.070682
-1.666132
2.974237
5.428381
3.176596
-0.6915637
5.846798
-0.7584997
4.407183
5.035974
6.367612
6.249505
6.731569
-0.4359438
-1.689116
-0.6484209
4.122789
4.323323
0.8374238
-1.106963
5.551164
1.451392
5.780891
3.347929
-0.3185408
-0.3318346
5.258955
5.138313
-0.7098902
0.6127857
-2.323193
6.59654
3.452031
4.989666
0.6164201
4.82507
0.5713869
5.143238
3.962523
1.162845
-0.9605953
3.685941
0.1164139
5.339653
-1.002726
5.12041
5.609634
4.453152
4.928635
-0.2714987
4.940923
0.4525186
7.912595
-0.5294321
5.439907
0.5328316
3.5231
-0.4276788
-0.9905546
5.772373
6.511359
5.189044
3.845534
-3.385221
5.478328
-1.109415
4.996247
4.961286
0.9722376
7.998621
0.8071599
-0.08591405
4.499803
6.759338
10.39071
3.481542
6.495786
4.578048
6.111058
0.2934084
0.3560561
-0.6700133
5.075117
4.548602
5.308113
5.160583
0.9974059
4.797005
5.153641
0.8431977
3.495068
4.227453
5.139911
-0.6140448
3.286289
5.051771
-0.8422407
5.376567
7.549525
-0.5810998
0.5858971
5.492617
-0.6211427
6.05246
-0.6679025
-0.5101724
4.375834
5.541215
4.483163
0.1953208
0.2788297
-0.6204112
8.066044
1.048059
3.879007
0.5109523
1.13625
9.030977
0.2280298
5.063149
5.604809
0.1896804
5.317083
-0.7708379
-0.371737
4.495163
4.613955
0.04972757
4.347646
5.412811
0.6925998
6.119682
0.7790574
5.002036
6.019421
5.715744
5.988798
2.586269
5.758035
8.151414
-0.05751704
6.396857
4.79565
3.962019
2.720487
4.552108
2.212483
3.629893
0.3905798
4.997948
1.567952
1.249631
1.029509
-1.532743
1.759347
5.406149
6.00145
6.218507
-0.249501
5.686267
-0.2032658
5.367371
1.638966
0.8004195
6.41654
0.8613651
6.517743
-1.286803
-0.4181267
-0.8992499
0.9120447
0.4044528
4.403861
1.342015
-0.1546757
-0.4970614
-0.8052411
5.915862
4.413982
0.2151691
1.00446
4.044396
0.3443665
4.660294
5.768805
6.274341
4.612967
-1.205927
4.252962
0.5112608
-0.7627684
0.1281357
9.500075
5.484698
1.602124
-1.009852
3.885544
1.460725
8.607652
5.468762
0.2115359
4.297763
4.420763
-0.3825462
6.518893
5.620142
4.580715
1.271819
-1.272318
8.656052
1.108907
4.485452
0.194341
5.551947
5.061994
0.6563928
6.649808
4.73162
5.382298
-0.3303544
-0.9120101
5.116365
5.040239
4.871427
6.659253
0.0775487
4.301301
0.7463102
6.001063
4.489754
5.986622
4.599973
5.138494
-2.073196
4.683869
-1.545281
4.673989
6.585045
6.085343
5.192294
2.825487
5.060851
7.412693
5.822004
2.167943
-1.248987
0.4007022
1.017671
4.659233
3.418769
5.341894
5.41251
8.611103
6.159246
5.428325
5.150524
0.4432742
5.454059
-0.5670223
5.529514
1.603247
-1.66762
5.990599
6.075711
5.660553
6.058885
-0.9818288
0.1916364
3.410143
3.604025
1.683294
5.056922
4.809368
3.316016
0.262838
9.428235
2.947179
-0.8020484
5.793832
3.498582
4.70453
5.819778
4.751542
4.882224
0.7979721
6.003571
-0.5888293
3.951593
5.24802
-0.08295378
0.26983
-0.1447348
-0.1736053
-0.9600865
0.9521652
-0.7632108
3.820763
7.098812
5.894369
5.514653
4.808585
5.915308
0.1231076
0.2899554
-0.6020746
0.1853605
-1.042908
6.760037
5.678955
5.752926
4.023448
5.500937
4.729705
-1.810882
5.830012
0.6663517
7.569771
1.749639
3.566885
4.56662
4.109541
5.543493
4.161508
4.630916
4.031286
-0.7455413
5.74806
5.860969
3.849215
2.37894
4.060207
5.484308
-0.02424838
4.496897
4.61087
0.9349435
5.905383
1.571032
4.860966
6.031623
4.341188
-0.06440822
0.5887746
-0.4222905
5.26715
5.861999
3.092943
-0.4142202
-0.2752215
4.667551
-1.281946
1.133838
-0.3449595
-1.704612
5.012538
4.102441
-0.7728319
-1.38702
4.467564
3.127632
6.709824
4.76273
6.06884
-0.1416311
6.749996
4.551199
-0.6909855
3.159138
4.435602
1.199346
4.861254
3.605996
4.805179
3.83043
5.943997
-3.289841
-0.1487885
0.9299308
6.499871
6.123821
1.028895
3.848632
-0.221787
0.424561
-0.01606665
-0.3293545
1.640462
4.356551
-1.067624
0.07003473
5.878025
5.062634
1.579032
5.168144
3.50472
4.893775
1.605653
5.964498
-0.646721
0.443623
9.734528
4.327143
3.380269
0.2692485
3.901593
0.03606543
-1.2684
-1.056721
4.698028
0.1204853
5.847983
