-0.7466833
0.1690659
0.8881114
6.570856
5.59383
4.797221
5.155391
1.88872
6.173664
5.350538
-0.06076489
1.860799
2.816662
1.017925
0.1735287
5.666246
5.568725
4.695812
6.141735
3.849203
-1.424351
4.45004
1.34353
5.301545
-0.007763704
5.692727
-1.741744
5.929759
5.998094
-0.1249086
5.289913
-0.9476055
8.789262
3.881084
5.792682
4.650708
7.612375
4.903477
3.208153
0.3468429
-1.060011
5.153498
5.785146
4.461373
6.843966
-2.031781
4.51859
5.837123
4.132272
5.207639
3.442469
3.931459
5.543327
5.741072
1.143294
5.740299
-0.26066
5.584438
-1.195267
5.8303
1.403047
-0.130313
1.324169
2.043363
3.759449
-0.4213741
7.502406
5.273896
-0.2027972
-0.9414975
5.593227
5.488353
0.7186222
4.919332
-1.024514
4.84311
-0.6696996
5.55459
5.176414
3.898006
3.087066
5.831193
4.423583
0.5339677
4.841677
-0.5147797
4.721538
0.831398
1.884718
0.1084481
-0.6021591
0.6601708
4.098816
1.136396
5.805018
0.5188469
-0.132932
-0.2660067
1.91547
0.4342233
4.996923
-1.683412
-0.2190062
0.1921283
4.673452
0.8026638
1.006821
4.098777
3.524952
4.848862
-0.4820495
6.711943
-0.5773472
5.160244
-0.2140121
3.12613
7.064891
0.319622
1.510963
4.519971
1.522691
6.635779
8.328426
1.123212
3.791448
-1.074302
4.22494
4.506441
4.882891
3.936188
3.963582
5.741089
-0.6197118
4.997127
-2.767441
5.697682
4.175951
0.1557536
5.616032
-0.1234115
4.554499
4.218283
5.322451
4.004635
0.6153509
-0.6280289
0.1185078
6.054397
4.50226
1.664854
3.496905
5.872959
3.632115
9.55803
5.13462
5.230799
12.30853
5.967437
7.712152
3.691738
3.280719
3.79427
0.09516423
4.492835
1.249565
0.5879691
-0.9663407
6.652337
-1.278809
-0.9196471
9.325957
6.573692
5.379838
4.138897
-0.8617635
4.650394
-0.2432484
5.51885
5.850728
0.5690226
1.350723
-0.120707
6.045401
0.1880931
5.174174
-0.3688152
0.1805866
0.2527972
5.683319
4.636971
-0.3262357
0.5731144
1.042664
4.472285
0.09413093
-0.4786953
10.02449
4.328468
5.611052
3.430926
-0.4715358
6.218069
4.786922
0.3740879
1.984991
5.5872
4.025421
5.797625
5.080321
5.310161
6.095103
5.893952
4.879862
4.46665
-1.229287
6.944462
0.7762405
3.976232
-1.091432
4.426561
-1.074589
3.390799
5.742994
3.259557
5.38007
5.202325
-0.7715028
4.394205
5.663331
4.96145
0.3608005
5.591397
3.408576
-3.494686
6.055016
0.3382917
3.553914
0.4042493
-1.032292
-0.360536
3.537594
-0.8965467
1.416565
4.524262
5.725838
5.316738
4.944475
4.496374
3.077351
-2.869766
