-1.320211
6.866772
-0.2761345
5.828606
0.177362
4.035704
-1.189311
0.2144695
-0.9920285
4.499183
5.837404
4.745066
0.9127732
3.477201
4.847583
5.360812
5.159291
5.966065
-0.5171957
4.782736
-0.4130829
1.422795
5.172076
4.070671
-0.5762235
1.281817
5.383102
5.330402
3.188889
1.248728
8.008336
7.209783
4.214261
2.735123
3.299799
-1.77239
-1.069077
-0.5467233
4.56733
5.280335
5.041286
5.352863
-1.277983
-1.231578
6.276106
-1.449952
0.6169259
4.540485
0.7611223
-0.8000835
-0.488826
4.558519
4.246291
0.5208696
6.086172
-0.977807
5.508409
0.370673
-0.9512213
-0.3086087
0.4966206
-0.3420484
5.164919
4.035304
5.509031
-1.955353
-1.751834
4.144496
-0.5843801
-0.2915988
6.311821
5.238691
0.444641
0.2478367
4.610109
6.318634
1.204672
0.3426955
0.2652015
3.059727
7.180731
-1.305786
4.770917
6.154756
5.468507
0.4523923
3.871489
5.125266
5.111993
0.8639688
-0.5912062
0.0425949
3.980331
5.28266
-1.047621
-0.7629842
6.995965
3.881608
3.92757
5.835648
-2.026848
3.790595
1.291471
5.920236
4.493811
-0.7443859
4.656145
4.982718
4.203373
5.087132
1.945489
5.93892
5.128811
-0.6089219
-1.659276
4.415213
0.3023035
1.439183
0.1677768
-1.107824
0.6964444
4.702287
4.72088
1.2019
4.693262
6.156363
-1.424588
-1.090481
6.384358
5.523842
6.172827
4.322256
-1.668475
4.888516
5.042968
5.69102
-1.99765
4.260161
-0.2967798
5.808152
4.695304
6.123071
-0.2467834
3.120033
-0.1154741
4.022086
-0.5644454
5.015347
-0.4025621
0.3506576
3.785539
-0.1335027
4.704209
-1.856386
3.186765
-0.04749446
6.029086
1.059062
4.326484
4.661646
4.923166
7.11835
1.651913
0.6299942
5.143803
6.721502
0.554193
9.001951
4.635995
5.173557
5.273513
3.829908
5.215448
-0.1630021
0.370623
5.878145
5.174841
-1.264697
6.248963
10.38608
4.747703
3.060149
6.655597
2.204209
-1.211827
5.407884
-1.490876
4.911405
6.03837
3.767345
5.623046
4.495376
5.783114
-0.4286538
5.084046
5.368135
-0.5828001
-0.4594246
4.838876
0.1383371
4.820749
3.545202
5.754272
5.583823
0.4682484
5.452744
1.023948
6.182996
5.493113
3.919623
5.570664
7.575137
4.670552
4.472964
4.892651
0.1550948
-0.1512983
1.798861
4.984518
0.1398698
1.87537
0.1154591
3.928348
-1.811901
4.635168
4.259228
-0.1533968
0.1838915
5.762553
5.141175
-0.599455
0.1671189
6.062977
5.640149
6.541606
-0.2704562
2.045509
8.189154
9.527364
4.962899
5.643456
-1.621986
0.6228187
5.372097
4.989846
4.021544
0.8162503
4.812646
4.335114
1.383503
