1.614409
4.343854
4.867051
4.378698
0.2078934
0.3613976
4.543718
4.951846
4.78301
-2.356196
0.9112599
4.561478
-0.1900391
1.830329
4.715878
3.943939
2.489702
4.099708
4.479159
4.492633
0.01788925
4.490717
0.3935608
-0.893847
5.98146
5.142623
4.5719
4.850642
0.1229375
6.141629
5.109375
5.830746
2.034819
5.947726
0.7742128
-0.3190052
5.317658
4.790477
4.047836
4.809039
3.81088
6.490375
-0.8420524
0.158799
4.403611
-1.696352
1.256948
5.453654
-1.574959
3.345661
-0.3889478
-0.4844594
3.479541
0.1696029
4.461507
-1.640081
0.2503613
4.851218
2.958157
6.866028
2.765399
4.581142
3.026969
-1.658027
-1.531511
4.677826
3.766476
4.665035
1.070008
5.761848
5.046269
1.147153
0.5621884
0.1903119
0.677841
3.92383
4.894903
0.5111212
0.1940384
5.747615
5.879373
3.824922
3.565747
3.470421
5.965178
5.589287
0.3931918
3.147655
-1.517597
5.235396
-0.06534033
-0.1660809
3.360502
6.420112
1.831064
5.339448
-0.9844626
4.98295
5.508863
3.231831
5.138132
4.857698
3.941931
-0.4248698
6.053551
2.005991
1.691193
1.891556
4.75611
1.182069
5.385847
0.2006381
5.505032
1.181339
3.780173
1.680127
0.3082792
5.202246
0.5555532
3.866534
6.885642
5.053013
4.841574
5.049854
5.639887
4.141938
6.777226
5.844275
5.578039
0.6701908
-0.799131
5.29933
-0.7368949
4.924426
-0.242663
7.408592
0.1201667
4.446758
4.970043
4.117953
0.426299
6.18135
4.279924
3.950313
4.031386
-0.1122443
-0.4304698
3.691183
1.050146
-1.255215
6.307714
3.715082
4.875974
5.171169
3.895824
4.310504
0.1614802
5.177455
6.126599
3.483801
0.6875
5.083942
3.945072
-0.2080489
-1.250894
0.3862537
-0.6155258
6.197961
-0.1545119
-0.2598249
5.656509
4.941996
-0.6200383
5.666084
4.441707
1.180578
4.120217
-1.610398
2.809071
-0.1605109
0.8537542
4.375557
6.399687
5.381537
4.569393
6.618845
0.001284921
5.319089
4.138846
0.8731101
0.3181546
4.875286
0.3232105
-1.091559
4.904711
5.257941
7.623041
-0.8395464
5.826729
-0.4039215
6.551828
3.55096
3.378144
-2.125683
-0.9777688
4.341313
6.055664
6.267684
0.1050049
4.08493
-0.5352673
1.069986
-1.127663
4.838359
6.714726
3.202427
4.368004
10.30464
-1.540357
-3.034003
-0.8094463
1.633031
-1.52219
4.047479
-0.4028008
3.847667
0.997102
4.553834
-0.9237392
4.464378
4.165296
5.564143
5.127783
5.510727
5.298003
0.06742154
0.6133898
0.2478652
0.1564626
5.240304
3.244634
4.046395
4.458948
1.029358
-1.030072
4.591499
4.891904
-0.9554812
0.4524847
-1.247339
-0.6171135
4.044284
-0.1511311
5.938825
4.373088
-0.4099118
-0.06337946
4.60023
4.815596
-0.1214557
4.293897
-0.8705365
4.741128
-0.3942768
1.066279
5.598052
5.593839
-1.811879
-0.3079703
-2.830099
6.205102
4.218431
-0.4135901
-2.332893
5.269712
0.01723682
4.321035
1.261117
5.797599
5.021035
4.22518
-2.22538
6.499413
-1.738128
5.036177
5.067307
5.724723
-1.155168
5.717653
-0.939401
-0.3814365
4.403767
0.3261573
6.9415
4.071075
-1.169128
0.2057049
0.05901782
5.605575
8.460935
0.7921257
-0.3933015
5.89422
3.505553
5.413985
0.1644978
0.09399427
-0.3305042
0.9473766
5.784121
5.665132
-1.183799
5.684101
3.86988
-0.07437544
1.355507
-1.701902
0.9767855
0.986767
4.109323
4.685029
-1.471401
3.121868
-0.6970647
4.958278
-1.264347
4.387124
3.23289
0.2010207
3.755582
6.88686
1.1801
4.152426
5.509658
5.65062
7.396062
0.1072115
3.869216
6.528235
4.016335
5.839386
6.227008
0.4757551
1.902636
6.000613
7.16081
6.392527
-0.3354097
6.305344
4.229012
5.054879
5.351256
0.7728846
2.956386
5.010479
6.322161
0.6253456
5.140023
6.432354
2.722842
6.190706
4.43467
-0.04741611
-1.048199
5.115953
2.599405
-0.7519836
4.21483
5.122947
4.555889
-0.6176977
10.28315
6.210289
5.273436
12.74109
0.3214249
4.769303
4.347393
9.382631
4.828898
-0.5599203
-0.9866756
1.864693
6.352827
4.395994
4.520309
5.99316
-1.755998
4.435693
4.893135
5.976612
-1.688965
4.828917
0.9835058
-0.2701809
4.546085
-0.689749
1.02392
0.4213872
6.711208
-0.6440719
3.794895
-0.9622335
0.5132635
5.63369
3.914809
2.989129
6.372649
5.090307
4.743147
5.125119
2.110681
1.039233
-0.7335186
0.5012535
0.01632087
3.180209
5.348647
5.60347
4.511056
6.619008
5.080074
7.090663
4.412796
4.753586
3.223085
6.567568
1.23373
6.174004
5.448436
2.465065
5.759438
4.496934
3.297931
5.10008
5.796558
4.955012
5.913698
4.187382
5.705552
4.131026
0.5281654
6.329486
6.127876
-0.712331
4.882954
0.3557158
0.5417857
-0.9356432
0.2682506
5.668425
-0.654471
4.441448
5.37412
-1.95953
5.727966
6.189103
5.94096
4.156912
5.008589
-1.173572
6.717457
5.153612
4.284667
5.739823
0.1467292
2.915952
6.08629
6.092243
-0.08114761
-0.2785201
5.896914
4.416359
3.504383
3.595729
4.576526
4.66368
5.142549
0.8749669
0.00591951
4.138025
-1.317926
0.2354428
0.1729243
5.759166
-0.7645803
6.67383
4.24561
4.222329
0.9646317
5.208783
4.553547
5.664239
5.661415
0.01323384
8.801036
-0.3211308
-0.2476539
0.4491332
-0.07294263
4.045096
5.24036
0.7874472
5.105463
-1.995442
0.108706
4.886255
3.978115
1.034742
4.230329
0.2812001
1.00769
-0.8839421
5.007153
1.796238
-0.8110338
4.359224
3.265589
-0.1628832
4.620714
7.60966
4.437173
7.049907
6.013939
5.108278
3.504419
6.48886
0.1330931
3.186806
0.8788718
5.753544
6.809483
3.196865
-1.397293
2.458742
8.010846
5.682991
4.772427
5.868139
4.700984
-1.280784
1.91486
6.141647
4.932418
2.276833
3.664888
1.486259
5.104557
6.087402
4.271911
5.451556
5.089696
2.923184
-0.1666278
6.298824
5.767838
0.2917893
1.176581
-0.4914874
6.699863
6.749475
-1.229684
4.517618
5.514412
3.929213
5.122572
4.541525
0.2401472
-0.01424201
1.51744
0.579916
5.87844
-0.9139578
0.3653798
-1.775182
7.053167
5.329914
5.867694
5.118401
0.5687989
4.721224
4.806917
0.5603672
4.259307
0.2647078
5.18022
5.186143
6.18523
4.84663
-1.176979
0.3435409
-0.6110465
7.616189
1.248537
-0.2252732
5.119729
1.093767
3.088879
-0.5097581
1.413248
0.01129492
5.982329
4.699249
7.278025
-1.790028
-1.045516
-0.4122369
4.14378
2.935519
3.772983
-0.4206823
4.779154
1.464637
5.541039
6.164407
-0.4947822
-0.3712582
4.417202
5.398795
0.2596847
6.254957
-1.706678
5.045843
5.163914
-1.427609
-0.343065
-1.748277
-1.862654
6.11397
4.534615
-1.212125
4.835234
3.16122
-0.04605923
-0.5631687
0.5496961
-0.7696894
0.07210099
-2.101602
4.595144
-0.895008
-0.1795559
4.583738
6.006302
5.771063
1.422793
4.365896
-0.3694167
4.349493
4.719722
-1.227349
8.297259
5.151827
0.9118148
4.85423
1.369455
5.832546
4.768931
5.234609
-0.9895425
-0.2004663
4.550445
5.11551
-0.028289
5.475724
-1.000779
-0.3737636
5.114506
0.007018101
-0.3845638
0.09692313
5.535441
8.579123
-0.2973686
-1.285399
4.521519
0.5831005
3.234981
3.904784
4.104279
4.257102
-0.3688914
4.130877
6.593707
3.748699
-0.4744576
-0.3243678
9.777616
6.054731
-0.3581583
5.044099
-0.5786402
4.292317
5.078779
4.506793
2.000285
5.614285
5.636406
5.635304
1.663309
7.134757
-1.962205
-0.968314
3.442746
-1.450333
4.118453
6.642458
6.147779
0.3276265
1.065263
-0.9098588
-2.115593
4.945566
5.507445
-0.7166333
3.511638
3.528755
5.934406
7.638565
-0.1815711
0.15676
0.5889076
-2.210379
-0.08289938
-0.1006092
5.10567
0.7389253
0.7656102
4.382793
-0.9830584
0.6211199
4.724769
-0.4803725
5.332735
3.181596
5.364754
-0.820635
2.062617
5.413907
5.825899
0.7546292
5.276873
4.52516
0.6280394
4.933182
5.943774
0.7145322
-0.5479437
5.806759
6.155766
0.1568551
5.435479
0.3751294
6.358264
4.348867
-1.125464
0.2580159
9.452357
5.474445
0.8349465
6.81611
0.05569023
5.259275
0.04848128
5.735113
-0.340592
5.09166
10.21917
4.781269
5.927411
-1.012247
5.535341
4.775827
5.718999
4.753073
-0.6633565
5.379371
0.3325109
3.166598
-0.1740359
7.549565
3.995498
6.130699
-1.291296
0.2795754
4.542468
0.2066005
1.21035
3.922162
-2.145292
4.76797
-0.3973562
0.7929903
6.065938
5.55309
6.673871
3.648053
-0.1012121
3.810486
5.179111
5.797808
7.130572
3.380882
-1.080277
5.739218
0.3051177
4.796106
0.3309173
4.306682
2.072712
1.149444
0.8131212
6.69181
-2.777052
6.622851
-0.4672501
3.698663
1.389559
-0.2723329
1.170488
5.03896
3.621207
0.2897876
-0.5496261
1.753973
5.511937
0.8867118
6.553415
-1.331059
-0.2306921
3.883783
6.306784
4.673299
5.549605
-0.9056287
5.633129
10.45938
3.705224
1.222079
5.460876
6.963145
0.8621776
-0.3495012
0.3207382
-0.01276186
6.295799
5.155248
4.978519
0.007751037
6.065798
0.9246121
0.3345131
1.84419
-0.09072959
-0.840153
6.304206
1.151077
1.594783
1.305278
0.04294943
4.353751
0.8635139
5.374572
6.457206
6.977704
5.912997
6.092165
5.567267
4.869382
4.814041
1.290739
0.8634062
4.337004
4.973168
-0.4517345
0.6983463
-0.6104519
-0.1365358
-1.487411
0.2105664
0.01502359
-0.009693639
5.652014
2.791598
3.474824
1.033119
3.716812
6.540556
5.657345
5.676214
3.796095
-0.272199
-2.481542
-0.4230833
-0.2382726
4.01516
9.263978
3.46468
1.42051
0.861712
4.340105
4.841518
7.42312
4.868518
3.316854
4.536647
0.08260571
-0.8932616
1.329056
6.14682
5.295726
0.5362376
5.1898
-0.3085699
5.704026
0.06809211
0.9294721
-0.6955258
4.92047
5.229791
4.919265
6.409828
6.580388
-0.3331895
2.100617
2.263739
2.044531
6.973809
-1.103538
4.543775
-1.640028
-0.09000009
4.703517
3.610907
-0.8325075
2.961171
-0.5040112
4.071078
-2.198496
4.650916
3.148111
-0.7179862
5.727794
5.553383
6.439849
0.7833778
5.890136
1.335521
5.083163
6.449158
3.977381
0.4797266
-0.478563
1.086026
-0.3180337
0.9897005
5.307304
-0.5032272
6.551903
-0.5963195
5.087383
1.435197
-2.312603
3.86563
0.8444776
5.330633
1.632269
-0.2503718
1.916012
-0.3115172
0.8990618
0.9264015
0.3942581
4.710441
5.800775
-0.4207882
0.243486
6.666992
5.828595
7.059937
4.460845
4.536594
4.804301
-1.399121
4.713597
-0.3513123
4.374124
3.918036
0.6134813
5.948388
-1.903298
-0.06482406
4.51658
0.3021748
1.076883
-0.9736212
5.568698
4.151962
6.758941
-0.4114953
-1.718462
-0.1499897
5.051726
4.984977
0.8235837
4.587443
4.466826
2.061621
5.981353
-2.051989
1.919576
4.998172
-0.8361482
3.232486
2.881216
5.656809
0.5681152
-0.4022369
5.550427
-0.5886524
-1.887466
4.211105
-0.25334
4.728445
-0.08669746
-1.210012
4.715994
4.907582
3.560592
-0.5294259
4.780163
5.741173
4.98764
5.567388
4.539616
3.195647
3.350473
2.957497
-0.4393759
5.333779
0.7875278
3.965888
-0.9181038
-0.3292351
0.4319193
8.778083
3.578135
0.848522
-1.060673
-1.45371
4.636138
1.683325
-1.035787
-0.05225516
-0.382711
5.373934
6.502087
4.244118
-2.325094
-0.4879739
2.814789
4.949464
5.12811
0.5034256
-0.2466608
-1.083717
7.627146
-1.380338
7.222478
1.448025
-0.04960334
4.231254
-0.982873
0.1894786
0.6050506
3.856425
-0.01069448
-0.07957567
0.2512942
6.093127
-1.226684
4.347891
0.01359648
6.928453
5.239197
4.600696
5.466014
5.274487
-0.2091422
7.290129
4.648203
4.333738
1.468717
-1.332892
0.935048
4.812981
1.150688
3.921329
5.797009
5.282131
0.4491418
0.4978202
0.7116951
5.070169
5.674702
5.898104
-1.943684
4.590584
0.359763
-0.2834623
7.304849
5.18092
6.447676
4.09249
5.416276
-0.594646
5.586795
5.635126
0.931435
4.566097
6.147269
-0.2940113
0.02761938
0.1507655
7.112359
6.380753
-2.54762
-0.4549299
-0.6699183
0.1013823
1.294347
-2.048093
-0.189558
5.789687
4.781235
3.547644
-0.7639985
0.7660854
5.337788
5.261087
-1.562826
4.89546
5.740738
5.99171
0.8232182
4.328938
3.846623
4.692243
-2.36626
-0.2266727
1.880973
4.274376
2.776643
4.847731
-1.048448
5.841123
0.1582936
5.332977
4.101852
5.30271
4.566341
5.655494
5.522889
4.334532
5.210473
6.143962
0.5106114
5.487938
1.081471
4.93614
2.344372
5.404689
6.662116
3.953548
5.785406
-1.560299
4.611045
5.482523
3.858926
-0.8880676
3.817603
-0.2015389
4.513654
4.169758
5.508335
0.1442047
5.510087
2.809073
1.132831
4.738719
4.863851
5.590536
-0.7965939
3.690948
5.864817
4.953558
6.429837
5.137711
0.4298182
5.527013
4.36628
5.294269
3.831404
-0.7134375
0.8929728
0.574615
6.430351
5.347148
3.726468
4.071227
-0.125072
0.6897219
5.808758
5.596765
5.079189
5.276554
4.385148
5.609461
3.48712
0.5380412
5.628289
3.878631
-0.08757403
4.60449
6.49034
5.168011
5.669868
-1.93672
0.03276273
3.478828
1.286999
5.760538
-0.06900397
4.43133
5.636483
3.737018
5.078457
-0.3883939
-0.3314863
4.931757
1.021489
-0.0766076
6.248301
2.987911
4.007533
-0.3062203
4.823821
0.6411074
5.823881
5.445724
0.4552315
0.3369763
5.69647
0.337938
6.560096
1.11486
4.218426
5.942826
-0.8938567
0.9660163
0.06726298
4.620859
4.384371
0.7704646
5.152902
4.901838
3.762949
5.338965
-1.167091
-1.383006
-0.3353267
4.922119
5.161042
5.374521
-0.2467249
4.825217
5.907666
4.534771
4.782516
0.9867089
3.976916
-0.2812554
4.084236
-1.048817
0.4577785
5.676894
4.273744
0.5194786
6.098869
3.37974
3.712984
1.043809
0.3756178
3.390907
-0.3108351
0.1692728
6.357651
0.6458739
-1.26828
4.163667
0.7361164
4.55471
0.2164271
0.8323492
5.566852
0.3700927
1.255625
0.3592716
3.672965
5.676761
0.5210968
5.971006
4.749731
-1.165599
0.9907064
4.554895
1.484968
5.218561
5.992228
4.905853
-0.07117724
0.5236809
6.362639
4.117259
0.9478758
8.556437
1.346417
5.934822
5.610146
5.112637
0.2419799
2.118075
4.661729
5.947629
-0.7679398
7.83151
9.100625
5.734241
7.279823
4.819126
5.071533
6.13299
6.581085
3.932627
0.4464037
3.743921
4.886139
5.759513
-0.9534802
3.705982
0.01638561
4.173332
-1.331876
5.7858
2.283154
4.550176
7.426532
4.220189
-0.3911543
0.2260498
3.406376
0.1700713
4.424934
5.042181
0.318648
5.012456
-1.464178
5.555171
0.1168086
0.6081271
5.243261
-0.6743861
6.145742
0.9534081
6.393057
3.881655
0.6480306
3.161216
-0.5469124
5.612282
6.988247
3.293186
6.646815
0.8425654
5.053077
6.819327
3.368093
4.221024
6.058602
4.148672
4.425102
3.686347
4.707163
4.689687
4.046052
0.5357419
4.63983
4.357497
2.395821
3.779916
0.5076595
4.076727
6.692831
-0.4036608
0.6032984
5.219321
0.5138742
-0.2870144
5.183879
5.243881
5.626744
1.028355
4.25521
5.003315
1.253151
4.185671
-0.203618
0.6831599
-1.92431
4.41182
-1.200494
5.030577
5.893776
-0.5689195
-0.1088546
0.1399805
2.565809
4.120077
3.016933
4.720145
4.226967
3.755098
5.792517
0.3264518
6.220097
0.8090954
-2.61145
0.8233473
-0.4724398
5.009345
5.133563
6.488643
0.009692753
-0.1934845
7.131244
-0.2933966
7.225165
4.441821
0.6314566
1.162854
4.676888
2.787233
5.735717
0.3959252
4.94958
4.696948
7.704369
0.0223319
3.937536
5.144152
0.3190079
-0.4880234
0.6328187
3.175559
6.172781
0.3509951
0.01811523
5.047722
5.666071
5.07613
0.3051145
-1.352237
5.888083
-1.563436
3.719018
4.019974
6.005982
-1.350584
3.625887
-1.343709
3.319617
3.003098
-1.336332
4.001967
5.233191
0.3172128
4.551516
4.947413
6.372696
-1.229399
6.596008
0.0978047
3.676455
4.587039
-0.206763
-0.7617522
3.755658
5.863041
0.6931215
5.24489
5.272631
5.749228
6.854609
0.4531769
5.802163
5.388045
-0.554663
6.006649
6.642524
1.087191
5.726936
5.239324
3.015985
0.06035358
0.4092873
0.5745435
2.200495
4.162198
5.604193
4.274426
6.527288
1.414981
2.090773
-0.6314069
0.5934261
5.228367
5.453528
-1.349464
5.385873
4.032292
4.766889
4.835308
-0.07329339
4.549789
0.6593514
0.4343113
3.295563
3.911405
6.095446
0.6259514
5.302536
4.175147
4.197719
0.9323034
7.35651
4.892918
5.037848
0.06081466
-0.8501839
5.233175
5.136053
7.88667
0.1998867
3.988485
0.3052402
4.349789
-0.4884543
-1.342215
4.880552
-2.072766
5.534273
5.626266
5.021243
-0.555898
-1.189595
5.351778
-0.08975888
4.465735
4.672782
4.959024
1.140654
-0.07875329
5.729235
7.546455
1.907267
4.65118
4.170696
5.040399
-0.2793507
0.9090241
3.875607
5.097449
0.5328105
5.682593
4.954101
-0.9889352
4.606105
-0.5665124
-0.03514071
6.219849
1.480725
6.579819
0.5360915
4.260777
5.444285
3.486637
5.684534
3.564203
3.891687
-2.378496
5.458046
5.352214
0.6762501
5.066675
5.340594
0.9132988
3.45141
4.355836
5.772362
2.965033
5.785208
3.851926
-0.02146203
-1.22386
3.708201
6.137632
4.643782
0.04961536
6.453765
5.400197
5.215493
-0.4819658
-0.4357304
5.439964
0.2412085
1.209632
5.276231
4.037756
-1.810165
6.531063
4.59838
0.8735204
5.356491
5.549057
2.13914
-0.9595908
-1.668194
-0.5657291
0.7639827
2.347946
6.555261
0.08918361
4.691472
6.025995
3.270781
3.742203
2.892253
4.669026
0.1846974
3.828067
3.252779
5.898999
4.362917
0.3057276
5.876699
-0.05394205
2.749328
3.86125
3.330746
5.442001
1.28017
-1.887023
-0.2688342
-1.28018
5.323121
5.803977
3.372948
7.31914
4.451312
1.824894
6.417063
3.762154
5.518674
0.4233479
2.129245
7.55013
5.114185
-0.3729344
0.3524785
3.401548
-1.382792
4.891815
4.470786
-1.504656
5.251448
7.114249
7.585687
5.121375
5.793913
5.254268
-0.5163835
5.279306
4.472105
-0.2290154
0.1631499
-0.6668139
4.330805
5.564436
0.5818691
1.041073
-0.2046927
2.391543
4.861891
-0.006129611
4.067915
1.503709
5.153956
4.35634
-0.5040986
0.9860054
2.857925
5.815139
4.726685
1.27467
-1.044238
6.391436
6.489739
5.905328
-0.5383442
-0.04490933
0.8629815
3.775691
0.5960743
2.274201
4.032703
4.899429
-1.738336
6.058558
0.3132496
5.559349
-1.546519
1.470188
1.069893
6.069342
-0.8994524
5.931367
0.5402475
-1.665736
-2.385676
3.39135
3.298214
7.0091
4.828174
5.333351
4.785658
1.671713
0.06057099
6.358243
5.231377
4.749798
5.653761
-0.55323
5.31994
4.010156
5.270653
-0.9935541
5.825429
7.435832
5.09848
6.166851
0.5884067
4.989046
5.72868
6.894
5.504377
5.620116
-0.5814073
1.755029
5.350013
5.185574
4.49667
4.138064
3.517665
7.931094
5.459845
5.570917
6.678804
5.08198
4.847202
-0.04332624
6.201491
0.5539348
-0.2475499
-0.008218702
7.103419
1.193702
1.400909
5.012467
-0.03787329
4.271186
5.859184
-0.9539007
1.162854
4.974387
7.607924
-0.5674023
3.585988
5.083642
5.329398
-2.735617
7.010224
4.25805
6.608534
5.911024
1.625253
5.158999
6.403643
3.412722
-1.572186
5.031647
3.652222
-1.08372
4.01956
5.659897
4.434533
4.97126
-0.1072168
7.070207
4.181571
-0.593983
-0.2188514
4.213102
4.135841
8.806452
3.999931
5.788738
4.703802
6.709214
2.497817
3.852846
4.912031
2.179234
0.5544489
4.413971
-0.1247908
-0.1926515
-1.531344
6.159151
3.930197
3.125692
5.086547
-0.8693357
7.956039
6.478533
4.07173
1.922319
5.090826
5.788804
4.69218
0.804568
4.119203
7.998544
4.018696
7.396084
6.915276
-0.9625734
4.444778
6.503956
4.996786
5.486006
-0.3470592
5.358697
7.213561
-0.6102368
-0.7549644
3.91921
4.875097
-1.620567
5.330678
5.201778
4.404039
0.6315434
1.487194
-0.1484325
4.716123
-0.807994
0.7816694
-0.2846092
1.456132
0.8675584
-0.2044794
8.563086
-1.994631
5.332016
5.513829
0.3700468
4.246764
3.418613
0.5558567
5.579078
3.590102
4.583112
4.822898
9.029151
-0.9474114
3.991365
6.017664
5.335395
-0.8661527
2.054962
0.7117757
-0.7086473
6.373045
4.334888
4.82398
9.251727
-1.244588
-0.6023817
4.926868
2.905737
5.202176
-1.273258
3.832588
4.156153
-0.7474747
4.481544
0.9408837
4.987173
1.290996
5.011339
6.109557
3.076672
0.4486664
-0.4330796
4.836127
5.202247
4.234332
6.032709
-1.167698
-0.3773348
3.673514
3.624551
-0.3499147
-0.6269763
4.31549
4.571811
-0.3057819
5.230266
2.157164
4.580774
4.868248
3.410443
7.02809
5.343866
7.614753
8.701045
4.820147
3.362914
5.161655
4.630412
4.962155
-0.7573212
3.817808
4.134285
1.307006
4.122119
3.922405
1.622312
5.182749
4.503589
-0.8024234
0.0805189
6.362246
5.197108
-2.317196
-0.4062369
5.444191
1.138761
1.286521
4.63356
-1.595324
0.2974646
4.221695
6.078499
4.415202
0.7284527
8.023253
0.6829788
4.54297
5.258227
4.985194
0.705979
-1.238281
-1.676622
4.442354
7.327974
5.949942
5.214249
5.107691
-0.350655
-0.470156
6.482168
5.215109
1.042284
6.182879
1.166514
-1.390268
4.794314
-2.123824
-0.6869597
4.878899
3.869327
5.986425
5.167452
-2.750997
-0.4216467
-1.025016
1.207936
5.760834
4.589802
4.798544
4.566007
-0.7759465
7.290697
5.459733
7.959826
3.339669
0.08673372
4.882089
4.767093
5.763795
5.918844
-0.3352011
5.145584
5.681897
0.3904137
6.3281
-0.1484817
4.746571
3.0802
2.164079
0.1681983
1.323807
3.558932
4.124346
5.028955
3.844574
0.280414
-0.2025151
-0.1133186
2.011584
5.786146
4.149721
5.913233
6.620128
7.16269
5.67666
0.4870428
5.828289
6.715598
4.917611
4.673849
5.020988
4.527812
5.379252
3.00764
3.642782
0.2707546
-1.00324
4.48719
-1.016476
-2.156752
1.503918
3.397969
4.660885
1.165659
-0.1280984
0.02619611
4.370769
5.71764
4.343017
5.528428
0.532636
6.558194
0.5671624
1.030202
1.687962
3.320229
-1.034454
2.748261
0.9051619
4.596065
6.60631
0.1947843
-0.1014097
0.9416672
2.051649
1.100262
5.509411
-0.1017763
0.1015234
-0.7704857
1.418724
0.2863714
-0.8322724
9.654287
-0.7936294
0.3954316
5.726411
5.196942
0.6876348
-0.8126333
-0.303485
11.19759
5.048941
5.559222
3.710471
-0.2729753
-0.2990434
2.955001
-0.1221949
-2.525532
5.806889
-1.014692
-1.142581
5.048798
5.415501
5.285026
-0.5986059
4.326667
5.03086
4.453031
1.202149
4.811111
5.011961
3.502957
4.818502
5.844565
5.391293
-0.5463387
7.360938
2.949926
-1.072508
0.5528995
1.455861
-0.9757719
6.41091
-1.836702
4.27775
2.106364
7.568752
4.900452
3.955541
0.635162
4.94407
1.490382
3.629824
4.179299
4.03573
-1.34737
-0.9452405
6.487009
1.500126
4.756132
5.646055
5.14531
0.8679914
5.287253
-1.090997
7.345779
0.4915341
-2.117958
4.087756
5.615414
6.751377
1.442497
5.279544
0.7216084
6.246654
8.32371
4.599065
6.326434
1.034467
-1.426643
4.78135
6.315721
7.199562
-0.8826938
5.896225
-0.1306267
3.383166
4.264012
5.840078
6.177152
5.077274
5.277753
0.4487671
-0.5027235
1.368595
3.786461
-0.0682127
4.999122
1.067746
4.940996
-1.293811
3.103071
1.51626
3.32994
5.546372
6.407051
-0.2683548
5.608909
5.168363
6.773497
-0.09509676
4.420846
5.889706
6.401819
5.721621
-0.8050525
0.4584608
-0.6457151
5.19894
6.531016
6.096944
-1.114724
0.07643711
9.273173
-0.7708501
5.09075
-1.251214
-0.3856181
-0.8450174
3.884393
5.315111
9.941923
4.691918
4.293418
1.848723
0.5541378
-1.906534
0.486485
0.3635096
5.342432
4.087562
4.756415
-0.436484
-1.005583
5.972986
-0.3275056
0.805308
4.687003
-0.6462761
6.675559
4.187664
5.37935
5.958915
2.608028
-0.2282048
5.25769
10.34693
4.821535
5.666241
4.528218
4.355495
3.922186
4.649848
4.776225
0.6830676
4.174058
3.199254
2.938267
0.9435643
3.219356
5.331483
5.194192
5.348855
3.903309
1.053527
3.024756
-0.5136133
4.169619
5.133008
4.737539
0.1564295
-0.9818281
4.515677
6.307404
-0.4862686
5.531329
0.3908397
2.569427
4.098047
5.568476
-1.384361
4.084823
0.1250785
1.929209
3.988836
6.125068
5.569795
8.742022
-0.4588248
0.7620911
6.06517
5.529365
6.83403
4.965837
5.043545
-0.04562989
-0.1299285
-1.014542
8.562894
4.907881
3.92131
4.756882
4.509764
5.480587
-0.9316017
-0.6082534
-0.1414564
4.501183
6.925649
1.353651
3.713541
0.6584601
2.047575
-0.7157704
-0.6138762
0.3556328
5.552436
3.955344
-0.1271169
4.409733
2.095974
0.2935402
6.864691
5.286454
4.319573
4.358842
-1.165035
4.101333
0.5399843
-0.198935
2.461898
5.468207
-1.380435
4.919789
5.06124
-0.6956857
5.426205
5.384517
-1.273468
-0.8497156
6.147343
-1.677699
0.8463397
-0.1751781
4.593047
-0.8728804
4.297365
5.546067
3.538174
4.361965
0.289295
0.4177676
3.454675
6.545638
0.7387703
-0.1636265
-0.473449
5.108786
6.375973
5.739576
3.981175
4.374807
4.919372
5.712813
0.3518171
0.3795289
4.854164
-0.6718884
0.007743982
4.82283
-0.06969784
0.2539449
2.729565
-0.2195547
3.350851
1.378124
-1.290346
5.868512
5.659094
-0.2653988
1.289551
0.4067992
5.54981
-0.5704483
6.631019
6.898481
-0.06282917
6.189313
5.108283
4.829382
0.4329504
6.086968
-0.3274652
5.194723
3.351402
6.581906
5.290428
4.781428
6.234524
-0.108714
3.876153
3.359299
5.741284
0.5899771
4.381532
0.473327
-0.5863703
4.381451
5.490722
3.649436
5.465705
5.895731
0.177012
6.198283
-0.3646885
5.645903
4.710147
-0.8220537
0.8524029
0.8428825
-1.320969
-2.765812
4.328853
-1.844382
-0.3842906
2.137008
3.75926
0.06846826
4.133968
0.5155801
4.712891
-1.832601
3.920925
4.178782
5.513357
-0.6011984
-0.3546905
-0.5795457
4.867196
1.474314
8.387036
1.535167
5.775993
6.265254
3.979707
4.814365
3.919577
5.019243
3.799647
6.046634
5.519629
3.446153
-0.660242
-0.9341968
6.43585
0.5023485
4.826495
5.184675
5.524855
5.136966
7.251912
0.1421934
-0.2306689
-0.6515992
3.136898
1.050174
3.626663
-0.4071437
6.913982
5.172455
-1.061352
-0.6690278
5.890202
5.30522
5.295739
4.969052
6.761568
-0.1051101
4.943335
10.40051
-0.1732834
3.590569
5.304875
1.914899
6.203415
5.134743
4.969448
6.391157
4.203558
0.257533
7.595347
0.4323713
5.459392
-0.4782992
0.2872326
5.578411
5.127081
0.9521098
6.536646
-0.1902404
4.066426
5.666701
3.867421
-0.8776313
-1.773452
7.30975
0.2782274
4.400908
-1.048533
-0.6485189
5.155947
5.622831
1.089909
4.059674
0.8070515
-0.3363354
5.500559
6.310847
5.383701
0.2616865
-1.938863
0.7605443
6.241068
5.174952
4.644895
5.242912
-1.348275
4.455474
-2.246213
-0.841891
4.648243
4.431361
3.057595
4.821266
5.791826
5.398635
8.975021
-0.5635051
0.1612674
5.872577
-1.341042
-0.02336693
5.37905
0.9304475
1.206118
0.1445381
6.471864
-0.09268736
-1.304804
0.1792512
3.984091
5.142709
6.135818
0.2038825
0.07607045
4.699001
1.668952
0.6353468
1.963472
-1.444573
6.333451
7.048676
4.107438
6.264596
5.380518
7.571721
0.2098491
1.76066
-0.3706126
3.391302
-2.480414
4.991579
5.142748
4.834381
4.388813
0.1759085
4.900735
6.103242
-0.6698356
0.2499694
4.297791
0.8419997
0.4048613
1.029431
-0.2860695
4.932144
4.915482
7.698892
3.962101
3.368713
5.809909
-0.3085216
0.7859068
-0.537757
6.717513
3.862543
-1.745554
5.272897
0.8745884
-1.343303
2.133884
0.806676
0.9425447
4.722738
7.232533
5.742528
5.277231
8.526719
4.408577
7.683108
4.942804
3.835695
-0.2556057
3.263023
4.514083
5.682021
0.2273978
3.616318
5.416607
1.675663
-2.006468
3.61077
3.184616
4.00457
-0.5623599
7.79837
4.221623
-0.0397549
-1.203507
0.9297623
4.368221
-0.3386567
5.302707
-1.110901
12.29484
5.399894
0.2793765
4.289581
3.503684
1.56543
4.425757
4.602556
5.876006
5.881419
1.23333
0.9845026
-1.537298
-0.4657095
0.1229678
-0.2398317
3.138914
3.174556
0.2383893
-0.661645
0.8965664
-0.1882237
4.702523
4.542887
5.000843
-0.3498476
3.901915
-1.709022
0.002722457
4.939412
5.298641
6.592724
-0.855419
5.330372
7.485743
2.536148
6.993092
4.341866
1.279509
6.966382
6.388047
0.4032111
1.897533
-1.672707
1.168642
4.556836
-1.435454
4.341213
3.725276
5.46127
4.281784
4.917949
-0.3024803
6.214909
4.306758
-0.03676586
6.526112
4.868152
3.894314
-0.8331698
0.6242785
5.197517
0.2765954
-0.1064731
1.809578
4.162156
1.041982
5.495862
0.6306137
4.723298
3.949128
4.641692
4.211115
-0.07284945
-0.2443419
4.717476
-1.502056
-1.398198
0.2458575
4.152885
6.675233
4.633416
0.606933
5.766207
-0.02099084
4.185248
-0.339849
-0.585883
-0.3333379
-0.3358898
4.71042
3.947319
6.685865
-0.1730601
5.904213
-0.3847809
5.563265
5.617063
4.528273
5.494032
5.852514
-0.2181975
3.783859
5.326851
2.442656
4.140115
3.321308
-0.4933537
6.5689
4.373343
2.51798
5.259838
4.562673
1.813085
0.8114584
-1.36133
-0.1621153
5.203334
-1.318261
5.428341
0.1667307
-0.3985386
6.714137
7.114161
5.982359
5.179209
9.13389
4.669213
1.237135
6.467819
4.131566
6.350708
1.233684
1.411475
5.210965
4.827341
5.306922
4.852983
6.414305
1.158552
4.249892
6.325583
-1.862019
5.487671
1.395689
5.0167
-1.310816
7.491283
5.038031
0.4908727
0.07414906
5.441851
6.587977
4.912014
4.914222
-0.2319339
3.738653
-1.238401
4.610075
5.553859
5.703116
1.101001
-0.1469538
4.758274
6.30332
-1.306137
3.421073
4.933055
0.5016704
6.399517
5.228414
-1.444449
4.714061
3.902156
4.670018
4.458694
4.219101
5.486138
4.685018
6.877751
4.38151
5.859347
3.981809
0.978532
5.1869
3.34711
-1.654373
1.701532
4.509004
6.645421
-0.8786939
6.459529
2.047832
5.316929
0.4103287
0.7053091
4.742482
2.613928
6.162503
0.6942074
7.1261
0.06380395
0.6979298
5.465266
0.9039376
4.445813
-1.991303
-0.4438635
3.126501
1.529931
5.057149
3.867677
5.327098
-0.1139495
5.391652
4.7451
1.157193
6.151958
-0.3653288
5.886401
3.951838
-0.9566306
0.7978348
6.320179
-1.16352
0.5103163
6.20941
5.961807
2.740867
-0.09214256
3.295756
5.539711
3.871226
4.536415
-2.746987
1.622636
6.240189
5.255498
3.41237
-0.7179013
-0.6719339
3.383241
3.627224
5.986468
5.118878
1.534983
-0.502121
-0.8475907
0.05694143
4.522781
1.011838
-1.451713
4.099421
5.424049
5.171179
-0.1452395
-1.347083
7.62332
5.241195
0.03499873
0.4356257
4.73999
6.339914
0.4080837
0.02270288
0.9193147
-0.3807069
4.649467
2.17822
-0.2392599
4.252869
3.197707
0.5624627
2.377955
4.566771
5.088014
-1.115341
5.131794
-1.11401
-0.388819
2.970613
4.927805
-1.148008
0.447168
-0.7874987
4.311551
6.303908
3.499719
4.819928
-2.015359
3.476815
4.986447
4.325082
-1.441319
4.632991
-0.0406323
4.193449
10.87497
6.1433
6.014528
5.761719
4.18114
6.844324
-0.9225741
-1.146709
0.7940567
-0.1896845
6.10292
0.3323646
5.869231
-0.1551382
5.318879
0.6963416
5.716011
3.221975
-0.8783876
9.463652
0.4474604
5.963576
-1.339924
1.621203
5.478059
-1.133155
2.0736
0.6415754
10.65579
0.5962459
0.6733064
-1.096597
8.624294
5.38411
5.786017
5.493354
4.441914
-1.296621
6.992472
6.852182
5.13564
7.846248
5.013001
5.187079
2.769011
4.82694
5.382705
0.3130064
-0.7688386
0.3337879
-1.587283
-0.2873184
0.123785
-0.2395181
-0.4522733
-0.07807946
5.955097
6.437413
4.771689
6.611513
3.383586
3.866246
5.573688
-2.890399
1.865447
7.437192
0.04305264
4.228075
5.081773
5.565411
2.266654
5.814714
1.05282
3.890847
4.20491
5.52582
-0.2270147
4.691603
5.014674
4.149457
-0.5483112
0.6339312
7.980857
6.246622
4.757946
5.105588
4.698351
4.631244
5.840089
-0.02197006
5.042138
4.671256
-0.007304773
5.29276
5.149125
1.969661
6.04315
3.626991
4.691883
-1.99037
4.739079
4.260181
5.238426
4.011601
6.445204
4.579815
0.4117974
5.605415
6.269524
0.6398429
6.478528
5.852798
6.091808
5.213293
5.262233
0.3283079
1.043452
3.921201
1.69488
1.620177
4.342105
-0.7528104
5.409793
3.649264
5.389278
4.696692
1.423824
5.134793
5.340037
0.0335454
4.575788
5.978667
7.228361
3.956637
0.9787892
4.041424
3.420884
5.70492
-1.790089
5.863752
4.844862
1.684917
2.433623
-2.247912
4.611516
-0.2490903
4.984814
4.16613
-1.71102
2.869657
-1.665497
6.30916
0.7772138
-2.215593
5.701009
4.85128
1.331682
5.997328
3.588932
-0.07110698
-0.3336315
5.614919
-0.703589
1.079282
5.65219
5.429162
5.120607
5.355131
-0.7038072
5.823697
5.6483
-1.657379
6.922589
-0.2839157
4.754537
5.460395
5.287722
3.60807
3.905894
-0.06725577
0.4723713
-0.7911707
-0.05917252
5.169876
5.447402
5.551361
6.080328
1.074097
4.71632
-0.3758707
3.684534
4.622795
-1.926615
-1.014769
0.8214455
6.222308
5.527642
-0.6762526
-0.8711966
3.790525
3.060713
1.085954
5.156715
0.1238535
4.918522
4.820712
4.872823
4.895937
0.8997243
4.856439
-0.8481176
7.52463
0.2781913
5.007994
3.634428
0.8429393
3.403412
6.217547
0.7202323
1.519215
0.1320269
3.713335
6.375496
-0.5545539
5.011052
0.695994
7.261157
-1.156889
0.03536775
7.839395
4.07199
4.344876
5.398139
0.2255989
4.821178
0.6193749
4.579345
-0.6028551
4.066768
3.338923
1.918887
6.00231
0.01646684
0.2526079
5.166535
4.387323
0.2507438
6.223149
1.495978
4.544378
1.426784
6.083228
3.418213
0.9727598
6.355472
-1.234677
7.051053
5.637601
-0.1544451
6.617431
-0.7077248
5.839255
6.554448
0.8027173
-0.2962644
-1.445443
2.907022
4.357132
-0.1742396
0.4993589
6.281178
6.309605
1.130798
-2.56323
4.571507
5.667117
5.364871
5.273268
5.693249
-0.6232278
5.353215
-1.739776
-1.924819
3.180601
4.084752
-1.328994
4.178567
6.444817
2.26265
4.199323
-0.7249518
0.01841943
5.28084
5.200909
4.653013
3.376238
6.350942
0.5460655
-0.2352867
0.3437183
-0.3107586
-1.577998
5.157261
6.861003
5.586994
-0.5346575
4.457098
0.1290768
9.612148
3.946802
5.789884
-0.04943489
5.471906
-1.7004
3.940828
3.272439
1.153813
0.2853683
0.7261529
5.367125
4.526934
4.965215
5.430238
4.564709
-1.223757
-2.246738
-1.149508
0.2423991
0.6606073
8.579064
4.272257
2.913119
4.773243
8.087505
-1.675117
5.458547
1.68889
0.8218507
-1.179447
6.040111
-0.97137
5.166333
0.8713675
7.927286
-0.08816903
5.574932
0.3482599
1.245131
5.185636
4.132946
-0.4686602
4.652421
-1.628857
4.17481
-0.8494167
4.814436
3.136541
2.408476
0.07862839
6.02144
5.451066
1.073961
5.091488
5.239836
0.9460349
-1.093804
4.754076
5.084064
4.313445
0.1443862
-0.1212819
4.197678
0.6779544
5.752126
0.07615405
6.191563
4.733994
-0.3761391
3.826976
4.857606
-0.1905905
3.483038
5.064805
-0.174396
0.3806887
5.926455
4.219909
-2.111649
-0.9874426
0.6347232
5.35888
4.834767
4.982087
3.409837
6.163338
5.047419
0.5634982
-0.7448982
4.768257
5.048353
6.351499
1.257447
4.36009
-0.4340721
4.015603
0.5404603
1.222356
4.151872
-0.08833388
-0.2690533
7.677154
0.2241309
4.34429
7.043955
2.321665
4.402412
-0.9231349
6.861034
-1.748361
4.115624
6.209422
-1.78476
4.771786
3.974055
5.744956
3.266152
5.644308
5.465337
0.5812433
7.127926
-0.8639937
5.470804
4.128764
-0.4287142
-0.3041568
5.118154
3.628682
4.761224
5.608924
4.503763
4.10987
5.865606
5.171495
0.5720465
4.644444
4.124021
5.335454
-1.530531
3.500221
0.6100374
0.7233558
-0.6179625
4.45519
6.392571
4.897896
0.7766425
6.474335
1.404027
5.830028
5.685756
4.846435
0.006546454
-0.7179002
3.153256
0.006075605
4.87742
-1.313902
5.850896
3.97678
3.992842
0.3663729
-0.08196647
0.6978108
5.890163
5.017769
0.08815413
-1.198959
4.229619
7.309015
5.441573
5.523923
0.1782869
3.835862
1.545772
0.9170987
5.452105
5.992255
4.178635
5.545858
0.3485339
1.337644
0.39685
-1.542376
0.398312
1.395057
6.450591
0.6371049
4.443392
5.666181
5.563632
4.633536
5.715619
3.320354
0.9996997
3.321048
4.636078
1.461385
5.142337
5.48927
5.407994
5.632605
6.375189
-0.9860242
-0.8497985
4.965415
4.542741
4.837922
2.596456
5.372817
5.473569
-0.8106882
0.3937838
1.962843
0.9731092
-0.6048723
1.247064
5.699261
5.09828
4.757623
8.796028
4.141289
4.233395
-0.8003578
4.563603
-0.1379627
4.209495
-0.003847805
5.28696
4.578779
5.870229
0.9074296
4.582011
-0.0113796
4.701486
-2.465217
4.443349
0.6632507
1.006362
1.929771
5.591023
3.452905
5.826068
0.4550691
0.31738
6.419228
5.232401
5.696898
-2.815116
1.094297
4.880454
4.746807
-0.6916819
5.893008
-0.5565278
-0.2955109
4.985321
0.3616404
-0.7759901
4.689552
4.792208
-1.835857
1.32751
6.8295
4.602101
6.615541
5.690046
6.479507
-1.217557
5.538919
0.2399977
-1.286145
3.315563
4.247226
3.932079
7.105587
0.424094
0.2904467
5.558854
-0.8845601
-0.1894713
1.49625
0.3864718
-0.8971097
6.432609
7.939154
6.227458
0.6960385
0.4841395
0.930876
5.224477
2.75692
4.563796
4.64715
5.497835
5.98722
3.13926
0.2017743
0.14313
1.482631
6.470966
1.224647
0.04073929
5.396801
-2.30637
5.82129
3.463222
5.303129
5.476362
1.000237
-0.429851
1.095195
0.3406388
6.003777
6.693354
4.75234
5.499785
-0.6662509
-0.8299644
0.401202
-0.9242059
5.537145
3.625728
2.077803
6.429646
0.005520104
4.162207
6.15118
0.8077178
5.902947
-0.06512005
4.748227
4.773413
5.158141
4.748122
4.130983
-1.915205
6.847542
5.38467
8.948673
5.455172
3.682292
6.248581
0.1524685
0.6096341
6.917186
3.153173
5.122488
1.403227
0.1466664
-0.2072082
4.310424
4.698857
4.598449
5.594793
4.196055
0.5934375
6.137539
7.218037
5.663913
-0.260975
5.570628
6.226838
5.857346
-1.468057
4.263258
0.6633157
-0.981558
1.306736
4.295222
2.366753
5.772183
-0.7418354
4.792475
5.446062
3.934726
5.368998
5.291958
4.330477
-0.2007312
4.643795
-0.1529432
-0.3773535
-0.4431967
2.124165
2.618825
4.635475
6.017181
6.340499
3.532662
4.271188
0.4172747
4.475742
0.05363215
0.3325505
3.67928
5.41655
3.79203
5.414528
0.8678836
3.811335
0.9415434
5.555476
0.210486
4.21816
0.2194533
-2.917271
5.057948
4.928515
0.1180289
4.401501
0.02708874
5.105947
5.007375
5.535701
1.288282
5.799455
0.2693243
5.420568
5.748339
5.159908
5.924017
0.6263496
4.234643
-1.610442
4.32453
0.3127295
4.775716
1.444955
4.382413
3.97602
0.2312799
6.013697
6.794165
-0.4068476
6.223371
5.368911
0.3184903
1.202455
5.310728
-2.344808
2.080608
5.766493
8.265157
0.7128708
5.58491
0.8785956
-0.9872074
-0.8502701
5.18059
3.691882
5.817286
6.199499
1.712733
4.76088
5.62456
0.222412
1.462224
7.200124
1.754901
-0.999975
1.444612
0.06866495
-0.1238143
2.923297
1.289518
5.556293
-0.6424646
-0.5721109
4.120833
0.9318034
6.548448
-0.5493164
5.553211
6.120716
4.928294
10.1316
0.6010656
-0.553004
5.626069
6.108538
5.579334
1.570433
4.213237
5.563217
-1.821994
0.1682337
0.1627028
6.529528
4.057695
4.312216
0.9697202
0.07931377
-0.06760158
5.620656
0.6796614
-0.03934847
5.795729
4.263929
5.244747
-2.638331
4.638927
6.083929
5.080018
-0.140647
7.125046
4.941079
7.495688
4.519255
7.255087
-0.1320887
-0.184752
3.987753
9.279741
-0.8592769
3.876905
0.01429776
4.925074
4.26593
0.6551411
6.609866
5.352932
6.157412
0.3563351
4.355136
2.110188
4.608787
-0.2802907
4.492768
-0.2290423
1.192229
5.170825
4.576491
5.249657
6.590372
5.119441
4.165888
0.2961019
6.765284
0.6975113
5.450285
4.251216
4.15985
5.021376
-0.6611246
5.155632
-0.3730676
0.04179183
4.4821
0.5748805
5.584473
4.621141
7.151551
-0.159355
-0.8810152
5.537097
0.6323986
0.689379
1.472142
6.364523
3.585226
-1.2131
0.4020909
5.975295
3.868552
5.196386
4.851285
3.74089
-0.2276196
0.7305284
0.1528793
4.32785
-0.6745831
6.051109
-0.7010628
5.438956
5.223048
5.923992
4.837733
-0.3594642
3.109206
-0.2035192
3.952481
5.76437
-0.7013448
-2.07218
5.188831
5.021868
4.36165
5.431526
5.706956
3.351197
5.683213
-1.273785
3.916639
5.453236
0.6991912
-0.03184717
-0.4613226
-0.9038331
0.8836998
4.319667
5.898341
1.216819
3.500296
1.752081
2.12583
-1.192742
4.529772
7.329228
4.730744
4.406198
3.876414
-0.01948025
5.115836
3.812099
3.307285
5.502745
-0.7522756
2.057463
5.384846
5.685309
1.493283
6.283532
-0.991789
-1.838434
4.109739
4.224955
0.1590972
-0.3434477
5.336739
-0.2734699
0.2039707
0.07247077
5.653781
0.4067335
0.8884774
5.381905
-0.3821211
5.898212
8.029663
6.68112
3.788041
0.2477718
4.664935
0.2181451
-1.336841
-1.236328
-0.2365349
5.659058
-0.09604195
-1.303001
0.4290637
6.989692
0.8129083
0.2393013
5.691451
4.389985
4.633777
6.714975
-0.6298879
5.179558
-0.7049877
0.9103192
-1.449245
4.76601
4.517643
-1.363821
0.1707066
5.358843
-0.6649262
0.3911995
4.234272
6.411649
3.133692
-0.3538663
4.808945
5.837179
7.422533
1.294748
3.756761
1.550736
5.628621
0.9540225
-0.2495695
0.2871747
-1.624275
2.328215
2.888715
5.372895
-0.1460916
0.05843904
4.825618
5.086824
-0.05106637
-0.8324642
5.092855
5.545072
0.9911172
6.073326
0.2092011
4.593909
-0.4294895
5.52823
7.760663
4.57068
0.1956075
5.033396
6.938044
-0.1282829
1.354079
3.39415
-0.9403029
0.4031379
5.464808
5.739827
0.4815849
4.629155
1.695373
4.337532
4.800337
-0.686234
7.705565
0.8632633
3.906369
5.293929
1.289932
6.4051
5.627636
5.375262
-0.785603
-0.4693914
5.478961
4.156302
4.371308
0.2471001
7.704997
0.07805352
-0.03050152
1.568993
-0.2497701
-0.9436789
1.421298
5.123631
6.603307
-1.057594
5.309087
1.35873
5.477243
4.66487
5.618876
4.327042
9.637937
-0.84272
5.568591
4.944729
-0.1817882
0.2536365
4.110412
3.524939
0.6158796
5.585909
0.01143323
-0.2802034
6.1994
4.249112
7.610331
0.1833424
-0.7625491
3.691067
-0.4481615
0.6427131
-1.090704
6.234455
10.30425
6.481144
0.6666395
4.540959
5.194316
0.620386
5.399792
5.389671
4.291496
6.358088
0.4296002
-1.808633
0.6632833
4.134973
0.4933482
3.733169
4.570247
0.03725719
0.6301606
-1.300805
-0.9347358
4.328242
4.930784
7.038382
5.029731
0.2153555
9.270231
0.5951788
0.08530417
4.284175
-1.656268
6.657959
-0.05382172
0.9756617
5.299857
-0.6187879
4.668461
3.169602
-0.495913
6.25799
4.942528
5.992544
-0.339674
1.359358
6.94209
4.871497
-0.3426923
5.004456
0.1929825
-0.8618661
0.498511
5.735326
-0.4232127
6.750637
3.810688
12.12483
5.060079
0.510773
5.248412
6.61694
4.836818
-0.3667134
6.668486
6.12643
5.625856
0.4483412
4.286637
5.797253
5.296565
3.24191
1.047162
4.79759
-0.02547488
5.370841
4.014276
5.803288
-0.4686475
-0.5617626
5.942086
4.975855
-0.7052085
-0.8574735
0.4488453
0.6944859
0.3051479
-1.187728
-0.5964281
5.536807
4.664075
4.635808
2.284352
4.831858
1.179969
4.841518
-1.290768
4.703779
-0.4676999
0.4056221
4.215688
-0.3457193
5.136132
3.951987
4.092907
2.471614
4.863684
0.2827811
-0.3118017
0.4541812
3.604686
3.695873
0.1946599
4.793366
-2.05835
3.750266
5.167242
-0.0397234
-1.207603
-1.129587
-0.9921499
5.345266
0.3903509
4.659076
0.1044267
4.977525
10.21717
1.041253
6.350975
3.386934
3.826023
5.033978
5.586468
0.208164
6.205446
0.7836974
6.431033
4.881819
0.7957756
3.304073
5.119677
3.183188
6.299715
5.230929
5.694752
-0.5734687
-1.581474
6.557685
4.870715
7.389584
5.782885
4.093501
0.6148294
7.13547
0.7305311
7.146587
3.510592
-1.012876
-0.6063174
3.464445
-2.502587
0.243192
-0.7374591
3.16044
5.363572
-1.16697
4.707734
1.8224
-0.1252399
-0.3564159
4.592573
4.192309
6.01796
6.16408
0.7980556
0.5149205
4.183796
4.747864
6.051023
5.422881
6.648687
6.225615
3.497991
0.9714999
4.703765
5.15939
5.894107
2.42683
5.431281
6.607561
-0.8826955
0.9227786
0.4901493
7.13762
6.044715
6.693014
-0.9830702
1.370437
3.519309
5.881413
-0.4890374
5.283817
1.985762
-0.5384208
5.864223
0.1303206
-0.5994845
8.43669
4.562656
6.103715
0.7380356
6.113644
4.828223
-0.891399
5.065284
0.2495281
-1.369974
5.824086
3.938111
-0.2316833
1.097393
2.11909
4.785595
6.564247
0.8808505
5.27692
3.994988
1.136894
1.611997
3.774826
5.142184
4.751417
5.734524
0.4589147
0.6181645
-0.6948507
3.914626
3.721275
5.395904
-0.9584512
5.146599
4.875652
6.70657
4.690907
0.5210214
4.881932
-0.7909036
1.363624
4.648816
-0.1829263
5.941484
6.920661
6.355988
-0.7942563
6.950939
5.791674
7.884931
0.8620442
-1.024036
0.5957914
-1.014338
3.988751
6.527958
0.8098881
3.288177
1.449759
6.250003
7.049942
8.343075
0.4133814
-0.2049146
-0.3323533
1.088339
5.511642
3.605121
1.760628
4.087636
4.533223
5.180571
1.675783
-0.4736869
1.829794
4.069227
1.501125
2.600118
-0.9533158
-1.814288
6.594988
6.472111
0.7944109
-1.538628
6.071478
5.140646
0.07684139
0.1375132
5.4411
5.11321
-0.1910252
-0.9701263
1.092586
4.838494
1.321895
5.779106
6.503222
-1.275763
2.579807
4.713254
0.5161708
6.165034
3.072591
0.2705998
-0.05949174
5.734865
4.728345
5.563651
4.770013
-0.2763229
5.82667
4.646789
3.966348
-0.5432005
3.235736
4.358676
6.303841
6.464578
5.359828
-0.6860508
5.224905
6.74835
5.708331
0.6393398
5.248463
4.333291
-1.073172
7.049712
-1.035886
3.250626
5.029736
5.141145
5.999131
-1.860811
1.179072
4.922259
0.07313791
4.708734
-0.6429057
4.427338
7.18169
4.507692
1.101202
4.175654
2.962116
6.083924
7.285888
4.806913
-0.2582882
4.164394
6.383334
5.615591
-0.9119366
3.388632
-0.7469686
3.657071
-1.318087
-0.6512537
5.572589
-0.508093
3.526029
6.817702
3.49587
0.9831083
-1.160863
-0.03502731
-0.5543563
5.429549
0.03915546
0.2001765
5.986774
0.7191238
3.79619
4.849199
4.506484
3.675317
5.543015
-0.8918771
6.102226
5.972862
-0.3141824
1.24586
2.172199
-2.425971
4.08794
0.09461289
0.6035821
4.864968
4.414158
-0.2270557
-0.4010636
3.377095
-1.312572
-0.2333365
-0.8852667
-0.29475
-0.01193385
0.7208569
0.2803459
4.645661
-1.342874
5.949912
-0.8240605
2.8477
-0.1643952
4.730541
-1.032453
6.645697
5.676397
0.6141234
3.947704
-0.523521
0.02839935
0.9615754
6.063051
0.6556051
4.207669
6.378027
5.022582
5.205811
2.99288
2.050722
0.009646392
2.081996
6.022463
-1.59185
0.08588906
4.984025
-0.7828945
6.492572
3.685541
3.570807
0.07103555
5.41573
7.157634
7.087994
5.799811
7.745443
4.625546
6.073132
4.189159
7.165229
4.663982
4.870703
0.04954755
5.599469
-1.242032
-1.78675
-1.193019
5.01894
1.041915
-0.6926154
6.113522
5.425848
4.258
-1.11386
4.145337
3.458254
-0.8232999
6.685428
1.198773
4.997618
-0.6031583
0.004154801
5.097401
0.4319258
5.071641
-1.204269
0.7232131
-0.2466388
6.840934
8.529745
0.02628433
0.5901001
3.654799
4.227599
4.894826
6.397528
1.376428
0.1875686
6.202415
3.32304
0.06359732
-0.1738184
4.806829
4.360579
6.913839
4.794904
5.356923
0.01378694
3.990897
3.226469
0.7788486
4.739121
6.148289
4.328866
5.04442
3.850394
5.537295
0.8030594
-0.5234279
0.1551375
-1.523503
4.146902
-0.4648242
-1.323419
4.213237
6.093684
6.510709
0.3115267
7.873229
0.4281778
7.153429
0.1802626
2.98137
4.702085
1.052717
6.143097
6.384182
0.680921
0.8518147
1.359
4.99773
-0.3403816
7.878825
4.93725
5.408646
2.953922
7.220581
6.019656
5.038901
1.021957
1.549101
5.999206
2.894128
5.481073
5.780413
8.928783
0.2506197
3.806089
5.646364
1.33115
0.9732392
-1.555466
5.185079
3.726377
-0.8179671
3.125555
4.286616
0.016195
-1.676333
10.52827
5.638957
4.146332
0.09155077
4.481344
8.215173
0.1614934
3.251501
5.44603
6.472783
4.23479
0.2259268
-1.020969
0.01515454
7.062065
6.052609
5.277566
6.253444
4.008925
6.272591
-1.475049
-0.9468382
-0.6043749
4.965223
3.758981
-0.6685695
7.276148
5.846353
0.4589925
-0.7370596
-0.1794129
4.785196
2.542569
0.6085879
-0.6103084
-0.3126872
7.648364
4.373003
7.648134
4.701148
4.547422
-0.6817794
4.501718
-0.5857751
4.641004
4.992307
8.646771
4.615025
5.534594
-0.1426862
4.422905
4.271093
-0.1710613
4.753253
0.3870615
7.58631
6.746344
3.269859
0.174125
5.450703
4.51193
5.280174
-0.1488553
3.594169
6.992667
4.96854
2.720142
3.467615
5.4341
9.780584
-1.523486
4.437565
5.382369
4.704534
-0.2348135
6.252504
-2.449934
1.204176
-0.4100887
5.713792
6.205873
-0.3942494
0.5579165
5.533235
-0.9101612
-0.2896594
3.666087
1.487957
-1.233025
1.910959
-1.620181
3.48253
0.6979753
6.400117
5.334966
3.690424
3.865851
5.058887
7.156735
-0.5671155
1.458106
5.45616
4.959054
5.495446
4.420697
0.8868853
5.005471
5.483544
2.529515
0.09232339
4.63407
-0.8441378
6.290354
5.000231
6.608821
0.3654149
6.125492
-1.107009
-0.2360154
-1.220801
-1.080932
4.040826
4.155537
5.646797
4.503205
5.145448
4.882104
4.626993
6.056247
-0.5659189
-1.081417
6.012141
6.772363
2.802311
3.799834
6.533958
3.568749
2.969858
3.696493
5.311383
5.102227
5.171681
4.911795
1.508402
0.1926952
5.627113
6.00024
4.929539
7.127304
4.099502
-0.4055027
-0.3020682
-1.67054
4.735958
1.363365
-0.5203269
4.342457
1.101789
1.331934
-0.2856037
0.3091823
7.172525
0.401342
-0.1145622
4.346393
0.7163767
3.150029
4.129983
4.049083
4.740464
4.188077
-0.5621768
7.965838
0.5449104
0.2696559
3.582134
3.337894
-0.4166375
-0.09383695
0.2120369
-1.552977
4.570817
3.717288
1.924728
0.512736
6.61169
6.171755
-0.794224
1.891489
-0.8680451
0.7014022
-0.1025787
5.778771
-0.01182801
4.075579
0.3308134
4.166138
3.293719
4.537712
5.444866
1.610754
4.482978
3.913569
1.390737
4.194923
10.97454
5.271001
1.109765
-0.449245
5.645417
4.938495
2.701046
5.543877
4.717868
5.419172
5.405241
-1.830008
4.805313
0.8268343
0.368127
-0.8837804
5.625551
1.169575
10.2334
0.2118236
7.036025
4.975936
1.709391
5.112069
-0.6199905
4.424809
6.927116
4.691658
2.515669
0.3854737
-0.9119051
4.833747
5.943004
-1.525273
3.742618
5.019759
0.1583752
0.7001601
4.710197
4.467922
7.808287
5.519419
5.164917
0.8333492
4.086152
5.54609
4.718252
0.4466175
5.259969
-0.306152
6.177192
5.82817
4.370413
-0.2771859
4.331021
7.061937
0.8325462
0.5828079
4.598217
5.779651
5.690699
4.617451
5.03996
5.687227
1.346262
4.239513
0.1248054
0.3090306
2.572486
6.374264
5.960545
6.198576
6.512593
-0.5250631
-0.9775217
6.50026
5.802597
7.41439
6.054519
4.87494
6.572883
3.289251
-0.2178138
4.450169
5.149462
-0.1992545
-1.721249
3.611317
6.110343
5.414411
1.181059
6.263837
5.116894
1.105666
4.848511
4.888878
4.82906
3.878698
7.3103
6.266967
5.401998
6.968745
5.213396
0.185014
0.220944
4.666222
-0.2725939
-2.35384
2.974549
0.5768229
-0.5500059
-0.6621556
-0.6516049
4.426444
-1.129047
-0.7728404
0.2919366
4.456747
-0.5354113
4.965427
-1.66653
1.037279
0.5927469
3.840732
1.898902
0.6212417
3.723208
5.282008
0.2727946
0.6707124
-1.648379
5.82977
5.534529
1.459059
-1.962651
-0.975064
0.1731841
-0.3463933
0.6801742
-0.1084875
5.286731
0.07408014
5.572565
4.641612
-0.2154962
-0.6125534
1.765236
0.7525353
7.538222
5.796257
5.569731
0.2716382
2.614919
0.9549685
3.721426
5.765937
5.272635
4.836225
6.179302
3.799716
5.133105
4.662306
1.991116
0.4710592
1.319399
4.670465
4.364398
-0.7163221
3.999297
3.357135
-0.6927873
4.02291
0.5639796
1.971836
4.920305
-0.7726473
6.259502
-0.3680785
1.320105
-0.5123671
-0.5729024
7.069287
5.261382
6.379763
4.614573
5.361012
2.952729
-1.77977
-0.1482195
4.196712
5.16294
4.385802
4.270614
1.194587
0.8740136
4.966277
-0.1067893
-0.9783536
0.02086386
6.385385
-0.04314511
-0.9052895
4.68345
5.342242
4.330034
5.159855
4.553405
5.954077
4.994475
5.466254
4.47787
4.39863
4.640068
-0.4047056
5.106428
1.126998
5.118842
8.586188
-1.888001
4.808159
5.123939
