5.319673
3.063455
3.739868
4.424016
5.423678
3.395096
0.4263229
5.871943
1.338262
6.341062
3.529655
6.077397
-0.04299143
-0.2812074
0.02439442
5.429854
-0.3415118
3.404485
-0.01577357
6.568363
6.347208
-0.7461725
-1.190669
6.190056
-0.09725624
4.839642
-0.2926832
-1.562386
-0.8803143
-0.09551752
4.891223
-0.2955739
4.710252
-2.133964
4.522808
4.335021
4.349966
7.170378
3.853102
9.247914
3.843641
3.518724
1.446404
5.563361
0.1626313
0.04793029
-0.328828
5.05664
7.4527
0.8082999
5.240442
5.012825
-1.759117
1.084264
0.2548353
5.825927
3.721003
3.27786
3.462696
1.399844
-0.3568653
0.8336953
-0.7673373
6.096952
6.283117
0.2098722
0.3144547
6.05224
5.778096
4.550992
-0.1323772
-0.2029734
3.947694
5.404447
4.799146
2.273638
6.628369
-0.7898391
6.728341
-0.2508192
0.7579561
4.817601
3.218095
-0.04617376
-0.7622269
4.449445
0.5904268
6.050848
0.6710491
0.6800713
5.587572
0.6229041
7.871671
5.775131
6.134911
6.721336
-0.3404341
2.932234
4.323574
5.169513
0.2022701
4.438376
5.048587
4.341187
-1.816323
7.097445
0.6933829
5.116625
1.0647
6.930076
4.338037
5.891644
5.843674
5.444776
3.466449
3.666231
-1.386641
7.471201
5.830134
-0.2923782
4.507875
4.262358
0.2029324
5.529769
3.437339
5.482777
3.14721
-1.227675
10.64876
5.394025
-0.03808201
4.388005
-0.5988504
-0.1425442
0.4865992
-0.09823563
4.45352
3.100623
-1.484194
5.144088
-1.289678
4.482438
-1.301507
-1.036251
6.119991
4.644001
-0.1286754
4.42409
6.972269
5.787721
4.728476
3.658975
5.038426
3.821718
4.457121
5.113664
-1.31106
0.432851
-1.735843
3.958974
4.095895
0.3135001
-1.53786
0.9959499
2.28632
0.2158084
0.8297401
-1.458846
5.082809
-1.056771
3.47263
7.619517
5.499974
2.070196
3.83672
-1.408724
8.80816
3.674656
0.5030686
4.948203
-1.546665
0.408357
7.519051
0.1127826
-1.523292
-0.9262231
-0.1522146
0.4633012
-0.3237524
2.15592
-0.2296875
1.341784
2.248595
0.0001782393
5.03033
2.364393
0.8985772
9.133568
4.392758
5.345259
6.300624
5.683282
-0.7664309
0.4634523
0.03205721
5.186142
3.602665
-1.103069
7.008325
5.649656
1.029553
5.788688
4.4249
5.573255
0.9518795
5.050672
-1.531549
4.178459
-0.449553
0.3424082
-0.153976
4.380747
6.460369
4.96851
4.701831
5.713799
6.263942
3.928008
-0.2662849
1.820676
0.2919856
5.354152
-0.5149443
4.436461
4.466181
6.69303
-1.224938
2.072311
4.584558
6.062522
5.018885
4.206672
6.253021
0.2108169
4.828451
4.90114
6.593755
6.040121
6.79026
5.33027
