6.896433
-1.755742
0.4098202
1.768981
4.167164
5.506905
0.04816806
0.1396091
3.988208
-1.102159
1.02347
0.6878936
-1.076396
4.475119
-0.6249764
-0.679022
3.500233
1.17839
0.4690946
0.012106
6.376807
5.074719
2.137092
5.119238
0.8844662
2.652658
5.04415
-0.3212029
4.469545
6.827001
-0.7913907
-1.394124
4.863182
-0.03244781
4.537948
6.076846
-0.3466776
2.159202
3.411592
3.065579
-0.09253013
5.166467
5.970883
-2.547411
-1.929452
6.190635
5.448905
6.471851
4.045605
-2.517214
-0.06689251
5.699439
4.647715
0.4037644
0.03115618
-1.386357
-0.8173808
5.84966
-0.01689448
-0.285847
-1.310193
4.945358
6.83693
0.2432701
1.221743
-1.563615
-1.671479
6.073315
4.38017
6.69031
3.279984
1.454621
-0.2921124
3.963538
1.091077
3.580888
5.244689
3.957486
-0.282132
-0.6790043
6.560143
5.997457
-0.2719967
7.673847
0.334566
0.7826758
-0.858229
6.780107
-0.7156121
3.946871
3.343392
7.546346
10.19735
-0.1211167
4.722649
1.867526
5.697379
6.107451
0.09823687
-1.844485
5.388079
0.5689233
6.309428
4.49136
4.434069
5.109314
-1.1127
0.1048356
-0.5999593
4.699841
6.221115
0.4778765
-0.3346961
0.9007914
-0.1699882
-0.049938
3.520341
5.714842
7.439347
4.626113
4.897623
-1.278393
4.993435
3.438626
5.03809
6.223419
3.005542
6.446007
5.209276
5.959637
1.79233
5.864239
7.169871
6.717272
-0.05061161
0.9479005
0.3739636
-0.008740903
-0.57327
0.3897481
4.13218
1.476223
1.095153
2.077451
5.411416
4.771891
0.5816359
2.137157
5.870744
5.531307
3.114504
3.814606
6.794817
5.409185
6.214694
0.701673
-2.0517
1.222909
3.660824
3.526548
6.36159
5.57292
-3.643255
6.719584
-2.428812
1.005667
2.274449
9.411746
6.181704
0.8171716
1.708042
4.825702
0.09017507
4.945262
4.459365
-0.4081832
-0.9170121
-0.6595958
0.09769663
-1.140346
5.028809
5.798685
5.464664
4.096124
4.961907
1.024154
3.580976
-0.7931512
5.092612
1.074886
0.5458631
0.9240101
5.525393
6.469749
1.035234
7.313691
1.739885
5.998159
6.408933
2.047557
5.169311
-0.06408482
-0.7380424
5.449504
5.186316
5.16979
5.273896
5.245287
-0.7474199
3.622981
-0.1995234
-1.152386
7.621054
6.532793
-0.2931995
-0.3304396
-0.3492579
-0.3372798
-0.4005326
0.6332178
4.854657
5.922713
4.897
4.793773
3.941237
-0.8495933
4.749089
-0.8216954
3.705558
5.269345
4.530783
7.480682
-1.974614
-0.700619
5.712941
6.12343
5.747131
5.479756
4.721811
0.2461606
6.816589
1.482121
-1.234916
4.669068
6.718614
1.301162
6.933769
4.826444
0.8411242
0.3791381
0.7559694
3.082672
4.485922
1.178551
1.844543
4.377787
-0.05762861
3.939079
-0.3642439
-0.7811081
-0.3584144
0.03201836
5.948517
-0.8595148
4.664524
7.500546
2.918845
5.418192
4.909187
5.338853
-0.6917921
6.41551
5.383546
4.719597
-0.9390924
-0.01983646
3.055747
0.7753046
-2.076902
0.3251225
6.006922
3.121335
5.0175
7.136974
11.55085
-2.264173
4.423111
0.9173522
6.293223
6.729261
4.579409
-1.585714
0.9466648
0.2136105
5.763958
0.6613067
0.04295938
4.776934
5.873042
4.058348
4.665899
-0.6899761
-0.2335241
5.860061
-1.009562
-0.645724
6.375925
5.688073
5.920772
-1.423653
4.357807
1.224731
5.262387
5.454786
3.669451
1.097245
0.348288
5.571045
1.018454
-0.4190991
-1.078892
-0.5745822
-0.8913359
5.244419
4.067931
5.184951
3.780631
5.309056
5.310711
6.266535
6.098322
3.864133
7.964263
4.205998
-1.387722
6.045486
5.064865
2.167393
-1.484438
3.504437
-1.016114
6.143651
4.472404
5.325364
7.235688
4.514945
0.7591135
3.393393
0.6431138
4.483526
0.6244484
0.1145571
6.526076
-0.6243545
6.673579
3.047601
6.384066
4.814183
4.708662
0.08162323
2.42672
6.148523
4.911715
-0.7182889
4.34728
5.458815
0.09675277
3.871382
6.245168
1.131747
4.750573
4.429995
3.994681
5.497358
-1.463655
3.842397
4.736995
2.197804
5.129285
0.3860619
3.782358
1.278648
2.206941
0.8014247
0.1963665
-0.8753674
-0.8622812
5.167329
0.0870784
3.686918
5.529431
-0.6546129
4.794455
2.054049
0.723224
4.622391
0.755871
-1.633277
4.013917
4.003853
5.394886
7.044669
4.93565
-0.907894
0.670308
4.10075
1.552206
-0.8273928
3.434555
0.02093446
1.10331
0.452295
6.235913
0.1392837
9.574424
4.820938
6.215602
0.3163464
5.741569
4.021768
5.938355
0.09652516
-0.3793973
-0.4451586
0.8595236
-1.158911
5.332299
-0.7217608
0.2808776
5.822921
-1.636851
3.445008
4.224855
4.341728
6.94828
6.622415
5.097395
5.210089
2.739965
-0.3731705
-2.119918
5.665218
-0.9295572
0.3428381
5.550232
4.640562
3.475557
4.265847
0.8860828
0.0931426
5.960855
5.985298
5.159935
-1.047929
-2.554107
4.390551
5.511763
0.2799789
5.98867
9.650631
1.083777
4.568098
6.569125
5.286587
2.018365
5.264079
4.224434
-0.9520363
5.462407
-1.835499
7.319439
4.794509
0.5749173
-0.5654441
1.345002
9.786591
4.137783
6.979831
3.625518
4.237419
-0.3372615
5.279826
3.334129
0.8255666
-0.6028177
-0.4429852
5.485532
4.352594
5.243555
-1.998611
4.457153
5.984288
-1.145249
6.129842
4.13665
5.007371
5.378657
4.991618
-1.47326
4.762381
