-1.63715
-0.6022986
4.626426
-1.205335
6.151591
6.167338
5.545603
6.011125
-1.166074
4.837933
7.099902
2.844975
0.5507192
2.18209
6.48936
2.881681
5.702814
3.132992
-0.7014189
0.9821484
0.1727466
5.870371
0.5153737
-0.2311867
6.404127
4.645757
-0.6187189
2.747055
5.624484
4.250466
4.622952
4.803123
5.36247
3.933971
1.169411
-0.5467095
4.81707
5.449273
3.938395
0.3370931
4.899658
6.912185
0.487621
5.642236
-0.1643416
0.09781448
0.09210083
4.912278
6.331035
5.279731
4.150911
5.842854
0.9940997
3.673474
0.3627889
3.797132
0.7143376
4.300305
5.834175
2.048386
-0.411655
-1.333456
6.677936
0.827909
5.897556
-0.2889446
4.028435
-1.262661
2.312474
5.489587
-1.626189
3.812026
5.686387
0.9633592
4.020488
4.963878
5.706674
2.452296
3.498567
4.604039
-0.220091
0.5380234
2.986669
5.321572
2.772808
-2.307773
4.014618
3.3215
3.486039
3.661869
5.55912
0.1094512
5.725308
4.805811
4.843237
3.852776
6.17119
0.7430656
6.540088
-0.8969101
1.579076
-0.04291807
1.661839
6.543978
4.432851
3.675087
5.81883
-0.5415541
0.7165006
0.6081008
3.98078
5.189984
0.9629878
-0.7690364
5.148391
0.9487428
5.585368
6.73368
1.758266
-1.026929
1.242631
4.180686
2.018713
-1.068882
4.487107
4.450762
5.624886
3.604784
4.515648
1.746164
5.226846
-1.942784
-0.1153856
2.143571
5.497168
5.916753
5.780142
0.4055667
5.157414
5.345707
4.857492
4.113623
5.201091
4.33995
-0.4274712
0.1927493
5.265372
0.9900535
7.597123
4.817054
3.979823
5.657319
9.08012
3.954872
7.048351
4.536841
0.205243
1.779213
4.920358
5.411274
5.702451
-0.8171694
4.049685
6.11404
3.66502
5.492562
5.121668
0.4971188
5.92199
2.26305
-0.6996273
-1.297932
-0.6969081
0.696951
1.723531
-1.407816
0.1719316
-1.439986
5.84145
6.461285
4.048882
0.2956477
-0.06667624
-1.931268
4.071128
6.385656
0.4992836
-0.4345658
0.6383214
4.971987
4.450858
5.469655
5.521388
6.121142
4.847711
3.874066
0.7694257
-1.503169
5.46882
5.191528
4.976269
5.883409
-0.3451086
0.4908501
1.501918
6.032775
0.8640542
-0.7630256
-0.992693
4.890021
5.622552
0.7885913
-1.75394
0.8908061
0.9307733
-1.743699
6.758975
5.798927
5.540666
-0.2462318
-0.9368837
1.074191
5.666809
6.166536
2.692334
5.142114
3.88755
6.898098
5.000185
0.7276683
-0.30645
-1.893414
0.7267288
4.462812
5.476099
5.144161
5.143574
-0.1257988
5.244343
5.819744
5.933975
5.489892
4.685537
1.110663
2.897654
2.337772
5.668031
1.787933
0.01620576
0.160884
