3.917513
4.218868
6.393668
1.307874
5.694556
-0.2687778
5.893461
5.442303
0.9136587
1.896027
-1.028702
-0.2205328
-0.04240911
6.236188
0.6826221
-0.0494674
-2.857555
5.839943
-1.218818
0.8786669
5.807932
5.93891
0.3701723
3.879539
5.372433
0.02984975
0.9324205
0.5572296
2.682233
-2.453482
3.979021
0.06455835
4.131585
0.03506121
6.529912
-1.547608
-0.4884642
1.499496
-0.3520953
0.2738409
4.502978
7.462311
4.292896
-0.926629
0.1051616
1.136741
5.495518
5.574547
-1.979072
5.1222
5.693855
0.9011974
5.626008
0.9399508
0.2908674
0.2313357
0.8464561
-0.2461595
5.737436
2.035727
6.423427
4.223003
4.643882
0.9819264
5.818033
4.667069
5.372639
4.689783
-0.4375873
3.591774
6.892472
-0.3003792
4.758361
5.670459
-1.2754
6.388731
6.306513
3.777831
4.928453
-0.1503197
-0.5997204
6.802022
-0.2569591
0.2100989
0.7083143
4.307505
4.406626
2.783554
4.942858
6.039228
-0.001353571
5.384475
4.412551
6.042633
4.654849
4.718621
3.314365
4.677751
6.739234
3.211502
-1.053343
0.05049517
6.568184
3.418638
6.582703
-0.8931125
6.493909
5.060297
-0.9718027
2.094759
6.259137
6.034305
1.673345
5.843632
0.1700006
-0.5664422
-0.3360395
-2.248939
2.958568
5.015196
4.274341
-0.2231386
6.127316
5.043625
0.04666269
4.125571
-0.5332522
7.147113
6.822804
0.06321994
6.163129
0.8861572
0.4660951
2.460846
5.481
3.483529
6.08963
4.870892
-1.964502
0.5504104
6.929521
3.106737
6.262607
0.1355317
4.771229
0.5693511
0.931145
0.8854111
0.7998578
-1.401835
5.738004
7.336061
1.261399
-0.2256986
5.908589
-0.9631162
-0.3040281
3.809527
3.766794
3.19131
0.428426
5.978395
4.279266
5.3685
5.43922
1.520818
4.606208
5.21334
5.13067
4.950914
-0.2102818
8.723809
-0.7610638
7.036387
5.215984
5.654324
6.031186
0.8803248
-0.7718579
0.3219235
4.398662
3.478561
5.368151
3.309255
0.1409892
5.212902
1.380213
5.457261
5.776691
6.253213
1.388649
7.507676
7.481462
4.307401
4.760767
5.224275
6.767109
-0.6321677
4.198084
5.46634
-0.9978117
5.131547
-0.01284619
8.195524
5.568748
0.4549536
4.482989
5.390253
1.488794
7.52364
-1.295313
0.1637629
4.384463
6.897685
3.876878
5.284141
1.054726
3.982948
3.197628
5.148468
4.811319
5.113472
1.06011
7.494499
-0.239874
5.250986
5.104622
11.62158
1.529369
2.499482
5.545346
5.886891
4.100401
1.018814
4.254716
6.316053
5.02268
2.881032
0.6974329
5.76537
-2.499544
-0.3380589
0.9866196
0.5401081
6.117683
5.66628
3.803784
8.505744
5.211435
4.051537
0.6908764
5.149356
0.4729144
0.8354506
-0.638426
3.242346
0.6316
-1.919857
6.421557
5.943593
5.890322
3.185698
5.497073
0.550211
-0.6210168
4.832288
-0.1338499
-0.845727
5.84337
1.261263
4.502045
4.084582
5.431131
3.467817
0.5157962
5.153017
6.071153
6.690696
1.152769
-0.05476091
5.097111
6.354574
6.950036
-0.1106878
4.476802
5.750642
6.900137
4.896422
5.498579
2.455806
5.799988
5.406801
1.219963
4.540873
4.781354
-0.4420208
-0.1743855
6.240935
-0.8873597
6.972305
4.584342
1.27071
2.830379
-0.0729447
-0.7508009
6.53878
0.6993732
4.947569
-0.8868404
5.240279
0.4722611
-0.4837889
-0.3334705
-0.1577463
-2.060242
3.687676
4.905724
1.474221
-0.120721
1.348366
5.814491
0.8238994
5.624423
0.03072609
-0.7365928
5.384719
7.406849
4.997281
5.733445
0.8673014
5.133286
-1.182872
0.7414103
4.773556
-0.6393356
5.607927
4.087789
0.1316868
-0.1029453
0.2244056
0.6057735
3.863309
-0.3323007
-0.1923061
0.08388769
5.117176
0.7180295
0.01078475
6.66925
0.3481588
4.67265
4.083033
5.718892
4.138523
6.177795
2.522669
6.362604
0.04326968
-0.01618262
-0.4106676
4.547309
-1.999033
0.7437302
4.13086
5.451885
0.7275185
0.7794632
6.57126
-1.0365
6.532675
4.420746
6.840707
0.9929984
4.816092
3.519212
0.2063145
0.4328777
-0.7118581
3.508137
4.904762
-0.199858
2.901909
-0.008096028
5.079288
5.338424
-1.758862
4.708446
-0.2459108
-0.5343832
0.4770441
5.328184
4.586454
1.631022
6.907388
5.053891
1.035359
4.616103
2.027306
5.542104
2.071991
5.842306
2.536386
1.274114
9.714323
4.988167
1.732361
0.2909437
-0.1397796
0.6206988
-0.1286445
5.260587
1.834323
-0.2598447
5.657893
4.565915
4.381187
3.711694
-0.8716112
5.392851
2.549084
5.943451
1.839868
4.196353
5.169561
6.281883
0.9210588
7.414099
7.506578
3.83237
1.029847
4.864918
4.028704
4.224167
-1.098104
5.9232
-1.310654
3.889044
-0.04543586
4.874535
4.838768
6.060785
5.133684
4.109451
7.53013
0.5019051
3.889876
0.9357568
-0.2673933
4.4281
7.002718
1.7287
5.048708
5.452019
-0.1597394
6.453329
5.346436
2.167128
2.501287
0.4546844
0.9619049
3.041774
4.183861
-1.99677
-2.139496
5.696274
4.040222
6.674886
3.435502
4.992639
1.388255
0.5781273
4.218095
4.833477
1.580746
7.292295
4.755482
-0.7796786
3.214017
4.844489
5.096072
4.231418
5.235941
4.473657
2.139957
1.805051
-0.6598346
-1.585343
-0.0556099
4.105119
4.627579
-0.7709067
4.072717
-1.333732
1.266439
4.330952
5.703174
6.159795
-0.3377186
4.336914
4.528871
