1.773387
-1.023272
-0.7277489
5.754427
-0.2193992
5.726875
-0.2642863
3.331132
3.564706
7.147483
0.9545124
5.846284
7.021913
-0.7252024
4.923787
6.572125
0.9926292
0.2119177
-0.02178493
5.118965
5.861385
-0.5012976
-1.400752
4.878366
4.034098
4.80528
1.204921
4.428006
5.555789
3.89781
-1.849842
4.583716
-3.981715
3.901044
5.105112
5.640624
8.400611
3.889143
3.910419
4.782787
4.153923
-0.7509169
4.570567
3.958196
5.112791
4.250637
5.963737
-0.3656054
2.483015
5.492926
4.939706
4.612315
5.15493
4.812887
5.782377
5.425773
6.58898
5.138813
6.087019
-0.5595416
6.236529
0.8475196
-0.4778567
3.826824
5.149863
-1.121089
0.9807298
5.287556
4.13442
4.173576
4.037908
5.173586
4.59956
0.6888842
4.400748
5.590964
6.30653
4.899656
4.605882
2.376084
0.9995766
6.594269
0.8860796
4.710797
0.9801206
0.981798
0.4719409
-0.1663615
-0.05034653
-0.1047929
4.812338
5.318453
5.940061
-1.040273
3.515566
0.7951815
4.107867
0.9410438
6.789961
-0.8334686
5.292571
4.954514
-0.04532311
4.890556
4.496024
3.841941
5.489435
4.831773
-0.629696
6.939835
-1.181412
4.164087
1.327222
4.705931
4.655696
-0.5008645
1.732643
2.814231
4.389171
5.300977
5.90437
0.3395669
-0.3992062
2.65535
5.257267
4.397943
3.846752
8.246837
5.235001
4.783256
0.6164166
7.742653
3.51808
6.327174
-0.8050573
7.186839
2.938212
0.7230083
6.445222
0.5779525
7.250313
-0.2664266
4.828523
3.979306
2.86255
6.196833
6.142886
-1.952914
1.231713
0.06631371
1.297614
4.484673
5.023141
4.208375
0.9849158
1.115626
1.712635
3.942568
6.289432
3.716518
-1.362616
6.495973
4.591276
-1.762684
1.486266
3.780604
-0.7462121
10.14313
3.374292
1.061444
2.121518
5.666182
4.133608
1.168513
5.479819
-0.4374881
3.51111
-0.7768671
6.510767
2.073587
4.164396
2.075447
4.724024
3.836615
5.349978
2.034203
0.8084042
-0.04408011
4.831089
-0.08370236
7.428124
6.43736
5.196889
-0.5561489
-0.1157124
0.4197789
0.7055099
0.222879
6.576369
6.089148
-1.354834
1.78725
3.83064
5.268385
-0.8661138
4.255728
3.541371
6.426784
0.5106368
3.066689
0.3220848
6.220162
0.4871741
5.747335
5.069256
0.5016528
4.849686
0.7603804
4.442438
4.839841
3.091505
6.033196
4.945492
1.426587
5.698402
5.771615
0.9405063
4.596954
0.3246854
5.516848
4.102075
4.318875
1.428347
5.167269
10.53739
-1.384035
0.5050335
5.607077
3.906179
-0.7756226
0.1290397
5.832338
3.904269
-0.2755827
2.817692
0.6060084
0.4696608
-0.604304
-0.3200874
3.90644
