4.129117
3.714873
4.946449
-1.1519
5.198374
6.85822
-0.2610182
2.293649
1.754766
1.693095
6.217386
3.512169
4.044081
4.460285
1.323897
6.022186
7.418305
0.8008214
-0.1555462
4.718597
2.060004
5.135268
-1.257243
6.148723
0.6165276
-2.257696
5.939574
3.978964
5.792529
3.948678
4.398668
-1.156415
1.421935
5.566583
5.85119
5.088962
2.848695
-1.01863
1.252129
4.051947
3.994431
3.974382
5.28307
4.869567
5.177405
6.123193
-0.5147729
4.89505
0.8909615
-1.268468
-0.3635151
4.339954
5.684451
-0.497396
6.683554
-0.683247
0.02117464
8.699333
5.900626
5.330433
3.407434
3.477366
5.317396
2.315881
6.670648
-0.8964559
5.295569
-0.2862713
5.096032
0.05453236
0.3636574
4.222158
4.658
-1.010443
5.092271
0.002505151
6.362253
7.044029
6.804505
5.020208
0.333936
4.534969
9.364882
4.089868
0.1258296
4.314528
0.3233909
5.589577
4.73736
-1.039762
-0.306408
0.001636573
5.051087
5.714272
4.375374
3.461863
1.240982
4.634988
2.263882
-0.5311347
-0.5519809
5.774108
4.704702
4.518398
1.254776
-0.7774887
-0.9761012
5.99047
0.07561968
5.008493
6.553351
4.207671
7.027098
4.268589
6.011222
0.3029258
1.206079
4.398743
-0.05625818
5.970822
4.529806
-0.5203617
-0.2678748
-1.049421
4.796775
0.3082156
6.69028
0.3303691
5.067096
-1.332162
1.932566
4.259896
0.6942766
0.3732332
6.281604
-1.181462
6.679854
3.677592
-0.1820358
4.370535
-0.9595838
6.187888
4.614344
1.178984
4.432891
7.174618
0.3360679
0.8778838
4.725356
4.150075
6.406418
4.874651
0.3242163
5.694094
4.645397
3.830068
5.599429
5.034837
6.15269
5.499179
-2.546363
4.934477
-1.589532
4.413517
9.943371
4.601241
4.698451
5.684925
-0.7270753
3.98516
7.213378
4.417341
1.335624
5.220391
-1.246215
1.327011
5.06981
5.730818
3.849115
4.111306
4.096101
-1.028335
-0.2648301
3.582307
5.284714
5.994174
0.5778609
-0.1560945
4.258188
6.081265
0.7282127
4.771839
-0.4636456
4.953483
5.653087
-1.369482
5.389794
0.209329
-0.8545722
5.209168
3.391851
-0.4467814
4.000897
6.526571
3.401717
5.860923
-1.421148
4.535456
3.629887
3.761486
-0.05765123
5.819626
4.561881
-0.2541859
-0.983845
4.718976
-1.029823
-0.3466705
6.164035
10.58762
5.8751
0.844376
-0.1515547
5.115832
4.519955
0.0882742
0.8683445
5.128767
0.5668114
6.44057
-1.091865
3.811819
-2.247173
-1.226216
4.725351
1.986497
-1.851606
-1.501282
0.3099356
7.258293
0.507705
6.085554
0.2137135
4.02447
-1.195851
4.547812
4.689194
-1.353874
-1.083119
5.235335
6.279645
0.7096763
4.105531
0.2514025
7.067207
4.813918
5.139628
4.400609
8.787435
5.35702
-0.4103684
4.389146
6.844752
-0.09511622
6.189321
4.2999
3.307513
6.203621
-0.2377291
4.974415
4.327212
5.650938
0.4284167
1.127344
-1.457212
4.366491
5.514646
-0.6759978
-0.1526799
4.795741
0.1267353
4.583239
3.930377
-1.661845
0.4151404
4.432539
5.315174
3.743796
4.061038
-0.6212802
4.669393
-0.09984655
0.05711417
2.461646
4.582494
0.2154645
0.5754337
4.325621
-1.544552
5.092859
4.991542
0.721652
4.623892
3.707573
0.482813
5.79757
0.6190827
1.057809
-0.779102
0.9352509
0.1398635
-0.9114558
4.644219
5.018822
0.3628556
5.306926
6.269538
5.279776
-0.36093
6.139198
1.174269
-0.5003524
5.132942
5.713906
-0.423432
5.27665
-0.6553392
4.349864
6.324973
-0.05052056
-1.01932
5.092219
4.971488
4.557043
-0.8686129
6.696524
5.403555
0.1209774
0.5561699
1.666965
4.744978
4.7562
4.944998
-0.04472316
-0.07711204
-0.9107802
6.040025
-0.5270811
4.741497
0.1880062
3.705377
4.025393
-0.3176459
5.739738
3.209068
3.482789
-0.2529156
5.123751
4.179653
5.850138
-0.396458
1.487688
5.184005
0.1572996
3.536245
-0.647169
-0.8373063
-0.6023539
4.430427
4.81987
0.4295382
5.707273
4.836584
4.774983
4.105019
5.90503
-1.503397
-0.5173059
0.01775233
0.3112646
10.7206
6.160759
6.555594
0.5977611
-0.2862136
0.2849544
4.879569
6.016194
-0.9337185
6.603253
5.744331
2.097566
5.155539
10.15837
2.102178
4.909159
2.142058
4.435787
-0.1868084
6.044873
4.968301
4.649999
5.317433
5.161598
0.5177851
6.67901
4.959449
5.60238
5.290785
6.163526
0.2124851
1.389379
-1.363608
5.131429
5.265276
3.748522
2.6509
10.18537
-1.053746
-0.1569055
6.665053
3.578684
4.407289
3.292826
4.340192
0.655806
2.378902
4.984209
4.022683
1.767507
-0.479194
4.056029
3.855869
0.2876439
4.780783
5.911306
0.7693114
-1.135079
7.352382
5.512102
6.001871
5.064531
4.43027
-0.07215185
5.926464
4.353258
-2.251903
7.295941
5.112276
-1.526567
1.939818
4.903411
0.5408308
3.622377
-1.03852
0.3725159
4.078798
4.072842
6.535163
4.077814
0.3338976
3.943341
4.655896
7.153238
-0.6293699
5.100267
3.932816
6.275329
5.438847
4.083392
5.119568
4.734938
-0.5401041
4.45483
9.644995
4.750057
-0.09561662
3.646314
-0.002312213
-0.4988889
9.244182
4.452935
3.89697
5.227164
4.847091
2.497584
2.452183
4.464523
5.11738
4.734212
2.046476
5.101743
5.553038
4.196016
4.022032
-0.2902884
4.409106
2.910358
-1.254886
5.62474
-1.879982
-1.628061
7.383124
4.218496
4.156773
-0.4800618
4.295477
1.846526
-0.6371609
0.6209573
0.03713008
-1.710928
4.966757
3.405522
4.668955
5.813238
4.976584
4.162834
-0.6344492
1.239777
2.320736
0.1721849
5.946585
5.215538
-0.1649966
0.8282487
4.226176
4.09792
5.090989
6.191679
5.314472
5.227312
6.614298
4.060707
6.216607
5.924237
5.855533
5.489139
5.690182
-0.5138872
3.928657
4.157288
3.897948
3.539644
5.92351
-0.8024341
4.217705
0.2787702
5.484504
0.1449568
4.74656
1.675621
5.365241
5.657619
-1.289641
1.779866
0.3083123
0.9781175
3.36359
0.1019746
0.4584053
0.6343568
4.8718
0.6343058
4.765674
-1.637247
5.085637
5.319658
3.748815
-0.9146996
3.921858
5.107419
4.725122
0.8435988
0.8109042
4.019862
5.44148
4.548185
1.727077
0.1152729
5.987294
5.066484
0.05185796
-1.588283
3.138955
-1.829973
1.67971
4.904398
4.33105
3.650532
-0.5091468
6.744678
0.331345
4.701566
6.500287
2.380897
4.746796
5.520272
-0.6454146
4.647656
4.513222
-1.897788
0.2657559
4.766017
5.516356
0.4082258
3.449974
7.134329
4.704833
5.874209
3.263389
5.053847
4.779388
0.7006034
-1.759062
5.708772
5.478403
-0.4112034
4.09477
5.047949
5.082903
6.097955
5.311259
0.4557748
3.975042
4.815509
0.2645752
1.47356
5.278556
0.4163671
5.10277
4.749339
5.029941
4.664524
6.466776
-0.2300693
-1.80848
6.112907
-0.510354
7.697701
4.854421
-0.08186954
4.720102
3.498357
4.395745
5.691267
-0.9114814
-1.061633
-0.7615172
1.326096
1.26874
5.053001
-1.497112
0.4728483
6.553581
5.882128
5.72078
5.470862
0.740921
0.239061
6.36336
5.905929
4.111128
1.444385
3.456272
5.476236
4.312959
1.205651
6.737678
6.055842
4.768577
0.5397152
-0.5227774
4.276771
-0.8790454
4.567061
4.324179
6.833949
0.8700543
-1.232527
5.534008
2.761598
4.066322
-0.06207397
4.844356
6.100217
5.000976
4.435145
4.917596
1.648396
4.219402
5.888122
0.3656612
3.502485
3.703932
6.615292
1.80558
6.939628
-0.8189378
0.1831171
0.1335029
5.482179
3.82167
4.935942
7.016182
4.183101
1.208146
2.024772
6.036054
4.014999
0.6578845
3.631765
0.792808
1.954504
5.861337
0.5791016
1.108848
1.552692
6.08829
4.427255
0.05378245
5.763533
2.25779
3.7664
6.896914
-0.7020712
4.883137
-1.216379
0.02884448
5.150776
5.40378
3.931007
0.1270476
-1.193024
5.406958
0.6209053
-0.876732
6.193512
0.1698424
7.063017
4.526594
5.058346
4.641855
-0.04397072
0.3705224
4.559939
5.104115
4.490179
4.723121
5.501429
1.947504
6.176574
3.867851
-1.375647
4.59852
5.403947
-0.4495274
-0.6354181
4.624608
2.337627
3.076857
-0.1733652
0.8215466
4.233652
-2.052787
5.516332
8.566982
0.04950277
-0.3641627
8.225862
-2.220988
5.973131
4.612147
4.921179
0.5938445
4.971916
-0.5139274
5.010785
5.856932
6.986005
0.209295
5.896397
6.172919
0.4960078
4.095183
3.850023
6.906921
6.1129
0.1855365
1.010869
0.5078734
1.689827
3.493291
4.473303
7.151199
4.020099
9.625526
3.640021
5.280502
6.883343
5.583449
9.923024
3.561267
0.0770892
0.4040576
5.001968
4.73716
4.423445
3.902334
0.7693618
7.030243
3.89653
4.758082
-0.9468939
0.3670316
5.377157
5.627739
1.79974
4.547438
4.976711
0.0890242
4.847547
2.148109
3.731219
0.3359373
3.186042
-0.9685078
-0.1508292
0.7628417
3.114961
0.2613109
0.6156652
5.947898
-0.9088133
4.317856
4.37369
4.37124
4.819538
5.078821
4.576996
6.47352
4.591729
0.04222193
5.988337
-0.5951665
4.631385
0.9473744
-0.9107783
4.846823
0.673492
5.325124
1.366222
5.151548
3.098104
1.941434
-0.1274971
4.043098
-0.06692402
-1.524455
0.7780015
0.7883975
5.653951
1.768605
-0.2916794
5.734541
4.53098
5.769781
-1.343945
5.112035
0.5661268
0.3333647
5.309321
-0.793017
4.146088
2.1965
5.490313
-1.867437
5.897047
1.291441
4.205248
-1.513075
4.385261
6.343502
3.599718
3.99227
-1.519435
6.768668
7.921909
5.220638
0.7573312
0.4696754
-0.8001851
4.710902
4.441438
4.38995
8.033656
0.6251047
5.245591
-0.1679691
-1.031601
-0.01700792
5.984966
4.952661
5.3898
6.962899
7.389184
8.713764
6.377063
1.181683
3.126092
2.100953
1.461769
4.512177
0.3923056
6.943688
4.726835
2.042695
7.249657
5.12035
7.934079
6.79375
-1.517023
-0.9890888
-1.031198
3.717641
-1.91906
-1.039562
-0.09673654
0.4957607
2.721832
4.514941
-0.9011667
4.860439
5.249892
3.019418
5.554537
0.1720908
4.334799
5.291977
4.068807
5.265689
6.375209
5.423148
0.03391847
3.192247
-0.2841864
4.795827
4.468215
12.40026
1.051525
0.5656855
0.09765171
3.478653
6.309297
4.718835
5.375748
0.5061096
4.960692
0.1185347
0.3105255
6.240869
-0.6607636
5.872567
6.041544
1.403852
5.041617
7.592893
-0.06321525
3.81737
-1.333293
0.3438295
5.543021
0.6556059
4.753959
0.7450716
5.155707
0.9444662
4.891804
3.361284
6.006639
4.909549
5.272419
0.4553846
5.559387
5.393189
-1.063857
0.02086204
-2.289155
1.039895
0.9947837
5.620759
-0.09721602
2.656277
-0.6084076
-1.511464
6.230988
0.5519796
-1.032135
-1.218395
-1.035241
3.353727
-3.863458
5.227485
7.54042
4.937667
5.041388
4.818431
2.464104
2.449568
-0.3452704
-1.432172
-1.375459
5.396319
4.806564
5.126542
0.151012
-0.0242454
4.963396
4.848106
0.6712429
1.118694
1.930571
0.8310217
4.267909
4.126361
-1.445012
4.591909
2.352339
0.02358655
5.79345
4.044499
-1.047072
1.632211
1.236801
2.722566
3.847647
3.157885
4.172704
7.632339
0.9436782
-0.3962712
-0.867861
6.131651
4.099698
-0.7276861
0.393886
1.883512
5.4598
1.222135
3.394259
4.953873
-0.5253665
4.668639
3.9393
4.996635
-0.5395988
4.519873
4.757394
6.070834
3.340214
3.988471
6.581425
1.61429
3.733909
4.839976
1.370071
5.752978
3.694347
4.934062
4.398934
1.261902
3.404193
0.6650896
-1.47393
4.231805
-1.592884
-0.2554035
0.6813464
4.792397
-0.1091983
1.247132
1.129004
5.18341
5.005662
-0.372367
1.338807
5.485226
5.598585
3.378823
5.386843
5.058581
-1.187735
5.945586
-1.199378
4.13235
-1.155755
4.181531
8.813708
5.368384
6.24335
-2.0376
4.490876
11.118
-1.276754
0.5275926
4.794296
0.7794006
1.053599
6.004386
8.672336
5.301746
1.789439
4.874368
4.719194
-2.478699
-0.2646297
5.094409
-0.2938135
5.340461
-0.880888
4.180417
2.577855
4.371849
7.445118
-1.453332
4.024845
4.578642
4.04569
0.4296345
7.746939
6.563808
5.079567
0.8142268
7.345299
4.470074
1.275636
0.418403
5.018824
3.741099
0.8815165
4.741679
6.446475
5.550849
5.747028
-0.2502461
-0.5107409
6.82424
0.7442377
0.8732507
0.1566892
6.626838
6.033708
0.3483875
4.394603
0.4523399
5.632109
6.285262
-0.1871028
3.159
-0.1335162
5.519799
0.4007917
4.097808
-1.801391
-0.2815573
5.443282
4.090938
0.3121957
4.235517
0.2143855
-1.010764
-1.580789
0.1113649
-0.9904437
5.018896
7.362569
3.809428
1.914176
-0.2000859
1.26231
4.909803
4.464721
4.913015
0.4595766
5.752712
6.456779
-2.164551
5.476392
4.344343
3.622721
5.067326
6.105282
3.496925
-1.866639
3.748962
1.955246
6.823801
5.948691
5.222159
5.784006
6.510011
5.860982
5.383899
4.81067
5.612237
6.310877
5.698238
0.9762295
-2.788669
4.644387
0.4413491
4.88908
0.566595
10.63327
4.771325
5.892156
4.243014
-0.4115459
7.440841
0.2815819
4.551121
0.4490285
0.3640839
0.5887848
5.102102
6.796063
-0.4518909
5.274633
6.266298
0.08180804
1.442184
0.601346
-0.09986523
-1.105537
4.57491
-1.451624
5.977248
5.064037
5.975561
6.018047
0.5958943
0.4617477
4.954013
1.443585
5.396865
4.198358
-0.9279759
5.366035
5.601704
1.48392
8.193219
10.05998
-1.190408
3.035158
-0.5412317
4.895201
6.718818
5.201367
4.856734
5.160904
5.462882
5.90569
3.766313
6.330966
5.082151
4.87013
3.207815
0.2108209
5.525042
-0.202673
8.092375
2.958142
4.602859
3.894298
4.484142
5.06649
4.959947
4.685373
3.6828
-0.6723603
-1.199481
8.972064
6.320914
10.33954
5.457298
8.718342
0.4315261
5.540073
-1.145407
-0.7638647
0.5624424
6.167724
2.955561
1.396593
-0.9401176
0.4949902
13.1007
-0.1968458
5.358402
10.30926
5.360982
3.614055
1.196029
-0.1346396
5.642571
5.437017
5.637652
4.701203
5.15559
7.011459
5.20831
-0.1071053
-0.3210904
3.617926
4.343838
8.166601
1.239768
-0.2727625
7.459242
0.4587031
-0.4070938
-0.3751784
4.721302
4.980282
6.877874
-0.1754978
4.143752
5.324308
-0.9976385
5.481186
-1.614786
4.755242
4.747248
-0.3766305
5.035882
5.39782
2.250699
0.8304169
1.262893
-1.987737
5.107425
3.759692
4.728499
4.312498
5.548452
-0.300933
9.688555
3.589889
-1.520409
-0.2571541
1.032174
-0.1118353
-0.5533504
0.1491523
-0.02809826
2.316578
-0.9399869
3.938106
-0.4326528
5.595211
6.515636
6.06388
5.267856
-1.008232
-0.2370387
3.884946
1.276024
5.269474
5.556503
0.9395686
2.349261
0.179136
0.5636292
1.029113
1.025571
-0.5530346
4.661374
1.526823
-0.2801612
-1.427012
4.89433
5.311348
0.9557285
0.5433895
3.3862
2.906546
0.7153767
1.256658
4.954294
-1.460578
6.249059
4.353643
5.546614
5.059394
4.523813
3.918369
5.166501
4.67744
-0.4654233
3.789004
12.9559
4.566549
0.03808528
4.458522
4.075868
5.71434
6.087499
5.609626
3.039591
5.458525
5.25171
-0.8961988
-0.458172
4.820346
0.3837197
4.439899
-1.06104
-1.915973
6.932955
4.456353
7.481421
6.311629
5.584334
5.472639
-0.7049242
4.605697
5.316026
6.912805
6.579233
6.114276
4.857427
5.576377
0.7534062
4.785672
0.2554603
3.923557
-1.142733
0.5564222
6.154198
0.3332639
5.13188
7.982778
4.253591
5.780774
9.156097
5.040702
3.520615
3.729465
-0.7566013
1.022722
0.6706313
0.7622354
6.586046
-0.8658262
-0.5733536
-1.007669
-0.6832185
3.48333
0.9820002
5.627454
5.466379
-0.7113613
0.8129067
4.471908
2.824854
0.1455002
4.729863
6.345876
6.566972
5.575263
-1.319908
-0.2304538
1.170965
5.171463
-0.2560638
0.9337365
4.382516
4.691512
4.354008
4.603999
3.886062
-0.006697215
5.119689
2.40373
-1.438649
-0.9265708
3.902389
3.027307
-1.200877
4.708975
5.082741
0.647471
4.305968
5.583344
4.607535
5.447105
0.170383
6.075254
3.276987
6.132169
3.882683
5.691656
6.020048
-0.1285582
5.64013
1.522921
6.099569
0.2267253
0.2716831
0.6705279
6.006516
3.913394
5.191167
5.357815
0.8614271
5.883522
0.4557701
0.1629933
7.381543
6.547676
-0.8460362
-0.6716198
-1.093461
4.012625
0.6880345
4.181118
4.191174
6.56539
3.75724
5.003786
5.231655
4.894856
4.984341
1.454633
4.499155
0.06544765
0.4291924
4.350309
-1.408244
0.2913665
5.527893
4.537649
5.594396
0.6732268
0.09668477
-0.8406691
-1.398446
-0.67683
-2.010304
-0.7609737
4.422335
5.861133
-0.5166622
1.467865
3.238734
1.620143
4.116958
3.02209
-0.4758122
-0.01500146
-0.5459764
5.69493
5.679997
-0.4663447
5.865538
4.739599
1.64242
-0.1185706
5.569956
4.413355
5.123468
5.237597
4.568001
4.490574
5.980982
0.2791581
0.141722
6.139634
5.679792
3.848295
3.822486
4.669167
11.16188
4.205226
-1.306465
0.140476
4.218562
5.567587
4.50717
0.6439995
3.541688
6.752373
0.03036959
-0.02448527
0.4744976
0.1423937
6.144195
6.393785
0.7266827
5.876148
5.586515
5.21446
4.726638
3.622826
5.679525
4.8322
0.9002245
5.539053
0.3847762
5.028885
-0.3579445
6.576
0.7750509
3.471483
-1.232455
-1.270903
9.485314
-0.3892205
4.426684
4.984391
0.8523787
5.894823
-2.181222
0.8284559
1.089817
3.748477
1.616583
0.1704734
3.530292
6.480117
4.315703
5.370528
-0.4088783
4.987697
2.823741
1.091982
3.731213
4.542511
1.73349
4.876938
0.903705
5.20493
-0.1303866
0.391271
4.573093
-1.71344
0.04003984
-0.5874152
5.420364
4.244586
-0.2257856
4.204619
6.397528
7.373506
7.880799
2.456259
5.039958
-0.540154
0.4244645
0.448973
7.07017
7.061037
5.449331
4.965602
0.8088301
6.50699
4.56984
4.799657
5.528224
1.852301
4.552194
6.048834
0.4209938
3.367314
-0.03363455
2.989823
-0.5821854
5.532662
-0.258806
2.782638
5.021952
3.757893
-0.9989766
-0.2385694
-1.936408
1.246338
4.466674
-1.285814
0.1526795
4.451839
1.750098
6.680667
0.7388172
-0.01134072
5.211634
4.392322
-0.151702
-1.21327
5.231522
1.143584
4.381084
-2.382365
6.017619
5.158921
0.7495977
-0.2373349
4.973039
3.433229
5.462103
2.222129
0.289337
5.620927
7.339894
5.411766
-1.147386
5.948851
2.927399
4.819044
4.67243
0.5602079
-2.226173
6.550923
6.578267
-1.164065
4.956021
5.146065
4.463889
4.486118
5.873542
4.029909
3.926147
4.854009
5.847454
1.476705
2.876467
5.928578
0.4961
7.479976
-0.3357387
-0.407626
2.374893
5.235531
2.638128
4.825447
6.967978
-1.630636
0.3268585
5.394173
4.022671
5.399664
3.939482
1.096175
-1.651462
0.2190037
6.760341
-0.1402785
4.205975
-0.7644313
3.394636
6.427394
0.1506756
-0.06663386
3.336
5.672195
0.1760148
10.74751
3.918808
0.4927447
-0.09067536
4.062355
1.004107
7.587937
5.856165
-0.6753883
5.717435
6.645957
3.804006
5.122098
1.046362
5.695291
4.432441
-2.261391
-1.026408
4.501723
-1.058519
-2.043435
4.709551
0.4145005
5.216755
4.180306
-1.104429
5.201899
1.570294
5.370231
3.952896
4.413282
4.172232
3.399707
1.949767
6.274003
-1.476613
3.435752
1.093304
0.9726719
6.136069
5.866564
5.42099
5.783006
4.612283
3.461837
4.305556
-1.773206
4.704732
1.653381
1.979516
5.026694
2.95795
8.535455
4.0765
5.640073
4.753199
5.902214
5.689264
0.4797421
5.969061
4.773786
-0.607109
4.085659
4.792141
6.312005
0.7585253
6.107347
-0.788781
3.015139
4.240894
6.05733
5.56889
4.226016
5.7984
-0.1160756
-0.6269946
5.524682
-0.3004233
5.059355
-1.250801
-2.905036
0.6529811
4.453344
-1.57295
1.250295
-0.04777768
5.202678
-1.470847
4.913206
4.840856
-0.8684215
3.986793
0.9960849
5.809071
4.568865
2.173387
4.842355
5.091431
-1.212645
5.97819
0.4582404
0.9194086
-0.6506796
4.635798
5.299655
4.441302
0.5156637
4.966038
2.073276
-2.410273
0.783921
0.5396601
-0.4545539
5.044172
0.02842547
-0.01555183
3.281051
7.877107
5.106163
5.755694
0.3727929
-0.2050927
-0.1364053
-0.4989115
8.054169
-0.8213578
5.057274
-1.514679
1.794992
6.391485
4.132504
2.638911
6.38866
5.54711
4.269195
-1.939755
5.750983
5.613475
-0.5213181
4.901126
0.05051269
1.585572
4.680855
1.162544
-0.8905068
4.56763
4.60006
6.01801
4.759062
5.463956
4.987939
4.549177
6.071498
0.6826469
3.792907
0.5159223
5.164532
4.922972
0.9062687
4.653573
5.057961
2.813175
-1.109056
5.885204
0.3231992
0.5019802
-0.9312557
7.272991
-0.8001352
1.350165
4.624307
3.18541
0.3663974
9.124726
4.892642
4.616975
-0.8706952
4.586685
1.160231
6.134051
-0.7581486
2.027708
4.633475
-1.345703
4.10041
2.130342
5.400762
4.207912
0.0002688168
4.010139
5.593732
5.487211
5.529779
2.112642
-0.1182399
4.199528
0.4998698
6.273064
5.441563
5.475169
4.633796
5.712307
6.143617
5.669774
4.869769
0.6424533
5.289689
5.289827
0.192348
-1.27219
4.380555
5.623068
5.361406
3.932289
4.630031
3.671018
6.309977
5.078417
4.961765
-0.02777575
6.159415
-0.2524855
4.563831
5.152176
0.9653443
-0.3869386
7.606858
5.691936
1.33872
-0.8247262
-1.397423
0.6580966
-0.1046048
2.236248
2.98443
5.673504
3.71147
3.090617
0.4379787
4.728035
1.913233
5.702703
5.970329
3.420855
-0.4258871
6.456308
2.06701
0.4425923
1.046633
3.372086
1.495918
-0.481592
2.258648
5.13097
0.001062126
5.216492
4.500996
6.10896
-1.361556
4.836593
1.375955
-0.9960528
0.1202838
4.872912
4.797672
6.117582
1.342611
5.236664
5.385638
6.785773
-0.7328854
6.090676
-0.004818648
-0.1160151
4.131985
4.553894
4.243234
0.1446099
1.205836
-0.7077202
-0.1305889
6.079646
8.354535
5.620191
3.770846
-0.8993812
0.7473968
3.219803
4.774485
0.5197484
5.671282
5.185463
2.941069
4.745147
0.08211226
7.316
7.591194
5.190061
5.442787
-0.00560565
-0.8351384
-0.5650441
0.8468589
4.252797
0.8943631
-0.9597614
-0.4718528
0.1613283
4.855979
-1.880852
-0.7153628
5.897483
5.707661
0.2459512
5.141936
-0.3113559
-0.3425303
5.890648
-1.643035
-0.5499752
6.859858
5.492574
-1.341698
0.4184176
4.00304
-0.8135649
-0.3503646
5.653536
1.334745
0.6764051
3.675206
4.014622
-0.8570089
5.18849
5.6973
3.637287
-2.379619
4.538203
5.410408
0.2366281
-0.3612464
4.674606
5.200807
5.320849
6.046307
5.214998
4.227749
-1.165923
4.933685
0.355016
4.838607
0.1193951
0.7634913
-0.7979709
0.7130552
-0.2078111
-0.3104276
1.799837
3.848157
7.235109
4.659708
10.42793
5.414383
-0.08980256
0.3460715
-0.4228434
4.775045
6.866753
-0.742116
4.824103
-1.868518
4.957455
5.084938
0.01059846
4.259404
0.7495141
0.05783949
-0.03293379
4.927898
0.03475982
1.280427
0.1241152
5.773682
4.965432
-1.307645
1.133313
-0.2817832
1.221602
-1.636702
5.324636
0.9578917
0.7654588
5.62892
-0.1333223
2.121805
5.581842
4.325612
-1.248973
0.2382081
5.921878
6.770808
4.474205
5.706994
-1.008963
4.361595
3.629161
1.83945
0.4121508
-1.179861
4.686567
-0.4193987
6.085111
5.165908
0.7175437
7.00322
-0.574427
5.891243
-1.290887
5.740541
-0.622984
6.220493
5.530323
-0.4245774
3.667938
0.3090198
6.41128
7.736045
6.959702
0.8237422
5.884952
6.971177
4.960335
4.00418
5.98199
-2.188109
-0.3859419
4.175083
3.625147
-0.844903
5.131467
6.965859
0.401288
5.124835
7.503408
-2.381616
6.802141
-0.6990002
-0.4612637
2.976383
4.861144
4.859423
-1.074863
6.161305
3.712946
-0.2838619
0.6288602
-1.951153
8.296049
0.2834256
0.338208
4.502986
4.666191
5.145252
4.346894
1.395687
5.40369
0.2645796
4.450125
-0.8494067
4.168918
5.307949
4.918071
-2.116351
-1.360496
-1.826566
5.51813
4.458112
0.6258879
6.577512
2.408252
0.7227904
-0.7473891
5.288537
4.534957
5.310835
3.087205
-0.4094235
1.093077
5.518913
0.8825345
5.89991
2.286524
0.6068952
10.89223
4.690372
-0.05658722
7.545647
4.457643
2.019487
-0.7025339
3.909551
4.92807
1.128775
5.610425
5.303223
4.495013
3.401175
5.140627
4.804502
4.550262
-0.2849532
1.858186
-0.7532703
-0.981207
5.344251
3.264941
0.03009492
6.907103
1.032583
3.471534
4.058651
-0.01008822
6.626413
0.7052964
4.183993
0.1547033
0.6008851
3.487617
4.284906
-0.1296402
4.649564
3.078437
-0.4710281
0.3468816
4.257164
1.661151
5.162955
4.62408
0.6510185
0.164019
6.585073
2.231225
0.4248855
4.404843
-0.06108259
1.072516
2.991448
6.406874
-1.692104
5.175527
4.017427
6.108942
3.464112
0.4926193
3.842748
0.9656483
5.768538
4.45235
0.6188055
4.430271
-1.139989
5.590907
0.6875203
5.455593
4.752897
4.950611
0.0458057
-1.996849
5.105951
6.007623
5.230158
4.24775
3.552987
4.662946
1.546149
5.128351
1.422
5.84672
5.288213
5.779866
3.324031
0.2392228
0.637763
-0.3057366
5.075682
3.788599
0.356048
0.3132758
0.1134081
4.62447
4.52116
4.82794
4.78836
0.7130457
4.741096
4.900671
3.646422
5.173277
-0.7105635
3.467027
2.954137
2.708603
-0.1667282
-1.882362
6.46307
3.978444
-1.268835
4.847838
0.3962532
10.12108
-0.9288258
1.014546
4.880737
5.73487
6.048781
6.488166
5.410977
4.606235
1.301297
5.743808
4.03393
-0.7912939
0.465465
2.484863
2.983129
5.70042
5.929074
4.791955
5.637625
5.483754
6.039213
-1.125051
-0.9117647
-0.2809436
5.057342
3.873424
-0.645407
3.860304
0.2551002
-1.248587
3.961551
-0.3325178
-1.551219
0.1081726
-0.007827329
4.903445
7.469886
5.099631
6.407886
5.961465
4.171159
4.035649
3.625328
5.589
4.968184
5.89219
-0.6899478
3.342877
0.3821327
5.319392
4.421595
-0.7634756
-0.8908634
5.97038
6.532902
5.064534
6.090074
-0.5298905
4.091865
-0.000343513
0.1407449
6.605427
4.062181
6.342528
8.937715
5.882947
6.616897
5.053795
6.355397
5.87952
5.435652
-0.7572608
6.182706
0.923047
1.110074
-1.082942
6.425083
6.444013
4.81571
-0.07852543
4.598704
0.3970816
0.4700575
5.042751
5.361913
3.819869
4.193803
-0.7825408
1.996694
6.90633
0.8803085
-1.255798
4.408058
-0.1878758
3.664879
0.859092
0.1077863
5.568761
5.909858
-0.4380148
1.88795
1.222181
5.001753
3.796457
-0.1676249
0.4452879
4.827132
-1.19212
0.526507
6.361215
4.506309
3.076091
5.594387
5.993383
1.472064
5.874653
2.01459
6.053028
0.6127623
6.303363
0.8274152
4.568546
0.03256282
-0.3548757
-1.557465
4.137098
6.056659
2.227756
-0.3340622
1.015527
4.115419
0.5164695
4.244722
0.3366319
0.9135499
3.160473
4.216448
-1.225614
5.774796
3.97303
6.474053
3.636786
1.583793
1.122266
5.847435
-0.6609838
-1.450346
4.38024
5.114536
-1.070117
0.2734899
6.819545
0.1845103
4.644574
4.302038
2.281515
5.323334
0.3254894
5.11306
0.54746
4.579854
0.9277495
-1.228334
5.760406
3.564493
5.041575
1.055484
5.420552
7.775226
-0.3686528
4.490418
-0.4858501
5.26412
5.45153
3.875863
-1.915992
7.891889
-1.324072
4.500549
2.725513
-0.181089
0.549261
0.6748154
4.107319
5.500207
5.927604
-1.231082
4.662804
7.955696
2.855059
5.453319
-2.274654
5.91289
5.024549
-0.197023
-1.490978
4.423065
4.685192
4.830471
1.367605
6.267253
-0.1238127
4.830286
0.2662298
0.1093842
3.962338
-0.1623679
-0.001736106
1.990374
4.708081
3.039777
6.398492
-0.05215451
5.21596
-1.46855
-0.742533
6.059243
-1.131807
-0.8946765
-0.5628083
5.346148
0.5689579
6.64243
5.491007
4.072122
4.081424
6.638346
-0.30049
1.439441
-1.289411
6.103253
-0.8890159
5.177608
6.758074
0.7893393
3.451483
1.749148
0.514452
4.197099
3.361428
-0.3393546
0.8131499
4.87399
-0.5668249
-0.3107694
-0.2228371
5.042434
3.53218
4.603716
4.852664
6.972538
-0.6049002
9.004781
8.727665
5.097335
5.501442
-1.112419
5.134786
3.582784
4.821974
3.393101
4.398411
8.646391
0.6070911
5.422854
5.075166
1.125968
0.4113405
0.719643
4.37711
5.49832
5.082201
-1.399669
-0.7236812
0.81864
7.72376
-1.272703
4.764352
8.944101
4.019499
5.079432
6.049349
4.830774
6.276105
1.083253
4.217677
2.891242
-1.207113
3.693376
2.430241
-0.3544467
5.754268
0.5709295
4.282067
5.184162
5.21093
-0.8250203
0.890507
4.072947
0.7170393
3.466126
-1.297978
3.650256
6.422791
0.183756
5.594712
-0.6829259
-0.4768006
0.4332429
6.358622
5.74567
5.154301
1.81508
0.432134
4.985282
3.564685
9.574266
5.485781
5.435262
4.848146
-1.060965
2.269558
-0.5970097
-0.003608042
-0.7581175
-0.6864618
5.389199
-1.748563
2.330428
1.686064
0.6065772
5.507237
5.886417
5.440505
4.37081
0.03700305
-0.4718717
5.367035
5.145955
4.648378
1.300381
8.840057
1.339142
4.87918
-1.630212
5.447964
5.641512
2.275298
4.870256
0.9814505
4.725938
5.187226
3.978041
6.223806
5.952412
3.110686
4.664474
-1.084183
-0.4133473
4.813052
4.653426
5.036389
-0.4908331
-0.7910962
0.4007654
5.259216
-0.07516151
5.107934
0.00494776
6.018481
5.1809
5.306512
3.825688
0.9673141
0.6107458
2.228525
4.187782
6.151424
0.7287372
-1.009815
4.694644
1.407915
4.729213
6.15561
4.815206
-1.811132
3.972729
6.000635
4.64294
-0.1901811
3.953368
-1.053631
0.7269305
8.973818
5.453533
3.806708
-1.030212
0.567223
3.876866
5.758016
2.196834
-0.1252565
4.508985
0.5877012
-1.901902
3.76866
4.790684
5.327791
0.07089777
-0.8980462
4.571144
4.847541
6.046101
-0.6892516
4.073329
5.702386
4.569769
4.642013
-0.4350737
0.0785821
-0.2635418
1.072029
1.551348
5.122881
1.182127
3.679927
4.320871
4.113923
5.690919
1.84427
0.03345349
0.9287396
5.932085
-2.308109
4.747686
-0.6994037
6.234169
5.005523
6.507446
-0.4748702
3.533295
4.284687
0.3123778
6.285764
4.26672
4.834613
3.067539
0.7938982
5.920157
4.670929
5.497228
3.60409
-0.3224817
0.8480294
5.05331
6.611307
4.965039
10.71398
-1.521353
4.250162
-0.09799751
4.062482
5.453697
3.519142
1.7187
-0.4127389
-0.4366546
7.362858
0.2164763
4.147146
5.043223
5.839743
0.4809011
-1.236354
0.1471317
5.937381
6.604753
1.775553
5.298999
-0.3831364
0.4385392
5.819263
0.4316059
1.319941
5.879892
5.982335
0.1210712
4.518799
5.594239
0.7764069
1.496179
-1.942507
4.542257
5.590301
6.423791
4.413079
0.3941228
5.655449
-0.9214085
-1.020783
2.362473
-2.054473
4.965836
4.034686
5.977265
5.25758
5.877674
-0.5398408
4.89384
5.623634
-0.4023026
1.276305
3.928788
6.281622
5.427916
5.215366
9.122774
-0.2415494
0.05435967
-0.5110728
-0.3534145
6.825836
3.118349
5.428409
6.739721
4.850649
0.5513906
3.639541
6.760111
5.617432
5.225541
4.995231
4.636593
4.167654
5.786719
1.417705
3.612883
-0.0207717
-0.9486159
3.80416
-1.362055
2.748288
4.517387
3.95735
0.3030533
5.154393
4.53586
5.570288
5.925922
6.576029
-0.169758
4.441791
-0.413391
2.840306
2.787573
4.072909
3.559026
0.258451
0.1235521
3.230027
5.036695
5.910921
3.936411
6.672094
1.199966
-1.349208
6.020313
4.802426
-0.5995607
1.419779
5.434489
3.773565
4.385471
-0.5060024
-0.4992388
0.7977537
-0.07529671
0.8158155
5.542312
5.265675
4.305725
-0.3241726
5.228509
6.755618
0.410001
5.424827
-1.531334
5.584822
5.416378
5.070904
5.200674
5.797815
4.505158
-1.021501
-0.6068479
0.6168638
3.702813
-0.2926421
4.109093
-0.5487573
5.873202
4.396117
0.07520619
3.953355
4.582415
5.370186
7.929994
12.33187
-0.574027
1.091056
6.045659
5.331238
3.772419
4.102687
6.410433
4.71042
2.361568
5.756748
0.3289784
4.634309
-0.5540506
9.483311
-0.3405483
-1.517287
4.619423
4.619149
4.185598
0.3277271
5.524081
0.4550595
0.3773353
5.016844
5.762827
-0.6467327
6.110735
5.406308
4.9153
5.167132
2.190097
2.443929
5.910688
0.08958627
5.775098
1.329654
3.867652
5.695563
0.03807585
5.804692
5.838385
4.997952
2.208457
-0.3403585
5.640765
-0.5790698
5.28548
0.2586476
-0.4809779
4.647048
-0.4559009
5.635306
5.157162
9.095131
5.353327
-0.7268045
4.264675
0.2585316
0.2111853
4.932058
-0.1552759
5.532964
5.960742
6.700502
5.757155
0.1035388
1.181339
4.776554
4.213013
0.6229071
-0.6291578
3.169419
5.188228
3.321291
6.4318
0.2098933
-0.1252407
4.486623
4.945235
5.832643
1.802042
-1.60146
1.764089
6.051473
-1.849572
1.62592
4.593385
5.202259
0.8784413
1.785743
-1.675206
4.135976
1.845447
-0.8912402
5.708766
5.068796
-0.08261883
0.600671
4.517119
-0.3167708
10.5612
0.1141295
4.34232
-1.060882
5.171475
5.98598
-1.54995
4.439192
-1.715148
0.9902821
0.3370935
5.257449
4.290874
0.7633808
4.83175
4.329984
4.740562
4.083867
5.185749
6.335447
4.424015
5.102001
9.572543
-0.6930384
2.644921
0.6028766
-1.577412
-1.715312
3.622345
4.844958
-0.2540038
3.441794
5.531809
0.04516931
-0.3112562
0.2897128
6.066783
11.60883
0.5451584
3.717003
5.847256
-0.05663403
0.4115201
3.23434
3.320346
-0.9815715
4.329072
5.146122
-0.685206
-2.299753
6.79655
8.93486
5.109515
-0.3075839
4.913793
-1.228614
-0.9455457
5.661335
6.04963
0.5212075
4.055503
4.875465
-0.0544223
4.878711
0.0333435
3.210939
-0.4992503
4.619586
0.4551275
0.6490967
3.434475
1.092917
6.338727
-0.334837
5.455454
6.096208
5.689345
5.711664
1.26158
5.711761
0.4154787
-1.622065
5.331664
0.7598463
1.537187
-1.128133
1.042798
6.249797
4.495714
3.994033
-1.728347
6.236166
4.816254
6.400585
-0.4405727
1.565704
-2.461636
5.04689
-0.5940007
1.147845
6.575891
-0.6497573
5.454221
4.470247
4.945024
-0.6766094
4.641299
-1.538634
-0.2997332
3.438553
6.157934
4.165678
-1.268152
0.1358988
3.161237
-2.301608
4.141573
1.127351
6.242829
6.228512
3.008878
4.713485
4.680366
1.785149
4.829022
2.954738
6.796739
5.053761
0.6980627
5.640804
-0.1359578
-0.1243534
5.541636
4.709446
0.7618766
0.9679168
7.590902
0.391008
4.716164
5.476781
0.2016597
-1.242635
5.534439
0.1059405
-0.2259031
4.644911
4.944046
-0.2025893
3.129043
9.047153
6.011432
0.9031873
2.519927
-0.4014465
4.685688
1.090283
5.973479
4.156657
-0.2556975
-0.764993
1.240059
0.4019208
4.903018
0.08065303
5.281604
-1.047049
-0.01538849
3.447068
6.640207
2.560743
4.561975
5.908068
4.747572
-0.01436351
0.9006808
5.188584
5.819303
6.795943
4.860187
-2.210641
-0.6931324
1.968747
1.729335
3.379734
9.114615
-2.013048
5.225149
4.109596
4.393704
0.5416197
2.279541
-1.615771
-0.6839489
0.7222205
4.513073
-0.1582487
5.854719
5.656324
-0.4978259
4.815376
0.7679182
-0.3780866
-1.857564
0.7685934
0.2038104
0.4089269
1.511637
6.184368
2.039623
3.805517
-0.3288797
4.174269
4.07471
5.554646
4.663097
4.022038
4.079755
-0.5646932
2.948998
0.110947
3.289826
1.387614
3.129076
6.190943
-1.196862
3.805359
6.91423
4.13865
0.4052927
1.62839
5.21038
-0.3205802
-0.3956223
-1.487953
11.30288
-1.563943
4.949238
4.689548
6.731415
0.8018366
4.757805
4.952958
5.516013
4.727158
2.343063
3.222353
1.862287
-0.1035126
-0.0715902
3.86802
6.146138
5.219073
1.0936
4.011474
3.775998
5.759991
-2.109537
2.469952
-0.939312
2.177912
5.527848
0.1257417
4.36167
-0.08456635
5.311213
4.33358
0.3074457
4.686732
0.1720228
2.510874
0.2654879
3.946418
2.351082
5.296569
5.989109
5.127975
-0.1849842
5.864837
0.2935067
-0.5150879
-0.7840857
4.804529
0.09392863
0.7084958
5.610087
0.1217955
4.674636
3.335495
5.118834
5.312959
1.624402
-0.4236806
7.9815
5.472337
1.996506
7.000258
4.937074
6.048947
-0.5559331
5.793169
6.164087
5.392149
7.110313
0.03746788
4.159162
7.371147
0.5114867
5.899754
3.697077
4.026027
7.08549
-0.03950131
0.916965
-0.5988138
1.082476
-0.9721939
5.455179
5.721802
3.929589
0.730943
4.976441
4.418707
1.320887
0.1597604
-0.3608719
6.783122
5.715491
-0.3664327
5.24469
-0.239965
3.124272
5.046025
5.196236
0.1478602
-0.006074002
5.624814
6.350767
5.155568
4.265912
4.280788
-2.585198
3.883728
4.762525
-1.031928
3.994116
0.6176805
-1.188119
-0.5947003
7.56411
1.221496
5.985253
1.761359
6.926529
4.761205
0.9590698
-0.5954119
4.448789
1.293174
0.9184714
6.403458
-1.363053
1.000066
0.1784832
-0.4213829
4.119301
0.2042976
3.979641
5.485211
1.320455
3.298358
6.155273
3.033878
0.04258652
5.976639
1.444758
4.283614
4.709806
2.896754
0.3337326
4.61893
5.517814
0.9073758
-0.8228973
-0.2831154
-0.2354053
4.262114
5.04389
-0.8699714
-0.1987516
4.661138
6.300631
5.607944
6.62374
5.748573
0.5864467
-0.02818495
4.243654
0.3863863
3.540987
6.501081
1.443662
5.042322
-0.2806038
4.392156
5.650749
-1.040717
-0.8919175
5.135486
6.586091
-0.4335769
7.108061
8.771128
-0.9159619
0.1333252
-0.9260208
0.2528693
3.536565
3.201575
5.936102
4.335679
3.466417
6.684184
1.550922
4.868969
5.290552
5.484468
-1.226434
-0.337918
4.633205
4.541673
0.2054782
-0.4620549
1.369938
1.444654
0.1470758
6.259046
-1.259598
4.730937
0.1818246
3.131537
4.27577
8.094974
3.998386
3.73784
-0.2605581
4.309805
4.416885
-1.555847
5.73215
3.353043
4.636756
1.036705
-1.199459
4.806896
-0.6760244
-0.7589878
5.423266
4.810253
1.279713
4.249953
6.456373
7.275381
4.952864
0.06487413
5.03238
3.937744
4.178334
5.687283
5.212168
-0.01948044
1.136938
-1.363543
4.858718
5.253696
-0.8456935
3.87469
1.078027
-1.494927
-1.146849
5.403985
1.116616
3.654698
1.588844
4.650408
5.455006
6.011179
-0.7449299
-1.556934
1.028754
5.484859
5.100475
5.192638
6.398874
-1.436524
0.02362358
7.190296
-0.2213363
0.712893
4.860794
3.340067
5.253423
3.569356
-0.5820715
4.902429
-2.067872
-0.3511461
4.418341
6.47942
3.946524
6.137789
5.608871
4.038408
3.539645
6.202431
1.695989
6.712455
0.6379731
-0.03547596
8.816444
0.7346632
5.714641
6.213753
4.725056
5.617076
1.29241
5.617526
6.077427
0.01748371
5.597394
5.002599
0.7324879
2.030946
4.937933
5.228713
-1.138356
5.009105
4.700485
4.901956
7.910543
5.85673
4.792849
5.631687
0.120535
5.042646
3.650649
5.19173
3.318535
4.361769
2.433124
3.950607
5.762652
0.3840901
6.8708
-0.08671863
-0.0410161
-0.5760032
0.4039011
2.800372
5.641046
5.32983
3.96441
3.728423
7.613257
5.703417
4.883595
2.027124
3.435442
6.930052
4.058819
0.04599513
6.125557
3.992799
3.500665
5.535093
5.481139
4.35285
4.678968
4.804205
7.05253
3.720817
-0.200077
-1.337869
7.091461
5.253794
4.807757
4.923747
5.160734
0.4852133
-0.2241639
0.344132
0.5873071
-1.519612
0.801422
0.1057247
5.443802
-0.5266689
0.9061044
4.822219
7.904323
-0.5247027
4.739692
-0.8831371
4.27003
7.330955
-0.08726199
1.05124
5.044349
4.857174
6.282032
6.396437
6.178282
2.950395
6.963257
4.642743
-0.08379853
6.545158
-0.6519589
5.44517
5.674338
6.035281
2.563132
3.048563
6.136697
-1.494089
6.508829
-2.472427
0.8230551
-0.00752051
0.1386694
4.357648
2.137814
1.379892
-1.062571
3.175062
4.238193
-0.6902932
-0.6997221
0.04036934
3.204466
6.263814
-0.4264195
0.7083676
5.155085
6.66876
2.505676
-0.2164684
4.314846
-0.6024048
-0.03336882
5.147177
4.926268
5.209299
5.02293
2.32054
5.134034
5.228665
4.411288
-1.264575
-0.1420801
5.162569
3.47843
1.069342
3.610162
0.07179766
6.38279
-0.6100216
8.317854
5.741765
-0.806357
5.788245
3.448465
5.757848
4.736639
-0.4976342
0.1704889
0.8953624
-1.135718
-1.504839
4.937005
4.516827
-2.060988
-0.2340784
6.12773
-0.6559045
5.16889
6.770274
-1.010874
0.5311626
1.51376
4.776703
-1.154638
2.820959
7.787662
3.946124
4.900753
3.40191
6.580835
5.730735
4.641238
0.5057947
5.725638
-0.3894428
5.330172
3.798174
5.02279
3.461212
-0.6257584
5.338286
-0.5381629
4.8853
-1.21278
4.452213
0.2535911
0.7749723
5.61913
-0.8857401
0.0856584
6.089916
6.28283
9.609033
5.44884
4.184074
0.8013552
-0.2814002
-0.5579321
0.2733172
0.5799404
1.004909
4.277062
4.393298
0.1682509
4.572617
3.983908
5.235265
-0.6500025
6.769065
5.309895
4.459559
3.920762
6.697859
4.741519
3.556192
5.52717
6.641785
0.9918195
6.951883
3.549245
4.162361
1.713387
2.660692
6.624575
2.965057
6.044066
0.2140375
0.2783224
0.2917487
4.899664
3.436313
-1.164013
1.073937
0.43505
-0.6336107
0.1108383
3.452567
-0.3243455
-0.8888348
5.957815
2.41391
-1.176117
4.769142
-0.6683058
-0.8009243
0.02677656
5.243929
4.605857
-0.2883025
-0.7457741
-0.6005933
4.258442
4.721754
-0.4227778
4.96965
6.792529
-0.6110433
4.787177
3.967598
6.974091
4.565901
-0.3783983
1.820931
5.593687
4.269955
5.467241
4.884115
4.884807
-0.9079608
0.08641758
5.228344
4.717922
0.5958324
-0.1621024
3.584586
1.108676
0.6710437
5.538207
4.744846
0.2082857
5.207027
6.235802
-0.7975738
5.046919
-1.505435
5.549147
6.357016
-1.805056
4.710306
-0.2142064
4.479954
3.779988
2.02464
4.0432
0.4919296
0.2387648
6.306556
7.437603
6.335327
-1.076665
0.1529137
2.226455
-0.510539
-1.088032
1.595
-0.3033334
2.144606
5.565442
-1.276163
1.367409
-0.4639454
4.290822
4.653898
5.999511
4.383177
4.432719
0.8696548
4.342682
-0.8278544
6.533226
5.72179
-1.129465
-2.899567
9.305007
1.952113
5.508805
0.6245538
4.102961
-0.5515987
8.990204
3.67561
-0.6695841
0.8703916
-1.867814
-0.1237279
5.051021
-1.591472
5.318015
5.392146
-0.5633785
8.232345
4.173171
2.924077
6.203194
4.643364
4.968975
-0.9723074
6.987188
-0.6693323
5.715094
0.5942004
6.00939
5.21137
1.728331
6.106788
5.84481
5.28588
4.391141
3.747068
0.743326
4.254636
5.047751
2.919896
0.6526749
-0.1801108
4.984875
4.188255
4.992912
5.081099
6.110651
0.5255956
1.87197
3.240365
4.775062
3.536899
-0.3952164
0.2812047
6.781543
4.845275
0.9466814
-0.2573653
4.690575
5.802381
5.414912
0.33505
-0.9597214
5.537304
0.4994848
0.2218023
2.327542
0.883613
4.891513
0.2093171
5.136049
6.476574
5.58123
0.6014164
3.585856
1.788181
5.877092
-0.089552
3.940131
-0.7510333
5.976283
3.671375
4.244855
6.158434
0.01260978
-0.4609346
-0.1547461
5.486357
4.692188
5.697416
4.777241
-2.57647
4.724658
1.537086
6.20363
4.665999
3.492581
5.415114
6.479297
-0.3652549
5.386151
-1.462033
2.445318
3.584634
5.175971
0.09323336
4.562586
0.9918414
3.19527
-0.254974
-2.10849
-0.469724
0.2853317
2.02239
1.007048
-0.8619329
1.160087
0.04766537
-0.03638789
5.990362
0.588447
4.729666
5.550523
3.425246
0.3942319
5.555644
3.508304
-0.03601679
5.705986
5.82178
1.165615
1.912949
4.438225
0.8699902
5.053371
1.176588
-0.242333
1.640169
-0.7892796
-0.1375318
4.138252
5.66679
5.128923
4.156985
10.38264
4.871794
1.137057
3.813782
2.494459
1.33079
5.906857
-0.2462965
4.473019
-1.037572
1.162877
-0.842585
2.251968
4.950144
6.685444
6.382077
6.017648
6.449673
3.237104
5.181971
4.546432
3.438602
-1.337298
-0.235396
5.528334
-0.7289781
-0.2093925
5.317312
3.631671
4.726875
5.652028
4.986818
4.435662
2.695891
0.01553723
0.3885551
4.986981
4.460471
5.438454
5.167101
0.4773196
1.808628
-0.7547214
5.548455
4.504398
3.944058
5.733736
4.523332
3.624069
-1.123141
3.705073
5.461882
4.582933
2.804423
-0.681059
0.4530865
5.193839
5.608809
5.306302
-0.8451559
-0.7907704
5.530255
6.612626
0.02527515
5.106469
0.9124
0.1377386
-0.4241961
7.73844
0.4498804
4.407543
5.343958
4.80768
5.637717
4.444618
-0.3160592
5.578531
-0.03854301
1.349638
1.06702
5.203544
-0.8993949
0.2193041
0.9239478
5.952644
4.908409
2.286256
5.889658
0.8403681
5.932534
3.176537
5.861828
6.677303
0.5277433
3.63018
-1.456694
4.489983
6.043421
6.461324
4.129002
1.638599
-0.2982894
4.657028
3.045962
5.683927
6.671317
-0.09028625
0.7727833
-1.028278
4.460495
9.037268
3.590737
0.4497955
0.7474196
0.1886827
5.262501
5.035397
5.064172
3.902622
4.722575
3.356032
5.712697
4.467429
1.684296
4.441526
0.09932014
4.638243
0.9057253
-0.4122934
6.406109
5.377943
5.549769
5.184624
5.653257
-0.1305084
6.24011
5.190526
4.664907
-1.078295
5.736182
0.3339782
3.949815
3.902754
0.4949093
1.162774
5.901753
4.292274
0.1314045
5.176337
-0.3858495
3.518634
5.75462
4.70981
4.571679
0.2741168
5.594959
-0.08196794
5.664572
4.956625
0.3853204
7.450354
5.621012
0.6445432
5.15614
5.638055
6.449466
5.318167
6.029563
5.973008
-1.238993
5.988849
4.909285
0.7529603
5.472896
0.3284931
-1.300787
-0.06033104
5.226357
5.608298
4.60802
-0.5080919
4.72305
-0.2669423
5.585136
1.821067
4.279422
-1.047201
0.6961723
5.43772
0.3531027
2.378512
5.041496
-1.300462
4.747187
5.127598
4.765994
1.3042
6.254236
5.416086
3.415447
5.995778
3.566044
-0.339936
4.006368
1.004533
-0.1461531
-1.210776
7.006799
4.715792
-1.151318
0.4382262
0.3312465
-0.2821314
-0.4391065
4.904856
6.281139
5.985613
5.903621
-0.3027892
0.1357823
4.905902
4.954348
-0.3786001
5.335634
4.641359
5.140693
5.408025
9.301229
6.70358
0.4550167
3.624448
0.9481173
1.009969
0.8615158
-0.9835335
6.739109
7.487252
-0.2135896
-0.392747
7.046707
-1.067356
4.384083
0.6294793
3.909651
3.889584
0.3272177
4.056404
4.665925
3.341119
4.114723
5.924178
3.768114
4.138763
0.4669672
4.936365
8.180218
4.903734
3.938275
-1.55638
4.323803
1.422185
5.838821
-1.255966
4.562745
5.79896
-0.4295597
2.171956
6.460363
3.978812
-1.229881
-0.3078823
0.4205826
5.226729
5.296908
5.349752
6.083945
1.722264
6.641721
4.284534
-1.307946
9.144416
2.617487
4.124831
5.402174
5.402686
5.194758
5.427299
7.531623
0.3987278
4.576784
4.216353
5.449917
5.636537
9.812076
5.29211
-2.218872
4.270887
-0.6394438
3.384915
1.127604
5.035677
1.707566
1.60028
0.07013976
4.84395
1.621276
6.28861
-0.3750549
4.674257
5.444018
6.325264
-1.129669
-0.5440424
5.729101
0.9419742
-0.6242868
4.959306
6.255833
-0.2546677
3.777883
1.532703
-0.6079984
4.827923
4.066233
-0.9779726
0.07151882
6.716132
4.41639
-2.248101
7.423756
5.417216
5.737631
3.904399
-0.5738683
-0.7259381
-1.167846
5.860913
6.601346
3.875733
3.698093
0.8570902
1.744903
-3.804247
0.2036731
5.155384
0.3294797
6.46033
1.01512
4.218504
4.184165
7.239352
5.834863
4.422359
0.9365449
1.244481
5.42363
6.054066
3.941221
0.8752835
1.191059
-1.208529
0.5526321
1.032597
0.2135773
5.54666
-1.393541
6.177127
0.6554653
1.118336
0.7718836
4.559116
-1.282594
6.934525
0.8775282
2.937503
-0.4503715
4.391105
-0.1942578
-1.874797
5.127904
5.782901
3.468443
-0.1591818
0.1299003
7.146324
-0.8770491
4.053096
4.559328
4.979682
3.991336
4.802551
5.180483
5.37489
8.724822
2.927835
5.387893
5.644707
0.4916715
4.599994
4.195545
5.514875
0.4913128
1.277862
3.933069
-0.2871464
-0.3697897
0.967521
6.33322
0.5083358
6.057895
0.3164579
-0.007351858
5.113373
5.189298
-0.1174174
6.000309
-0.7295275
5.081183
0.9296597
0.0705479
4.98054
5.917438
7.058531
5.031795
0.1210389
-1.265814
4.934842
-0.3744102
3.755173
5.698621
0.2280375
-0.04972969
4.001634
0.1259251
8.193
4.558099
4.448807
-0.6815138
0.3031842
4.001908
5.356683
4.950031
-0.58534
5.610836
3.606048
1.014166
3.936232
-0.8023706
1.711723
6.868109
4.049652
5.166567
8.445461
5.185186
3.396856
-0.6912979
5.732263
-0.5074133
4.18344
-0.3551327
4.301559
6.081327
0.4117563
0.237127
-1.250435
4.719431
7.364629
2.372543
4.763406
-0.6557207
-0.7401053
5.631934
4.383772
-0.5651821
-0.2477824
6.067151
6.803619
5.408703
4.885263
-0.399665
3.71189
-0.999809
5.440004
0.2771391
0.6105222
3.058313
0.4485309
-2.151871
6.124499
0.1417049
4.28234
5.773955
-1.662137
3.772133
0.01780568
0.0384514
9.629836
5.89184
0.8639049
-0.6799613
4.152438
-1.220309
6.210767
1.349643
3.153011
-0.3113488
-0.2120816
4.516777
3.195069
4.020101
1.626301
-0.4390518
1.24648
1.104379
5.223097
-0.2493808
1.156268
-0.4976167
-0.5112351
0.9319669
3.878246
0.01736096
1.091013
3.990246
5.330131
-0.3882299
5.299594
5.884779
0.5439806
5.843492
6.097371
-1.041297
4.6745
4.317997
0.5402274
-0.2531014
4.013227
1.097461
3.329093
3.225144
5.734687
4.631523
5.695465
1.753776
4.654609
0.2055024
-0.22649
6.8805
-1.178797
6.992864
-0.07825197
4.246828
5.677943
7.227404
5.105955
3.887741
4.09137
3.820642
4.215605
1.395172
3.504518
3.465784
5.871001
4.211022
-0.8173178
0.6354924
4.636636
4.413932
0.5355763
4.244469
1.266189
8.910809
0.6492615
4.244691
1.374539
0.7934082
0.7214163
6.154167
-0.8083276
5.100442
4.394756
9.138351
0.7017308
5.780891
4.766959
4.886481
7.837879
-0.458799
5.569116
-0.05664263
-0.8320039
7.183043
-0.5266422
5.989721
5.754365
-0.02957283
4.655026
4.185256
5.489949
-0.8124821
3.922664
5.205988
0.3829158
0.6250408
-0.2427812
8.152774
0.2945491
7.058009
4.262415
0.4017174
0.5696893
6.449728
4.80587
4.951651
6.336236
-1.144828
4.315156
4.276433
4.513398
5.4485
-0.7265067
-2.167966
4.403214
-0.4617407
7.425953
6.175366
1.709498
5.977623
5.435903
2.71904
4.76416
0.04309437
5.931208
3.617833
1.232837
3.757855
3.282219
4.912303
-0.4804606
4.49813
0.4537782
4.92121
5.690599
-0.3846202
4.682729
-0.6497182
-1.473769
5.098143
4.339093
-0.7436102
3.595737
4.932733
-0.3863074
4.016493
0.9644845
8.217881
-0.2674892
6.195531
0.3742034
0.1922033
-1.918845
5.85316
4.853437
5.486447
5.412323
4.773739
-0.5846003
4.624904
4.030116
3.824467
4.208318
3.9777
4.448464
0.3579065
5.471959
4.745038
0.3011022
-1.444682
-1.557573
1.120727
5.224839
-0.729074
6.367717
0.625372
1.901916
5.931989
-0.5549363
5.528165
6.279242
0.3093784
5.10824
5.275312
4.546867
5.812348
3.697697
4.659617
4.441764
5.279848
3.879653
0.7576572
4.898413
2.601458
-1.058557
4.548572
3.988816
6.590782
-0.2251944
-1.800513
6.482333
1.698946
4.032898
0.9480683
3.33338
0.5882346
0.8740421
-0.2427595
2.219717
5.010553
0.7587605
0.7772404
0.1632526
4.485319
6.054626
2.926137
3.995096
-0.1659116
-0.8097731
6.523801
0.5044223
-0.09868302
4.269748
5.600537
-0.8383447
-0.07907323
-1.275801
5.475931
0.9197814
6.313214
0.3807824
-0.1169002
4.890567
-1.188002
5.923038
3.118226
4.910378
0.330111
-1.275782
5.951765
-0.4910615
1.229554
8.377808
3.350012
4.425907
0.931974
-0.6203994
4.878706
0.7634389
0.1489922
6.77167
5.802519
3.980304
7.659087
2.98487
6.29338
-0.4078488
0.9389014
-1.016048
1.932159
0.9874272
5.984596
-0.3700343
7.153946
3.911123
3.657396
3.34637
7.279936
-0.6850074
-0.7419043
-0.2096189
5.22468
-0.6816824
5.020085
3.702552
7.551029
6.260063
4.471717
-0.4095544
3.144962
6.590682
6.521848
7.204016
-0.843388
-1.207615
3.271528
6.052767
4.244216
5.898617
-1.456892
4.261885
4.578755
7.342519
-0.8922705
1.295687
5.797779
-0.7712132
4.394146
1.12789
6.060057
0.3526709
1.919103
7.778521
1.922972
5.57661
1.355917
7.019932
-1.963858
5.09447
5.173976
5.809329
0.6792388
7.168831
4.423614
4.052338
4.31019
3.990896
5.772938
4.454721
4.164055
-1.22328
-0.2487575
5.517414
4.921473
4.553482
4.9016
2.115796
4.600095
3.641956
6.763322
-0.3151526
5.167553
6.068858
4.299872
1.949914
6.426835
-1.607641
7.080641
5.53616
0.2793871
0.009759605
5.865031
5.408134
4.575605
0.5619581
1.045088
6.833376
0.7808924
-1.301685
4.806673
-2.291621
0.5782796
1.168951
3.965224
6.011749
-1.902852
-0.7999857
-0.7437008
3.970827
0.05796173
4.613264
3.236974
7.078929
4.178873
6.881128
4.664563
-0.1696591
0.8985529
-2.027056
5.702599
-1.322857
-0.1467406
4.413489
5.436687
4.336915
3.287547
4.861973
7.763137
6.408799
-1.536898
1.164814
-0.1859513
5.108026
-0.1566879
4.788113
6.775572
4.721633
3.373316
-1.126563
7.035777
4.937313
4.902744
6.343098
6.395986
4.182623
0.3152545
-0.3475957
4.159197
0.1152709
-1.324638
4.817791
-2.078335
0.5780793
6.091153
-0.2623994
7.379324
5.049119
6.691023
5.187954
-0.4605957
-0.134324
1.282527
6.649137
6.950496
2.414207
