4.439789
5.693296
4.706847
4.011747
4.366334
-1.246556
-0.7393465
5.084456
3.602071
5.071953
5.243036
5.468351
1.9825
1.130928
3.602988
4.986167
-0.4760326
6.331316
3.395863
1.585156
-0.9170258
8.074199
0.6991456
-0.8708152
9.579615
0.1834806
0.4337873
5.099381
4.128249
2.812792
8.503157
0.6281096
4.799204
-0.6799534
-0.4738788
1.304459
6.195952
5.021051
5.234351
3.091504
4.961896
5.961901
1.301792
0.4906194
5.190297
4.541889
5.956699
4.729575
4.191748
2.124266
4.685491
0.6100082
6.255084
3.806124
3.328903
0.08560031
5.556647
3.6837
2.074959
-0.5818256
-0.008306396
2.754965
-0.7637798
5.879358
1.44343
1.275706
0.520458
0.1222078
0.7304613
-3.177034
4.356841
1.433363
4.3451
-1.560187
6.715212
-0.7048282
-0.7335707
2.652688
0.7265672
4.257606
5.163681
4.976496
3.956125
4.922388
7.349954
4.713954
5.56225
4.580707
4.529737
-0.3966724
4.155821
-1.156274
5.774075
0.239508
1.86182
3.2511
3.656544
1.126516
-0.06871027
5.721327
-0.9771181
0.1460064
0.527082
6.191884
5.475998
-0.850938
5.984615
5.246579
2.09756
-0.1595888
-1.258818
0.02766215
-0.6599679
5.145953
6.573981
0.2605996
1.378223
4.147516
-1.041756
1.429661
-0.1514916
4.076537
-1.09339
6.958408
5.333775
3.759845
5.236261
-2.115398
1.585693
5.05297
0.7036141
1.225614
-0.9848458
1.156205
-0.3176198
-0.301366
5.399358
5.277469
-0.2023146
0.06947606
-2.561663
-0.9485
0.05598729
0.2536988
5.200253
7.113202
1.008769
5.101103
7.157346
5.064022
0.1124708
0.4041196
4.656922
-1.234121
5.408919
0.210645
1.483355
4.255589
4.762018
3.472967
4.600671
5.446405
4.297332
5.113998
2.479762
3.097921
-0.4228882
3.457243
0.7852409
-1.878565
-0.9506914
4.307149
5.568524
-0.8593536
4.118725
1.082748
5.641966
5.850667
5.863061
0.9586996
5.082827
9.054476
-0.4322675
-0.7810818
-0.04686534
0.635747
5.796535
4.966373
4.178204
4.096302
-0.2480098
5.015349
6.298173
-0.7303275
4.176984
-0.4886089
4.996044
5.542811
7.13869
-1.142976
5.8012
4.769737
3.349283
0.5904663
0.825915
-1.458814
4.229487
4.715291
4.9829
7.106261
5.003454
7.347265
5.864458
6.782916
-1.514764
0.5027831
4.929052
-0.5751774
4.958656
5.762573
0.9502552
5.344891
5.226672
5.688959
6.462919
5.186905
4.21254
0.3517159
1.101681
-1.249383
5.585558
4.263146
0.5909954
3.930773
6.49571
6.468093
0.4217804
-0.8978033
0.7191613
3.58477
5.056453
0.6140344
2.930585
5.457836
1.732945
5.019019
1.153959
-1.557693
5.999314
-0.4780841
5.069215
-0.1515541
4.782869
4.077885
4.211557
-0.8453112
-0.4820796
5.637084
5.139642
0.7422458
6.712378
2.713978
0.2107956
0.11272
-1.259557
0.6672063
5.010739
4.537353
-0.5313038
0.7111427
0.1321232
4.803659
3.890342
-0.4413955
-1.060953
0.1330883
0.1076464
6.372276
5.035056
1.574112
-0.6032142
5.239013
4.455936
-0.07110186
-0.4273052
5.515557
5.684587
-2.155264
5.126622
0.5968491
9.281702
4.461632
5.021352
-0.1013214
0.1312473
3.253051
-0.4976532
-1.334755
5.218772
5.023478
-0.8417028
-0.3990309
3.943645
4.364503
0.4189984
4.067694
3.674732
1.824057
5.752554
5.448795
4.800026
4.331018
0.8234371
1.074631
1.340951
4.546407
4.57128
5.140018
2.560386
0.3624014
3.890675
2.949551
5.638711
4.786807
6.127315
0.6891727
5.471257
6.474213
-0.1874048
6.602869
6.004497
5.237734
4.395929
-1.989173
3.673449
-1.753523
-0.09371231
5.381266
3.472043
5.643068
3.055431
5.102172
5.83767
5.257701
2.838271
-0.9314884
-0.5502568
5.277046
5.377631
4.075507
5.280303
-1.743136
-0.5739893
6.027059
6.094295
3.144209
0.3988549
3.186237
-0.3831328
5.587757
-0.07557973
3.973273
4.388049
1.803273
0.3914996
-0.2780258
4.801512
-2.173504
6.849047
0.2413398
-0.01393631
-1.002235
0.4667125
0.2783118
1.592258
0.1853546
4.676744
4.517125
4.058862
3.350679
5.082001
0.8020394
6.338563
2.31652
4.624839
5.632388
4.470089
3.226615
5.691919
-0.3094943
0.2631764
4.447383
-1.066925
4.738309
4.246961
0.9570554
3.631319
1.476179
6.280746
2.98125
-1.032389
3.820968
-0.7173211
4.428936
3.419052
-0.339531
5.719444
2.97376
6.726206
6.050715
-0.8543998
0.6774635
0.02927689
4.711242
0.655961
0.3497029
0.2122649
-0.4719773
3.186899
3.383429
10.86265
5.262383
3.632444
5.467974
0.1784926
0.6523396
0.9843776
5.834759
4.735301
7.202217
5.131381
-0.7709484
6.447727
4.898361
6.547333
6.196589
6.638253
1.094676
3.244398
4.360242
-0.01365855
5.261444
0.8539809
3.090447
5.315755
4.478381
2.430657
0.7581005
0.2252112
-0.2451618
-0.0211618
0.2755921
2.16277
3.254831
3.071262
-0.6232242
0.3346595
5.015203
-1.103658
6.33808
-1.968488
6.403674
5.063078
4.107301
6.13402
-0.1897988
0.4967247
-0.8179705
3.871526
4.439662
5.647654
-0.9590365
2.180006
5.210343
-1.701145
7.083656
-1.763095
-0.3593688
0.1261617
-0.535557
5.792371
3.533929
0.8319314
4.97493
5.571024
0.6393231
6.533138
3.982771
0.8274461
5.953137
4.8772
-0.2987126
4.732233
4.464411
5.858783
3.608759
4.244549
3.620132
-1.717942
6.493714
