5.577376
4.277587
0.4678225
3.995579
2.208592
5.316411
5.335144
-0.6528647
-0.000540654
0.8641312
6.656586
0.9315401
-0.4959157
-1.100946
3.872166
0.6488306
-0.3912501
4.704473
3.241262
0.9367522
5.092716
4.349426
-0.8354083
3.453757
5.518797
6.131284
3.846491
4.508241
0.8130874
5.117131
-1.693252
-0.6248917
3.870486
2.140583
5.570237
4.21651
5.78002
4.386539
-1.084556
0.007612991
0.6703314
0.9766304
4.365215
1.006675
6.137818
6.139719
1.308011
6.540352
5.570678
5.45776
6.300513
0.2423869
4.584785
5.294803
5.863067
-0.7146943
5.011016
3.955835
-0.6788105
5.66362
5.850784
-1.670209
5.290441
6.609134
3.534721
0.6881329
-1.796988
5.129408
3.636703
4.862616
5.626332
5.258671
0.6677234
11.31902
2.043331
-0.8114841
1.674559
5.4605
5.497772
4.980736
4.671291
5.144283
1.933871
4.631823
12.43183
4.364469
0.3494964
4.901576
1.78958
1.663211
1.087451
1.005227
5.542503
3.858078
-0.801267
-0.2914547
3.719726
-1.119743
-0.6184575
-1.562873
6.300209
-0.5546525
-0.01590722
6.584069
-2.708249
0.5276625
4.567537
6.314041
5.59741
-0.354275
5.660335
0.8877366
3.376855
4.782293
5.027809
0.2510786
-0.2447277
3.477983
0.6835502
-0.383347
1.649189
4.438363
0.4719502
1.900018
5.895033
4.226456
2.545205
4.4966
6.147709
5.450687
6.221626
7.627811
5.999386
2.935833
1.803735
5.40754
1.857078
0.7599753
5.264059
4.65339
5.9028
4.921044
4.523195
-0.2625601
3.097004
6.776621
1.979581
0.3016239
0.7148737
4.756477
-0.68334
0.4420004
5.920983
5.447654
5.729266
0.1032265
6.670794
-0.6164859
0.8235814
6.289496
1.423751
5.1912
2.000436
-1.55764
4.274238
1.66597
4.959129
5.78458
0.3405045
5.453042
8.446338
0.7310188
-0.4666318
0.1882601
-0.8168572
4.188371
4.250425
6.830797
5.058519
4.491367
3.978432
5.713094
5.444401
4.232025
8.714591
0.8079047
1.82208
5.760147
0.9585382
-0.5013692
1.521506
-2.424971
0.5581036
5.981213
9.568487
1.39183
1.304363
5.140032
1.583029
4.106736
4.925393
-0.2348244
-0.2596233
4.178528
0.8033643
-0.4047813
6.876796
0.4601851
1.341005
-1.215254
1.252869
4.115663
6.009467
0.123679
4.760938
5.596557
1.101937
2.506461
7.680029
5.248062
3.498405
2.83923
6.341078
4.792136
0.5559592
3.637422
-0.5569281
4.317396
-0.2788719
-1.385073
0.3657732
0.03004236
3.422558
1.106772
0.7528856
-0.002549583
2.002187
3.356832
-1.566867
4.805064
0.2484839
5.30881
4.524115
4.357266
3.336309
-0.339514
6.673596
6.69861
1.41442
-0.465323
