0.1053717
-0.5609722
4.515463
3.429924
-1.077365
4.247844
11.8384
5.911997
0.07590334
4.620075
5.091999
-0.3970603
-1.350381
10.81755
4.041401
-0.9499349
5.867579
8.978685
0.4617677
0.0056924
-1.187249
5.403204
3.131092
4.44675
5.76805
4.804219
5.004964
-0.3688598
2.290482
5.658981
6.271683
5.174565
-0.4391047
-1.191271
5.979835
6.333342
-0.3628395
0.2645661
5.772714
0.2577919
5.473755
5.904407
0.03536698
3.991462
-0.5209917
-1.022056
5.605822
2.450687
6.101013
-0.4795672
4.785801
-1.313451
0.5252866
5.140819
0.5285354
4.130464
5.092996
-1.291075
3.171283
-1.784742
5.498884
0.2282511
-0.219056
4.39619
6.955113
1.977101
5.231907
-0.1668092
-0.06646722
-1.580397
0.08581056
-0.434715
-0.2434244
1.542095
7.347187
4.816777
4.782194
-0.08057496
4.831457
6.069449
4.143413
0.363838
-0.144534
4.036648
6.710849
6.940081
6.584805
4.788704
4.934609
0.1108005
4.942766
1.298715
4.576043
-0.5147215
5.640044
0.09125232
-1.097563
0.4379488
4.635263
5.302153
7.189201
6.438785
0.6170252
0.01253836
4.264935
1.125507
4.552099
5.071179
0.1570535
-0.1165653
5.611251
-1.240013
0.4089394
5.708502
4.548366
3.104917
4.358376
4.10692
4.703343
1.547297
-0.3046057
0.4171223
1.998464
1.955613
0.01599132
4.014251
1.373326
0.9806891
0.2505799
0.1700627
3.388346
4.369983
0.6444655
6.097958
4.328528
1.230174
7.466792
3.410274
0.5229315
6.118685
1.970436
5.212879
0.005654576
1.964423
5.061062
-1.791336
-0.6715779
-0.3974788
4.134845
0.406679
-0.2236469
-0.1368849
4.110352
4.690187
1.169773
7.500559
-0.1354945
-2.149556
4.590278
-0.1035241
1.479155
-1.929926
0.7633274
-0.4320817
4.480522
-1.345246
0.3542509
3.735632
5.914931
4.159313
0.6685897
3.132478
2.085283
-0.8623831
0.591578
0.08919381
4.780857
6.171844
-0.809144
0.3087985
6.712256
4.727538
5.515786
-1.363318
4.762053
5.176807
-0.3402316
1.477007
3.492843
5.855213
4.738761
-0.1182661
6.086504
4.944828
4.876276
4.840759
5.125486
4.431803
5.064385
-0.4224785
4.707359
5.517425
5.786518
3.921779
4.362967
-0.9043031
-0.1092267
-0.6951179
5.901058
3.294486
0.8782534
0.06802475
4.3712
2.141974
4.319198
-0.8760228
6.318768
4.908424
0.06705183
-0.04056481
5.321956
6.279514
7.31681
8.299923
2.726942
5.267138
0.6919548
4.726591
5.480431
-0.4270352
5.467951
0.2721443
-0.1770832
5.532388
7.694922
-0.868139
-0.3811942
5.874334
-0.08885328
0.3581522
4.027184
1.601578
4.587895
0.5497178
4.519061
4.97231
4.320099
4.702454
4.816623
1.094423
