3.780929
4.999987
4.40144
5.536163
2.752368
6.573153
0.5992743
6.070225
4.560244
4.797131
-1.693158
4.855236
8.613652
-1.540075
6.011455
4.958934
4.911533
4.622335
0.3903555
-1.510233
5.104003
4.989147
-0.1151429
6.425928
4.530597
3.571235
6.208421
-0.9522238
-0.5779666
-0.2308639
5.054689
0.4890141
4.666381
0.01487871
4.41931
6.499582
0.4210794
-0.08705536
5.819983
5.007369
-1.831226
0.7446571
-0.3594194
0.2694078
3.488662
0.3154178
-0.4644685
-0.560617
4.057491
-0.3143997
3.26207
-0.4924929
-0.2714729
0.2193864
5.531511
5.292472
4.281267
1.219624
3.640674
6.263099
5.83494
3.193617
0.07067564
6.254566
3.153142
5.624073
5.176517
0.15188
6.110107
5.63668
3.968148
6.246374
4.598466
4.315554
-1.037931
5.100942
-0.7294235
4.722076
7.683012
0.4841488
-1.006091
-0.3593618
4.141205
10.5646
4.581777
6.76524
-0.5339152
0.2384963
0.3304212
4.063931
0.1043681
4.986347
5.66537
1.278556
-0.9386949
0.07084266
9.057679
6.170387
-1.352501
-0.4814113
5.249644
5.045269
4.674588
-0.9594672
5.609498
6.043553
4.006409
0.5166362
6.366696
5.686135
-0.9264265
1.182954
0.253457
4.314211
0.9864016
5.201518
4.948571
5.496538
5.995435
7.457368
6.367589
5.317338
4.601671
4.866181
0.4614008
5.024796
5.502283
4.469094
0.675394
-0.2734644
4.384769
4.929778
6.461139
-0.8050555
0.6460714
5.521194
0.8042157
0.5701675
5.420977
5.20703
-0.04796144
5.906483
4.898272
-0.03890118
-1.424705
4.882512
5.193073
5.081505
4.256999
-0.5313234
3.324637
5.003736
5.11466
3.42179
5.474919
0.04103104
3.978456
0.4137526
4.444866
1.543926
0.7438249
5.785088
5.170414
0.2614961
0.7477094
6.405795
4.783145
5.252297
3.877394
3.427061
-0.8897778
5.730964
5.150629
2.898364
5.12311
6.449
-0.1596569
0.9661613
-0.9059848
6.482341
-1.294068
5.144417
-0.5370086
-1.185874
0.6040691
-1.098391
5.285252
1.597834
5.151296
5.032251
5.531495
5.056901
-0.5132401
1.769069
5.076793
-2.129292
-0.6573231
-0.08152694
5.335708
6.122113
4.146545
-1.792236
5.49438
-0.97535
3.574729
-0.137209
-1.284565
10.54939
5.537707
4.678541
3.189548
3.406427
3.376026
6.698154
-0.2712403
4.66015
-0.3539842
4.674995
3.835
6.881674
4.92108
-0.05138882
1.108813
1.41866
1.348729
-0.9458177
-1.156711
-1.120381
6.029179
2.139236
4.544922
-0.3396652
2.009941
5.664955
-0.7576551
-1.240568
3.640653
1.049454
0.4213359
7.714538
6.271987
5.78332
4.584225
4.34507
7.851447
4.583299
5.640214
6.195089
0.01599484
0.388498
