5.330497
3.696794
6.200755
-1.249302
4.352917
0.6345129
-1.107413
0.9792796
5.102943
5.622478
3.005143
6.167369
4.55878
4.989012
4.401668
3.128478
3.99259
5.92732
5.8846
4.334741
5.035012
5.81734
0.3794828
3.696284
1.417562
-0.3687891
-0.5885178
2.327043
-0.4989402
6.642936
-1.294012
-0.3497799
5.35703
5.127337
4.26236
4.187996
5.135095
0.640509
5.83145
6.352367
1.015837
6.131678
-0.6630854
2.052053
-0.06038862
-1.023715
0.6393501
4.956525
0.2957638
4.068918
5.516099
-0.8123836
3.977175
5.574069
4.504051
5.767075
4.699399
-0.1297428
4.868008
4.634972
-1.200148
0.8921887
4.126607
2.133154
0.3616626
-2.155382
4.912797
-1.04303
4.7852
5.652679
0.003893263
0.1406682
6.657155
-0.1525162
4.628315
4.150632
-0.4578527
4.931445
5.857475
1.137408
-1.628691
6.328821
0.5559563
-0.5074062
0.5870273
4.235148
6.845297
3.591583
3.989601
6.349329
3.79612
4.13079
4.934223
5.064156
2.557469
5.925955
-0.3253781
0.680071
4.191642
4.769808
4.480945
0.3001031
5.507714
5.009001
4.640959
5.319218
-0.5278664
5.705905
3.920724
4.855379
5.574427
2.803198
4.873375
0.4669828
-1.612226
4.588235
3.413519
10.94428
-1.491699
3.624001
-2.971452
5.199997
5.195444
4.493751
-0.07750622
4.120643
-0.4223363
-0.7362563
3.41754
6.126842
5.054903
3.18177
0.3314087
5.744519
4.061526
6.30593
0.5858488
-0.5665673
4.980528
8.437072
3.990486
5.80729
0.1256844
4.554377
4.59593
6.35305
2.494407
-0.7111437
6.314839
6.218515
0.2782671
5.958981
0.8081233
6.383884
4.405579
3.490085
5.581528
4.002338
0.8081236
-0.5985327
0.4934647
-2.118311
5.419189
0.2530394
0.9044067
0.7950783
4.890431
5.49073
0.3697829
5.32056
-0.4734334
0.324565
4.41978
0.5971674
1.326802
1.742098
1.449996
4.232756
-1.069921
11.04867
1.887854
5.682206
3.308273
0.5846549
0.3518184
4.513323
4.986225
0.7286577
4.068132
3.782614
0.9905712
4.956229
3.353454
4.884069
6.029877
6.805415
0.2701233
4.86937
0.1965919
5.264004
0.7436607
7.032158
0.7673553
4.090169
5.416217
-0.8826978
1.352112
-0.5072343
0.1026771
2.080108
1.533165
8.573587
5.348055
4.648696
-0.5405345
3.94693
5.424766
-0.6020542
-0.0142725
3.212619
4.348779
6.83491
5.354816
3.953757
5.034051
3.673816
6.992553
0.6067147
6.463698
3.985177
8.052048
5.249198
-1.216805
-0.1523007
4.704222
-0.05012787
7.511841
4.171795
-0.773409
-1.199092
-0.1717118
5.165612
4.510843
5.356505
0.8680956
6.779659
-2.210687
3.350933
6.665901
-0.2256776
3.359677
5.052549
-1.444826
5.04508
6.749984
-0.9386333
6.432134
-0.03254235
-0.5125127
0.5238469
-0.3277493
0.01000141
4.159927
0.1492503
2.03584
0.08285209
4.825964
4.524582
-0.6135219
0.9091384
5.635717
5.137754
1.947693
4.49918
2.44342
5.044589
4.431165
-0.6831063
0.8641291
4.325498
8.390296
3.628224
-0.4006087
5.220863
0.5751526
3.254702
3.311922
4.403316
6.286078
6.255693
5.877158
4.451821
8.026656
0.6006964
5.679073
4.797003
0.2523952
1.457226
1.470468
-0.08937865
-1.198123
-0.6025324
4.005656
0.2539309
-1.302328
4.793155
0.07973598
0.5105625
4.508632
4.452499
5.328335
4.650702
0.272195
2.44207
-0.181848
5.009344
4.821862
0.6877079
-2.031391
6.677137
1.640134
-0.918364
4.965407
-1.436802
-0.8869062
0.8372243
4.58577
3.818754
7.046632
4.605002
0.01250635
-0.02860444
3.737344
-0.4651258
4.023559
4.008324
5.700344
0.4871867
4.385827
5.302317
5.200784
0.6362326
-0.1430232
0.239506
5.927874
7.108862
3.752675
4.500834
-0.5348289
5.138888
3.636082
1.581945
4.304419
3.093884
5.927757
4.0545
-0.6174338
1.173278
3.265455
5.390631
0.763252
4.344965
5.713519
-1.126673
-0.6314564
4.320801
4.761142
-0.7506776
2.394423
0.4262021
4.613736
4.823565
5.062196
4.134046
1.441291
4.614739
-2.407833
6.372128
4.477033
0.2564781
8.189228
4.9416
-0.2890743
3.670192
-1.986268
5.293652
5.779989
5.249605
0.719598
6.072278
4.814966
1.35382
0.5498303
1.641393
-1.854562
5.501103
4.371534
-3.736816
4.950197
1.49622
5.357603
4.471183
6.501042
7.666262
5.466127
4.992985
4.796582
5.456808
7.306245
4.967754
-0.07436854
4.040882
0.678811
6.560228
6.309891
0.1394271
-1.549908
4.847378
-0.01712913
0.9407785
3.620108
5.020498
5.92619
5.363034
5.314212
5.663219
0.1502372
3.898991
4.639783
0.8154947
2.919148
-1.119479
-0.5883132
5.656618
4.038642
5.09323
0.3135653
4.375526
0.1957821
3.273882
0.2759397
1.146585
5.19911
0.6955098
0.231688
6.63656
4.456477
0.904603
6.038078
4.588646
5.329641
3.139186
3.335815
1.021433
6.457435
4.909225
4.602957
0.2396582
-1.953573
1.923163
5.650111
-0.4012557
0.2864149
0.5489272
1.058121
5.789516
4.102477
5.23526
6.451218
6.679546
5.111413
4.519556
-1.144837
-1.387685
0.1393361
-0.4106651
0.3158096
0.7642211
4.233401
6.520425
5.029427
3.625834
5.170609
7.202329
5.895147
0.6087096
0.4919908
0.8251719
4.410804
5.843951
5.1699
-0.5694688
4.152139
7.032557
3.000634
0.9231766
5.845622
4.587478
5.841877
3.442042
