-0.5926797
-1.321212
0.7514674
0.423233
4.149349
0.9901568
3.935654
1.422124
2.701467
6.700384
-2.112815
5.085649
6.746979
6.144062
1.471017
-0.5348817
6.766911
0.1439379
1.573815
3.79801
5.258186
1.219868
7.161328
0.4680834
1.338994
5.216918
3.720217
-0.8549639
5.453362
-0.577064
-1.529511
-0.4650362
-0.07201684
9.942947
9.969926
5.542602
4.706672
7.481679
4.911359
4.111285
6.031295
5.155335
0.1600781
0.9201663
0.06283473
5.613535
1.525527
0.170104
5.304981
6.380257
0.4114375
7.120389
-0.2445892
5.861899
0.629682
-0.7304616
-0.412398
5.268658
0.9027921
5.947593
0.5735562
3.981294
5.359437
-0.001358819
4.907474
4.426993
-0.8304955
3.498505
9.643156
0.2483945
4.688817
2.699137
-0.552924
5.481491
4.651353
-1.897562
5.270394
-1.681209
5.411728
-0.2942241
-0.7871157
5.856875
3.954067
5.050051
7.041296
0.0867515
4.498472
-1.162695
7.025768
1.054908
-1.269117
6.118752
0.454579
0.5566754
-2.255587
10.28277
0.7393792
5.410042
1.008847
6.01915
6.337724
6.944084
3.724174
4.396554
7.137165
3.523391
6.60587
-0.2922065
3.276817
6.453672
0.484994
-0.9373426
0.6057417
0.6478663
4.288913
5.396
5.378514
5.789094
-0.4072554
-1.225293
6.638875
1.192423
4.755288
0.9449965
6.117318
0.1145243
6.608251
7.49695
1.411527
-0.1921302
1.978389
7.288091
5.367978
0.3969337
4.15376
4.572086
0.5423322
4.324014
4.476488
1.127763
5.093094
1.027367
3.796205
3.178154
-1.507939
3.688908
1.113384
0.1051501
5.721952
4.131678
4.94681
3.732632
0.1195556
1.216032
4.310098
4.363197
-0.6288366
5.000711
4.613829
6.016778
-0.8806577
-2.153483
5.831739
5.523998
2.887009
4.666065
-0.6005652
4.863728
0.01874338
2.663286
3.741894
3.963466
4.075495
-0.7913827
4.657254
4.043065
4.135768
-1.525479
0.3035488
4.559185
4.760499
-0.4291301
5.91149
3.564834
3.701001
4.088957
0.6421507
6.333819
6.415384
2.075584
-1.242235
3.14973
-0.3563047
0.3766747
4.028458
3.272424
0.1894099
5.043987
-0.1880622
-0.6725749
6.0755
0.1486544
3.704994
5.694499
3.493213
5.233399
-2.20242
-1.362639
-0.275113
-1.450238
-1.235034
0.177037
4.860563
5.893603
0.08820612
0.394618
4.953929
5.681268
5.679293
5.613127
4.34867
-0.1823925
3.970515
0.7437763
5.678406
-0.07698821
1.422242
0.919555
4.100753
0.8496824
4.366386
5.580145
4.892531
1.316686
-0.504509
0.5050038
3.277993
4.568576
5.729439
1.266582
-0.3016551
1.051184
-0.3029736
-0.1138619
5.942993
-0.1885349
5.993707
-0.6338773
0.2241013
-0.4289108
