-1.098975
4.481549
1.154423
3.487472
4.139343
1.191849
6.307675
3.480586
2.65467
0.6420076
7.126178
-0.4935693
0.9176066
4.513577
5.494235
3.517705
-0.4621125
-0.3206487
6.461153
3.607691
4.132421
0.2886653
3.274937
3.432629
1.372294
0.7743458
4.503847
1.815944
1.012924
0.1810224
8.138158
-1.269465
5.947586
5.838164
5.589654
-0.6170234
1.526301
0.5001881
4.019375
4.169657
7.2385
-0.7590036
6.223025
4.232969
12.1142
-1.780729
0.3345523
1.669682
-0.4670596
-1.053112
5.523879
-1.335081
-0.7856644
4.978747
6.107914
-0.7115756
-0.1661957
5.580517
1.495505
4.41062
1.289092
5.89541
5.801353
-0.08150729
-0.5205196
8.007048
-1.052387
0.1365392
9.16627
4.245604
4.375533
0.004079317
5.873961
4.958306
5.985544
4.582502
0.1080309
4.256058
0.7568949
5.273995
6.143503
5.232285
-1.086355
5.90527
0.1504276
1.760934
4.23762
5.27641
4.875014
6.244697
-1.705148
7.88235
6.672006
4.558948
4.898146
5.249095
0.824022
1.079755
-0.4741359
4.492635
0.527748
-0.7564181
4.40201
3.500854
4.636824
0.8542102
0.9371391
-0.01330408
1.370215
6.275692
6.081129
3.658711
4.263894
4.100045
3.441987
5.80434
3.999524
-0.0540477
0.1362611
5.275411
5.937717
0.5028239
4.739018
5.539308
-0.4381638
0.5580028
-1.083773
6.275893
5.691798
3.589295
3.715048
4.019309
-2.366949
4.476327
-0.983973
3.218536
-0.3969674
-0.04461267
0.5537591
-0.7014456
6.857972
4.837177
5.044792
5.506936
3.594446
-0.03263843
5.252063
-0.3802057
-1.133296
1.04021
0.08432665
4.704404
5.097323
3.531004
0.04170291
5.568096
0.3185724
5.690312
-0.8316382
-0.567071
-0.9536545
6.37413
3.63137
-0.3753806
-0.1219388
4.134472
-0.1471429
-0.8619054
4.976004
-0.264919
4.444649
4.774378
5.259315
0.6729285
-0.5156864
5.228823
4.661153
4.796397
-0.9322352
4.580694
0.2089225
4.488052
1.194659
4.6948
-0.7932896
4.53015
5.520749
-0.7603681
1.95894
0.6547994
4.050416
4.257651
3.406829
1.776329
3.799127
5.884087
1.840919
5.531885
4.300556
1.097469
4.696874
4.530138
4.84791
-0.431651
5.787902
-0.4274459
0.129946
-1.129666
-0.938955
4.867566
4.576609
-0.8771709
-1.458983
4.800672
4.200316
6.136292
4.759697
2.942618
8.308798
3.97812
6.346881
-0.267298
2.785514
7.762491
0.547384
6.101116
3.935477
0.3870363
1.94828
3.665307
4.885173
4.992992
5.569201
4.06925
-1.348422
5.027767
3.130353
0.5216156
5.742709
4.129541
5.73566
0.3512979
-0.2130576
-0.2923767
8.525713
5.967198
2.016095
2.539638
3.212875
2.549467
-0.3133001
4.623734
2.400868
-0.3649268
4.609287
-0.3776597
6.375993
5.486459
6.734764
-1.042446
-0.9068667
0.09827437
3.982014
1.997265
-1.158334
4.394595
0.007789236
4.166997
-0.286008
5.538583
3.648999
-0.1531411
0.2869145
5.497561
4.490929
5.323567
4.816257
-0.8889428
1.636999
5.350776
1.304596
-1.233362
-0.6075895
5.298018
7.715597
4.807292
-0.321331
-0.1929591
0.4801433
0.4452653
0.1414585
3.285566
4.782833
4.070065
6.337331
4.576954
4.436006
0.2626265
3.35499
0.4744716
4.060586
3.85274
3.233006
0.3973756
-1.270897
0.2758456
4.562419
4.447782
5.149429
0.588872
-0.2266635
0.699751
-0.2163725
0.5689137
1.299575
-1.183804
-0.3972187
1.233955
4.961671
-0.1085132
0.1944125
6.117569
3.99545
0.7864166
6.798705
-0.701485
3.916932
5.251292
3.818358
0.1597612
0.3464329
-0.1916307
6.793594
7.762978
5.085916
3.150084
0.5658787
-1.367969
3.804137
5.691207
5.795089
0.03348841
5.284291
-1.430941
3.842001
0.4777615
5.433617
5.313698
4.989247
-0.6355506
3.948412
-0.466333
4.561411
1.670652
6.059413
5.016899
2.891344
-0.2587629
0.07298824
-0.5295472
5.131361
-1.364857
4.269878
5.398396
-1.228267
0.362752
4.015993
5.543208
0.1358224
4.819247
-0.8117742
-0.1674577
4.08195
3.311699
4.546493
-0.2682619
4.807699
-1.098383
3.852284
0.7426859
0.5177775
1.085615
0.9115684
5.500523
4.664601
-0.7791135
3.86641
1.800025
4.515858
4.684523
0.9773098
5.417881
4.454929
3.90216
3.904932
3.459867
0.2752757
0.8033991
0.08278019
0.1675238
3.874413
5.663379
3.876391
1.694119
0.6878463
3.676774
4.674858
5.264741
4.157453
0.7569455
0.7158641
-1.646807
5.543953
3.663356
0.6583913
5.516445
5.674587
5.481137
-0.09183568
-1.339711
-0.5468601
0.09740751
6.430402
4.977029
-0.1801229
0.2007147
-0.4912691
3.599775
2.538737
4.504967
1.745998
-0.04529078
-2.374488
0.6595942
3.73436
0.6704035
4.94886
-0.8754764
7.028484
3.626375
-0.6098316
-0.0795528
3.054617
6.813977
5.195187
-0.6095219
0.8240738
-1.224504
4.793574
-0.05614136
5.420608
4.183441
5.48507
0.7499327
0.05630032
5.634791
0.1475009
0.2525342
0.8312737
6.457201
3.772105
5.302574
1.713357
5.015641
4.892239
-0.3593746
3.519619
2.510191
3.86725
2.737253
0.9878258
-0.8185794
4.779129
5.617228
-1.069532
4.832543
1.113495
5.617976
4.08901
1.181577
6.205164
3.16038
5.303457
12.73146
-0.5954829
8.199352
5.729432
1.132904
5.061305
4.836212
-0.224522
-0.1082611
3.247153
4.603559
3.789597
3.476254
5.535334
5.259084
4.340974
3.634083
