0.2814353
5.135959
4.278898
6.514362
2.675388
5.033463
4.138464
0.3542846
-0.2847365
-1.692484
5.696908
0.5745429
0.2993129
3.207416
0.9708244
5.537228
0.584143
7.628431
-1.414458
-1.361803
-0.5542099
0.2372384
7.485958
4.669881
-0.007051485
-0.5859531
0.1914101
-0.2826727
5.597239
-0.2971245
4.292904
-0.5681471
5.003638
0.4654121
4.868788
0.03408078
4.502068
6.021247
2.319523
6.38559
0.6755363
2.538991
-0.4485368
5.197759
5.186314
7.065436
-1.287947
3.408837
-0.6619745
0.1384098
4.349113
1.457023
5.275243
-0.6855176
3.91477
3.750734
0.7419762
6.028278
6.894544
-0.4061706
4.908931
-0.4445215
3.585503
4.415086
5.051024
5.680931
4.109354
1.988403
5.180709
4.908593
5.05085
7.309475
4.608021
0.4210124
5.50413
5.530381
3.865161
2.772794
5.504903
0.2409531
5.6523
-0.403185
6.037495
4.178508
0.02368602
-0.3080764
4.378325
-0.21123
5.596209
-1.084776
3.683335
1.662192
0.7112793
4.948353
0.5189301
0.7725537
3.17388
5.892102
5.078432
4.570237
-1.064587
0.7347626
-0.928229
3.655522
6.827681
5.247241
6.293359
4.567038
4.579388
-0.3732697
4.241634
0.3310273
4.823712
-0.52315
-0.1335812
0.3093447
0.4964335
5.156688
5.09496
3.891336
4.717106
1.750308
1.288176
1.201181
3.328794
5.943621
5.69353
5.397208
0.1797702
7.011639
-0.01729833
5.367769
4.074
3.919164
5.926406
-1.29075
2.95798
5.046385
-0.8549189
6.708498
4.877391
5.250785
3.667089
0.2014766
1.522286
1.086889
-1.312587
-0.9192283
-0.542872
1.113121
6.290691
-0.3909828
3.815045
0.3503985
-0.9495886
5.5475
0.607767
4.842074
1.735337
4.231988
5.336431
0.2640352
5.433219
4.483766
0.06880676
7.536863
-1.638418
4.348354
-1.592352
-1.113592
5.223212
0.5708521
4.142888
4.293503
-0.4028706
-1.092081
6.429902
1.668527
6.188195
6.531485
6.134894
6.47561
-0.03917289
5.580026
1.387246
-1.194154
0.403612
0.5213722
0.1705258
0.5797203
3.77769
0.5695734
-0.1219437
6.139742
4.607789
0.3986425
1.759384
1.152639
5.508117
8.48901
5.062502
5.788138
3.145985
4.644289
-0.6892552
4.058759
4.969281
2.888699
0.8311698
5.333638
-0.5522284
-0.05381786
0.9442415
-0.05813928
5.446001
0.3594226
5.4475
5.095699
3.644066
6.737291
5.14269
5.355914
-1.662155
9.252885
0.005807452
0.101022
0.2387737
7.54005
5.387094
-1.127596
1.208135
5.372032
3.52964
4.03034
-0.5853329
0.3281677
0.1129232
5.852112
4.25758
-0.7861009
5.323415
1.580604
-0.8124668
-0.4749068
5.256447
0.8848657
5.588107
4.682688
0.5444533
1.104222
0.6217655
5.509626
4.86182
4.973784
5.772433
5.310239
6.255812
4.986745
-0.4584824
6.712496
1.89163
4.028459
5.624513
6.708102
4.83673
3.281235
0.6593753
0.7518131
-1.305168
5.847676
3.615492
4.455718
4.703635
5.800929
0.988501
-0.2261359
5.385631
-0.1875507
0.3885644
5.426884
0.9369142
5.933366
5.993354
0.4627417
1.624119
0.9976434
6.173378
4.785592
7.594052
5.995426
4.347232
1.979299
0.3813394
4.45614
6.654043
6.175553
-0.8399054
5.819769
5.668393
4.171745
3.697785
-0.4659726
4.428079
5.05529
5.83292
5.848778
6.059269
5.407469
4.815635
-1.341081
5.842501
1.493023
-0.9575551
5.200057
0.9323991
0.7662653
-0.8273108
5.796855
3.917647
0.3956469
4.374306
2.322457
5.030968
5.589303
0.8044539
4.694043
0.3487623
4.997798
5.049924
0.117199
5.211527
5.168218
3.561779
3.428429
4.734467
5.532067
5.539951
5.959847
-0.6750683
6.063285
6.340713
4.977963
6.03844
6.164042
-1.610951
5.696995
6.02629
4.317865
4.679825
4.690122
-1.493599
0.3157173
-0.1094037
5.282117
5.240484
-1.953807
-0.2972354
4.671077
1.127638
4.873013
-1.182425
11.77708
4.771584
-1.390633
5.785707
-0.8602015
-0.07045852
4.027183
5.190829
-0.6245288
0.7946763
5.718752
7.086351
5.007597
5.26257
-0.5392872
-1.109911
0.7981458
0.5300086
5.218381
-0.8014039
4.795996
5.129502
4.170886
-0.1443163
0.6055439
1.245113
6.021741
1.385134
4.834424
5.822405
-0.5006477
-0.4435808
0.7037686
5.273848
6.608368
4.46743
-0.235844
4.298009
6.115822
6.292449
0.6278873
4.900176
6.730491
0.2775042
1.527761
5.256358
0.3380033
2.80453
0.8981834
4.34231
4.130755
3.935052
4.991399
5.733144
5.483298
7.025431
-0.368712
4.583258
7.721367
4.57307
1.856123
0.3006853
-2.362762
-0.9149462
5.777516
6.040817
1.094308
6.629803
4.228607
1.023781
2.477481
0.9960183
3.906959
-0.6233255
0.1251017
4.63156
5.788568
1.587976
-0.1929114
4.446591
0.4810933
5.336068
5.190396
6.094628
-1.416559
5.388551
-0.8852657
4.423632
5.641107
4.13556
5.900916
3.914826
0.9214008
0.266879
6.207162
-0.8279545
4.731245
6.016316
5.132283
5.20423
-0.04077613
0.7455565
-0.4267086
6.269418
0.8824323
5.129545
0.3605201
-0.150261
-0.4973671
-2.632661
-1.130269
4.971149
3.115483
3.6292
4.38439
6.237815
5.195647
-0.213535
-2.946523
5.027117
4.683605
0.1261685
-0.293504
5.581198
1.876823
-1.632144
-0.3531236
-0.9109086
0.07548919
-0.8136443
4.045922
5.954299
-0.3002736
-0.6718077
4.156612
5.210125
4.820351
5.213753
-0.4690881
