3.42649
2.790886
0.9274137
3.84542
5.768545
-0.5757614
6.270522
-0.2235432
4.501105
-0.2025551
-2.126645
5.77301
4.238009
6.735611
-0.4880299
6.014426
5.698214
4.984214
5.955612
4.853796
-1.586509
5.261718
3.665474
5.141767
6.57754
0.5700005
-1.287378
1.159586
1.871934
2.538218
5.322477
-0.2873615
0.3853729
-1.371606
6.798258
-0.8546348
-0.2244105
4.592676
6.246641
-1.119326
2.158959
6.42218
4.502579
7.195161
7.737888
-0.5292658
0.8408298
4.474979
-1.80469
-0.3343931
4.953465
1.043819
5.257961
4.519661
5.076128
-0.7746037
0.5042592
5.703196
4.666281
6.442043
-0.9011708
0.716457
-0.867877
3.715669
0.02488164
4.226447
4.622531
0.3599679
-0.6382109
4.564133
0.3887908
5.152581
5.679551
5.815287
5.808094
5.055592
0.3953615
4.884797
2.990826
4.034175
5.991807
5.562132
0.1384827
0.2295525
1.302292
0.2971602
4.719531
0.06319009
-0.6471327
-0.8669825
-0.2600466
2.737982
0.163162
5.435757
4.808465
0.2624627
4.647447
3.516934
4.926957
4.36653
-1.656622
4.842293
1.167334
-0.1235993
3.582175
5.526931
4.934594
0.009883675
4.936286
5.021082
6.473641
4.946577
-0.04950808
8.438421
5.298741
-1.291292
5.638275
2.328391
-2.739943
-1.663867
5.483166
5.493002
-1.418861
5.238012
4.11874
-0.2236625
-0.6900912
1.21948
5.535582
0.8733645
0.4452519
-0.2865133
4.661676
1.48471
-0.395995
3.502069
5.70188
0.9617066
5.591669
-0.9336001
3.730154
6.366177
0.5262785
6.123002
5.713888
0.720768
0.35086
5.993246
3.418409
1.181908
0.1673315
0.08341829
-0.590025
-0.7460915
1.18206
4.641833
0.9605515
5.397671
4.628547
5.614895
5.698977
-0.380278
5.5237
-1.867261
0.1192687
5.957696
5.677065
-0.05614676
2.84813
-0.1965417
5.131921
-1.756372
5.984932
5.032172
4.936078
-0.9799629
3.533405
1.273431
2.358764
0.9072369
3.620277
0.5200111
4.720347
1.182766
5.017972
5.925956
0.9683992
-1.236838
-1.870473
4.64794
8.046573
-1.941241
-1.947644
3.58652
1.885529
4.068494
2.052318
5.979982
4.695074
4.946231
-1.650263
3.750921
0.9321455
0.9385629
7.951527
5.773329
-1.698752
5.496441
1.980715
3.40077
5.126295
0.7699042
1.489867
-0.08688089
-1.102357
1.201355
0.5490615
-1.02867
-1.345609
5.183582
-0.3920899
6.377103
2.867299
0.4575356
0.3420963
1.351647
1.944443
4.937304
3.825627
-1.065481
-0.08853833
0.1237839
-0.2329292
-1.536314
4.950995
-2.944025
-0.1287818
5.739487
5.810575
4.706317
4.136636
0.5594521
-0.287071
4.747082
1.151191
0.2704319
5.042484
0.3952317
3.620895
5.233824
