0.8660108
1.017093
4.883983
0.4040935
2.093675
3.643391
4.675468
5.945786
3.188827
0.9936399
4.788104
4.039626
5.712078
4.058102
5.376961
0.7208122
0.9786723
4.997903
5.392755
3.684192
-1.497649
7.081126
-0.8379749
5.251676
7.368236
8.974368
4.260818
1.292335
4.486085
4.613424
-1.720066
-0.696749
1.720012
-1.15577
-0.4789007
1.72867
-2.082831
-0.7362196
0.7090414
6.977849
5.678664
0.9639461
5.471647
-0.6433009
-0.1350284
1.093151
-0.1475016
1.678684
3.512196
4.303893
4.740393
6.257312
5.3979
5.82934
4.269178
0.6572354
0.9276354
9.499172
0.6813764
3.430676
-1.008175
5.277269
4.522546
-1.039525
6.259894
4.534586
4.636643
6.565494
3.590358
4.795525
1.079541
3.362302
-0.4844909
-1.589166
4.343056
3.73665
2.370723
-0.008468057
3.843463
-1.207633
5.555192
-0.7826633
4.30929
5.405391
1.368354
3.818589
-0.5855892
-0.2012682
3.600888
4.013511
0.1378513
1.00603
5.843822
4.467622
0.4468303
4.716981
7.10785
1.391592
-0.647095
4.783171
4.361024
10.39119
4.792983
6.472162
0.06603339
-0.2022112
5.364438
8.013243
-0.9678574
4.189754
3.918047
-0.5834711
5.727718
5.602088
7.014712
3.992678
-0.5229595
0.6201563
3.237493
4.380468
0.3609991
-0.4699723
5.181618
0.402307
5.413285
3.900553
5.36338
5.848869
3.618683
-0.3781622
0.6505116
5.230501
1.023033
5.078805
5.694074
2.180417
-0.2096765
5.402966
4.416137
8.655724
4.45933
3.435617
-0.2853437
3.040787
0.891386
5.904529
5.075843
4.943679
-1.281851
0.1599833
6.126302
0.8948899
0.1183674
4.793827
6.091136
-2.412422
5.026839
5.976952
4.216866
5.726265
0.09982291
5.456005
6.744559
-0.8852867
4.495235
4.793576
7.195102
3.556494
5.722568
5.04118
4.928995
4.380146
0.7094968
-0.043996
2.216089
5.380103
5.649341
0.511583
5.593317
1.980994
5.977292
5.545193
4.550274
3.394737
6.971337
6.201327
9.195359
1.118013
4.300004
6.052761
0.4743446
-0.3694979
5.904541
0.4144967
-1.105936
4.257618
5.034726
5.615623
4.187825
6.342474
-0.5696566
5.538117
0.423053
-1.181535
-0.4886564
4.60659
5.981038
-0.02559628
4.716026
-0.342457
-0.194671
4.304822
5.403067
-0.1594893
6.576954
6.01103
-0.1600519
1.074781
5.970143
6.122743
5.984826
-0.6731008
5.933481
5.808133
5.347598
6.819734
-0.8752502
1.520225
4.129357
5.355389
1.512455
5.717548
5.080545
5.16563
6.91842
3.320161
-0.449817
1.198353
5.190994
-0.812115
9.474923
-0.342397
4.096463
0.4319202
4.348598
-0.2566417
4.076786
-0.388097
0.1107069
5.035601
2.05643
4.733815
3.49582
3.607736
5.60064
5.774258
7.955445
4.939917
-0.8014519
0.8017176
5.785027
-1.011065
-0.5290587
-0.5648505
-0.7031747
-0.6462537
5.103864
2.839279
6.092368
4.582828
-1.931745
4.795241
0.1634358
4.727771
6.206383
4.494399
7.059208
7.654171
3.5246
-0.5153353
-1.361514
1.056043
0.941768
5.517169
1.439271
5.83854
2.632172
5.030222
-0.1292493
5.64743
4.182978
0.3853782
-0.7720561
5.756727
6.2977
8.502236
0.7607705
-1.506013
-1.073862
6.366632
1.576341
5.77344
6.806263
4.895439
5.039699
-0.6982718
5.349957
5.073391
-1.627415
5.495251
5.196148
3.082185
4.129025
5.296868
5.212052
3.874035
5.382424
-0.05318722
3.809224
1.380386
6.212738
4.612201
6.396996
0.01942588
5.513869
0.5876512
-2.678144
5.678129
7.13891
2.658691
-0.6648047
-0.7613682
0.9410537
3.241528
2.154204
4.394059
-0.9667556
-1.101376
3.787227
4.259161
4.741013
-0.5134816
5.532246
6.095393
3.808274
3.97204
5.674463
4.795618
4.837113
4.957372
5.512979
-0.2110837
4.812704
5.794915
0.2241041
7.429991
1.22759
4.01393
4.033508
0.05302097
4.647456
5.782064
6.670567
5.437828
5.653127
5.434382
5.407936
-0.4120887
4.923864
13.84052
4.156953
4.92479
-0.9165765
0.2889888
0.868186
4.803362
4.526942
-2.917582
0.4958182
0.6544927
5.741727
0.02310771
5.749403
3.861113
6.376565
4.854001
5.245486
7.097674
5.490886
6.997394
4.923316
5.30284
9.659455
-0.5204452
0.3646886
4.547821
5.070024
-1.802812
6.208836
4.088643
1.015488
-0.6194718
3.913838
6.425663
6.752553
5.706451
-0.6824236
5.12249
5.470537
5.252202
4.859257
-1.751293
7.76724
11.19026
5.089763
4.426208
0.3903559
-0.9286524
5.087624
4.698071
3.492456
-1.255171
4.165306
5.449833
6.138909
5.170633
4.35139
6.362738
5.834027
-0.3423621
4.91558
4.161395
4.50064
-0.6409909
3.876336
-0.5970855
2.573598
7.143242
5.865269
0.9350779
5.633999
2.152868
5.298161
-1.882687
3.999588
4.577301
4.205626
5.471561
8.917416
-0.5092002
-0.5855902
4.253382
6.042356
5.675292
-0.7633078
4.653794
-0.7038098
-0.3810189
5.304299
3.874827
5.256357
-1.391581
0.1887049
6.60179
4.247765
0.08838882
-0.3220275
5.341446
4.307213
5.065182
4.367764
3.673162
-0.8768999
1.259022
4.973636
5.107443
0.4040523
0.9908573
0.6525029
1.522653
-0.2211987
6.023207
-0.7359046
4.64211
5.201446
-0.7798699
-1.15135
7.018498
3.680627
0.7537048
7.265256
0.2910585
4.647558
1.149963
5.867418
4.016385
5.907289
6.034679
0.2140642
6.438058
5.028729
6.313141
3.409899
4.651002
4.888528
5.214111
3.895392
2.962184
5.658488
5.464605
5.0853
0.1313404
4.802848
3.796954
0.6986396
1.127129
3.944312
4.401364
4.622589
0.09820154
5.65557
4.738302
5.902094
6.600792
4.229481
3.795072
6.600562
4.473992
4.01372
-0.9800648
0.5673931
4.127731
-1.164381
4.374963
4.894178
-0.8716409
4.603781
4.949133
0.6695696
-0.3973575
5.508521
-0.4152168
3.734918
5.58745
1.955184
0.6
5.449458
5.19294
4.295596
4.517507
4.307775
6.033562
0.746104
5.542402
-0.3165431
3.092979
0.7311236
-0.6368629
-0.4755944
0.6465819
-0.01656287
4.300359
4.799141
4.000402
5.206702
3.93987
5.631853
4.548135
0.7615561
6.912367
5.231515
4.052686
5.47369
6.278845
4.854282
5.287067
4.113678
-1.257324
-1.719164
-0.2333508
2.052187
0.06382876
6.699427
-0.2568201
0.4213943
5.844469
0.544809
5.19148
1.337736
4.533318
-0.3475622
6.690497
5.379393
0.1157098
6.107018
-0.5965203
0.6039632
-1.483663
5.921335
3.448378
5.680635
5.153221
-0.951324
0.5461409
-1.600602
5.146746
-0.4209955
5.941275
5.878674
-1.119407
3.108755
-2.180303
0.7719729
0.06093223
5.407227
6.461293
5.721065
3.391649
5.442647
5.436193
4.449052
-0.5156402
-0.5741757
-2.298941
5.196489
-0.7431718
6.300048
5.088517
-0.1478026
5.01932
0.2530734
0.009946506
0.2834315
-0.6422499
4.791859
-0.1968361
0.5786417
4.464387
-0.6549286
0.6772567
3.314838
-0.4818817
5.192052
-0.7320716
5.657733
0.1734303
5.205528
3.71579
1.780797
5.947632
5.206146
3.225255
3.214297
4.417475
3.877852
5.290509
3.40739
-0.5459538
0.9021819
3.276296
-1.310094
5.518358
0.09004335
4.566375
6.063918
6.501773
3.1864
2.047487
1.459833
5.218639
5.456323
4.528548
4.907912
0.1481977
4.001075
7.422225
4.991951
6.196079
0.3212559
6.075832
0.2781999
6.255194
6.154036
-0.6747541
0.9982642
4.946931
0.7653825
5.469719
-0.09679496
4.448037
0.139506
5.368216
6.469656
6.447604
2.765774
7.016644
-1.026508
6.583401
5.953997
4.483448
5.645826
-0.06095088
1.102583
-1.828063
1.176378
-1.112685
-0.7421193
5.604473
4.723268
3.161414
6.525512
3.760814
0.5641477
7.488999
-0.05173077
6.18766
5.315367
0.01154102
5.761364
-0.252126
-0.3282559
3.674505
-0.162288
4.289513
0.6231216
-3.052672
3.720763
0.5970419
1.106072
-0.4635711
-0.5156565
6.52156
4.550185
0.7369461
-1.085331
5.718532
5.396818
5.585103
5.932646
1.523861
7.013074
6.256111
2.864796
1.58951
-0.550055
4.904716
6.619287
5.461651
-0.6750576
0.3603585
3.491916
6.404935
4.892555
3.388318
4.071682
5.865678
6.869228
-1.508111
0.1461426
4.465328
4.478101
5.966678
-0.7317116
5.103713
5.143125
-0.9724487
1.277062
-0.1064627
-0.5256941
1.062197
2.906732
2.742903
7.610616
-0.4575401
0.08385166
4.799318
8.356695
0.1433952
6.402307
1.443277
3.906986
4.816182
5.935404
7.102957
-1.238573
5.920287
0.5003844
5.76131
0.2533676
-0.4264831
3.987734
5.817247
4.532753
4.112664
9.223859
0.6705443
1.872149
6.289465
5.185929
0.2668018
3.413244
0.4852726
5.911878
3.802193
0.6866359
2.864135
0.3446576
1.395376
4.110631
-0.05134775
4.397031
6.496509
3.807781
5.014426
2.135606
4.417821
4.984635
0.1252846
0.909472
-1.162194
-0.6726886
0.08204548
5.213457
-0.1931089
6.715606
-2.011429
1.082653
6.723852
3.167238
0.08607687
0.003389701
0.5711109
4.106871
-0.2900217
3.910868
5.787912
0.2504607
-0.7871885
4.504274
5.307065
5.218674
5.814171
-0.8287346
6.010105
3.237898
-0.3816509
5.441489
4.259001
0.08129321
5.54963
4.202581
4.034622
4.228583
2.691534
5.024926
4.738992
2.038963
0.06860851
6.296591
6.11772
-0.6896832
5.306015
4.907607
5.535654
-0.2981216
3.670651
0.9135339
6.16225
-0.3015679
-1.453689
0.8993032
0.2662612
4.084634
5.134805
2.653593
4.722804
5.522804
3.634334
6.213627
5.500237
5.070049
-0.03287942
-1.086378
6.238472
3.673579
5.596843
6.305586
0.5578022
6.623564
4.977655
2.071851
5.433727
-0.4433967
9.46281
5.634839
5.18239
-0.1947419
-0.8316819
-0.4801998
4.65575
0.9384438
0.3417558
-0.1800093
0.2628768
1.885726
-0.6611926
5.296484
1.493506
-1.846727
5.914077
6.163517
3.299296
5.949101
-0.5000911
5.424464
1.838385
0.9003029
4.413236
-0.3273348
0.6865165
0.5504161
-3.009017
4.124256
2.924716
-0.4610668
6.058465
3.782536
-1.89981
-0.0176453
5.731292
5.439556
-1.171487
5.846954
5.753642
4.492381
0.6739249
-0.1144837
6.279569
-1.199725
1.951155
5.108522
0.3879916
3.388332
-1.98548
5.635637
4.879619
-0.2758939
1.859735
4.225779
6.526121
4.627053
5.080297
-0.3921536
-0.4867187
3.979072
4.150216
3.920796
4.453124
5.964184
6.862275
5.549426
-1.896193
2.116697
5.514728
2.294127
4.911889
3.71417
-0.02458628
6.256488
4.532623
0.6487605
-0.167234
4.576154
5.3936
4.422689
5.895292
5.56588
-0.2400342
-2.81549
0.393944
4.978345
-0.7967665
5.423214
-0.5041973
-1.07092
4.366114
4.640834
4.064635
3.317039
-2.835482
0.1571677
6.001085
3.917075
5.040645
4.863458
7.450691
0.1429481
5.95651
-0.3661978
4.176662
-0.9616643
1.177117
6.82476
-1.360739
-0.221777
-0.6262167
0.8854739
4.839574
6.003183
0.1536241
-0.05763128
4.771034
6.597773
3.01682
-0.04526312
5.663414
0.02108582
0.628354
5.088166
4.547685
3.760435
10.56958
0.5754477
5.621457
2.880265
0.03069628
5.168336
3.301003
6.556414
4.112043
4.848956
6.138568
0.9553592
4.602631
1.069379
5.131842
8.743282
0.002495461
5.586869
5.490422
1.020619
-1.137938
7.722665
4.561702
-0.6174469
-0.5517123
6.081814
0.9073741
3.83924
-0.3060452
2.060423
6.189881
-0.8564502
3.52006
1.131653
0.02677058
5.177199
5.686738
0.5458911
0.1483276
4.242011
-0.4088504
4.749245
1.985078
0.3965683
5.860143
0.561045
-0.77539
4.714454
5.140927
2.900803
6.107815
4.521976
0.08984821
6.092788
5.863467
7.532037
0.4686861
1.126414
5.028986
5.233192
-0.4708067
4.738313
0.4490152
5.634483
5.21687
4.486671
3.912846
5.030194
-0.9425796
-1.957516
0.8704759
5.167603
4.825862
9.378863
-0.6932807
1.068773
0.06515748
3.880946
7.447227
4.451614
5.718897
0.1329758
5.173571
-1.882267
6.125659
3.928375
6.334696
5.115519
-0.6462103
-0.1449741
5.85262
4.756723
0.4804206
3.957684
5.385606
-0.0624361
4.43586
0.2677588
4.951821
2.530654
-0.7814526
5.056984
6.121696
1.054488
-1.975989
5.980614
5.722476
7.870198
6.382424
0.9413435
0.4221917
2.625951
5.174865
0.6808543
2.375135
0.1108097
4.497537
6.272584
-0.3961985
6.324427
4.163176
3.333782
4.837657
5.078756
4.325872
-0.099269
5.400778
-0.6581186
4.522843
-2.320862
4.989755
3.788015
6.173101
4.278536
5.978201
-0.8194544
6.378012
4.705015
5.070369
3.513118
4.491251
5.481761
5.107208
0.88566
-0.1065
0.6921335
4.325267
-0.6617823
-0.05755249
-0.3674194
-0.8609492
0.04211508
-1.266516
3.413237
4.610934
5.275025
-0.1654078
5.095442
-0.1512432
3.657154
5.309269
4.742657
6.092977
0.2249116
6.690095
4.562717
4.524476
0.5727151
1.090658
-0.5405419
3.72389
5.56782
6.532209
4.987011
7.152826
-0.8687393
5.672862
3.968454
6.24837
1.275584
6.074889
0.4094499
5.54336
3.404807
0.6663228
-0.4785036
-1.21648
4.693315
3.948378
0.03213222
4.040591
6.6481
0.06266607
2.360214
-1.077761
7.582992
0.5507309
3.79059
-1.014225
0.1479825
5.261641
5.26744
4.613411
1.871568
4.594164
6.01859
6.550789
5.238638
-0.3959033
-1.041739
5.522298
6.971583
-0.2094155
-1.688416
5.169412
0.5397217
5.358469
4.16213
3.216714
-1.019204
5.796689
-1.047328
6.450506
5.460784
1.176373
0.5328309
-0.7817772
6.974632
3.986685
-0.9248388
7.48973
4.749742
5.489357
0.6392732
6.363563
5.331581
4.607701
0.1563371
5.676025
4.24242
4.509578
8.581866
4.774997
1.578678
4.832326
0.19484
5.025871
5.550795
5.131575
5.523026
5.234169
5.128168
6.592285
6.508325
-0.07775332
4.64287
4.389986
1.442218
4.365595
4.86005
3.12005
4.761388
0.2363197
0.8865389
5.697834
-0.001485162
-0.4128981
4.627915
3.513475
-0.1002656
10.12783
8.396854
0.1604573
5.498983
-0.08705879
4.140283
5.468758
4.946086
4.659387
0.1659188
5.230683
-0.8440082
4.661177
5.227866
4.49263
6.686547
0.9536926
6.272062
0.150822
-0.06488067
0.4070912
0.01100319
0.3145605
3.62386
4.23158
-0.8777335
0.4402055
4.239677
5.224725
-1.110517
4.431571
6.200881
4.628093
-1.092211
0.2738943
5.106666
-0.9156521
4.965612
-1.390862
0.6371787
0.6114352
0.4672724
3.551223
9.855223
-0.198003
4.88531
-1.373983
6.4001
6.598631
0.02013052
5.463286
4.867572
0.3406721
1.741919
-1.876789
-0.3221265
0.5758456
5.13989
5.306801
5.41288
8.941211
4.514485
5.241953
3.91231
1.466003
4.36565
1.39907
5.773322
3.998132
3.350734
-1.007407
6.425075
4.561073
3.440955
3.579767
5.56252
2.579979
0.5202583
-0.8494366
0.3738929
5.891703
2.257683
0.311633
-0.00574429
5.112453
0.08367689
5.136184
4.975821
0.4379913
-0.702396
0.0683095
5.158027
-0.6984224
1.415858
0.3049286
4.453094
6.031962
2.995505
4.097491
5.863237
4.618005
1.121866
0.1343176
2.423459
0.9431651
3.946879
-1.080104
-0.5762292
4.510519
0.4677489
4.158894
4.567455
-0.9228829
0.156301
4.051791
0.6340134
-0.6045865
-0.2456952
-0.9701867
0.8259518
1.668066
2.773655
0.7735508
1.173882
5.960866
1.365368
5.54427
4.953009
0.3036884
3.385513
-1.069653
6.801211
2.460275
5.295617
-0.04831152
5.310299
3.852223
0.379771
4.860937
0.1465152
3.383099
9.181447
6.333108
0.05567356
5.063297
-0.5779197
5.914537
5.351852
6.218943
0.4248328
3.823972
0.7993374
-0.5653497
4.905827
4.842592
1.541006
11.63279
3.887027
6.063141
0.509817
0.2019278
5.173432
-0.9787827
4.231903
5.145622
6.118684
5.233319
7.174761
5.478629
2.202894
8.563425
1.080973
4.72927
5.8902
-1.660296
2.650033
3.330312
4.278838
3.885866
6.699423
4.419991
0.3147595
2.094643
6.964809
-2.073162
5.285344
0.5196862
6.475794
3.769594
-1.792144
4.187544
5.296146
5.154278
1.785981
4.970308
6.816205
1.364751
0.04114487
1.207648
4.847798
-0.08171625
0.06193248
2.980159
4.256563
3.876701
4.534432
-0.1629711
3.379197
-1.28255
3.596364
0.383362
5.562155
0.5572555
-0.1717654
4.979208
5.222275
6.081109
1.041214
4.201892
3.435722
-1.543834
-1.34294
3.889634
5.647722
5.934201
3.90948
4.426997
4.782429
0.8994994
5.71363
4.248162
5.485582
-1.94953
5.747274
-0.8770278
4.517306
7.823968
4.396617
0.06705803
1.515728
-0.1606065
-0.6855724
3.253983
0.4796093
-0.7518829
5.951682
3.228833
10.38773
0.2891617
5.434533
4.388454
0.3922611
-0.3912911
3.837956
-1.820943
6.29033
3.759728
6.754483
4.499603
5.759299
4.598604
5.170683
6.095067
-2.293037
3.765055
3.470208
6.693578
6.170544
4.812422
0.2462747
6.385957
-0.07692376
4.363844
0.4772114
5.039124
6.663899
4.984594
0.4808335
3.976119
-1.476925
-0.2017138
4.780034
-0.7790054
1.746382
4.533586
-0.250369
5.798023
6.419289
3.519798
5.292351
5.242596
-0.5045832
0.1575107
-1.860267
0.09478471
-1.391121
0.09061023
1.152631
0.1756063
3.694927
4.780388
5.548317
4.414249
-1.258376
3.840232
0.9015384
5.374726
-0.8492316
0.584645
5.098581
-1.125338
0.1416403
4.924361
0.1680814
-0.04281222
1.419696
4.101668
6.215547
2.994645
3.270625
0.4581677
-0.8024169
5.332931
4.725474
-0.2100816
-1.119446
-1.929935
0.6260177
4.292477
3.316012
4.524545
5.597104
6.319273
4.011401
-0.4818567
-0.5825742
-0.7781681
0.5212305
4.126817
0.4433745
5.143352
6.255744
-0.9001053
4.935181
4.638084
0.746844
0.1739338
7.597251
4.251158
2.886586
5.655422
1.672449
5.720139
5.708704
4.950442
6.541804
-0.04761211
6.95724
1.707175
4.186153
-0.6238339
0.8757006
3.972696
4.86614
4.192211
0.4787582
6.29595
0.1073552
5.128356
0.8066674
-1.986609
-0.3162279
5.268649
6.068748
0.8507759
4.057562
5.474353
-0.5605744
3.836615
3.778059
7.22463
5.643327
-0.09411733
-0.3664766
0.1888555
-0.2319535
4.870836
4.750118
4.115999
6.127563
4.055654
-0.7195907
6.394781
4.879369
1.68578
0.03149496
-2.026144
-0.5117559
-0.337269
0.1950953
0.895336
5.876053
3.783586
2.976609
-0.4645699
-0.07016217
5.638861
5.573439
4.084224
5.429622
-0.3294541
5.90877
-0.2375978
4.361563
3.090333
4.642198
6.507219
5.140374
0.52351
4.77181
0.5574445
0.6690238
5.03902
5.053781
5.103348
1.488964
-0.5936593
3.783785
7.556561
5.778575
0.02240825
-1.29445
3.99762
3.066412
5.136874
-0.3669772
3.946162
-0.607388
5.227744
-0.5850552
3.943603
5.251829
4.6659
5.076774
5.956999
-0.5506832
5.139421
5.102306
2.385402
0.2464491
8.135677
4.966572
3.557975
0.4445963
4.935559
6.618551
-1.401423
0.3412874
4.692372
6.238024
0.03161262
4.789177
4.870351
3.604835
1.106317
-1.452074
1.501912
5.17463
5.644289
1.587927
4.268223
0.07243838
5.512417
3.840008
-1.086975
-1.895432
3.925556
0.04273181
3.81829
4.785848
3.738067
-0.4655379
5.679665
1.239759
1.075466
5.223657
5.350159
2.54579
-0.4130502
5.917247
4.4995
-0.510641
5.728024
5.425457
-1.017901
2.968161
4.466463
0.687492
3.686529
4.923193
1.010824
1.453559
4.550403
-0.8648957
4.318237
-0.8788872
4.4978
6.451547
6.3488
6.672843
4.056595
4.86038
0.3376256
7.48779
3.730216
4.511899
5.732362
0.4830931
5.361042
0.7500129
5.570093
2.896204
6.339873
-0.8417015
0.3248753
4.271061
4.572134
0.8507141
4.902051
5.59752
3.642497
5.423165
6.389502
-0.1347771
1.00901
6.040535
-0.7127913
6.12425
4.779969
0.06535076
5.114215
4.240322
-0.03747802
1.146408
-1.103316
6.870648
0.1537098
0.5527563
4.333137
0.1145311
6.13354
5.207179
0.06158223
0.3928842
4.444278
0.5798641
0.9392823
4.466491
1.108243
1.720658
-1.099269
4.247407
3.274008
4.035132
3.879449
-0.3885567
6.115707
0.7692913
-1.578465
4.410208
-0.9690601
6.316967
1.120417
5.308194
-0.4997857
4.94378
3.490673
0.6438484
-1.476342
3.953692
-0.07971136
-0.5040076
1.233192
5.51854
6.232507
-0.9366441
0.5913741
-0.04887826
-0.7226063
4.346259
-0.43008
2.47935
4.084348
-1.399259
5.575747
-0.1296725
0.2569095
-0.7585868
6.262709
-1.413421
-0.5287881
1.624297
2.856914
6.088183
0.07009874
4.890221
2.380571
0.1776879
4.784782
-1.225256
4.671558
4.72011
4.043571
2.142356
-0.08653895
1.122904
-0.3928851
5.238627
5.362129
-0.8768712
4.394694
3.958665
5.91037
5.664036
5.737339
4.406135
7.368291
5.377805
6.193553
-0.09128252
5.993253
-0.9743876
3.493017
5.044526
5.940751
5.109663
-0.443905
5.236459
0.4019806
-1.200381
-0.6604829
-1.437063
5.444587
-1.100872
1.380145
3.342447
0.9316847
6.078597
6.156714
0.2176134
1.636131
2.373953
3.755841
5.647252
1.365827
0.01175426
6.766841
5.173243
1.696243
2.709276
-0.4638222
5.107159
4.000878
5.066732
4.489382
5.45868
0.8885008
0.6061057
1.208484
6.00697
-1.039975
5.267332
0.1688078
6.287739
1.604868
11.51436
3.90339
3.949782
5.300438
-0.8093632
6.272465
0.3317722
5.200815
1.194025
-0.991368
0.4932905
2.609999
8.358568
-0.8060466
5.668549
-1.192918
5.424342
5.203299
4.593568
5.694461
-0.2468318
-1.407782
0.4313493
-1.417194
6.018835
5.450419
4.569357
3.210668
6.184228
6.533943
4.973778
5.11329
0.2628098
0.7124818
0.02568577
0.4578443
-1.019633
3.604203
-0.4788078
2.409731
5.391617
5.771046
1.198009
1.810771
4.747752
0.4498902
0.8858097
3.929128
6.0061
-0.7218138
-0.00807878
5.808806
0.8718757
-0.7900812
0.3623277
0.2690117
5.745984
5.189973
0.8106084
6.358782
0.9237758
6.163318
0.4689288
-1.21292
4.144775
4.148419
3.425477
0.8419006
4.027795
0.3240178
3.616307
3.296761
0.002451572
-0.03355928
6.055586
5.889778
4.64983
5.197521
0.1216403
6.83021
5.708512
4.909961
6.970683
1.439478
3.940566
0.05199084
1.424864
4.434491
5.486977
5.059489
-0.8779795
3.117159
5.059385
4.224168
5.388166
-0.8826818
3.881191
6.920376
5.297362
6.970112
6.247826
5.068356
2.591499
-0.1162489
4.97107
0.5830655
4.779738
6.455049
-0.06715512
6.69656
4.642731
-1.12486
-0.198168
-0.6837984
3.973238
6.870356
-0.4533922
1.646408
-0.5490482
6.343514
3.545516
7.421798
5.203162
5.597248
6.484699
5.858861
5.563225
4.691585
5.917695
5.55589
3.891796
-1.824954
6.031754
-0.0948794
-0.3052591
1.548875
-0.7904972
4.306768
4.206683
0.3263028
4.877046
5.962926
5.145058
0.2999401
2.999295
5.254617
4.307535
1.204549
-0.4823668
5.925668
0.5512209
4.513052
-0.5432376
4.842067
-0.8482546
0.7732516
7.449128
0.2757442
-0.306011
0.9074262
0.4297058
4.69739
-0.02171673
4.124642
5.594684
5.488925
-2.250511
5.457979
4.410138
0.3089742
5.641061
0.4367483
0.2304558
5.228112
-0.4712486
-1.223865
6.385044
4.796633
5.627673
0.6802401
3.608957
1.542032
5.275973
1.803596
7.622523
0.07624178
-1.594973
5.472902
0.4250341
4.766707
4.672489
2.459622
5.137394
4.495353
5.129954
4.222877
4.911347
0.08905682
4.568036
4.03047
2.59443
3.510291
-1.46863
4.973132
4.744563
8.728805
5.558465
1.232856
3.598753
0.8740098
3.9591
0.1885596
4.530176
0.2140932
-0.8984666
4.39414
-0.8355397
-0.07725545
-1.36406
1.347977
4.612076
4.41853
3.223606
-1.270309
7.419554
4.969996
-1.109322
-0.6484335
5.427582
0.9995143
-0.2885292
4.693
4.053461
0.1359811
3.858126
3.364666
4.869826
3.829758
0.02974887
5.374101
6.448209
-0.508856
0.941852
1.549018
-0.8547786
-0.7391365
5.197164
5.396829
3.082102
3.42428
11.48538
4.961558
-0.3928818
-0.2298128
9.826939
2.629842
1.978573
0.9634516
4.642435
1.020926
2.795176
5.953922
5.619552
6.563995
5.424355
0.4388737
4.072294
6.497366
4.318701
-1.237051
6.173318
-0.3867812
5.248524
6.417708
-1.149783
-1.391267
1.903951
4.949302
4.785426
0.6632767
4.392001
-0.2299612
1.15289
5.15574
6.633138
-0.9582135
4.420641
0.1545937
6.921593
-0.9866336
-1.188092
4.865831
0.4825411
4.980342
0.7477273
12.04536
4.258817
5.177603
0.2493214
-0.6620975
1.597675
4.086281
4.519007
4.748244
4.508827
6.256682
4.965395
1.733808
5.575442
4.778034
0.541063
-0.7939428
5.44499
0.6525341
4.558919
1.000448
5.522693
0.1514451
6.574914
7.299281
-1.658178
5.237322
3.46631
0.2931638
0.2072618
5.896136
4.26661
4.118889
-0.719005
7.50002
0.1442617
-0.1886935
3.797231
0.03973339
6.396133
0.9508751
4.78388
0.7305124
2.542584
0.05233989
-1.537051
-0.3178348
1.518582
1.98405
0.3551452
-1.072157
5.709943
0.7722081
7.114138
5.613311
6.057874
6.541581
1.049863
5.918996
4.254467
5.705963
-0.2276696
0.5512386
4.789194
5.855358
-1.133058
5.645726
-0.3036512
0.03463341
-0.2784616
-2.078038
1.362402
4.274191
-1.535923
4.524695
4.933482
8.242705
0.7044457
-0.6410356
3.91208
4.94549
6.06439
4.507882
4.95433
4.407022
-0.5487642
0.8454922
3.125801
-0.3827033
-0.4322182
8.21976
4.899736
0.5989137
-0.4711354
3.785024
-0.2456242
1.948473
3.493885
0.7253766
-0.08925444
4.694311
-0.2855347
-1.222441
0.000929465
0.445991
7.848393
-0.4251926
4.700391
4.237945
-0.6151151
4.966764
6.130354
1.129867
-0.2728527
3.473776
0.1280658
4.745394
-0.3116117
0.9493411
-0.5558225
1.282858
5.889276
5.872594
0.4320647
-0.1621075
2.936953
-1.187575
1.081424
-1.112724
4.130871
2.142994
-1.22543
-0.3224468
0.3239647
-0.3404795
-1.330934
4.209364
-0.8758452
3.698058
4.22222
3.483632
1.214639
5.171982
0.9380399
5.930621
0.6932543
4.528657
0.6619599
1.589367
-2.912021
6.407913
5.788107
-1.094903
4.795329
-1.141427
6.09287
0.5420115
-0.4154872
4.719766
4.213951
5.964275
4.288184
5.149987
-1.313554
3.418315
-0.2508992
-0.4394355
4.036901
4.584321
0.8050824
-0.2141124
5.536192
-0.8291932
4.222386
-0.3208252
0.2623065
1.40506
5.349355
5.289935
1.505555
0.2938906
4.026511
4.213899
2.04022
11.58993
5.509916
0.5313328
4.741579
0.04981893
1.624595
1.655776
3.949469
1.304315
5.554459
4.114936
4.591582
3.569312
5.384099
-0.5222754
5.95245
0.9391894
5.019291
4.039652
0.00524922
6.40861
-0.2681495
5.194371
5.97927
3.163396
3.121411
2.174673
5.178599
-0.5744321
5.785375
4.291438
1.810086
4.926059
-0.6670191
-0.03293561
4.716259
1.536979
1.241955
4.409903
5.705499
1.785692
-1.390518
0.1561702
4.943799
0.4852758
0.6445203
4.069017
3.612374
0.5319513
0.2492319
-0.623649
5.021955
5.734539
1.214109
0.09162804
3.469285
5.089716
4.248137
4.247335
-1.096047
0.9972933
-1.529079
-0.6040031
5.834453
-0.3738006
1.047282
-0.05419815
1.341026
-0.5839346
3.516211
0.05493254
3.821172
4.431658
-0.9682129
-0.5218088
-0.4139416
5.024464
-3.825836
-0.3788277
-3.204736
4.847713
5.599189
-0.05486639
0.1114048
1.313692
-0.724232
6.00926
4.258545
5.951976
5.542279
-1.599504
-0.8650022
-0.1494844
-0.3537093
4.851961
5.783992
5.436063
5.807213
4.433165
-0.2792442
-0.250882
5.358386
5.539572
5.563436
1.411696
5.634908
-0.7550675
5.640073
-0.7959534
5.083706
4.671324
4.523816
4.029613
7.508122
-0.165928
4.34334
0.9683843
2.366511
5.215486
-0.6142979
4.155795
4.060566
2.329508
6.363413
6.252632
-2.077671
7.116948
3.91287
6.418602
3.562941
3.974609
4.809222
5.979073
-0.4036206
-2.044169
6.462691
4.727974
-0.7453255
5.212215
3.445655
1.033812
4.904288
3.7154
-0.1694453
5.752139
-2.33007
-0.7712
4.550112
5.51501
0.8166138
6.508734
4.957953
-1.159494
6.164327
0.2511353
-1.444889
0.1214341
4.581942
-1.633315
3.05688
-0.7105624
0.09208876
0.1857075
5.924554
-1.432164
0.734056
5.787189
-0.252475
4.788515
4.616578
0.0590167
3.524747
-0.3633124
1.085721
-1.133793
-0.1184417
7.678069
1.368057
0.3267366
6.403962
4.265754
1.257595
4.676195
3.729834
5.048313
-0.8196048
0.8156303
5.144197
6.550084
4.418119
4.021487
3.784437
11.25636
5.723941
-0.001604886
1.189915
4.27702
6.74661
4.522805
0.9567058
5.029293
-0.8431028
4.69662
5.098554
4.923319
3.79866
4.552671
6.199565
4.78077
0.9700692
6.226726
5.78564
4.324596
-0.01761306
3.188641
4.216356
-1.309473
5.864353
3.166667
4.487271
7.377274
5.004983
-0.5608946
4.286871
1.481999
4.541829
4.244455
5.287188
0.5934751
0.1096305
5.953997
6.171648
4.298111
-0.0448676
1.161002
0.2845811
2.283267
-2.739001
4.257252
0.03363793
5.892144
0.9350054
0.377098
0.5326778
5.108494
-0.770686
5.114344
0.305976
4.946955
5.501302
4.246629
4.942722
-1.121472
-0.77536
0.8242634
-0.2815783
5.907315
4.308
6.005758
-1.024886
5.694218
0.4139926
-0.7898189
4.023686
5.996745
0.2338607
1.296609
0.03219906
-0.6688565
6.223027
3.505428
1.363356
1.951977
-0.175632
5.666023
-1.086744
3.777318
-1.125421
0.04337924
4.713416
3.795828
5.690588
3.739181
-1.16073
5.711567
0.08341345
4.527481
-1.764786
0.07315419
8.918658
2.247669
-0.5396512
5.098916
1.404249
4.437069
9.631488
4.666644
4.429769
6.050222
-1.056221
-1.039272
-0.36476
2.67662
-0.2623691
0.13162
-0.0619624
1.68146
1.75294
5.603974
0.6043445
1.611522
5.346702
0.9797894
2.936803
4.157559
3.426018
5.283759
-1.82328
4.143884
0.825089
3.84909
-2.269932
4.817339
2.762058
0.4376174
4.905924
5.629667
0.7905533
-0.4227159
0.02816481
4.995251
4.644174
5.150111
5.908643
4.752799
1.080212
5.708173
5.634546
1.540951
0.7385292
4.59256
2.333112
6.058191
6.781251
4.417434
-0.4998468
5.344488
5.109371
-1.557418
2.082866
2.342167
-0.08770802
4.67345
0.6038794
-0.470487
5.473249
-0.4808412
-0.05405918
1.326624
2.360543
-0.07789673
5.688916
1.495917
4.744518
4.058173
5.532497
-1.703237
6.241869
0.3538241
0.9040653
1.401797
-0.4780845
5.46399
0.5422512
1.479894
3.495064
4.092507
0.6740446
10.5998
4.27083
-1.61515
4.437346
5.647246
0.4522529
0.7288595
4.868221
0.8447895
0.1211221
5.088717
2.240295
0.238569
0.340849
5.540938
8.507038
5.03342
4.357821
1.195979
4.352885
-1.554291
-1.722222
8.123483
5.892551
9.157215
2.144911
-1.383195
5.415362
4.809147
6.454186
9.02257
3.80799
1.272746
2.283599
5.8662
-0.1904616
0.4871346
4.938437
0.4335719
-1.404098
8.94218
3.73637
4.63369
4.829372
5.100936
5.148971
3.929533
3.71728
-0.3098499
3.401024
2.6017
4.640382
-0.5637684
0.4329413
0.3225578
0.1876451
0.2783313
5.167344
5.406416
-2.433042
5.24823
-0.1503547
4.047638
6.943431
-0.8011811
2.915328
5.225335
0.4061212
5.518229
6.503553
0.4693635
0.3285544
4.314652
-0.620192
5.381656
4.796346
5.160143
5.857372
3.979031
5.207285
11.69372
6.232036
5.389773
-1.798097
4.698005
1.139785
4.934893
-0.5469934
9.24232
3.869378
6.484588
4.160428
-0.5121865
4.690465
4.864431
4.602439
-1.18696
-0.4939183
3.828524
3.315578
3.985454
5.36202
4.420271
4.008832
2.512975
2.76499
2.585528
0.8505584
5.679443
5.398158
-0.2676842
-0.04330656
5.324421
2.361287
0.6958247
5.852553
3.727979
-0.02455469
-0.7444775
7.617505
5.482966
4.625217
4.639001
2.82186
1.136068
5.359181
-0.03912868
-0.932839
3.292922
0.1899227
6.58061
5.733072
7.02614
1.952273
3.92938
0.7133124
6.778963
0.3120504
5.729165
4.914146
-1.356197
-2.365807
1.074575
6.906348
3.774746
3.474066
-0.8363099
1.263266
-1.383997
6.384017
0.7219784
-0.8271385
1.923163
6.611023
0.7964519
0.03178291
0.7151224
-0.7229078
-0.2958432
6.249643
-1.206776
-0.7663133
0.4571691
3.864692
1.451913
3.555917
0.04304136
0.3684786
2.575528
5.686581
6.042447
4.842484
3.326864
0.5690854
-0.05033272
5.313008
-0.7978037
5.049734
4.218456
-0.8831661
5.26646
-0.5683258
7.121797
5.580474
0.2480153
5.466062
5.212245
0.5565634
7.405178
4.509753
1.052381
5.436579
5.057714
0.3303374
4.723155
1.743159
5.388209
-0.5913683
0.9239304
-0.05150735
3.613287
-0.04857181
7.116803
3.337884
0.5973362
0.4466184
1.53793
5.107631
0.3089096
-1.21621
5.554708
-0.4535446
0.3827998
4.551248
-0.4185928
-0.7154243
0.6658499
4.782982
-0.1535708
1.55676
-1.538237
2.876562
8.991503
3.346948
4.353481
1.399797
5.674829
3.842751
5.794487
0.3476421
4.212806
1.45315
-1.207453
-0.6940363
6.491492
4.590133
4.365794
4.520184
4.779614
0.4995504
1.760887
3.449078
0.1733454
1.041029
0.7562758
-0.05591156
2.461091
1.319513
-0.5830169
6.10195
3.990697
3.879695
3.803132
-0.1771267
0.02204627
-0.3082742
0.2793016
5.364767
0.3400563
-0.7896262
6.980897
6.313981
6.908627
4.691901
12.19554
4.321352
5.366185
6.939533
6.025059
-0.4933117
0.7061656
5.311043
-0.7541167
4.013849
6.878429
-0.7416818
0.9681254
4.714333
0.580055
4.554844
-0.1684818
4.093659
5.339638
5.488601
0.1516819
5.666607
-0.4647872
2.011552
4.984125
2.23903
-0.3445033
4.337718
6.809114
5.821219
5.768882
1.541235
0.3354559
-0.8534992
-0.804603
0.7387874
3.871503
0.0591417
4.199971
1.166233
1.172622
-1.474822
6.246431
1.178259
6.072077
5.069815
9.796449
5.850719
5.261798
7.062715
8.791105
4.567009
6.015417
-2.002293
4.619828
-2.028736
4.495259
4.089221
0.2038702
0.970044
-0.3375592
0.155277
4.676751
3.856252
-1.577718
4.994741
-1.237232
0.6726346
5.410034
5.80252
-0.8523117
-0.1548178
1.295402
6.436495
0.1693761
9.566334
2.613785
9.618756
5.421528
0.8273273
4.062592
5.892092
4.923584
6.372984
6.345299
5.260091
-1.823324
5.363552
-1.013533
-1.257439
0.4868507
-2.086484
5.904805
4.744135
7.00791
-0.6884953
-0.5052441
5.269962
6.596379
5.512326
5.882035
1.866166
5.069674
0.563717
-2.149348
0.1232179
-0.08487079
0.7638064
6.774226
-0.727865
-0.6185373
5.31554
4.924371
5.656278
6.077386
6.179365
-0.450353
0.5598445
6.376553
6.417942
0.2267849
2.028184
5.638592
4.295692
-1.628629
-0.3204194
3.038639
0.2620779
4.531135
-0.5453489
5.460607
6.208224
3.364506
5.648443
-0.484572
5.001139
4.296312
4.734473
4.863275
3.221568
1.326401
6.913645
0.2665221
7.06033
1.787457
5.311288
2.897006
-0.802799
6.058855
5.101154
8.079351
0.3290485
0.8120952
5.770187
-0.437704
6.323033
-0.2747054
3.170666
4.748044
-0.3975388
2.676204
5.459052
4.905308
5.010632
4.826635
5.190105
4.594413
4.627137
3.314505
4.137112
3.712749
5.06216
0.9866449
1.294945
-0.2293218
-0.1524473
0.1101295
-0.3664852
7.849278
4.19703
5.285796
-0.4235259
5.193694
0.8847404
6.067528
5.595921
0.5225738
1.490986
0.8808671
-0.2592364
4.107589
0.453071
-0.9264118
5.291283
0.8489075
0.4298881
1.423835
1.064809
0.8795651
2.22109
-0.1456771
0.112778
-0.4859014
0.6005516
4.706896
-0.3576772
4.561584
5.554203
5.804446
5.360006
0.769696
6.257068
5.731443
4.687679
6.085659
9.171875
3.306035
7.504141
6.168313
5.968199
3.275601
0.5263522
0.9781039
4.85564
-0.288405
-0.1360319
4.718867
3.911963
5.251009
6.385022
1.043236
1.257519
4.65558
-1.348301
-1.432937
5.368182
5.374288
-0.6384466
4.390003
6.017258
-1.082631
1.610679
-0.9859159
-0.148482
2.102623
-1.145464
0.6333447
1.323254
0.5807128
3.786997
3.532375
6.580121
-0.7139398
0.04235082
0.3010347
4.620837
3.681342
-0.6667943
1.077558
4.445269
9.852301
4.699314
5.263861
1.605832
5.331859
8.717938
0.174658
4.486228
0.8040545
4.778001
2.990585
0.6830389
5.168269
3.019571
3.691788
2.645549
-0.3800997
-0.9118024
5.093432
7.557855
0.9785844
3.221075
0.6308173
5.218144
1.930862
3.682314
3.957955
5.371405
-0.5892116
6.613979
4.728962
0.5253994
4.34447
4.747363
-1.271342
0.1565827
-1.763731
1.982359
5.128831
-0.01619409
-0.984749
7.52981
4.463811
5.944492
7.32883
4.309948
5.268124
-1.421108
5.236171
6.763324
-0.2593218
-0.5770262
-0.8326205
4.183983
0.5325489
4.436811
5.794184
-1.081155
10.3697
1.624233
4.102882
5.353065
6.674726
-0.07497059
-0.4553239
-0.02521088
5.605467
-1.433488
-0.07885158
5.298444
2.513888
5.731834
4.51268
1.393406
4.871507
0.6405722
5.333718
1.354607
-0.8813495
-2.638237
5.655053
0.2111179
0.5085456
-0.3003322
4.133329
-0.2847393
0.6853108
-0.6098131
4.267887
0.8849737
0.3972694
4.733742
0.4272284
0.6454507
-1.09417
1.24035
6.224555
2.93329
-1.106627
4.884116
1.061828
0.4743043
2.169609
11.80979
2.479227
4.352265
0.7711724
-0.421643
4.839464
4.366518
0.697589
-1.303479
5.715225
-0.2220313
6.905754
0.6422233
5.88998
5.342449
-0.8162489
4.208543
-0.1982431
5.228387
-1.321879
0.01589433
4.262299
0.3700056
4.422113
7.109419
6.180532
1.387461
-1.524832
0.6312957
4.586157
4.403738
4.784793
6.018429
3.751949
5.869006
4.759103
3.115391
5.639663
5.480992
0.2067758
1.354343
1.389921
5.545623
5.157299
6.593066
4.198695
0.4146978
3.527571
2.028439
5.090898
-1.923807
5.825139
0.1259663
6.255311
5.161258
1.887877
5.60826
-0.3073516
6.430735
-0.1316791
3.852761
4.769953
-0.4009392
4.495436
7.184967
-1.22053
-1.691485
4.802877
0.4328536
4.239048
-0.3075215
-0.8011662
-0.7470413
-0.2907807
5.039645
1.552386
-0.01142383
-0.9773949
1.277841
1.290864
4.345501
3.590794
-1.385707
0.7899917
5.381417
5.855234
4.897604
4.610455
0.7008296
6.170983
5.016953
5.073458
1.491915
-1.235052
6.073006
-0.3542995
5.268887
4.39531
4.791288
4.397378
4.746227
6.381866
6.685403
-0.1419939
-0.5470764
5.123652
0.3329587
1.430696
5.713333
3.251356
0.3181719
3.894926
4.524972
3.828266
3.331734
1.840792
3.759025
5.83601
4.907389
-0.8881023
-0.5388857
-1.573448
6.53093
9.547629
6.587073
4.791496
-1.729892
2.132555
4.132991
4.057458
0.4690727
6.021154
7.55594
5.278449
0.8577303
5.204043
6.067515
-0.7161927
3.01532
0.09648651
4.956802
-0.6296057
0.1578856
3.922797
5.820871
6.089868
4.494317
4.484991
5.998223
-1.076159
1.391002
6.331646
1.304127
6.394231
-1.032762
3.217821
3.871443
-1.741492
1.333242
7.7319
4.166988
-0.1589291
7.294367
-0.620688
4.834804
0.4322435
3.917977
1.44558
6.780216
5.850623
1.508065
5.139712
-0.9784342
4.464335
3.67436
0.3976357
5.450734
-1.922069
5.571363
-0.5389458
3.51634
0.8775112
4.881556
1.56556
5.178285
4.749533
0.9176767
-2.391787
1.798288
-1.99859
2.651657
11.55703
-1.455309
4.477488
-0.2959241
4.83596
0.6035707
-0.0445194
-0.8504801
5.88349
0.7523368
5.202352
2.815645
-0.9832464
5.782039
0.9726429
5.084118
4.70557
-0.2209634
4.134338
2.950159
1.144381
6.791468
-1.381173
1.705902
3.632208
1.05205
4.022793
3.542031
4.275159
4.690855
4.695282
5.049701
0.06702719
1.891261
-0.5371295
4.707073
0.8381891
5.955502
8.467194
-0.8733781
1.042355
5.315781
6.414617
7.213189
0.3841827
5.00559
5.432712
1.99744
-1.04357
-1.117295
-0.4515203
2.239955
0.08809638
5.710618
5.07532
-0.7806244
-0.3078445
9.644159
-0.6789668
5.512801
3.719114
0.3475423
5.157541
-1.787906
4.302013
5.924489
-1.257511
1.274935
-0.485449
0.3323165
-0.1654747
-1.152932
4.669218
3.80964
0.2228146
5.073013
4.244475
4.22905
5.375665
1.109625
5.443192
-0.8827961
5.324573
2.957031
4.269762
8.056051
-0.3897772
3.883445
-0.7848005
8.623727
5.266883
6.233822
4.705362
0.4193406
5.270348
-1.35514
0.7948368
5.795184
1.281623
3.607424
0.0881526
0.1048438
4.480991
3.161165
6.840637
1.090945
5.789524
0.5777529
5.493071
3.814229
6.404205
4.070356
-0.5985618
-1.606432
3.472655
0.5059688
5.051385
4.320423
0.185851
0.640371
4.673542
0.400824
4.881598
-0.8630091
3.423111
4.296082
5.047356
4.081105
4.496409
5.981249
0.8680382
-2.123118
1.356713
4.674978
-0.6041977
6.147006
-0.4632266
5.221677
1.223248
1.588111
-0.4448077
6.508558
5.647111
0.5957948
3.870427
5.1971
-1.158003
4.240676
-0.4950946
5.017166
5.069362
0.1549108
5.300059
4.668196
-0.2391202
2.794325
5.748826
4.999019
1.556822
-1.187638
3.913211
4.866266
3.448899
4.068768
4.995873
5.182206
6.279655
5.084098
-3.23745
1.188787
1.915304
-0.280905
2.979124
9.034945
0.4618214
3.323195
0.1682937
5.748719
4.710477
5.409942
3.915506
5.324423
6.477288
0.2554848
5.266309
0.6969907
6.644475
5.364186
-0.5340418
3.39598
-3.060132
-2.380643
-0.4034671
6.289061
5.742245
6.9528
6.099191
3.378178
5.18954
6.5621
3.969366
-0.09624964
-1.21667
4.608427
1.9264
3.812629
2.633072
1.674084
-0.228218
5.667712
2.011683
0.5045524
5.533016
6.439441
-1.573709
0.2405073
7.807121
4.384026
5.150504
-1.527921
5.11347
-0.5305868
2.992727
5.614472
2.14711
1.165521
1.48305
6.567822
4.959738
6.40046
4.096721
5.348499
4.983679
4.483962
0.3573366
0.7007723
4.567699
-4.15568
-1.704348
5.91068
6.55537
0.1636758
4.565338
-0.4087982
5.13564
7.585667
0.4718295
-0.7802064
4.650175
5.180272
5.870239
3.796211
6.855741
3.613083
5.221087
1.050555
-1.563247
1.277545
1.043647
0.4323515
5.536431
4.966078
4.998688
-0.3706013
4.674759
5.634906
-0.04263216
6.073158
1.382799
5.609834
-2.204327
5.699387
5.858512
-0.6578797
4.542066
1.938097
5.050062
6.604679
0.4593439
-1.331196
8.3792
4.533971
0.1298789
4.18427
4.35974
-0.3157088
5.105777
5.311099
6.238026
6.068333
7.160923
3.099054
5.946969
2.153939
7.122996
0.03083083
7.577752
3.895681
-1.969804
7.32176
5.448516
0.09659746
-0.2083389
-0.1696524
0.07743962
5.280346
4.225941
-0.2648006
-0.4356737
4.107354
3.069207
0.8167084
4.328277
4.477115
6.090406
0.119666
0.8260008
4.504881
4.954291
5.064082
1.166641
-1.683963
6.27352
1.016494
0.3156131
5.839492
4.286938
11.16214
5.287046
5.212305
0.914508
-0.5674093
4.025114
3.418732
5.41364
-0.0161695
3.865007
4.955639
-0.765234
5.648287
4.969861
-0.6626569
6.411176
5.35177
1.139927
-1.06529
4.549871
1.476019
3.030358
6.66481
0.9801717
4.647974
4.386638
-0.622173
4.859738
5.496537
5.983671
4.407919
6.169019
5.613181
5.413001
6.37902
2.852598
3.561388
-0.3467564
0.681741
1.560941
-0.04025221
1.112061
3.037148
5.604504
4.117598
4.438496
0.8185169
-0.2244664
0.2096168
1.59548
5.887974
0.5885858
-0.2843268
4.517826
5.132247
-0.1568547
7.205564
4.259552
5.612927
4.13724
2.135205
-0.8321464
5.739736
0.5807607
-0.03584233
4.717728
6.482318
3.760881
4.768066
4.452508
-0.2282489
6.583878
-0.6547281
-0.3389961
6.32304
0.798207
5.416141
4.149237
0.03590648
0.969938
4.440773
-0.6512299
1.866896
1.137935
5.494484
-0.08668889
5.854325
0.8661955
5.015958
-0.5842516
0.8050236
6.152095
6.009447
4.332686
4.194369
5.031741
-0.3584693
-0.1504483
6.70113
2.665811
4.550753
5.702195
4.034509
1.037872
1.563202
1.247952
0.9381624
1.105257
6.976946
4.43145
6.705096
1.088213
4.554233
5.157605
4.227414
5.719408
0.4073738
3.779161
7.891175
1.288357
5.450144
2.453213
-0.820509
0.6608756
1.693575
5.639971
4.357617
-0.4421272
2.596684
3.358707
5.014295
0.3518179
-1.036052
0.4699051
5.31146
5.271476
0.3231223
0.5903812
-1.024687
4.357875
-0.5361691
4.895859
6.008426
4.877951
4.920915
-0.8913403
6.642423
5.437701
4.294695
-0.01548285
3.634455
4.074596
4.951026
3.424486
0.4280434
2.63541
-0.06940791
4.200961
0.3727961
1.023148
6.109371
5.86981
4.871266
2.991573
-1.094106
4.309089
1.471737
-0.6361187
4.136685
-1.862045
7.53871
-0.852897
5.980478
1.797292
4.867521
8.589688
5.944963
4.665979
1.026767
4.822734
0.06279341
5.415599
4.149731
-1.342516
7.366962
3.78174
3.677582
-1.116261
3.662141
5.767561
-0.3635098
-0.1256478
6.603331
0.1666347
0.09131922
2.097592
0.3442984
4.682121
4.822503
4.839941
-1.038693
3.8024
0.4063915
0.1471224
6.602749
5.781786
0.444965
5.088247
1.533775
1.177651
6.29372
6.394703
5.937115
-1.924098
5.379948
4.103966
4.641093
4.452307
-0.6305776
-0.3859512
5.801159
5.739701
-0.1703062
3.923658
5.783345
-0.04111865
4.219472
4.331376
3.506073
0.1933365
6.73659
0.5109298
7.973197
4.440181
4.081293
6.566089
2.799975
1.271952
3.477238
-0.5286371
1.820842
4.860081
9.218817
-0.3570342
4.03084
4.623561
6.264166
0.4242999
4.768694
5.636931
-0.9538446
5.35397
-0.3255729
5.51707
3.970438
4.70008
6.055105
0.8823524
6.969562
4.18854
0.8209425
0.7672554
-0.2857634
4.56203
5.149524
5.917205
4.449912
3.684231
4.264304
6.705623
4.427544
4.325566
7.083059
0.017476
4.661833
-1.946779
-0.1787848
-0.1135085
1.963472
-0.0737139
5.009518
5.740562
7.195381
7.345505
4.660258
6.042848
3.477188
6.368778
0.8109366
6.516628
5.834926
3.731232
4.971941
-0.4969432
5.202073
7.11683
-0.3999752
6.037124
5.020734
5.445821
0.763967
5.527964
-0.6120749
4.58885
6.346112
-0.4066854
1.656895
6.543713
6.09072
1.669095
5.133319
3.823383
-0.8679041
-0.9138293
6.362599
0.5535387
-3.087696
4.581214
5.242532
4.862705
3.905223
5.975087
0.3586151
-1.278667
0.2858835
0.5847395
4.650156
5.24634
5.394548
0.5757982
4.034803
3.721535
5.144151
4.67656
4.746116
-1.868806
6.729145
5.527181
5.011782
4.570271
4.9537
-0.4711417
0.4282542
6.230362
-1.289939
6.976627
5.29013
6.799799
0.2090304
5.26899
5.618184
7.577776
2.818547
-1.403767
8.540648
-0.06544439
2.779224
0.6942629
6.472997
4.870763
7.818797
4.886236
-0.3053079
6.831368
4.364392
4.809686
6.690395
5.842765
-0.6988315
4.094253
0.1433946
0.9088862
4.740225
5.560741
4.04716
6.495081
5.071141
6.815136
0.5231401
6.006656
1.636388
-0.1650446
0.5675929
1.270965
0.9774982
5.05078
-0.4455633
4.928703
5.240925
5.801653
1.446219
4.662664
4.789693
6.598144
-2.244373
3.741773
3.641126
5.155452
5.760334
3.989747
-0.08832509
5.624502
3.732114
4.95664
4.71137
4.023331
2.971565
-0.1239927
0.6775598
0.4848595
5.067858
4.601969
-0.3778093
5.646927
-0.01342706
0.1404701
3.608048
4.142248
7.679925
2.755307
7.096872
-0.9491263
-0.4670449
-0.6216479
0.2470612
3.918495
7.126017
3.596409
-0.246537
4.241376
4.47046
5.609639
5.033979
-1.192115
-1.169863
0.794886
6.828953
0.181724
3.372256
-0.9418954
5.250663
-0.9474984
4.544152
4.660718
4.523515
6.668504
5.464577
6.129217
5.993868
0.2990541
3.162049
5.40829
6.055248
3.794812
-0.7291297
4.467235
-0.7744054
-0.3609639
-0.04652502
5.120874
3.825845
4.812558
0.4646726
0.7388008
5.906901
1.464386
4.941736
5.657067
4.791335
3.470067
2.047607
5.877264
-0.8468836
6.703487
4.16323
-0.4437804
5.905256
5.53494
0.1522974
-0.513344
0.7852662
-1.101193
4.056311
3.824016
-2.494636
-0.6658545
0.9352309
-0.4770292
-2.220691
5.688131
5.596973
4.820331
0.6318046
0.03073148
-0.7062114
0.854488
4.994414
3.756043
5.006113
1.708908
0.5462373
11.45745
4.305774
2.102997
5.527165
4.103041
4.845949
6.053879
6.36494
5.161137
5.294911
4.062614
4.775333
1.606267
4.520296
5.143993
4.786684
5.465997
4.282646
0.8373493
5.476291
5.450941
-0.2698097
4.52641
-1.064538
0.6529771
0.286324
-1.344811
0.4266525
3.076652
5.045674
0.9360067
6.065024
-0.5182696
3.968762
1.350264
6.004844
3.309713
5.016748
5.189565
4.317632
5.523059
4.530912
-0.8667097
3.274441
-0.7864345
-0.4219725
1.544993
4.399305
0.411302
0.4862986
4.799834
2.061373
-1.240436
2.372589
8.198966
4.962759
4.999722
-0.6401643
4.835032
6.396065
4.549647
1.625314
6.083496
5.77957
5.721327
6.99688
4.688303
4.884507
6.018733
4.398987
3.431051
1.106452
0.556053
0.6700456
4.873721
5.53627
5.579849
5.798518
4.091394
5.235795
3.371016
4.716837
5.214571
5.428501
7.729133
5.035318
0.0241659
4.943503
5.313189
4.21775
5.224155
4.629137
-0.6975599
-0.5889927
4.526765
6.069161
4.426625
4.229856
4.112138
1.476017
5.842181
0.1797078
2.428419
2.538305
5.750555
5.09426
-0.1117175
-0.8719261
6.220847
1.528894
0.005535776
-1.058728
5.80538
0.4077862
3.103217
7.608594
-0.603294
-0.04348056
4.162351
4.019124
5.346011
6.251156
3.931343
3.68947
6.428392
5.277195
4.710067
6.864059
5.712163
7.044138
0.3113829
5.917185
5.697344
3.924942
-0.05580196
2.978143
4.911172
-1.58412
1.04418
2.449279
-2.613678
0.9269525
0.3049723
5.950739
6.743269
5.300956
3.939851
3.008631
-0.4636868
-0.6195838
5.31618
-0.9827634
-1.068667
4.100071
4.748222
1.814549
5.587232
5.485533
5.611234
-1.167935
1.688767
6.691404
6.728434
7.128789
5.33979
5.077459
-1.317928
4.506866
7.461212
-0.671549
4.507313
0.3258269
-0.954383
-0.8640745
1.882812
1.995417
0.7128731
3.154674
1.35968
0.9809605
4.894149
6.302491
4.024014
5.202407
0.3598605
0.9411288
4.203604
8.806255
5.116812
1.307748
-1.66699
0.2830138
6.526784
6.597191
0.7084375
-0.1178135
4.972478
3.325557
6.264366
1.274917
3.468382
4.963394
4.355329
5.302085
-0.8604127
-0.8662278
3.725821
4.028226
5.227439
0.7099595
-0.6335229
-0.5118091
5.436571
5.846198
-0.6591324
1.671645
0.2343455
3.543796
4.889729
-0.239252
5.030476
4.674909
4.589693
4.805008
6.030114
-0.6234013
6.836819
0.6210019
7.440432
0.5202113
4.651257
5.581298
6.07686
4.876658
4.645752
5.319875
5.951071
0.1462378
4.537487
4.964063
0.1822413
6.254613
4.472805
3.873694
7.323664
6.273789
5.457143
5.019923
-0.7822735
3.046057
4.952324
1.662854
5.578768
0.02847801
6.434812
3.619229
4.661246
-1.208193
1.856752
-1.943727
6.653066
3.513598
-0.7792781
5.192995
0.731192
0.3831441
4.034913
3.853959
0.9452241
0.09670905
0.8114058
4.831854
1.628972
0.2295053
6.123993
-0.7057862
8.205727
4.416751
-0.2381502
-0.6254018
-0.5586713
6.803138
6.259076
5.681361
8.799073
-0.2765156
-1.102753
0.4462028
-0.5189808
5.102548
-0.5768245
0.1550251
5.562736
4.538408
5.992362
5.023087
5.901053
0.2654132
8.64297
4.148365
1.017895
6.492413
-2.163287
3.137154
-1.949337
4.351916
1.106704
0.9767175
6.091856
5.647376
0.02001201
-0.2649268
3.863386
1.186299
6.819723
0.9424901
4.709926
0.6679591
5.558117
4.473773
6.128592
3.892559
5.693479
-2.313121
7.337046
0.571224
5.042963
-0.6465047
5.074751
5.585155
6.247156
0.9479783
6.335722
4.765868
-0.09284337
5.386508
5.967083
4.036168
4.582758
4.913168
4.781522
5.398026
0.0245978
4.177893
7.362669
5.084649
-0.2148025
-0.4209648
10.68697
4.647472
-0.704297
0.8976283
4.858809
1.361216
-1.828175
3.127655
4.868179
5.981221
3.730699
4.39897
6.58648
-1.167739
6.251025
4.179454
1.422354
0.3622346
3.835054
-0.8869133
1.984922
-0.2743029
4.446325
0.5601487
5.313776
4.792573
5.161118
3.718515
3.581674
4.720357
4.739896
-1.31901
6.240063
5.694864
-0.3395295
4.932769
-1.877658
5.0549
6.135301
3.918081
4.747212
0.3980306
5.421558
5.366464
5.62263
1.705069
-1.353468
5.051419
1.542866
3.50964
0.8137423
0.03183681
-1.526123
5.523804
4.532691
-1.445816
1.109863
-1.387101
4.093608
5.363128
5.236744
5.165642
-1.219691
-0.306371
0.2572183
5.273942
7.934213
4.298723
0.516042
4.968884
-1.10826
2.831726
1.626721
5.098338
3.800463
5.24499
1.190312
4.560726
6.329193
0.1931443
3.737124
3.790447
1.489783
4.345195
-0.7157063
0.2683778
5.509998
1.876042
-0.9029604
4.992377
0.1982392
0.1834706
4.73088
5.200452
5.638004
-2.307041
0.2175573
6.243438
4.695816
-2.473253
-0.8737236
3.993392
1.319412
3.654044
0.950686
1.703499
0.5082371
4.422934
9.867953
0.8305514
-0.4910551
5.168356
5.765412
5.53697
5.189447
4.483116
-0.06311698
1.107799
6.795379
5.831001
-0.01979325
-1.022755
3.059828
4.972756
4.260367
4.678252
-0.2363897
6.514164
4.283805
4.518224
0.1200824
5.763194
2.657401
8.127989
5.087298
4.978966
6.314155
1.432444
0.6479506
5.804892
0.7273647
5.817459
5.160333
4.864976
5.354138
4.140736
-0.820269
0.2174715
4.710629
2.455283
0.1972657
0.5014766
-1.009331
1.068786
0.9228337
1.193726
6.210824
4.732815
1.063288
5.736884
0.4253939
1.044581
-0.06895093
5.411489
4.264235
-1.680206
0.3697558
-1.154803
1.931868
4.423886
-1.073201
5.904922
3.784348
0.5602522
0.5858415
-2.1719
4.859407
5.87034
3.820672
7.137613
5.059722
5.697775
4.86362
