1.706317
-0.4845518
6.056497
3.363237
0.03476095
6.153998
-2.976676
6.631517
3.767181
0.2166491
5.108133
4.864194
0.7947813
0.1910922
-1.433138
1.052517
6.320684
6.201118
0.1774925
-0.6136961
5.881083
4.592419
4.679127
4.015916
4.785385
6.015597
0.4218621
-0.03355883
9.280521
4.978679
0.448336
-1.796042
-0.7253021
6.446055
0.4167571
-2.03491
6.465655
-1.642016
1.056425
6.152763
4.265488
5.995387
4.405444
4.722175
6.127347
5.555391
5.434212
5.598282
6.031363
1.183911
3.487331
4.401345
-0.3473855
0.02146111
4.761993
-0.6054413
-0.1833861
5.31124
3.672506
5.227509
1.710923
-0.1667302
6.034251
4.060107
5.632185
6.050729
5.611936
4.532952
1.570607
0.3040023
3.547149
5.57331
7.672685
4.276127
4.910316
-0.3137732
-0.8387956
3.873411
0.8588652
2.138215
6.605229
5.554678
5.402868
6.396093
4.396379
-1.677843
-1.157314
5.311161
1.198254
4.998413
5.197471
-1.484751
-1.716065
4.576661
4.47927
-0.5715857
5.266802
4.792896
3.700772
5.179144
4.337048
5.689193
9.608143
5.466759
1.071979
1.201114
6.183075
5.262349
0.03155469
0.6495069
4.28519
3.433802
5.571401
5.22067
5.908857
5.050469
6.821137
5.491757
4.282476
-0.1144987
-0.0589354
0.4442854
5.818081
4.454464
5.761307
3.946734
-0.5563935
5.182379
7.443189
10.1359
6.271206
3.347446
-0.8744164
4.503327
0.05016179
0.4712642
5.722664
5.899317
4.611994
6.02498
4.440801
4.713298
1.596462
3.957591
3.400557
4.741929
5.978273
0.3968087
4.45833
4.522281
-1.382482
4.362393
3.97933
3.689057
3.601605
-2.237343
0.4544433
0.2439114
5.647028
5.527081
0.5521247
6.217661
8.106079
-1.000081
2.368062
0.241217
4.155043
5.478446
-0.6567306
-0.2766142
2.933089
4.718355
-0.873586
5.639255
-1.220976
5.563739
-0.7334672
-1.37945
3.468176
6.587461
6.563775
-1.068923
0.8044667
3.636646
-1.376454
1.926225
1.69119
-0.4732212
10.16186
6.297557
4.335752
6.931714
0.7314746
-0.8225337
-1.935703
5.543802
0.8057012
0.08155575
5.175229
3.493763
-0.180265
-0.3844104
5.209239
0.9310937
-1.055261
0.008115732
6.209745
-1.198714
6.114279
4.445679
-2.046862
4.609889
4.8141
5.622154
1.142722
-0.8453722
0.3001413
-0.9863842
-0.005857425
1.266193
5.550207
4.937638
5.283263
5.414079
6.414232
0.8423388
1.980399
3.137535
-0.0801224
5.336912
-1.405149
6.254685
-0.6701341
5.212545
5.51902
6.135592
-0.9880811
4.649132
0.04280254
0.7290853
-1.258042
5.61941
4.66094
5.910584
1.492312
3.649945
7.522346
4.670333
4.605104
-0.1014752
