1.158386
0.9710625
3.88932
6.380798
10.18008
1.500235
5.25135
-0.2661824
0.8391933
0.5586915
0.185734
4.036817
4.325826
5.641797
5.106435
-0.9201594
5.013466
5.791048
-1.72467
5.314747
5.386282
4.153126
4.664135
4.766145
0.8665693
5.767374
6.719379
3.682201
3.957975
0.9690507
6.624634
4.838919
4.128946
-1.944422
2.542681
-0.7905195
7.391538
5.322019
4.537368
0.03361752
1.439001
5.473647
4.898344
0.3581635
0.5464731
-0.2181548
5.46878
-0.9928356
1.426473
4.547977
4.382674
0.9424119
1.452776
5.125629
-0.158572
6.005743
-2.16872
-0.1479924
5.379098
2.218788
6.148718
7.438721
0.7377883
4.56217
1.458909
5.476644
13.92214
-0.617954
-0.1740897
4.651393
-0.008192947
-1.070345
4.599263
4.302679
-0.2538766
0.4601319
5.189404
4.425577
-0.06523849
4.624835
5.63363
4.184094
4.516194
4.474668
4.257966
4.682576
8.919983
5.963349
-0.9096703
-0.51374
4.968239
3.975148
4.246616
5.661439
-0.1513333
0.9573241
4.403562
3.644886
4.33728
-0.536357
5.807414
0.6842912
5.451071
3.546424
-0.1398235
5.005838
3.628394
1.828137
5.344668
-0.1292021
4.526227
1.443449
5.19232
1.863239
4.66596
1.726686
5.192911
-0.4624612
1.084697
4.349096
5.619976
3.934559
5.663056
2.489687
6.107433
4.63879
-0.1686343
2.815673
2.330557
3.663052
4.983865
4.42682
4.681749
-1.711145
12.904
3.846969
0.3643734
1.508374
5.06138
6.492554
3.93911
-1.873753
5.165958
0.9515191
-0.8861914
1.269018
-0.157579
0.5722267
6.653799
2.771645
4.75404
4.375102
5.662529
1.467163
-0.05616959
-1.166071
-1.095499
4.374153
4.050502
6.201989
3.805979
0.916712
4.750693
-1.23668
0.7085048
3.973474
3.858637
0.1690834
5.30791
-1.180615
3.778675
-0.01079869
0.3483669
6.804723
0.5925916
1.986456
-0.7345133
4.918944
0.207047
8.092879
6.50502
4.394047
-1.362591
5.565908
3.780815
0.8647844
5.788524
3.169839
0.8611742
6.272681
5.269114
-0.8812901
-0.2375686
1.485847
-0.8200928
0.5357608
5.005575
4.444827
6.892016
-1.518368
4.484529
5.842686
5.309692
-0.26258
4.7039
6.974729
-0.2269996
3.686919
-2.443892
5.466762
4.67288
7.60082
4.763576
5.416061
0.1630645
3.625753
5.108166
4.416839
2.517996
6.810062
-2.841302
7.527888
5.354
-0.027335
6.152285
5.307146
-1.913158
-0.344422
0.4526658
4.822812
5.396389
-0.03009882
6.134901
-0.2869363
0.4480175
-0.1278463
4.656205
4.29316
5.764569
5.087236
6.983898
-1.232852
3.220453
-1.953624
1.970683
0.8834294
4.750778
-1.299445
3.924347
3.601877
4.791521
2.832037
4.448284
5.154162
5.730484
0.4043061
4.501512
3.948031
10.12909
1.892214
4.033921
4.537231
5.389839
0.1454985
0.2681933
-1.599357
6.866901
-1.318686
0.019442
2.335015
1.081395
0.2607688
0.3359024
3.109285
6.345801
2.162114
1.477531
5.019277
3.853702
-1.208788
5.532431
5.080098
-0.1220501
5.093419
4.087242
4.865047
5.609777
3.968594
0.6106872
5.243176
1.619384
6.139213
-0.4943702
4.663372
0.3481237
0.4632244
4.989301
2.005996
5.602686
4.968867
5.166194
5.821776
-1.008515
-0.5179105
4.937825
-0.4311654
5.494602
0.5648145
-0.8850252
6.258797
-1.643259
5.072354
0.4377647
-0.5174716
2.318024
0.5067956
5.106971
1.204964
0.538798
-2.938042
3.848111
5.58723
3.249273
2.814812
-0.641698
5.370285
-0.7617283
-1.257108
0.7724523
-1.104924
0.9142639
4.070149
0.2924659
0.7126253
0.8599072
9.184455
0.02546675
-0.4214588
4.035662
0.03886864
0.02982007
2.971053
6.791843
1.126439
-0.2058905
7.035219
5.621422
5.177831
1.034481
1.176808
5.070542
0.6789098
0.3955844
6.95263
5.258037
5.6351
5.218545
3.910355
4.7553
2.075914
3.979271
-2.148616
4.331184
0.8182727
-0.2535489
0.7957921
1.456711
-0.7628165
4.293562
1.290649
0.1239562
0.0330748
4.526843
-0.07905263
3.309614
6.421241
5.695071
0.4646809
4.639924
6.905561
4.117153
4.145662
0.1364046
7.431326
-0.5228191
5.357046
-0.7960435
6.266337
4.677532
4.904258
-0.2309734
-0.8593729
0.9223516
5.906501
1.34541
1.432111
-0.2118048
4.773613
6.535801
6.417729
4.439806
5.1376
4.115466
4.646008
-1.23516
1.498817
4.671498
7.998891
5.017943
-0.2859861
5.390237
4.629408
-0.718469
4.862035
1.439469
4.884523
5.755093
0.2791432
5.347257
6.223624
-1.603395
0.3359192
0.6569946
-0.5051103
3.837711
-0.3901042
-0.2673992
-0.2323751
5.082685
-0.6428566
4.490467
0.4580894
6.099357
1.070595
5.452943
-0.1530067
4.71696
1.295377
4.538487
1.342455
8.335125
5.571759
0.7985192
4.034752
9.661157
2.047176
5.683994
-1.098673
4.162214
5.679737
-1.058451
-0.08993205
3.96334
6.479885
1.328674
0.5805674
7.27622
5.096806
5.558098
4.64817
-1.718514
5.982439
-0.3930597
6.252764
-0.8864242
-0.5617297
5.931429
5.427028
0.3597997
2.948446
2.661406
-0.5552295
0.5746201
0.03823395
3.251687
5.773377
5.281206
3.82944
0.5744497
-0.8299388
3.935378
6.430226
5.156232
0.2268234
1.022696
0.02592015
-1.66607
-1.070497
-0.1550291
-1.04594
0.4579099
-0.1501201
4.168235
6.0841
5.984452
-1.557368
-0.263096
4.611578
-0.5723076
2.426856
