3.917513
4.218868
6.393668
1.307874
5.694556
-0.2687778
5.893461
5.442303
0.9136587
1.896027
-1.028702
-0.2205328
-0.04240911
6.236188
0.6826221
-0.0494674
-2.857555
5.839943
-1.218818
0.8786669
5.807932
5.93891
0.3701723
3.879539
5.372433
0.02984975
0.9324205
0.5572296
2.682233
-2.453482
3.979021
0.06455835
4.131585
0.03506121
6.529912
-1.547608
-0.4884642
1.499496
-0.3520953
0.2738409
4.502978
7.462311
4.292896
-0.926629
0.1051616
1.136741
5.495518
5.574547
-1.979072
5.1222
5.693855
0.9011974
5.626008
0.9399508
0.2908674
0.2313357
0.8464561
-0.2461595
5.737436
2.035727
6.423427
4.223003
4.643882
0.9819264
5.818033
4.667069
5.372639
4.689783
-0.4375873
3.591774
6.892472
-0.3003792
4.758361
5.670459
-1.2754
6.388731
6.306513
3.777831
4.928453
-0.1503197
-0.5997204
6.802022
-0.2569591
0.2100989
0.7083143
4.307505
4.406626
2.783554
4.942858
6.039228
-0.001353571
5.384475
4.412551
6.042633
4.654849
4.718621
3.314365
4.677751
6.739234
3.211502
-1.053343
0.05049517
6.568184
3.418638
6.582703
-0.8931125
6.493909
5.060297
-0.9718027
2.094759
6.259137
6.034305
1.673345
5.843632
0.1700006
-0.5664422
-0.3360395
-2.248939
2.958568
5.015196
4.274341
-0.2231386
6.127316
5.043625
0.04666269
4.125571
-0.5332522
7.147113
6.822804
0.06321994
6.163129
0.8861572
0.4660951
2.460846
5.481
3.483529
6.08963
4.870892
-1.964502
0.5504104
6.929521
3.106737
6.262607
0.1355317
4.771229
0.5693511
0.931145
0.8854111
0.7998578
-1.401835
5.738004
7.336061
1.261399
-0.2256986
5.908589
-0.9631162
-0.3040281
3.809527
3.766794
3.19131
0.428426
5.978395
4.279266
5.3685
5.43922
1.520818
4.606208
5.21334
5.13067
4.950914
-0.2102818
8.723809
-0.7610638
7.036387
5.215984
5.654324
6.031186
0.8803248
-0.7718579
0.3219235
4.398662
3.478561
5.368151
3.309255
0.1409892
5.212902
1.380213
5.457261
5.776691
6.253213
1.388649
7.507676
7.481462
4.307401
4.760767
5.224275
6.767109
-0.6321677
4.198084
5.46634
-0.9978117
5.131547
-0.01284619
8.195524
5.568748
0.4549536
4.482989
5.390253
1.488794
7.52364
-1.295313
0.1637629
4.384463
6.897685
3.876878
5.284141
1.054726
3.982948
3.197628
5.148468
4.811319
5.113472
1.06011
7.494499
-0.239874
5.250986
5.104622
11.62158
1.529369
2.499482
5.545346
5.886891
4.100401
1.018814
4.254716
6.316053
5.02268
2.881032
0.6974329
5.76537
-2.499544
-0.3380589
0.9866196
0.5401081
6.117683
5.66628
3.803784
8.505744
5.211435
4.051537
