0.02688847
-0.3106826
5.998261
9.219576
4.36203
3.751358
5.840589
-0.3848601
9.38342
5.092777
4.54898
6.963501
6.49066
0.6083527
-1.14369
6.185152
5.965419
7.023918
7.528182
-0.7136741
0.7333332
3.644556
-1.352904
-1.528978
4.693463
4.577841
0.1039862
-0.5802783
4.971462
5.858352
-0.72681
5.818863
-0.9389003
5.651209
0.07101418
4.342522
3.690981
6.403735
6.243569
2.916434
4.870508
3.474182
3.952716
0.2049877
1.866959
3.980353
7.431484
4.757421
3.953229
3.528101
0.03297982
4.305754
3.865445
1.855788
5.31317
3.91516
3.163895
-0.5286011
-1.304638
-0.9622154
0.158168
4.971719
3.397201
5.822312
6.694238
0.1511466
-0.0716509
3.556122
2.0078
3.626153
7.781244
8.221422
1.161118
1.036233
5.506641
5.869436
4.186609
0.9836936
4.249163
4.140144
1.979511
0.4509692
5.675664
4.71759
-1.734286
-0.318823
5.467251
-1.15661
6.204436
0.04025772
0.8715582
2.94955
4.467215
-0.4350487
5.368217
0.9757262
1.323846
-0.02394523
11.39384
-0.3390918
1.19886
6.117409
4.805625
-0.07122762
0.08257068
6.747124
4.356099
5.194223
3.267354
-0.008280392
4.583003
-0.1538386
3.902221
4.111152
4.115841
3.562693
4.441107
6.071146
-0.05067755
5.848757
6.469679
5.139401
4.799371
5.413852
5.048975
-1.149125
5.321241
0.1203144
6.341704
0.3905706
5.152126
5.737016
4.512098
3.448433
3.933648
4.411924
-0.7984672
8.961836
0.983353
4.992885
4.943657
1.437042
2.000439
4.95581
-0.5906521
-0.6622572
3.503603
5.723613
5.589544
-1.969284
2.718492
4.73494
-1.225497
6.242598
0.4889126
5.147858
-1.138957
4.562422
-0.5295614
4.778719
5.131998
-1.376738
-0.5290612
4.707443
4.113578
-2.743764
4.959454
0.3869801
-0.7581596
0.2610948
-1.463443
4.839577
0.1304482
5.088395
2.130776
0.7367335
-0.1056303
5.344427
4.96757
3.989417
0.6688855
1.211797
-0.360594
6.849726
4.602089
-0.6183259
5.904093
2.057814
6.576211
0.2677862
-0.1075078
5.372074
-0.06325184
-0.9545466
-0.02437215
5.750915
0.4517698
-0.7197546
5.751718
-1.104034
5.142001
-2.517915
4.420428
3.045717
5.365183
5.375811
0.3517257
-0.03059755
3.000962
0.3062742
-0.6226675
-1.018759
-0.6089937
2.129553
3.060619
4.893995
0.5185022
5.016313
6.597283
-0.6082134
0.002185754
7.054935
-0.7133982
6.704919
-0.1454906
4.373981
4.137757
-0.9090536
0.4676794
0.3894742
3.347436
4.508868
2.376517
-0.7097037
5.395587
0.9754812
4.990548
0.347781
2.802468
4.42366
-1.34753
5.794795
0.301372
5.53381
5.33444
4.689232
5.016707
4.356413
6.108043
1.664606
12.80073
-0.6144599
3.911375
6.244146
4.826483
4.447509
-0.7666178
4.287214
0.3679785
-0.8145328
6.660678
-0.1889356
8.074003
0.02666428
6.629991
0.006791081
4.12577e-05
4.593297
-0.7758401
5.769434
3.935066
-0.216548
1.399482
4.055311
4.554511
0.7343513
1.403415
4.46934
4.646581
6.34146
5.406887
6.359456
-0.2487402
3.540241
11.55399
4.249056
5.506879
4.14534
1.362511
9.454737
4.293345
5.140423
5.683294
6.566439
4.751375
5.157748
5.184019
5.789702
-1.169609
-0.4038246
6.311782
1.979664
5.182407
5.03921
4.28796
4.334991
4.621592
-0.4400671
-1.178367
7.291747
0.6237761
4.443454
5.743993
-0.413168
1.099762
3.96168
6.072691
4.098203
3.665636
4.542911
-1.302503
6.644083
6.456886
4.50016
3.994953
5.479781
4.50958
2.613656
-0.1897443
3.620598
6.177096
0.9625251
3.671451
4.558605
6.34011
3.142603
5.598101
5.538116
-0.05210013
4.177128
0.6058311
5.909215
-1.013123
3.973394
5.487216
0.2172666
7.266578
-0.6704361
4.962102
-0.6869587
3.950453
4.664646
4.75988
4.622951
5.640173
3.374392
7.169198
5.026609
-0.9034873
6.607878
0.8526376
8.341503
0.9337842
7.551524
-0.618934
-1.166084
4.896597
14.83786
3.486263
5.012617
5.262862
0.04421791
-2.467596
4.329219
6.967623
8.775804
-0.3148519
3.565906
-1.401894
-0.07198368
6.342861
4.114616
4.390256
-0.467083
-0.7123285
3.584273
0.8310109
-0.02776624
-0.3913347
1.485954
-0.9315367
5.055265
0.2191933
-1.686899
5.58521
5.316796
6.598727
5.244035
-0.354713
3.555634
1.110815
6.443701
-2.255941
4.256345
6.018233
5.645099
6.858038
0.5074308
4.857665
1.287641
5.854344
4.804337
5.261553
1.062575
5.265815
3.843509
4.991438
4.226073
-0.2259432
3.642072
7.457642
6.118164
-1.95613
7.065881
-0.05381287
4.568207
6.606174
5.359281
4.039917
0.7949777
0.4911675
5.800807
-0.5487354
1.387026
4.803529
-0.3645691
0.6163617
4.994988
4.446752
5.614889
6.521187
-0.7675595
2.849204
0.2335091
2.601886
0.5119448
5.21929
0.5045973
0.456491
-1.677481
4.597048
-0.6132202
-0.8426487
-0.6794247
-0.2182047
-0.8771101
1.06246
-0.7826026
-1.121548
3.341992
5.670288
0.6879918
3.909578
-0.6593584
0.1719252
4.167922
-1.190581
1.096289
0.2244268
5.038694
5.362846
0.6816872
3.71638
4.517869
2.78926
4.316344
-0.5448104
-0.574721
5.266268
0.5817335
0.556136
6.235201
-0.0752061
-0.3603201
5.284255
6.312074
0.4374186
0.8661973
0.2050796
5.417807
-0.3919635
-1.220888
4.254664
8.278814
-0.8469146
6.681547
3.217265
0.8499076
5.450797
-0.6943905
