4.722402
7.064173
1.381905
5.516287
5.701277
2.987307
5.531989
4.411531
5.436073
3.822824
4.630961
-0.08350516
5.19483
3.357038
4.491881
6.628604
7.325821
5.277809
3.879672
1.230603
5.156746
-0.1152456
2.464523
0.5361674
6.456744
5.593795
4.74178
-1.155742
5.198365
-0.5709717
6.167659
4.596737
5.6493
0.5584141
0.1909944
4.661249
3.852484
5.012204
5.931169
-1.288875
-0.02903408
4.283056
10.80269
6.682789
0.9972043
4.02886
6.977513
-0.5524712
4.745493
4.463981
5.586796
3.99835
5.877978
5.804452
3.634498
1.127389
4.919308
0.8815114
4.169129
0.6683867
-1.098912
1.556531
6.426949
4.838281
3.793447
-1.605747
6.708672
6.750315
3.716353
-1.655455
5.038543
-0.09726382
1.927796
4.284067
1.001542
5.078633
1.603735
4.171534
3.433912
0.9288886
-0.01980906
-0.323412
0.6503769
3.804912
5.083
5.150318
4.730747
6.614931
4.710963
6.625854
6.538594
5.76037
-1.518415
0.4138732
0.4862704
4.657972
4.647016
-1.010664
5.107178
4.923403
1.966407
0.3425913
-1.223872
-0.05212259
8.46955
7.514567
5.251274
-1.233797
7.178207
-0.1614187
3.643683
4.419215
10.21855
3.434878
-0.6295809
-1.075845
5.337108
5.614577
3.659886
1.218231
-0.3955568
6.420546
0.2895732
0.507903
7.825408
5.744379
9.419094
4.300922
-0.2353242
0.660605
-1.113084
-1.814582
5.403713
3.735486
-0.2663338
3.923193
4.553369
4.884555
-1.61378
-1.360945
2.16732
6.133318
4.335616
4.259012
5.210432
-2.512213
-0.3778387
4.05783
4.345458
6.309366
5.975756
-1.001571
5.342403
5.64735
3.538442
1.087699
5.220239
-0.6523736
4.896983
4.794235
-0.268896
0.009930082
0.1355731
4.488867
1.58642
4.665249
-0.8208832
6.049751
-0.9147014
5.683926
4.729405
5.786515
0.03630048
8.515517
-0.1069186
4.135173
4.982222
-0.4107866
-1.395237
-0.2580902
-0.7763459
4.959845
4.606509
0.8914265
2.025016
4.697229
4.181275
0.1119282
5.061684
5.976141
4.399634
5.711184
6.763128
-1.199908
3.51188
1.20047
-0.09554278
1.777714
3.870757
1.053208
1.970258
3.832575
3.379432
5.258328
5.337355
-0.1535226
3.79025
-0.6707722
4.905255
-0.1070494
5.981345
5.230228
-0.1873544
1.29116
5.711649
6.037978
6.168986
5.038001
4.463728
4.307267
-0.1852201
1.017926
-0.5289354
4.764464
1.256981
0.1055521
5.428545
-0.002403342
-0.3318826
8.427616
4.397132
3.815944
4.381434
9.938074
-1.096393
0.1056046
6.265534
4.337705
5.129347
1.287526
0.6857976
5.616269
4.018287
5.400633
3.37327
1.603392
4.644269
2.516621
-0.2711435
2.805829
