5.600987
5.423695
4.909656
4.562751
-0.06737169
8.373177
5.218559
-0.4932623
4.709733
4.597914
-0.5388072
7.493443
3.062991
7.771258
4.897953
4.139536
0.946176
-0.6635595
5.478682
-0.876215
-0.601849
-1.70003
6.412168
0.6937476
-1.255611
-1.04881
4.456504
5.789668
4.333322
4.014349
2.446466
0.2808794
-0.08832682
2.344049
11.08041
7.116834
-0.4346981
6.408615
0.2568006
0.8250963
6.145959
1.582731
4.144898
-0.008622326
0.4296528
6.235381
0.6971294
5.075355
10.29243
4.807798
-0.1107943
3.342466
3.57077
-0.7654879
-0.1361628
4.629545
3.965475
4.987388
-0.753875
-0.79036
5.426844
4.096637
-0.3507488
6.965938
0.5337089
-0.2012265
0.9934001
0.8965319
4.330093
1.611012
3.612525
6.076173
5.167122
0.5770511
-1.055072
4.758262
5.877664
5.636393
0.975222
-0.105703
5.86689
4.651433
4.85281
-0.709984
3.386988
-1.296216
-0.2028359
4.744009
5.38316
4.423184
6.23385
6.122422
5.213899
0.1318402
4.626921
6.865353
0.7280202
4.669235
6.255054
-0.6843096
4.640984
-0.3633378
1.233021
4.516379
4.501647
-0.4958115
5.391658
4.77811
0.739621
4.885197
-1.277047
5.728825
-0.072935
7.419864
4.875411
6.451089
0.9273633
0.9020401
-1.323182
6.68398
0.3446068
7.689399
-0.6981398
5.210843
6.536269
-2.198759
6.370873
-0.4684975
0.502728
3.751198
4.334609
-1.225274
1.102769
5.532902
4.526751
0.042897
4.642693
4.035719
1.01256
0.1546238
5.943455
3.821803
2.810369
4.316014
4.876356
1.478452
3.97011
5.289237
0.4609763
5.205619
-0.002681689
-0.1358287
-0.1054318
5.444754
5.684272
12.41644
6.037713
4.782336
0.8429204
3.951706
0.1765983
1.160653
-0.2975144
10.38323
4.65103
0.09913189
5.633645
5.082058
5.639858
6.467077
4.759454
3.131893
-0.8052135
5.711395
-0.4673943
0.7274947
3.992798
2.990099
-0.2271516
1.1153
4.471229
4.906584
4.898747
1.195231
1.568203
0.7876974
-0.4495565
-1.085401
7.383607
-0.533534
5.273723
5.747339
-0.1010461
5.2605
1.021119
3.412978
5.719063
6.452502
7.614138
4.318909
0.5697234
8.468579
-0.9962861
-0.02291066
5.570075
-1.072327
5.58308
0.6739893
-0.3684598
-1.039994
0.3786194
5.167383
0.6083983
-0.1771557
1.170694
4.235682
-0.7654529
4.016067
2.850095
-1.228721
3.804118
4.855063
-0.5299386
4.155012
-0.8706763
2.773607
-0.04646955
3.693367
6.216633
5.295435
1.634154
5.732706
4.896847
2.895777
5.556091
0.1322164
4.973185
0.07275922
2.98235
0.08315121
-0.4135681
5.302516
-1.173854
1.628806
6.474378
6.830041
0.2105315
4.965385
5.431876
1.131831
