-2.015304
4.919883
-2.403831
8.653355
3.064097
-0.0774466
2.64914
0.4601327
5.076951
0.5702062
5.039132
0.6435394
-1.197407
5.043306
-1.071951
0.3827317
0.7500413
4.359401
4.999879
5.547492
2.136322
-0.9588808
5.475119
1.351627
4.748087
-0.8475214
4.316404
5.514609
5.434039
4.530685
3.868662
4.989837
5.674082
6.604994
-0.7797614
4.760538
5.811683
-2.100854
-0.01609838
-1.804697
4.24534
4.632196
0.1353561
4.050396
5.336516
4.653524
0.4111902
5.849149
3.436678
-0.544265
4.918425
0.1207492
-0.5673604
-1.682653
-0.04444584
-0.05923126
0.612906
1.022256
1.087211
-1.033814
6.066445
0.2914447
3.487668
1.456731
6.756279
11.66651
0.1397124
4.081348
-1.377746
1.501902
3.799479
3.638949
6.266529
3.3626
1.452352
-0.04142767
-0.4529743
1.130322
-0.2096988
-0.8031532
5.196006
4.852788
4.914406
0.669257
-0.1261943
0.002481377
5.860478
5.578072
-0.1408426
6.942341
3.316367
2.390436
5.886811
11.16551
5.740524
-0.0735393
-0.6305906
-1.096892
6.467327
5.047129
4.528881
5.589766
4.934631
-2.523734
0.1795071
0.6791652
1.672709
0.7481382
0.7925876
3.765359
5.719461
6.376894
0.1175156
2.211924
4.514817
5.184693
4.047755
4.4385
0.9043756
1.14208
6.137942
2.821964
6.279032
5.312634
6.780992
7.103797
-1.306556
4.301583
-1.451436
-1.225065
4.849831
5.659932
5.795236
4.607786
5.25877
5.831707
-0.04092041
1.489758
5.422168
-0.2097806
4.558133
4.337148
0.9539934
5.862913
-0.1714598
5.318703
6.51785
4.390234
4.789052
4.664856
1.269341
6.815599
0.09290096
7.995751
0.9535164
-0.5292327
5.36193
0.4206755
0.9417882
0.05002587
-1.134814
0.6050005
6.221449
5.014304
4.528959
-1.109514
4.38167
3.994828
5.078208
3.904591
3.319935
4.689004
-0.6781523
4.352288
2.259036
4.969392
-0.04310723
3.939636
0.5799009
6.208893
0.2450458
4.777193
3.974627
-1.374438
4.530078
5.298679
3.964151
4.768902
2.416347
0.3827672
5.858068
-0.6958223
4.150541
4.367368
4.513531
3.500846
4.248915
4.614636
0.4849786
-0.8042772
7.971576
6.996702
1.904173
0.3904871
4.548469
0.1189598
0.1036863
6.253167
5.151258
6.118112
-0.7299325
1.994477
3.291977
-0.407611
4.495086
5.429836
-0.5559356
6.18412
4.223498
-1.007025
-1.136326
5.250675
-1.011701
3.392607
3.798933
1.347087
5.009898
-0.6236176
-0.7841627
-1.761184
5.990426
1.442425
0.4631829
0.07112493
5.481698
5.518446
2.728456
4.67759
6.218444
5.937031
-0.9427747
0.749595
5.457195
5.528016
6.222402
4.732771
4.276804
-1.360051
5.662429
4.255333
