5.651475
-1.00502
3.810689
0.8183409
5.299876
-0.9844205
0.4837255
5.656153
9.935567
5.099872
-0.8675834
-1.86649
4.30131
6.628273
0.1362975
5.629228
4.482704
4.605494
4.648809
5.468417
4.366176
0.6499237
0.1182424
-0.3471147
5.836091
5.48414
-1.501594
5.854323
1.801387
5.155485
0.5272566
4.086938
-0.6104296
-1.317993
4.540281
2.961659
0.2441501
0.06549212
0.8632226
-0.9608695
3.948914
4.621158
-0.6985866
5.801803
4.647161
5.763526
4.151657
5.382492
4.995041
5.309107
5.358495
-0.2471515
1.893354
-0.7591527
-1.74807
4.28409
-1.979455
0.6390441
0.5908403
4.881524
5.632514
-1.653453
6.187636
1.924512
-0.9971428
6.748803
4.196117
4.865802
-0.3731951
0.6316208
7.173861
4.577956
0.4360765
1.191315
3.544269
-0.4274927
4.125998
-0.5579888
3.87453
5.538784
4.562529
11.07528
-1.351585
3.904085
4.253393
5.287093
5.60299
6.544467
0.4949895
-0.2431101
1.315188
11.712
4.277104
6.583334
5.271523
2.774477
-1.301911
5.233501
0.6425818
5.417326
-0.6892837
3.48026
5.951573
0.6888543
1.419653
3.2385
-0.2806079
6.239114
0.6957755
-0.7340977
5.230148
4.570673
4.144897
6.152167
0.4075242
2.85714
1.016642
0.1511644
0.04678865
6.511525
3.249344
4.988543
5.064234
2.755868
0.62637
5.008093
5.076146
-1.339861
-0.5635028
-1.246554
-0.8258535
-0.4278068
2.777878
-1.493797
-0.5330408
0.8158252
5.388745
3.317842
5.932174
5.928207
-1.677695
6.89407
2.296126
1.674933
-0.8154311
0.5429748
4.486382
-0.008352929
5.248547
6.041804
1.515047
-1.380363
4.314796
0.1293371
6.325602
-0.3120129
3.444855
5.04622
4.424528
-0.5713401
5.337525
11.92845
-0.1901692
5.196242
0.7467972
5.798766
1.128536
6.759208
2.856845
4.388875
5.399194
3.187328
3.375559
4.883179
1.069552
5.730408
-1.009892
6.147285
-0.09569179
0.2202872
0.5028998
3.281079
4.388404
4.757198
-0.3736786
-0.1615228
0.5089541
0.9221991
1.002132
6.021892
4.84413
3.817656
4.283513
-0.3416852
-0.3171476
0.7959833
4.901836
-0.5779862
0.4572744
2.978591
4.203446
4.728036
2.607508
4.865709
0.2360101
4.393321
3.578732
3.299797
5.037525
-0.08895124
7.055598
-1.421509
-1.868666
5.202183
-0.7359271
3.143857
3.476072
5.39497
-0.3130137
6.321903
4.806368
0.4828602
1.146938
5.952294
-0.0170274
5.167218
4.450182
0.3675131
7.978541
2.960426
0.03054881
6.887623
0.7367877
0.2468123
4.923865
4.141399
4.042446
4.814072
4.880919
-1.260257
3.912207
0.5639593
0.8034423
0.8333619
4.519822
2.959349
5.930778
5.97273
1.540838
0.054842
