1.351086
3.845535
2.61364
4.854995
0.2976762
4.644849
1.376312
0.2606727
9.298239
5.625341
-0.2376264
0.0112534
0.1357682
5.74334
0.4575538
4.129611
-1.397771
6.021721
-1.082128
4.891441
5.927604
-0.6038047
2.383245
6.264588
6.632064
-0.8008788
4.53323
6.546559
1.086427
1.106054
0.2354236
6.074639
4.981752
6.012598
1.944931
0.7752667
-1.644757
6.466383
4.413626
0.9461292
5.459067
-0.1780212
5.432287
4.124932
-0.4517499
0.6272497
-1.846614
5.852642
5.654266
4.396423
6.158147
9.385981
0.7690652
4.880712
4.483352
3.974719
1.270024
-1.240095
-0.4157712
5.080213
3.71692
-1.788086
6.604885
5.317406
5.777846
7.980312
1.258989
1.70428
6.076863
-1.058909
0.2522988
1.055581
3.637899
4.380217
3.976213
4.579097
5.348991
4.527389
5.043147
4.318709
0.9695013
4.324261
4.611932
4.631076
-0.8993449
-2.651667
2.033118
6.838516
4.063189
6.085338
5.286396
1.193406
-0.7533223
2.844322
5.405369
1.247656
-0.3300479
4.326338
7.40664
0.6402464
0.5729087
6.287202
-1.195857
4.623543
4.219598
0.03541936
0.4920155
-1.102829
5.107834
-0.9138366
4.302052
6.051171
5.103247
0.9799462
3.938039
3.926341
5.029527
7.334529
-0.7045717
4.864343
-0.5251894
6.89882
0.2688188
-0.6671582
5.604513
3.825488
4.827009
0.2886678
1.985072
7.298939
0.9186128
0.9377989
4.365788
-1.108664
-0.5596284
5.327829
8.50343
0.3728455
0.455708
4.242207
4.185991
1.159325
3.822318
0.3290691
1.06685
3.83276
5.271375
7.271538
5.799402
7.128334
4.626017
5.751393
0.1644553
5.917717
4.465301
4.294535
3.767487
5.730704
5.247677
4.594531
4.040464
5.730188
0.1029007
1.01899
5.742505
6.335556
3.70239
0.3350243
5.517576
4.83811
4.181137
4.791567
4.428736
0.6853936
5.404118
5.465555
4.352748
0.6655233
-0.2275426
0.1924673
5.157714
5.477423
4.006765
4.55716
5.544965
4.933214
4.513665
6.042186
5.431703
1.097613
6.038217
0.4114661
3.808677
6.406589
3.455502
4.547262
-1.128253
5.524063
4.041872
7.329354
-1.054772
5.893996
-0.8237571
0.6104256
0.03046251
6.4376
4.728006
4.456771
3.858933
4.440492
0.7938156
-1.065114
3.746497
4.631372
-2.003768
0.8362333
4.792181
4.241424
5.285374
5.788916
5.189954
3.509684
-1.672631
9.697521
4.553074
4.34588
2.080487
4.622278
2.761894
6.619194
8.103466
2.805088
5.216587
3.969626
4.806317
1.852327
0.03523934
7.582523
4.445635
0.5344213
2.70548
2.75926
6.375659
4.622208
4.918931
5.160879
5.497572
-0.2069895
-2.149907
0.6655127
-1.750851
-0.6258603
5.536218
-1.432139
4.966001
12.87552
5.052584
4.341362
7.408538
-0.7793348
0.3523468
4.349461
-0.5805204
5.64605
-1.160688
1.929818
6.12557
5.268367
5.18552
5.725706
0.8067753
6.021631
0.1797638
4.80679
5.761323
6.167196
5.560953
5.29187
-0.5757345
5.773172
1.153512
-0.5649313
5.955674
7.117537
4.214367
-1.362147
2.909667
4.263735
1.743596
4.81819
1.055423
6.439534
-0.01269946
-0.410456
5.085658
5.9093
-1.044118
2.479006
-1.04525
4.354087
-1.354083
-0.5805486
4.13142
2.086993
-1.079849
6.134989
5.531227
6.217547
-0.5187669
0.03342458
-0.5159757
6.198462
5.136793
0.1886316
1.954579
-0.5255942
6.314764
-1.501777
0.3858618
2.534572
4.084182
-0.7609027
3.660596
3.848387
0.3375633
4.026996
3.814346
0.7476156
3.861532
4.995094
-0.7282142
-0.7111328
-0.854277
6.466255
11.89991
5.932741
4.550087
5.757962
4.913621
4.883511
-0.5062369
4.305514
3.775015
1.038474
0.03582689
5.053025
4.897316
4.137249
5.339179
-1.571909
5.912938
6.022157
0.6677453
4.531754
-1.85937
5.547589
-0.4672264
8.02466
4.495187
5.703034
-1.627837
-1.20656
6.080815
0.213394
3.017885
-0.1493613
-1.452841
4.695905
3.301465
4.71348
-0.4967401
5.773698
5.852871
4.658971
5.155257
7.125809
-0.3312408
1.599026
6.442786
-0.3676911
5.774371
1.87377
6.031388
4.162512
0.1669733
-0.6047176
5.298178
-0.4587795
0.2584729
0.5567986
3.696982
3.861521
4.362081
6.248155
-0.4697934
3.715861
4.512052
5.739065
0.5514971
5.035043
-1.053147
5.456993
-0.0106491
5.671514
5.776916
3.210157
-0.641155
6.691344
5.690283
0.2115007
4.214934
6.596305
0.7171989
3.815792
-0.5164276
4.565902
4.976779
5.498992
6.134355
5.646795
5.268118
2.990457
5.584266
-0.6738922
2.437401
7.264989
4.094
5.333145
-0.9906433
0.2554718
4.764884
0.5475354
0.03763885
6.529045
4.452106
4.494184
1.720074
1.054723
5.58864
0.3479091
2.964678
5.914398
0.07067764
0.1295221
1.087783
-0.1658341
2.936061
0.5802114
5.465173
5.896741
-0.01455715
5.345974
-0.2287877
3.593902
4.819388
0.447958
-0.5368968
11.65164
6.163967
6.317077
0.642019
-0.7471675
0.178991
4.657745
5.567139
4.939571
-1.875804
4.040103
7.014181
0.98293
4.348234
4.892022
6.760043
0.5867356
-0.07880897
5.203252
5.891516
5.4777
5.096875
5.919629
4.457182
-0.8298855
5.657346
6.837573
4.440662
8.729092
3.368303
3.777512
5.69564
0.1582709
4.893103
1.37292
5.794831
5.242874
5.408554
-1.155581
3.822611
-0.3321524
-0.7673916
-0.5076377
