2.741928
4.726113
5.242684
0.255451
7.209149
-0.08889914
0.9309375
1.407457
6.371023
-0.05586256
4.7691
5.343825
5.938061
4.020078
-0.9259731
5.352395
3.424075
-0.4555037
-1.395134
1.390742
0.8666973
0.4932218
-0.2774664
5.648268
6.360175
0.2726987
0.42645
-1.289271
1.002942
3.166801
3.794147
0.07395097
-0.4461215
0.1137029
3.965594
4.689671
5.448714
5.137986
3.885035
0.295927
5.343271
3.95715
5.201055
4.149313
-0.9255897
-0.3651159
0.6617918
5.493779
5.130026
4.281556
0.3556819
-1.804089
4.487297
1.094968
-0.338955
6.077083
-0.1570908
4.948067
0.3763301
5.988753
5.297841
4.746339
5.541871
4.038264
-0.2467747
0.416316
0.8041775
-0.6921153
3.842791
-0.7257677
5.646849
4.537018
2.306165
1.662429
1.264217
4.266233
5.32288
11.7285
5.577458
5.268054
-0.4386647
-0.3236783
1.162316
5.0036
-0.1372191
0.7602428
-1.010719
-0.02427762
5.454227
6.155635
0.4101493
5.727499
6.891373
-0.2160605
0.3756531
4.546939
-0.2261446
6.052217
3.542566
-1.482626
0.3270001
6.566291
2.224326
3.518979
-2.228823
0.9980966
5.741174
5.171095
4.525363
5.453641
5.626803
4.172915
4.213884
-0.4623424
5.613357
0.3124981
6.229213
-1.015483
-0.3357083
3.264486
-0.4460711
4.33137
3.578855
4.272412
2.891783
4.514504
3.798186
0.07338621
-1.494599
-0.7891133
7.453609
5.42501
0.1511185
7.189412
0.545415
6.693989
3.855647
6.287198
0.5926673
4.906064
4.156276
6.078006
5.140845
6.386199
4.880123
4.558078
1.25161
5.087815
6.884255
-2.109746
3.433731
5.444961
0.490229
-1.217732
4.781378
4.027812
5.111854
0.09500278
7.601769
-1.219032
5.031083
1.937463
0.67521
-0.2003684
1.181689
2.879304
0.1115012
5.772393
5.887689
-0.3003228
5.296528
5.353784
3.439166
3.873155
5.648039
3.606806
5.140805
-1.269325
0.3881344
5.108873
0.7582029
0.38572
-1.137162
4.404472
6.578471
1.857342
0.6114339
4.460165
3.369883
4.81312
5.858775
0.04634898
0.1371869
-1.037842
3.149105
5.117075
6.223104
5.53956
6.255555
-1.596497
-0.04469348
4.322099
1.810519
4.901852
4.500535
4.0714
4.987374
1.173265
4.515893
1.121478
0.6172559
8.062277
4.769934
4.118295
4.711896
4.808512
-0.4157308
10.77367
-0.1288894
7.214002
5.212256
4.204126
-0.04971253
-0.1488511
5.94701
1.539762
5.362058
5.574396
5.857124
1.218197
4.561354
7.947907
-0.5529616
6.915294
6.715316
6.168623
4.622781
-1.635922
6.08903
0.5245804
4.22374
-0.106383
5.377499
3.998751
-1.491678
5.625598
5.840882
4.219097
-0.3829442
1.759445
