-1.396559
-2.065706
6.312493
7.197702
6.37496
5.557802
-0.5623406
-0.01515799
0.5209814
3.399465
4.494411
2.396899
0.3120712
7.247643
3.79336
3.270253
6.237263
1.2301
-1.022901
5.011722
5.308099
4.475811
4.937488
4.566179
4.62123
5.202532
-1.355112
-0.3221465
-1.432472
6.258915
-0.6595935
8.564132
2.536681
-0.2603537
0.996474
-0.2645671
5.114072
4.92851
-2.502566
7.291017
5.762033
5.366979
0.2149136
-0.8780108
5.223206
3.275741
0.09485923
0.3740349
0.4218801
6.667116
3.571097
5.368035
-0.1965681
5.963094
4.232286
6.655454
4.701749
-0.2962754
4.05546
5.165478
4.689253
5.53865
1.606866
0.6153936
5.482003
9.98472
3.256654
-0.4059729
0.7219304
-0.8369525
4.457249
5.882011
6.480031
-1.435999
6.255382
6.176211
3.797214
3.93187
0.5159082
-0.31527
3.843591
4.028183
1.310543
5.66009
5.005952
7.548343
0.8477598
-0.5842341
0.07404203
6.649324
5.06545
-1.076141
-1.511653
-0.1243152
4.805265
5.633955
0.03611775
0.1866826
1.419345
5.081874
-1.758156
1.288764
4.414229
4.807301
-0.3573726
5.700342
-0.6995651
-2.700977
5.806084
-1.118321
-1.446311
-0.5260903
4.956651
3.534356
9.759674
6.900792
4.906143
5.773427
1.768132
5.117268
5.579173
-0.7823497
-0.07809949
3.711703
4.297944
-1.183232
8.232625
0.9469576
-0.4535908
0.6523672
0.8394142
-1.153302
0.2372141
1.267579
-0.4527615
-1.598846
4.871005
7.665979
6.385232
-0.530026
4.157254
5.810861
4.695406
6.88632
7.249381
6.483587
2.912783
4.476294
-1.142501
5.68806
4.224684
-0.3649676
6.747723
-0.9935963
0.2308734
5.724144
3.462541
5.526961
0.2698864
-2.209335
4.686384
2.564005
4.004448
5.285604
2.08678
1.050849
3.95533
0.2929681
-0.211438
-0.5463107
6.008446
0.4376715
4.430566
1.598305
5.2859
-0.8083904
5.086711
4.22543
-0.05491844
0.05031214
0.2526972
-0.002584211
3.57032
6.78274
5.086511
7.856078
5.564502
-2.280514
2.945682
4.586791
0.4747047
-0.4845361
5.07148
0.805572
3.512557
3.46812
-0.1536145
-0.03038583
4.916837
4.896422
5.968183
4.498873
2.188414
6.598673
4.26507
3.883739
-1.611298
0.5866282
-0.08801536
0.01923329
-1.027114
4.60425
6.61846
0.2551801
0.7043127
6.482168
2.989114
0.1443455
0.2892141
-0.3507882
4.030819
4.538578
5.379276
-1.39975
6.328387
1.277138
3.819263
7.097703
2.19579
-0.5026979
4.855294
-0.2699661
3.287428
0.05480237
9.628542
-0.1164988
1.636481
3.717761
0.4963427
4.030142
-1.429955
-0.03840854
-1.396581
8.700308
1.231957
0.6369945
-1.157668
0.7235577
5.770651
4.794991
4.840126
5.395589
0.01917832
6.603446
-2.382392
3.333897
5.823186
4.393812
-0.728342
5.94948
4.890315
3.448716
2.870654
-0.7069378
4.823427
4.92644
4.917118
-1.340665
3.404496
-0.5947143
6.205908
4.143607
0.06294204
6.053331
5.020577
-0.6156385
4.342821
-0.5284497
1.528871
-0.5972638
1.154084
4.28918
-0.1402909
-0.6441504
-2.701169
1.039483
-0.9782219
5.331851
5.523698
0.09454576
5.377529
-0.9813656
6.364701
5.594802
5.993329
4.527753
-0.1365226
0.3093879
0.9588007
4.837148
2.396678
-1.224408
-0.2726843
6.038928
4.417876
4.692778
1.426763
0.236519
4.46489
5.028736
6.689028
3.952951
5.989458
3.660746
-1.306312
5.86437
4.412413
0.02972819
-0.05949007
0.006849762
1.657649
5.139329
-0.4417377
1.561904
-1.203061
4.935339
-1.109456
4.389037
-0.9112869
4.906246
-0.6234428
3.659943
-0.2844619
8.071529
-1.994845
0.4459779
-2.154836
6.53155
6.315464
-1.694569
5.72083
4.983397
0.1024536
4.007827
1.04666
5.305744
7.14032
1.981344
5.961912
4.779405
5.462569
-1.129487
4.830712
5.326287
4.523004
-0.05379563
0.6740235
-0.432794
4.101057
4.678403
1.829276
3.490769
0.1148992
8.702157
4.243332
5.199626
9.359375
-0.01766412
0.8163587
5.314921
4.047038
3.505805
-0.5146434
-1.009546
3.509835
-0.8759868
-0.9246771
3.654869
5.607011
5.596515
6.853778
5.535328
5.414237
1.091669
6.578976
3.420531
2.49232
6.34161
1.517775
0.357775
5.229713
-2.607521
-0.06451323
0.6872932
6.040283
4.867284
-0.5640095
7.874349
0.05707013
-1.291513
4.786121
0.2013566
5.54559
-0.9513349
4.873042
4.325317
-0.3497514
-0.7094187
6.701552
4.029551
5.308359
-0.06865499
0.2126688
6.191175
4.409857
-0.1451695
4.980778
-3.333732
0.8702672
1.951021
4.890887
4.483473
-0.2447225
4.241417
5.623111
0.183376
-0.1239221
3.767071
4.005349
4.510608
0.4748613
-0.2076379
5.258226
1.041798
-0.08804913
4.414537
1.221759
5.956283
5.10933
4.246452
4.002184
0.2168712
4.912006
5.105981
5.808145
3.22632
0.8735458
0.8640532
-0.9249925
0.3956017
6.201279
3.074422
7.103167
-0.9666575
4.699488
1.249543
5.217972
6.473419
4.218419
-0.6926328
5.234909
0.1222717
5.962449
4.53097
-0.1859918
4.001256
0.3724635
1.185298
4.224647
-1.598001
4.291214
1.662534
5.881496
-0.9505464
-0.2474487
4.822575
5.739212
0.9724902
5.813312
0.9671837
6.397646
4.654655
0.007808809
3.533828
-0.3087184
5.860339
-0.0470693
6.886081
4.168623
4.990254
3.23895
6.237632
-0.5083976
0.1291147
5.707412
1.212232
3.993744
3.363447
3.736709
5.075569
