0.8313373
5.068923
4.015741
-0.5230319
0.6043774
7.502183
0.3760317
5.182151
4.032648
-0.1951474
-0.353666
6.188553
5.183618
-2.398473
5.328807
-0.6113136
5.25993
4.713288
0.5648013
0.2379703
0.5676021
0.8287085
-0.5789035
-0.5589225
9.958414
7.645976
2.035428
4.441426
-0.1716884
-1.906325
6.439236
2.440335
6.612502
-0.01831191
-0.673242
0.6823793
4.458999
0.7307774
-0.3929645
5.104317
1.875574
-0.09444552
4.309621
6.78477
4.961576
4.051278
4.462305
-0.9800819
2.123909
8.713804
5.424541
1.651439
0.78778
-0.2429322
4.813161
6.407955
-0.2644386
4.822138
-0.8247622
0.4393244
4.82804
6.284911
1.35936
6.434155
1.29674
6.110164
0.7249227
1.19127
3.969094
5.681643
2.315674
5.179531
4.826417
-0.3502769
4.592739
-0.1716699
2.88831
5.215752
4.875746
6.157728
9.732721
0.7825812
4.469089
-0.2363897
-0.4340027
5.467777
5.918459
3.870463
4.966095
3.58899
-1.670266
2.033276
5.773592
-0.2309933
4.845305
5.502422
3.978741
4.898405
0.1953368
-1.223817
1.460094
4.777787
6.46725
4.841868
5.201344
-0.2125376
6.226543
0.3553529
1.245424
0.8451493
-0.4754892
4.490706
8.281465
1.123667
0.7500707
6.015444
4.826503
3.772355
5.484922
4.825045
0.04802773
1.818655
4.282305
0.8921758
5.440981
4.109859
-0.3038124
4.974075
3.697038
3.71637
-1.077815
1.137196
0.1350742
5.567279
1.678716
5.974087
7.390439
1.715144
-0.2122945
5.359262
1.512722
0.383176
1.063879
2.349516
3.279725
1.17947
0.8371706
4.676624
4.032129
5.672389
3.37334
-0.661194
-0.5444922
3.940044
1.135696
4.217951
-0.05672366
5.148523
0.4029827
0.2217798
0.08444969
-1.173849
6.56757
-1.322108
4.77952
-1.356638
6.319143
0.03669206
5.878633
0.1564997
3.583475
4.877485
5.917335
6.04751
-1.379883
6.851499
-1.186584
3.604851
4.058707
5.673298
5.032635
3.912573
5.204855
6.10174
4.571487
3.592484
-1.245983
-0.8608076
7.485274
0.4339527
3.784435
2.310461
5.115444
4.636388
5.50503
-0.7796679
9.863939
6.084222
-0.2385796
6.171744
6.561835
0.5338847
4.972647
7.483384
4.946688
3.945628
3.495125
-0.6687866
-0.07858214
0.08822569
3.892188
6.173105
0.4388401
4.945593
5.090495
-0.4429257
-0.7982105
5.474194
-0.05680401
0.7289553
1.67637
5.468628
0.3999715
5.685264
1.712828
-1.293475
-0.3461344
-0.3965453
4.362327
-1.8952
5.595931
-0.5386925
0.5629356
6.43454
4.718273
-0.5386324
8.496209
4.052289
5.877382
3.151268
6.04497
-0.3474756
4.876579
1.989749
5.757762
-0.3746075
0.9948877
7.772014
3.442937
-1.849876
