-0.515732
2.344595
4.962257
4.857961
-0.08857923
5.629385
5.04115
4.946663
-0.197868
4.774986
5.389484
4.342065
1.795093
4.716653
-1.023517
5.088868
4.182783
-0.291967
-0.8759642
5.450744
0.04062402
5.013782
3.927387
-0.3876141
-0.2401202
5.39125
0.3160747
0.7647262
4.074059
5.082381
3.064806
4.403559
4.389837
4.588528
5.188995
-1.528915
6.084297
5.086069
6.290019
5.64447
4.001305
2.663024
5.049963
0.3725582
-0.8902672
5.027229
1.007649
6.279708
3.837453
5.420142
-0.9711729
-1.634228
1.373325
4.525099
0.02804213
0.6831074
-0.8292164
5.700678
4.657355
4.754421
-0.3951284
-0.2885045
8.802817
0.4324583
5.81491
6.681023
-1.816197
4.925812
3.81933
4.489559
6.011926
6.612985
4.985268
1.281288
4.887757
4.647933
6.296209
-0.5666921
-0.8484039
6.208637
0.6129797
-0.3645796
5.930415
7.071846
1.596913
4.919646
5.385632
-0.259189
6.555763
4.351486
-0.8998268
0.4554818
0.114362
3.955706
-1.227063
0.1893735
-0.1515802
0.5904375
5.335205
6.227888
1.160282
4.293468
4.31219
1.103374
0.1166708
3.551208
5.559634
0.8706588
0.1069719
6.247758
5.510613
-0.1823084
4.702735
5.379671
5.164388
5.930836
5.342342
1.694497
3.681865
2.507524
5.009135
0.04549823
4.651136
0.9730665
0.002348686
-1.051347
-0.8807042
-0.0461373
6.244214
1.974758
4.964447
-1.928108
5.516963
1.045831
2.209165
4.279446
5.671376
4.740997
1.59051
5.195429
0.1529902
1.901408
-0.2085926
1.465131
1.170345
-0.621738
-1.36885
0.7028015
7.134513
4.908444
-1.54447
5.432032
4.702098
6.130098
5.359011
4.45792
4.762446
10.14711
2.440079
1.674055
4.002737
5.313556
-0.05401745
3.807058
5.475328
1.723305
4.293288
-1.813517
0.8265277
0.5507231
4.100421
6.413604
-0.5424292
5.056591
4.406469
5.35369
5.715275
-0.1688256
-0.07370823
6.992835
4.269494
-0.06348379
4.55984
0.5330583
5.226564
4.35347
5.585628
1.732747
4.956402
0.4984392
5.583828
0.3461618
0.9694771
0.6519854
6.129729
1.694246
6.814309
-0.09863871
5.229271
-0.3599057
-2.485662
4.328348
4.858263
5.360559
1.459816
0.5406863
0.9899363
4.650945
1.320793
7.371985
1.08029
0.305736
5.907254
4.909096
3.753861
3.367086
3.245771
0.2639065
4.419697
5.499247
5.276265
4.497316
3.353145
-1.313486
-0.614916
4.996265
0.6937464
6.48335
4.744269
5.851019
-1.236813
5.662497
-0.5876969
5.768557
5.81652
4.297279
0.09023995
3.756717
1.411008
5.489585
-0.9032705
5.807462
1.605115
7.829836
-0.6506031
1.851717
-0.2856428
0.04187634
4.876807
6.526977
3.726981
7.58508
3.146842
8.947175
3.640952
-1.461424
5.565168
2.788323
5.272515
0.7855512
4.988892
6.648507
5.748321
6.200898
4.013518
2.676384
0.6628907
0.325566
0.5702506
4.378137
-0.02470458
8.51285
1.290796
-0.1870578
7.574857
0.6659198
4.912464
4.731883
3.155096
4.733687
5.276206
-2.329881
-0.04856934
4.93525
5.414341
5.818038
-0.8401225
5.015423
-0.2439317
3.380677
5.755598
0.1618676
-3.093468
1.061532
5.638278
2.348754
5.321445
4.976443
-0.6775979
-0.1877498
0.6786591
2.285995
6.490367
3.973686
8.43627
4.477835
-0.3873797
0.6150609
6.674074
5.610804
-0.987358
6.408039
4.765822
5.118545
4.775472
5.481347
5.06246
0.1353209
4.621434
6.641417
5.640743
5.879418
-0.4485568
-0.7375551
0.3098674
4.689911
0.2005543
0.1415718
-0.637937
5.149494
5.700401
5.182791
5.024054
2.566314
-2.574623
-1.548424
3.145026
2.455273
5.41662
4.501561
4.843837
3.354999
0.9755012
-0.6284948
5.633782
0.2356887
4.23826
5.807924
1.289426
1.682755
-0.8204743
5.407123
3.219884
-1.285282
0.6669146
4.164345
-0.1567645
-0.8525162
5.481646
-0.8579171
4.421695
4.848213
7.055354
1.250253
6.271557
6.300144
0.855142
-0.7411196
5.847676
4.054633
7.750209
0.1642864
8.172246
-0.366394
8.121634
-0.5507205
-0.07221912
-2.120482
4.949668
2.971639
5.302048
6.068065
3.189741
5.413986
0.9615144
-1.22404
5.201029
1.846155
3.398274
6.473098
1.948712
0.2280102
0.4444767
5.236312
0.3830143
5.749251
5.755404
7.080907
5.12881
4.826805
4.56367
-0.9045757
5.120135
5.982498
3.89301
5.866419
4.290515
1.215777
5.236941
2.924406
3.922766
-0.9872415
4.872428
6.993949
0.0247824
7.036053
1.081078
-0.2317759
1.665436
0.7330176
5.055696
3.414763
4.438705
2.985855
1.741359
5.887211
3.892565
4.557642
5.157347
3.767362
3.421736
6.648855
3.871041
4.72048
0.6824657
0.6897929
5.109942
3.510092
1.6479
1.836707
6.567007
-0.168785
3.65398
4.262803
4.083199
-0.3945193
0.4222321
4.593085
2.483945
6.162945
4.6461
3.892905
4.103388
-3.210778
5.014319
5.098695
4.046269
-0.6977352
5.25436
5.179482
3.725715
-0.536292
3.687837
1.857631
-0.9677844
-0.9726397
5.330536
0.7306261
2.130583
5.14364
0.4141562
2.214248
0.4003519
4.708228
0.2658885
4.743363
5.12614
0.3808432
6.08375
5.517169
5.153121
3.85304
-0.7586545
5.724742
5.842177
-1.419476
5.16814
4.875746
0.6320972
-1.570864
6.55405
3.885566
4.126575
4.760563
0.4227225
-1.710871
5.860629
1.509729
5.007331
5.872367
