4.824482
5.370187
-1.415166
6.437686
-2.268168
5.324651
4.565912
5.155179
3.967671
3.193553
1.335783
-0.1713274
4.245731
4.628594
4.962942
0.05728016
4.752296
-0.07710591
4.894905
5.31196
4.29875
2.921131
5.714984
-0.427807
5.184334
4.382172
5.506912
4.604918
3.216281
5.015118
-0.6768122
5.328168
5.167138
2.330238
-1.745416
5.557136
1.142355
3.818672
6.883678
4.969114
-0.06371264
4.803498
-1.127791
3.342147
-0.3281294
5.49933
4.2236
5.412762
-0.6967236
-0.1066774
7.405757
5.711536
5.479669
-1.129292
5.304717
5.416599
5.690384
0.2233575
6.108021
7.298354
0.9898752
5.401415
4.084599
5.324834
1.316555
6.193274
6.637133
1.222251
-0.2344526
4.92888
6.110984
-1.110688
-0.9609517
4.785334
4.896586
0.6481203
-0.4694566
1.374069
4.851524
0.2634681
3.816479
5.532161
0.5234072
-0.8354783
-0.3247921
6.360984
-0.716113
4.554899
-1.499238
-0.448691
5.003608
3.758789
3.103021
4.720109
4.212782
5.846646
5.452031
5.012096
0.7208232
4.293625
-0.9809427
9.14166
0.314638
-1.068012
6.039401
5.375512
1.919577
7.493287
5.007927
5.395494
0.7074379
8.550306
-0.8479857
7.350973
5.400844
5.039776
6.28245
6.261449
3.858409
6.188501
-1.286388
-1.858542
1.393883
4.408933
6.037927
5.849766
5.31988
0.1892602
5.09848
5.692893
4.193796
4.106485
11.90381
-0.885288
5.989217
4.279179
5.731934
2.320815
0.602955
3.860825
6.451045
-0.3366155
-0.02908414
3.43098
1.549572
5.222989
0.3231137
4.071382
0.5396207
9.836584
4.357449
4.979488
5.076585
4.043149
-0.861682
5.525334
6.556728
2.962021
4.691617
5.209461
5.547064
0.571082
5.340366
-0.5646255
4.229318
3.554241
7.194751
6.133082
4.638221
4.1316
1.699402
4.139852
6.067849
5.410865
0.004672415
0.4602921
-0.6282783
1.225556
5.984817
4.126394
-2.076928
4.845987
4.540408
-0.4125734
4.043745
5.340035
-0.02810867
5.367464
5.829467
6.069794
13.25138
0.05124615
-0.3322612
0.2777212
-0.8009913
4.916917
-0.2429031
5.693571
0.2917118
7.335897
4.140977
3.149173
0.426651
5.994809
0.6227545
3.396662
0.7631495
5.572437
1.219041
7.040442
-0.9206006
0.7263557
3.314259
5.40123
1.14825
-0.268776
3.713544
4.502019
2.822681
-1.109824
0.5896113
4.916411
4.909119
-0.2292743
5.317028
4.293859
2.886558
-0.674149
5.687801
4.149929
5.45726
-1.923841
6.120411
4.185799
2.47124
5.36271
0.8435754
4.912819
0.1066026
0.352808
6.267432
7.929902
3.633342
0.3584938
5.946081
0.5682146
2.380777
5.509983
5.10947
5.513221
5.52748
6.564998
5.737557
3.898708
5.063814
3.549738
4.410373
5.923917
-1.854333
0.2252949
5.961569
1.412052
0.6552205
10.14456
-1.057964
3.8298
0.809285
4.000773
4.195967
5.525831
5.272858
4.229976
4.791869
6.554423
0.09014406
-1.797019
6.427777
5.166267
0.355991
1.762046
-2.478867
-0.8580129
0.1595704
5.456746
-0.5782164
6.310268
4.876892
6.723053
4.210986
-0.6334237
1.071229
0.02734713
0.8500079
3.691216
-0.8499935
-0.3528894
5.480396
5.586893
4.08316
-0.1065499
4.718914
-0.8618485
6.282412
0.1572168
4.932538
5.268632
5.995315
4.017171
4.125176
0.3121956
6.99175
-0.5282717
6.088059
5.507022
-0.130736
2.108203
4.851529
7.224637
4.763218
5.91276
0.3143846
5.42981
3.356012
-0.455963
-0.3445807
0.5102011
0.9410981
1.487548
-2.535344
-0.8687814
7.192888
5.650161
5.093644
2.412498
-1.960145
1.449222
-0.6856664
1.962717
-1.023687
0.4156595
4.240352
0.1902679
6.574916
4.944668
4.820943
4.807044
5.682417
3.273312
3.996436
2.875704
-1.263218
-1.387686
6.691854
5.977331
5.679928
-0.03235236
5.8817
0.6880318
0.8235508
0.9676057
3.99576
6.522542
5.369996
5.982502
1.108486
5.540785
-0.6188843
4.549621
0.8658999
4.901655
4.613139
-1.133672
7.039858
6.688951
0.4005088
1.391845
4.88288
6.267847
2.160942
0.1699031
4.128935
-1.816067
-1.100384
5.282495
5.955787
-1.214818
5.62582
4.10023
4.511139
1.342746
4.858613
5.524094
4.608671
-0.2203943
0.5855585
1.6726
5.047725
7.570518
4.260678
0.9032314
0.3702671
7.590041
-0.5744311
0.750644
-0.04017334
-1.711496
-1.249479
3.480393
-0.2490024
3.844673
-0.3923523
1.617908
3.98008
0.2224024
-0.2217542
4.294459
-0.08886449
4.881084
-0.8334648
8.437125
3.974529
3.392229
4.235171
7.164617
4.932696
4.63049
4.159351
-0.654851
11.2081
3.670893
6.330881
-0.6959776
2.769897
4.085481
6.127382
6.801903
9.167236
0.07746288
0.0036348
4.432585
5.286927
4.503034
7.289855
6.136802
-1.185885
10.80032
-0.6690288
-0.5726679
-0.4623012
3.396908
0.7464546
6.187474
4.158923
0.4359123
2.750945
4.237683
0.4857453
5.525999
-1.173006
5.275234
0.1009676
4.039324
0.5920132
-0.3960964
5.020162
5.018652
0.4618972
9.496709
8.031421
0.6105336
5.984606
-2.403434
0.2456233
-0.734093
5.123915
0.9248195
5.046098
5.910836
3.472326
1.206594
4.130402
1.10388
3.940221
5.06706
4.959677
5.406098
-0.824974
5.312166
-0.9203911
-0.5352743
0.4410507
5.003556
4.699025
3.461043
5.364979
0.9757472
0.8719066
3.077127
5.359749
5.491115
2.982714
4.480841
4.6972
4.472038
0.8234642
0.9053163
4.274388
5.463001
5.95478
-0.2546264
4.035947
5.052619
6.50389
5.39956
0.4406299
5.593553
-0.4961639
7.250874
5.124159
0.5550141
-0.6667193
0.2971986
6.056338
2.095655
4.587324
-1.540448
5.438528
-0.644232
-0.1273505
-1.989496
5.156947
-0.22047
4.313872
0.667728
3.46907
5.121164
4.410633
-0.5098055
5.029543
1.337505
-0.5722413
4.901141
1.840818
-0.101722
4.8446
5.771012
8.117869
5.881886
4.686795
4.310091
0.5716842
6.497407
3.795938
0.4423855
1.215964
-0.9632744
-0.5211192
3.21925
4.928668
-1.312021
5.559435
1.130559
0.03280176
0.3337234
4.257279
4.423486
3.254869
3.92553
4.978795
0.3450079
-1.142774
-0.8418089
0.355782
0.7589724
1.241345
0.8527272
-0.6029622
-0.3619113
5.059137
0.9195322
0.42738
5.171119
0.9905075
3.659461
4.904127
5.119655
0.7311823
4.886176
4.77412
4.881022
0.5591628
-1.056821
4.212115
1.140887
4.149358
-0.6033082
5.986288
6.300547
7.335267
5.642291
0.2485443
0.08605607
2.559684
6.565328
0.3808139
1.569879
-0.2074494
1.540291
7.070532
4.151682
6.112697
6.130855
4.699357
3.966676
4.346506
4.615632
-0.7180157
5.847716
0.493838
-0.9088283
4.99379
-0.8584461
-0.2178531
-0.4409128
4.619815
4.744873
4.204155
-0.1523057
1.484726
-1.376568
0.7627045
3.143319
5.262919
3.728787
5.561335
5.940832
5.31839
6.016651
-0.3730704
4.536338
3.439558
-0.7574439
4.698013
5.316502
5.615419
0.460971
-1.160493
5.110289
-0.6406144
5.445768
3.705727
-1.059965
0.545118
4.0755
4.663729
4.607991
1.494921
3.856405
5.767181
5.43307
9.282176
3.655914
5.135114
-0.6143282
5.517318
2.95668
5.303431
7.26755
4.758391
5.819433
3.814815
4.410693
7.268435
6.538375
6.333256
5.411211
5.527397
0.1480953
6.114692
4.785428
3.8723
0.874817
6.770789
1.254893
-0.5265148
3.913033
5.739483
1.98103
-1.36855
5.164712
4.738941
-0.3507257
0.9084765
5.31118
4.153525
-0.3851207
-0.2463579
2.557955
-1.284972
6.663522
2.383147
4.531996
3.59191
4.183742
3.389832
0.8295651
-0.03978044
-0.3095703
-0.03509261
0.8435093
2.20669
5.675244
6.295366
5.085855
4.288499
3.866553
0.3510275
-0.6676994
0.9598469
4.061765
6.55368
0.687566
0.2059343
5.433298
1.124691
4.318414
7.227646
5.159877
6.037511
3.651376
1.347711
5.498806
3.685671
-1.790111
4.817862
-0.8346831
4.036237
4.820384
5.86811
0.814904
5.324724
0.5586826
3.473392
3.65592
4.697438
4.872332
-1.805748
5.50126
0.1078033
5.469415
1.437695
0.1615809
4.997952
5.853046
9.403005
4.30346
5.718728
-0.3690387
6.323337
-0.5174891
4.734318
5.430355
0.479059
4.547562
-0.1907452
4.151912
-0.3136581
5.162279
5.239902
0.8808984
4.898815
-0.753829
0.4665317
4.588114
5.036778
3.69322
-0.3033554
3.820988
1.565893
3.92535
3.521959
0.8438014
5.759034
5.277811
-0.830785
4.890129
11.0689
4.450901
5.46101
-1.137549
0.8120925
7.106568
-0.6079372
0.2697043
4.878301
0.4722226
5.548155
4.483628
4.791281
6.849729
4.212024
2.170864
4.765858
1.571235
-0.03959678
-1.450591
-0.09399598
4.521158
4.661268
5.789991
-1.124186
4.467171
4.307291
3.494403
-0.1219754
6.349895
0.2040838
0.04954988
5.371445
1.597866
3.304926
4.931209
0.718528
8.653786
4.196112
-0.8747824
7.973544
5.401328
5.185616
0.5231716
7.17283
7.266408
2.057747
-0.02142238
4.464128
4.963315
6.044183
-1.354779
-1.178291
3.825123
0.5802725
5.839965
3.28853
2.4315
0.5298448
0.9303036
-3.141659
-0.2499556
4.430181
1.629715
-0.3186845
4.195983
3.509365
0.06085089
5.796199
3.850727
5.813401
5.422418
6.206735
-1.274351
5.30048
-0.3221898
5.574826
1.855099
5.826254
2.438602
7.06715
-0.04640855
5.40964
5.202114
4.676641
4.069042
0.5959536
5.18566
-1.114152
0.8484957
5.673014
3.419306
-0.8666229
3.28069
4.50309
5.7507
6.021855
4.497275
7.475949
0.04708851
-0.009671486
2.995333
2.529208
6.088584
-0.405207
2.95379
5.022279
6.716759
-0.01175189
4.960875
4.926602
6.286855
5.933442
-0.8751837
4.523036
0.8766413
0.8362194
5.068116
-0.7255603
7.002745
1.180218
5.72725
2.666223
0.449802
0.009520131
4.700324
11.43186
1.628261
4.659834
4.990774
6.43442
2.106654
4.997549
0.1028656
3.630973
4.577316
4.741362
0.3466096
7.943084
6.020744
-0.3459426
0.5323355
-0.7431146
1.642275
-1.088506
0.1695422
3.274985
2.167446
0.9157458
0.05227469
-0.5791939
-0.3852452
-0.956517
3.982515
4.339363
0.05024159
3.810494
0.86384
4.896417
3.412571
0.8222826
-0.2146348
1.755465
5.109524
5.093204
2.745797
0.7107583
1.866
-0.7546369
3.945646
-0.6285924
1.235185
-1.422981
5.149291
6.201788
2.16082
4.923721
3.525193
-0.08948789
5.464929
4.513688
0.2272673
5.396918
5.774765
7.658357
2.309523
5.823889
4.552433
5.917743
0.4880224
7.128712
1.921939
0.1180751
-0.3865527
0.498006
4.524473
-0.7848272
5.507124
0.05343688
0.953448
4.772752
3.744714
1.565554
3.85328
-0.7866776
2.023961
3.571784
5.950522
-0.8003273
-0.002992771
0.4173713
3.614275
9.030466
-0.4860245
6.461343
1.828189
3.635461
3.57598
-0.5681484
6.882511
6.221075
-0.9024276
-0.4096509
6.366464
5.632062
5.125221
5.993578
5.150116
5.368987
-0.9360888
-0.4258783
1.314617
6.727182
0.4281619
4.938702
1.364436
1.11812
3.025091
6.706956
5.434
5.723708
4.802434
3.304765
4.132219
6.059407
4.811104
6.173349
0.3092842
3.886549
6.522954
1.346989
0.3758355
0.2850156
5.649124
-0.9017407
0.4533123
3.96282
3.990716
6.862093
-0.1886365
7.263534
6.128432
5.552619
3.960651
6.368318
7.479227
2.4972
1.551275
-0.1155962
-0.9542261
-0.3683205
3.833303
5.22674
4.162594
-0.5010616
4.229559
4.631255
0.4836847
-0.6370189
7.334285
2.903636
3.767856
2.660468
4.293813
5.221746
0.07290113
4.670983
-0.6796095
-0.1080381
0.5692696
3.839098
5.548233
3.384828
2.050927
6.146341
6.359345
6.246127
0.2764156
2.677906
-0.5469014
7.35939
5.440514
-0.7230796
1.91251
-0.4484854
5.622359
-0.7602688
6.213854
-1.966111
5.825489
5.246206
6.165191
-0.9601898
-0.1974436
2.89723
6.014198
10.20528
3.821641
5.514663
5.573405
1.820956
5.693042
4.862632
4.624933
-0.6581307
9.64634
6.037687
1.478018
-1.255271
6.038894
6.566445
3.656653
3.355531
0.5216967
0.8781887
0.9890284
1.316925
0.8158647
-0.221978
5.035078
7.420076
0.4967195
3.618181
6.825184
4.352279
11.07696
5.517574
4.179911
4.140303
-1.419022
1.247642
3.589367
5.339388
-2.497349
-1.416423
3.60763
1.384476
4.868979
-0.09225177
2.896404
4.298502
-0.5509332
0.9028122
5.967279
4.952064
5.193719
6.596187
-2.582778
-0.2434805
5.513417
6.60888
0.2508441
0.365469
5.108627
0.932238
-0.3015057
5.423891
4.845302
-0.9930941
-0.5481593
4.889706
1.139532
-0.2647123
4.725809
5.681731
0.2692677
-0.3772315
5.982747
-0.220625
2.698527
-1.004926
6.001325
4.28342
3.350424
-0.2018248
5.610591
3.349153
5.217578
-0.06198618
1.187775
5.801612
5.062207
4.468263
4.850695
7.044901
0.994446
7.784646
6.60817
6.19713
-0.1684449
-0.9142326
5.784783
5.64914
-0.8035121
-0.6167502
5.742704
-0.2499687
-0.8857023
-1.058017
-0.408468
4.879398
-0.01650936
5.611047
-0.9272824
4.341699
5.314829
-0.3630783
5.209853
9.816144
0.866085
3.859427
-1.006229
2.073673
0.4886648
4.937678
0.9682988
4.204728
0.7024707
6.589392
-0.9526195
0.4505828
5.697874
11.69241
5.303293
4.226596
3.92646
4.160861
6.329883
0.7617169
1.186811
4.698864
3.207883
-1.705889
2.525963
0.4220767
4.641344
4.911993
1.015928
5.783542
-0.7562474
1.690265
-0.1891104
4.340846
5.115361
4.056867
-0.02162862
4.63343
0.06109111
3.871405
4.32871
4.260157
-0.1376141
4.243749
1.240867
0.0841977
0.6667513
1.226354
-0.8481968
6.231949
-1.177329
-0.5343899
5.381624
3.794111
5.162414
0.8925439
-1.215008
5.468045
6.713542
5.721967
4.905894
9.687746
4.108635
1.080818
3.424581
4.326757
6.144664
-2.254309
3.241738
5.156763
6.305452
6.267128
4.833431
8.956467
5.007173
3.669218
1.704344
-0.5494706
6.048958
4.183138
6.939685
1.297223
-0.961921
-0.1044255
4.965914
4.958127
-1.77692
5.402271
0.6745234
5.207562
0.7891711
4.767569
7.387966
3.996525
5.463069
-1.725893
-0.5404306
5.362713
5.277874
4.669001
5.104324
-1.812002
3.459347
6.119437
5.030038
6.605841
4.060743
6.009405
3.617276
0.242415
2.094049
-1.209332
1.300019
4.851949
-0.8409724
5.270205
4.141546
0.4477844
4.652394
5.568792
4.922188
-0.9048531
3.69061
4.64443
0.06108335
4.761591
1.930753
8.25329
4.541755
0.2411777
-0.3712477
-0.04219166
0.04121575
-0.9108325
6.333161
5.184657
2.917151
4.873234
5.904146
5.051468
-0.7888569
5.84895
4.542114
-1.048454
4.578315
0.8430345
-0.2700606
-1.440801
4.313693
7.044081
4.830247
4.725455
1.292592
-0.4026618
-0.01357164
0.6031648
-0.1133773
5.741278
4.695858
5.555814
3.69784
1.211979
-1.103449
3.776212
5.92386
3.44603
5.338839
4.114737
5.59943
0.3980481
5.170999
5.916034
5.246346
-0.7555787
3.336218
0.1455819
6.466115
5.009996
4.253084
-0.7468428
0.6657076
3.495135
6.432567
0.6766556
5.302917
-0.9136771
0.9955066
0.2410471
-2.858199
8.095325
5.262546
5.987668
-1.318501
8.311654
-0.4983632
2.305801
-2.042135
5.182333
2.630687
5.399914
3.072189
0.996025
3.778225
5.635356
-1.407523
-0.8550917
-0.1409332
1.033646
4.258278
-0.1953186
6.630648
-0.820276
0.433708
3.952159
3.324127
8.819215
5.436244
7.377338
0.5965555
0.1955244
1.390817
0.0691438
0.4622149
-1.391135
6.533202
8.046625
-0.8785242
4.492087
-0.06469177
5.089746
6.191896
9.388235
-0.08999609
6.061479
1.275543
6.410643
4.82741
3.734897
5.690217
5.838052
0.3134808
7.082192
6.624419
2.977532
0.624173
4.072382
0.1929358
3.891027
4.545113
5.258032
4.720081
4.870785
0.4998449
0.4601267
3.7369
0.1261085
4.578984
6.063461
5.114776
0.2944265
-1.264201
5.604532
0.1811772
1.488539
5.722661
5.422588
-0.4286043
5.699212
4.925214
0.3627395
-1.336398
5.696537
2.580246
5.227417
10.34565
4.698302
4.3318
5.485022
9.221897
-0.3058937
-3.148505
3.507195
-1.193684
5.745251
0.2117852
4.866997
0.02186108
5.052328
4.036821
5.649888
4.82768
3.971705
0.2451266
0.6798552
-0.2083762
0.516831
5.484912
7.673061
4.968326
0.2214396
-1.775894
3.960523
3.142565
-0.953295
-0.1428889
2.595776
-1.005461
7.444552
3.676108
4.840892
5.628429
5.494202
4.466052
5.588255
-0.4553617
0.8308312
6.217548
-1.612883
5.403026
5.631575
4.719263
-0.8708621
0.1628698
5.983402
4.030243
4.456153
3.889481
1.351168
1.743375
-0.8105621
-1.519771
0.7016155
0.2637578
3.098245
4.413482
4.664347
4.115489
3.413325
1.200036
4.786307
8.097932
4.419265
3.465919
4.481613
-0.8804681
1.716077
5.1401
5.988666
7.361926
4.109896
1.608642
4.949942
2.938716
-1.457713
0.5455527
4.913723
4.399847
4.181805
0.7134818
3.929009
3.808158
0.2003317
5.93326
-1.030548
4.798534
-1.087503
0.2245302
7.794866
-0.2804348
4.265773
0.1084283
-0.4584731
3.727789
0.40768
4.385331
5.203258
7.764536
4.314318
-0.8404104
4.242303
-0.09069074
0.5593405
4.273755
-0.02100095
7.142256
4.611139
3.703278
-2.059559
6.902485
0.8586203
6.602915
5.155852
0.05487969
3.774314
-0.01448334
3.655642
0.2877867
-0.3358844
0.5542415
0.9523275
5.752126
-0.5826019
0.1121073
5.18496
5.733881
4.279525
3.588135
4.577562
4.749506
-0.1213488
6.45455
-1.260376
1.079337
4.835621
4.058528
3.019887
0.8421001
2.244138
5.161074
5.62211
5.488407
-1.2052
-1.238196
5.260503
-0.3072371
1.792211
0.5474067
5.804646
4.657195
-2.094237
6.67282
1.552308
4.260825
5.521516
5.759826
4.433623
4.882325
0.6648273
6.809279
4.66269
5.51112
-0.9769407
5.709377
5.666363
3.876805
5.454996
-0.1008355
-0.5169202
5.190378
0.5994987
-1.079377
6.182933
4.488527
4.332219
0.5890798
0.8049295
6.214972
4.783228
0.3731492
5.277397
1.60986
8.087632
4.613927
-0.3103833
0.3179746
0.1412119
3.654319
5.327623
4.919567
4.97081
6.416329
5.401517
-0.3025112
-0.8976099
0.4439159
-0.05883489
6.040282
4.675173
5.096289
4.891194
5.092846
4.409487
3.194866
-0.7137707
5.881272
5.084609
-1.432779
-1.475718
1.121666
-1.006499
-0.9384708
0.4371252
-1.220226
5.975363
1.758072
0.4828813
4.242404
3.844698
0.17466
3.805882
4.747353
5.922754
4.289404
0.7617001
5.683128
-0.8937564
4.795855
-0.1357171
0.7975924
5.396347
7.700449
0.1037329
5.820254
1.557766
4.379561
6.007618
1.388457
4.57679
3.512833
4.440613
-1.779533
4.172118
-0.410212
3.097934
0.1582274
-0.1410918
3.926899
4.962332
4.543437
5.226303
4.507641
6.018583
3.003034
4.185234
4.901406
4.182673
2.662771
-0.002633569
4.596661
4.971834
5.796969
-0.905349
5.546082
3.570256
-1.387945
4.772102
0.3430179
5.817171
0.687831
5.757518
4.847112
-0.2435878
3.861714
-0.4342982
4.689627
2.792924
3.585529
5.68989
5.907173
4.376659
5.774682
6.292411
4.950016
4.602096
6.648663
3.293732
0.6092108
2.386599
5.368428
5.028717
4.7068
3.603313
5.302159
1.053952
0.2639598
4.567675
4.170537
4.030381
-0.3051645
5.658855
-0.2036261
1.066881
3.862369
2.913177
-0.7543343
6.706077
5.436972
0.2050627
5.680302
2.702285
5.494799
5.82762
4.429715
4.546468
-1.317289
5.172224
4.901122
0.1593541
0.5782242
-1.026625
5.54882
5.572261
3.455204
4.776562
4.769602
4.133008
5.70516
3.211954
5.180728
0.08338217
4.664465
1.169582
4.286511
-0.6049507
5.353808
4.811112
2.122134
-0.1497973
1.549455
7.014948
-0.5032861
-0.7497014
0.1905456
-2.262534
4.851797
5.182046
-1.474082
6.038102
6.401396
0.7384762
0.2733439
-0.9535846
6.323556
1.891965
1.953407
5.956042
4.947255
-0.08010071
5.324925
6.60687
-1.408906
-0.1601738
6.157377
6.253695
1.319968
3.982001
-0.1430633
4.939964
-1.464593
0.7769913
-0.4753982
-0.4097587
-2.010978
-2.086105
4.805034
7.774037
6.080514
6.959197
4.463626
1.379188
4.747227
5.975372
1.393646
0.03717322
3.861513
4.377334
0.6087365
-0.8101238
3.025711
-1.029733
3.91076
0.8460587
6.074483
5.245436
-0.4154242
5.277978
5.990524
5.482226
3.304119
0.5668257
1.505726
4.238885
0.3967227
1.236529
0.2554407
5.032047
4.287251
0.03069457
1.529659
0.0142412
4.365672
5.545534
4.26487
1.164273
0.9790352
0.4702338
5.143934
0.2310044
5.131712
-0.2790093
6.292481
4.14774
-1.379082
5.166018
-0.5535739
6.127342
3.939611
4.024457
4.386623
4.382755
-0.3894105
3.498017
4.824189
6.376255
-2.385351
4.006453
5.475582
5.531998
7.457568
5.013352
4.204411
4.248755
4.219772
4.776596
6.781695
4.55895
4.439483
3.185222
5.428339
0.2604847
-0.9614898
8.448467
-0.3278383
-0.3015202
1.1787
5.264246
6.07996
6.188758
-0.191906
6.070298
5.158513
2.774493
-0.373115
3.613904
5.418749
-1.831898
4.291772
-0.04807597
-0.261846
4.895728
1.292852
-0.9300819
4.417279
-1.31568
-0.04247233
4.27073
5.960364
-1.536699
-0.150465
5.720318
4.74256
0.2962436
6.078618
4.313309
5.977563
5.617901
4.258414
-0.942249
5.826741
5.311558
4.941248
6.196745
5.092705
-0.443393
5.046691
4.628385
5.961536
-0.5589846
-2.488829
5.088555
0.5690505
0.1785206
0.5257172
4.958142
-0.9423014
-0.3090598
4.915891
4.078923
9.294905
5.494144
0.07227443
0.152053
4.753403
-0.09156242
6.377392
4.854755
4.0182
5.080151
-0.09974299
4.54547
-0.3040784
4.110779
-1.111416
6.597306
4.407898
5.68314
2.25219
5.294133
4.94455
4.920498
3.521058
6.305101
3.449722
2.567218
1.119259
-0.7829072
-3.727964
-0.02615037
6.110694
-1.324754
4.157461
0.4986086
-0.2314991
-0.2783011
3.861999
8.133953
2.587817
3.131795
6.839657
-0.001888849
6.449012
4.747915
5.059338
3.430961
1.270538
-0.5384343
2.541665
5.568935
4.749966
5.353801
4.513797
1.964032
1.992846
6.211731
5.016203
0.4340139
-0.06071964
4.816895
-0.3898392
3.051117
0.05530632
4.078565
-0.7983734
3.551579
7.454537
4.123194
4.769864
1.042556
4.456904
0.9931056
4.75765
5.590142
4.835525
5.66643
4.884069
4.912663
-0.2386751
3.709325
5.535601
4.920651
1.11116
5.159367
4.170641
3.626711
4.46909
4.002592
4.322752
4.204651
-0.0344878
0.2360539
0.252883
3.338994
-0.1335192
-0.8015554
4.86653
0.3518211
0.5589832
5.725621
4.78384
0.588466
0.526989
5.400345
5.550293
0.8597032
3.98993
0.04958514
5.057773
0.7610357
5.059657
0.3637284
5.295731
4.861624
5.693907
-0.3872966
4.788861
2.887787
0.9888711
4.568338
6.370681
1.703584
5.011614
4.113168
5.359301
4.427651
0.854234
-1.024522
3.72585
0.6792251
1.250707
4.546352
7.051488
-1.176905
5.879943
-0.6227862
5.556861
4.545743
5.244337
5.158002
-0.1128848
0.4866425
0.05778493
5.302596
-0.09924071
5.847616
5.027757
6.625569
4.981681
0.2589374
5.069184
-0.6226845
6.114291
6.290632
7.789923
0.08411969
2.399297
6.396725
5.095197
-1.764134
-0.7614681
0.6938198
0.9076386
3.740861
0.5030677
3.296297
4.40501
-0.4685283
3.88454
5.470714
3.890651
6.148601
5.252727
6.360191
3.664087
5.432881
4.87061
-0.5354601
3.758816
1.340791
-1.514303
5.688912
7.252567
5.268916
8.397807
-0.6219146
7.25499
0.2957679
0.1003436
5.044395
4.916649
0.8031904
3.988628
0.9553689
5.169425
3.34728
4.724061
5.163436
4.716959
4.154189
10.66783
6.033669
4.748883
-2.724531
4.745801
5.765546
1.7066
5.524852
3.133935
5.86703
5.84447
8.350468
4.898923
0.7809043
2.612885
4.405907
11.30148
-0.03662493
-0.2330779
2.305742
1.117318
5.759648
1.612864
4.001986
0.02557744
6.409399
4.627608
4.625989
3.7321
-0.4527579
5.434705
1.020377
1.083703
0.9774142
4.390074
-0.5433008
5.655665
-0.5801046
5.022311
-0.5562968
2.921395
7.87331
3.871987
4.984422
0.2125779
2.71361
0.8882008
7.314689
1.709826
6.861227
0.7007261
-1.020737
4.181483
0.4328669
3.051479
4.737292
0.8510379
4.703779
-0.7152659
4.197404
-0.7614742
4.852156
4.193683
3.910825
5.175952
6.113448
5.507736
0.9845109
5.236317
0.9736714
0.8834354
3.054575
4.955779
2.168584
-0.2060804
0.1076713
6.40459
-1.680853
4.366199
4.293812
-1.161638
4.58097
-0.04499271
3.562983
0.847956
5.274093
6.131851
3.978097
4.318677
-1.399407
4.999537
4.980042
4.531975
5.730779
4.670531
5.430447
4.378005
1.188769
5.242532
-0.482495
4.178142
5.134407
1.403155
5.224123
4.039997
1.377629
4.074489
-1.368836
4.63117
1.042083
4.910337
4.847223
-0.9152883
1.398234
4.421076
4.512618
5.499587
2.643033
3.830965
5.284622
6.983906
-1.343976
5.991632
-1.766611
1.442697
3.77193
-0.6158747
-2.324084
-1.015594
4.464453
6.603107
1.953395
4.88222
5.681211
5.8582
-0.3493635
4.349058
5.528534
6.016928
4.002197
0.7339745
0.429828
-0.180019
0.219813
7.695567
4.775361
3.80228
5.288393
3.708956
1.119571
0.8499214
0.9868099
-0.1317282
4.08128
-0.8753199
4.430256
5.020592
-0.7564109
0.05124684
5.974804
6.92556
3.467041
5.275659
4.209305
4.660295
4.821408
-1.272428
4.042706
0.1169659
-0.3370518
5.410812
0.5539751
6.767604
5.378469
-0.6721594
4.576662
0.1739293
1.588475
4.363495
-0.1393713
0.6718652
4.72333
2.250877
-1.073223
1.554236
10.21624
4.5323
3.349569
1.237231
-1.625929
4.689904
0.6798439
-0.8417517
3.861924
3.141644
4.706837
5.525698
5.960138
1.417836
2.366482
8.677756
-0.5303614
4.935235
4.481783
7.502453
5.368106
3.664522
-0.8126123
3.813257
-1.066734
0.9063074
6.163682
5.783102
4.699211
5.902354
4.026139
5.407409
0.3228754
-0.123867
5.395259
0.4204014
4.407239
5.57093
6.696552
4.955141
0.369243
3.069222
-0.2093147
-1.133257
4.681847
4.96984
-1.014565
0.8433978
4.71618
5.998527
4.397959
3.84277
5.356603
-0.4625888
5.505289
6.642905
-1.569007
1.693618
0.1617612
3.974832
0.06130215
4.402728
4.31851
4.534844
4.883723
0.5546634
0.1636507
4.253506
-1.532212
4.777917
-0.2037499
6.923303
1.734882
5.685394
7.800984
5.192812
4.937266
-1.961019
6.421584
0.2905162
4.733194
7.487592
4.552607
4.207858
4.470123
3.316359
0.191707
6.39554
1.816848
-1.089706
1.147091
5.495187
4.921517
5.830648
8.853277
5.307317
0.234072
3.750932
3.256338
9.499303
-1.119371
-0.3436049
7.023636
0.6318541
5.234665
6.989577
4.372925
1.160786
3.718963
5.178256
3.24138
-1.570906
1.193383
0.1740083
-0.5768184
0.2196008
0.08246626
6.292073
6.329113
5.148692
4.828588
4.699181
4.49501
3.232978
5.615571
0.1379514
4.460063
0.6921829
5.774755
-1.352648
0.6979379
4.646723
5.115549
0.2922793
-0.05079225
1.183068
4.903762
5.821982
-0.840323
6.038571
0.04470463
4.441047
6.962247
0.09661169
1.348098
5.449897
4.073572
2.793421
4.870404
6.460192
3.976765
-0.1135041
3.73029
6.387105
4.398081
0.7052591
4.824704
5.105973
1.249676
5.457808
3.611456
6.921968
3.736068
4.312844
5.433605
2.051595
6.315266
7.972056
7.306644
5.348703
5.612459
6.477978
5.631216
4.973963
3.767138
4.299241
5.286243
5.37119
3.933201
0.2743426
0.6410058
4.967303
2.653963
6.523156
5.186215
0.2732411
2.033464
5.616469
-1.23548
-0.8407353
1.141675
-0.3053816
0.5136217
5.783723
6.007799
-0.9544535
5.16365
1.203085
3.341948
0.02580223
5.668279
4.953365
-0.01992524
5.619353
4.328118
4.755277
-0.9649042
4.216738
-1.202778
4.64147
6.314291
4.962467
2.173479
-0.2937164
5.102236
8.160595
5.04124
3.746476
4.318538
-1.439801
0.006615232
4.403491
5.079784
6.747008
5.402161
3.788871
-0.793846
4.134855
-1.813325
1.954216
4.185832
4.399036
5.494168
-1.131104
5.649973
6.305143
1.143404
9.646221
4.175212
0.9018635
5.150354
0.8477778
5.02336
-0.4266555
5.075063
7.349363
3.130695
5.860956
7.48516
5.889612
0.3156437
1.91662
0.7062544
11.28364
1.749394
6.35888
3.931008
2.286115
5.63583
5.208079
7.195467
-1.014174
5.114025
-0.1667792
5.913012
0.2270124
5.6353
4.579039
0.3967062
-0.5603569
5.081925
5.329408
4.719907
0.9087285
5.498948
6.290308
5.364808
-0.5355777
4.812329
4.57161
5.204139
5.735933
-2.705688
4.453373
6.450593
6.826359
6.337906
0.9120176
-1.789125
5.39272
5.751086
4.532116
0.6831861
-0.8133968
3.381976
4.877566
-0.6325056
5.755133
-2.117042
-0.1895139
4.60206
5.974098
0.3146365
0.7065739
0.8780748
0.7806588
-0.4186213
5.067493
-1.633957
1.172789
5.689994
0.7121214
-1.020681
4.083205
-1.141963
5.555062
-0.9990648
5.182406
4.088877
5.903913
3.447205
3.971852
4.421742
1.849658
5.05317
6.432593
-1.438518
4.22934
1.688875
-0.2681016
5.459742
-0.1094892
-1.96643
-0.1805932
1.074398
3.826087
5.623325
3.022526
1.651505
1.824807
2.299981
5.436119
4.593392
0.1942408
-1.22567
1.194045
0.2159348
1.542584
4.952727
6.230777
5.736036
-0.37543
4.046955
3.75749
3.812342
4.972619
-2.392171
0.4364378
6.659748
4.926176
4.782902
7.460015
-0.6212611
-1.102299
3.068857
6.562499
6.363136
0.201356
7.70627
3.84591
6.048411
4.246852
0.6914702
0.917571
-0.6808294
5.412775
5.380988
5.733819
3.839184
0.04424746
0.6442169
6.726259
4.821508
1.784759
-0.534107
5.101588
3.219421
5.285969
5.939568
4.192714
5.057156
5.585693
4.128331
-0.802237
-0.5852554
-0.4055392
4.232092
0.05759802
0.9222788
5.697484
-0.9601217
4.606496
5.111471
5.802637
1.110064
7.139971
4.537131
5.349105
4.0804
4.525952
-0.6073679
4.841935
-0.3193705
-1.258826
0.9834313
-0.8223074
1.618938
0.5108778
1.854407
5.356207
5.729438
2.342024
-0.6912411
0.09199321
4.922497
3.593738
5.951526
4.634387
5.31946
5.642475
4.142829
6.949725
0.006583004
5.732925
0.1526613
-1.648115
6.905496
6.743431
4.552163
4.074818
5.220624
6.345856
4.992204
4.386526
6.215523
5.40021
3.14718
3.620973
4.821625
0.5623072
7.765894
3.405793
4.023809
0.6483759
4.331498
0.9274459
3.356598
4.522911
-1.209647
3.529434
5.807074
5.50046
1.627837
7.365166
5.631261
-0.5424192
4.381213
5.367173
4.642255
-1.246699
1.21996
0.7526506
-0.7977505
0.7278174
-0.09970532
5.878831
5.718673
2.186287
1.582062
5.84789
5.216237
5.407086
4.35785
3.225594
5.37283
4.205124
5.350562
1.212113
5.152628
4.510006
4.978345
4.458568
5.165853
-0.340015
5.664379
3.96899
0.3997315
4.773907
3.712835
5.712046
5.166282
-0.7389607
4.381419
-1.36006
-1.124427
8.408408
4.610682
5.137936
0.09160117
-1.495127
5.193127
5.469716
6.056608
5.630395
-0.2027682
5.4677
0.06071316
4.949762
6.186472
-0.1595183
5.267089
0.5322087
0.2315282
4.102629
-1.951974
6.158985
5.371219
4.571423
0.4996394
4.447326
4.780876
4.30132
-0.4183675
4.921664
3.350294
6.93602
6.104087
1.17138
5.733656
-0.4973969
4.65769
4.987472
0.6518927
4.428719
3.009633
4.650564
2.935235
4.486593
6.050363
4.419935
0.1421167
5.787583
6.002865
4.29176
3.557994
4.922055
0.3427341
-0.02512506
3.322291
6.218662
3.27824
4.856053
10.69033
10.3906
5.217682
4.275932
4.683694
3.387563
6.133941
3.959356
5.380176
5.932732
8.409043
-0.6367259
1.476507
5.222392
5.029698
-0.999087
-1.269605
5.618479
1.06435
4.721611
5.383997
6.944903
-1.235791
4.110503
1.751771
4.285594
-0.464501
4.702941
5.116901
5.792069
0.9902477
1.317209
1.48223
5.33187
5.593667
-0.8398557
0.04812433
-0.01583597
2.884532
0.6229969
-1.947805
5.251472
-0.5127567
5.435309
4.732042
5.26975
-0.2610679
5.601569
-0.5541348
-0.3542648
-0.03327898
4.319801
0.6376996
-1.558908
4.641901
-0.2623539
3.613468
6.154646
0.9666239
3.84169
5.920635
-1.499381
4.149975
-0.1920373
6.155472
4.958043
5.357663
6.347432
6.439765
-0.5235343
-3.06134
0.8989386
0.2201304
3.196727
1.432231
3.645643
5.19765
0.6351958
4.048572
0.6468443
0.3977654
0.3186797
5.058871
5.767346
-2.282112
-0.5578533
5.515474
3.382786
4.635107
5.27913
6.553381
2.845993
4.823148
5.588299
4.695956
1.230414
0.1109222
-1.105692
4.704053
7.450174
5.81213
5.90847
2.41264
0.5411546
4.779027
5.432285
5.145157
5.866458
1.323807
-1.367304
-1.653711
4.853943
-0.1518104
4.650285
3.7609
-0.2454258
5.742723
-0.1593821
0.3667775
-0.6760956
4.270284
4.417687
3.021569
7.983607
6.906273
3.578102
1.078107
3.290488
-0.4061132
4.948911
2.797557
1.207865
0.6722681
0.6138167
-1.815557
4.379088
4.415129
4.849151
3.218016
-1.633814
0.5460954
-0.262849
6.293704
5.141626
-0.568525
6.775191
5.849494
5.826961
5.681296
2.298723
6.427011
4.367128
4.450092
6.188844
-1.76123
5.213459
5.212505
7.383553
5.774554
4.351679
7.722572
8.543499
-1.17321
-0.9660634
0.0858036
-0.7700792
4.81786
1.984951
-0.05341044
-0.1827117
5.89554
6.120425
5.588622
7.108223
3.668106
-0.2020205
5.081172
-0.5077147
5.937291
4.414408
-0.434929
8.880445
-0.5906863
0.2170191
6.517194
-1.049486
4.85532
-0.09957249
3.876307
-0.9572316
-0.1461577
4.328207
-0.6289304
4.792169
0.9844555
0.5709063
1.2609
1.787585
0.3510216
0.04872125
-0.1238114
5.787449
4.576991
1.415499
3.72335
4.732775
5.121587
7.042681
1.073057
0.3858736
-1.373523
-0.5975011
-1.286861
-0.20158
1.6244
4.10364
-0.2961836
6.409597
-0.5530289
9.484018
4.297978
7.4709
13.48409
0.7145057
0.9015022
5.970346
4.98143
-0.4108061
-0.5448087
5.252882
4.584488
0.6286886
0.965751
7.417558
1.892328
5.808261
6.398511
3.910424
3.012281
7.148755
9.239746
-1.274991
5.221366
-0.6515411
1.228895
4.983517
4.361407
5.982193
1.676937
2.716082
3.466493
4.772919
-0.5096989
6.109576
-0.3865041
4.937661
4.473561
4.726033
6.151911
2.535518
4.49987
4.12693
5.441017
-0.610821
4.13322
-1.309606
-1.482441
4.756321
6.50377
-0.8643928
7.650128
5.033494
5.394906
5.655037
-1.696602
4.661514
6.048151
4.642102
4.552201
0.4057255
1.471114
5.988854
8.762571
-0.773106
-0.1088302
5.499668
0.6393066
3.59092
4.469935
6.935959
4.712415
7.342331
4.510942
5.648694
-0.1278336
3.899362
-1.383974
-0.06113286
5.715215
0.3617614
0.4916984
4.91939
3.969759
0.9729884
3.46491
5.640145
5.254784
-1.94708
4.365529
-0.01340822
5.156008
4.832635
6.681326
5.286228
3.500694
6.178313
5.894974
6.948028
0.4289302
5.480494
6.157213
4.854511
6.047347
1.533555
5.444678
5.428926
5.54218
0.007959194
3.865152
0.07772357
5.397935
3.891826
5.889395
0.5219404
-0.7650133
4.931466
4.641317
-1.213327
3.965818
0.6332019
6.086494
5.036573
-1.140013
3.645635
4.56455
-1.580218
7.350166
0.9681381
4.805847
0.3777498
5.982759
0.1389015
5.466713
5.106055
-1.560312
6.11124
5.248878
5.498953
5.17892
3.568944
4.849305
0.04488484
5.162817
0.4713602
7.773815
0.1636523
5.441452
7.017139
5.096753
-0.4538268
4.266947
1.380245
6.911846
4.328161
5.779382
0.5896888
5.309819
0.7990282
6.368286
2.178364
4.836308
4.166738
4.697146
1.284674
5.299005
5.66512
1.533813
4.048108
3.493266
3.907642
0.5077309
6.374782
5.844727
6.068731
0.8049845
4.591468
5.645038
3.538264
-0.02094397
3.172582
3.833765
0.2636612
-0.5468727
0.4393504
-1.286917
-0.7628088
-0.1595844
3.644308
0.9549491
4.868919
6.135701
4.787416
-0.4820494
4.413002
1.783306
-0.5887809
-0.9316357
-1.315108
1.212498
-1.775603
1.006642
6.485746
6.105647
4.28994
4.599634
-0.6728196
5.394659
-0.5250553
3.834973
0.1344804
6.224762
3.909834
5.051465
5.258705
5.785714
5.450794
6.451965
0.6755055
-0.741458
0.7809559
-0.6666756
5.350284
0.3830058
3.877388
0.04669868
1.065992
1.758817
4.510335
6.201995
4.741684
-0.6869561
5.115296
3.671794
4.138829
2.110615
5.55
3.056163
1.422291
0.3875156
-0.1560725
5.27491
5.214762
5.568359
0.7551844
5.008133
4.958681
4.292675
4.396182
5.207121
1.344773
6.472696
0.6199279
7.266555
3.854521
6.298224
7.164082
3.21231
5.864238
-0.7417648
10.25812
4.964089
7.060509
2.612229
5.725511
4.712372
-0.8232767
-0.02503646
4.21694
5.461398
-0.3418052
7.577936
5.772201
3.648646
-0.03799997
2.775055
-1.192336
3.873232
5.549878
5.389594
-1.118676
-1.566093
-1.03948
5.635799
0.6621759
6.349809
0.3518495
-0.7107584
0.0291168
5.057791
5.883389
-0.4159018
0.455299
3.264597
1.961045
5.792358
2.334214
3.274227
6.144136
5.046126
-0.5380158
4.92996
-1.353466
6.108849
4.25788
-0.8044155
-0.807452
0.9619885
5.153119
2.12941
6.364899
6.068277
-0.1542967
1.533656
-0.4235538
-1.249148
0.6322063
5.945199
0.5672458
-0.9657625
6.646319
2.121022
-0.6418959
4.622241
4.34791
4.870737
3.179419
5.843374
3.763815
4.38882
9.211849
-0.5342468
5.657808
5.45524
-2.32057
-0.5010219
4.880323
4.638331
0.2196942
3.681964
6.3192
5.472158
0.6492654
8.452095
0.6541842
1.651116
5.037179
5.378187
-2.481348
7.850088
5.835031
3.612407
3.620938
6.087282
-0.6524239
6.585563
3.967726
1.379534
4.78561
-0.4665996
4.778087
5.128975
-0.1523036
-1.651433
0.8706542
0.5161499
-2.65015
5.431222
4.238495
0.6802168
3.876923
0.2677464
7.65018
0.4853957
5.145608
1.487056
4.861471
1.656063
-0.7179532
6.358962
1.90347
5.530401
5.251922
1.596357
7.133443
5.673003
-0.1557239
-0.4760909
-0.2100196
4.948558
6.813305
-0.4314481
0.8103905
-0.3669529
5.063209
-0.3746288
5.122298
3.611199
-1.198268
5.245166
4.086861
4.618238
5.308088
5.258968
-0.4559869
6.590007
5.257067
5.430345
-0.05610136
-0.3152822
-1.596763
5.899796
6.708063
5.178474
5.243998
7.633513
5.951119
6.41069
4.849749
2.742301
1.933338
5.272273
-1.513546
6.938777
3.300578
6.205611
3.382606
-1.250958
7.098382
5.311627
-1.254932
4.213788
-0.9461003
4.421894
3.443395
0.05821286
5.690867
0.1961076
7.483462
3.694321
6.684461
-0.2774767
0.391772
-2.383828
-1.050935
2.705772
4.350768
0.2943618
3.162644
4.871005
5.616884
5.446528
-0.8287614
6.138935
1.735104
-0.060686
-2.525373
4.683005
0.5439443
4.648707
0.9987771
-0.1964831
2.307025
6.310074
10.1502
5.291777
0.9365078
0.3818328
-2.220057
5.566966
4.574325
0.2669622
7.363357
5.018078
-0.1341733
0.3284758
4.097245
-0.9381357
0.04297194
-0.877785
2.763799
0.8629994
0.8389899
1.156006
4.541188
1.021685
3.650946
4.03516
5.991188
-0.03612284
4.249273
0.07910903
1.845728
5.834298
3.986294
0.4119212
0.3539256
0.2059872
3.511369
-1.000174
7.874745
5.021792
4.671793
1.086786
6.015286
3.446094
4.820837
6.634474
8.564807
4.717512
-2.624155
4.403264
-0.002830602
6.579762
3.607127
-0.8796636
6.165338
3.638203
4.464066
5.916767
4.77353
4.001073
3.976399
4.858269
8.648094
5.377802
1.126563
-1.189119
5.020488
-2.057814
1.656069
0.3568805
5.42073
5.340858
-0.5882684
5.293248
-0.4599567
2.287337
0.516195
3.549002
0.8796209
5.091707
4.144867
4.881025
6.322923
-0.1814956
3.773733
2.002479
4.73271
5.528229
0.6773698
1.174321
5.067429
5.121075
-0.1227352
3.05929
5.065233
-0.3821503
3.028965
4.842631
5.348207
-1.411476
2.263361
4.8791
-0.007779244
1.463726
0.2305982
4.639194
3.992647
4.539931
5.684395
5.189426
0.03082349
2.761077
-2.306379
4.35773
1.853195
-0.4071716
4.163174
3.811291
4.987259
-0.2376269
-1.607881
-0.4957098
-0.3121453
0.1173927
6.266401
3.956435
5.655313
0.7030715
5.033654
5.096587
-0.5130778
-0.3627921
0.003212288
4.815546
-1.684608
6.064081
-0.9930373
0.03574487
4.921752
6.130219
-0.3070571
4.485754
0.7835601
-1.065007
-0.08131955
4.852979
5.548897
1.076445
0.6188287
-1.329277
4.025068
-0.2985247
-0.8105475
5.81441
4.323406
-0.03188184
0.05208048
4.136533
-1.209796
0.754563
0.3304033
-0.6000283
-2.050688
4.687415
0.5772204
-0.1105457
1.398901
5.526689
3.879676
-1.104602
-1.090174
4.520869
4.586111
4.805872
4.532995
0.6642245
6.484852
3.519954
-0.05080308
5.041738
6.430922
4.507084
3.472369
2.171707
0.9648007
5.775316
3.8466
0.2147961
-0.3618283
-1.213573
5.956042
4.755444
-0.5946127
-0.3830011
5.238903
5.19714
6.904582
6.195304
3.489827
-1.197773
5.520999
0.6205082
0.384834
3.513656
7.122082
1.17089
5.324388
4.033125
5.622678
-1.229817
6.906264
3.787135
3.756613
-0.8971223
6.545647
1.208644
4.909155
3.638407
5.28092
6.368867
5.579159
0.6214094
-0.8291277
2.604061
2.590559
8.092117
-0.5771743
4.439301
2.009895
0.8239872
6.133981
-1.640601
4.961524
-1.024005
4.622546
-1.42697
4.823284
0.2834132
3.809289
5.296866
-0.9455548
5.257623
-1.052224
0.1142347
6.310633
6.728937
1.177765
6.144195
-1.298576
4.617735
-1.188897
4.501961
0.03514856
-1.987306
4.674322
5.61915
0.9322479
6.247437
-1.453404
-1.381226
6.69593
0.07512679
4.77234
6.010283
4.134425
0.7372382
5.186266
5.578351
2.819371
-0.3648852
-0.6242964
0.3789758
0.4645768
0.3746473
4.137831
0.1598632
1.328494
2.498839
2.461896
5.24161
0.6799974
5.078611
5.946338
0.4603748
4.110583
4.057344
-1.326706
0.04410612
5.63876
-0.8338882
4.803488
1.531532
4.201031
1.004441
5.030341
1.050227
5.847331
4.801552
3.432471
7.112081
3.448767
0.6980915
5.270073
5.637998
1.672549
4.54613
3.84211
0.7149218
5.148755
1.466615
3.902313
2.074073
0.3422169
-1.696782
-2.134067
6.434255
5.253785
6.16925
1.19071
3.472943
4.072042
5.088022
5.712108
4.000676
5.758655
-0.2730382
5.268367
-0.9691144
3.631617
-0.09488325
6.551079
5.614996
4.777431
4.598533
4.879919
6.077063
5.029897
0.2554929
5.14138
4.67957
2.573524
6.716399
0.5135337
4.650266
-2.615167
-1.39121
5.293698
6.117224
0.0103173
0.6355384
-1.652951
0.2160159
-1.28282
-0.8027955
6.09951
4.329409
0.582527
4.614921
4.10642
0.9895416
3.239316
5.212388
-1.101391
-0.3394819
6.517628
4.733298
11.91108
1.490388
4.15174
5.884888
0.09160923
4.338917
3.900184
5.621512
5.594877
3.870336
6.287009
1.43267
3.947824
4.267443
4.523678
5.579652
0.6371666
4.88912
-0.7707521
4.477877
0.4267202
0.002226188
5.422191
6.561873
-1.531688
5.627193
-1.302245
7.10074
4.379863
4.469362
0.6890441
9.441809
4.704419
6.54666
0.007647464
4.147415
3.949157
6.861398
0.1440208
4.076255
4.378045
0.520589
-1.120606
0.7340241
-0.856787
3.596968
1.085054
0.5528469
6.167215
0.4956414
3.566665
-1.74811
3.494148
4.472292
1.224921
-3.067838
2.86261
-0.5004584
0.8260831
5.140787
6.67939
3.916715
1.551897
3.421753
-0.5913665
4.866669
3.909081
0.698443
6.346065
-0.6184685
-0.9676926
3.919831
1.163639
-1.188477
-0.10142
5.660219
6.740664
6.435522
5.721725
4.786573
3.132698
3.458575
0.4722488
0.4594475
0.146965
2.09462
2.760996
4.184516
4.718257
3.26649
3.870013
0.9498255
5.645808
4.1445
-0.4496
5.987598
3.246379
-0.6461365
1.980843
6.064009
4.97767
-0.4443924
2.507855
4.781319
2.554864
1.446133
4.032382
-1.589137
-0.2587867
-1.302615
-0.4057521
0.3329043
4.702938
4.459451
5.216456
-1.386876
6.071806
6.315178
6.119236
0.1101842
4.352995
5.826051
4.782117
-0.1367874
0.5543117
4.757517
7.553201
4.130545
0.520872
8.280008
0.5518798
5.622866
4.600756
5.148074
4.803053
3.585783
-0.8797245
-0.5059201
5.846611
3.134011
2.95731
-0.2140499
3.865566
6.588943
5.388293
4.613789
-0.6880344
6.156091
6.446827
0.8854806
1.045217
5.403546
-1.493824
4.163986
-1.152893
5.49934
5.088811
4.593104
-0.4390234
4.798308
0.773322
5.974964
6.52333
5.474853
0.008525049
6.002202
4.530696
0.1407803
7.454477
7.130627
6.037957
5.229893
7.217515
-1.353353
0.8482447
5.098843
5.689564
4.567823
-2.342324
5.588567
4.699322
3.327178
-0.07443886
6.223191
-0.276231
-1.168912
3.055562
5.65606
3.887607
5.212429
0.9346543
5.810702
-0.07862481
4.228955
4.018122
-0.101973
4.485236
-0.5825882
5.266655
0.7503179
-1.160456
4.609956
5.713455
-0.178972
0.6329054
4.896086
1.821782
0.1237194
0.4207593
5.260262
5.368242
4.120127
5.120824
6.912625
4.345483
-0.003251083
-0.1642971
1.403598
5.690391
4.447748
4.138109
4.798632
-1.74134
0.5138918
4.483345
0.7376962
-0.8476275
-2.217658
0.2992496
-0.2331549
-1.078595
-0.7465992
5.152521
3.757532
5.305215
3.482784
-0.5095762
5.301935
-0.3117525
3.652005
0.8055681
5.586191
1.019474
-0.8201605
4.019431
-1.182716
5.635012
1.716428
6.464043
-0.4232846
4.893023
3.001606
6.348304
4.828197
-0.0192765
-0.824781
0.3755887
-0.04725315
-0.9641858
1.465296
5.29019
1.118128
5.763757
-3.079468
0.9804192
0.9083458
-2.109614
0.4539331
-0.7322248
1.105589
4.123273
-0.83444
-2.083542
0.5158495
-0.02943806
6.354007
5.031763
4.823328
5.809071
0.3648469
4.388025
-0.009595614
-1.859847
6.3851
5.674377
4.155641
4.082135
3.712846
-0.9278883
6.986482
0.3698186
4.678841
4.847219
3.345569
4.964063
5.295191
-1.546372
4.97424
-0.05870166
5.580118
0.5610683
4.54891
1.566213
5.957131
-0.5450209
1.452378
6.162202
-0.3864161
4.165437
3.671127
-1.303133
-1.643636
0.1689056
4.890114
0.2468415
5.059089
-0.4262537
4.5984
0.3924497
8.229797
0.09794404
3.593121
0.5070187
4.151959
1.410168
-0.5135505
6.165464
3.861896
-0.4560126
4.990109
4.649493
0.004521441
-0.7618079
0.2132599
4.208453
5.5892
4.116365
5.334877
6.068641
-0.913946
-1.157099
5.951175
3.855212
4.007204
5.472222
4.182853
5.28583
-0.6940185
2.931652
3.948193
0.1201538
5.223765
1.341665
3.447899
6.400471
4.901302
5.818406
0.430374
5.416718
5.151536
1.251751
-0.4126454
5.495593
7.071313
4.873455
4.054885
4.086497
5.033066
4.699667
5.470072
4.089322
-0.2129126
1.046124
0.2708174
7.241011
-0.9094814
4.809698
4.533138
0.1666466
6.031864
0.9364664
-0.3065124
3.506025
5.816554
1.692511
6.036321
5.511108
-1.282475
1.11985
6.53853
9.015241
5.199032
4.666487
5.020374
-1.133855
4.31114
4.387826
8.199837
-2.297394
-0.6255934
4.975558
4.649467
-0.6408836
0.5292927
-0.3322725
0.7104132
-0.543517
3.984365
5.237712
0.2956062
0.7666466
1.002466
5.103314
4.337093
1.362806
7.425018
-0.1771803
1.441374
3.371214
4.352038
3.786015
5.74538
5.64607
0.7037812
0.5767068
5.779765
5.574431
1.493819
3.529906
5.454001
-0.008581975
0.3484248
3.95551
5.076196
6.618213
-0.03953299
-0.2380707
0.5034974
5.477491
6.408725
5.606599
-1.015502
5.582524
3.720599
4.12559
5.906286
-0.7720269
-1.934713
-0.2730407
4.249964
5.20575
4.168092
4.655547
5.857514
6.992589
-0.2372951
5.364775
-0.2161255
-0.2472004
3.518067
5.847644
3.563094
5.485811
0.4553155
5.685315
2.69422
3.841283
5.494586
0.6036175
5.30553
1.584849
0.01066235
5.56587
4.70885
6.382281
-1.267749
4.690203
-0.1006669
-0.570889
3.731849
0.9529674
4.938691
-0.07434132
5.7202
4.833332
1.264964
0.4445391
-1.599261
2.200032
5.425473
-0.8289141
-0.04145838
4.957681
7.14881
4.310945
-0.5450815
4.864005
3.266961
0.5020106
-0.7503702
5.122183
0.09732585
0.1290639
0.9125813
5.186319
0.9119523
-0.1638928
4.823975
0.6182129
1.381115
4.032628
5.207162
6.461856
1.62405
2.707378
1.927106
5.333381
5.648887
4.987845
-1.181932
0.09225854
0.05717895
3.380415
4.453239
5.123844
-0.7516
3.482995
3.950022
6.578777
7.23978
0.9798462
5.185655
6.162087
7.579661
6.281254
0.7780268
3.404386
6.3124
6.040772
0.5513173
1.205813
4.860464
4.652828
0.558995
-0.8456187
5.416477
1.118181
-1.558574
5.065007
4.531288
4.228537
4.175504
-1.662494
4.994745
6.84172
4.385991
-1.410593
-1.492652
-0.1152344
-0.7601404
3.839559
9.888688
2.940371
0.1737956
5.651993
-0.7196067
6.720565
4.848663
4.999863
5.779245
0.099803
4.480513
4.409313
5.807829
5.247788
5.454537
5.44385
5.521193
4.460817
6.050389
1.057636
5.510729
5.316828
0.2934397
4.495368
4.153975
3.615277
6.438097
-0.2683041
-0.2118806
4.961259
5.377433
0.3579188
-0.4208315
4.377496
5.46539
0.9499345
5.176977
3.010425
5.331212
-1.031529
-1.446638
5.214229
6.340863
-0.4749007
-0.4306955
6.184179
-1.109004
5.260645
2.304892
-1.108702
4.059892
5.62777
4.913242
6.870683
0.1593422
6.330914
5.384446
0.2223687
0.3775715
1.255305
1.334323
0.06206727
-1.540394
0.3295435
-0.2397143
3.66556
4.656045
4.94267
5.246353
1.330055
3.411999
-0.9235723
6.109482
5.403924
5.55999
4.445248
6.148142
4.481602
-2.284173
5.634617
7.442826
0.2328318
2.066851
0.4245819
6.062225
3.38759
1.02502
4.800148
5.729708
5.151455
6.654549
5.139698
4.424073
2.777012
0.8077061
5.053255
-0.3524587
4.324371
-0.1339731
5.902352
1.15821
1.540204
0.07769873
0.1138815
6.610196
-1.172085
0.1737447
5.036975
-0.4829442
0.1405617
0.7986254
5.323988
5.677909
4.351679
4.342093
-0.6637919
4.425204
4.986971
7.973402
3.930458
5.558777
5.284155
2.000945
5.756363
1.587276
0.9810155
-1.872925
4.950319
5.914939
1.479481
5.888067
-0.2561943
0.2660846
3.894706
-0.2341648
5.687167
1.258129
5.74957
-0.7655138
4.22026
6.137337
1.968179
5.43755
5.725095
4.31307
-0.4555785
5.883228
4.668407
4.246751
6.782725
7.008402
5.720055
-0.3666518
-1.033869
8.386715
4.49539
4.038673
-0.9638939
4.393732
0.7427908
5.43195
0.4228297
2.184829
-0.2071789
5.929344
5.596272
4.182819
0.777895
5.455139
4.400999
4.381375
5.209201
1.308703
0.6504097
7.159261
0.7993486
3.767221
4.913393
4.811182
3.352998
5.9304
0.5844126
4.282337
1.344363
-0.1739405
6.794124
5.543877
0.9211664
5.434261
6.08354
4.392692
4.400722
4.947853
4.804194
-3.651569
5.437046
0.3845371
-0.2101489
4.527138
5.803278
-1.389107
6.414011
7.500726
3.600684
3.630796
0.9348724
1.134884
4.266203
3.704832
0.3892133
3.413815
-2.704096
5.424342
4.769838
3.568583
0.009761244
-1.786455
0.6747081
3.910649
6.10571
-0.6204967
3.335356
3.432426
-0.5793379
-0.809052
5.044513
5.240708
4.237657
6.564457
0.1854591
5.805985
-0.8276913
5.097517
-0.6564658
4.397321
-0.6421359
4.039902
0.1553888
4.707806
5.057364
-1.452956
5.842465
5.894831
4.75117
-1.652795
5.471693
0.5331347
4.084753
6.119991
5.490523
-1.914601
5.449312
4.329632
5.77605
-0.5352163
5.050611
3.140758
2.069411
-0.4266187
5.011676
0.6542314
-0.289297
4.537867
5.205679
3.296428
-0.2741523
6.518275
5.818136
1.725791
0.9890405
5.393298
6.210026
-0.7349649
5.495129
4.93599
5.161486
4.398397
0.1156077
3.772539
0.09885836
6.017995
6.242374
5.726636
-3.152494
4.457725
7.091222
-0.8218774
-0.8231907
3.411721
-0.07793523
6.436701
-0.7065719
3.862042
1.918564
3.60762
5.051185
8.055256
-1.142458
5.990209
1.501851
-0.4345241
5.18759
-2.306776
4.162785
-0.3243558
6.053587
5.943827
4.371274
5.35808
4.440102
0.1581287
5.662599
5.407546
1.260103
7.584577
4.842931
0.1095395
0.1535625
-0.5544073
5.818806
6.581132
0.8598934
5.322755
1.256297
4.591809
3.781992
7.240999
9.99284
2.950544
5.252718
5.432602
6.258263
6.201119
5.850821
4.820969
-0.06086664
4.464364
-0.3077636
3.51765
2.739428
1.524034
-0.1777774
4.601385
4.938724
4.373766
-0.1964029
4.924566
5.56686
0.01800028
-0.1172059
0.4654057
5.034089
0.07260184
5.135696
4.197744
4.721926
0.9681924
1.120094
3.872844
4.147714
1.035749
10.93458
4.000217
-1.777524
5.507907
4.497388
-1.34311
2.951668
-0.6281875
1.602278
0.236592
4.771266
-0.3397188
2.242129
1.860203
0.7359324
4.084403
3.963558
3.365013
5.463654
6.923536
3.901409
5.321225
6.014578
3.301189
0.5873256
4.938462
-0.5917383
0.756778
3.531442
-0.478875
3.389326
0.9290553
6.968072
0.1217213
6.226175
-0.3656046
5.662667
5.872311
-0.3456385
5.624084
9.23683
0.1299504
-0.3547278
-1.620244
5.84792
5.946361
4.857054
-1.176588
4.256725
6.941857
4.666073
4.812336
5.760325
0.3273043
5.1207
4.526962
0.03135276
5.7418
5.099637
5.938008
6.124869
0.1170174
4.583327
4.689838
4.775795
1.281213
5.854653
4.645285
5.199963
-0.3086235
0.7004922
6.482197
-0.05692224
4.509098
-0.1564326
0.77906
-1.081866
4.729584
5.81234
5.133881
0.0693255
