-1.022248
5.898495
4.564431
-1.920931
5.306422
0.4194625
6.853157
5.164612
5.52339
4.417869
5.232889
5.774923
5.860265
0.9578457
0.5848899
8.007832
4.430604
6.257549
5.015315
6.055238
4.230152
0.9471591
5.630725
0.6692524
5.533123
-0.1109926
5.314721
1.460747
0.02256723
5.520857
4.05258
-0.5354933
0.4143793
-0.3558267
1.351809
0.831436
-0.9936043
1.023873
4.685852
0.8669006
1.074801
1.237277
5.744194
0.4936057
7.127536
0.5349352
0.4255217
8.35286
5.030728
5.286587
4.667282
5.076804
5.711459
1.152211
0.08647726
-0.1477221
7.474584
2.882103
-1.870464
-0.210622
6.76864
4.739448
-0.6303691
0.4216701
3.859976
-0.7194863
0.8159012
1.347245
5.100656
3.532486
2.005159
-0.8200093
5.744969
0.8942112
4.475439
5.781429
0.3754979
2.626681
0.1974086
-0.1200064
3.630419
-0.2353169
4.724235
5.507508
-0.3038083
3.267859
3.000439
4.964494
3.36925
-0.2014134
5.05097
3.493872
-0.2780419
0.3391998
5.194975
0.1428882
2.147711
4.037161
3.316483
4.837218
6.102231
4.86063
-0.5874361
3.578806
8.63197
4.69405
-1.186846
5.501851
5.047603
4.997027
5.912348
6.403707
4.115837
0.5597788
3.546472
3.971451
3.693246
5.886618
4.542537
-1.007048
5.087855
4.854797
0.4266888
5.665936
-0.7826797
-0.3779893
4.236874
5.533741
-0.02706576
4.926161
-0.08924042
0.07097635
0.6124531
1.422784
-0.4893161
5.002577
3.558498
5.240057
4.379088
4.956874
0.9507227
0.6364624
0.2678144
7.124023
5.335543
-0.2261438
-0.5672854
3.948353
5.110261
0.3579105
-0.06909835
-0.6204958
-0.5787298
4.287582
6.227006
-0.8350641
-0.6482408
5.606698
5.713498
3.148629
-0.4920563
5.955176
3.714969
1.150316
-0.4821565
-0.9095043
5.214064
5.758623
0.6410611
4.572339
4.600524
0.8475257
-0.5681298
0.6886186
3.222097
4.801681
0.5174057
4.738815
-0.02473978
4.413508
5.078579
1.023862
0.2310157
6.822828
-1.472506
4.683314
1.049096
1.190855
6.308016
-0.9581294
3.25832
3.953788
4.487238
1.155941
6.674877
7.005962
-1.852364
4.976213
0.5511004
6.186713
5.40849
1.001625
0.1856692
0.310548
3.359525
6.427035
1.055996
-0.5312506
5.809873
4.949885
5.14975
0.388772
6.33868
3.557586
4.835937
6.412742
6.307645
0.2518104
-1.071264
4.834884
4.052459
5.284802
6.13453
-0.7100157
0.9661304
4.878764
4.688554
4.248739
-0.04886339
-3.414273
0.648203
5.846786
3.734813
-0.6435279
6.80107
0.950288
4.425767
2.85892
4.828433
3.202854
0.05456543
3.472732
3.757636
6.906333
3.943218
4.105925
4.651885
4.385667
-0.02874245
6.369445
3.609874
6.942299
5.446955
2.528813
2.94181
5.880088
-0.04305261
-2.470613
5.211339
6.102203
-0.7931507
-0.5332218
1.049616
5.376673
4.372901
0.8580412
-0.2303429
6.315192
1.205313
4.701944
-0.6998523
6.314278
0.8484964
5.9833
4.017925
3.380275
5.47396
4.610013
0.8994673
4.394641
3.480409
4.61535
1.212022
2.532181
1.172778
4.738066
-0.6132696
6.252492
0.7950006
4.75258
-0.3327252
5.328189
5.900631
3.257666
-0.1348427
6.1656
5.093952
1.709056
3.458909
1.007904
7.280794
6.326541
5.480295
0.9297504
4.900921
-0.2704784
-0.8223987
5.051221
3.991812
-0.1018743
4.112578
6.132066
0.2058461
0.3847419
5.716067
6.22328
5.877765
5.170716
0.6509264
0.1583259
4.250917
4.484402
-0.5413079
8.20903
5.898235
5.840376
6.279396
-0.07795624
5.939267
0.8262821
4.415499
0.2832831
3.993881
-0.4439173
4.994821
0.9738896
6.237524
1.105557
-0.03809661
4.906153
-0.1707311
5.986863
1.003203
3.868298
4.038204
5.877155
-0.6284701
5.475168
3.922934
5.72093
6.378462
-0.9196385
0.5724529
3.219068
2.205843
4.657828
-1.581675
-0.3922497
5.479735
3.50102
1.598112
-0.5951045
2.311144
0.7672031
5.026036
2.686396
7.08872
4.633419
5.545598
5.088101
2.634267
-1.149846
4.320069
3.105063
-2.419937
3.878795
6.611936
-3.007202
0.6805175
8.356218
3.796327
-0.4731148
-0.2953416
3.739346
5.840453
4.290077
4.735871
4.578227
4.232484
0.987458
4.693836
7.382995
5.189353
5.651254
3.116355
4.232797
4.981018
0.1870812
5.786306
-0.6793809
0.3528341
5.257587
4.943547
5.289309
3.386639
0.143174
5.389842
0.8101128
4.178998
-1.260997
3.881943
4.220023
7.522233
5.009929
6.002927
1.109697
2.734163
0.4303258
-0.4954673
-1.028607
3.992557
0.03037563
-0.5706772
6.33901
-0.3685936
-0.1320624
5.315808
0.1534571
5.197559
6.809536
1.707165
0.1484892
1.128177
5.107913
5.960779
4.124113
5.166121
0.2437721
4.764876
5.159386
5.998681
-1.975133
2.963849
6.074085
5.68791
5.218255
5.820831
-0.5995497
-1.148847
0.2058747
0.1569251
3.99981
5.160329
5.350692
4.635671
8.186535
3.841093
4.555547
1.431123
4.404813
6.57831
5.229458
5.322558
-1.395944
6.42538
4.32187
0.6113016
0.6131726
2.96698
3.882354
-0.8233867
4.162123
4.655319
4.952231
-2.21194
4.470503
-0.4206276
4.359498
7.956958
0.3469853
6.790595
1.532682
1.361785
4.932059
-0.4608952
5.592174
4.61806
0.2833351
-1.387129
5.843653
0.8984435
1.214659
5.006365
8.861918
-0.3748922
-1.200149
4.964956
0.3007844
4.880264
0.5517206
