0.2400911
-0.2630432
4.632192
4.995492
4.941249
2.427121
6.776149
4.704019
5.647239
4.91322
8.163066
-1.09407
4.259485
7.319285
5.089397
3.929044
5.440807
1.75218
-0.008719369
4.279741
4.450786
5.028872
-0.1242826
5.721679
6.379092
2.529131
5.879279
0.4391771
0.8390687
-0.8976975
5.092932
-1.056212
-1.403857
0.3134013
4.95564
4.884042
4.770482
4.903725
-1.998606
4.716153
-0.8565129
4.766236
4.808792
3.672026
0.208568
5.582995
-0.2590619
0.5030953
0.6069233
3.982733
4.25516
5.830329
5.829307
5.685287
5.028529
4.441612
0.940404
1.497881
5.400222
6.286093
6.152152
7.26807
1.265515
4.87479
5.091518
5.512813
3.602109
6.307356
2.146576
-1.448717
4.958213
4.091082
3.422933
0.329026
0.5999291
-0.06514296
0.0819766
-0.07602213
1.845852
0.2438271
-0.4213444
4.882463
-0.4976397
5.000494
-0.3975311
5.448325
0.4799227
1.604117
-1.114012
3.814167
5.243196
0.6436259
5.320459
6.083413
5.639462
3.507894
-0.8634669
5.087317
0.2054575
-0.7559868
1.947784
0.9497119
0.3395729
-0.1996878
-0.07116662
6.281481
-0.7203961
-0.2300092
-1.00852
6.551168
-0.4763092
1.979125
5.247112
5.564633
7.243329
-0.9038926
6.21438
-0.4805977
-1.401267
3.445211
4.121175
8.845421
0.2163323
4.985295
2.218709
4.790888
-1.049931
3.791841
5.996313
-0.2760866
4.844333
0.09628439
5.880735
1.178509
0.6551207
6.312012
4.330012
5.185556
-1.8002
6.429041
7.687072
1.558053
4.83765
9.847122
-0.5523328
3.312946
-2.255676
7.037784
2.422837
-1.402413
1.138847
5.462086
-0.5961815
6.005265
-0.09607169
3.68037
5.048482
3.944022
-0.1185702
4.170279
0.5784513
0.2460393
11.03674
3.839449
1.547112
-1.253018
3.955699
3.8834
-0.6754838
-0.6684359
6.923279
-0.6955476
4.702583
3.772356
-1.040313
3.080566
-0.04753656
5.287493
-0.06994075
0.1619409
0.782782
2.378686
4.895464
-0.6736665
3.660785
7.147843
4.717743
3.863701
1.259258
0.2667703
-0.7480418
-0.0213816
0.653138
5.217474
3.260611
5.069579
1.234609
-0.610203
1.045659
1.969758
0.03240772
-1.407358
5.067118
4.762357
-0.08105759
5.613393
-0.1321881
4.505427
1.098476
3.808826
5.401824
3.293437
-1.058344
3.754529
-0.6917932
3.223607
-1.565362
5.899402
1.156909
-0.2833476
5.221559
4.781586
4.978462
10.3964
-0.8847526
0.1037747
4.926165
5.04799
3.791903
5.621997
3.041366
-0.4326413
1.360414
2.670336
7.90896
5.502813
6.025321
1.97204
7.256844
0.01136371
5.954284
-1.509314
0.8313097
0.5521873
4.510346
5.715261
4.610096
5.692297
1.212968
5.155486
5.50461
5.4458
0.5382423
4.198199
-0.2537926
-0.1651501
6.111575
3.715272
4.934075
2.913214
1.968254
6.062299
0.6468733
6.531081
3.765728
0.06448177
0.3655725
5.990578
-1.395003
5.759614
10.72081
5.542941
4.344863
7.290969
6.185505
-0.4358944
4.836329
4.005353
0.3014149
0.873853
4.796366
3.843071
0.2227349
3.58547
5.81103
4.733929
0.5564462
5.753908
5.240562
4.180961
0.5168948
4.85942
-0.8810717
4.142605
4.669566
3.47036
1.988515
-0.07800319
4.592687
5.100784
5.999449
4.957387
6.305387
-0.6453104
5.317452
0.1329057
-0.1673738
0.3819774
4.987285
0.613743
2.388491
4.757001
-0.637655
-0.911155
1.682923
5.951811
5.375835
6.200646
4.117422
5.303366
1.211176
0.2619689
4.749921
6.54426
6.096093
5.72193
4.749493
5.735172
4.602132
4.746837
5.258747
3.996085
-0.5520393
3.606574
5.516568
8.936035
6.027222
-0.4015924
1.364005
3.789843
5.046134
6.092188
4.349606
0.7665275
5.92728
-0.7069662
4.090308
1.110495
0.4535557
-2.328044
2.366394
5.696157
1.060333
-0.2824037
6.358107
5.651935
5.115447
3.756364
0.2780064
4.849179
5.866227
-0.943024
-0.2429294
0.3519068
0.569547
4.611503
8.305067
0.4080788
1.363961
-1.110408
5.387975
3.564569
1.028879
4.856921
-0.4280968
3.635174
0.9342866
10.8254
4.608131
5.695247
5.462606
6.004363
3.202712
-0.3638009
-0.1204119
6.843846
5.516441
3.400241
6.081242
1.459996
8.963643
-1.409096
4.049301
-0.5869637
5.410073
3.619003
5.888776
2.25338
1.369748
1.92274
5.965178
5.114442
-0.2217511
-0.4954252
5.525773
6.74686
5.807652
5.298358
3.287192
0.5647758
7.177852
-0.8394176
-0.1629809
-0.7559186
5.280288
-1.086469
4.797576
-0.03709618
6.004652
5.482045
-1.369114
0.6992507
4.696483
6.13373
-0.2257759
5.586375
4.706455
-0.6703395
4.504005
5.133321
5.139668
5.360384
2.401559
0.638583
1.533279
0.1492696
7.191428
6.06765
0.06617321
4.209065
0.9404401
5.811409
4.402969
3.459254
4.956191
5.300451
3.419838
8.456554
0.8086802
2.920781
-1.179741
0.4469332
3.805669
-0.2168783
6.100678
-1.152418
4.531849
0.9438716
-1.510755
0.6465703
-1.173782
-1.643021
-1.138831
-0.2684429
5.832342
1.184385
3.603283
-0.2162102
2.331449
-1.328683
5.460458
-0.4981486
3.789655
-0.2158164
5.619661
7.086295
0.9045495
0.9358744
-1.07655
4.12619
4.32016
4.397689
-0.8641252
0.4825689
-0.4970985
-0.3729759
5.43956
6.947299
0.8555453
2.974165
0.2120314
4.954666
0.3748639
3.692877
4.189416
-0.5928703
1.078252
5.875825
5.451657
-0.2026572
-0.7351011
1.409754
1.127136
5.700456
-1.047413
1.99231
0.649203
5.215761
6.109946
0.7366922
3.842916
0.6249541
6.234154
-1.863424
5.262513
3.660954
6.647322
-0.2050925
4.002394
4.947029
-0.7408335
5.889027
0.8512277
4.414332
-0.6088217
4.578745
-1.049539
5.003987
5.50565
4.396135
4.739586
7.690396
6.656145
4.153222
-0.2605793
4.676124
0.2971628
0.1216266
0.04197488
4.629413
-2.580936
4.716807
4.606611
-0.5539707
10.39279
5.269266
-1.056664
-0.2066939
4.660931
-0.04095831
6.671452
2.337211
6.831993
6.343945
6.176799
10.56077
2.145545
5.366912
4.123475
-0.4438338
6.18327
0.8147868
-0.2743524
5.189221
0.8845189
5.625997
4.863654
0.1455087
6.570759
5.332423
-1.103756
5.292592
4.50611
1.522338
-0.340259
4.246447
5.973732
4.909227
1.328575
4.357617
5.221344
-0.05805762
-0.1209392
4.825323
5.294437
6.305499
5.028993
0.3810157
2.434442
0.7777311
5.413949
-1.190991
3.892039
-0.4840814
-0.5517485
4.796632
-0.4233105
5.320307
7.172318
7.091612
0.3447758
7.94016
7.084629
3.474709
4.524434
1.036118
-2.219648
5.086835
2.06704
4.197958
0.9292531
-0.7764066
0.8579407
-0.06464045
5.866048
1.986796
4.90577
4.418103
-0.8612011
0.9508839
-1.761954
5.910243
-1.835817
2.448353
6.339704
3.00167
2.080078
5.512638
-0.3131911
1.16811
-1.041609
5.593497
5.740952
5.715226
1.64162
0.6396039
0.6053937
-0.2836875
4.579654
5.597241
8.33586
-0.1048268
5.322984
1.301981
6.078912
5.088846
5.328597
0.7298395
0.4559476
5.220044
6.033138
4.85948
5.491659
5.620181
0.06907719
2.48903
5.570469
3.301489
-1.251358
1.398355
4.500804
7.41849
0.03461464
0.1532056
-0.4274003
-0.7028406
-0.6377341
3.272651
6.022242
1.657349
0.3251077
-0.7523843
5.351873
0.9301883
1.032109
2.320638
-0.8225979
0.1417635
8.044405
-0.3347711
-0.8206313
1.824728
4.268174
4.096246
3.920587
3.720465
5.172873
-0.8375162
4.943158
2.111178
-0.2445979
5.599887
4.124303
4.182433
5.193785
5.149288
0.9579636
5.758373
11.41565
4.827938
0.04536584
4.765635
4.7595
0.2197054
4.166851
4.752311
4.831612
2.32954
5.631842
5.637677
3.898568
4.378963
4.44142
4.234297
0.4222651
4.874275
-2.113698
0.3112997
5.051631
3.483039
6.053904
-2.514015
0.9635971
4.17239
5.590128
4.268277
5.363976
6.33805
5.352649
4.944781
5.392523
2.426563
3.777346
1.701344
4.854028
7.436
4.282458
5.376488
6.172422
-0.2619001
4.750404
-0.9999582
4.251036
5.093182
0.9017459
5.449397
-0.5144257
4.707912
-0.09922727
0.2672648
-0.6975708
3.017453
4.432356
0.05459094
-0.5956338
0.2924037
0.6721376
5.236832
0.3645352
5.452017
12.44684
3.445127
0.7768607
6.428023
3.757459
-0.9231698
6.277112
-0.4268293
5.575407
9.602594
-0.8740673
6.400834
-0.5625191
4.893407
-0.2377002
6.714397
5.996815
5.145597
-0.194076
4.200751
-0.5028686
-1.162389
3.954395
4.269685
7.218231
0.7544139
2.825507
9.337924
8.102761
4.726348
-1.247998
3.916356
4.416919
0.7458794
4.617696
4.901477
0.2659615
4.592546
4.099962
2.773258
2.758048
5.227918
1.150109
4.227401
0.07369423
6.444974
5.546718
1.510333
4.870712
-0.5567335
2.13021
6.20731
5.419727
4.562992
0.9346039
6.007524
5.848065
4.689926
9.775701
1.955239
5.33898
-0.5234849
3.946321
3.817222
6.075188
-0.2523252
5.65967
7.188084
7.439568
5.553967
6.732596
1.330512
4.964023
-1.721873
-0.6425429
1.891029
3.121316
-0.3132702
6.314691
2.962242
0.7730173
5.401491
1.584474
-1.633873
5.348059
-1.042264
-0.4881043
5.505078
0.3347486
4.811675
-0.709267
-2.591743
4.542771
-0.3514125
4.1935
6.15047
-0.3121014
4.803613
3.335632
-0.1865419
4.564279
-0.7243567
3.770227
7.664798
-0.6753483
5.041338
-0.8654746
-0.2063359
6.258629
5.689131
0.2509619
0.8614524
2.817048
4.529779
0.04502253
-0.0007680294
4.154906
0.5819464
3.660981
5.28683
6.007302
5.311051
5.68908
7.324788
6.563775
3.343247
1.052578
5.40598
5.144273
0.1024383
5.187229
4.086554
4.273855
5.240637
3.586118
4.298338
0.6489997
5.562718
5.340808
0.8093422
1.205985
1.434696
0.2385299
-0.8826378
0.04075817
-0.02890852
1.320218
-1.669499
1.493675
-0.5591202
3.548355
-1.995118
3.863425
5.985912
-0.8685541
5.160236
3.737141
6.485812
-0.7657612
3.693893
2.415786
5.78772
5.639172
5.390454
3.330976
0.2745382
0.3763837
-1.292263
-0.6036357
0.791161
-0.4513682
5.150896
-1.4677
-0.3973108
2.858822
5.240577
0.7843324
0.6783588
4.638894
-0.1991036
0.1186112
-1.689002
3.210078
-0.3435662
5.316153
4.364409
5.780104
0.3554363
4.806935
4.9776
-0.3789995
0.8934943
-0.7594398
5.744373
1.067632
5.614523
5.552184
5.278013
-0.2954026
1.048292
10.43459
7.477339
6.434467
1.016592
0.02983726
0.5366929
4.988703
2.898253
4.37824
4.361643
5.526118
5.077708
-0.6754918
5.92167
-0.3573149
0.8186557
-0.8304175
3.449015
5.315356
0.08715662
4.652498
-2.189504
1.43638
5.22711
6.056996
6.811068
5.04651
0.6119866
-1.830603
0.9572699
2.650865
4.514309
10.27011
3.074939
3.979225
0.1750379
3.74014
4.722162
5.73684
-0.406195
0.6498334
1.445238
6.905147
-0.8241835
4.550373
-0.4694145
-0.5398933
6.070807
4.785166
0.2249624
4.679868
5.542943
-0.8333533
0.5790849
9.122648
0.6696348
4.868786
5.01541
4.395206
-1.178676
4.888722
1.060707
1.046052
6.263268
-2.088568
4.971112
4.801022
7.45798
-1.456238
-0.2007314
0.08996017
1.003057
4.314068
5.057865
5.057638
-0.7263703
-0.2315444
4.605373
5.87293
-0.08098645
6.861845
4.951898
-1.730038
3.92505
10.13281
-0.9273439
6.405826
6.113786
4.797784
4.042992
0.08033678
-0.3963669
4.400097
0.1149792
0.1251502
1.545171
5.008109
0.02615595
5.331745
4.818675
4.43583
8.658169
6.430323
0.06176867
5.347872
5.53461
-0.7350089
-0.07156273
5.950933
0.6424294
4.851357
-0.6132045
5.559766
-0.7438476
4.448418
0.6866951
4.925218
0.1122252
4.403111
8.705662
0.231723
-0.09744004
4.737153
5.555164
-1.099258
0.9029878
3.109477
5.293199
6.232786
5.086289
-0.6017955
11.2813
-0.04302551
4.801851
4.964896
0.4059176
-0.3999655
0.7175263
4.333166
3.329111
3.176617
5.013263
4.202154
3.470957
-0.7232748
4.412174
4.873849
7.129183
5.419196
-0.9167657
0.09255357
1.11349
0.7041744
5.816976
0.7822749
-0.2437405
1.277723
6.002246
1.811606
0.4833754
5.753594
-1.55852
1.265632
6.325647
5.795538
10.74473
4.465734
5.95331
4.569953
4.342477
5.30352
-0.1727543
5.13453
-1.300194
1.982772
0.0007126561
-0.6427324
0.1058509
10.11469
-0.8372453
7.761587
-2.898899
4.567071
5.494957
1.375005
4.367535
4.146409
-0.03293891
6.168965
6.116293
6.793377
1.469003
-1.364837
-0.8792298
4.279784
5.435716
3.466951
3.816594
7.110885
-1.166113
0.2165475
-0.08234723
-2.06326
4.546933
5.755548
6.371725
3.814932
4.387672
-1.251294
0.2289083
-1.635644
4.912218
-0.806603
-1.417087
4.836753
5.965483
5.571647
1.18972
3.78826
4.994837
6.105334
4.724883
5.408924
5.819717
-0.5695118
4.496346
-0.4623604
5.159508
5.256018
5.99976
-1.656857
4.495462
6.993713
-0.6391982
5.335544
4.624889
6.444357
-0.01068315
-0.649469
-1.615672
4.595881
6.706478
0.5578644
5.969497
-0.1018515
-0.9290808
4.165209
0.927136
0.5617356
5.758945
5.024569
3.448848
7.642289
1.432053
-0.7395713
4.535096
2.492761
5.292786
4.918818
4.535948
-1.004383
5.565626
5.24763
-0.5301865
6.105167
3.113117
5.034748
1.478131
2.982615
1.445591
0.4471069
-0.3118083
0.5674594
6.912873
4.938829
-1.011778
0.5515078
-0.3167999
5.491435
5.765784
5.139909
0.7476583
5.685517
-1.249039
1.131647
5.379437
4.098237
-0.8557471
6.928792
4.644045
5.047968
1.099708
3.97075
4.427743
6.309801
-0.8632035
-0.05204429
-1.142665
3.954433
-0.5436913
5.992624
0.5633095
-0.3218565
5.460028
5.180963
5.378794
-0.2666875
-0.815565
0.3098303
4.418395
0.8352778
0.1681741
-0.1816718
4.713884
5.36235
8.159938
5.727839
-1.014479
4.374089
1.150827
5.571261
0.997433
6.172276
4.219457
4.965149
0.01931339
-0.9347437
4.61054
-1.040466
0.2012837
4.511332
4.437476
4.897032
0.0881913
-0.05152577
2.757504
5.182367
4.825877
1.213661
0.363025
5.016501
5.560351
5.791796
0.3749777
4.62575
5.353626
4.511388
-1.16409
4.551721
-0.07560328
4.834814
5.152522
1.256165
-1.005125
-0.444148
4.905668
3.189588
5.466392
4.557016
0.4954896
5.732514
-0.4030259
-3.125671
5.322921
3.592543
0.2251547
-1.292585
5.927396
4.299992
0.3973075
0.2655692
-0.345722
3.258505
-1.651812
2.179118
5.92382
5.047578
4.264749
5.482099
0.5855253
0.5098318
3.29721
-1.025844
4.29989
4.103613
4.981967
4.189984
3.834637
-1.568582
-0.1756703
5.724897
-0.1584734
3.032786
4.439275
3.983865
0.5789843
-0.2516642
0.01156962
6.114722
2.273725
0.6865519
5.638852
4.595329
6.355737
1.240313
5.586722
1.549208
0.4713117
-0.3919917
6.311274
-0.2061513
0.6497102
0.08982926
6.278525
5.562672
0.1167295
6.49064
0.3744835
5.714441
-0.4918125
0.5044006
5.180162
6.295376
-0.5054083
5.286425
-0.75686
0.912503
0.2761299
1.231637
5.495519
0.100607
-0.3734611
2.434861
5.470956
5.583541
3.792353
0.6199821
4.855524
4.398055
5.129476
2.05972
4.712998
2.244733
9.329942
4.703458
-0.1576741
5.461641
5.140005
6.39115
0.1451019
7.516092
5.698229
0.001077691
4.888118
4.019047
4.213965
4.092387
7.506749
3.829457
4.335995
4.423688
5.856533
-0.5604868
3.365359
1.76332
0.0888798
6.309048
-0.5903772
5.139773
7.221011
6.891949
-0.4065175
-1.275388
6.694137
0.8854748
5.232213
-1.750788
-0.1071493
4.066407
13.37866
0.1690871
1.193794
6.243946
3.855132
5.383696
3.166938
0.4468206
6.349666
0.3643598
2.283538
4.259629
4.565823
0.7438102
4.354788
5.2469
-1.355793
5.350928
4.22689
5.186224
0.901705
-0.5637374
1.367228
0.7780513
1.984341
-0.6108587
0.2188709
6.624357
-0.4802452
6.028626
5.929709
-0.9285699
-0.2692136
2.236273
4.13209
-0.03887469
5.487271
-0.1919547
-0.9165824
4.271076
5.477124
4.455824
7.400199
1.705375
3.515807
-0.5333634
5.948483
5.646025
9.299194
0.2445973
1.202777
6.053613
5.456729
0.5010627
1.331456
7.961897
0.8798422
-0.6610874
-0.9382502
6.849237
5.276604
6.00999
4.18049
-2.433295
5.509727
-2.997983
-0.5452074
-0.1412448
5.943865
3.342991
4.317055
5.073453
-0.6933034
5.572763
-0.9224754
7.327315
4.402643
4.170611
0.682999
4.59425
5.542416
4.172312
-0.2310704
5.083076
1.009628
1.713114
-0.2225228
3.482721
6.710291
-1.955322
4.166057
5.364985
1.886571
5.243114
2.758979
5.371408
4.835789
-0.3410071
4.847788
-0.2539676
4.218471
0.01871763
-0.4222356
4.445613
0.3034273
3.279439
-1.063193
-0.3068804
6.163955
8.741591
-0.05535275
-0.1492583
4.710219
0.3012429
4.627862
8.190484
-0.749497
7.262564
0.2000581
2.600117
0.5118785
1.909158
4.780382
5.886869
3.049366
0.1315324
4.305847
0.4939225
-1.219052
4.132203
1.930299
-1.360309
0.2612679
-0.4900523
-1.75834
6.135284
5.938971
-1.332432
1.189551
-1.372094
-0.3501636
1.226837
2.529878
-0.004040966
0.4118642
4.660205
0.4918754
2.287192
-1.648722
5.084015
-0.793445
-0.3932973
5.067881
3.920023
6.17719
4.394693
5.757014
6.044635
0.03413562
6.704603
4.424695
3.972549
3.654342
5.531077
0.912043
4.05494
1.179076
4.326325
-0.5240137
-1.377731
7.151533
5.243536
-1.469153
1.108501
-0.1347784
5.955188
5.909816
4.288197
5.683431
-0.2414531
-3.645472
8.560618
-1.60695
5.556244
4.847748
3.761618
1.074853
5.901329
-0.3680648
7.064828
-0.02000364
5.620657
4.527616
6.144799
5.87026
6.033408
5.615381
3.151509
5.689809
5.53736
-0.5086768
0.01713676
5.30847
3.324592
5.712748
0.46145
-1.43006
-0.09045858
-0.4383861
5.896363
0.9462979
1.164493
5.307666
5.552888
0.2295661
4.454884
3.587399
5.328964
-1.215797
-0.6227672
1.742902
5.083368
0.2166263
4.643363
5.411962
6.102517
0.5993684
1.319269
0.7929662
6.579995
4.178291
4.984324
3.636043
0.09278665
0.3127851
-1.107683
7.29163
6.333937
5.854501
0.2129832
2.027118
3.337651
4.056942
0.6241722
4.841304
-1.64062
5.434995
5.807794
5.713508
0.850815
5.620311
-0.4649256
1.115581
5.352196
4.240213
4.515985
4.308031
-0.6963437
6.230051
3.490658
1.593108
-1.012155
1.767694
5.811013
3.883385
8.602061
5.226504
5.401046
0.7285103
5.879603
4.601406
1.50703
4.48067
0.1837726
-1.934556
5.697917
-0.07062242
1.168694
-0.4249157
2.512119
4.392288
4.826775
5.611716
-0.2290912
-1.484695
6.206099
4.903282
5.827836
5.430862
-1.11127
0.7512728
-0.05865095
-0.6710342
5.024592
-0.2898852
4.70914
-1.157222
0.5839781
5.345453
4.524879
4.023306
-0.3507071
-0.6558604
-0.7026948
0.5325244
3.215907
4.600941
0.740446
-0.292852
-1.590756
0.08583634
-0.3688537
6.093952
7.065204
0.8104551
3.684126
0.9704566
4.276316
-0.4715594
6.067509
6.261419
6.37392
0.5113611
6.410055
1.277097
4.801969
5.611484
4.920429
0.8068672
5.166037
1.482176
3.816947
6.658342
5.071834
4.330832
-0.5598765
0.5152181
3.609506
5.676115
3.849253
2.674227
4.718526
6.725175
0.6772418
0.1479966
1.720012
5.048015
5.918034
0.1278149
-0.1243133
3.45837
6.213214
-1.301872
4.183208
5.277709
-1.373633
7.824845
0.9094561
-0.1487606
3.694645
1.856245
-0.8674344
4.577511
4.105321
-0.3325231
4.672724
5.176103
4.84336
4.884301
-0.3849408
5.126428
1.054967
4.586335
6.002748
4.447541
-0.3894305
6.15912
1.820381
4.946966
-1.999467
5.471255
0.4098768
4.969331
-1.076086
0.5865538
0.493632
4.19074
-1.055101
2.78637
1.358905
4.239364
5.948003
4.927088
-0.07661661
5.096089
1.312397
3.356462
5.11973
1.332667
5.850023
3.006792
4.488718
0.930574
5.983412
-0.05131078
0.1302991
-0.2761789
2.403209
4.065117
-1.857237
1.091677
5.278459
5.470425
-0.474847
5.12365
5.003421
5.233462
5.529195
4.235172
5.451939
3.93267
6.349532
-0.5013952
0.909558
-0.3904476
5.02986
-0.3815919
5.683643
0.4847797
-1.248594
-0.7036994
4.934057
5.665636
-0.6262515
-0.4703475
-1.116662
1.44688
2.24458
6.345862
11.38832
6.403997
-0.486146
-0.3918065
5.810682
0.8659063
5.918299
4.438195
10.19676
3.884874
-0.2991284
4.061348
3.148074
3.59845
7.326068
3.577481
4.88764
6.510833
4.546556
5.735449
-0.6284337
-0.1012735
-1.942726
0.1174015
-0.3421921
5.061784
-1.718547
5.120455
4.885421
5.635404
0.8807213
5.955246
5.467244
2.896309
2.56978
1.148283
-0.9342749
5.576361
0.5260989
5.760396
0.8581095
0.5010574
4.802178
1.821293
5.118172
-0.6265087
4.835039
-0.1015231
1.311703
5.307941
5.927083
1.005305
1.375934
6.303671
4.729845
4.886703
0.2874647
-0.5189233
4.569692
0.576965
5.779597
0.8870426
6.039541
4.979613
-1.352459
3.376187
0.1369838
5.437293
3.293024
6.431458
1.694042
4.494451
3.989631
-0.4221157
4.740104
5.774787
4.629284
-0.1242506
1.666808
-0.8924188
-0.4026059
5.954265
-0.6773281
0.2466829
4.330782
5.293067
4.264004
-1.657964
4.599527
4.598828
5.446087
6.360644
2.333647
0.157999
0.4016928
-1.72468
6.490873
7.12005
4.030329
4.561027
0.9151793
4.50359
4.68723
-0.3878016
2.494364
-1.266716
-0.3997597
1.891556
0.6923146
-0.6184413
6.024126
8.449068
0.9297388
-2.310038
-0.5460214
2.008951
3.935135
-0.4988974
3.490465
5.192971
-0.3892245
5.471889
4.082047
5.606747
3.789546
4.957696
0.4297764
5.815194
4.923843
6.266005
2.480023
5.692472
4.039019
4.235054
0.7714505
1.210287
6.219216
6.283036
4.874946
3.899083
5.302766
0.6579608
0.8195709
3.757122
8.308365
3.543016
5.409493
-0.8505515
4.585794
5.056798
3.648661
5.205551
0.6804414
0.6540597
6.036501
5.931522
5.503318
4.934892
5.529716
1.127302
0.6764352
0.3547594
-3.253915
0.03084224
4.628536
7.768036
4.244549
3.468714
3.8683
0.3503613
-0.5245293
4.773865
-0.1252027
0.1633021
5.048476
-0.2985493
4.923158
0.1580894
1.403166
-0.01459806
4.335908
0.1026079
1.012435
4.813663
4.193055
-0.5920965
-0.9556317
3.911266
0.3694571
0.5775307
3.674049
1.354411
4.864015
7.286403
0.8616401
4.948736
1.088238
4.510016
0.9640633
0.1511625
5.252239
5.973259
1.243941
1.78171
6.213443
6.18671
5.486384
5.852013
3.512554
-0.2841876
1.608628
5.184026
0.6503653
-0.5657675
5.616638
4.487824
1.137541
6.35087
-0.6476355
0.6384884
0.4025813
6.467127
5.092046
5.717477
5.850344
0.1105799
4.812536
-0.4293416
3.297948
4.584124
-0.4571537
5.157941
0.361984
2.262631
3.842787
6.271618
0.6404051
0.9742789
-0.3319113
5.729832
-1.28126
0.1656296
0.2169356
1.635869
6.191537
0.807986
5.639103
-1.352948
0.9071308
0.9083516
4.744751
4.48264
4.010439
6.560301
0.5864289
5.04854
4.863122
5.273789
3.554294
5.429206
2.922593
5.548846
3.378271
5.252567
3.960777
0.486984
6.148159
4.433671
4.867314
0.5533308
0.826366
3.472894
11.43343
4.045379
-1.054422
5.132085
5.672096
8.600624
-0.06993392
5.655414
0.146474
4.46543
3.989576
4.130145
2.072167
1.320957
0.9121522
0.2258098
3.74697
0.3623931
5.197761
5.248009
-1.389459
4.180597
6.42324
5.005106
5.066362
4.787879
4.673947
5.63296
0.380227
-1.659537
6.079869
-0.2479336
-0.7009164
4.776463
-0.9231544
3.397008
2.028515
5.571783
4.849647
2.526266
4.168012
7.029536
6.789598
5.269103
2.921846
-0.906217
-1.169998
3.31662
1.728364
4.500242
5.192365
2.303534
5.338007
4.975799
7.1285
1.762416
0.7840816
-0.0861625
6.724708
0.2725486
4.278154
0.04372364
-0.9399026
-0.1745096
5.278586
3.370128
6.491621
2.112412
6.591733
-0.5580137
5.717723
1.637863
-1.858748
-0.2358847
-0.7622643
4.442576
3.685388
-1.068352
6.162967
6.077551
3.649607
4.607106
3.732124
2.965979
6.318383
7.802624
4.877986
-1.383599
-0.8214661
-0.3848692
3.835334
3.457999
-0.01885252
7.065125
1.971213
0.4283286
1.376906
5.079735
8.638398
6.345194
4.773575
-0.265829
0.4551367
4.790645
1.042646
3.764006
0.6833592
-0.6401238
5.133725
5.063899
8.388007
1.409599
9.064522
-2.259111
1.038269
-1.264217
4.431259
-0.9560183
4.151271
-0.02375069
0.3812537
5.28209
4.710143
1.066594
4.680417
5.115002
-0.243808
-0.04292635
-0.7991696
6.244153
-0.2951668
0.4480912
-0.7401962
5.780157
4.298984
6.02635
-0.9783841
1.009384
4.915248
4.326159
4.973934
-2.19922
0.3105723
2.194397
-1.19334
-1.263523
0.324972
0.5796388
0.04655908
7.009603
5.716367
5.881996
0.8677526
6.613867
3.812419
2.507855
1.790835
5.870412
-0.1681319
5.218956
5.707593
5.1116
-0.001118789
4.375656
0.7316059
7.26077
3.655474
3.729156
4.057326
4.566447
3.269826
1.65773
6.132203
5.10301
-1.615448
6.193985
-0.5672845
9.343527
3.873081
0.9149652
-2.3265
5.687894
4.274632
-1.328709
0.137527
4.141554
-0.6058846
5.890107
5.212283
4.333907
6.715107
2.991887
0.2347835
4.181612
3.632812
4.940396
-0.2047814
6.429073
1.090438
0.8347423
0.05913759
-0.6758704
4.875375
0.5953193
-0.2564969
1.207827
4.391556
6.052475
6.475058
2.457574
4.659106
5.185522
0.4786992
5.218428
4.629726
0.1416558
-1.092508
0.520154
4.10771
1.488551
4.72991
0.007037957
-0.1373003
5.127565
-0.3279643
-1.425334
6.452935
0.7134507
6.047014
1.474831
5.699579
0.8312204
6.793845
5.639892
1.490551
0.1517888
0.1518704
-0.7530135
5.277011
4.541915
0.4381008
0.1912938
6.142397
4.200716
0.08125259
-2.260355
4.659818
2.16857
6.522952
3.223422
1.636055
5.186728
4.574275
-0.6619612
4.391861
0.1962582
1.97813
3.847574
7.542164
0.7006131
0.32515
0.3459714
5.342687
0.002720368
5.423591
4.700261
-0.2838743
4.692251
4.814496
-0.3084604
0.3718218
2.565156
0.8692614
0.5506984
0.6480891
6.711393
4.057147
-0.2648474
4.326519
0.9429661
4.576467
4.27349
-1.370728
1.053375
5.458029
5.201439
8.350928
0.4864842
1.364708
-0.1457823
-0.1618424
5.914138
4.904585
3.579127
-1.453252
-0.8071058
4.306084
4.133684
1.542475
1.703718
3.980975
1.535953
5.94649
8.515799
5.743608
-0.2247263
5.259866
3.988281
6.328552
4.365961
5.047671
0.3153037
2.061615
-0.4877673
4.963613
-0.07281767
1.140805
3.901437
-0.5283926
4.888584
4.156308
6.435225
1.247368
5.195748
4.714518
0.7268991
4.973793
6.074495
5.570177
-0.5654226
-1.440968
5.354788
-0.2265624
5.483811
-0.6817401
5.850402
5.186739
10.52397
4.716336
4.373726
4.787385
-0.3855009
4.87742
0.6789696
0.145644
4.57047
4.026143
0.2060855
-0.7822644
-0.1832506
5.257204
3.976352
3.811251
5.468295
5.222329
3.461213
8.090789
3.623539
5.234326
0.6776192
4.319637
5.435979
0.03320821
6.916591
3.553961
-1.07649
5.308826
-0.4866799
5.426899
-2.090698
5.659862
0.3620774
4.63812
0.3092891
2.254579
0.1243365
4.270957
-0.176021
0.6934103
2.799702
6.132912
9.462577
-2.085271
5.591205
6.160785
5.235348
3.321653
4.022647
-0.2410663
-1.020287
4.913519
4.435917
4.249288
4.50407
4.981748
0.7182539
-0.08664246
6.497516
0.1840626
-0.363768
3.48072
6.673388
-1.319342
3.775595
5.200633
0.2657085
5.351175
4.410219
1.02506
-0.06673458
2.525384
10.00124
5.609339
7.282859
4.260198
4.594935
1.138595
1.576487
4.909263
-1.949262
1.018343
4.419233
6.451148
4.510502
-1.343966
2.290117
-0.2996983
4.65438
-0.7406934
5.799595
-1.614041
0.04047354
5.401018
0.7917727
1.67601
5.656045
4.081856
5.332266
-0.4672902
-1.126629
0.2016311
7.705977
3.354277
4.71039
1.046967
-1.818128
4.440392
0.612503
6.106731
-2.053037
4.829563
4.080697
4.633773
-0.1445847
3.396768
4.489983
6.329465
0.05991196
6.028365
5.765111
-1.775176
7.097863
5.751146
5.108479
4.687339
4.473104
-0.2529045
4.054802
4.767797
5.529625
6.290578
0.3511827
3.968399
4.227101
7.705881
-0.1692963
-1.225209
6.510827
1.561809
5.823915
4.591489
-2.30641
4.518529
5.76889
-0.1013334
6.670305
-0.3801362
-1.333161
-0.173889
4.300974
0.5065698
-0.5741987
7.644904
4.618838
7.25899
3.91718
4.324147
4.268385
4.753976
5.520875
-0.3293607
6.909026
-0.2152535
4.818566
0.4913692
1.066279
-0.9937909
4.038489
6.222112
5.97419
3.720759
4.069626
5.564971
-0.1294736
-0.6534087
-0.1687117
-0.423754
0.7078273
6.147808
6.296427
6.131484
6.227179
13.24569
-1.347023
-1.13727
4.884816
-0.7136886
5.632624
7.175288
-2.403938
-0.1636179
4.503663
-0.3430624
1.566851
-1.549581
6.030706
0.1009597
-1.746784
5.22191
2.741261
0.6714922
4.722537
3.990815
0.9641578
0.2548155
0.2978957
5.778625
-0.2803544
14.40794
1.720337
1.179353
5.585078
5.078844
0.4244586
-0.9504518
1.116419
6.351813
6.792965
6.798468
1.61004
6.328321
0.8148191
0.2898542
5.377393
-0.1795397
-0.3635393
0.4574132
7.999728
0.7352664
5.67009
5.319727
5.206586
-0.6286645
5.191019
0.5732592
5.281902
6.46777
5.094869
4.915589
-0.3384027
5.32605
4.45905
5.85063
-0.3436797
-1.843387
3.9991
5.222071
-0.8982523
5.908804
4.610182
2.796431
-1.158917
5.435444
0.3113621
-0.9091596
4.200055
-0.4652524
0.05955944
1.115788
1.941561
3.274123
1.899877
5.368593
4.653202
-0.356947
-0.1753471
5.188573
-0.5784369
4.23452
-1.63449
0.8427069
6.719986
6.468974
6.594804
5.141205
3.291342
5.024075
3.75553
0.1756755
5.029167
4.084844
4.514437
5.237623
4.746733
6.127393
-1.060204
2.974407
-0.159021
0.6562391
-0.6627032
-0.4177352
3.951155
-0.02854588
-0.8162506
5.86668
4.664303
1.246621
-0.280786
0.7841928
-0.6733238
6.405928
4.240321
0.01272777
5.110114
3.951605
-0.4479128
-0.1560023
4.282566
5.540491
1.892192
8.322971
4.132968
4.455872
-0.8267775
0.9155212
5.380079
-0.5720583
1.38841
5.153976
5.395044
6.334441
5.343208
-0.2526807
1.813815
-0.6205675
1.608735
3.812382
1.741587
2.762535
-0.7037603
6.087529
0.196268
-0.5421169
6.701951
3.338714
5.595438
6.008128
5.585568
-0.02700173
5.092322
4.951603
5.301331
4.807622
4.922537
5.791798
-0.7493798
4.01337
-1.583007
3.044995
5.116095
6.241743
7.364667
5.304384
2.468133
5.841038
6.673005
5.77813
4.214424
-3.144606
2.493955
0.8731249
0.4516583
5.462199
-1.021647
5.385708
-0.2951031
4.09203
-0.8510944
3.905132
0.01636834
-0.2578761
-0.3861849
6.17462
0.2290502
-0.3636296
3.847748
4.665652
5.142807
-0.7923799
0.1617882
4.444981
4.199306
7.685599
0.3691538
3.93386
4.0281
2.405914
4.63714
5.815501
4.673326
-1.421041
-0.4176315
3.238856
4.696459
6.345656
-0.222852
4.610739
4.556259
-0.4275863
11.96675
-0.7402281
5.863908
5.035833
0.8172064
4.906516
4.656781
4.768261
-0.4974232
5.286791
-0.7688613
0.9144626
4.673936
3.814096
0.8051174
-2.316457
1.507671
1.142826
8.187378
5.200603
4.577801
3.493398
5.342844
5.35171
5.866588
0.07294838
-0.2996317
3.829656
3.191335
-0.09709549
0.7090036
4.87327
2.807034
-0.3318021
4.891958
5.948326
3.576776
5.501739
6.317286
4.017091
2.914697
4.233048
1.826507
-0.5453121
1.05222
6.341311
6.102591
-0.2349575
0.5619232
6.32182
-0.5144474
2.44226
4.280117
3.132212
6.557091
5.116114
4.191616
4.64362
0.9392154
12.37029
4.043074
4.84252
0.713599
3.999908
5.959915
-0.2533945
5.213599
8.276278
5.448779
5.881262
2.4089
-0.01215329
4.835766
-0.3475756
-1.026995
0.5643859
5.193434
1.656253
0.5837908
5.41942
2.330724
5.523914
-0.6443659
6.311615
4.723958
6.61563
-1.455428
3.729214
5.393485
5.148423
-0.1890702
-0.6928329
4.551144
5.180678
4.002242
6.141836
4.557187
1.910735
5.304232
3.587704
4.792821
-1.210603
6.421672
7.087297
5.935783
5.186911
3.479246
1.002447
0.4509835
6.586684
-0.6853538
0.7892141
2.891931
-0.9344733
-0.3583692
0.0823701
1.10489
-0.4661746
8.964863
0.7333627
3.823055
1.292872
4.952282
-0.7371683
3.805013
0.1353922
3.552675
-0.8736132
2.606541
-0.6554698
5.033064
0.7811019
3.986462
0.9565102
0.8803389
-0.1494689
1.492366
4.712379
-0.3074941
0.3714291
4.254966
-0.8650551
3.796474
5.630376
6.012616
5.598552
6.977607
3.840216
4.404637
-0.8621073
5.957212
3.700692
4.339766
4.080713
-2.136285
-0.2094961
4.816491
2.488788
-0.4308848
-0.2425069
0.6259367
6.038199
6.2547
-0.3409551
5.456912
4.888006
0.9957366
0.3822263
7.826391
3.965168
2.074685
4.048583
2.440033
6.601578
3.979049
4.204419
3.642354
0.9774512
-0.8043713
0.3349925
4.055199
6.103277
0.4633097
-0.863052
2.95425
6.010678
7.100697
4.956026
5.296067
5.356772
7.041333
5.399639
5.310066
5.754965
-1.557932
5.664552
-1.487372
0.7948227
0.4024754
0.5302896
-0.756622
5.610198
0.05714495
-0.2315932
4.782933
-1.279411
-1.375603
5.178054
5.818021
4.093282
7.021218
4.363295
5.290921
5.185483
9.407469
0.7439949
5.445638
0.4199217
7.043614
4.247671
5.229259
-1.800428
0.4494685
3.759777
-0.4413351
1.598043
3.900173
6.092876
0.2128864
5.451808
4.512053
6.479092
1.351423
6.332946
10.71687
-0.4322497
6.029966
-0.4990721
2.002367
-0.293922
4.861574
5.028282
-0.1435777
-0.7297204
5.383136
-1.055131
-0.1923896
4.485163
4.750954
5.835921
5.297017
0.1106662
0.9444511
4.982638
0.2237236
4.192799
5.855451
3.646388
0.5240651
4.190097
0.9258674
4.414341
6.227627
3.850508
0.2376252
0.2428874
-0.01869453
4.707814
5.614415
4.241824
-0.5412852
4.407229
0.7606038
6.245879
3.511861
6.422846
0.3266077
4.806131
6.241528
5.490795
-0.636628
4.616965
4.544872
1.330978
4.491386
-1.309923
0.4784996
-0.6538348
5.592068
-1.238098
0.7698167
5.859471
6.343419
4.010505
4.979905
-2.109177
-0.5145996
4.9923
-1.488874
5.365928
0.3352496
-2.503334
1.709934
2.188395
0.5613982
-0.42565
0.6878286
4.361555
6.073387
0.9758629
0.7091197
4.61197
1.747405
4.009532
0.4606097
-3.00456
6.659827
0.103701
0.7585575
4.637831
-1.305701
1.004807
6.143093
3.370333
-0.1574141
-0.4034306
1.48961
5.917966
5.252308
5.202255
4.843146
5.384243
1.383983
-0.7095813
0.7709789
0.4598141
4.856767
5.81663
5.247
4.929714
-0.1989235
-1.280098
-1.538852
-1.400418
6.520658
0.1751599
4.805063
-0.3441457
4.972851
2.370404
3.908712
0.2866621
9.465859
0.6114647
1.207143
5.566509
5.13602
0.3906036
4.356754
4.271284
-1.540339
-0.9053117
0.4574442
0.05226729
5.010432
4.686989
5.450352
4.521907
0.9685386
-0.8290631
5.343538
7.756136
1.412895
5.39896
4.703457
5.110157
0.9874711
-0.3210197
4.783204
5.213819
-0.9012919
1.799644
3.955906
6.4045
3.869531
4.499498
1.141555
4.437491
-0.131333
4.744751
-0.7140879
6.365298
4.207171
0.6008736
1.610196
4.415594
4.885135
-0.2564444
5.506488
5.219324
5.143227
-0.8091391
5.106504
-0.3435047
8.887153
-1.419297
0.1791684
0.5431102
3.673458
3.928269
-0.9484646
2.814279
0.7798513
0.8755343
4.588902
1.065423
-1.041578
0.04028254
8.332041
0.8027976
-0.4770523
5.712862
0.1250634
5.589232
-0.2323261
4.723289
-1.953932
5.217003
7.493512
6.245665
4.246296
5.09327
0.9266983
0.04652208
5.243454
4.688271
-1.971245
-1.021515
6.632423
8.08225
5.998645
1.628829
4.709956
1.002569
-1.151446
3.146591
3.30886
3.621823
-0.1594461
4.961532
-0.7530705
4.09226
5.590386
4.028531
5.824514
2.54472
3.680576
7.007548
5.567202
7.471321
4.213882
5.393073
-0.3039509
-1.354606
0.3786027
-0.9892119
5.403829
1.077199
-0.2458954
5.489943
0.9360712
5.328444
5.548679
-1.573132
5.488207
-0.9201514
2.106766
-1.13902
5.308478
4.342886
0.7080605
3.772047
1.322188
5.019322
1.39996
6.755715
-1.320735
-0.6178115
5.277165
-0.9375192
6.06999
6.027897
0.954831
6.294032
0.6980223
6.484221
1.724133
6.242529
-0.5563034
1.435404
0.4246056
-0.9024905
6.176439
4.566432
0.2751898
5.619601
5.335341
5.504363
0.008999851
4.55614
4.975038
-1.295536
-1.172932
5.406678
0.02224178
0.007578689
4.536725
4.570419
3.736825
5.293032
7.372791
0.5075248
4.773998
-0.3703846
-0.05661135
-0.1945651
0.05910761
0.4812329
3.467429
5.309779
-0.4919568
4.903261
5.614795
0.8593439
-0.09889762
4.46971
3.87516
-1.812604
0.1579204
5.602677
6.637324
0.03804528
-0.3748345
8.05621
-0.7538151
1.116218
0.1391094
6.386118
6.122102
6.695052
5.074623
-1.23688
4.691895
0.7735127
5.281173
5.112143
3.553772
0.01062722
-0.5722064
-0.4733338
0.7064973
0.7326256
9.974871
4.92782
4.483614
5.500188
4.112739
6.286401
6.601761
-1.075875
6.355883
0.4716522
-0.9522296
4.889025
6.199207
7.606328
4.935332
0.03304041
0.09199956
-0.696946
4.234137
-0.8883094
0.7062739
4.124933
2.198744
0.2223047
5.350043
4.427854
0.2117923
5.709754
-0.713236
5.077497
0.6941056
-1.510328
8.284314
4.510132
4.3437
0.9054075
6.739041
4.11036
3.219094
0.2923449
6.310103
5.679211
5.79698
3.546064
-1.109161
3.638649
1.721612
0.2045327
4.562677
0.4727822
-0.0332916
5.939046
5.702491
2.136036
0.01968585
4.151752
2.079476
4.665131
5.255758
5.399061
5.201703
5.406914
-1.807984
4.465487
1.743615
-1.419966
1.074606
6.107926
5.937578
4.466212
0.2730696
0.2534075
5.121289
3.396371
1.020791
0.6220507
7.702096
4.71246
5.91996
5.679946
-1.455823
-0.2189905
6.609535
4.225555
4.252079
1.270124
5.904122
-1.174981
3.395552
6.236301
4.960428
-0.7575367
5.473549
-1.531093
-0.5275715
5.019908
0.4582337
5.514342
0.122131
4.628851
4.660633
7.449138
6.610017
6.58513
0.351004
0.9677752
8.082503
4.93115
1.946995
5.826887
-0.7958196
4.245097
4.945841
4.730202
5.597258
0.9145336
3.804265
5.842442
5.211562
0.1475448
5.928628
-0.3038115
5.395462
4.001301
6.325737
-0.6056532
4.036163
5.366841
5.691792
2.832655
5.725992
1.742066
0.001423832
-1.168799
7.196897
2.605655
-0.3687712
3.581085
-0.3353097
0.3453079
4.120415
-0.1182822
0.8004628
4.968012
3.849502
-0.3148833
4.653838
3.95569
0.7941075
0.9885632
-1.528051
5.20698
0.3186041
4.781426
-0.7279492
4.250404
6.153083
0.3692902
0.2122127
2.99107
5.821283
3.316499
-0.3178055
4.82622
5.103894
6.395713
7.131552
5.783041
5.992657
-0.3482296
6.260087
-0.4385182
-0.418975
1.993679
3.195199
3.431907
0.7091093
4.704483
6.049103
-0.124053
4.867371
0.9367113
3.831317
0.268456
5.21388
5.461329
-0.3206553
0.7047872
0.9364372
2.174885
4.765213
5.143094
1.767802
-1.154946
4.917653
4.369926
7.389417
3.166687
5.894538
4.921285
5.579536
0.2053974
7.099337
1.167373
-0.3058192
6.235675
2.217114
4.836227
0.06420726
-2.578133
6.484286
4.454977
0.3649589
3.607165
6.013633
2.076482
5.986161
5.844688
4.705728
5.478875
-0.1846131
4.556922
3.834451
4.399329
6.823598
5.403887
6.279524
5.007668
4.142236
4.966982
4.911576
-0.2179222
-0.1327774
3.805709
3.267435
-0.1696387
3.302419
4.35143
1.627213
0.4219574
5.083935
-1.277042
-0.3009622
0.7868632
-0.7451628
0.1109783
7.578652
4.36841
1.057991
2.061247
0.8264433
4.222007
2.109341
-0.02690591
4.951178
-0.3032631
4.301153
-0.2249639
0.02549626
4.571017
0.6571458
3.853271
5.08627
6.479715
4.340819
6.231826
6.240139
0.01519691
0.4053696
-0.5388933
-0.4594267
-0.07846649
4.497876
3.979371
6.05261
3.291214
6.141529
4.78691
6.578013
6.326139
2.85941
6.065964
5.648723
0.9067623
4.963569
0.9961251
5.14827
0.2972957
-0.5802915
-0.3938871
5.728421
0.0837796
-0.9321495
4.297311
1.63537
4.160166
6.233866
5.980094
3.106846
0.6474398
3.077045
0.03205439
5.605065
4.193466
1.355489
6.391146
1.447412
0.05770509
5.642555
3.542542
5.152075
0.007564247
-1.126303
-0.2975398
0.9222663
5.474224
6.107305
4.716018
-0.5167585
-0.2638576
0.04559091
0.1001734
1.054627
3.195376
0.3850893
3.65522
6.130254
5.985796
-0.17862
0.7825704
-0.4175028
-0.9553506
-1.455665
4.453309
0.878802
-0.9447328
-0.07094357
0.7989083
5.390783
5.759053
-0.2819885
0.3331255
6.306929
5.790929
5.96126
-0.7821134
4.625158
-0.08382041
7.867112
5.274846
4.33606
-1.518448
6.067905
6.39013
0.4541725
5.725059
-1.39139
-0.2381642
5.496638
1.678906
10.19025
4.177277
1.355936
-0.115337
4.860343
4.813382
5.306049
1.258955
5.350569
3.383528
4.017249
7.953419
6.937306
6.352095
6.887096
0.4751062
0.4307883
7.878509
4.780178
4.827911
5.348289
3.321725
7.007627
5.198717
1.223855
5.63481
1.036904
5.827014
0.1877879
4.863989
3.56067
0.6730464
-0.5944357
4.372111
-0.6677332
0.1436746
6.878689
4.964417
-1.379858
4.945008
0.507252
-0.2769161
5.74739
7.749344
-0.2214758
-0.03561671
5.149784
0.2468036
3.88891
5.567243
5.369457
1.476911
-1.481187
5.756018
5.858208
5.252044
0.2384466
4.397243
0.3461498
5.667004
5.409526
5.934728
2.34187
0.7316337
-0.008137674
5.666589
7.18421
1.621904
5.489285
4.259328
4.64076
1.421235
0.5365278
3.661795
6.546521
5.662838
4.807594
0.9359971
5.553255
4.625855
-1.086211
7.256668
4.400274
0.4745975
0.0222715
3.997974
4.188065
-0.7616921
4.488094
4.647175
6.543138
6.658824
3.23232
11.32984
5.713823
3.662966
6.889848
5.033336
3.922579
4.054124
-0.1247314
6.053393
-0.1215434
5.538095
7.047124
5.788629
5.857257
4.238898
7.238564
0.001238938
5.514668
0.1786872
4.505184
0.05107676
0.1398315
-1.237613
4.971848
3.309008
4.370947
-0.6434195
6.884132
6.112907
0.1848342
4.894906
0.5482508
6.569405
1.03107
4.31345
-1.076812
-0.00300891
7.678657
-0.3610225
4.109918
-0.7462049
0.4782908
7.514323
0.5927308
4.303792
-0.03473677
6.692564
2.014784
0.8052695
6.40233
4.702916
-2.043789
4.410256
6.343822
2.747785
4.663627
-0.5785251
-0.1550779
1.599411
1.577232
-0.1897094
0.241077
3.587733
0.81784
3.68003
0.1398512
6.657846
7.2111
-1.488572
5.005188
4.059877
4.162768
6.815842
1.418411
-0.03011529
4.818545
1.969191
5.044416
5.443241
3.786523
5.36012
5.259189
4.555369
6.605407
5.215682
5.473312
6.558525
4.82075
3.741159
5.218472
3.721288
6.018347
0.2926011
1.173608
5.801788
4.97003
-1.278046
6.168629
0.4526595
1.02635
4.132467
-0.2956855
4.321792
1.252667
-0.5165503
4.458169
5.907821
5.424375
-1.769479
-0.8231761
7.414963
-1.077529
4.058864
0.09234262
5.924442
0.7655509
-0.2807005
-0.1055371
6.707465
2.22409
5.276763
5.716621
3.609304
0.6100494
3.162472
-0.6720121
4.442969
6.676249
0.4451862
3.987071
4.829841
4.306313
5.235411
5.007872
4.737796
-0.6718795
-0.7446379
-0.483091
0.8251092
4.522384
5.497219
4.820049
3.999456
3.224964
1.028184
1.079084
-0.2708953
6.023635
6.119317
0.3229892
-0.416561
6.139801
4.357369
5.243259
0.5687608
-0.3583764
5.170938
4.141931
6.055606
6.351558
6.008204
6.87148
-0.2329497
6.053528
-0.30289
2.607357
-0.4281375
5.294717
0.3399133
6.535218
0.5368294
0.7821357
3.893568
0.5922042
3.08251
4.254823
5.345871
-1.067608
6.329327
0.1455772
5.36985
1.237977
3.54164
-0.2931143
0.4190281
-1.844491
1.044423
5.460041
0.8503221
5.104861
2.58978
0.241847
5.947647
5.675912
-0.05230649
1.667726
-0.4573282
5.367766
-0.2589313
-0.1407233
1.090545
3.198915
-0.1349195
-1.908336
-0.2630744
5.086624
1.078035
0.1285972
5.682235
-1.695368
-2.085971
4.3434
6.856304
0.1942778
0.1889733
4.136879
-0.4327242
0.2257573
-0.3159951
5.003891
1.078749
0.5520957
5.954112
1.333006
1.149811
6.040051
0.1706412
-0.9407306
3.948951
2.126531
6.629832
-0.8887256
5.20526
5.231049
4.523593
-1.754769
3.725687
3.610789
4.116454
-1.92529
0.354291
-0.303294
0.9914575
0.7021275
5.797455
3.788285
5.723053
0.03515439
2.349807
-1.535195
5.014849
8.521168
5.32664
3.207197
0.1247447
4.653792
2.650586
6.721211
3.980902
1.825188
-0.9324549
4.234947
5.147325
5.23158
4.032158
3.894569
7.272331
4.925905
6.763682
-1.282072
4.026347
5.48659
0.4383634
0.8248444
4.933726
-0.4175432
7.186757
5.276659
5.751965
-0.05642795
5.8934
5.057122
4.772568
-2.676812
5.906589
4.513423
0.4175162
5.271918
8.441938
0.4717978
0.4798726
0.8176334
4.808558
10.68247
4.346931
-0.3971263
4.677143
5.577304
-0.06365505
3.562957
6.259407
7.26869
4.816626
4.746977
5.358313
4.461737
5.106667
0.6860223
3.732938
0.550295
3.605811
2.918825
5.073644
-0.8736184
1.81166
7.417329
0.4049994
6.056704
4.66952
-4.568071
0.2711657
4.949278
0.02832482
0.2486534
5.731402
-0.3367357
1.814145
6.246873
-0.5672737
1.634443
0.04142651
5.610837
5.37548
3.291764
3.784373
-0.7112233
5.50367
4.300494
5.743059
2.931405
0.5312573
0.05182523
5.025552
-1.183139
-0.7194196
-0.1976688
3.011176
4.937679
3.558198
5.822032
0.8993153
5.082899
0.6818571
-0.9838069
6.384647
3.630027
0.2022886
4.258504
6.821127
4.991261
4.650147
5.797575
-1.749804
0.2649545
-0.9826074
4.738407
4.071273
-0.4408742
2.268977
0.070053
-0.6394447
5.461636
9.10765
5.126075
0.3653045
4.586336
-2.123482
-1.541764
0.8881391
-0.6969645
-1.50435
1.850579
0.1522692
0.6261422
-0.5821017
1.840969
4.962401
5.685313
4.137906
5.194117
-1.641003
5.943611
0.4923346
4.284511
4.982456
6.315
4.810347
6.955762
1.316047
3.606158
4.890326
5.110472
4.792327
3.815491
7.976679
5.840868
-0.5451272
0.8174313
5.360375
3.487428
4.359898
5.717539
-0.7804572
-1.250888
-1.583267
-1.502513
-1.001871
4.092479
8.339872
0.9534291
2.036707
4.092415
4.881527
4.30647
-0.2268133
4.400103
7.917962
-0.850691
4.329799
5.333317
-0.3003486
1.038657
4.70587
5.172337
0.3090783
4.047977
7.385323
6.881824
0.2089232
-0.7251616
-0.682505
3.029076
5.239218
-0.5611061
5.56756
4.019645
-1.700408
5.04317
5.116746
5.091087
5.772045
8.811034
3.497595
6.732034
4.63808
10.80537
2.833541
4.769467
4.476667
5.52295
2.426025
-0.4523423
1.560053
6.154687
-1.187475
-1.338967
1.874544
4.454339
7.039456
1.949908
6.190562
5.170979
3.926772
0.6835338
1.335288
-0.0498247
3.549544
-0.3441094
-0.4297861
0.3833016
0.4560403
4.881137
8.018712
5.318462
5.844365
4.140761
2.108629
0.5083507
0.03441722
0.05016562
0.2064799
5.743999
4.804996
5.432044
1.177951
-1.231112
0.2508369
5.176366
0.1186779
0.3207231
4.987291
5.228181
0.2787602
1.251375
5.845176
4.471502
0.6247055
0.8009159
4.516112
6.063748
3.737764
-0.3765244
6.432231
6.310192
5.20094
-1.236498
9.427515
4.606155
5.162645
5.269156
-0.3535378
5.451363
-1.613682
1.026868
1.042165
5.526629
6.213995
6.17642
-0.5578553
6.635149
-0.6135974
5.084621
-1.7134
4.971613
-0.4639932
3.66868
-0.5811735
5.145109
3.578573
-0.3483226
5.139741
0.2561887
3.663367
3.337565
1.318323
1.202922
4.916871
6.375459
-0.6576557
-1.097498
1.408277
0.6718482
6.550932
4.008168
5.753881
4.942761
3.309629
3.505873
4.914254
5.122372
5.894853
5.285257
-0.6712966
5.986237
-1.019842
7.046273
2.82851
3.574723
-0.5837814
-0.267898
4.782323
3.783091
5.493331
4.533236
4.728088
5.114019
4.696954
0.478813
2.633806
0.005034639
5.661937
3.055035
6.918104
3.027655
-1.017579
2.086224
-1.595538
6.246733
-0.1010631
6.941033
4.307049
0.2430076
-2.382172
5.417486
5.986388
0.6572502
5.347214
5.14588
1.483617
3.115101
3.449578
5.271417
4.632354
5.622929
4.742321
5.351564
-0.18031
4.132347
3.236896
-0.3634481
5.232682
0.5702747
-1.143059
0.9720468
5.047173
5.509425
0.1463805
5.76041
3.682735
0.07852179
4.922278
4.247102
4.73691
5.076291
1.652013
5.588609
5.927346
5.00684
-0.3788101
-1.203338
0.9521589
5.964821
-0.2939427
-2.030807
5.303177
5.255143
6.054502
-0.9399143
4.152254
-0.7515686
5.438645
4.536292
-1.550101
7.474942
0.4684301
5.17004
3.655058
-0.2070608
4.10306
0.942325
5.847392
1.425691
6.451313
5.010954
1.509232
0.9504675
5.090706
0.2715458
8.282701
5.33203
5.252036
7.632994
-0.03069854
5.156256
4.386902
5.530102
4.457988
0.4183506
4.092697
1.224771
-0.4717911
3.595467
-0.6535943
5.387233
5.740983
-3.175892
-0.3195807
3.259592
-0.3787647
-0.3437225
1.334789
0.2566558
0.1606022
4.28358
5.033611
5.121792
6.672106
5.755655
4.874713
-1.44719
5.240272
4.879435
1.408139
8.703278
0.6001498
-0.8914761
3.627221
0.3192522
5.213883
-0.3178188
-0.2460464
0.7449105
5.021986
4.980416
-0.6100742
-1.580888
1.376061
1.896333
6.377925
5.655364
7.201306
2.17291
5.173481
0.09851591
-0.2332665
3.341991
-0.782697
2.438545
5.830733
1.279148
6.766785
4.411214
-0.004503722
0.004276064
4.563903
4.857363
4.474219
0.3117686
5.682846
-0.2248135
4.352773
0.446146
-0.7260759
0.7605155
6.080519
2.419874
7.868186
4.69011
4.536996
0.8373295
5.830906
4.438821
4.706553
7.067021
3.922764
5.873941
6.122162
5.087246
4.445902
5.916805
5.094617
0.09286629
4.203883
3.241712
4.914517
-0.8044695
3.437967
4.432191
6.114396
5.270895
5.043614
4.532024
1.076514
5.365341
0.5141003
4.848477
4.361819
4.089824
-0.6579336
0.3956286
2.768973
1.303589
5.514201
6.475944
2.780369
0.8489238
4.27492
-0.76549
3.030357
5.558913
-1.859019
4.654375
-0.9041201
5.212118
5.078782
0.1935549
0.3178465
-0.3596117
4.641252
1.929641
5.050625
5.834839
-0.2112047
8.448182
7.721554
-1.572567
4.710099
5.469533
-0.4058099
4.946728
6.542986
4.527461
0.249068
4.760931
0.3356869
5.062414
5.096018
2.819437
4.739038
0.2877525
5.084575
9.555625
6.062359
-0.005402139
1.678034
-1.493104
-0.0756044
-1.681644
5.380574
0.9382831
5.090291
-2.226648
3.899367
1.328814
0.2730947
4.797847
0.3834391
0.3348922
6.985978
4.574486
-0.4097826
0.6017298
-0.1568087
5.633604
-0.4678137
3.672063
-0.3815816
0.3660645
4.275773
-0.4028028
3.133265
3.24277
3.818045
4.470633
4.373084
4.054677
5.571771
5.318895
6.317256
0.2266528
6.312282
4.184176
2.609704
-0.5322135
0.8641115
-0.84134
0.0009137856
-1.943149
11.41286
-0.8133375
5.984188
5.295085
-1.415394
-2.075494
4.731697
4.446427
4.748641
6.446467
0.6224521
1.115795
6.254101
3.56018
0.9489738
-0.9120867
7.230338
6.717117
3.50611
-0.2019223
4.56283
-1.658091
5.867849
-0.309981
5.189325
4.696714
7.046182
-1.159058
5.337619
5.57243
4.6417
5.671798
-0.8016006
-0.952108
4.694446
4.276064
0.6986565
0.7162335
5.281874
3.508448
-1.444445
1.04424
-0.07093322
-1.83892
5.230203
3.467751
6.703402
4.248075
4.265814
3.199725
5.773289
4.257354
-0.3069562
5.168269
2.446721
-0.05462091
-0.303407
-0.2507864
6.392034
-2.05842
-1.844824
0.7916981
4.640143
-0.3495238
5.503454
0.1147601
-0.7120117
9.638632
4.12353
-0.02689576
5.056634
5.626857
5.223092
6.502035
-0.6711908
-1.600006
5.378434
0.7404349
5.167583
4.893245
4.907211
4.101529
5.029195
4.233385
-0.09760501
5.469536
4.317594
4.71446
6.257783
5.057005
5.763358
3.704303
3.721258
0.9910146
0.6870414
6.378625
5.210352
4.31929
5.752557
4.173208
5.829902
3.507721
-1.429554
1.253646
5.382882
0.8563907
6.265257
-0.2893255
-0.1891768
0.3058173
-0.8936423
5.042889
4.478775
5.575598
4.928434
-0.04167155
-0.4434349
-2.375231
6.094803
0.9592285
4.744931
-0.8795996
4.538069
5.685224
4.283883
-0.7646112
4.400701
0.1834449
3.359366
6.037178
-0.06419299
-0.05873662
4.950435
-0.6912138
4.607111
-0.9649517
4.806303
5.461603
2.7804
-0.6962657
1.209452
4.357671
3.431666
4.725467
4.114312
3.636197
8.194701
4.290551
0.4145395
4.73394
1.483305
0.6957913
6.378696
1.150912
6.420801
-0.3831842
3.466496
6.675315
-1.158266
4.411419
3.172507
0.3499496
0.7865632
-1.330965
6.578315
0.951185
3.591236
3.311095
3.600382
4.515522
6.566915
5.111973
0.4277004
3.635145
-0.4543237
4.697459
1.398472
5.724682
-0.2862957
0.9971935
-0.8567131
5.096024
4.446529
3.991137
5.885032
5.180121
7.608649
0.55678
6.206861
4.095407
3.108527
4.614289
5.412316
4.929804
5.263402
5.824924
2.120964
0.5089112
-0.5012253
0.1217031
5.415241
3.854061
4.478003
5.132886
4.834728
5.77963
3.134445
4.725449
4.350997
0.2848268
5.124739
5.786956
1.188191
4.917745
5.687858
4.513447
5.285266
7.788901
9.351993
5.123923
8.066743
-0.2296425
0.5894669
5.204798
4.358443
4.953288
0.4724482
4.924249
4.094953
-0.5786149
-0.02509018
5.41424
0.08864604
5.581084
-1.501492
1.341069
4.632808
5.600451
