7.14986
-0.06926413
-1.594024
4.703412
4.169186
0.659674
-0.1078834
6.05436
0.3916738
3.876399
4.096232
4.910093
-0.709496
-0.8607369
5.608713
-0.4357627
6.476686
5.536725
4.756097
3.174382
1.651133
0.9458082
5.639023
6.951824
4.594511
-0.5778164
4.465356
4.897876
4.595363
-1.644532
2.343782
0.4314293
0.05952195
5.198427
4.639711
0.1053688
5.293554
4.878121
6.678407
5.066722
4.302964
4.931048
1.633423
0.3165551
-0.6923968
4.692292
3.284982
5.659379
3.008425
-2.126413
-0.2127732
-1.428455
-0.07893182
5.519455
3.671419
3.763271
4.841242
-0.1947835
5.607086
5.240973
4.812388
0.994129
3.373839
5.309847
5.766625
0.3557694
0.2777756
5.753963
-0.06587791
-0.1602021
0.4438145
0.2831945
4.068901
-0.5663419
5.882041
3.210884
5.439024
4.590473
0.499653
5.678526
3.747928
2.96034
1.069458
4.205969
-0.3176777
0.6296798
6.044693
4.637937
0.9308616
4.467663
5.162006
2.990407
3.97553
0.3895792
0.0614605
1.49255
-0.8085286
4.978776
-0.8850383
0.7829383
4.483278
5.086801
6.001163
1.066115
4.032622
3.589032
4.785101
0.7300519
2.607271
5.630052
4.818451
3.859631
-0.1522285
4.460701
-0.9555721
5.596419
4.899248
-0.6729218
-0.06638517
5.372933
4.565766
5.643258
6.234493
0.1011032
4.965871
5.609385
4.52218
4.324656
4.796048
4.459964
-1.239069
6.452741
0.1289765
6.082067
6.188608
3.734768
-0.4118948
5.541074
3.645872
4.171484
5.080557
10.4186
-1.161564
4.510484
-1.638889
1.984489
-0.7834059
4.695114
1.702497
5.56899
4.916325
4.520054
-0.3740971
3.317245
4.649283
3.40469
0.3301026
5.563804
-1.643226
5.936816
-0.9171966
-0.5424494
-1.13951
5.229508
4.516561
1.548393
1.277798
0.979777
4.859351
0.9085284
-1.234748
-1.131267
3.89129
-1.408139
4.499504
5.651723
6.10744
-1.024535
0.9408486
-0.9084573
4.332451
5.908143
6.669587
6.093407
-0.4808707
-0.6778523
-0.8597822
4.933265
5.302421
6.439067
-0.1127362
-0.007100539
3.630741
6.215522
4.449654
4.983163
0.09327082
7.19476
-0.7015526
6.325201
-1.089217
5.894495
4.231038
3.911752
4.723351
-0.525847
2.097902
0.6277663
5.310867
8.357753
5.221337
-0.5784091
0.5643456
3.920351
0.240984
0.1060859
-0.1457726
4.882062
0.9743036
0.002273905
5.496667
4.470282
-0.1370197
5.506702
6.14746
-1.57759
-0.2076786
4.648764
0.5491304
4.643518
2.840889
3.441483
0.4570246
5.373436
3.7584
4.26448
8.188368
3.898882
-0.5892308
4.648747
-0.9736562
-1.561291
-1.610036
4.867291
4.490397
-0.68392
0.4569524
0.07396243
5.432748
-2.884345
