7.373452
1.219398
4.257619
-1.085491
-2.287943
0.5829541
3.326739
4.235948
-0.1501116
4.332812
2.744655
4.690574
4.965454
4.400918
2.435803
0.3705654
-0.8575968
7.800775
6.036296
1.538683
6.439592
5.301501
2.908601
2.024225
5.670713
0.2457911
5.961424
0.2318584
4.708494
2.449908
0.1745177
4.977492
-0.1297069
5.391544
4.784608
5.919949
-3.72353
5.554829
6.024343
3.788956
5.363329
7.151561
4.595787
0.06917976
-0.4318821
-0.1636111
4.80083
-1.395705
-0.5655067
5.342967
5.910145
3.342694
5.178472
5.68425
0.1567222
0.3322833
2.499857
-0.06373113
7.366513
4.748698
-2.245391
5.449121
4.326757
0.365716
5.054835
5.248045
5.164449
5.156287
5.142983
0.4917354
6.970264
6.538994
5.242722
5.3489
6.084083
5.394077
0.6605973
5.928699
0.4008019
0.2538833
-2.536268
5.468594
6.060732
5.754042
5.046641
4.457401
3.787213
4.985876
3.902399
1.29134
4.904678
0.003662556
4.577844
-1.099029
4.369391
-0.4630995
3.600827
6.880461
1.395399
5.949525
4.006354
-0.3912159
3.776033
-1.900877
-0.3213912
0.179035
-0.6342143
5.480376
-0.5697675
0.6017595
-0.2933309
0.09275567
4.528229
6.08846
5.701165
4.261197
5.005216
5.628436
5.056949
-1.170218
4.758903
-0.31856
5.280169
-0.09591736
-1.187518
6.250773
4.497062
-0.508125
-1.471637
-0.7618702
3.22652
0.3954844
0.5548813
1.389871
2.918667
-0.4812807
1.062536
-1.011402
6.457934
1.268109
6.072037
0.2273366
-1.886126
3.314224
6.730577
-0.2558332
4.287353
5.848371
5.045471
5.457366
2.819772
2.512481
4.834706
4.49049
3.203692
5.6588
0.6385999
5.599977
1.118898
3.082066
9.997905
3.026699
0.7591572
1.468648
4.295029
6.070513
8.349072
-0.02267445
-0.7372129
0.9597813
0.3931507
4.028887
3.064262
-0.9016866
-0.9336267
-1.205666
1.496947
0.8859713
3.856479
0.6941118
-0.06900297
-0.3515231
5.934086
3.984327
7.21256
5.850839
-1.066883
4.319194
-0.01542482
0.1778122
6.567519
4.155107
4.323587
6.236031
-0.4254393
4.051635
4.985012
9.177912
4.544974
6.703986
1.486866
6.227151
4.801088
-0.3067962
0.9861344
5.560542
5.453432
5.565163
4.475494
4.665595
-1.551519
6.863308
4.900316
5.510232
-1.046483
-1.03644
8.005359
4.737562
-0.4457653
4.55034
4.956364
4.28435
0.3124606
-0.8976268
4.660453
0.1989025
4.663347
7.040314
-1.552609
0.5663131
5.343807
5.861109
-0.08919799
6.665701
0.4211114
5.234413
0.4815142
4.665915
0.7223163
4.590779
5.527926
6.158408
-1.123156
4.266822
-0.02953633
7.8585
2.955994
1.872488
2.618948
-1.288925
