5.420106
5.588736
0.8746272
7.834028
0.3395246
0.2372511
4.867858
5.144594
6.713592
5.722643
1.238449
-0.2278207
4.49771
4.863065
6.015842
1.636761
0.1460869
8.091722
6.142149
-0.5438532
6.475942
-0.7563147
5.345407
-0.1328293
4.521274
0.1380955
-0.4540301
0.2883699
5.221506
1.588987
-0.0476223
-1.100976
4.326058
5.491259
4.859708
0.2610466
5.599385
1.962898
0.1859216
3.939784
5.677099
-0.9409798
4.342982
3.103676
3.59433
2.895148
4.98606
-0.3707918
-0.2590636
0.9925356
4.605571
5.180812
4.006077
4.682394
5.189041
0.3576929
7.058501
4.624925
4.976708
-0.1796139
5.428132
4.52979
5.060797
3.419837
-0.2820281
6.052335
2.850113
-0.1763481
6.964063
8.492701
-0.1752095
-0.7916032
1.829318
5.417136
4.459937
0.3322355
5.093973
-0.201298
-0.6741788
5.156231
5.613402
6.106867
7.149828
6.175157
5.733836
4.516949
-0.5518795
-1.031963
-0.5235574
4.259817
-0.4961199
4.144158
3.85489
3.295144
3.445284
4.575612
5.094281
-0.003512975
4.778758
6.821042
4.217773
0.6448513
6.734072
5.154343
6.063878
-0.8700831
4.880017
4.825675
4.004694
0.1000748
-1.40168
6.089265
0.3248273
1.275944
-0.2739571
7.677487
0.9011297
3.686987
5.356402
5.727261
1.249596
-1.701963
5.886521
-1.041952
5.120487
5.004659
-1.106246
0.6829569
4.152874
0.6808142
5.383265
0.9794363
0.646666
4.427958
6.669866
5.09457
1.558351
2.820456
-1.034364
0.9683628
0.8002756
1.039837
9.409597
1.249119
1.066442
6.099901
0.4181049
5.196612
4.448765
-1.191826
5.342139
0.04721383
-0.9068355
11.76158
6.744758
0.583968
0.2020076
7.035899
5.365916
5.265444
0.4956292
1.172344
-0.4446605
0.8525657
5.715781
2.938144
5.138791
4.596538
5.220552
1.44352
4.673195
5.056587
-0.5962646
5.411593
3.481989
4.747794
-0.409131
6.785428
1.382526
-1.02505
0.9811845
4.344667
3.952558
0.686767
9.584329
4.949009
4.06422
6.357358
6.447346
5.641842
0.2618708
-0.3084137
0.3882366
7.751163
-0.56366
1.163338
5.951275
3.932357
0.6692227
4.670857
7.443901
0.6371578
-1.461142
5.246514
3.644042
12.12029
6.190992
-0.8707807
-0.2836901
5.140431
4.201824
6.188151
7.725542
5.127217
3.860381
4.519989
10.85163
5.483763
-0.3417256
4.862256
7.073808
0.1487515
6.174592
5.525547
1.224209
4.270601
4.689883
1.154786
0.4567726
-0.6998927
2.989782
4.347427
4.65615
7.052116
6.915033
5.422657
0.3189662
4.819839
-0.2882747
-0.00620118
4.339407
9.968155
-0.6983668
3.28671
0.8266126
5.970547
-0.552465
4.369865
4.194524
3.732995
6.643185
6.320626
0.1876984
1.512044
-1.06562
2.902128
-0.9896733
5.682004
4.39391
0.2189421
4.955649
4.190252
0.4424583
5.362189
-1.402061
5.887531
5.568556
-0.9319063
0.4019973
0.1507115
3.823804
0.7259793
5.544091
5.996672
2.982754
0.4393512
2.420003
1.436002
-1.341328
-0.1431952
5.652303
1.336119
-0.7301992
1.450092
7.440809
6.11536
5.602756
5.265392
3.663438
3.789304
-0.01164332
6.321109
4.477198
-0.4494387
3.402366
3.756126
0.7487961
1.070234
5.05046
-1.0503
0.1144689
5.759842
-0.3905034
4.996943
4.232432
-1.195203
7.54645
6.480954
6.16345
1.241193
4.607367
4.392433
6.481242
1.795394
4.649485
4.094595
5.301704
4.654521
6.555598
5.495306
-1.005691
3.682602
-1.743569
8.610618
5.732448
5.020875
7.497232
-0.4738017
-1.683151
0.9099045
5.656427
-2.206356
5.775141
0.2434502
5.412815
4.863943
4.233063
1.947997
5.163045
0.7728228
4.859649
6.50769
5.01248
-1.451022
5.060464
5.435979
-1.437668
0.2736843
0.9132549
5.3337
5.49282
4.564432
4.289256
5.505145
-2.620416
0.9755445
1.001591
1.004713
7.157969
5.508059
6.22537
4.55791
-0.6400352
5.966044
3.822321
5.269465
5.386823
5.081577
3.10753
-0.7940793
1.95627
4.52681
-0.3880586
-1.20104
4.276731
-1.894201
-0.09221702
5.777011
5.801971
0.7673898
0.02358591
4.844349
-0.5354611
5.602671
4.618157
-0.2342287
4.641506
-0.4184409
6.182818
5.523312
0.02575449
4.75969
5.635534
3.840481
4.154988
7.423532
-0.494286
2.449732
5.964722
5.859675
0.1258659
5.382833
5.439734
5.102793
2.039661
6.781491
5.298026
4.813012
-2.004479
-0.08814111
2.659775
4.35742
-0.3514291
-0.5870645
6.431258
5.493714
1.51026
-1.241815
4.871149
-0.2330094
1.749473
4.194676
5.069249
4.569397
5.260278
3.684099
-1.24992
4.832217
-0.5606143
0.8035365
5.116591
4.95923
0.1544017
0.3844563
0.0834214
6.541555
4.905188
-0.6813957
-1.326661
5.604713
-0.3413767
6.548181
1.04777
3.009255
-0.8508491
-2.39233
1.884622
4.536509
6.350375
0.8631877
5.940049
-0.5150052
4.70865
5.014454
3.777998
0.5520354
8.451139
0.1883861
0.05822775
-1.522512
0.09299481
4.717633
6.907605
5.511529
-0.4062362
-0.593259
-0.2896849
-1.317414
6.154022
4.231448
5.361959
-2.209604
1.354956
5.751068
4.325011
0.6258817
1.158098
5.171914
1.323779
4.472471
6.309027
3.709951
1.424408
4.317612
5.642182
0.1573147
-0.6954147
5.843127
-8.446259
3.603627
2.835028
3.171574
-0.5367573
0.07315487
-1.190757
-0.294692
7.495459
4.626759
-0.9761821
2.175158
