4.10952
0.930931
1.057881
-0.1480458
0.576862
4.370569
0.7077504
0.9804737
5.922262
6.631799
4.648594
6.604049
2.932634
4.143715
0.4927251
2.425418
-1.800259
2.398476
-1.546168
5.041838
5.13303
-1.846401
5.630992
0.1628202
-1.034459
5.474957
-0.3784575
4.055855
-0.3471078
0.2648152
5.922443
9.626083
6.409717
4.574859
-1.457623
5.446619
4.619372
4.094763
0.9261453
1.597726
4.364806
-1.072256
6.865983
0.8279721
0.6070763
-2.41703
4.127916
-0.6589849
-0.4886054
3.004696
2.386687
5.710807
4.110014
0.8632199
-0.02846958
0.4239179
4.125521
5.84275
4.43207
0.4911435
-1.058836
1.08751
5.164524
1.623415
1.067284
2.092355
0.2477182
3.057251
6.93804
-1.567301
5.644465
-0.3199277
4.846928
5.781003
7.662356
10.68385
4.153941
0.2496329
4.538037
0.3768838
3.699322
2.731432
3.349711
1.189001
4.479986
0.1360222
2.276475
3.64989
6.054824
4.494675
-0.9605492
0.979657
6.408241
5.267907
4.086122
0.3111888
-1.845533
-1.348439
-0.8340567
0.4241061
5.003679
3.467628
6.399812
4.913143
4.905996
7.177815
0.3786009
5.826929
-1.890692
1.368891
7.259366
0.3458303
6.302391
-0.2749375
4.474031
4.278067
0.242626
3.672706
6.183593
3.812407
4.335058
0.9890106
5.583034
0.05285427
4.30384
3.742681
0.8570375
5.647535
0.521305
-0.3937019
7.12943
2.558922
0.2930343
5.225921
-0.7867341
5.471847
4.613116
-0.8461708
7.425146
-0.6865388
7.545877
3.911308
7.225869
5.79513
4.163886
5.242861
4.633181
4.212925
5.170726
4.968408
0.3343731
1.750148
-0.2372936
0.4993192
-1.377514
4.225138
4.935298
5.525102
6.22547
1.632482
4.107921
-1.313382
1.138833
4.982094
0.6613752
6.444387
4.814232
5.517058
6.862635
7.030373
6.619205
-1.712714
0.8235418
-0.2273234
3.155394
0.1749099
5.699447
1.594053
3.492864
3.82626
4.52763
3.8869
4.338662
-0.3715112
5.04242
4.324077
5.320237
5.829365
4.364921
0.7217418
6.074614
5.076629
5.248991
3.589987
4.731347
-1.641663
5.029143
3.648177
3.302482
0.1848665
0.3172742
-1.174547
-0.2664301
-0.5949278
-2.130604
0.3413923
4.724286
5.068193
0.7330694
3.1319
-1.097665
4.726279
5.870323
5.887967
4.059274
-0.2951002
-0.9295337
4.918694
4.665893
4.875676
4.594941
5.035642
5.154926
5.441799
-0.09341115
-0.09947382
4.665768
-0.8472563
3.469177
5.20407
3.667633
8.21979
5.227765
7.559641
1.177403
0.5403505
6.090674
-1.196421
5.950751
5.008292
4.988758
13.23153
-0.2426559
4.984424
1.749127
3.132143
5.76905
0.5291671
0.03077837
4.844331
