4.656297
1.317702
1.052292
4.26083
5.893791
4.115973
0.5933588
6.469754
0.5718548
2.429371
4.49493
3.800153
0.1977458
5.691059
3.80356
-0.9625257
1.636696
0.07550737
-0.6078615
5.333133
-0.4343548
4.42582
-0.7723615
2.55023
6.105501
-0.756352
1.519203
2.885153
-2.220819
0.3439011
4.721689
4.708172
6.2013
6.867854
0.2423836
4.249149
3.801605
-0.7785373
5.162813
4.466934
-1.728627
4.612287
9.11021
1.09524
0.3274869
4.978602
3.658368
0.6806356
2.348271
4.20853
5.380404
0.7850279
1.000898
4.131283
-0.560288
0.2322359
4.228739
5.956764
-0.6110849
6.338374
-2.246403
5.18264
-0.513059
0.7454875
-0.01146362
4.477991
4.55441
3.746753
3.837282
6.04395
3.244833
1.047328
5.625572
6.04386
-0.4118349
5.827159
0.9392095
4.927801
4.680801
-1.272934
7.701596
6.802344
5.289705
6.095536
4.31681
6.425137
1.66862
5.455315
5.100748
5.461611
5.937948
4.485604
2.447229
-0.3659382
4.169342
5.784602
5.303807
-1.272862
5.161865
6.446617
-0.9762296
6.585263
2.880093
5.761315
1.638896
0.6492973
5.452181
3.691875
5.559476
6.996796
-0.3238884
0.8594411
-0.05663288
4.479105
5.010697
0.4070128
4.021267
5.063717
0.7737987
5.857205
-0.9345237
2.838649
13.61639
5.471516
-0.4849463
0.07066527
5.942655
-1.956004
3.494148
4.960107
4.957216
6.620337
6.258175
-0.001547577
5.090922
4.26938
0.6675677
-0.3173536
4.616629
1.39214
5.931599
0.3375543
4.555162
1.514407
0.3186784
1.401718
4.728078
4.260741
-0.9175333
-0.2145442
-0.2636676
1.371683
0.2015806
5.861306
-0.4130629
-0.7466683
-2.021027
-1.368995
4.349199
0.4484121
5.376728
-0.7074532
-0.5493293
4.734246
0.9494848
0.02673247
-0.09389328
0.3121542
4.743899
4.421364
4.650694
5.980671
-0.7527935
-0.05725836
5.286023
4.279267
4.452925
5.261811
3.96072
0.2223836
6.995165
6.220091
3.742019
-0.3474118
2.102493
4.086426
1.385004
0.1000438
6.46774
3.978024
4.560814
-0.9360612
0.3951439
5.497423
1.646469
0.5232481
4.375835
4.561215
4.419778
4.446107
1.261367
4.144129
-0.2707514
4.89297
5.528612
-0.2765317
-1.096148
-0.5440189
5.867172
2.812838
5.818955
-0.3089084
5.160465
4.654993
2.426057
6.68679
6.129792
5.015413
7.602789
2.093179
5.357783
5.998441
4.843109
5.162979
-0.2138709
0.07122942
5.337091
5.478899
-0.5838208
0.2737158
5.517136
4.217635
4.843736
1.429569
1.269472
5.738146
4.393299
4.963904
-0.3234757
0.9005782
-0.8812525
-0.2747974
-0.6394358
2.154689
5.712492
-1.538905
4.575981
4.086594
4.553778
-1.44932
8.075944
5.674379
-0.7385772
7.662725
3.092372
3.702247
-0.6287635
3.503177
4.157379
1.191947
4.78063
2.356823
0.4252186
1.226747
0.7394932
4.390426
3.804586
4.668545
2.960263
1.498639
3.729761
3.408697
5.208131
3.312025
9.597407
-1.88146
5.353423
0.2752829
0.1213513
3.426117
4.560218
5.172588
-1.735416
3.619317
4.667126
-0.09142318
3.592252
4.242761
0.3533138
5.783313
0.289608
5.493043
3.927345
-0.9781356
-0.5104097
4.485891
3.330535
6.587271
6.36408
4.349618
6.595705
5.599925
5.479962
2.784154
6.381278
5.390852
5.504203
6.061834
-0.7604911
5.158412
6.623094
4.31052
4.771843
4.915399
5.010722
0.4781899
1.802185
3.564428
-0.6990037
6.533437
2.769995
-0.5631903
6.324703
5.396003
4.660935
-0.4624438
1.731286
-0.3879864
4.443056
0.5468731
0.6816752
-0.7549026
5.919937
-0.5391136
5.993845
5.678205
5.903751
0.1522377
5.819389
10.11332
-2.12786
0.1568161
6.029566
-0.7599736
0.8965782
-1.436801
-0.5292971
5.119045
5.699848
-0.1636834
3.297053
6.38981
3.96141
0.05331264
4.977312
4.188482
0.2956918
0.03509122
-1.155415
-0.3032573
4.228858
1.581484
-1.111424
5.830987
3.747732
0.7156749
2.549074
6.142911
3.603384
6.084572
5.295721
0.04698759
4.330424
5.776433
6.207779
0.07454736
0.4499708
0.08930631
6.842078
-1.956514
-0.8369064
4.446554
-2.413125
4.496354
-0.2265483
-0.6781594
-1.310826
5.590317
0.9997586
5.495849
-0.6386217
4.795308
0.1217118
-0.308612
-0.3951159
0.9501664
6.950486
4.593321
6.022132
0.4000974
-0.6824297
0.2364699
4.341896
6.005766
-0.01204153
-0.4121088
-1.120441
5.621746
1.565879
3.885691
-0.6636107
3.96941
6.232351
-0.2437942
6.384176
0.7489197
-0.0464112
5.115597
5.515974
8.467377
8.612626
6.297533
0.4329141
4.770296
-0.9019731
-0.3685579
4.333356
5.819983
5.756168
0.674182
-0.3321632
3.071217
3.840796
-1.882553
0.7647671
11.43699
2.137031
2.144479
0.3502733
5.454614
5.704322
5.152069
5.130726
-2.066337
4.083274
5.921708
4.684918
-1.898396
5.858861
0.7871093
1.139566
4.416127
0.9455465
6.702565
4.927059
6.629132
4.033011
0.3162188
-0.2853568
0.3115625
1.978182
4.422553
-1.245238
3.588727
1.202003
0.4935293
-0.806145
5.123766
5.326373
6.662177
-0.8283841
6.428469
3.304994
-0.3158471
8.077866
4.088076
4.04709
-0.9728033
0.49347
6.96871
1.70543
1.125003
4.015005
6.180398
6.130999
5.173616
3.55112
0.4093133
4.488515
3.865687
0.03998951
6.159579
4.608574
4.041014
-0.5341249
-1.585687
-0.4385893
0.6107888
0.6042589
6.042093
