4.640901
5.955468
1.310805
0.1831075
-0.1435853
5.383643
4.367841
5.304479
4.964096
4.274456
4.34719
5.995476
0.8616449
4.568223
5.155563
5.137823
-2.644383
2.459714
-0.5394431
4.873071
8.514585
6.293387
6.532883
6.093102
5.945786
5.955843
5.234424
5.276768
0.230622
5.510876
0.9508283
1.258937
3.949653
-0.9520014
5.589406
-0.1837724
0.3510326
1.122075
0.4736349
-0.06998748
4.511222
3.632334
-2.090127
4.251423
5.625865
4.881175
2.180636
4.38555
4.811899
5.204883
6.077694
0.7286841
1.9203
4.047901
0.3033064
4.031236
-0.1927689
0.2153104
3.801928
6.28374
5.169077
1.743244
5.669054
-2.265841
5.611296
-0.3629699
4.07612
1.246986
4.071278
5.070275
5.640276
-0.8278398
6.209964
3.916228
-3.528859
1.829403
0.711053
4.566376
0.9590391
3.685776
8.180228
0.3427544
6.083241
5.067831
-0.827789
4.790648
-0.5378362
3.975529
4.768953
-0.6352911
5.104052
5.799732
0.6572608
1.468362
6.492551
1.878965
3.458635
0.4830656
5.745422
0.1284424
5.113163
5.87951
5.761581
5.655471
-1.987999
1.539272
5.581619
4.569442
6.368907
0.02685153
4.938808
5.017574
7.121766
2.881023
4.151877
-0.175604
5.731322
5.504717
6.567444
0.8675623
5.106788
5.776568
6.094201
-1.480465
5.294669
0.2435594
6.536109
0.2779595
5.116639
5.578606
-0.1096871
1.44287
-0.6895191
4.85202
0.784611
4.932686
-0.129976
-0.9418544
-1.046985
7.095555
1.610818
-1.103829
5.40697
5.29782
4.048958
4.700989
1.751662
4.621444
5.1585
4.921926
4.618355
4.413194
-0.3327913
3.407888
0.4402603
3.632713
6.65591
4.232881
0.5529052
1.620588
5.034911
4.23728
0.7765705
0.1364369
3.461399
0.7705369
1.860921
0.8404828
4.102367
-1.520231
-0.3901646
3.834153
5.862973
5.274907
6.751963
1.167833
1.130974
4.935559
4.055096
5.414033
5.209068
4.602528
6.136104
7.524644
0.3273715
-1.92275
5.415828
4.262595
3.667339
-1.775672
5.733999
7.082943
1.148677
0.5973474
6.898012
3.245036
3.976286
-1.271875
5.369723
3.058958
4.423472
4.611659
-1.797056
4.55552
4.314014
3.506056
5.423291
2.898699
6.226191
5.74756
6.722128
0.4830998
5.099861
7.742103
5.921989
1.606409
0.8385607
0.2885093
-0.9023685
6.245439
6.592953
-0.2560102
3.562813
0.1604603
0.9778153
4.36806
6.431526
0.2599522
6.746155
0.789526
5.302981
7.23099
7.173078
3.349095
-1.178235
7.090099
6.816187
5.872094
4.793886
6.306334
4.80267
-0.7604084
5.186499
-2.234147
6.88516
4.1783
3.028638
-1.957073
5.23316
6.647647
4.822064
0.1158164
6.399472
4.790701
-0.2902793
-0.5285048
-0.775593
1.745724
1.653388
3.291173
2.905804
5.137285
7.211772
4.328637
4.091282
0.1358613
6.905101
0.1639688
1.834808
3.571159
1.544968
5.630874
5.73807
4.602205
-1.678532
0.9315826
4.484845
5.984124
5.776777
0.5984226
0.8221562
5.841952
4.881716
4.679791
5.376407
4.90884
-0.9253803
6.656349
4.769651
0.5814593
-0.09321482
0.3667201
5.003264
5.944376
-0.8574315
1.94576
-0.9384447
4.641077
-0.6300114
5.231728
2.308826
-0.5286292
4.494403
4.779473
2.868303
-1.209437
2.880648
5.873325
6.069056
0.05582851
5.487935
-1.066811
6.146366
5.389181
3.951626
4.573612
1.820558
5.15177
5.470828
6.78682
5.316245
0.4884275
5.649204
4.249944
3.45704
-0.7164873
0.06275836
-0.4715631
2.865495
5.032694
3.58769
6.735029
4.425798
-0.6006037
5.060146
-0.4498741
2.018155
0.234147
5.718683
5.851642
0.4308257
5.758441
5.84871
-0.6687435
4.748045
0.187418
4.645689
0.6996281
4.59093
4.399679
4.656587
6.562649
-0.7522037
-0.5386574
-1.742968
1.667205
3.351664
4.786335
4.013753
6.866066
10.16189
5.144114
0.2713337
6.608255
4.556469
1.443953
1.530779
6.266978
5.493218
4.447512
2.944759
6.584865
-0.7180254
5.811805
0.1664357
6.497068
-0.2615984
7.075371
4.837425
-2.205476
6.537366
1.705686
-0.9766224
6.342387
5.833354
7.618871
4.80258
5.480832
-0.4849617
3.852588
3.864325
1.156855
5.86889
3.386666
1.729487
5.478002
5.887616
4.971347
0.5476746
-0.4195236
5.416978
4.685149
5.401203
0.4326486
-0.513234
-0.8731715
11.19016
6.173905
4.702909
-0.7787547
2.262547
0.9711172
-1.052536
4.92268
4.003392
6.49242
6.287056
6.249868
0.3415266
0.2631778
-0.6494299
6.821049
3.26922
5.413765
2.691508
4.833213
-0.9543558
0.647424
3.030532
0.06511463
4.709643
5.706256
4.676958
5.675231
4.011731
0.5954725
1.475159
0.2925719
2.459683
5.104913
4.243434
7.404024
-0.05352789
1.49937
1.67608
5.19386
0.1907286
1.315315
4.098997
5.805963
1.629895
0.4737179
4.198057
3.252733
-0.727547
4.380707
4.259525
3.451666
8.016427
3.942596
4.08675
6.078234
-1.853592
6.810463
6.082224
3.465996
5.039942
-0.5137543
5.224161
6.289663
0.6592484
0.104025
1.170028
0.7922871
11.11141
3.543899
1.899418
4.864509
4.685207
-1.574656
5.954513
5.677817
-0.6616889
6.755718
0.5084127
0.7592039
4.403753
-0.4940495
3.672241
0.7794419
0.225376
4.747783
6.655543
3.645262
-0.4742265
5.266747
-1.001713
5.655259
-0.2733795
6.152873
