6.895136
5.511554
4.472649
5.956957
4.698724
6.224384
-0.1261091
4.187237
3.633196
0.2720633
0.7091419
2.880338
4.61805
4.240228
6.002246
5.220588
4.004436
-0.3345504
2.585935
1.616708
-1.381833
-0.6666011
5.941499
4.020252
5.828599
6.241425
5.014683
4.25618
6.543136
4.068844
3.024996
-0.8130104
7.09175
5.363669
-0.5167618
4.998112
6.232129
-0.1451131
-0.40392
-0.6200441
5.606889
-2.550409
5.347818
2.303108
4.189891
5.083399
0.7533442
6.129383
1.096306
5.137757
5.953788
-0.1372275
4.112423
0.905378
5.333273
0.9031375
4.150889
6.210769
4.020919
-0.01901088
1.947723
-0.04758069
1.87985
-1.016194
6.25089
-1.376297
0.1163174
5.999805
-0.04033971
6.48571
-2.785147
-0.3578036
5.15466
5.540678
4.717616
2.201066
5.943161
4.832765
6.485145
0.9603677
6.200955
5.268051
7.238674
3.898588
0.4558716
-0.3914972
-1.649465
6.931561
4.693586
5.187023
-1.288538
-0.9477872
-0.6041677
0.5999024
4.855138
6.153811
-1.268608
5.836519
-0.3366396
5.034221
4.929479
6.096575
0.4357115
4.826112
6.192052
4.256593
7.78812
5.417348
1.029397
0.5624558
1.955195
-0.01152773
4.449133
4.794355
6.306057
4.533939
7.156118
4.830312
6.43471
1.364836
0.00360423
4.904967
2.499332
3.788636
5.484818
-0.8170212
5.825913
3.579623
-0.07440548
0.1403394
-0.5217546
5.552129
5.70225
-0.08922552
0.1039401
5.329406
4.207902
5.966429
5.773261
6.018349
-2.071015
6.413933
5.106198
0.8345667
4.024606
5.465228
1.395806
2.663005
5.913361
2.581073
0.6969307
-0.1608903
7.132687
0.696663
4.727802
0.2192599
6.592852
-1.660291
6.362828
-0.1760408
5.368058
-0.1228406
-0.748014
5.795104
-0.6998943
4.671558
4.261044
0.1351414
4.974328
3.076828
3.216959
4.598353
7.144832
-0.7743006
5.156943
0.06099905
-0.4885279
5.807624
1.576143
1.702897
2.957954
0.6934412
-1.691311
5.675553
4.451572
0.4180659
-0.4474733
6.915461
-0.05777525
4.566122
0.9338582
8.300839
4.863106
1.087479
3.503824
4.015574
4.144309
4.668295
0.8773182
0.1446802
5.22996
0.1394601
7.906519
-1.37776
4.97086
3.90427
0.7773
4.794411
5.931318
5.113978
-0.200911
3.889723
5.643081
0.2964412
6.202311
4.077986
7.361265
-0.3894182
5.049217
5.300128
5.385721
6.225156
3.190488
5.314405
5.245674
2.631313
1.158316
5.779941
4.938635
2.21182
-0.9070839
-1.681676
4.112918
0.04310671
3.700253
-0.2136849
5.770243
12.97383
5.046889
5.885175
6.663612
4.868231
4.133966
5.202298
5.639567
0.5462552
0.7162176
0.0688858
-1.462013
3.81129
