12.61577
7.147102
0.479773
0.354814
5.234977
5.089468
3.525018
5.473535
9.114323
4.297042
5.905208
7.394807
5.729238
1.177601
5.887957
4.213705
4.625813
5.385285
6.285793
0.7259839
2.320873
4.570131
-0.4205432
1.835508
0.0571408
4.314897
3.323283
5.70733
1.884211
-0.4391647
-0.2443803
5.089187
6.036066
-1.243176
6.16074
1.157222
-0.2479445
-0.203389
0.413842
5.483592
5.20323
5.140255
5.084807
-1.320884
4.455876
4.096035
5.410201
5.47362
5.910533
5.254124
4.785192
5.966835
4.067328
5.485236
6.806187
-1.310499
4.306199
6.547939
4.96369
2.706649
6.19977
6.105078
5.357385
-0.6434403
2.791371
5.39958
4.685866
6.196335
1.046085
6.159475
11.90253
-0.11884
3.388188
-0.4066613
-0.03732379
5.374357
0.3038672
6.173422
2.897537
-0.2219814
5.732119
5.529295
-0.5360358
0.1726145
0.4974896
2.175755
4.951673
0.5394452
-1.697824
1.292503
0.3124028
-0.6158493
6.159963
6.769055
5.919378
6.21199
0.1612489
1.218127
6.053076
5.197599
0.1575582
3.915107
3.363826
4.616242
0.4328094
5.506997
5.580995
5.30679
-1.072463
6.020924
5.976538
7.167974
3.687543
5.122388
4.388042
0.1059854
5.206565
-1.163943
-1.553502
5.59333
5.015998
4.216492
3.883366
-3.051142
3.217772
-0.0623715
-0.1365696
4.261881
6.764499
4.936613
0.1326158
4.428836
4.977477
2.936761
3.036047
1.169404
5.474444
5.69162
0.3018961
5.182058
7.464058
4.302138
4.892552
5.043404
4.190266
5.663764
-0.4090409
0.476467
5.021941
-0.2270535
-0.4290392
4.648738
6.146495
6.010763
2.583896
6.68858
5.523483
-0.456505
6.748618
3.836424
-1.222178
3.601111
5.238017
2.664171
4.919041
5.770859
5.645322
6.399934
6.704018
-0.2216113
5.35609
4.604592
4.557385
6.009829
-1.152442
6.373569
-0.8194672
4.030354
-0.2781939
3.826418
3.492768
3.97612
4.259271
6.692151
0.164137
5.59963
4.463433
6.78686
5.722959
0.3208175
5.560019
1.978785
2.659024
4.375201
4.436547
2.118841
5.837507
4.720913
5.212412
11.66023
5.57006
-0.6042113
-0.7316615
1.591275
5.937395
1.951306
7.685244
0.8179982
1.229671
3.78094
1.171005
-0.4193743
4.971506
0.02249437
5.613844
5.90681
-0.4847182
7.373141
0.6840559
-0.6078822
5.95995
4.946403
-1.754554
-1.540107
1.297844
7.071687
4.400442
5.305731
4.431734
3.880038
4.314412
-0.1466265
5.320633
0.6979589
0.657084
5.660363
6.437863
0.02079351
-1.340161
-1.511353
7.63026
5.485659
-1.0007
6.285618
5.264406
-0.753102
-0.283015
6.43012
1.086127
-0.2378228
