4.828966
1.504952
3.499817
4.497725
4.749959
1.075371
5.901143
6.164444
4.189798
4.919317
5.255479
6.205761
1.784273
5.430146
4.084275
6.509759
0.8964982
5.846605
1.174518
3.105377
3.861659
5.879586
5.989559
3.082916
4.441342
4.326458
1.36843
-0.4803652
7.033702
4.397288
0.3325916
4.158412
4.996175
4.876128
1.057319
-0.9103972
3.008921
3.799283
4.176746
3.7691
-0.5356789
5.795615
-0.8911042
4.121286
0.2332594
-0.07513494
5.464712
-0.4347797
4.783485
7.572049
2.668358
2.562454
2.888283
3.78863
0.5558578
-1.468258
-0.9051056
1.221893
0.4558544
5.400648
-0.4889334
4.643981
0.7305581
5.419112
0.06312685
5.502855
4.070644
4.954955
-0.6876027
3.874099
1.248308
-0.7004922
5.383782
0.4548467
3.64675
4.614283
5.639689
5.873781
-0.7542938
3.386934
-0.3167216
-1.460036
-1.808877
4.953386
6.508248
7.97702
5.169818
-0.5894354
-0.8791192
4.100256
4.806661
-1.597576
-0.0395571
2.283569
4.8737
6.243522
-0.6798721
5.416383
0.05808683
6.263823
0.0743168
-1.118829
-1.158723
-1.088253
4.425204
-1.826182
0.3199317
4.920883
1.674319
1.674103
3.460113
8.070778
13.01053
6.802749
0.4616552
4.777647
3.745522
0.01914961
6.243989
2.058565
-0.1518034
4.705376
-0.2121514
4.994636
-0.1034734
0.3886088
-0.9939443
4.27549
0.5179724
-0.1380816
3.606712
3.582224
2.110073
0.698684
-0.1606309
4.700303
1.157928
0.2204697
3.224995
9.666852
4.294397
0.7268068
5.035639
3.950923
-1.292046
6.231985
-1.258644
-1.360927
0.2778221
5.315316
0.7807578
4.50636
-0.5487144
1.47147
8.002539
1.631179
4.525303
0.5701839
3.874256
0.5425934
6.089795
-0.02848358
3.339571
5.465086
3.880846
0.3160423
-1.79365
4.683421
3.474855
5.418708
-1.082861
1.578883
-0.6493705
3.085792
0.8508525
-0.0143132
5.358909
4.244135
-0.9510379
0.6803503
4.117663
4.000394
3.243068
5.893433
4.432916
0.4096142
4.85734
5.326831
2.021997
0.7380423
-0.1698248
0.7221907
3.987675
-0.8362701
-0.2059807
-0.4702072
4.421822
4.405851
3.347412
6.014397
-1.110349
-1.172649
0.7227248
5.156869
-0.05999006
5.177361
-1.217401
0.963915
5.534589
1.209075
4.22741
4.297989
6.115133
0.9169416
-2.363475
-0.9497621
5.556144
-0.01318095
0.8094437
-0.6220197
3.897415
0.03072412
8.886462
6.175417
-0.5746632
5.601004
3.710013
3.977841
-1.714216
6.293961
1.312722
-0.3910916
5.78256
4.6058
4.622206
5.074799
6.112723
3.053688
2.966289
0.9252857
5.330356
6.280723
4.480057
5.861826
4.739373
-0.5470053
4.521526
8.486444
4.467104
0.4971101
