-0.9816269
3.258059
4.572446
0.7031158
0.6574905
5.442931
5.674898
1.373126
5.698298
-1.219076
5.426937
6.156802
0.3006868
4.684768
5.784028
0.8802385
3.905618
2.771424
5.258386
0.4615886
2.073603
-1.4014
5.442057
5.309427
-1.773005
5.037964
0.01286892
0.2912093
5.74628
4.884068
5.512844
4.717038
-0.2453701
1.189183
4.953026
4.692305
1.158694
4.848136
4.080843
-0.4010016
4.022729
5.719003
6.041231
-0.8077215
3.036325
5.001327
-1.920237
7.263249
-0.4076525
5.037534
-2.906291
1.314128
4.595352
7.562871
0.03179757
6.179978
11.14926
4.56798
5.835701
5.062794
0.6475422
5.279077
4.338952
4.607441
5.675024
9.038045
1.054006
6.160221
5.12257
1.016767
-0.699851
6.34926
1.35485
0.7575139
3.237464
0.239024
4.637439
0.0407876
1.97195
0.6018308
5.332878
4.635195
5.710867
3.628803
4.71807
6.455749
3.557568
8.931703
-2.049423
5.413603
4.899236
4.902371
6.235859
-0.1482051
3.053493
5.324549
-0.3824605
-0.4415113
-0.1143616
-0.0918245
3.988666
0.8852077
0.5337299
5.580882
1.421146
0.7438496
4.213831
3.305376
6.232832
5.54865
3.691893
-1.383124
5.455759
5.017595
7.177806
0.2287424
5.055594
3.172688
9.599984
5.817407
0.9255613
5.793831
-1.395026
10.32828
1.199346
-0.2041997
6.009087
6.348579
0.579601
6.381246
-0.3887246
0.6095813
1.645556
4.863079
-1.654789
0.4399142
4.653556
1.16187
7.748484
6.154412
4.559225
6.51914
5.12946
-0.6245191
-0.1371517
-0.148239
4.554574
6.53384
4.919943
3.861843
12.53841
4.005504
0.2120834
-1.782405
0.2424299
-0.6952542
5.026869
5.444549
-0.1098506
4.575472
4.612576
5.399922
5.757878
4.61525
3.285388
-0.501014
-0.4649633
4.796237
0.2257174
3.977484
5.583605
-1.293837
5.273747
4.863573
2.625166
6.529096
3.705845
4.84663
1.765658
0.8504026
0.3369902
-0.2781405
5.061736
5.000926
4.949845
4.817222
6.165241
2.736866
4.525215
6.268989
0.4202746
5.192805
-0.5254478
-1.913296
5.394261
-0.6171769
5.565939
5.327732
5.506352
4.796034
3.366379
5.959256
0.1919892
6.143921
3.393552
6.145695
3.674542
4.554007
3.78405
6.565623
0.04941101
-2.083549
0.2032055
0.5488454
7.724369
0.7870472
4.057861
4.417976
3.713987
3.960992
-0.05195023
-0.5830731
5.82879
0.2653807
5.480326
1.136627
4.31985
-1.110551
2.927306
3.387914
4.766946
1.513986
3.589638
5.192968
4.494715
1.484861
-0.5912337
4.8586
5.771171
5.594268
4.982938
4.279261
4.247096
5.642042
3.98119
1.557461
2.46727
1.302951
4.268859
5.952242
