3.838316
6.253206
0.09412244
5.813596
4.309159
0.4331482
2.336301
6.99379
5.113186
4.110308
6.207196
5.485301
5.154097
5.535185
-0.3162815
-1.137912
-0.9969533
5.350296
3.29048
6.403022
3.916237
5.377589
-0.1483117
0.9110325
2.909087
1.679155
4.757514
2.789973
5.338084
6.499263
0.7894398
6.101379
5.626215
7.314011
0.5977868
4.723219
-1.375211
2.974095
3.934399
8.526372
-0.4398731
6.925333
-0.1420995
5.000953
-0.6136316
4.655577
0.1196506
5.223265
5.020232
5.427981
7.510402
3.507746
6.066147
-0.9801014
0.3890633
0.3042916
-0.6954733
4.059485
5.478004
4.121244
-0.103451
3.533798
4.473425
0.5739125
0.0676176
-0.8211955
3.900128
-1.634833
0.5663051
6.920733
0.9644239
0.2604411
-0.6539151
-0.4259154
4.584407
0.8643678
0.9106642
0.2058785
4.537916
1.275472
5.609566
7.020721
1.326096
4.699373
5.38556
4.50581
0.3762751
2.065844
2.571084
0.7655959
4.42397
6.217737
3.706223
-0.7682834
3.996121
-0.1779316
4.307683
5.553631
5.75385
1.264438
0.3740923
3.346192
4.410248
5.935439
4.113282
5.171707
2.904626
5.872003
0.05710881
5.795843
4.084923
5.462163
0.3148409
5.583599
5.061397
4.015159
6.688836
4.737719
-0.8409566
6.063335
0.2871413
4.314507
-0.8434421
5.909825
5.915841
5.929305
-0.8793694
-0.5914984
6.666918
5.019391
3.141712
4.03507
0.6938819
5.251192
5.753062
5.027387
5.212747
7.830467
0.001673709
4.847935
-0.06644215
5.363705
4.082538
0.4264746
3.258754
3.848835
5.689509
-0.4509506
-0.2264203
6.329864
0.2420125
4.055944
-0.07047256
-0.5219726
-0.3050955
-0.868154
-1.376739
-1.713854
-1.469699
6.226465
4.629918
1.653822
5.985148
5.293892
1.237303
0.1156088
4.663525
5.25072
5.260194
4.975512
4.568951
-0.5387892
5.043951
5.048652
4.504482
-0.4727325
-1.655164
3.583726
6.223837
-0.4440596
3.69457
3.810576
3.825577
0.1326541
1.095013
1.217435
6.057577
4.734712
5.426902
5.085347
4.139867
-0.3915245
5.954718
5.412636
-1.017271
6.609091
4.558654
1.822586
4.675182
-1.594257
3.907669
-0.7768102
-0.8524228
-0.9602354
5.138999
0.7092228
2.689351
4.697032
5.602655
5.158191
5.313221
1.680517
-1.339353
-0.7882585
-0.6650957
2.661581
0.9616931
6.391905
5.458328
-0.4239609
0.7407416
0.803837
-0.05000374
3.92573
4.041005
1.051464
6.062987
-0.6128999
4.891191
-1.504081
4.09936
3.827934
-0.9399208
4.196249
-0.2143687
-0.7876495
4.542865
3.490858
0.4820575
4.658408
-0.7948179
1.100344
4.835077
3.513263
-0.9864815
5.364623
4.715838
0.4753112
0.8658001
4.297392
