4.876635
6.452061
-0.440932
5.990521
0.2202091
6.097712
3.983251
3.535298
-1.797569
4.44487
-0.4038028
4.055341
4.5547
7.087268
2.994731
4.976831
-0.1703017
4.696612
5.627992
3.189044
4.662246
5.430416
0.3990812
5.322564
4.523756
4.1725
0.01805262
5.531114
4.104853
4.048251
0.5091666
5.190975
6.134448
-1.514254
5.595043
5.266433
4.400874
4.738638
1.861983
4.191295
4.262837
1.128148
6.111574
5.202731
5.466354
3.957769
4.214092
5.002166
4.986326
0.1491982
0.8641313
5.167487
2.937859
7.730165
-0.007684485
4.545691
4.915937
5.159198
5.292486
-0.9060442
-0.3339331
-2.366812
9.792151
-1.809631
5.821346
-0.1861464
1.469661
6.230973
0.4297152
3.831617
7.158105
4.827273
-0.4109465
3.516192
-0.5460792
-2.508483
-1.0346
5.975299
5.845752
7.252468
6.125363
0.9263047
-0.03888044
1.146878
5.559298
4.78718
6.341768
-1.104479
4.173941
-0.778139
-1.793196
6.543611
3.95845
0.9006165
4.193868
4.436341
5.951714
5.234649
5.971491
1.328328
5.538828
0.1767595
5.056906
4.123644
4.392057
0.9196567
-0.6225688
-0.3301436
-0.05676885
4.433025
-0.1103647
4.570971
-1.095216
5.696412
5.625253
4.322627
4.041072
2.691351
0.2897915
-0.3276865
6.114972
-0.2652529
1.046158
1.322905
4.876212
0.9364473
0.5143228
0.6723042
6.566889
1.017002
-1.160555
-0.7998668
5.909245
4.992746
-0.241282
-0.8986212
0.4395343
5.519799
5.311903
-0.7298727
-0.3018369
4.386469
5.617916
5.458982
0.6582907
0.5685122
-0.01121669
3.622269
-0.2083366
3.565129
6.704719
1.399755
5.844641
-0.4716271
-1.005044
4.721486
4.787829
4.427909
1.601583
4.180125
0.2417421
-0.742127
5.477969
5.160239
8.885631
3.70501
5.968986
-0.6221716
-0.029041
5.659238
5.269287
5.675951
6.145486
5.29493
0.6301382
-1.45031
5.182364
6.057153
0.2699464
4.453753
4.562151
-2.58342
3.26413
0.06621484
3.888364
-0.8683923
3.983296
-0.9168405
5.484536
0.420247
5.189798
2.931696
0.1190874
-0.3611516
4.575115
4.29735
6.086307
5.298337
-0.5009638
6.471739
6.198434
0.2056775
-1.340995
5.377916
-0.9258338
4.618083
5.642884
4.111531
4.239765
6.413602
-1.911997
-2.497859
0.7292108
3.616638
1.025462
4.998469
5.363359
-0.4943446
5.43946
1.8972
4.478674
3.167815
4.951496
4.249522
5.309469
-0.5583468
5.698118
1.921974
0.3355547
5.288648
6.151259
3.124217
-0.1305165
1.277746
-2.905191
5.076156
3.119487
5.169417
-1.420204
4.789253
0.3648716
5.927744
5.11221
2.490268
4.962309
4.712949
-0.3019942
0.0920984
-0.2968978
3.916217
