5.064906
1.354671
0.8605388
0.7998375
0.6431526
-1.442588
0.3168818
7.625233
3.536739
-1.477503
5.194474
4.46754
3.916487
5.891192
5.668958
4.194891
-0.008078161
5.578231
4.020411
6.042453
3.85728
5.149087
3.383488
7.739851
6.735381
-0.5829384
1.506837
0.8926433
4.088818
6.375604
-2.41464
3.968634
2.5846
6.091349
4.800749
4.644437
5.566992
4.668386
-0.4758043
5.986417
4.900982
3.640293
5.301065
3.587415
-0.1145516
1.439291
3.04904
1.897434
6.668918
4.462294
0.308783
-0.4043056
4.600046
3.537439
0.7918155
0.5955494
-0.6874401
-1.40837
0.9935966
0.3988771
5.774225
4.621862
-0.3406193
5.577335
0.3704422
6.2173
0.6719137
6.198904
4.312857
5.920722
2.499645
5.191605
4.54422
5.111597
0.566831
1.607279
5.548939
4.901735
0.8537495
4.329663
4.305228
5.775435
1.09383
0.7321749
1.635606
-0.152723
1.698108
6.981634
3.855287
5.654521
4.468687
0.5770804
0.4777124
-0.7252257
4.495849
4.666004
3.659352
4.019718
7.564048
-0.4657987
5.189496
7.127653
4.968801
-1.265832
7.221941
0.2596706
2.041646
4.155377
5.306153
5.540148
0.3866074
0.2233182
4.086052
-0.2490519
5.328846
1.428993
5.391258
5.653639
3.834388
5.768265
-2.469432
4.908142
-1.409491
4.212133
3.951282
-1.745102
9.892199
0.6705952
5.163986
0.9948636
4.901181
0.3746373
0.637634
2.098948
3.60879
2.903973
4.980679
-0.1257675
4.495517
1.361777
6.202717
-0.4031497
0.7254473
0.03961247
7.702514
4.674066
6.274787
4.64032
0.1260209
5.4796
5.042576
-0.1667311
-0.918929
5.574876
0.1019046
4.606365
6.932455
2.153634
3.00076
-0.1588149
4.835738
5.720809
4.637571
3.215835
0.4868137
-0.3999503
6.468419
3.405073
5.33369
6.440965
1.90742
3.293429
-1.211404
-0.6200344
3.545155
4.368474
3.937912
3.697933
4.075496
4.954543
1.766896
-0.6890016
5.707081
1.616267
4.524687
4.022653
-2.772765
3.657641
0.3246256
2.809908
-1.0264
6.281188
4.980198
5.94068
6.018266
11.00414
5.899862
-0.8925906
-1.484242
3.299614
-0.01236355
4.138952
-0.6882304
-0.8939302
2.067372
3.631078
6.046211
1.74431
4.970849
1.012678
-1.387393
6.024369
4.009332
4.438223
5.906573
7.316394
-0.06655719
6.140042
2.305006
-0.6159918
5.361221
4.534673
0.312652
-1.932583
3.96844
4.970322
4.110418
0.374769
-0.50568
0.139676
6.4139
-0.2396801
5.023605
5.60393
-1.564512
-0.5222435
4.431717
4.12745
4.751942
5.802651
4.765844
2.450037
1.792423
5.610992
1.492616
5.076767
-0.7430402
-1.460407
3.58371
1.609611
5.313294
2.026258
0.239039
0.003606003
0.1514834
4.974658
5.867339
5.475621
0.2905326
5.849732
4.190872
3.135435
1.398413
4.081904
4.85059
-2.294523
-0.2005774
-0.5712032
6.617578
0.7280983
6.662447
-0.9079435
0.05805094
3.305671
6.320845
3.503279
3.982963
0.3092132
4.348294
-1.037132
6.652682
-0.7272667
2.692685
-0.5851978
3.497879
6.204086
1.376948
0.4952364
10.41891
0.4022106
-1.628425
-0.9769532
2.235579
0.4660508
10.27885
-0.5456961
5.005877
2.941367
-1.102701
-0.1973535
-0.5235868
4.604485
2.199401
0.3584429
1.889568
3.988143
3.97229
7.031754
6.837834
1.346646
3.305588
4.687895
4.518601
4.364106
0.5018682
-0.1266184
-0.1915293
-2.240201
4.313204
-0.2738777
0.2127594
-0.4534573
5.08709
5.631035
1.898957
1.421573
4.197766
1.155475
5.077939
2.657593
3.768412
4.994799
-0.5309457
-0.9771116
3.941594
0.2052445
5.125536
5.140564
3.691331
0.9580476
8.548869
5.402855
4.654255
4.419816
-1.294281
0.08639602
0.3313618
4.282133
5.611447
5.227805
4.531931
5.959975
5.089366
-1.466136
-0.4101141
4.411209
5.494978
-0.5975253
0.5461583
4.917242
5.197323
6.124496
0.4654398
-0.07326953
3.396799
-0.2484377
0.8219602
-0.0684108
4.114977
1.029323
4.813747
5.078653
4.914958
3.477137
2.377246
-1.948034
-0.6867609
0.4224549
4.30664
6.420716
3.379688
0.6616755
5.849702
-1.447122
-1.058423
4.991199
4.414346
5.590388
-0.03476431
5.415217
6.005947
1.766052
4.785224
-1.030451
5.877708
2.276583
6.912661
5.522155
4.382716
-0.01833783
4.757244
-0.3561923
2.984846
-0.3117572
4.660546
6.347851
4.39883
4.644581
1.244681
5.361184
-0.8219557
8.15333
3.888684
-0.6326055
6.622231
5.658451
6.741668
5.292815
4.227132
6.977482
5.196914
7.207617
-0.1692284
0.8968688
-1.016712
4.836708
-0.4490443
5.424376
1.342899
7.764316
3.155948
0.6648175
4.269206
4.538094
4.439684
4.900893
5.308149
-0.003719753
-1.3883
5.546007
-0.2519506
0.7508676
3.475466
0.322392
0.06443903
-0.8337568
5.208662
3.084282
4.570178
4.919597
-0.006748059
0.2747793
5.633046
6.002401
4.038089
0.2053157
5.018518
0.3504447
3.273858
4.721442
-0.5234501
-0.2668388
5.26891
6.00961
-0.1460536
6.107987
6.205669
-0.3759966
1.995094
-1.048073
-0.6166663
2.247911
4.953066
0.4579458
0.2789542
-2.236059
1.201446
4.166007
0.0829073
4.048109
6.324513
-1.324431
4.040424
-1.060513
2.978766
-0.6900844
1.305612
-0.1095057
2.271349
5.247268
-1.132826
3.975375
5.406772
0.4482099
5.183615
5.993937
4.700707
0.1763424
7.502683
3.51735
