-0.02579617
2.109917
3.876701
-0.2194585
3.003224
0.2308279
6.882789
6.074283
5.089464
3.817914
5.810394
6.377864
3.003339
-1.428728
5.722547
5.463558
4.14896
-0.1744681
0.660067
0.8219197
2.222967
5.83887
6.693516
7.478531
4.367773
-2.917269
0.3317806
0.9926359
-0.331193
0.9912515
-0.3490906
4.105055
5.020742
-2.255711
0.7781501
4.478446
-1.322805
5.513203
1.065084
0.2842453
-0.6774962
0.897407
-0.2315158
-0.8017471
8.516694
5.409345
-0.3429845
0.09504722
5.164801
5.115783
0.419254
4.801306
1.900598
4.279051
6.000358
4.332581
5.909237
0.07431765
-0.4562891
3.370394
4.409762
-0.02171484
1.466892
3.832786
4.556609
5.969843
5.47008
4.143008
3.83931
-0.8174064
5.85592
-0.1826276
4.791128
1.089096
4.096803
-0.9447263
0.353139
5.703947
2.448782
4.510936
-1.76415
6.238678
5.143758
4.893077
-0.07141097
0.1670937
5.739784
4.56496
-0.4668426
5.030209
3.861397
7.018032
4.548899
0.3402256
-1.709517
4.652855
5.371133
4.999
1.474604
-1.120958
10.41373
-1.513839
-1.921727
0.2077237
-0.4812971
0.6472718
4.77087
3.150711
-0.04561376
1.893447
-0.1119405
-1.290492
3.861344
10.56796
-0.3520379
6.213518
5.474005
-0.4615318
3.064869
0.5142859
6.639823
-0.3979793
4.490715
3.710349
0.7190539
4.231965
6.109682
11.94293
0.7282261
5.467939
-0.02221969
4.273231
4.236851
6.952452
6.538773
6.309198
-0.5999036
7.375291
-0.09160746
4.319643
-0.4384161
3.451937
3.220623
5.262949
5.189593
8.19536
0.7841546
-0.6940453
4.724346
2.133317
5.980544
4.314387
-0.6811292
0.1255308
4.57219
6.17319
5.269119
4.902587
0.6343376
0.7964503
-1.081091
0.8305958
5.093486
6.97684
3.683363
1.651815
1.419816
4.655417
4.729401
4.119013
-0.5941431
5.49577
-1.09106
3.25553
1.269742
5.579592
5.290595
1.102676
-1.145278
0.622789
6.066298
6.388587
5.363627
-0.145229
-0.4695643
2.385507
0.5971352
2.501374
-0.2610076
5.492297
6.884046
0.03941399
-4.876132
-0.5690778
3.690417
5.945659
-0.7993027
3.399389
1.0832
-0.4637338
0.2199341
5.341501
5.88037
-0.0870381
3.996801
-0.4035429
0.3437674
4.961638
4.533734
0.6484641
-1.095431
5.399519
0.7375442
4.629554
-0.003108112
5.773005
4.988318
-0.4710588
5.041665
4.759987
4.719278
4.115829
-0.05840665
2.779877
4.861772
4.859538
5.540736
-0.2484528
6.807305
5.617026
4.694548
-0.1273931
5.671738
4.964647
-0.4021528
3.389966
5.256762
0.8412905
-1.144444
0.4513207
2.970072
1.057303
5.148818
3.938828
-0.6176899
4.357548
1.269516
5.651577
1.442935
-0.8867154
3.341338
6.169177
4.042129
4.133692
0.9932993
4.856489
3.867815
0.3959116
0.9739761
5.244013
5.487828
4.383219
2.245807
4.715496
4.057721
4.79065
5.504508
-1.502438
-0.9615495
5.495865
-0.05444792
6.236928
5.948174
1.256597
4.996983
4.420957
5.495944
5.033438
1.565777
-0.757445
0.5850363
8.60377
2.151429
-0.06413766
-0.3750107
1.848008
4.65455
7.343165
-0.1978041
1.931833
0.7757827
6.965955
-0.1237117
-1.367965
5.398727
0.5379355
-0.595963
4.956366
4.251865
4.352892
1.196001
5.522289
5.895005
4.604325
-0.4383137
6.778215
4.608629
8.754476
0.5905721
-0.7246347
5.478712
-0.8708725
5.878878
2.227603
6.857721
6.107789
1.568675
-0.07622829
0.2359096
-0.1260756
-2.689478
-1.488303
0.447556
5.837163
-0.8859521
-1.250163
-0.3943004
1.799115
5.787466
-0.6326658
6.088566
1.416476
4.324501
5.312728
-1.283235
5.355978
-1.130689
3.090654
3.215754
-0.114839
5.139118
-0.1077033
5.207187
-0.09920789
6.315117
3.526644
4.989207
5.203954
0.03296922
4.27656
0.7786335
5.120973
7.089345
3.947388
6.296488
0.007056708
6.404822
2.803748
3.52592
4.260177
4.646657
0.02552153
1.197175
1.895147
-0.5849821
5.202888
5.057795
4.330303
4.908429
6.316888
6.276752
-0.7678845
4.934704
5.20386
4.656717
6.490951
-0.4204142
-0.628123
1.293326
5.519787
5.441685
10.18435
3.704291
0.08949012
5.580138
3.763128
2.127376
-2.917236
5.842476
4.526125
5.337555
2.53559
4.54467
4.697622
-1.368593
5.404095
-1.351174
6.661564
7.106843
-0.8013245
6.709169
2.364898
3.787961
-0.1353997
1.815697
0.1801375
1.226032
4.4422
5.475069
4.671955
5.693002
-0.4112937
4.639094
0.09112757
5.422767
4.297583
4.623059
3.861901
5.470646
-0.2494831
3.333916
4.004633
6.707426
5.930583
-2.37284
-0.2221522
0.4562353
5.65936
-0.05159423
4.315187
4.58564
1.551985
0.5921652
5.073237
5.342366
5.726228
0.2419354
4.784618
3.27408
5.011494
0.8039241
5.898422
6.534854
6.395819
5.04817
5.694404
3.267832
1.57197
6.641869
5.905598
0.4085689
4.517701
6.815083
3.905121
5.114436
5.429399
-0.8616496
-0.6385638
2.285645
11.61723
-0.579507
-2.00911
3.020623
0.4983878
0.1082899
4.426767
3.675665
5.823338
3.849632
4.345793
4.080193
5.723798
-0.350811
3.563939
6.157499
5.533714
1.160388
0.7062454
5.244323
4.886236
-1.489343
4.195492
1.928739
6.36138
7.113718
-0.3291389
5.120667
1.557566
1.297671
0.8204712
-0.6084275
1.170641
6.047351
4.60595
6.074558
5.14256
-2.18746
3.495225
-0.406912
3.931769
