1.59893
8.134195
0.1574323
3.777965
4.313685
-1.364556
5.217295
4.923143
5.072785
3.443302
7.969439
4.138417
0.1827361
-0.1316028
-1.549123
5.624926
1.472957
-0.6887537
-0.5968439
7.650024
5.033497
-0.5863883
-0.7191734
3.15295
4.560579
5.224953
0.4611526
-1.449397
-1.211237
0.8972598
-1.446442
3.569184
0.2203428
4.061196
0.8536982
5.153557
0.04298358
0.09439634
0.2153967
0.1967282
0.7620829
5.97977
1.847691
3.189099
-1.229647
-0.8141835
5.369279
6.233873
4.647846
3.945888
4.909116
2.798409
5.433762
-1.593428
5.757642
5.607028
4.320379
0.01482058
4.25532
1.16666
-0.5072202
4.710194
0.3470717
-1.888286
6.345149
-0.618751
0.7404235
5.900703
6.328746
4.83046
1.609395
-1.168379
5.480426
5.097148
0.05458722
4.999987
5.357789
3.698603
4.825221
1.145048
0.6352067
5.399688
4.666582
4.187994
5.950482
4.425484
5.703894
0.2848941
5.007748
0.629594
5.047435
-1.102387
-0.5230761
5.8962
5.170273
6.91209
6.197601
5.894857
3.944592
3.840959
-0.002968579
-1.494633
-0.2453286
0.399852
3.767273
-2.360035
4.607273
4.575557
6.492659
0.7656403
5.151781
5.358918
3.860355
4.077594
-0.2815792
-0.2788842
-0.8492722
5.696176
0.406743
5.538938
1.075364
4.83266
0.8410408
5.79333
4.873481
1.236767
3.978317
8.13743
1.919171
5.749806
6.600465
5.126224
5.723268
4.051639
0.06589945
-1.120732
4.635737
-0.192694
6.129926
2.959763
0.5004932
5.852507
6.505621
0.5269777
0.443
0.5373997
0.9651634
6.491421
4.562745
5.109986
4.249017
5.299361
4.837607
4.561537
4.722595
5.58754
3.272068
3.817565
4.54527
3.628872
-0.1935459
3.705821
6.605815
4.386288
-0.9793493
6.966922
-0.1089893
4.860635
1.803809
0.6435763
9.120481
5.093385
5.36579
0.1671165
0.2947369
5.567498
4.921584
3.645833
4.165977
8.293288
-0.8167342
5.899167
5.893896
4.853885
4.930821
5.558375
7.375224
-1.46713
5.787304
5.17131
4.174915
3.637811
7.035723
-1.179062
-0.002049565
-1.351225
0.2796925
7.446613
5.147884
-0.09410511
4.905531
0.370914
0.8240305
7.470535
6.104244
-1.187623
5.633242
0.8698526
5.790247
0.1110013
-0.4291255
-1.019119
5.021268
0.3038892
-2.262237
-0.5823632
3.504602
0.1480988
1.547705
-0.3425121
-0.5150755
-0.5718513
5.367538
4.498882
6.016646
2.397621
3.284607
-1.389718
5.560022
0.001824283
-0.5312426
4.19289
5.695865
4.985833
0.4346184
6.083154
4.302646
7.072233
0.2446193
0.5620115
-0.880304
5.888298
5.200975
-0.3758823
1.575523
0.5390424
5.524625
5.72835
5.115954
7.57635
