4.824482
5.370187
-1.415166
6.437686
-2.268168
5.324651
4.565912
5.155179
3.967671
3.193553
1.335783
-0.1713274
4.245731
4.628594
4.962942
0.05728016
4.752296
-0.07710591
4.894905
5.31196
4.29875
2.921131
5.714984
-0.427807
5.184334
4.382172
5.506912
4.604918
3.216281
5.015118
-0.6768122
5.328168
5.167138
2.330238
-1.745416
5.557136
1.142355
3.818672
6.883678
4.969114
-0.06371264
4.803498
-1.127791
3.342147
-0.3281294
5.49933
4.2236
5.412762
-0.6967236
-0.1066774
7.405757
5.711536
5.479669
-1.129292
5.304717
5.416599
5.690384
0.2233575
6.108021
7.298354
0.9898752
5.401415
4.084599
5.324834
1.316555
6.193274
6.637133
1.222251
-0.2344526
4.92888
6.110984
-1.110688
-0.9609517
4.785334
4.896586
0.6481203
-0.4694566
1.374069
4.851524
0.2634681
3.816479
5.532161
0.5234072
-0.8354783
-0.3247921
6.360984
-0.716113
4.554899
-1.499238
-0.448691
5.003608
3.758789
3.103021
4.720109
4.212782
5.846646
5.452031
5.012096
0.7208232
4.293625
-0.9809427
9.14166
0.314638
-1.068012
6.039401
5.375512
1.919577
7.493287
5.007927
5.395494
0.7074379
8.550306
-0.8479857
7.350973
5.400844
5.039776
6.28245
6.261449
3.858409
6.188501
-1.286388
-1.858542
1.393883
4.408933
6.037927
5.849766
5.31988
0.1892602
5.09848
5.692893
4.193796
4.106485
11.90381
-0.885288
5.989217
4.279179
5.731934
2.320815
0.602955
3.860825
6.451045
-0.3366155
-0.02908414
3.43098
1.549572
5.222989
0.3231137
4.071382
0.5396207
9.836584
4.357449
4.979488
5.076585
4.043149
-0.861682
5.525334
6.556728
2.962021
4.691617
5.209461
5.547064
0.571082
5.340366
-0.5646255
4.229318
3.554241
7.194751
6.133082
4.638221
4.1316
1.699402
4.139852
6.067849
5.410865
0.004672415
0.4602921
-0.6282783
1.225556
5.984817
4.126394
-2.076928
4.845987
4.540408
-0.4125734
4.043745
5.340035
-0.02810867
5.367464
5.829467
6.069794
13.25138
0.05124615
-0.3322612
0.2777212
-0.8009913
4.916917
-0.2429031
5.693571
0.2917118
7.335897
4.140977
3.149173
0.426651
5.994809
0.6227545
3.396662
0.7631495
5.572437
1.219041
7.040442
-0.9206006
0.7263557
3.314259
5.40123
1.14825
-0.268776
3.713544
4.502019
2.822681
-1.109824
0.5896113
4.916411
4.909119
-0.2292743
5.317028
4.293859
2.886558
-0.674149
5.687801
4.149929
5.45726
-1.923841
6.120411
4.185799
2.47124
5.36271
0.8435754
4.912819
0.1066026
0.352808
6.267432
7.929902
3.633342
0.3584938
5.946081
0.5682146
2.380777
5.509983
5.10947
5.513221
5.52748
6.564998
5.737557
3.898708
5.063814
3.549738
4.410373
5.923917
-1.854333
0.2252949
5.961569
1.412052
0.6552205
10.14456
-1.057964
3.8298
0.809285
4.000773
4.195967
5.525831
5.272858
4.229976
4.791869
6.554423
0.09014406
-1.797019
6.427777
5.166267
0.355991
1.762046
-2.478867
-0.8580129
0.1595704
5.456746
-0.5782164
6.310268
4.876892
6.723053
4.210986
-0.6334237
1.071229
0.02734713
0.8500079
3.691216
-0.8499935
-0.3528894
5.480396
5.586893
4.08316
-0.1065499
4.718914
-0.8618485
6.282412
0.1572168
4.932538
5.268632
5.995315
4.017171
4.125176
0.3121956
6.99175
-0.5282717
6.088059
5.507022
-0.130736
2.108203
4.851529
7.224637
4.763218
5.91276
0.3143846
5.42981
3.356012
-0.455963
-0.3445807
0.5102011
0.9410981
1.487548
-2.535344
-0.8687814
7.192888
5.650161
5.093644
2.412498
-1.960145
1.449222
-0.6856664
1.962717
-1.023687
0.4156595
4.240352
0.1902679
6.574916
4.944668
4.820943
4.807044
5.682417
3.273312
3.996436
2.875704
-1.263218
-1.387686
6.691854
5.977331
5.679928
-0.03235236
5.8817
0.6880318
0.8235508
0.9676057
3.99576
6.522542
5.369996
5.982502
1.108486
5.540785
-0.6188843
4.549621
0.8658999
4.901655
4.613139
-1.133672
7.039858
6.688951
0.4005088
1.391845
4.88288
6.267847
2.160942
0.1699031
4.128935
-1.816067
-1.100384
5.282495
5.955787
-1.214818
5.62582
4.10023
4.511139
1.342746
4.858613
5.524094
4.608671
-0.2203943
0.5855585
1.6726
5.047725
7.570518
4.260678
0.9032314
0.3702671
7.590041
-0.5744311
0.750644
-0.04017334
-1.711496
-1.249479
3.480393
-0.2490024
3.844673
-0.3923523
1.617908
3.98008
0.2224024
-0.2217542
4.294459
-0.08886449
4.881084
-0.8334648
8.437125
3.974529
3.392229
4.235171
7.164617
4.932696
4.63049
4.159351
-0.654851
11.2081
3.670893
6.330881
-0.6959776
2.769897
4.085481
6.127382
6.801903
9.167236
0.07746288
0.0036348
4.432585
5.286927
4.503034
7.289855
6.136802
-1.185885
10.80032
-0.6690288
-0.5726679
-0.4623012
3.396908
0.7464546
6.187474
4.158923
0.4359123
2.750945
4.237683
0.4857453
5.525999
-1.173006
5.275234
0.1009676
4.039324
0.5920132
-0.3960964
5.020162
5.018652
0.4618972
9.496709
8.031421
0.6105336
5.984606
-2.403434
0.2456233
-0.734093
5.123915
0.9248195
5.046098
5.910836
3.472326
1.206594
4.130402
1.10388
3.940221
5.06706
4.959677
5.406098
-0.824974
5.312166
-0.9203911
-0.5352743
0.4410507
5.003556
4.699025
3.461043
5.364979
0.9757472
0.8719066
3.077127
5.359749
5.491115
