1.420834
0.7425165
1.212439
-2.149867
4.840775
6.623303
-0.03744152
6.776162
6.865754
5.795451
4.399396
-0.4589469
4.071071
-0.1469342
4.952162
2.019057
4.237314
4.376673
4.832802
4.667774
3.872341
4.747924
-0.9329663
4.730634
5.370937
6.546334
4.123256
-0.1188738
1.79031
-0.2412405
0.7377088
4.729487
3.758864
0.2234874
5.127602
5.709658
4.648104
3.893687
2.051345
5.897276
6.391627
8.614708
3.640059
0.855248
5.449343
4.346384
-1.266382
4.237266
6.057661
-0.04214768
4.230364
5.543146
-0.5977051
1.501029
-0.5376489
-0.8550827
3.59056
3.263957
3.455628
0.2277787
5.376607
5.871612
-2.07034
5.398499
-2.216332
-0.8236505
4.913381
2.670924
5.996569
4.293536
0.2405059
-0.9950867
3.960357
4.335572
1.207826
0.00811569
-0.08043203
-0.1267825
5.502284
0.4278099
0.1729073
4.692201
-0.5181925
5.129915
5.822477
1.550853
3.746611
4.104053
-1.003284
4.991284
3.398663
6.166336
6.59942
3.457741
5.720898
3.251917
3.36244
-2.103855
3.585206
-0.1455471
3.626524
5.683271
1.970665
-0.2605489
6.16895
1.34576
0.6469523
3.549881
5.945244
-0.9643792
5.302095
5.229083
4.655099
1.24049
2.013837
0.1822756
6.003947
0.1928647
1.191404
0.651216
6.593254
3.099308
-0.2190069
-1.350949
4.210045
0.1433969
-0.2989374
4.980688
1.76757
0.5711864
4.119838
6.864866
0.9982205
5.195036
6.653956
3.807276
4.142136
0.1337557
-0.009019241
2.251737
-0.2230775
-1.304242
2.349644
7.012104
5.746485
5.321221
5.191481
3.673634
3.796755
3.991955
5.676357
2.170642
-1.668165
3.239467
3.754958
5.112797
4.923527
-0.4429156
6.825855
0.3963469
6.872827
1.064467
5.913462
0.7370897
2.054915
5.397404
-0.4972506
4.745859
0.5911702
4.958158
7.043957
4.540305
5.486007
3.732988
-0.7350562
3.4811
4.978201
6.241374
0.1514371
4.170992
0.2326303
4.755994
4.574592
4.189408
4.412977
5.072396
-0.3640132
7.234938
4.907447
-0.4451391
5.751066
5.313274
-1.086012
1.028772
3.372914
0.9066771
1.094741
2.399502
6.723855
4.618112
6.99934
5.138071
4.61411
-1.023992
-1.266349
6.06423
-0.8145682
5.170638
6.490351
5.087758
-1.755887
5.09749
5.320542
5.108273
6.765867
1.682835
5.549029
4.356504
5.292013
5.79932
-0.7131287
5.2753
4.143759
0.1935545
5.293713
5.453761
5.82135
6.310056
3.984479
5.621514
4.739379
5.054736
0.04709066
0.8460964
-0.8261511
1.484734
0.1360097
3.641016
5.562048
4.720638
-1.131407
5.864527
4.425149
0.3791128
6.613487
5.302734
4.408784
0.1002259
3.739234
5.162594
0.1067175
3.967355
1.063892
2.526418
-3.273177
-0.7411198
3.354977
4.454367
3.523313
6.771428
-0.8250201
4.662036
5.681882
5.090379
4.773667
7.033414
-0.3852376
5.818318
4.186381
-1.451345
5.075722
-0.5856902
0.2502697
7.587001
5.791172
7.738712
0.2670507
3.692329
4.057354
5.348524
2.464096
4.809401
1.663792
1.281864
-0.6046418
5.80433
-1.083904
3.762131
1.649261
-0.4470601
4.257504
-1.104801
5.888227
9.797095
0.3486142
4.122094
4.932982
3.847966
1.973996
0.4137609
4.431393
-1.067091
5.431834
6.303634
4.256354
3.382926
4.096037
5.442799
1.841369
4.496903
4.112309
6.923382
-0.1029097
4.918373
-0.8800963
0.3001305
5.091089
4.546764
0.5100475
5.837594
0.8771352
0.6430392
3.990415
0.937677
5.102258
4.746019
4.287632
-0.2450891
4.739976
-0.1901685
3.3091
1.92464
2.049295
3.563696
5.094299
-1.258617
4.834034
4.061333
1.903943
-0.8425241
5.61251
4.152487
5.323841
5.752284
4.559978
4.38566
1.63943
-0.8332074
3.930516
-0.9206399
3.620414
6.067444
-0.06795345
1.208041
6.27112
-0.9794277
4.224414
-0.7424186
5.221334
0.2214595
-0.1293013
-0.9313919
3.023216
3.772432
5.636619
4.422594
6.402133
-2.603805
4.24785
3.888509
5.242152
4.358265
3.516777
-0.9411844
6.016367
9.707141
-0.04577648
-0.1046483
0.01447074
4.969207
4.022504
3.530875
0.3046767
4.135239
3.633814
6.988614
6.481768
-0.4508389
0.8102151
4.220621
1.230936
0.1058813
4.058381
-1.441785
6.914662
0.19093
-0.5764299
-0.4976834
-0.5912476
5.403596
1.791588
4.754336
6.894536
0.0390867
5.343619
6.598162
-0.3403685
6.67578
-0.4346916
2.678491
5.583461
5.69758
0.000968218
0.08252296
-2.300587
-0.9422255
5.352014
0.6274636
3.088863
-0.5863273
3.834547
6.0366
1.832761
6.629634
-0.8114137
10.40969
1.184825
3.529
-1.08505
0.1010615
0.685899
0.3905686
3.0146
0.9043014
6.086662
2.612634
4.628192
2.769397
0.6939581
4.372876
5.864547
-0.2533169
5.670977
5.787505
4.237564
6.278298
4.441029
0.09358639
4.737696
5.80299
0.4011691
-0.2738077
0.2333237
4.423557
5.724859
1.460302
2.563502
0.111009
1.731309
0.1666095
-0.9456137
5.545576
3.974858
0.08823397
0.5125794
6.546629
4.642692
4.968353
6.381434
0.5075275
6.01351
5.791816
0.5135058
3.189736
5.713809
-1.7327
3.731764
1.646915
4.970051
3.897015
0.915283
3.826725
0.9145954
10.40731
4.408874
4.906497
3.952577
0.2422404
3.812083
9.920316
4.584442
4.746271
-0.2274266
0.8376936
-0.3954933
0.9312255
5.605804
3.955684
5.224799
-0.8386089
