-0.7358053
0.5403374
4.906896
4.708818
5.962657
5.783236
5.613143
-0.1888648
-0.1670148
0.8068032
4.313612
4.285559
-0.5562948
0.8129706
4.593209
1.73816
1.659396
5.318944
6.770742
5.966618
5.138516
4.422266
4.696804
4.392477
6.395466
5.876529
-1.688852
5.088246
3.793567
5.167364
-0.9005724
7.471427
0.5958595
4.346603
-0.9493956
-1.087511
-0.5114754
6.575324
6.775253
4.220958
4.652167
-1.198166
-0.4469461
4.859098
4.956974
-1.092301
-1.178246
2.911312
5.613686
1.242565
3.341232
6.18295
0.2990574
2.446295
5.151011
2.230048
3.829321
-0.8937816
3.807429
4.315765
4.107747
6.333872
4.886083
9.095681
3.595879
4.999711
-0.08844747
-1.715854
7.097219
4.896335
7.32506
0.02406578
-0.0454642
-1.539046
0.5727381
5.830963
5.464489
-1.378899
-0.670556
0.02331098
-0.1169862
3.591071
3.93854
0.5298852
5.677706
5.252576
3.71375
5.347155
0.9909501
7.132136
4.417026
4.822179
-0.03185935
4.631646
0.9987024
9.46748
7.270665
-0.09588316
3.806123
3.632511
-0.517913
5.210302
0.7591342
-0.8650312
4.580897
4.908111
-0.5649479
4.690508
-0.9783524
-0.2470234
-1.852622
5.029047
-0.3826306
-0.6408264
4.850607
4.397012
0.3879856
4.586799
4.826051
-0.3573891
5.954561
-0.7558253
4.583836
7.501004
-1.323761
5.298431
6.923948
0.107949
5.604972
0.9252889
5.460864
4.602548
2.21735
3.508102
-0.2882153
4.541189
4.681408
-0.3517431
6.124271
0.7652972
1.629362
6.102777
-1.556411
6.458874
5.12255
3.96636
6.301186
1.117721
0.6998975
0.03896586
0.0588507
-0.7032327
6.993969
5.826296
0.5137274
0.56333
-1.46267
0.07732869
0.7063337
4.165367
5.989888
4.228282
3.120111
4.660448
5.021782
4.14777
3.656419
4.080465
4.214445
4.439226
3.6914
4.638387
5.428143
1.176525
5.568396
4.949123
-0.4826515
6.288702
0.6061431
-0.995541
6.050582
0.712527
-0.1984982
4.127692
1.830657
4.462686
4.627961
2.952058
5.739427
-1.190381
0.7640186
0.766008
-1.460482
0.7702025
-1.452608
-1.153013
6.316286
5.217567
0.9771793
-1.792942
-0.3305263
4.022096
0.06800152
5.662852
3.482542
4.757811
4.078515
3.777253
6.459533
4.82712
7.2643
5.237932
7.289654
0.992842
0.7890381
0.5290092
1.857184
4.871782
1.209418
-0.5194363
3.248199
4.015274
1.613083
4.428336
6.300052
5.704563
-1.32339
6.745965
1.120893
4.66263
-1.893645
5.045525
7.219494
3.283544
5.176164
5.370596
4.158386
6.037867
0.4478531
-0.4130516
5.104423
-1.210606
-0.349156
2.277
3.272418
1.163584
-0.4533792
6.39851
6.073779
5.158398
