5.558064
4.117882
1.083364
4.598284
6.395173
5.734641
0.7497376
4.464599
1.993963
3.738607
5.11821
5.208584
5.533929
-1.209003
-0.09005325
-0.4108129
-0.1975861
5.263575
-1.163845
6.212027
-0.3850413
-2.59215
-1.234843
5.256173
-1.162566
4.384951
5.519038
4.428139
3.799558
0.8521076
-2.005112
6.216198
-0.9416928
-0.2113641
-0.456485
5.367381
4.372236
-0.1972646
0.943105
0.4758147
-0.207487
6.547758
-1.358313
6.930704
0.06632979
-1.087949
3.77645
-0.7571201
5.171165
1.063753
-2.170068
0.475155
7.054742
7.203056
5.60766
6.060769
7.364255
5.970184
-1.255671
2.851197
0.2736829
-0.5128789
6.514206
2.036223
-0.006014136
-1.574654
3.732006
6.863474
4.080218
5.027306
0.1637705
4.957394
0.7620639
0.5749529
6.393604
5.408747
-0.3721124
-0.6050916
0.7716787
5.088112
4.600535
5.648327
-1.760943
5.019436
3.291066
-0.283826
4.937398
-0.3984565
0.6872843
4.891158
0.5287247
5.500967
4.26529
-1.142955
0.6193327
2.619801
0.3242698
6.883482
4.363323
4.830919
-1.169686
5.024191
3.626326
4.294472
5.449474
-2.25298
6.106858
5.401241
5.683691
1.482715
0.338819
5.777983
6.19692
-1.726861
5.854255
0.167673
0.1218602
1.329925
0.7309059
2.352364
1.659476
6.775455
3.910459
1.036442
5.130843
4.032612
4.599014
4.791259
2.586893
-0.8965597
3.807232
-0.4189432
4.240567
7.944097
4.587962
6.129425
4.783345
5.358288
4.371997
5.164595
5.961935
-0.5330398
4.716199
7.065849
-0.0659929
7.699303
4.767645
3.927208
4.343772
2.982774
-0.5099525
0.8987629
3.616392
0.7142043
6.870576
4.875289
5.97311
0.01236627
4.902877
5.61868
0.886282
2.856039
4.971366
-1.647924
5.220969
6.069463
1.330476
-0.641759
5.671349
4.982439
2.268083
0.1492351
4.298842
1.20301
5.141608
-0.5827234
3.419619
0.3272714
4.832561
-0.4095503
7.014272
3.863068
5.064743
5.195059
4.453174
4.294777
0.9001618
4.114858
5.736022
4.895343
4.577753
4.324014
6.008625
-0.8417451
4.782546
5.479135
6.351066
0.9058081
-0.1803826
5.041357
7.265026
1.061827
0.5619584
0.1362135
5.43849
6.383546
-0.465396
6.039893
0.7030756
-1.022567
-0.7755788
5.136457
6.5321
4.982803
5.800107
-0.1145783
4.811159
4.939543
3.515522
6.470187
5.283761
3.7301
6.530281
3.946681
7.021697
3.830147
5.107815
4.883757
5.58547
0.3019578
-0.4922148
5.130486
5.230264
5.298746
3.734323
-1.371198
0.0584848
0.8262775
0.9330724
5.270447
-0.05107161
-1.367357
4.992065
6.223979
5.662831
3.942337
3.426833
0.2022466
-1.162316
6.643211
