0.3590061
5.36993
5.655142
-1.30329
2.405173
-0.796066
4.257051
5.308126
-1.003725
4.977392
-2.156899
3.716021
5.360552
6.174867
0.1553331
5.586543
4.246353
0.7635927
6.497259
4.668219
1.498261
3.113094
1.123956
5.322162
4.870716
3.426985
-1.335552
0.4832452
0.3970684
0.9261648
-0.2563472
4.85192
3.345435
-0.8738973
5.145381
-0.4873954
4.291377
4.75382
-0.1300308
4.039037
1.02023
-1.128253
5.332141
1.409499
5.674101
0.8138382
0.1008767
0.3637536
6.745607
6.581006
-0.7661993
4.201506
0.07153455
6.062279
0.9107832
3.955656
3.402144
6.037545
5.275274
5.080336
1.306204
0.3225306
0.7732443
4.73108
-1.217941
-1.432388
5.536281
5.361136
0.4456421
-0.08269267
3.941764
0.6841953
-0.00448826
4.079077
5.390771
4.561616
4.78781
-0.7945635
-0.6425686
0.8269705
1.140841
5.073343
1.699042
-0.2763708
5.125936
0.3309351
4.812804
4.484586
5.760125
6.696526
5.502644
1.643256
4.50027
1.374266
-0.4121304
9.110168
-1.085449
4.765853
5.681723
4.555099
-0.04718441
6.182239
4.577492
5.258218
5.948448
4.398666
4.641306
0.7215142
4.394436
4.655265
-0.9605009
0.3695473
-0.7204037
-0.8605814
4.459204
6.191643
6.485704
3.265938
5.637323
7.235898
4.985579
5.798573
3.643324
4.351144
0.7299416
0.382465
5.076726
4.389474
-1.371968
-1.026088
0.2751462
5.184638
-0.8297678
5.00854
-0.570323
3.708831
3.47118
0.04770837
3.383225
3.358573
5.350794
-1.904784
1.02123
0.09368556
-0.6423517
5.350168
-0.9664969
4.393853
-1.509576
7.14724
5.840392
4.632691
-0.2644834
5.077235
5.52559
0.9704676
6.086312
2.980073
0.6568909
-1.11325
-1.243646
-1.496021
1.404255
-0.5881275
6.758168
4.102356
6.301762
0.3718221
3.717471
3.55644
0.1020137
5.296989
3.787919
5.11311
-1.285667
4.760493
1.909002
4.87818
4.424802
4.609928
5.708564
4.436116
6.106267
5.680886
0.2793628
1.046753
4.880062
0.3521455
5.775644
2.993761
5.118462
4.592105
5.076891
0.803445
0.3248665
-0.7099284
5.273645
0.02174686
5.546312
-0.1257928
4.924088
-0.2563656
6.613819
3.51794
1.420313
1.013802
6.204949
-0.4303259
3.567993
5.283578
2.235039
5.965629
7.537723
4.686072
5.707224
1.210064
5.507767
-1.307193
5.421201
6.522733
-0.5037404
0.8377098
-0.5695795
5.176922
5.097547
0.5812451
2.428382
3.964792
6.522189
-1.534155
1.507391
6.810919
6.583624
-0.784243
1.959055
-0.5523673
6.349589
-0.6947594
5.913192
7.845487
-2.074885
5.721137
6.280897
-0.7196807
4.27926
5.530261
4.977801
4.684441
4.778309
5.163435
4.883724
5.344714
0.4791175
6.071903
2.158949
0.2946107
0.1392551
6.298842
-0.2123905
4.37961
3.957859
5.705687
4.073462
5.064739
0.7391514
-0.113196
0.6289573
5.550229
5.526705
-0.3733544
-2.153712
0.1957297
12.74262
5.001065
5.336122
5.495011
5.46877
3.649003
4.681288
0.9817444
6.434931
0.6698928
-1.98598
4.352178
-0.7904885
5.599586
2.374441
0.2775634
6.245154
0.5443635
1.785078
6.051573
7.274794
-1.573168
4.866019
5.489657
-1.179369
5.861144
4.337839
0.2677519
4.54155
2.797152
3.807193
-2.01875
5.890489
-0.1322297
-0.9458858
3.70629
-1.365223
5.706674
4.33731
0.6302521
0.6769966
-1.049865
1.446205
5.53132
4.357217
5.83611
-0.8241438
-0.5467701
0.7875841
1.430578
5.440777
0.4369617
0.07021343
5.28565
5.026655
-0.7107802
4.087228
5.954546
-0.5101584
0.03081359
-0.298805
3.626426
0.7741591
5.220872
-0.1033307
5.459499
5.313833
4.33742
5.904707
-2.479576
1.665958
3.425587
-1.786031
-0.5759389
4.028803
3.098225
5.290397
0.1178704
0.5159764
3.918562
0.03564869
4.691571
-0.1508085
6.926363
0.4776954
5.464541
3.925483
6.118365
-0.2006342
7.040631
5.578566
4.700487
4.333645
4.476565
0.2706494
5.306005
4.789278
6.951132
-0.03267986
0.4117926
4.006216
1.312381
8.164485
3.514987
5.283169
-0.6734967
0.295559
4.31117
0.04904664
0.4550965
-1.430339
5.120458
6.233157
5.661658
-1.409895
3.409585
4.436236
0.6517053
4.508623
-0.09934751
6.172124
4.884561
0.7898499
1.293056
5.84688
4.698708
5.7441
3.671626
4.166452
5.636896
6.528158
0.5925156
3.984715
-0.516646
8.19457
4.690819
-0.6352964
4.440628
5.442151
5.668986
-3.246351
-0.005706967
4.867885
-0.8672938
5.578252
0.4450393
-0.8406314
5.123622
4.292942
5.346055
0.4787373
-1.565912
0.470059
8.496433
-0.3739029
4.455543
0.3291203
2.955479
-0.5988218
6.039515
-0.03208613
4.19645
0.7308369
4.34966
5.801102
3.793076
5.04706
-0.5435475
0.2089727
3.808013
5.291363
4.762929
5.890896
2.459347
0.8018312
4.581738
-1.130499
-0.729054
0.6269709
5.106101
5.527342
-0.3399427
-0.7484321
5.929116
4.03241
5.322134
4.606554
4.785506
4.466241
-0.3964798
5.694828
-0.3655885
5.123761
0.2919104
5.599366
-0.4702447
5.275737
5.00169
5.135225
0.3717572
6.746063
-0.3244511
4.044173
5.466266
-1.28058
5.667532
7.364352
0.3814786
0.3613832
3.896319
-1.10511
4.886759
4.100229
0.7016436
3.981111
-0.8069299
2.195324
6.27233
2.920741
0.2025827
7.239444
-1.866116
1.005639
3.67263
-1.291655
5.215946
4.66055
4.80402
