4.682268
6.203722
2.713545
-3.459029
5.364701
5.638198
4.011929
8.026293
7.604377
3.578493
0.441008
7.414931
-0.8284479
0.3848013
5.169277
-0.866771
2.390955
-0.2539854
3.62631
-1.098236
3.023571
-3.332961
0.3193665
5.749601
3.518742
3.665153
0.2504011
5.048903
2.912058
5.252064
5.644821
-2.391746
5.059703
6.499609
5.400377
-0.2891472
4.667854
0.229462
7.274556
0.5841991
-0.3291284
4.8446
6.428615
4.820943
1.051098
2.908604
3.927457
9.522519
-1.202001
-1.518904
5.177006
3.456444
6.370544
5.040868
1.075141
4.028423
0.6024427
-1.286598
0.9030083
5.284829
4.571046
-1.757093
5.809337
-0.7815053
4.849585
6.203607
4.36571
5.231497
10.4625
5.615292
-0.4115302
-0.498175
-1.238379
1.58273
-0.9389054
9.423532
5.94647
5.900169
0.767885
5.935424
2.690998
-2.521708
0.3777474
4.096667
4.940393
5.988377
4.902092
0.5574544
3.018854
1.621649
6.432866
5.580202
1.688315
-0.4438758
2.967176
4.701103
1.134347
0.7521397
-0.9014048
5.885369
4.931883
-1.371351
0.927577
0.06844097
9.53741
5.420095
0.9492043
5.162823
5.587574
-0.4383523
-0.3719536
-0.6929888
6.091361
2.008347
4.540452
-1.247829
0.9665556
5.099013
6.021453
6.381118
6.524932
-1.878987
-2.465385
1.519322
4.074782
-0.6735367
0.5369972
0.3986569
-0.4174073
6.22098
3.289865
5.116354
4.734369
5.451238
1.482649
5.980579
6.593554
1.129243
0.4676939
1.40912
4.427399
0.06999738
0.8132427
5.796809
5.367088
4.300185
3.105207
6.17894
3.135952
0.3959118
4.666557
0.7767746
5.588209
4.226625
5.277076
-1.356122
6.149582
5.19765
4.921079
1.128774
4.904242
-0.8327063
6.537808
4.789629
0.6637755
1.056509
5.594195
0.3014825
-0.7004136
4.90136
-0.2328665
5.480522
4.278169
-0.6748325
4.267073
-0.3990395
4.818964
5.552197
6.498656
1.232957
0.04192228
1.806896
1.777122
-1.123368
-0.6039866
5.153983
2.999691
5.251091
1.974523
-0.710492
-0.7415275
4.938038
1.290753
3.000569
2.651778
-0.1729005
1.100903
2.158702
-0.5302491
1.972152
0.2771855
-1.680443
-0.1142066
5.784624
6.389595
2.56851
1.060229
4.305152
-1.166286
4.292625
4.778651
1.254349
5.6493
5.124196
6.27971
3.301379
0.9642053
5.221944
5.882971
4.465995
4.042143
3.208062
-0.8051652
-1.212376
-2.202981
0.3447985
4.360678
1.377581
1.140987
0.7989444
5.921015
0.7810999
1.041537
0.3473157
0.4400719
4.176175
-2.180729
6.900895
5.680946
6.407735
8.262817
-0.9471694
6.530291
3.494805
-0.4780736
4.059788
3.699165
6.766199
2.718329
1.365939
-0.6778217
-0.06710878
0.413799
4.946979
1.695304
5.454277
-0.8003025
0.09864314
5.081905
5.966911
5.076358
5.647206
0.5602611
-0.1228685
-0.5838622
-1.912299
0.3016483
-0.04676472
3.356838
4.78209
6.644821
4.312867
5.449936
6.035833
5.63397
1.954188
6.222851
3.837335
0.6515942
1.265798
8.374204
4.684819
3.823066
-0.5373783
4.88574
-1.613048
5.892851
1.988731
4.589386
4.797404
-0.1162214
-0.0004657087
-0.3301139
-1.266575
6.40185
5.564815
3.351958
0.0590311
0.4625533
3.458678
-0.2016213
10.71196
2.184709
6.450452
5.414113
-1.159888
0.4569581
5.132053
-0.9346467
-2.302434
-0.4551196
3.914922
0.8081323
0.380062
1.72164
-1.337096
3.225423
-0.421631
6.294197
5.005161
3.87019
4.500944
4.790466
6.448615
4.419289
5.334977
6.326699
5.480157
3.297546
5.226109
-0.2816949
-0.2306097
0.8745097
5.817674
7.833348
1.386612
0.6606338
4.821644
4.975368
-0.08300536
5.675368
1.39153
4.047615
-0.7428156
0.7224783
1.032447
5.320643
9.242329
0.6539453
4.947281
0.3590007
-0.7406198
3.804862
-1.531335
0.8583606
0.7692742
1.610939
1.501405
0.07116819
3.251617
7.823098
5.405243
4.856219
5.734952
5.335158
6.149714
5.762694
6.956708
5.271126
5.118862
5.946099
1.33801
1.451492
8.410447
1.086403
5.504644
5.290997
-0.05397753
0.396094
3.719816
4.463071
5.792694
4.571783
0.1686787
-2.56271
4.667703
6.310292
3.302833
5.704764
5.377668
0.9459405
-1.100186
8.890666
-0.3027501
-0.4655096
4.691742
2.485674
8.303304
4.916563
6.537547
5.273401
3.436497
0.4390432
5.553989
-0.9505176
3.857142
4.691419
3.324549
4.772332
8.366912
2.239281
6.320308
4.57473
9.73666
6.474758
-0.1505109
0.4860426
5.921274
1.628472
8.488612
3.42503
3.345907
3.581255
5.132058
0.17704
5.695653
5.078575
6.506573
7.378066
3.303307
6.092807
5.588476
0.1227291
3.621224
3.145103
4.250723
-0.1372253
0.3431845
6.53546
4.666648
-1.876557
-0.5937677
-1.184433
0.6885667
-0.09980157
4.229828
5.362009
5.268196
3.972929
4.717552
-1.374228
-1.408697
5.594967
-1.029205
4.333672
4.824975
-0.4480043
5.395396
5.098499
4.413017
4.69107
5.422142
5.360476
0.1035773
1.33823
5.604136
-2.088105
7.128015
3.518759
4.736228
5.813631
0.04746552
-0.05381462
5.863183
4.550607
-0.09470277
0.4817593
3.753864
0.552135
-0.9096156
4.066322
-1.028732
2.349533
3.664555
-0.904574
4.502614
0.1226744
-0.0398999
5.160722
3.962075
3.751343
5.866545
5.766237
0.06568445
5.081716
10.18544
-2.370529
3.623357
4.190663
5.356253
