4.554314
6.053224
-1.012114
11.34072
1.110454
3.380383
5.624667
0.3492349
0.6288988
4.534795
5.056899
0.249982
3.463792
1.224326
9.974703
-0.01881405
2.2838
4.409886
-0.5910464
4.445896
2.370733
5.179922
4.079426
6.110956
-0.5995925
-1.642397
3.617852
6.943318
6.021978
1.92313
0.4694544
4.803058
6.327265
6.682461
-0.1029283
6.79938
6.233691
5.637433
5.015932
0.6728266
0.6824694
6.41043
-0.409382
6.188564
10.19085
0.9470336
0.9756383
4.086755
5.774867
3.553771
-0.2498874
1.097513
-0.4465183
4.999249
6.21447
-0.3540329
-0.2076327
5.051511
-0.6535106
4.982451
-0.1990072
4.129123
0.8626877
-0.4736617
5.368115
4.774223
6.464688
5.80266
0.0162446
-0.812398
4.709115
6.109698
5.066754
1.108051
-0.380614
-0.4217714
-0.959346
-0.5222827
6.527742
0.9007432
5.396067
5.832977
4.990227
1.808253
5.05109
4.989694
0.6504602
0.4937133
4.199152
4.171546
-1.759067
4.319448
0.6380146
2.097843
5.031506
6.269248
3.828688
4.836001
5.57956
4.554027
6.555257
0.09203365
5.854743
4.420252
-1.940601
7.78192
0.4837662
5.797305
5.295471
5.141105
3.237107
4.168685
-2.359687
1.682788
4.677536
4.913729
4.201598
0.3587166
-1.69646
0.02902832
3.864579
4.250211
4.132584
-1.252178
2.720959
-3.004011
-0.3380584
6.074923
4.697564
-1.396062
-0.1038636
-1.509065
5.009902
4.667335
4.109847
2.982481
5.788879
0.7559143
5.711756
-0.004864772
4.844526
5.240054
-0.3118519
-1.104984
6.033554
6.945484
0.006534962
-0.3804501
5.274542
-0.007561831
5.178555
2.122188
4.660021
6.687011
0.7636776
-0.9766672
-1.020568
1.119934
4.651304
4.550154
0.4087885
4.685374
5.546135
5.141927
0.1362334
6.132597
4.617083
-0.0335956
4.672688
-0.1490893
0.1503429
-1.40376
6.076864
2.838812
5.889536
4.918691
0.306814
4.297445
0.6791988
6.53493
-0.7808297
7.326752
3.800648
5.565069
3.182491
-0.8597933
6.330196
-0.5802455
-1.155761
-0.8170004
5.222052
3.576268
-1.601738
5.673323
3.792951
-0.1209022
5.445717
4.889262
0.8272187
4.937119
1.693256
4.574537
5.705581
0.6712847
4.294551
6.907587
3.800759
0.4982975
-1.004977
6.117397
5.597532
5.926916
6.326028
2.135302
5.846751
5.582955
4.769877
4.728647
3.935291
5.169562
0.8255469
7.222871
0.04155165
0.6522408
5.753731
4.87421
4.478733
5.642843
4.832216
5.655668
5.625925
4.036249
3.246849
5.939427
5.161813
5.142184
1.613548
1.698905
1.319373
3.591931
4.293881
5.692824
2.248047
4.887546
5.132391
6.624797
-1.075693
3.837271
2.693713
4.571728
5.573019
1.990738
3.004099
3.236321
4.369237
0.08442148
4.572096
5.52219
-0.7102461
0.5161055
-0.5356173
-1.700528
4.21954
0.02077398
4.416765
2.176896
-0.2060079
1.164241
4.889571
1.112737
2.423453
10.30354
0.6944209
-0.3359703
0.1307892
4.54339
0.7912856
4.923239
0.01380428
3.553713
3.006928
1.225202
0.4497679
-1.796813
-0.5529531
5.085304
4.492401
-0.05933892
3.39923
3.91471
3.461027
3.519255
2.673527
4.97243
6.1977
2.002201
5.947034
3.098564
3.418547
5.563956
4.447091
5.770717
-1.569861
3.41424
3.981139
6.488552
-0.06905657
-1.199936
3.297932
2.696735
5.719889
0.9737204
0.5868654
0.4217116
2.747444
4.622652
4.599025
6.181641
3.517862
-0.7392007
2.907982
6.754474
1.229785
5.82092
6.46032
-0.9365718
3.487021
-0.749455
0.8629427
-0.614316
4.427706
0.4346882
1.367305
-0.05765883
-0.4992621
2.582542
-0.7249315
0.1320722
5.697489
-1.392851
-1.008816
3.925931
3.780393
0.1959928
7.120729
0.1637871
4.14396
5.729394
5.846059
0.00149132
-1.993741
5.188496
-0.6081818
3.225517
5.59988
-1.927983
3.923161
7.338274
4.124828
2.977622
-0.3435402
-0.9548782
1.418299
0.07063457
2.499656
-0.3758139
-0.7170203
-0.7257345
-0.4403536
3.72184
5.68708
4.50901
5.13796
4.792124
4.655185
3.897578
4.082708
4.150871
0.5700305
5.213859
6.366836
1.347591
4.721125
-0.7989924
4.134785
5.952897
3.099019
6.891422
5.182842
0.4220311
5.067192
6.359653
6.385777
6.889495
1.304358
3.179154
0.1314436
2.924985
5.126328
1.347412
4.532369
3.917138
5.446163
0.3156019
-1.288332
5.923475
3.798302
6.596374
5.147543
2.223403
4.578308
5.65216
0.6368683
1.764226
6.220677
0.7560384
3.6529
3.918955
-1.256438
0.27412
-0.2765549
6.218499
5.632362
4.376194
4.175998
9.431855
-0.5682021
1.340486
5.15641
2.794312
7.033382
5.687227
5.168725
4.786026
3.63877
7.543313
5.214586
-0.835179
4.536674
-1.467223
5.920033
-0.2416449
-1.249698
5.321146
1.039974
5.072148
-0.5497157
1.774325
3.943538
0.7594562
0.8897961
5.44847
-0.2679817
4.171403
4.676996
5.476224
3.328339
4.255941
1.780296
3.606127
3.47772
-0.6799349
0.2694719
4.043755
5.596799
5.955516
5.059743
0.6911734
2.398344
-0.2754739
5.572099
4.693811
3.913613
-1.5124
1.741618
4.973475
0.3715692
4.81997
0.4145706
-0.6030074
0.2446497
3.336171
4.137681
0.6474521
5.867167
0.4146399
6.299304
5.489082
6.273224
0.6989218
6.292147
5.838883
7.261324
0.1651491
0.01853754
0.2465452
1.012427
5.108312
5.948321
4.977458
