4.668344
4.979865
-0.1311651
-0.1444402
6.673425
6.556143
4.712198
-0.369029
7.092491
0.7305523
4.832663
-1.6612
6.090508
-0.1507668
7.631594
0.1121962
3.071323
4.404486
1.458697
3.484947
4.446748
0.7543409
3.967783
6.170135
0.03667689
5.290311
5.383172
3.37039
4.361541
7.908282
-0.8707941
-1.380401
-1.458156
1.418715
5.79119
5.853639
-0.6142401
5.487406
0.2202997
1.871223
0.9203848
1.972558
4.241141
-0.9021204
7.185739
-0.1447163
4.4565
-0.5002291
5.672236
-1.108408
12.53505
5.336485
3.959946
-0.1865519
0.8345771
4.017253
2.373625
1.220922
4.107252
-1.702993
4.983929
0.659045
5.773063
0.04447726
4.608479
0.1478868
6.090451
-0.7999386
1.12196
5.592149
6.114407
1.485465
3.504116
3.752393
-1.483176
1.058365
0.2131401
4.179997
5.013984
4.670987
4.119005
-0.7478569
5.155409
4.303459
4.78305
-1.066874
4.052021
5.306779
0.3531008
3.50332
-0.5574484
5.010948
-0.3746659
1.61424
6.135647
3.780502
0.1110922
0.03931142
-0.2842612
-0.2180704
1.78812
4.502168
4.657313
-0.1730712
5.154978
7.410241
-0.003752183
2.904342
0.3559435
0.3817715
6.884074
0.2145698
4.567359
5.131813
-1.292215
-0.6745919
4.380598
3.035296
4.816716
-1.389249
-0.5234557
-0.2742302
4.257862
0.1550312
4.713445
4.932082
-0.5943556
8.773426
-0.2194556
3.430618
6.021068
-3.000142
3.369691
-0.4552119
4.180298
-0.5300733
4.415529
4.760943
5.732657
6.280308
7.303066
6.952493
5.064856
5.593168
-0.9456883
3.929338
0.7360381
-1.095431
6.16364
-1.369884
0.7476501
-0.6198234
5.094215
3.698893
3.382648
6.639154
5.151128
6.161028
4.128063
5.83566
4.484266
1.008124
5.261521
-0.4597161
3.639127
4.368163
0.1433354
7.420081
5.975406
-0.6122357
5.786111
-1.48047
4.344034
6.687948
1.082255
3.80388
5.245531
3.133833
-0.1792845
4.573334
4.785075
0.05231222
5.180101
-0.3442521
5.366507
5.068782
6.278509
3.583837
4.620532
0.1007785
3.804369
0.313872
1.415447
1.298295
-1.454608
2.489426
1.071074
4.820596
-0.4599942
5.019321
5.1293
-0.3520324
2.414422
6.675486
6.093704
5.282385
4.28124
2.662726
6.041411
3.782105
4.813216
6.774545
0.0535077
-0.05177095
4.791714
5.50571
1.431158
0.3558792
8.563888
-1.823814
6.72239
1.824955
4.422876
3.857232
5.225298
0.8498996
4.799163
-0.8263875
4.983593
-1.540319
4.752327
3.658661
6.283316
5.186196
-1.420754
5.745164
0.8676488
-0.8919246
5.03903
5.568647
1.120752
4.972249
4.961115
5.242432
1.593098
0.4149464
0.3538108
5.605737
6.496313
-2.545181
