0.3905794
-0.4627876
1.829085
5.278106
7.36666
-0.002774314
5.494737
-1.427511
-0.1758194
0.2193753
6.566976
-2.282718
5.257925
-2.177768
4.728926
5.386432
4.989004
5.384546
4.219715
3.571249
4.755097
0.2246625
1.348786
-1.836027
3.859839
0.8634277
6.925328
4.645838
0.4732754
5.358651
-0.6528913
6.543064
7.174569
0.7275591
3.742064
3.988176
0.6298345
8.555081
5.451643
5.359625
7.180379
-0.01718206
-0.6735744
4.077001
0.8112969
5.461871
4.374912
6.068535
7.126381
4.328601
-1.371574
0.3202819
4.332611
0.871336
-1.396433
6.587371
0.6851476
5.076501
4.387538
4.875998
1.162381
4.738435
4.337699
3.480999
0.583487
-1.129998
-0.8796661
4.910313
4.708705
0.7222546
3.880699
2.515281
4.015766
2.414396
0.1365556
4.833759
5.777476
1.938477
5.001215
6.515683
3.285274
4.597967
5.670394
4.384453
-0.786559
5.618892
5.946124
0.5698407
5.0078
6.673641
-0.215652
-0.01009721
0.5776089
1.49653
-0.886851
5.823008
5.572511
-0.2023885
-0.04819383
-1.735946
-0.0944694
-0.528463
0.06606279
7.363008
5.931148
0.6712629
-0.7566133
0.2888903
5.497609
4.197488
4.368602
6.151442
0.03374456
0.1317736
-0.6402372
1.781193
4.164988
3.490891
-0.331941
4.918826
5.110279
1.029927
5.687337
6.224074
0.1334495
0.7548594
-1.456757
0.09771885
-0.3299323
6.60475
5.76697
-0.7266531
1.573133
0.6143727
0.1944171
-0.1680759
4.487461
4.374338
5.939137
3.846593
7.24714
-1.663727
5.638483
0.799356
5.097342
-1.688938
7.355088
0.5025676
0.2732276
9.252808
4.465283
-0.1126521
-0.7894089
5.007553
5.580916
4.060103
6.110868
6.937288
7.136877
3.52903
-0.3836748
4.531777
3.816619
4.399673
2.755207
5.795077
-0.6931586
-1.272434
6.744185
-0.6294295
-0.1788027
6.450086
0.255409
4.524417
-0.1662761
0.1201734
6.652411
-1.25318
5.219314
5.180437
2.47476
-1.491884
0.07250542
4.520559
4.817725
0.6813991
-1.392101
1.665269
5.824123
0.9293882
5.300763
0.9993842
-0.2508379
4.276664
5.305293
0.1446716
5.247019
5.394877
4.609366
0.6950425
5.148381
3.439839
1.568587
3.862771
5.026675
5.088768
6.434489
6.032209
0.1795162
5.582999
0.2451917
-0.5086408
5.085467
4.700787
5.752538
5.827388
4.52646
-0.5702457
4.614496
3.442065
0.6854114
1.365393
4.773228
-0.5231022
4.365372
5.157703
-0.9356399
0.3402689
5.337276
-0.9366365
4.035829
-1.022871
4.970908
6.77814
-0.280008
-0.618863
-0.2177732
5.056083
-1.473589
-1.009527
0.2327699
0.397764
4.338817
3.665998
-0.6969974
0.5536768
-0.07075245
-0.4511932
4.700862
3.432528
4.51474
-0.1195117
9.07988
-0.9325925
1.261549
5.582269
-2.086049
1.45236
-0.4768209
6.554114
3.821214
4.427711
4.318263
6.251127
3.86384
-1.003544
5.740604
0.6846147
3.39631
0.8461881
-0.6949959
1.325495
2.844594
-1.679336
-0.2314532
9.008206
-0.6192097
2.128991
7.283435
4.610938
-0.3885879
6.468572
5.614749
-0.7143962
1.68424
0.139433
-1.346335
0.7702495
4.319589
0.2398085
-2.058986
-0.1710858
0.8541771
4.455096
4.431416
-1.259706
3.697557
5.019902
4.853223
7.492315
-2.884432
0.009544039
5.028374
4.358949
-0.5883482
3.483392
2.156241
5.143587
-0.3529459
4.862702
7.547376
4.331803
5.844345
4.896008
4.823835
4.523423
4.920307
5.462217
0.2934035
5.153146
2.272759
5.405756
0.06564154
4.016577
-0.883278
4.060407
-1.015596
5.226572
6.669586
3.807894
-1.763924
4.933721
8.746004
4.797741
0.259334
0.4075142
7.382736
5.722572
4.449313
5.261786
-0.9534494
3.622818
0.4098957
5.02713
9.001186
-1.693124
3.883207
7.35125
-0.09512688
5.821036
-0.8386246
0.6078681
-0.3464285
4.485256
4.583636
5.711205
6.119975
8.419746
5.35498
3.870265
6.127969
6.160159
0.3876349
2.718184
4.151564
4.255875
5.775073
0.6074691
-1.915532
6.111765
1.777319
5.591064
5.26478
5.378331
4.170562
-0.1641277
3.616038
6.061352
5.713993
-0.3770111
6.76214
6.305352
0.1198436
0.06225093
-1.170759
4.975454
-0.1499919
5.77237
3.876614
-0.6848338
5.804124
0.2034397
1.164609
4.161431
-2.087016
4.404164
-1.483226
1.933359
0.2388701
5.385485
-0.6523392
-0.8712535
6.027413
0.5104404
6.582503
0.6128321
5.925641
5.91083
-0.8146836
0.7623141
5.747631
-0.1524297
-1.18867
-0.7460582
6.785693
5.536148
4.909883
-0.663882
6.216062
2.248924
-0.8897342
-0.660385
3.520523
5.121973
4.812797
4.276977
5.950203
5.178502
5.863522
4.910252
6.295262
-0.66278
5.036874
-0.1201971
0.6040221
3.303412
4.575013
4.866248
4.520651
0.437448
6.332079
4.535299
-2.565292
0.2797384
5.46287
-0.02999608
3.493348
4.575812
0.1433821
-0.3195123
1.772122
0.1973881
-0.6538221
4.759068
4.363125
-1.181728
6.272332
5.039338
5.155382
5.240865
5.940225
5.484198
0.6807012
4.533435
6.925708
5.826966
6.484756
4.849155
5.038046
-0.5308227
-1.737949
4.3858
0.562797
-0.2957732
1.374481
3.224791
3.599614
4.636481
5.840174
4.822354
4.019216
0.3756292
4.907019
4.622237
2.837457
5.793253
-0.7568812
-0.692877
4.8396
5.276161
4.25436
5.854678
-0.5368462
0.2581458
0.1938351
5.327115
5.508332
0.7490725
-0.4433816
1.300841
7.19558
6.113742
3.830538
4.968729
3.115724
0.3377725
6.374531
2.744578
3.523699
0.7528287
0.4298242
5.497976
0.004245775
5.043773
-0.2047102
0.4359693
1.389455
0.09238239
5.727453
-0.9584982
0.5602835
4.789177
4.448607
-0.9270623
-1.112785
-0.8744897
0.2009387
0.2412259
5.478691
2.833375
0.2846751
0.954743
0.1827014
2.540567
4.921163
0.5254327
3.818967
-1.909836
6.93288
0.8921834
-0.5043893
3.808205
-1.348725
5.376602
8.274506
-0.154813
-0.09544282
5.10191
4.024707
7.075236
4.872414
4.722537
1.587528
4.865245
4.760151
4.907692
5.091259
5.525497
6.526075
2.950165
-0.3573019
4.046201
0.6163178
4.295631
-0.007676695
5.334224
4.710236
0.0938769
-0.5370993
-0.6542898
-1.088957
4.327471
1.010497
1.572297
5.013482
0.6919705
-0.5830687
-0.2459152
-1.018339
1.132033
5.752568
4.044649
-0.8666172
2.532308
-0.7432742
-0.1687153
4.441185
5.051962
5.189889
5.330528
0.3847168
4.513533
2.722144
0.07077713
-0.4319903
6.771998
3.585323
0.03784042
4.518048
4.931946
0.2901768
6.198887
4.895335
5.158976
-0.5990012
0.4805934
4.46496
5.323676
5.68582
5.13284
1.146084
5.912021
6.369665
5.388738
5.675039
6.115017
4.700098
5.648215
1.008189
0.6911385
5.026462
-0.3080406
1.764429
-0.1155481
3.313326
-0.009839595
-2.365083
-0.5369346
6.240229
1.396444
4.868449
4.056857
3.783728
0.46844
4.572588
5.249344
5.794534
5.16979
-0.009810675
-1.017525
6.732487
2.966713
1.602556
0.8350274
1.405383
4.205952
7.247244
4.418475
0.3127297
4.204034
7.744395
3.768314
0.3288199
6.0298
-2.866078
7.037942
6.000233
-0.06685728
6.681744
5.349347
5.566061
4.306758
5.253656
1.882196
5.314883
5.417116
0.3964132
1.148445
0.5991477
-0.1501761
4.334211
4.855066
4.388496
4.262783
4.375402
4.908435
-0.2942107
0.05005916
4.684117
4.751056
4.83557
-0.2643801
5.210642
5.008177
4.198722
4.321421
0.9489548
-0.7166398
0.6235691
12.10528
-0.3628735
5.813665
0.007532095
-0.2722803
-0.5624005
6.043487
0.313981
9.815477
5.036766
7.100818
7.008628
4.250666
5.487522
-0.7792077
4.524112
4.371904
5.184151
6.553837
0.595565
3.623111
-0.1145449
4.698316
3.893054
-0.5389806
4.439313
5.153082
1.302863
5.107586
0.4972895
3.88112
-2.053839
5.245496
6.630293
0.1199234
4.781657
4.584252
6.85995
0.2891563
5.031117
0.1687467
5.053625
5.855678
1.303893
4.244183
3.035399
-1.796022
4.149292
0.8481775
-1.566652
-0.8137048
2.050942
4.356529
0.8992039
6.634454
-0.009720631
4.715551
6.355429
4.343101
0.4280571
5.954807
4.805609
-2.822941
5.451733
4.069419
-0.4321958
-0.6366298
5.900474
5.649408
4.279423
-0.4816275
5.271852
3.009711
5.494976
-1.14166
4.681736
5.498581
6.116761
5.185281
6.717623
1.622368
0.07827334
0.04513296
5.216011
-1.160761
3.829444
4.378617
6.541351
0.7778145
1.122148
3.907351
1.576251
0.1270051
4.146885
6.07582
3.162599
-0.3238777
5.598176
1.297434
3.823806
0.5254276
-0.4161016
3.904432
-0.4275689
-0.8861836
0.485786
0.1912427
4.632109
1.928988
-1.489009
4.794988
-0.5644515
3.228147
5.185555
5.509539
6.210457
-0.1712189
4.448818
-0.6895057
6.430732
-1.524259
-1.568068
3.878874
-2.064872
-0.03897671
-0.7616342
4.487865
0.2896185
0.793386
-0.07664242
4.850222
-0.4151776
0.136001
5.225608
6.137562
6.241856
6.051393
5.679036
5.501683
0.4061412
0.3926064
1.293853
4.366722
6.474599
4.617744
0.6999063
-1.592794
3.793715
6.123586
1.023862
1.201371
-0.2882826
-0.6342638
4.38943
4.254194
5.755563
3.934733
-0.13908
6.280177
0.439286
0.7924607
3.849734
5.610529
-0.1581138
0.5319248
5.553285
5.513612
1.171069
5.746119
3.908308
4.164047
0.2692511
-0.6087735
-0.973363
0.5036033
5.127759
5.926693
-1.008411
-0.91046
5.623452
1.192384
-0.08845697
5.054888
-0.09092519
1.422759
4.277156
1.85309
4.239533
-0.8543557
0.4084618
1.219956
1.166712
5.174125
-0.7175897
5.826669
-0.6458787
-1.202423
-0.2968887
4.313751
5.628356
-0.1713223
4.505618
-0.7063131
4.261632
5.635765
6.362772
6.765417
5.32814
0.02584671
4.772381
0.2320244
-1.510165
3.95153
6.209146
5.739303
4.241038
1.440696
1.052367
-0.9581541
0.5231699
-0.8785978
5.096296
-0.3772048
0.08231806
0.5147886
-0.07141769
5.637404
3.881456
5.354291
0.2552502
2.850554
0.2862938
-0.3476171
4.365406
-0.003180626
5.785836
-0.2215361
0.7235687
0.7790212
5.124249
4.725997
0.9368206
1.262159
5.119947
-0.999114
4.522762
-0.5460903
6.152368
5.930234
4.403948
5.957635
0.9780722
-1.679461
2.967048
-0.8749703
4.18349
5.113135
0.5738538
4.214518
-0.5574684
5.551438
0.3308203
7.082327
5.09697
3.573084
0.2473369
6.409909
-0.1656454
-0.7936671
-0.1654468
1.012874
-0.4422038
5.390944
1.396921
4.060487
5.044591
8.761627
-0.7852421
5.41819
-0.5162564
4.072136
5.437801
0.3831983
6.620423
5.748334
3.601146
3.479763
3.862794
2.719732
-0.2238329
-0.4417599
2.182941
0.2556232
6.066624
-0.2214269
-0.6362793
0.006946349
5.57641
4.033268
-0.5939155
-0.5094044
5.037235
-1.126002
5.355695
1.311385
3.041915
-0.0583913
3.827222
3.790618
1.120885
6.076326
5.322314
0.1983955
0.8840744
5.164039
6.354262
4.362355
0.8031845
0.04836341
1.836692
-0.5073333
-0.3938492
5.677717
4.61895
5.075121
1.399318
1.972786
3.681377
0.5251279
4.899993
6.703574
0.01817198
0.2103656
6.811588
0.03682128
-0.1346635
0.06691238
6.696952
4.60607
6.058294
0.1314756
-0.6599133
4.527915
3.501629
1.47102
6.015244
5.971359
3.148749
0.4890524
4.00049
7.83858
-0.9666766
0.3545883
5.856507
-1.815404
5.321338
0.2448717
3.233916
-1.250519
-1.690078
4.338779
4.331592
0.6346226
-1.194621
6.495398
5.255047
2.22057
3.949219
-0.8362926
6.718544
-0.3667678
6.481983
-0.2752181
4.072703
6.401331
6.47108
4.757471
6.031924
-0.5888198
4.989608
0.7195812
5.253317
4.764503
-0.6111928
0.3386287
3.844914
5.550345
3.235135
3.218233
6.085114
6.201786
5.970057
0.2130669
1.017919
-0.2404002
0.3792128
-0.541926
-0.04788707
4.46718
3.537367
6.289495
-0.555863
-1.310649
-0.02615611
1.023568
5.655292
1.047384
0.9786802
4.722976
0.9284846
4.759804
-1.536049
4.942091
-0.2313671
-0.4639202
3.606909
6.699575
8.635173
0.2569315
3.265562
4.096003
0.530778
5.929998
0.7414817
5.967254
4.406761
0.3236919
-0.2243375
-1.983698
1.253883
5.461883
0.6912625
1.895684
5.171563
4.798387
-0.7427522
-0.6607319
-1.075323
5.508224
5.147511
6.247116
5.556917
1.039751
1.484033
5.293057
1.858031
5.730719
1.931194
5.692652
5.871747
4.205819
-1.488566
3.030132
5.162498
0.7541428
1.779236
6.090256
4.665747
2.021634
3.713687
1.365199
5.421144
0.3972475
1.469205
3.534323
6.81829
6.693656
0.7034483
5.38084
0.845367
-0.4006806
5.233544
4.546384
5.415776
7.193332
3.742111
5.229669
-0.8953121
5.486462
5.307925
-0.6904161
4.261362
-0.965468
4.999201
0.5614319
5.627588
6.045173
5.564215
-0.1799029
-0.7622722
0.5997222
5.696698
5.815965
4.85006
9.015263
3.012992
1.554925
3.281867
-0.02978168
4.168879
5.647109
-0.4877706
-0.4942247
-2.385371
-1.983287
-0.2066539
4.769932
4.395429
-1.1941
4.018642
4.328696
0.5118675
1.577221
5.215494
0.818196
0.8388798
0.9580887
2.454962
-1.131488
6.162837
4.901302
5.645188
-0.5403106
4.564571
6.184737
2.677316
5.254115
4.977235
5.002569
5.833481
4.239439
5.961746
6.131238
4.864544
6.339551
5.360653
-1.649366
6.184069
3.325394
5.680028
6.642852
3.908711
4.616797
3.519128
1.818904
0.4182772
9.846826
5.895815
3.837008
0.2176685
-1.554412
3.706687
6.707062
5.412674
-0.1986815
4.211811
5.034027
1.351405
3.312393
3.95909
5.688934
-0.5087067
-0.281615
1.241851
3.777073
-1.595685
0.7427447
3.627087
-0.8599647
0.5756348
1.104333
5.016425
-1.010348
5.407758
4.378005
4.426037
-0.4868043
6.081429
-1.085148
0.5161673
2.824858
0.3544935
-0.2380672
6.981664
2.587306
5.168541
10.55935
9.52241
6.143172
5.494727
2.052564
5.489929
5.203574
1.223288
1.742183
-1.767761
4.676919
4.985139
-3.106055
5.084438
5.023005
3.855591
4.278297
4.683241
1.111197
-0.2684625
4.6082
4.404464
-0.5240481
-0.9734793
4.637905
-0.8337697
5.931501
4.427169
6.196855
4.318958
-1.62918
5.433487
-0.12858
-1.196076
0.7249979
5.689057
-0.1472661
6.598546
4.293445
7.321014
6.144345
-0.4207713
5.390066
3.804439
1.889015
5.29039
1.004625
5.135922
4.943661
5.123664
5.695077
5.163052
-0.9024816
5.070149
0.3344508
0.7110602
5.588086
5.363651
4.581772
3.57131
4.367889
2.361585
0.09894657
-0.6977284
2.631263
-1.614952
0.5803971
0.958297
3.09211
3.183771
4.017079
5.375887
4.376895
-0.665454
7.06381
-0.5331283
9.106364
4.079526
4.886024
1.260836
4.466445
4.935957
6.506349
1.50846
-0.02504722
3.720949
3.39254
2.41061
0.7854913
6.397176
5.755761
0.6499285
0.07132218
-0.5012876
-0.5277252
2.844949
4.009294
4.061834
1.139047
5.014637
5.425839
4.353079
-0.8682637
-0.06956306
-0.1643564
5.280148
6.653911
4.791214
1.114605
0.2332463
6.657832
1.021086
5.074056
-0.26092
1.253124
-1.060308
1.209325
-0.6550487
5.304753
-1.116943
4.170227
7.160469
5.302936
5.177802
5.602857
5.35691
-0.6194602
3.026004
5.016622
4.06001
3.806643
4.479797
4.952808
1.646509
0.7519909
5.874754
6.320087
-0.3946806
1.031506
2.712685
5.422786
0.9044868
4.610374
-1.345406
3.535028
4.106575
-0.372284
1.993061
6.170489
4.228944
4.820611
3.875759
1.09045
1.273464
5.380117
-0.6045782
11.59176
5.204773
-0.7511975
6.527494
4.033289
5.025527
2.008466
4.768399
3.849653
5.244235
6.806892
0.6257347
6.961725
4.48506
7.183868
-0.07259094
5.24278
7.078937
5.313899
6.243466
-2.09181
4.252772
4.220906
-1.064596
3.911407
5.378269
0.1179507
-0.9071638
6.294175
6.391546
-0.0376355
-0.8239135
0.6935581
3.941323
-0.7701223
-2.262819
7.958311
0.03329683
5.853179
3.682258
4.333818
-1.158132
-0.5991742
-2.009764
-0.1241219
5.347495
-2.101357
0.05068949
5.397133
6.119887
4.342552
5.146554
4.896414
3.373193
1.540919
-0.3829983
-1.72256
5.419718
4.407877
1.013511
3.173
2.026767
2.438726
-0.8888574
0.2506167
-0.05753663
-0.7565924
-1.256226
5.469319
3.937175
-0.6507003
6.260841
4.464001
6.834859
5.499195
1.113228
6.575904
-0.1649832
4.693243
11.62855
-0.9038424
6.079513
5.586947
4.885071
5.44516
5.627434
-0.5041116
2.194551
4.313851
-3.083439
3.045153
0.8553809
4.157388
-1.422471
2.024087
0.9987406
-1.457792
5.616055
3.961136
3.366831
0.1147684
4.885579
3.652389
4.737067
-0.4740243
0.04063809
4.158837
2.699116
5.583194
4.841204
7.689476
0.6302381
3.820127
6.596881
4.119647
-2.157459
-0.6786664
5.477802
4.491454
6.31244
4.364582
-0.2036494
4.976883
0.6414759
-0.7890293
0.5055718
2.752201
5.811772
-0.9552193
4.723514
6.030407
3.219462
4.29663
5.497617
5.438471
-0.4148504
2.972486
3.958298
4.570333
-0.7176137
-1.507105
-0.1424262
0.9914356
5.544051
2.676382
3.703036
-0.6130722
-0.1785673
1.535015
5.103404
6.486633
4.858603
5.546971
-0.361898
2.396159
6.269657
8.234704
1.263436
0.9401387
0.4004425
3.643732
6.773548
3.921537
5.559682
-0.1853524
2.203472
-0.009699624
6.385744
4.525544
6.016075
-1.074038
7.477457
0.5053238
0.9221299
3.777972
4.999663
0.8308311
4.387954
4.584092
4.93679
0.09589707
-0.1038261
-1.481691
5.775106
1.397486
0.2046734
4.416379
-0.2468494
1.625068
14.67273
4.706923
2.504598
-0.09015673
0.2821186
3.216108
6.40593
5.733955
4.774675
-1.159678
5.047763
6.002335
0.1461801
10.65154
4.590111
0.08076635
5.068794
-0.9359052
3.935586
4.548952
5.113049
-1.014201
-0.7759006
4.358206
6.140793
-0.04008196
2.17034
4.36936
4.863767
0.4414798
5.310319
-0.4751022
-0.5033728
-0.588137
5.258102
-1.73832
0.7975651
2.107826
3.251323
5.031005
4.790545
6.274027
-1.309334
-0.1211813
4.389801
-1.736914
-0.1535293
5.923
4.807107
-0.4525157
0.7698433
3.905022
0.1635859
-0.2522774
5.632387
1.368685
0.961827
8.208939
4.903088
4.654408
-0.7965526
-0.2924149
6.009638
-0.7856656
5.171309
8.607904
7.882222
-0.009227616
5.36723
4.482766
5.707164
4.840264
3.888041
5.530598
-0.006684433
4.167224
0.1749292
-0.7739297
0.6745079
5.075916
5.380648
0.01252693
2.90116
-1.061135
4.015176
-0.4514056
5.544018
7.859912
5.965797
3.00234
3.255044
5.404623
5.159586
0.91925
5.815357
6.120118
0.916817
0.1311609
3.487847
3.236456
5.547762
4.228025
0.4844085
5.843855
-1.262352
0.5257601
2.669693
4.957221
3.87841
-1.59412
6.28387
4.656828
1.858389
1.002845
4.649468
5.361332
0.8832636
5.639201
4.716718
4.056169
6.015033
3.450366
-0.2242361
6.867261
9.780296
4.471089
4.300294
-2.520486
8.508004
7.865608
-0.05307912
3.559985
2.759543
3.752796
5.630379
-0.7425916
3.452542
0.1152748
-0.3768696
0.2193414
5.810227
0.8705494
6.631429
3.445756
-0.632027
-0.1912515
5.650866
5.094413
-1.303185
3.063746
6.162802
6.397566
6.290215
4.89804
-1.472622
3.343329
5.006788
0.7069264
-0.347864
3.839073
-0.2506454
4.719586
-0.829466
4.024882
-0.9788991
4.886696
4.085671
6.025852
4.841539
-0.8874598
-1.512666
0.8746528
6.595866
4.526534
5.512039
1.305936
0.3020208
5.296081
-0.733227
-0.7176719
-0.1133264
0.4560774
5.736449
-1.439359
1.141216
7.206565
5.948769
-0.9662193
0.9639517
5.680411
0.8221573
4.937075
-1.108311
-1.714452
5.561642
-0.002426775
0.5468935
6.108262
-0.2931484
-0.6346986
6.103128
5.464863
6.183944
0.7516474
4.154315
6.590518
4.534553
3.617683
5.266259
5.472744
4.016293
4.556308
0.6271463
0.06852024
-1.98455
9.744396
3.325978
5.254196
0.8512309
5.532535
4.96505
3.658248
5.189993
2.151844
-0.3814413
3.870773
4.709996
-0.2281747
6.17607
4.375754
0.9246118
6.079456
1.092957
0.9234604
1.778146
6.441222
0.5820153
-1.627669
-0.1792209
0.5094516
-1.610349
0.3022716
3.406028
5.996305
-0.5261678
-0.04220023
-0.1449585
-0.02026502
-0.7253034
3.974912
0.6401724
-0.718246
-0.7247244
1.293331
6.152654
4.551685
4.428166
5.380364
5.10597
5.403825
1.309612
0.7132763
4.267335
4.90237
4.363389
4.509677
4.484074
4.297145
-0.2347605
7.416129
7.352542
-0.4172802
4.794107
6.399142
4.970596
6.695924
0.02495839
4.06063
3.792674
-0.3670428
-0.2547939
5.181251
1.002168
4.049193
3.922987
-0.0500387
0.08837075
5.703549
4.614597
2.763849
0.1564152
5.022112
4.736242
0.3566811
5.797532
-0.9132828
2.913714
-0.2869273
-0.08658739
0.7111864
3.726163
-2.683549
0.6773345
0.4473039
4.310758
-0.7194928
-1.162699
7.204533
3.142583
-2.345303
0.3288373
6.579265
1.201046
1.177255
5.212248
0.08842514
0.5404166
-2.133332
0.5780914
-1.175304
4.739337
3.893259
5.547967
4.520409
3.45675
3.265287
6.142718
3.40738
5.666976
2.893829
5.742845
4.458507
-0.4839967
-0.8035267
2.623228
0.001604149
1.158888
6.048344
4.400199
3.649419
-0.5130735
5.864759
4.178325
3.972123
-0.4147832
-0.7228516
1.263324
3.997978
5.4989
-1.423854
5.145138
-1.091146
0.3444176
4.690125
3.305359
5.387393
2.411711
1.549857
7.142806
1.353626
1.514484
3.090618
4.704887
0.9431957
4.205331
4.958189
-1.354933
0.2692832
5.50531
0.3806733
-0.8123182
4.621068
6.167543
4.505459
-0.2000161
12.02007
-0.08264792
6.523109
7.121677
-1.298506
3.35308
6.007555
1.985476
4.858702
4.336785
4.215753
-0.670431
0.2068827
1.546734
6.245202
1.844138
6.788843
-0.5133974
0.2587384
5.124892
6.001882
-0.03098551
-0.1435177
-1.295659
5.295809
7.607586
5.117061
5.378673
-0.7112736
3.374695
5.205416
5.871403
4.826171
-0.5276713
-0.7583406
5.428651
4.767332
-0.2554961
5.167716
4.916316
6.062028
-0.6650242
4.691567
0.4528359
3.630345
6.23429
4.393066
-0.1411967
4.271842
-0.9610834
5.737227
-0.2374486
0.06257143
1.945958
2.825824
4.806003
4.106856
0.1970477
4.6196
5.344131
-0.4198043
4.118947
3.010684
5.261828
5.102982
-0.2063506
3.207846
6.374523
-0.7266927
1.012711
4.381546
5.120488
2.238815
5.724826
-0.1499252
8.142246
-1.28575
-1.772255
2.078942
1.234105
0.4831411
-2.083496
4.590396
2.088195
4.651461
1.039471
1.652105
4.592368
-0.1226645
1.155206
6.119161
-0.1873444
4.814628
3.964043
-1.111139
5.430168
-0.6920991
2.102481
1.809416
5.375478
4.185303
4.799041
5.038757
0.0501672
-1.28889
5.93139
5.826195
-0.0210134
5.336732
-1.433837
5.498919
0.4404873
6.495216
-1.615647
0.3350701
3.389357
0.3319833
0.9098364
-1.260189
0.0615102
-0.04564715
9.414184
3.322979
0.103761
0.2808657
-0.913539
3.059522
-0.7646353
0.6523924
5.030608
0.2110455
0.2580309
4.300982
2.256153
7.727617
0.6979993
-0.1536259
0.7963742
4.287277
0.6963212
4.178351
5.720377
2.709237
5.391729
1.658627
2.01162
6.338395
5.011496
3.799792
-1.65296
6.122781
7.001432
6.046412
0.650541
0.2076588
4.793682
0.2497385
-1.203898
-0.0344584
4.014872
0.1836707
0.5824513
3.084782
-1.002967
0.3178118
7.425962
5.299643
-1.512467
-0.929019
-1.083269
1.268309
0.589437
-1.959363
6.015676
1.54742
7.668207
7.127154
4.840902
4.318498
-0.2356233
1.94221
4.094251
4.361307
1.385705
-0.7268956
-0.04854108
6.30773
5.633078
0.3174893
5.903164
4.349154
4.969965
-0.2949956
1.476432
-0.7406134
4.928255
5.287851
0.003717921
4.597761
2.097925
-0.770413
4.514581
3.351895
-0.1746557
5.069292
5.905793
0.3516155
5.768549
0.5435542
3.384605
4.903528
3.720567
4.895179
5.639584
4.154807
4.225738
1.448281
4.462797
1.175716
5.313185
5.1058
3.0846
3.580403
4.239731
-0.2094305
5.607121
2.562533
5.304935
3.806967
0.09165028
-1.759479
0.166806
-2.270696
5.835196
-0.1396983
4.977051
0.2748122
5.572206
-0.1112611
1.535571
4.29702
7.194938
-0.01352231
-0.8008808
6.052131
1.151006
4.988973
5.777546
-1.393391
0.4077073
1.655078
4.653528
8.703761
0.3366789
4.008392
5.819866
6.146456
0.9198368
0.5609781
5.95446
1.914981
4.668595
4.252915
0.06099512
1.911195
4.771275
2.861299
4.364874
0.3654938
0.1868271
0.3699713
2.230102
4.500631
1.60708
5.028045
-0.0415332
4.27567
0.3587872
5.010061
-1.40965
-0.7215622
5.885415
3.805799
-1.478093
0.1102089
5.343025
-0.360761
6.641175
4.528227
4.90763
5.20637
5.860947
4.314788
5.945176
1.676216
-1.205373
-1.675617
3.6807
-0.766941
0.255178
5.391278
-1.999877
-0.9189348
5.886814
3.912339
0.4814214
1.107827
0.7524479
-0.03471152
5.51707
6.104318
4.599972
1.236736
-0.7962049
4.887623
1.794756
5.160164
0.3887066
-0.1415973
0.6723443
-0.9814777
3.589743
4.892816
0.4338706
0.02658312
4.662995
5.654752
5.096403
4.989725
3.99481
5.901072
-1.205732
0.3263565
1.050654
-0.8178112
5.485044
-0.5639227
-0.1166853
2.373336
5.68798
5.953752
6.642408
0.8133246
4.194425
4.080359
-0.0942486
-0.5659551
4.826394
7.400246
-3.855817
5.229138
7.001066
0.7589029
4.329062
4.824105
5.957856
0.2870774
6.131662
5.899507
6.693652
5.222197
-1.050446
6.018683
-0.2150408
1.094686
4.489371
0.8453842
-0.7852862
4.051119
5.448949
-1.122743
-0.05358638
-1.41791
0.1036384
2.934401
0.9734511
-0.8376109
-0.9910568
6.45531
-0.5308509
2.067043
6.894726
3.08483
5.050672
0.3891727
0.6317912
1.076329
4.9829
4.773095
-0.8526293
6.379235
2.853754
4.843556
7.439904
1.296595
0.5746748
4.849248
-1.499192
5.154468
0.1865176
5.930924
3.815149
6.038783
5.257008
5.035986
1.20049
0.8841315
-1.098573
3.624188
3.989363
-0.864233
5.995407
-1.818869
6.459297
0.02983611
5.77585
6.187986
3.18277
3.299638
4.064448
4.573363
5.011217
1.789975
5.944217
-0.6476873
0.4336733
4.506185
4.897112
6.763127
0.2552543
4.573207
6.427183
4.988127
1.056805
0.7282751
-1.112056
5.446739
4.484809
0.2320404
-1.265749
4.911756
4.770617
6.669549
5.109531
0.3736996
5.131382
5.376676
0.8366196
4.366737
-0.2135638
-0.1403377
6.223356
5.024309
0.1745566
-0.2541664
1.32195
-0.284064
5.366516
6.604561
6.466861
0.8328993
4.064755
0.3599074
5.614261
5.09775
0.009275974
4.610566
4.548482
4.770983
4.585236
5.247614
5.450891
1.143546
5.008521
-1.804577
-0.6941742
4.035912
5.493052
-0.1843596
6.850617
-0.1022778
-0.8676567
4.835533
4.951206
6.424508
5.085698
5.233348
-0.4819368
4.938522
-0.4594416
0.7045384
4.70154
4.792917
-0.6385589
-1.001776
5.682438
3.855885
5.752573
6.767016
-2.298008
4.821544
3.437512
0.03965964
3.670532
6.010483
11.26237
1.373406
1.987085
5.885169
-0.2181805
0.06407812
1.333707
-0.1803327
5.432125
-0.3331673
6.420738
5.870049
2.818124
4.79203
0.2472036
0.7361514
8.464225
5.04441
5.23015
0.2023211
2.878594
-0.8125472
5.649033
0.07203555
-0.3600111
3.613636
1.18458
1.00327
0.6066289
0.280225
-0.508171
4.991458
4.68916
3.688064
5.527648
0.2790558
6.195679
-0.1913803
2.108807
-0.5296312
4.092092
0.8463483
4.766256
1.171314
5.680792
6.45947
5.472765
4.616641
4.689103
4.631692
4.975138
4.5662
4.083801
0.2751057
3.645514
5.931153
7.020253
2.796653
1.744816
4.805211
1.452215
-0.1029982
5.778037
6.797935
4.530602
0.2008756
0.8664261
0.7463969
6.171433
3.614302
5.343246
-2.380373
0.09648673
3.829959
4.572669
1.249344
-1.828854
-0.1182433
5.753157
6.420808
4.295515
2.135345
-0.1453453
4.972756
4.713492
4.021178
3.296131
5.746259
4.629821
5.20896
5.072707
4.269804
4.746165
0.4944315
4.657326
1.014788
0.4293977
3.712028
6.772724
-1.268767
6.216766
7.296812
0.58359
4.483971
5.087435
0.3111743
3.311659
3.15628
6.952746
5.144962
0.05485317
-0.4242822
0.9427008
-0.5396889
0.02319729
-1.325827
6.061962
4.440638
7.152552
5.255349
-0.7825312
6.235355
-1.167157
6.278584
2.661517
-0.8366295
3.537643
3.685909
5.489514
4.482767
1.408585
1.312873
6.85564
3.717072
6.086262
5.573928
5.004554
8.683267
6.424766
2.072716
0.3391226
4.403945
-0.649102
4.973863
1.153103
3.69502
0.8332427
4.556048
1.249092
4.673898
-0.5823522
-1.44183
5.743286
4.347016
-1.850757
0.2691168
2.628586
-1.43836
0.7989421
-0.1960138
-0.2544844
6.776596
2.950667
-1.416899
0.01912956
-0.5749103
4.862437
4.868637
1.19908
0.4904405
7.088134
0.4215282
2.051082
-0.00980623
6.123845
5.879837
5.412353
-1.98544
-0.1425384
0.02281768
4.230718
6.782825
5.588139
7.466095
-0.4319726
-0.03180244
0.6561012
5.309532
4.479312
5.568294
-0.1204524
-1.106369
4.33275
5.300637
2.562593
3.622257
4.104741
1.123061
-0.85768
-1.953508
2.07506
6.222395
4.654669
5.408546
-1.895353
7.132714
-1.22906
6.070851
0.1801313
5.508043
-2.125574
-0.02590109
5.072383
4.421444
5.903338
2.126681
-0.09187032
3.296626
-0.8094834
0.1633726
-0.1572142
3.074652
7.323412
5.024545
-0.7733249
6.927056
6.901558
5.463971
4.566662
1.813776
6.255795
3.551869
0.8727935
6.18719
4.867631
7.509902
0.8238156
5.323163
-0.1597807
-2.403378
5.866444
-0.06764799
3.831962
0.5731104
4.416922
0.5968373
5.081795
-1.270485
-0.02678824
5.711738
0.7152731
5.090919
1.144036
7.478049
2.865432
4.997974
5.851883
3.702282
-1.471783
6.154787
0.3787265
5.680738
0.2872892
0.1689592
4.470275
1.539306
2.997012
-0.07845146
0.2228107
4.590319
6.690618
-0.4294855
5.359832
0.01175279
3.878912
2.387635
5.046099
0.7131806
4.996989
6.230541
0.821555
4.742853
4.012159
6.263904
4.349981
5.503308
6.372853
4.708298
1.142631
1.836748
4.346902
7.516854
7.666147
4.021903
-0.6782156
8.725088
4.927762
0.547377
5.554615
5.504015
-0.03343821
5.216102
5.38264
-0.856118
11.33585
8.529133
-1.488376
0.225196
4.884504
8.572114
4.191047
0.3264823
6.78502
5.78174
3.90096
3.002699
-1.386549
4.421935
5.74619
0.1309482
6.152516
-0.6880246
-0.3952188
5.376444
-0.1314882
5.234659
5.546476
-0.2876927
5.632185
0.9426573
5.51085
-0.3449841
1.166345
-0.3273799
5.152308
-0.1627448
3.227399
5.797319
4.217049
5.017884
-2.094378
7.124979
-0.8003652
5.473843
5.401473
0.2247855
0.5174694
-0.6689001
6.757288
-0.2146551
-1.476306
5.793628
1.316651
4.80966
6.180038
0.8240191
4.695505
5.101024
4.490241
-1.35876
5.303449
5.066896
1.35598
6.975203
-1.799121
2.228161
-0.105515
0.8205588
1.543765
1.342303
4.789327
5.333119
0.04911521
2.117362
-0.1919583
-0.3072375
1.930187
4.43747
-0.1467268
-0.5426763
5.337419
4.174187
-0.5991955
4.356053
4.129148
-0.268393
6.800784
5.853276
-0.5351946
6.11967
-1.402327
6.760199
0.03077776
7.533587
3.704104
-0.467244
3.484696
7.208967
6.39365
4.547648
0.8015934
3.539926
1.90583
0.09086872
0.8240396
0.3123545
0.003937255
-1.848122
5.680593
4.236024
4.585095
4.828727
0.6308453
-2.120749
5.739299
-1.75479
5.539787
3.904837
1.904849
5.151953
3.5365
5.341411
0.3801492
4.551492
5.015145
5.59708
5.827528
4.569767
-0.6912067
0.1196799
3.477313
8.764859
5.183539
6.353785
1.146649
4.719943
4.580212
-0.8190501
0.6621551
3.175758
7.180431
0.1117237
-0.5095979
5.977971
-0.01486501
-1.496635
0.7165982
0.971701
-0.9089594
10.27784
6.422886
1.167059
-0.2725038
3.701092
5.404235
4.538771
4.940223
-1.002607
4.75654
0.2679831
6.10145
4.484397
-0.5834088
0.7768995
3.486263
0.9878908
4.659514
4.855918
4.773776
0.2047339
3.83425
4.832382
6.075941
6.038642
5.16512
5.436343
4.590582
0.7269798
6.879221
4.884252
-1.191703
2.116782
-0.3535682
-1.870392
0.02621615
4.463769
5.791549
6.270537
5.728761
5.516069
-2.140605
5.79204
-0.3443799
2.557473
3.780595
4.44787
6.896329
4.144046
5.005162
13.97199
4.223089
3.66608
4.187919
5.30766
4.882663
-1.014573
4.414842
4.438349
3.023601
-0.5910623
1.556119
6.012237
6.608777
4.370644
-1.017078
5.04475
3.715474
4.706177
-0.6084693
4.153964
4.867032
4.071561
0.5212204
0.8522217
3.827032
0.5031127
4.377153
-0.002202294
6.982992
0.648718
3.836331
0.2809916
2.9061
-0.02206198
5.005546
3.247012
-0.3142794
4.090874
3.340986
5.548176
5.126421
3.815848
5.438018
4.993252
5.651513
-1.687941
5.949897
-1.597922
5.134515
-0.4212152
6.235005
-0.3513951
6.055861
0.2030228
0.4491789
4.71974
-0.6536544
-0.9606299
5.446405
1.606345
5.577434
4.191756
4.988056
5.515341
4.456312
5.298847
6.014787
4.272319
-0.6193754
-1.143271
4.32242
6.107561
5.733728
-0.2521427
5.223174
4.646066
-1.938362
1.436181
0.9248605
5.958118
9.025611
0.9785722
7.096223
-0.6528642
4.857166
-0.9041921
5.986884
5.082281
5.192422
-0.2896337
-0.1575277
0.8558974
10.25158
0.9388813
3.901535
0.8069156
5.448794
3.402101
5.271818
1.627129
5.638452
-1.120434
5.078748
-1.024138
0.4013477
-0.4182658
-1.116448
-0.9038732
4.302411
4.473655
1.013413
5.292195
4.916594
0.2954455
7.437991
4.118388
4.438812
4.596178
5.665261
6.408102
3.549995
-1.296025
3.905133
4.183214
7.221679
0.7289004
-0.8154782
4.40671
5.326153
-1.146233
4.258571
5.244689
4.302985
5.314824
5.283186
4.30768
0.5019164
3.986157
5.624524
5.569995
5.74843
4.846159
5.47338
2.085372
7.024343
5.371327
-0.7460065
-0.3066252
4.251951
-0.9842699
4.119327
-0.4199769
6.053111
5.435187
5.957487
5.272159
0.329078
-1.957214
4.409874
4.166802
3.844331
5.51809
-1.232957
-0.9582009
-0.3869942
2.527241
-0.5135762
5.361962
8.150088
0.2402176
4.280452
-0.643199
5.795711
4.84091
0.8894579
-0.07404035
4.864737
0.7176076
6.374557
-1.068723
0.5804874
5.848919
6.932908
4.36322
6.460818
5.018451
8.450181
0.8243072
5.055663
4.428188
1.433015
4.519119
-0.1171505
3.899376
1.295707
0.9267873
0.4695729
0.278642
4.216164
5.198113
5.289393
3.5263
5.350718
6.669994
4.770389
3.890412
4.566115
0.5020846
8.198545
5.622532
0.3846147
3.504275
4.02497
-0.6797439
4.316185
4.92366
-0.1745758
-2.820539
5.287393
0.1197327
0.5843727
-1.501167
0.01500893
5.872752
4.801471
-1.035758
4.924355
1.201576
5.875285
4.975673
8.175093
9.543534
5.238964
-0.6225562
-0.3082823
5.799168
6.407923
5.589852
5.837936
4.268021
-0.8549709
-0.04642481
4.296174
4.914109
3.606123
5.576584
0.6096623
6.334408
5.335005
1.806559
-0.9398546
1.039438
-1.40814
9.069861
1.232951
4.784623
-0.3735114
5.427629
-0.4377294
6.664597
6.512179
1.126398
-0.2666222
5.779988
4.37449
0.6963273
8.97033
5.202419
5.040653
-0.2357771
1.109557
5.838234
5.642483
5.346006
-0.2096022
5.398963
5.639898
4.541957
-0.5290253
-0.4965119
0.4421488
-0.2434959
-0.1425111
4.680174
-0.4674082
-0.01385603
3.491753
5.424004
4.487045
1.072798
-1.701957
7.992335
3.817569
1.349993
10.16887
3.746005
6.361676
2.992517
-0.5487303
0.1510084
3.425885
5.211016
-1.134534
7.250121
9.405277
-0.1978208
6.497644
3.495406
4.510314
0.5593608
3.609739
-1.184162
-2.182619
5.655362
-0.7345054
4.726731
-2.004889
-1.654512
0.4075812
4.42003
-0.1417289
1.912917
2.769997
4.982139
3.877619
0.2524026
5.201323
5.182253
5.612396
6.053144
7.198349
5.118619
1.123237
4.662682
5.616541
0.2965228
-1.039193
6.682091
-0.05012856
6.535419
5.601441
3.187152
5.9492
-0.9982593
0.2703617
3.613972
6.303049
1.734368
-0.1086944
2.947828
4.150986
5.289952
-1.307149
6.220714
5.009393
5.14186
5.003808
5.243704
9.212401
5.601135
4.219027
4.354779
-1.025543
6.06562
-0.1614608
4.450653
4.943949
5.880599
-0.5370204
-0.9660729
5.294167
0.8428737
-1.12262
-0.2087137
4.200989
0.5304726
4.485731
4.919742
5.525138
4.663273
2.241354
5.058086
5.601428
7.032297
5.704551
0.8292532
-0.5490534
1.528941
5.824018
0.06870091
5.772497
-1.093613
9.048515
5.742421
4.73574
-0.2726715
5.683264
-0.5019255
5.349488
5.421209
1.686985
-1.574414
-1.097343
6.148027
12.36423
4.333604
4.001386
7.191444
6.757391
6.524157
-0.6073256
0.3463136
-0.5000727
5.649783
6.10938
0.1111459
5.98277
4.553094
-0.3323911
-1.381576
1.933131
6.124108
0.9173788
3.358605
4.116083
2.749614
-0.2834199
1.782219
6.087516
1.261424
4.822365
4.410613
4.960005
6.092819
6.050356
1.600929
-0.8691368
-0.7552639
-0.6656492
3.958276
4.708909
6.38245
5.714915
7.18305
5.811654
5.606357
-0.1401609
0.7809917
6.412867
0.326267
5.093176
-0.862818
3.674139
-0.0304379
5.759592
3.666053
3.199304
5.998752
-1.319063
5.232286
-1.720764
4.031591
0.9344414
4.244875
5.413814
5.62556
4.84914
-0.6155869
0.02767812
5.801303
0.4112591
5.449277
0.004547653
3.518582
1.695316
5.377852
0.6449841
5.105714
-0.7578682
6.33359
5.690544
4.319518
1.730912
6.170016
0.1853811
-0.86611
8.038701
0.02255442
6.741635
0.7382593
1.181364
4.256423
0.992117
5.484002
2.065954
7.883257
5.654491
5.412136
1.417148
0.1930616
5.295475
6.792356
6.016335
-0.3578224
0.2961848
3.037108
0.2964239
5.375449
0.728979
3.334289
4.627266
0.7172041
4.491897
5.245089
5.785962
5.858391
1.382029
-0.2414666
4.95358
-0.5156882
1.215174
-0.2012895
6.571394
4.502604
7.245444
3.78199
0.6002252
-0.453904
0.6104671
3.238733
4.194891
6.238393
2.924633
6.269632
4.062846
0.5129311
-0.1744744
-1.15404
-1.182825
-1.058189
5.132429
5.571187
6.512235
-0.76429
6.058698
-0.9258642
6.814617
5.594328
2.30391
5.814459
6.21599
3.539991
5.162581
3.050719
-0.3509639
1.57522
5.357725
1.728074
-1.96516
6.663883
4.6398
0.591482
0.3189432
0.1641852
3.937784
5.557325
4.174573
4.612605
0.3735099
5.143705
6.536388
-0.0604109
-0.3764132
5.782756
4.727124
5.179921
3.790998
5.042344
0.7949152
6.150172
8.825861
-0.410088
5.186429
-0.06525785
0.1408613
5.747869
0.9629876
7.492034
1.76139
5.537225
0.715922
5.05643
4.384111
5.095956
2.747398
4.121003
4.38421
-0.5223004
2.115474
5.162174
4.791831
2.346242
4.828429
-1.288466
6.184318
0.5451919
1.0528
5.031708
3.881455
5.252743
5.969702
-0.5425126
4.706449
6.57809
0.3556903
0.1796282
-0.4575273
5.070524
8.270039
5.861212
4.844297
5.71113
3.555124
5.390811
0.1575792
5.785755
4.160675
0.03903032
3.654492
4.174504
0.9119686
5.996229
1.346885
1.250949
4.908963
5.485764
5.142398
3.567638
4.435111
4.775726
-0.2107185
-0.0683254
4.435869
6.00346
0.2957158
8.46897
5.155525
4.654529
0.3918233
0.8303783
0.2070218
4.661061
4.882602
-0.3604867
-0.912426
3.910676
5.918676
-0.3268664
4.643976
6.134361
-0.5765877
4.033696
4.817738
4.642733
2.183571
4.733407
4.202321
5.91244
1.491083
0.4603497
0.4382876
3.596823
0.5101094
-0.05109989
-0.9365462
5.117568
4.03426
4.745092
-2.399855
4.101404
2.967404
5.807466
5.299012
-2.194634
5.468027
5.522327
3.851315
3.82275
0.8643833
5.938838
0.00373795
4.208048
5.578106
3.947571
4.193363
6.001661
6.609443
-0.4533516
-0.5064236
6.00977
4.622555
6.082861
3.376491
5.719848
4.250866
4.980222
-0.4342467
2.256787
0.5050423
3.837162
4.789579
-0.9370562
5.406834
3.313752
4.067232
5.522655
0.4226775
0.3521882
0.5136556
0.3347636
3.935889
3.678175
6.488575
3.284449
5.50187
6.813387
4.664739
4.876127
0.1540586
6.324135
4.748957
1.31903
3.292303
5.097182
-0.4480433
-0.1858021
0.6970515
0.4263865
5.168209
-0.2039929
6.103933
5.51225
7.644572
4.176737
3.672253
-0.07204092
4.805264
6.985223
1.634593
4.891704
4.042946
-0.4535751
4.063579
5.594723
5.471391
-1.232372
4.205869
-0.8690398
6.575445
5.6023
0.884834
-1.072356
1.791097
0.2646186
6.2761
4.460943
5.181984
3.14171
1.726142
-0.1286916
0.6848688
-0.8978706
-0.8191852
0.511327
0.4488125
5.357105
1.013055
3.088719
0.4839175
-0.1925046
4.296118
-0.860145
4.09178
-0.4102594
1.203558
0.2028025
6.399069
5.388419
4.847454
-1.101815
5.680447
4.905145
4.243455
0.2216757
-0.07941526
6.620118
4.730717
-0.7181968
1.146699
7.341461
-0.6545585
0.5832025
4.653076
3.854393
4.101527
3.18302
4.975667
5.267234
2.134595
4.67348
-0.02808764
4.562022
5.380107
0.9675903
3.055809
5.816743
4.386533
-0.8925905
-1.806382
-0.2425116
-0.112564
-0.279831
-0.907708
7.00432
6.153122
3.790027
6.019784
-0.1334518
4.512153
1.890349
5.751
-1.282993
3.524766
-0.244534
5.442203
0.5123282
4.695341
6.138098
0.8342087
7.137497
4.025106
-1.175746
2.538188
5.003929
3.229178
-0.002201677
5.288865
4.227067
4.746383
5.849501
-0.9832721
-0.3330155
3.366959
0.6464425
0.6388531
12.62825
-0.4629285
5.826602
3.838619
-0.9811611
6.314175
4.1457
5.22619
-0.3616535
6.413208
4.413896
5.725441
0.2025363
4.068605
0.08452665
5.741164
5.817031
4.58223
1.339598
0.2168564
3.089992
4.319722
0.8730197
9.589247
0.8300388
3.985054
0.9053169
5.630079
1.116328
-0.3241253
-0.02902848
0.7034939
-0.9414016
-0.182704
2.402797
5.090119
4.875232
-0.3512212
0.7075953
3.607949
-0.9484198
0.09902616
1.012766
5.052995
5.351052
-2.7033
11.30956
4.690141
4.713453
5.125569
4.741541
5.514266
3.725014
6.804688
4.246547
6.969961
5.914966
-0.919071
1.316742
4.256753
7.695877
0.3577758
1.509475
-0.6677118
2.402032
0.6631374
6.624089
5.158779
0.6550241
3.133244
1.167042
5.171891
0.51826
-0.8583205
3.837319
-1.07102
5.586316
4.630673
-0.593579
6.125641
6.036183
4.10899
0.0678117
5.878703
3.814285
-0.07826241
3.091347
2.404481
3.682761
-1.330688
1.427474
0.3905517
3.788699
4.894014
0.836499
5.528646
-1.013346
6.116959
1.102782
3.744345
-0.01611314
9.037428
4.300619
2.907502
-1.684329
4.590329
-1.961961
0.01764489
-0.5685704
1.970996
-0.03414455
5.499644
7.281016
5.720168
0.2257504
3.350518
-1.364656
-0.8646153
0.1906368
4.245919
-0.2328171
5.709898
4.42171
-1.192161
5.037931
0.1400979
-0.4954001
3.093278
0.07180885
4.503101
-2.521473
4.260112
-0.8408298
4.982053
0.1596013
5.17623
-1.224727
0.8369915
4.489785
-0.6963652
-1.210711
-0.05386561
5.156573
4.7511
3.74375
10.00439
2.564923
3.662303
0.6628398
-1.108204
0.6594338
-0.03400609
4.562271
-0.4486474
1.157542
0.3806483
1.067759
-1.028498
0.075524
0.09475273
1.523114
4.22564
5.56299
3.00114
-0.3504405
5.680861
-1.072403
4.563499
4.667403
-1.183111
-1.550424
4.756011
0.3615226
4.904707
6.516709
6.139312
5.129541
6.009522
-0.9595619
6.060443
4.153796
4.000554
6.963803
5.507838
6.396325
4.259912
5.391468
0.08930516
6.044527
5.398803
10.14174
3.949448
1.049902
4.173188
6.465923
5.323411
3.766462
6.596139
0.5776595
5.633308
1.416684
4.63384
4.772093
6.158147
4.653599
4.979853
-0.3535777
4.875327
4.593515
1.036219
4.331348
-0.02243651
5.021421
4.294982
-1.127261
0.6346578
0.827451
6.023632
3.901108
5.239902
3.929784
0.183099
-0.5731686
6.087745
4.806164
4.232885
-0.6475134
3.234426
3.783423
0.3933347
6.610672
-0.1933669
0.4703724
5.200193
7.863225
5.129491
0.4209672
3.88627
6.734896
7.105957
4.487273
-0.6339659
4.628083
-0.9995381
-0.02665462
8.115451
0.3900936
3.339347
1.201241
1.436011
5.691797
0.4488602
4.720007
5.351685
4.903822
0.6943415
4.113331
4.687469
3.31719
-1.491142
4.545062
5.241846
5.172684
5.001983
4.670326
-0.08777831
5.359272
4.019665
4.499004
8.791028
4.451558
1.645134
4.431399
4.283343
6.922411
0.7000778
2.155891
4.018723
3.879978
-0.1361506
-0.6289119
5.721214
1.501182
4.480594
3.631922
5.290088
5.863035
5.190591
5.593001
0.5935206
0.01266603
3.460076
4.667383
2.339511
-0.2829884
0.4889535
5.946599
5.404723
2.88382
1.149868
4.045844
6.092189
5.507107
-0.09598135
1.963995
2.308837
6.208672
0.4741962
4.430507
1.239015
-0.4721161
0.4007172
0.03776027
-0.255734
2.954007
5.53946
0.9091539
2.607498
0.4240231
-1.305308
3.724379
4.709784
4.779213
6.896072
0.9565222
6.108116
0.2163812
1.445922
5.412125
-0.6690141
5.044649
5.172207
-0.828962
4.271801
4.239269
4.335076
6.162291
2.067052
-0.2014067
-0.4781459
5.862637
0.0876758
4.070501
3.528912
7.150309
1.099175
3.833797
6.86741
-0.5167815
5.052123
5.593668
0.2514605
3.615527
1.749513
-1.5349
-0.2768917
5.404852
7.290958
5.02772
3.604691
5.06504
1.357627
6.364205
5.34828
5.326788
4.464942
4.865204
0.4387129
1.869774
-1.245202
4.590487
5.248712
6.692558
0.4272949
4.353302
0.7060933
6.140255
-0.8946504
4.051211
3.748021
5.508728
6.778582
4.412406
6.05596
6.895468
5.505331
5.312451
0.1749267
5.697006
-0.8238762
0.2322968
-0.1497146
3.018433
4.843102
3.60756
6.837766
8.811952
5.710681
1.283728
4.269228
0.2005723
4.849279
-0.7800271
4.942066
5.454005
0.2950588
1.474952
6.329316
5.594543
3.690672
-0.3352439
-1.380675
3.520094
0.2928911
2.673699
5.275949
4.63627
0.08281648
5.865104
0.08780105
4.165246
-0.002084656
-0.4603
6.547046
0.6180223
6.183659
-1.306066
-1.59813
-1.190431
3.439054
0.4122334
0.5077873
1.152215
2.954151
0.1220629
6.384441
3.775787
0.02451826
3.693367
5.882121
5.619641
0.3181028
-0.5679397
5.498132
4.013751
3.773645
5.361565
-2.331951
5.901511
6.747628
1.754315
5.421554
5.755373
0.514033
4.358738
5.181975
6.007591
-1.959193
6.039855
-1.647526
5.092458
3.696741
6.302545
5.770082
3.966795
5.019548
5.436923
4.459332
6.055162
5.011349
0.07816909
-1.308565
5.342183
4.384189
-0.6990733
3.241788
5.075725
5.511099
4.639935
0.7930122
6.46193
7.680279
5.015459
5.064715
4.623676
2.609921
-0.4671298
4.000257
6.390597
0.02375458
4.732757
4.597269
3.994162
-0.1839432
10.54451
-0.4758055
0.8842617
2.265022
3.795326
0.3239892
3.098324
1.972064
5.283273
-1.201578
9.094248
1.302651
3.162892
0.5887588
3.528624
-0.3764747
3.791683
1.1625
2.83758
3.897829
0.4103208
-1.759893
4.644498
5.855128
5.192714
4.507441
5.330216
5.587927
6.89894
0.7882089
5.030929
4.602041
6.424552
6.07221
5.836449
0.9144995
4.483467
-0.04054336
-1.231566
5.376952
0.9625565
5.142075
-1.068159
4.654518
7.289783
3.703828
6.740335
4.768059
5.39663
5.614727
5.727299
4.272347
5.593383
7.028334
1.778755
-0.1303132
3.521626
4.447858
-0.8573156
0.2715174
4.401128
-0.5400331
1.712456
4.657477
1.045869
-0.190671
5.306106
4.646336
5.969617
4.287107
5.017001
5.097892
5.224542
-0.427911
0.1557555
-0.1042334
-0.5496104
6.420615
-0.04431887
4.344202
-1.261523
1.655152
4.704131
5.100797
-0.9050287
4.840739
4.568391
-0.190838
1.968576
-0.9320473
4.352088
-0.5668398
-0.8122427
3.915194
0.8978617
6.227075
7.359076
1.038456
5.488662
4.040569
5.334446
0.4320716
4.893042
9.113789
3.982957
5.386033
5.929083
7.838592
4.391173
0.3097593
1.350313
4.428293
-0.4428183
4.828009
0.04617356
-0.1116469
-0.4632612
-0.05281555
-0.0201495
7.642236
-1.518201
5.377994
4.746878
4.957269
4.275554
0.7734088
0.2428703
-1.115843
2.151472
-0.4000944
6.429304
5.060508
6.021655
10.76885
7.47063
-1.04243
4.099885
1.11451
4.541916
6.424975
7.174795
4.812276
1.214125
4.848761
-0.3039424
0.9663162
0.5815872
6.571284
4.897237
1.41087
5.101295
0.8846525
-1.893901
4.189579
6.004541
11.31677
0.7710588
6.216717
5.135817
0.3874516
2.63288
-2.072946
2.445695
4.656086
-0.9358102
5.446239
0.3373649
1.442384
3.658623
1.523201
3.068886
0.397239
0.4425177
0.5273476
6.327947
3.845709
0.3160496
0.8637006
0.8735263
6.131441
-0.6882732
-1.4649
-0.1055839
4.086581
4.660382
0.3218752
5.493473
0.6344367
-1.556775
-1.186342
-0.8942385
-0.2543641
1.916283
4.382293
5.570662
2.95434
4.177117
6.151721
4.303474
7.106628
-0.65477
-1.576677
3.906849
5.267451
6.938727
5.10201
0.7810224
5.486023
-1.069155
4.46284
5.368658
4.541208
-0.3276327
6.004304
5.474571
5.431828
1.3502
6.867183
4.285566
0.8460127
6.152656
4.872767
4.044007
-0.06522313
1.979564
4.512908
4.152591
5.149897
4.287724
1.08709
-0.1836713
2.53156
5.982039
0.3853725
-0.5232221
-0.2704208
4.957604
4.735317
0.0303637
3.885205
6.432673
0.4162038
6.227206
5.553015
5.433152
-0.3036067
3.451401
3.904518
-0.1588502
0.730115
8.822651
6.489234
5.157165
3.481247
3.773553
4.389421
7.921333
0.5635822
4.914125
-1.742209
4.003705
4.789139
0.3626444
6.629526
7.026014
4.751643
3.127244
5.780226
3.212078
5.249654
-0.803263
-0.7749495
5.314348
2.581323
-0.715494
3.645632
4.15193
4.460178
5.729529
5.887195
-1.314086
4.150626
5.522238
7.884085
4.755662
-0.8108201
4.265318
0.9049914
3.415777
4.705922
3.35801
4.203367
3.647754
4.602954
-1.68873
1.219193
5.412792
5.493982
3.850939
1.276374
4.581544
-2.059818
4.575222
4.998179
4.851422
1.929565
-0.1699796
-0.669187
3.611648
0.5816727
2.021859
1.141314
-0.7275209
1.524163
-2.28556
0.2139136
3.860642
0.2160501
5.574378
3.9122
1.376044
5.943289
0.4694552
4.394055
0.9656246
6.140254
-0.4917826
-1.810702
3.90085
5.289733
-0.8609673
1.767471
4.599459
4.912181
0.1019273
3.348535
4.085399
4.423148
0.4139965
-1.123051
2.866956
-0.3007447
4.483146
5.565002
-1.592892
3.708183
-0.4671343
-0.06307114
-0.7239053
4.846052
0.4174025
-0.4924009
-0.2844181
5.099115
4.858428
4.535163
1.033374
4.629549
0.1252993
0.09300617
3.825215
5.306488
2.592633
-1.310741
6.568851
5.127394
0.296976
5.19696
5.50457
0.4921425
-1.150297
3.711083
5.19506
-0.809932
5.999041
6.290495
5.73216
-0.7661946
6.0038
0.9856636
4.249288
0.6663741
-0.5137238
-0.2837821
5.998615
3.981114
5.999785
0.5903815
-1.446064
-0.1333824
4.689693
4.918093
0.097187
3.652586
-1.317534
3.329118
5.008985
5.288
3.336963
4.226898
4.638373
5.256042
5.171582
5.415957
5.101734
5.251708
3.076402
-0.6984487
4.099329
-0.7646704
-0.01207744
0.2092096
-0.3161847
5.225091
-0.9273506
4.493919
5.175354
-0.1090802
5.992566
5.204486
6.446035
1.727777
4.639748
2.717865
-0.6005345
2.868518
5.467397
6.084728
4.440048
5.34732
0.5554654
6.968547
6.384574
4.399983
4.892643
6.519655
0.9462434
3.460649
4.165105
4.348691
6.294212
-0.454366
4.908563
5.581415
-1.585904
5.000023
4.413094
6.231697
5.626677
0.1789599
-0.3742279
5.962541
5.192828
3.945546
-0.01878752
3.44748
0.5521421
0.5481528
4.714877
-0.8645691
5.12757
5.003947
5.488718
6.233905
4.922586
5.672998
0.04554438
9.357573
-1.055396
3.357579
5.111756
3.456381
-0.6720722
-0.4436154
4.864401
4.350612
5.789693
0.5658713
11.04036
4.460806
-1.203785
1.040611
-1.063671
0.470536
1.306769
4.286906
4.766406
4.459716
-1.01597
-0.6958078
5.666403
3.281269
4.467101
-1.909523
1.619874
5.784738
-0.7871558
-0.9122096
5.205064
4.819742
0.09028691
-0.5013266
5.123546
-0.6924984
5.669952
-1.321753
1.465227
3.921315
5.41643
5.462968
3.518046
4.848419
4.220398
-0.221605
5.534853
4.32235
3.434396
-1.210799
4.014003
-1.12272
-0.3108405
4.873041
4.543924
0.6706072
4.453542
4.510005
6.062523
-1.77439
4.218566
0.8123057
-1.140944
4.585429
4.963183
-0.218342
4.899828
6.434372
5.391012
6.380348
1.047746
5.180866
4.768094
-0.7156721
-1.249925
2.189407
4.292672
4.445766
7.731736
4.677724
-0.62412
1.061324
0.1564502
4.571861
5.648284
6.429983
4.43424
0.3020938
5.413745
6.055101
3.113873
7.189205
0.8944984
5.697991
-0.2167799
5.282026
-0.0001010219
-0.1047088
3.714494
0.7350123
0.442429
3.960785
5.859275
-0.02240057
2.530603
0.8853807
5.776744
1.651701
-1.036354
1.740925
0.07212097
5.219619
7.657926
-1.268803
6.232513
6.363152
1.365358
4.483465
5.093913
0.8227218
5.94634
1.142665
5.383808
6.631622
0.7622592
3.929712
4.344533
3.996497
8.372743
-0.1163874
4.167653
5.14577
5.960131
4.982709
0.9337048
-0.394502
-1.244932
4.920988
0.8944648
5.676971
-0.8679487
1.327058
-2.203416
0.8105527
1.233585
6.590858
0.2413959
4.613411
7.050296
5.116632
4.055352
-1.015356
6.659491
5.279631
6.598039
3.550045
0.2042498
4.007685
0.9814277
3.996233
6.28011
5.162527
5.36692
-1.166123
-0.6667579
4.436102
4.730318
4.28712
2.15216
5.667058
4.68486
-0.9525712
-0.3660573
5.618813
4.638178
1.022651
0.3445252
4.41076
5.562451
1.365142
3.923623
-1.62864
3.725027
