0.3040954
6.325464
4.246177
5.643044
1.136471
5.179361
4.122547
-1.111579
5.003
4.93319
6.436912
3.853042
-0.1198535
5.538422
4.30575
-0.2528828
3.4069
-0.2417764
3.866045
4.322701
2.058832
4.531033
3.500984
4.834788
5.233712
4.918087
4.972522
7.281546
3.440164
-1.176074
5.19559
4.506862
-1.270916
3.161895
2.432489
4.008255
-0.5102259
5.39077
-0.4452344
5.42029
5.53005
5.83125
4.69347
5.898896
5.365879
3.210579
-0.3112388
4.930759
0.868602
5.826244
2.85458
6.166394
1.350738
-0.7616652
5.193929
9.402143
6.197489
0.127697
4.167906
4.182713
-0.4828848
1.124424
7.310423
4.994171
5.12638
5.703133
5.453185
4.821516
4.432792
1.744305
0.5898312
2.983809
-0.9389997
4.207853
5.118483
4.474865
5.297059
0.4850524
0.1200679
-0.06027948
0.6326818
5.971809
5.033918
3.60986
0.2081419
-0.07251961
3.281756
6.372884
2.94152
14.18341
8.691902
4.419208
3.103344
1.487019
4.061633
0.7622441
6.151338
3.786774
0.3487133
0.2923131
5.504154
0.7268223
4.569276
-0.6994231
-0.1247253
0.6937782
5.66909
-0.8604852
-0.4931648
4.444561
-0.5550473
6.761443
5.522706
4.965152
1.448875
0.1166537
-0.893534
-1.308071
4.7336
4.594756
0.8803453
-1.050821
6.606513
0.001213169
-2.228899
4.094154
-0.7133268
3.567426
3.720083
3.681735
0.7606983
4.388721
0.2663499
0.2289609
1.845138
5.918913
-0.6649495
0.3553082
6.76483
7.157133
0.6383027
0.9314736
3.343355
-0.3736567
4.952014
5.323479
0.04620948
6.197052
5.320833
-0.2592356
-0.2519873
5.517216
-0.9580151
5.569662
5.621266
0.9849095
1.373033
4.959786
0.4261518
0.4709447
5.267681
0.1867028
4.992954
-0.7094993
-0.448222
-1.46171
5.325451
-3.07337
4.288319
4.273562
5.341791
6.312974
4.873357
-1.534283
2.126341
5.20722
6.215066
-0.1048764
2.693623
5.053013
-1.530707
4.948276
5.281048
6.321554
5.128127
-1.050849
-0.2138199
4.678932
6.554956
4.262989
4.807393
4.990992
4.604294
0.5451784
5.988893
5.78292
-1.622145
0.2186898
4.714258
6.722518
-2.078498
4.602488
0.431774
-1.102235
3.881666
5.456159
6.679195
6.299371
-0.8431058
-0.2060317
-2.512213
3.228692
9.505009
5.069804
0.2701191
0.1587009
5.782525
0.08893409
9.660192
5.936796
-0.8242247
1.310458
0.6286634
7.1664
1.318222
-0.214299
4.129523
4.3424
-0.0002709469
3.019463
-1.111988
-0.5935794
1.967044
4.524834
4.555962
6.556832
0.561013
5.560208
1.022831
0.1579354
4.009474
-0.2792985
4.64403
-0.7499414
1.208248
3.162738
0.9717982
5.090533
-0.3175407
-0.4767681
