4.68175
4.365107
2.934859
0.9954346
6.272832
0.9058589
-1.792429
-0.1457464
4.633538
6.638119
4.678417
2.771975
4.607129
5.561198
4.418163
5.223029
4.6724
0.1678553
5.251189
5.762126
0.9324631
0.4075103
5.904196
5.998985
-0.4070571
5.951483
4.657307
6.013978
7.16201
-0.01566756
5.902865
9.820247
5.239214
-0.4369125
5.159015
-1.177343
4.419552
4.786041
4.449831
6.326774
7.039354
0.731918
5.197695
5.569888
-0.05852547
-0.4272694
4.155433
5.575002
0.3475313
6.051423
2.492054
-0.4493702
6.34505
3.065393
7.654884
-0.2157154
4.373532
-0.7681238
4.867225
0.3883678
5.468067
4.148366
0.01623866
-0.08752584
0.6272058
5.420755
-0.6766268
2.263825
4.856635
0.06046878
3.879478
-0.3992878
4.186092
4.811763
8.658451
7.465732
2.637666
-0.4695355
0.3918886
11.94652
6.315354
6.83601
-1.037204
5.139667
6.724308
-0.5081264
5.399027
5.185695
5.515304
5.530078
0.5272536
-0.8811883
-0.5726296
4.703999
-0.2840549
5.343871
5.902616
0.4885194
5.403706
-0.4061482
-0.1787274
3.98423
0.6473544
-0.7966109
3.571509
3.331346
4.029268
1.488107
5.43725
4.105178
4.673379
0.7135086
6.380951
6.962149
3.400902
4.950009
3.937172
4.685986
1.683253
1.977594
0.7737871
5.236505
5.452169
6.509825
0.9355021
5.457577
5.301966
-2.043801
-0.5187896
1.58313
-0.6145317
-0.6973021
7.12011
6.227902
4.275332
3.657267
-0.1498063
3.846347
-1.963029
4.081848
-0.7085314
4.782627
0.5116027
6.069987
-0.2679855
3.933841
5.703949
-0.6092311
-0.7170099
2.195204
-0.4677069
5.713277
4.337477
1.15564
5.13248
5.036484
4.226099
4.405859
0.5582455
-0.4632757
5.246904
4.484735
7.335711
5.321202
4.986343
0.295557
5.681618
1.659105
11.82698
6.004706
4.932271
0.9707122
0.9385357
5.353751
3.512349
5.733108
7.036302
0.1980508
0.6797227
1.368851
3.866576
-0.6930229
4.050002
4.573981
4.506817
1.136024
5.168538
5.158434
6.110943
5.305447
3.674274
0.8181484
2.605095
-0.21066
0.1175839
0.3458059
6.087529
0.7626335
4.079948
4.513225
4.037248
-1.412766
-0.06087112
4.986176
3.748894
4.909288
5.808136
1.330254
5.204376
4.057329
4.542805
6.051758
6.905333
5.664974
5.742387
-0.5418496
1.980099
3.956447
5.445666
0.2761859
-1.587218
0.7084523
3.79235
-0.5089844
0.5979454
-0.6767309
-0.3522004
0.01701372
0.1493321
-1.304199
4.875836
1.51354
1.042613
1.671066
0.8633867
3.64701
0.07072537
3.144368
0.1902163
3.342295
-0.5434881
1.007392
4.673717
5.306229
-1.003113
-0.2558803
2.226377
6.248614
4.647226
5.593965
0.737367
5.243897
-0.9048995
0.7109096
5.11817
0.7596337
4.808997
5.254604
2.722668
5.911947
5.56241
5.845293
1.637676
4.714979
5.587118
4.981651
3.274089
-0.7084304
-0.4926209
0.1064992
0.08841346
3.751578
3.683767
-0.3489396
1.608063
4.573399
2.881219
-0.7243529
0.1894851
3.545174
4.227528
2.795821
3.015378
5.288713
-0.2967325
1.205574
-1.445325
4.164366
0.9930316
-0.7121177
4.926164
-0.3360835
7.077108
4.23008
-0.6751098
3.656393
7.827735
3.77868
3.557588
3.47985
-0.5433931
12.48584
4.626424
1.373184
5.870642
2.980703
-0.7278873
-1.766105
3.798607
6.283114
3.437912
-1.379855
2.855943
-1.089158
5.662283
5.70919
7.582794
-1.470221
5.409811
3.548233
3.415117
-1.219998
0.5348981
-0.6228175
0.5838982
4.932897
5.517585
-0.1865342
3.696163
5.232797
5.244668
4.940844
5.399731
5.182933
0.5465183
7.798697
3.97202
6.449935
4.308369
3.745261
5.430943
4.321626
5.364438
4.339888
-0.4624107
3.522683
4.234958
5.533708
5.169285
6.086338
6.613241
-0.6946304
4.461359
5.022994
2.347931
5.643241
0.4806007
-0.6102283
-0.05361085
3.61015
-0.1637381
4.703149
4.485461
4.624006
1.777584
0.8023871
5.242013
-1.702039
1.548374
5.740374
5.000598
3.911797
3.546163
4.374916
4.447242
4.982108
4.088176
5.046735
4.901796
3.037196
0.8754606
-0.8113244
4.890097
0.02782335
-1.097665
4.915274
3.094857
1.062853
0.4907191
4.852489
5.114933
-0.4777354
5.585152
6.022065
5.276819
3.642457
2.864091
5.42697
5.676115
3.176372
-0.6105841
0.4463118
-0.3513302
-1.61062
3.670472
6.122807
5.3924
4.883779
11.42022
4.489308
-0.5018361
-0.1041009
-0.3875884
-1.314497
5.660973
3.48908
-0.218815
5.38564
3.394964
1.227279
0.3233962
2.274429
4.861758
3.711084
4.78279
1.159159
3.774396
0.9451576
6.240744
6.880721
5.20796
3.393256
0.6037104
6.993827
6.167391
4.483945
1.307584
1.354432
5.273922
-0.7834178
-0.6165468
-0.2285927
-1.062299
0.8692639
0.3911949
5.041547
4.294991
4.090491
5.052085
1.147504
0.4920903
-0.3939316
5.122697
-0.6737776
-0.5158471
-1.510556
1.118017
5.603654
-0.437337
0.3247559
4.78923
8.859684
-0.87956
6.027153
-1.146063
0.123464
0.1282023
5.534417
-1.108027
-1.108429
4.141889
1.338682
-2.319429
0.6647239
1.083263
5.679153
-0.8548176
5.621771
4.332349
-1.157112
0.4893708
6.004477
0.4846441
0.2560684
0.6980747
-0.2597129
0.6942489
-0.2299677
0.5614193
0.7461724
0.6013882
-0.8155788
3.695314
4.675106
1.150423
-0.390374
-0.448599
6.729501
4.020711
4.340797
0.1077325
4.619201
5.55199
0.7367213
0.3993225
0.6691961
-0.7073095
0.1744161
5.664772
5.931739
-0.3367612
6.23337
-1.802858
4.653918
-0.6003301
5.359865
5.72557
-0.1836228
5.470377
3.598325
-0.9337048
5.171514
5.344561
0.5981359
0.666054
6.493492
0.3568361
6.242618
-1.364118
5.026192
4.387473
-0.9495665
1.552876
4.438169
5.564372
0.4586107
1.103911
-1.441472
0.3356789
6.404941
5.543782
4.593449
7.216843
4.457734
4.355259
-0.2264233
0.1045027
5.085554
6.485672
0.2982623
-1.671706
5.906787
0.4345357
4.572842
1.963257
0.7371392
0.7106054
4.087451
5.864199
-1.283048
-0.1156286
4.457091
5.25965
4.454543
3.212996
6.255382
5.917327
-0.3529948
-0.9549882
-1.425169
0.02165932
5.566445
5.790365
-2.098377
4.242803
4.965192
0.5790452
-0.9050764
2.680313
5.224565
4.542194
5.474271
4.82948
4.109206
5.222604
3.564179
-0.01864626
4.007494
3.321623
0.5270964
1.268132
6.906656
4.421499
6.224988
4.712383
0.6429722
-1.72973
6.604467
3.702226
5.11246
4.198115
5.325885
0.4792244
-2.160825
0.1763877
5.073911
4.380732
4.572297
4.524638
0.3765884
4.574133
9.746566
-1.457005
1.275896
5.689417
6.917411
1.795763
0.9331985
5.118955
4.192905
2.092135
3.805064
3.354743
5.908458
-1.180632
6.205767
-1.162277
0.588534
1.145827
4.780021
5.030953
-0.6712248
5.343608
4.172778
5.294332
4.104344
0.3534696
0.07191412
0.3834232
0.6884358
4.556993
5.70505
0.5855477
-1.896813
-0.59673
5.479558
4.578056
-1.108767
3.947807
5.620367
4.363713
6.317672
-0.8961978
3.068551
-0.9123445
6.033262
-0.7566177
5.244766
4.900536
4.804558
6.567631
4.437901
2.506127
5.484051
1.591864
-0.07199379
4.93519
-0.5054149
5.331311
-0.06415086
3.906639
-1.88463
-2.630722
6.122081
6.085704
5.649232
0.5469232
-1.517223
8.340444
6.39911
1.203275
4.404635
4.645517
3.417341
4.903339
4.893257
3.64897
4.106294
-0.9088965
0.418679
4.936616
1.828784
-0.1554665
2.903737
6.112031
4.267786
5.334111
6.313623
8.31433
0.2683543
0.741148
4.68578
-0.6794946
0.9501281
5.816161
-0.92176
-1.441586
1.926431
0.3873162
5.425498
-1.568488
6.286754
6.169648
-1.718408
-0.5037189
4.076858
12.32147
4.687025
7.710737
3.538698
-1.090052
-0.3731874
1.386008
-0.2316777
7.365872
0.232907
4.064425
-0.2189728
5.424631
6.419464
0.0732892
0.05227363
-1.883879
4.301709
3.770898
0.9636107
5.779386
4.154361
4.792129
-1.038028
6.384426
-2.932209
-1.652438
-0.3788559
5.398537
5.913037
-1.325059
5.960191
0.156154
4.16031
5.837453
4.393118
-1.419438
-1.235756
3.991557
6.622835
5.245479
-1.099989
5.374177
4.712844
0.4126829
5.114763
6.561402
4.598081
4.387958
4.270901
6.165723
-0.2800938
-1.269078
1.213397
6.027384
4.756208
5.290561
0.2003477
-1.932637
4.434678
6.229049
3.724183
-0.5998424
5.552714
3.887536
4.135784
7.013376
5.675174
4.032067
0.5963461
6.562592
1.658935
4.372788
8.833443
4.523012
3.01859
0.4655483
5.900834
4.922223
5.894972
4.752037
5.567662
8.323151
0.1851746
5.229457
1.367162
0.7308868
5.056817
-0.8323003
5.533959
0.514662
1.05328
6.290758
5.643348
0.8959625
2.778683
1.772728
6.428772
4.66012
5.646783
4.588768
5.525506
-1.291062
5.317631
0.6564986
0.6841767
-0.9381196
0.2589445
6.916536
10.25748
4.335885
3.130674
0.8063646
2.320162
-0.8002568
4.810232
3.719039
2.607704
0.3727118
5.844755
5.721333
0.2523562
-0.5163141
0.7642189
-0.04106515
4.162911
-0.8682225
5.347418
3.572081
1.697138
6.82721
6.92661
3.834859
6.135752
-0.2464486
1.560102
-0.8416462
0.5470974
5.205902
4.842656
3.803203
-0.8208651
3.934969
-0.9340861
-0.6379222
5.457216
6.099765
5.502999
3.588996
5.091572
4.397617
2.318585
2.104724
0.6070719
4.205712
-0.4025892
4.401917
5.600868
0.1359324
-0.3156809
6.16882
-0.005694733
-0.04541229
6.660774
3.647134
5.517266
1.616701
5.509403
4.783482
4.488242
0.5311408
0.6185319
0.4481858
6.417068
5.530516
4.348378
5.293962
1.476667
5.305603
5.628603
-1.785968
5.2026
-0.210934
4.469751
-0.1691189
0.6985834
2.369579
0.05281267
5.695029
5.405708
4.345582
1.58758
0.5936066
0.8889475
3.457713
6.16517
4.207853
4.627793
6.029751
-0.1797391
6.858152
-0.6592292
2.986873
2.912464
2.551048
-0.1546511
-0.4895946
-0.02464944
2.727277
9.373396
5.125332
1.171048
4.663117
-0.09830592
1.106355
6.628431
-0.08784507
6.231625
0.6564118
-1.018818
5.848174
2.028739
3.670873
6.645716
-1.388256
1.891872
3.348942
-0.4101197
3.747117
-2.340718
0.0383249
5.820067
-0.7959538
3.035714
4.009571
4.519311
3.972956
5.932514
2.987953
4.402493
4.39636
-0.9249772
2.549317
0.4597893
5.060945
-0.4918952
3.008378
4.822582
7.484523
2.62052
0.3773732
4.669677
1.27907
6.550515
2.593043
4.743363
0.3386693
5.059017
-2.055037
4.025818
1.449127
3.476151
3.896524
0.9309295
4.753903
5.81961
4.496928
0.08534092
-1.642805
-0.5578236
0.4863108
3.037183
5.706465
4.114792
-0.7351748
-0.8003743
5.193313
5.001949
-0.349485
4.075068
4.81014
3.686018
0.342351
5.091618
2.944785
6.668911
0.2597892
-0.7090711
3.955138
4.818414
-0.01683479
-0.3728623
4.643327
5.209152
2.868482
-0.3219562
0.6733786
0.01858019
0.1209589
1.274031
0.6739489
-0.0769827
1.041314
4.939599
-0.1207786
4.513977
5.98471
0.9346412
1.438088
4.180254
5.784289
5.947633
0.1039649
5.054559
-0.5739466
7.550415
0.4116145
5.989597
-0.7331909
-3.295533
7.591221
5.674915
6.272679
3.971404
5.375511
4.952296
-0.8842228
-1.217249
7.229481
-0.1300987
5.846525
4.443701
3.791217
-1.102021
4.01985
0.7450658
3.33047
-0.1909773
1.181031
-1.293906
4.614526
5.332174
5.285826
-0.6909204
5.936977
3.684347
4.697476
5.60732
7.034619
0.6389278
3.960921
4.797079
2.010369
-0.6578908
1.631
0.2752152
2.346516
1.297196
4.11889
6.616838
5.093837
0.6464611
5.294005
6.586214
4.601906
1.848989
0.2357387
6.02599
6.005306
-0.5410898
4.082847
6.951865
-0.2716719
5.260297
-0.4940083
0.8349515
4.961132
-0.134252
4.418091
3.848796
0.5901447
-0.9881115
9.494309
4.905388
4.794363
0.8856132
-0.1343345
3.669051
3.623575
4.952057
4.950814
5.053985
3.789442
5.770818
2.829885
0.7499008
7.059921
-1.415462
6.608449
-0.3348444
5.70225
0.2783877
6.227541
5.712566
0.9007381
3.353192
1.015955
-1.913263
6.965361
-1.705451
3.048031
4.068044
5.808681
3.81223
5.269798
0.8326454
5.288562
4.853865
6.776963
1.824232
5.846692
3.869102
-0.8842367
4.80352
6.516387
5.814654
5.348412
4.14994
0.04666167
3.066844
0.7547299
4.740651
6.752173
6.814212
5.780268
-0.1808559
3.876616
5.129969
7.155651
3.652732
0.7221128
5.474845
5.928473
4.076052
3.800763
7.466572
7.415689
7.346373
5.303182
6.742406
4.497046
4.181838
-1.391061
4.297648
5.846327
-1.13844
-0.1279859
6.161632
4.898936
1.413504
3.66019
5.416742
-0.8055647
5.279423
-1.446246
5.639689
-1.128972
5.919991
6.46099
4.003258
3.65687
3.971536
-0.6664075
1.062931
6.153727
6.316643
-0.7128637
3.219283
8.961535
-0.7590625
2.190455
0.4534647
5.680931
-0.35326
4.91001
-0.8900997
4.869928
4.352592
4.587278
0.4219203
5.171248
-2.396967
6.914381
4.697501
3.65077
-0.4850918
-1.438162
0.01469444
-0.6902882
5.926153
4.488868
3.984426
-0.8627373
6.109159
3.464979
5.95726
-1.67519
-1.732518
5.482303
4.192459
4.682466
-1.578198
0.721074
1.032061
5.127342
4.963809
1.374041
4.637025
5.745773
4.056886
5.122437
4.635724
0.9886319
5.101179
1.052961
0.8158086
4.724119
3.468398
4.878662
3.729427
5.524368
4.338382
4.47989
4.54672
5.872397
-0.6233259
4.947933
1.097381
0.3953231
5.169095
0.02681065
-1.356792
2.366053
4.14185
4.350711
6.674512
-0.6148498
-1.482021
4.705863
-1.628984
6.384506
5.045485
4.429267
0.4049724
1.629917
5.536435
-1.067726
5.604116
0.1228234
11.62566
-1.141485
-0.8915996
2.987282
-1.406451
0.5072467
3.186868
2.88513
7.301566
5.043707
3.330009
6.734015
4.473523
0.2465538
3.995592
0.6790487
3.53238
6.291275
4.181447
5.473601
3.070542
5.770589
-0.2102622
-0.3278692
0.06939654
5.618997
2.567192
5.174541
2.469757
4.768466
1.365836
4.20216
3.185308
5.710599
0.31029
4.745195
0.6801131
4.25963
0.1898953
-1.073519
4.656637
3.679395
5.558943
0.3807126
-1.210195
-0.1568688
5.008444
0.4185008
-0.8506975
4.89781
-0.5272799
0.3589986
5.756572
7.866232
4.623163
0.01698472
6.09335
4.690409
6.222568
5.162098
4.019045
0.05146311
6.244044
-0.1406805
2.976142
1.089497
5.295401
5.403131
-0.2648285
5.196001
5.855327
1.083857
0.5959319
-1.342751
5.056929
5.80859
-0.2181926
5.74074
-0.6790985
4.910909
-1.241814
-1.662881
5.098523
4.095413
4.872794
-0.4970135
2.986809
3.806825
5.045834
1.029748
-0.7986998
3.928881
4.492961
3.618328
4.533447
4.66369
3.847774
-0.9743689
4.935203
6.183272
6.925203
0.04966304
4.968921
5.574655
5.155326
5.566357
-0.08066474
4.88751
6.914197
4.97838
4.818794
-2.427918
-0.003945477
0.1784943
4.34472
-0.3258633
-1.062449
4.997941
2.415548
6.134282
4.4404
-2.451054
-0.6215934
5.592056
4.608065
7.661128
4.907941
5.515303
6.450431
0.9371269
0.2893821
4.083256
0.5088793
2.652826
6.309842
3.360672
3.731499
8.253834
0.05059525
5.480758
5.694764
-0.3734945
5.066609
0.5424482
5.064345
1.825566
3.890819
-0.02540826
-1.302012
5.900525
2.961527
5.482519
3.952618
0.07549951
5.751997
-1.062123
5.530685
1.530233
1.274147
5.153377
5.27966
7.163026
4.045746
-1.658004
-0.05883695
-1.405452
4.42944
0.05034471
4.356321
-1.237419
6.139649
-1.269137
4.904655
4.019399
0.5410772
4.388564
3.634335
1.088105
1.063046
2.75402
-0.9272388
0.9381418
4.445472
5.762808
4.194328
2.925689
7.453922
4.557046
-0.5567164
4.70793
5.197346
0.5079562
6.784578
0.3079528
0.5910299
4.665221
-1.273945
0.9542585
0.1570916
3.832435
0.8445343
6.742539
1.34271
4.467252
7.102368
-1.06639
-0.6383717
5.042088
1.020484
4.630076
4.670155
4.05691
0.564878
2.36038
6.467326
1.166953
5.487705
-0.8614534
4.424145
3.55896
0.1787396
5.364626
0.2533053
6.185054
-1.167376
5.482226
-0.6219464
2.659561
0.03406145
-0.9571877
3.882996
-1.100656
4.648066
4.335147
5.347486
0.4302984
3.026483
5.577893
4.225285
1.029395
6.134712
0.2983783
4.860088
4.045043
0.05048047
-1.15305
4.998572
-1.552759
0.7012536
3.466137
4.941858
1.478122
-2.785423
-0.7247985
0.582995
4.529586
4.577154
6.976908
0.3853501
2.183552
0.7364934
-0.6264763
-0.3512848
5.126934
5.161927
7.5083
4.477602
3.684692
4.969181
4.407317
-1.612571
5.696543
6.127788
4.734223
3.382136
-1.014675
-1.630739
4.613676
0.2752288
4.307968
1.035581
-0.7626931
2.793898
3.612223
4.099564
3.835466
6.896358
-0.1126144
-0.2704133
5.6905
3.676984
4.78141
-0.3962142
0.7441579
5.428545
3.384528
3.608567
5.35789
4.602133
-0.4320501
6.659033
4.390754
-0.2344611
7.440551
6.354254
6.684839
1.699503
-0.01333632
0.3497961
-0.2735722
-1.028389
-0.9204922
1.147949
1.508505
-0.5038315
-1.861128
-0.2684106
-0.01984634
0.809617
6.074433
4.450994
4.856592
4.812316
5.609423
-0.3530134
6.693228
-0.1958146
5.269199
1.445858
5.401372
1.361045
-0.2493107
5.412249
-1.524438
3.971387
-0.1472076
3.815648
0.5879833
0.2234689
5.038688
4.238277
3.281255
3.351309
2.31895
0.3045639
5.041701
1.128681
0.5973521
0.8389053
3.781628
4.102879
5.542792
3.740091
4.689178
-2.415429
0.23664
-0.3052828
4.60956
-0.1238099
-0.4074839
5.100755
-1.687496
0.8237846
-2.091682
4.949481
-1.098551
-2.255632
4.136698
-0.7585987
5.066574
6.151538
-0.516077
-0.6704842
4.53898
6.013624
5.212109
4.693284
0.3038706
5.094181
3.69167
5.06637
-0.7130346
-0.3050808
-0.407567
3.694009
-0.5913635
5.817493
0.2843518
5.973993
5.326732
1.089711
5.650403
-0.2106789
0.4454186
1.035919
6.865881
-0.356364
3.447876
-0.5999325
6.607342
6.078958
5.4878
4.475629
1.049025
0.691303
5.0112
3.80982
-0.1938151
3.702787
-0.5952545
4.691804
4.18035
6.141301
0.8639814
3.937435
-0.2229133
5.712456
-1.037001
0.8484687
0.1721253
-0.5210628
1.324893
10.0849
5.372334
0.5748192
5.545676
-0.1983225
4.325068
-0.04070499
-1.196747
4.910278
6.798316
3.063106
-0.4090236
5.534502
-0.7835216
5.296561
-0.6542843
4.367289
-2.04242
-0.1982421
3.513889
4.297598
5.560451
0.6554159
4.941007
-0.5042296
-1.170905
0.9318724
5.160899
-0.1399454
-0.3973469
-0.4161068
5.80091
1.581157
4.683434
5.731685
0.4101404
5.607124
-0.3298946
4.529123
5.024055
7.617787
1.08328
4.528953
-0.3926931
3.961261
3.834635
-0.4642115
4.593836
-0.6732988
6.918536
4.816544
0.413258
0.2306464
5.543569
0.7606484
5.170164
4.591501
7.213377
7.382307
6.148687
5.355727
-0.3872035
1.117028
3.324518
1.845773
4.320563
-0.9402606
4.956638
4.142339
-0.7971259
1.819115
-1.299804
3.987085
8.980849
6.018383
0.3266063
0.3607242
0.8346887
7.373734
3.685764
6.214037
4.432665
3.887872
-0.5709911
4.536998
-0.2489519
5.338588
-0.3935477
4.348638
3.538881
-0.5302214
-0.4175595
0.2912299
5.940099
0.60707
0.02121155
1.485701
-1.441624
5.252871
-1.508398
4.932416
1.024235
3.647737
-0.5374144
5.518009
0.3915578
0.2313735
5.753281
-1.819493
6.284248
5.511886
0.7583983
4.794259
4.713208
6.676023
1.355292
6.759432
4.437508
4.256755
4.556769
-0.1878951
-0.0840864
-1.824057
5.832507
5.182537
4.804095
6.39744
-0.4885821
-0.6919966
5.686221
6.279951
5.541566
6.733314
4.184937
-1.700867
4.683328
5.492259
3.830771
4.08881
1.743741
5.005961
3.456597
5.411411
3.915689
4.944118
-1.142962
-0.1533511
-1.66306
5.046319
4.540895
6.180708
-0.2878256
5.619749
2.667799
4.667412
-0.2958719
5.260308
0.1906982
1.307797
0.3259237
4.377117
5.761798
5.399398
6.12937
5.375301
5.326834
3.935772
3.241678
4.01024
4.744038
0.1117464
5.278988
0.7653211
2.989577
6.838084
5.157095
4.423614
3.535637
5.044768
5.519297
0.7325516
4.259825
-0.4044472
5.698637
5.073486
4.499211
2.82601
0.5125569
4.732748
-1.984184
7.105009
4.855327
4.817932
0.9780879
4.776759
7.819732
5.520733
0.6588071
-1.307635
0.8121471
6.808044
-0.7570909
4.30597
4.33569
-1.967412
-0.1352042
4.069682
5.056309
0.01893818
5.669936
3.891164
-0.1986595
4.795822
5.806564
5.165003
-1.111609
7.948325
2.879999
-2.905434
-0.4650529
6.495864
4.95338
4.735946
0.6062703
6.561187
0.6436398
4.821021
4.369977
0.7568091
5.045879
7.213615
4.895872
3.031905
6.291685
1.925422
-2.31755
2.872777
5.66841
4.48546
5.573742
5.723155
-0.3825185
-0.9893757
7.05209
5.078805
0.9102206
5.163023
4.245067
4.783637
-0.8811325
-0.05389297
6.118664
3.439088
5.859836
3.977985
3.944274
9.235596
5.381011
2.951983
4.705018
4.60997
7.896499
-0.7149657
5.690939
5.134333
0.156986
0.6498683
0.2052092
4.464154
-1.1032
0.5616512
3.056088
5.816789
0.8736525
-0.9489148
9.5111
6.074463
-0.7453399
-0.8082052
4.918558
5.909063
-1.287039
5.110663
0.6811842
4.126686
9.593599
-0.7163529
4.949235
1.428464
0.7185596
8.074747
5.177299
-2.141409
2.840605
0.3676927
4.962368
4.237133
4.426126
0.6763285
-0.2442231
3.091483
3.734094
5.404796
5.420682
-0.7880861
-2.336448
3.677726
-0.4195516
-0.4160922
-0.374122
4.587056
-1.845221
0.4716512
3.794859
5.353757
4.693618
4.278927
-0.6093429
6.964312
-1.199873
1.678179
-1.722195
6.216117
6.116467
2.687974
4.583434
4.11154
0.05650779
0.5235863
4.381712
4.29288
5.027272
-2.147414
-1.616025
6.531195
1.250921
0.7403661
1.170457
3.410928
-0.2506347
-0.2516183
0.403808
5.70986
3.814543
3.456416
-0.08142228
-0.2864584
4.715598
5.358712
6.267024
-1.239795
4.678046
0.8765559
11.73952
5.046113
4.732965
4.247267
-0.1356125
0.1982009
6.617563
3.328877
6.298375
-1.390499
6.084043
6.325946
-1.051383
5.151763
0.4111854
0.4635168
0.1068493
6.124658
3.484632
7.123085
4.564081
6.219073
0.5618977
5.145751
-1.447578
5.457523
1.952279
5.823856
7.305608
4.878183
4.703362
0.04265468
4.038952
4.598822
0.03647081
5.545601
4.479188
6.232821
-1.548622
5.259429
1.493962
0.2077544
1.506903
-1.066796
-0.1671818
0.5301433
5.055647
-0.9093388
5.828541
0.1752394
5.758405
5.557169
4.95007
5.193537
-1.679186
0.9778703
4.400232
5.565798
6.888523
5.611083
0.5646138
5.007679
3.277746
0.6979214
-0.2122463
-0.105091
0.28625
0.2847794
5.054913
0.08098079
-0.4302754
-1.447492
-0.2405045
5.252302
0.3673412
5.341191
5.801468
-1.272281
5.699763
4.615159
-0.6865092
5.698749
0.5447162
5.349064
4.837353
0.3671455
-0.54312
-0.3392864
0.8808067
4.652002
6.1866
3.881429
5.240379
5.300769
3.804084
2.835562
0.9357642
5.938163
-1.45747
-0.9801365
-0.1696685
1.068044
5.130224
-0.2532066
3.74401
5.070861
1.100471
4.884524
5.898047
0.8401149
5.351877
5.775982
5.040959
1.735849
0.8603962
0.4079569
3.831917
4.828131
4.276296
6.725397
4.191872
0.1731852
7.566996
3.138175
4.410115
0.4515137
6.122969
6.5225
-0.06939578
7.659099
2.220089
3.499032
-1.667984
5.476013
-1.142803
-0.5680988
0.982087
3.086479
2.014837
-1.631872
-1.178207
5.495847
4.70927
0.004894001
1.475699
-0.6574063
-1.027755
5.015698
-1.333463
10.43645
3.74313
6.029185
0.5873572
3.194173
3.828457
4.805794
4.732261
6.270452
6.144645
-1.637922
0.1690161
1.266854
6.824307
4.122769
4.919883
4.631285
0.5554492
5.189449
0.6953416
6.751966
1.258323
-2.929542
0.4955173
0.2989464
3.497402
4.159839
1.805298
0.227781
5.429362
10.44284
4.326362
-2.195727
-1.721802
-0.7590297
6.785664
1.443275
5.395986
1.308132
1.119066
-0.8691585
-0.9671908
5.12432
3.90531
3.519788
5.18705
4.560056
3.837242
-1.368016
0.4192401
6.144097
-1.68322
-0.8267512
2.675438
-0.1250411
0.8604124
5.06437
0.4121136
0.5840488
6.430912
2.421627
4.562424
7.389488
0.481538
7.073545
-0.7670148
6.636727
1.948247
4.903933
5.224374
10.00783
-0.1516385
5.285881
1.423234
0.5135887
-0.1597901
5.631942
6.5383
6.109622
6.34681
4.067568
7.325839
4.943494
-0.6320557
1.433899
1.743003
-1.588117
2.519032
5.445385
3.099012
4.472842
0.04574863
1.987879
-0.9957193
-0.144707
3.160279
-1.070514
0.4752039
1.348808
-1.102123
3.83213
4.249369
5.100121
4.933119
4.879362
3.027509
0.8253156
4.001345
4.494025
2.608186
4.092749
5.302419
6.277947
5.380668
-1.369193
0.01115428
5.777506
4.122035
-0.8161725
5.660208
5.620504
4.648526
-1.29622
-0.4963755
4.854409
-0.4408363
6.824031
1.505131
2.892723
-1.307849
4.861684
0.4085196
-0.7191788
4.522542
0.4959306
-1.685174
5.856871
5.905724
5.235273
0.8453771
5.898512
-0.0401999
-1.377432
4.75743
6.14118
3.359481
6.665901
-0.8600048
-1.387354
-0.487497
4.769807
-0.5294703
5.672125
0.3848929
7.323472
3.954985
3.255721
5.907467
4.995926
5.30276
5.516651
4.751382
4.328271
5.219091
4.416549
2.23583
5.696179
5.72734
5.267119
0.09907786
4.415501
5.791475
4.177502
-1.807278
-0.3017923
4.338422
5.738041
5.043753
1.085675
-0.8318442
5.384451
4.128777
3.455202
1.62129
4.069967
5.917082
1.17545
5.733733
5.669605
4.408242
5.758701
5.637002
-0.2373291
-0.968551
-0.8531399
0.9364673
0.6493042
1.705008
4.983127
5.638461
4.725094
5.281639
-1.078765
-0.3013939
3.570694
-0.4668774
4.49045
7.168025
4.826647
-0.3227552
-0.3004907
-1.045069
5.67578
2.037919
5.458324
-1.191155
3.496016
1.283919
4.507574
0.8498924
5.766534
4.128243
4.867125
4.204339
5.140633
0.03921163
5.092575
-0.49993
7.138743
4.689381
3.628689
0.9633845
8.434912
-0.212402
1.285759
5.501339
10.32233
3.610869
-0.4382726
-0.2091172
0.05886387
6.659859
2.861506
-0.1198444
5.194253
5.133072
-0.4197495
5.868541
3.995282
-1.181744
6.471807
1.379996
9.482297
0.5279843
-0.3901116
7.73496
1.043805
-1.184471
4.368335
5.009238
6.260022
-1.210639
5.682615
5.330186
0.7160384
5.063645
3.467279
0.05551606
8.98665
4.171922
5.905963
3.227909
3.956944
3.615098
4.861569
5.363396
4.533763
-0.5053942
-0.2383102
4.973723
-0.5279812
5.035009
-0.6987869
5.774864
4.443321
0.8104081
5.641109
5.290942
5.6219
-1.669327
-1.113359
3.989545
6.489662
3.952136
-0.3281222
0.5377397
1.125715
5.10769
4.839733
-0.1397002
1.528604
5.101806
4.695045
5.118986
8.009463
5.522264
-1.741273
3.793597
1.35881
3.884655
0.7714352
0.6688764
5.720113
5.087836
6.563134
4.94338
-0.2145461
-0.675153
-1.218311
7.440807
-0.09663705
3.319074
-1.697737
4.323923
4.445483
4.256912
0.08594937
5.798751
0.8985782
4.473199
4.038079
3.960912
1.298132
4.317783
2.012859
4.694028
3.434069
1.051598
3.889106
5.124009
3.994996
4.869823
4.621269
-1.797015
0.4141963
5.191188
5.424293
5.805533
7.822267
0.4450219
0.6967612
5.707968
1.826753
-2.196888
-1.570456
4.767911
0.5883898
3.959182
0.2420155
3.705772
0.3009191
3.26663
2.655382
0.3861377
0.3485583
1.409864
-0.1270631
6.093432
5.002276
7.206165
-0.1997122
5.349307
0.8044651
-0.9798976
5.870863
6.838121
2.316527
8.071461
0.05531367
4.49309
5.195363
4.779139
0.07625601
-1.301012
7.069661
0.9048405
6.212991
-0.788374
9.656057
4.432952
-1.77759
4.520796
8.19417
4.627853
-1.62776
5.849673
0.1731972
4.275283
4.677376
1.705501
-0.1082724
4.284879
5.596173
5.045401
6.764262
1.06694
3.025987
-1.182369
-0.008328108
0.1975706
4.399341
-0.1959962
0.1554506
0.1054516
5.055304
0.1502836
0.2182922
5.489118
3.818475
-0.6125632
-0.02574908
4.288743
-0.635078
-1.558821
6.160794
3.7555
3.858768
5.079451
5.624325
3.243434
5.597289
4.668035
-0.3067404
5.120311
0.5147101
-2.232237
-0.1507181
-0.0405878
0.06862363
5.90804
4.409858
5.38149
-1.079899
0.3125802
0.503775
-0.05878845
0.1359204
4.581861
6.172826
1.056347
3.707163
-1.392831
4.920885
0.6867086
1.193944
-0.8253587
-0.2417329
5.394454
4.619275
4.901874
0.1893278
4.993049
5.574316
6.330464
6.163399
4.813999
5.690861
5.758514
1.187682
-0.7332233
5.812899
7.277706
7.649792
-0.8098552
4.627687
3.271477
4.237916
-1.309849
5.940477
-1.702461
-1.284668
-0.7797892
5.887895
5.783397
4.09606
3.780517
4.80898
1.782644
5.007894
-0.4815325
-2.053536
-1.145417
5.668596
3.401833
3.408018
5.096821
0.1840974
0.520371
-0.9193074
-1.23873
3.253884
-0.4973082
1.315574
0.142618
-0.6286624
-0.1737583
-0.1376742
4.986453
0.3671218
4.328971
-1.684568
4.47388
5.632162
8.083746
-0.01740219
5.083244
5.673595
1.58996
9.009214
6.997751
5.302852
-2.099108
5.560223
8.082103
4.585967
6.929415
5.970858
5.535221
4.1778
1.838807
0.5441756
-0.4314679
5.365971
9.825399
3.768636
-2.089365
4.15139
1.179823
6.988313
5.075699
4.715924
5.494109
4.629045
4.531799
4.376021
5.533176
7.639535
3.973323
7.013443
4.556095
5.641454
-0.1137071
4.967594
10.37288
-0.3972194
4.619226
6.114364
3.666364
6.786091
-0.1957264
11.20032
5.579714
3.288298
6.245027
0.6720011
5.335578
4.891018
0.3902319
-2.131081
5.633526
2.403682
1.142156
-0.1612214
6.552873
5.746475
4.823421
5.256799
5.274968
-0.4028883
0.8926558
-1.378168
1.265842
6.359974
5.650724
3.806472
5.167592
-1.157435
0.6852765
4.303504
4.125565
4.589496
3.838882
3.353342
6.305793
5.88604
1.06744
1.806321
3.498582
6.383188
3.351822
5.30295
1.046637
3.662528
-0.3198195
1.080421
1.108043
2.032283
1.432681
4.160187
5.374636
4.210362
2.811281
0.005620139
4.25733
0.6347558
6.174327
3.208327
6.523304
5.778347
1.271811
0.5244305
-0.7311766
4.305032
0.2793286
4.195532
4.76023
5.389729
1.241363
-0.2424685
5.308566
2.975209
6.380839
-0.05589925
-0.6232742
5.159416
-0.4468231
1.387858
4.878594
1.871263
1.014948
0.847564
4.210643
6.400143
4.710522
4.454114
4.001785
5.230105
5.926128
4.758343
0.4963255
7.705882
-0.6573208
4.925999
5.768129
5.809351
4.342594
-1.139487
5.517435
5.000577
-0.4546513
0.4272916
5.448834
1.567242
-0.5461717
3.790337
5.134323
5.631141
1.491648
4.959
1.568692
3.199447
-0.4392824
2.543185
2.186791
4.649292
5.631078
3.16941
-0.9992347
1.358354
-0.306109
3.924039
0.9340246
1.91376
-0.1586477
4.831596
0.7630607
4.018811
5.028819
-0.293567
5.333194
0.02881121
4.435028
5.075936
6.01136
-0.2193457
-0.126115
4.879069
5.320134
4.483835
5.472206
3.869566
0.6743536
6.458364
1.024219
4.850505
1.139623
4.433812
2.302202
5.466378
0.9937275
1.595818
0.03687999
5.046106
5.296656
4.275823
5.058785
7.196749
-0.1748941
3.15514
-0.3425206
6.009506
0.6619756
9.498935
5.639049
1.570363
4.397007
5.461274
1.439841
1.357035
6.37898
3.879121
6.123431
4.492198
4.087859
5.535408
3.2316
4.6171
-0.9754209
4.834667
5.251454
4.764594
5.690991
4.708523
-1.334957
0.8414322
6.34913
3.216399
5.350443
4.800805
0.3960798
-0.2351555
4.538315
1.435157
0.2964853
0.01257736
4.431731
4.872514
6.165779
5.837712
0.05319674
5.126408
6.970986
5.816063
-0.4584522
5.551304
5.441688
7.004479
0.1415562
-1.10659
-0.5039525
4.89833
3.082604
2.57568
3.452507
2.802654
3.732513
-2.931772
-0.446756
4.231196
4.399909
5.792262
5.131451
-1.086484
3.733353
6.477807
0.1245291
1.050883
0.09472968
5.732094
-1.504048
4.550552
4.828847
0.5061649
4.673006
3.368496
1.265571
5.024566
7.850527
7.914705
4.807143
3.058468
-1.805699
-1.686946
-0.06824293
-0.4540313
3.879736
0.3664979
3.306546
5.877171
-0.7708491
4.792921
0.1016678
0.9806551
0.8422761
6.494031
1.929184
6.631792
1.949289
-0.6496009
4.888549
4.863995
3.968276
0.3786746
6.773414
5.421309
5.276799
5.442363
4.190349
3.721084
4.518006
-1.190478
1.259563
2.593679
5.895016
3.948204
-0.5603348
4.391995
5.605681
1.032241
9.87473
5.186241
-0.7526284
4.024072
4.352967
5.611444
0.2385037
3.962865
4.217008
4.363456
6.134874
6.281233
5.050203
4.257018
4.320168
2.133766
-2.267179
3.810776
1.560264
-1.353388
7.416438
1.788059
0.2452932
4.931503
4.80411
5.370312
0.9156828
0.3966118
0.3475912
-0.7616514
-0.7004167
5.577359
-0.0008839044
5.650917
3.820282
3.95313
1.188575
5.670052
5.84603
-1.233174
4.21843
5.354188
6.247397
5.542547
4.780798
4.549717
4.62508
6.378509
0.2104219
-2.143842
-0.3328642
4.817161
7.137653
4.840619
0.8600275
4.5994
3.680633
7.951955
0.9633497
-0.2693141
4.992255
6.390848
0.622945
4.956644
5.919877
-0.3392373
0.5213087
4.729906
-0.5994037
3.704169
-0.3224527
4.221718
4.98973
4.75659
-0.3444445
-0.1986173
-0.8226037
5.710628
6.082888
-0.1762042
3.742623
-1.566458
0.6541277
4.285134
5.183679
6.415412
5.650509
4.951542
5.166028
4.438368
0.3135195
5.171956
4.416583
5.374774
-0.4614065
-0.7456202
4.354225
-0.2496852
5.37929
0.8064395
5.919116
0.5162897
4.31953
4.67119
0.1762659
-0.1247467
2.334739
3.366945
3.789335
4.571882
-0.5528478
4.555783
-1.533263
3.060981
6.266585
-0.1783957
7.011255
6.157929
-0.03739803
-0.7516282
4.502434
4.90051
4.589252
6.735707
4.725712
4.230197
4.109123
4.405319
1.047595
5.171959
6.396005
0.4457837
5.769097
5.034564
2.890223
-0.2229183
7.020216
4.274341
0.7302768
0.3093861
-0.3260207
6.042675
4.055549
-1.906428
2.055187
1.172467
3.837499
4.144293
4.134412
1.063878
7.234196
4.244275
3.396671
-1.177508
5.872307
1.793065
0.1807671
0.5752232
6.382664
2.748581
2.671864
6.797675
-3.233138
0.6427786
6.573764
-0.6833654
4.228218
5.50945
-0.5814864
4.603604
-1.362211
6.010336
-0.04643407
5.328086
3.83929
0.9050195
-0.9570549
6.173932
2.595206
6.142776
4.432643
1.735123
-0.338114
5.799666
4.825249
5.035887
4.909984
3.731856
8.987361
5.678155
4.06711
4.618267
4.215156
2.10801
3.265241
2.581692
7.226153
-0.1902108
-0.9897664
6.030022
6.383304
1.612443
2.032383
4.649614
4.693946
7.996293
0.2993645
5.566148
6.300982
4.659736
5.285336
-0.01069821
0.415059
-1.121381
4.303145
4.92388
6.681197
4.504548
-0.9898799
5.105367
1.561898
0.772744
-0.9399851
5.424299
6.676046
-1.718405
3.96098
5.570291
1.324973
-2.327111
1.366287
-2.256901
-0.6803036
1.112894
0.5928164
3.936959
5.247743
5.615468
4.18533
0.9625233
4.24214
0.948714
6.11281
-1.403681
6.144226
4.789875
4.980488
6.189782
2.744589
-1.016818
-0.3687294
-2.246286
0.2970228
10.39467
3.295708
0.5086185
6.507201
1.237992
1.181366
3.814964
4.748897
0.04535931
5.658782
5.560535
4.766779
0.2091629
-1.823807
0.8656664
2.093187
7.25546
-0.996717
1.611567
0.2302006
6.454244
5.44351
2.365383
8.610251
4.565273
3.856727
5.941746
-1.055012
0.2802901
5.108172
4.209732
4.797738
-1.228882
4.325144
3.791277
5.131086
5.959994
1.679225
4.941281
6.13326
0.1044894
0.742466
-0.1392076
0.6819723
4.599804
-1.74556
5.252483
-0.6068928
1.0995
5.287916
-0.3974261
6.587983
3.878544
5.866652
6.033317
-0.121157
-0.05801992
4.035804
5.789954
5.40657
5.635922
6.07001
4.467688
1.545593
-0.3396399
5.369983
6.014474
-0.4123157
0.7001747
5.851218
5.593715
7.022718
5.986104
5.151226
7.821215
-2.599607
8.873828
1.401919
-1.5027
3.920785
5.053492
0.159801
4.730135
0.5611706
0.1199622
4.302932
6.434475
0.7544516
5.870137
-0.3906392
6.152005
-0.09768367
-0.5216378
3.35992
-2.190781
3.461832
0.6235913
-1.05748
0.5862918
4.086821
1.471603
-0.2575261
-0.2954882
5.026431
4.463877
6.375851
-0.7047841
1.271907
4.800439
4.331533
3.845322
5.375955
-1.789236
-0.9460533
4.711496
3.03812
5.227312
0.8025219
5.114062
3.87999
6.451811
4.598132
4.129181
4.944812
0.3596376
1.026089
6.845387
5.053347
4.793673
3.832942
6.101817
4.586157
5.728072
1.222719
3.730962
5.735279
5.960922
3.350462
5.467918
-1.325428
0.9263612
5.473331
3.257913
4.936686
5.082826
0.7274404
0.5499303
5.148945
3.854851
-0.09059689
6.821074
-0.8793223
7.212476
5.528382
1.291786
3.918621
0.9581815
8.237917
0.7277986
3.172158
5.023639
4.595194
4.377817
4.150642
-0.5184189
8.20967
-0.0244312
3.976552
4.879227
6.394375
3.501295
4.646959
2.822818
2.487013
1.184858
6.513772
-1.044118
4.21402
5.460803
-0.1812364
4.967927
-0.3650578
5.768621
5.701481
0.4727964
0.4027692
0.6897681
0.8313065
5.79116
5.242623
-0.2562318
-0.2597573
4.202738
5.121724
5.432578
5.002017
4.741978
8.51706
4.299443
0.429173
5.344793
-0.9762275
6.929544
0.06363207
-0.5150706
5.144547
8.532987
4.85725
1.340276
3.622955
9.913049
0.2608092
3.785637
2.316081
4.237057
2.613138
3.320472
-0.988752
3.478721
0.8441934
-0.06930018
7.858381
1.119261
-0.3180733
1.314412
6.72516
0.01206985
4.862913
4.804005
5.209994
0.1879695
0.06909897
4.960867
7.698269
-0.3073637
5.643446
5.132256
-0.4480819
-0.2218034
4.482396
4.259395
0.5020714
7.352339
-2.379561
-0.3614306
0.2772295
4.352593
5.658717
5.19751
5.83554
4.376925
-1.102619
5.29489
-0.2129165
3.45291
3.747248
6.277496
-1.01837
3.999031
-0.1632711
5.210355
-0.3726055
0.4009732
5.067873
3.634943
0.6942443
-0.9243749
-0.01755214
-1.100028
4.599074
5.720209
3.458395
5.682053
4.668342
5.975433
-0.1621191
2.700375
2.33915
5.652775
5.177509
5.482742
5.99129
-1.664551
-1.145206
4.562682
-1.486007
0.05824481
0.434296
4.896771
0.6831298
3.993232
0.5575205
0.05511773
5.801736
5.882589
-0.2585569
0.3626572
6.04943
0.03263056
-0.3926662
3.851296
6.199609
0.9861651
0.4398503
5.936191
1.189739
-1.666242
5.026141
11.73973
3.36905
-0.537091
8.06331
-1.952489
5.421947
-0.8235484
6.036941
5.51982
6.10391
6.610059
4.816354
4.626079
5.052086
3.848087
4.478942
0.2542099
4.755775
5.222745
4.307087
1.630013
5.928595
5.146662
5.359062
6.695524
3.989334
8.833041
5.253965
3.681864
5.023177
-0.5598163
-1.137064
5.27117
-0.5525765
4.502541
6.364878
3.334404
4.188531
6.903045
-0.008647187
4.838182
4.814607
1.456197
0.05037475
1.085896
5.194345
5.898857
5.902727
4.853941
5.077117
4.025565
5.080994
3.002766
-1.066483
5.141488
0.715428
6.040722
-0.8382753
4.909688
5.075452
4.906648
5.23714
0.8763294
2.60325
-1.253499
-0.4329219
-1.07766
0.1083343
4.957533
5.871124
9.454995
5.715051
4.571451
2.613563
5.354042
6.271973
4.402735
-0.06004898
5.234633
6.986643
5.221405
-0.05544675
4.334997
-0.5057952
5.947493
1.668038
-0.9146037
5.842841
4.44922
4.169253
5.7572
5.69908
0.2997283
6.477826
4.684602
4.988835
5.68031
0.1249796
4.132669
5.827224
5.436072
8.400599
-1.420798
4.523473
5.842888
5.232154
7.87735
3.536267
1.231142
0.7989155
3.543228
6.403743
4.259615
5.424924
4.07406
5.059425
4.08751
-2.894863
1.780459
5.646367
-0.6242187
4.456943
5.487152
5.989225
-1.508775
4.475697
3.553613
0.3218354
-1.085829
5.463246
4.390874
4.249501
0.08071935
1.523361
-3.139399
5.660972
4.882707
5.933937
1.02892
-0.6067684
4.019439
5.129265
0.668165
5.685046
5.111085
-0.3323372
2.043686
4.452334
5.640936
-0.740741
-0.2765479
-0.6695203
5.1599
-0.7604632
4.397283
4.086776
-0.3253851
7.393435
2.482463
3.86351
1.582447
-0.6677004
0.09417483
3.726583
3.811586
-1.60631
-0.278585
6.85931
0.828371
5.466034
-0.6414205
2.346871
-0.7307817
4.075884
5.430274
4.205636
3.776884
-0.731684
4.583234
5.366961
0.3191784
0.2052642
1.901555
-0.2450394
4.427946
-1.573091
-1.232233
-2.575783
5.297143
5.345191
-0.1168394
-1.179876
-0.4290853
5.36069
0.5280502
5.598465
-0.9763724
-1.009311
4.645428
6.683432
6.946716
5.324823
0.2710329
6.006003
4.585256
-1.127647
0.5850771
4.742462
4.11778
0.07706786
4.686922
4.977663
3.280647
5.547729
4.730097
5.611116
4.610654
6.137054
4.484374
6.375811
-1.468227
-1.202758
1.351024
6.092789
0.04747221
5.48049
6.710647
5.101505
3.822783
3.2504
4.295337
6.122687
4.143754
-1.161203
-0.1380413
0.4576414
6.369501
6.410185
4.441517
5.600429
5.456154
5.770376
-1.854793
6.547362
0.7727111
5.64342
5.415126
3.958314
5.827036
6.280416
5.192333
1.360879
0.1693765
4.149985
-1.971673
4.931802
1.093071
0.6001065
5.433945
5.284096
5.210736
8.123775
-0.6364439
4.350486
6.993915
4.305461
3.897967
2.54281
1.199638
0.6157724
3.685821
4.059443
3.656416
5.153357
-0.6819983
4.30385
5.213864
6.654008
-0.7887987
6.336102
-0.07968982
0.3457336
0.7831064
4.962498
5.134679
4.611446
4.536571
3.607222
7.304634
4.992222
1.409531
6.444431
5.390799
5.644185
4.657979
-0.3318216
-1.003238
1.533818
4.334064
4.067927
5.593931
6.062394
4.086895
3.319428
-1.135808
-2.024565
6.305625
1.320836
0.6642617
3.792645
0.3260191
-0.2914831
-0.5900657
0.1934648
0.1878753
0.9534539
7.164458
4.371295
4.139743
0.8960316
5.257144
-1.280379
-1.356331
3.983571
4.741845
6.243909
1.071822
-0.07879068
-1.483829
6.009738
6.233546
4.741088
5.536266
4.568835
10.37735
-0.866445
4.557417
4.575836
-0.6550353
6.235407
0.9755866
1.868286
5.751659
3.981123
5.639194
5.699562
-0.6617568
-0.7294929
1.730385
5.936357
5.285097
0.09016345
5.96091
-0.3452457
5.170985
0.8448344
-0.6432512
-0.9628071
0.8920326
5.95525
5.65989
5.939832
0.03981752
3.348626
5.339797
5.455223
6.4041
4.907699
4.968756
4.832095
3.601018
-0.03733395
-0.6356839
7.030971
5.738112
-0.4406276
0.99388
4.257336
-1.486568
-0.06084498
6.464148
5.205072
0.1085839
0.8449791
6.393087
4.193341
-0.05750884
-1.071291
4.538495
-1.250972
4.878159
1.063709
0.5449436
3.34765
5.560368
4.161875
-0.05996427
0.8418165
5.738561
4.160164
-1.873542
0.05090665
4.992714
5.109955
5.014776
0.2391646
0.3502047
3.43602
6.123751
4.534525
7.731965
5.830894
0.7804983
0.02176774
6.697855
0.3632282
6.27692
6.988828
1.320375
5.454913
0.3470044
4.159454
11.9416
1.159039
0.1981078
-0.5241281
-2.094541
0.8383082
0.3133617
1.204146
-0.3983377
-0.3276446
0.5187136
1.842177
1.706664
5.44413
5.688163
5.764971
4.294962
0.07843405
5.89088
-0.125148
3.434142
5.652152
4.599161
1.353991
-0.6845386
0.6906354
1.596297
6.125092
4.668301
4.692976
-0.246044
-0.5855901
4.360207
-0.5868365
0.8818741
-1.790283
4.55394
5.801022
5.03985
-1.301285
6.561299
0.3223369
4.841103
-0.9294318
-0.1583403
-0.4012573
1.901547
3.668921
4.201992
5.472521
-1.351761
-0.1706481
5.062402
6.272647
6.55459
0.8546087
2.806584
-1.108963
-0.859672
-1.097622
0.7607891
0.9053446
5.326597
2.586266
0.2183221
5.125462
4.797523
1.746529
2.684439
-0.07563494
5.970301
0.3759849
5.645608
5.282055
1.039047
3.52159
4.622132
5.584349
5.443195
0.4970242
0.2216175
-0.9207142
-0.2834267
2.737312
4.316802
4.225552
4.796359
0.5921303
4.402746
3.660866
7.391325
-1.482331
5.125843
0.5339966
5.5289
5.427173
0.3329173
-1.480235
3.369969
5.884593
5.43438
5.555312
4.22066
0.173189
3.387436
0.636687
4.703786
6.342608
5.349845
-1.291225
4.205467
6.721233
3.125318
3.955973
4.484054
2.986754
6.389804
0.7831803
5.286999
-1.850863
0.3593901
3.954997
4.014218
-0.707277
-0.1780036
1.111318
5.788848
5.243076
0.5365478
-0.9339851
1.15331
5.449377
-0.8495825
5.059569
5.410783
0.1160372
4.936969
-0.3533129
-1.647198
0.3444528
4.58885
5.503688
-0.6395181
5.008153
-0.9147984
-0.1847913
4.671718
4.586953
0.1956585
5.837156
4.994882
4.898403
6.527348
-0.1376675
1.237897
4.579162
-0.9336576
3.707563
2.64796
7.337221
-0.1369425
5.427834
5.747945
-0.4155457
8.43798
-0.1299825
1.731328
0.380973
-0.3168903
-1.102516
2.920951
0.567707
4.590313
6.83046
5.247139
1.506977
5.196106
5.110304
5.142783
5.363451
7.677054
0.2082829
0.2942489
3.949539
6.653447
-0.02744562
-0.289663
-0.3743597
5.372152
2.098148
5.554056
0.4814815
5.302707
6.031569
2.857344
0.1122318
4.751698
5.453133
3.679888
4.7992
5.081849
-0.7160312
5.313112
2.754097
4.498686
4.812631
-0.7602041
-0.0762502
0.8656089
3.921538
0.2369513
-0.8378523
4.832338
0.02542377
-0.2423155
5.272513
1.353537
5.306935
0.5489856
3.374825
0.08019007
0.02191977
5.781818
7.361484
6.330643
4.854377
-0.3331816
4.255058
-0.003945617
-0.2294465
4.805104
-0.8857423
4.556869
0.6159419
2.29203
5.131721
4.386168
5.180547
4.790507
-1.253308
4.873562
2.178323
4.751613
2.519102
4.533736
4.884774
2.681886
7.633157
-2.102284
4.999667
5.862995
4.265017
7.133479
4.350905
-0.7435246
3.941643
-1.381878
6.00979
3.365487
3.825556
4.789972
4.890538
5.618
4.638474
6.904641
1.150653
-1.244961
-0.4067954
3.439188
8.785448
-2.175942
-1.47347
0.4937365
-0.2196734
4.867504
5.690287
5.58583
5.935067
3.951483
1.07811
4.707886
3.200476
4.97457
5.416303
-0.5141812
-1.878079
5.171473
1.530741
-0.7057708
5.694562
4.280833
-0.1487797
4.828798
4.392281
5.101904
4.603501
-1.076585
6.13337
0.5103865
-0.3338218
3.376113
5.443054
4.504006
4.334322
4.545849
6.855672
7.79009
5.128802
1.510668
0.05915459
4.866151
5.257846
3.670241
1.068317
6.276625
1.171744
3.519469
3.625053
5.754747
-1.516065
0.994336
4.693175
5.402681
4.210817
0.6073732
6.289389
4.949929
-1.447
3.276608
3.853037
-1.401954
0.4893565
5.428083
4.627465
3.25293
-1.273533
-0.3707893
4.371249
6.226761
1.920191
5.714942
3.852661
3.931432
5.100519
4.664426
0.3255625
5.505084
-0.5331438
5.891202
6.180046
0.9568576
-0.1841911
0.3830169
-1.698561
1.802598
0.1504346
5.319912
-1.184332
5.794
-0.5912038
5.159524
4.323903
4.792929
0.1213149
-0.08456112
5.602985
-0.6884281
-1.610593
5.186177
3.885061
5.642349
5.969629
0.37869
-0.8638704
-0.9031603
3.41572
-1.671357
6.214212
0.6471527
-1.0826
4.48909
0.1686879
-1.526507
5.270455
7.365352
2.831951
3.76535
5.375768
3.668325
4.711434
4.704386
4.632813
1.181017
0.7079864
-0.6827274
3.693045
5.608712
5.775906
5.874041
10.12464
1.880909
6.911906
3.338177
5.891493
5.746054
0.381495
3.628481
3.578437
4.892112
9.214383
-0.07252269
0.6316096
10.52463
7.996928
0.009838853
7.19057
0.8042009
6.110374
4.559405
1.989384
5.177723
-0.3451595
4.336786
4.420076
7.6263
6.820515
9.398785
1.333675
0.08377887
10.22064
4.669941
4.985784
8.118346
4.836191
0.7828696
0.7978658
-0.3616019
0.8711904
4.031301
-0.3496359
-0.0396584
6.5467
-0.1917058
3.924491
0.8035173
5.992806
0.8042852
-0.6118565
0.2069138
-0.6551342
4.518739
1.110809
-0.8797512
5.545434
-0.6353256
4.995444
4.615158
-1.874439
5.583921
0.2113025
-0.6218091
0.5051324
4.414017
10.03664
5.218431
0.5736636
4.094005
0.3922284
-0.0107462
3.660777
3.869757
5.219673
1.502354
0.6667249
0.3899376
2.907838
0.3567521
6.99487
4.224929
-1.040751
5.738299
1.104999
0.09843978
5.560094
7.660608
4.001404
5.840772
0.2999594
-2.775032
0.5753842
4.880353
5.027654
6.272276
5.425255
3.869114
5.925321
-0.8904015
7.564283
5.384235
4.879863
-0.2284026
5.13192
5.726248
1.924607
-0.4767217
0.5970525
2.32885
-0.8098135
6.641106
7.537689
3.893877
5.543928
-0.3277735
5.577686
3.56551
0.6416951
5.698473
6.304534
-0.7863374
2.934357
5.402968
-0.599621
3.73126
0.1307886
0.318483
4.37788
-0.05412911
4.615867
4.964347
3.023195
2.863006
0.8688048
7.248682
4.033446
0.6460027
1.324963
0.5810239
2.436621
5.286044
5.789891
0.2334958
4.975115
0.3495893
-0.8365119
-1.339974
4.046709
6.228253
-0.1482753
4.740531
0.3653005
5.692462
4.370536
0.4828107
4.908406
-1.167371
0.1339497
0.8161895
9.570794
4.610368
3.521796
6.062824
6.709745
4.54541
3.344371
4.752435
1.384911
0.885454
4.574593
0.9328775
0.1434652
4.430595
4.328873
6.593485
4.771861
5.114188
4.3194
7.164909
4.39261
-1.083891
6.227831
1.267372
4.611049
0.3575734
-0.03822613
6.170724
5.675247
4.782014
0.02731212
7.027056
6.532232
7.78765
0.2166049
2.213908
2.534683
0.5019129
4.815452
-1.156865
-2.119873
-0.3133962
-1.598361
-0.2989553
3.202364
6.050975
5.001788
4.372347
6.144265
4.288523
3.30789
3.95985
6.023759
-1.313083
-1.472381
5.619916
-0.55173
0.2528002
6.778933
0.3716449
-0.347612
5.298142
0.1966184
0.7022196
0.8658427
3.77788
7.674808
4.998267
-0.3100826
4.962165
0.5683003
3.421261
0.6526543
0.8759631
0.5010649
5.806321
0.7225245
-0.3629385
12.30019
1.012255
3.821137
4.736456
2.0896
-0.2342563
4.330161
0.1039858
-0.1465946
4.306823
-0.7938366
5.354958
-0.151191
3.523266
1.330694
-0.1443112
4.378139
1.092163
5.731833
3.681406
3.322168
-0.5320726
1.557213
4.804444
-0.3049416
4.098731
2.684779
3.483012
-0.04061752
3.316638
1.427311
6.212374
-1.853804
1.186119
5.36954
6.034618
4.743607
5.576007
4.578609
5.685345
-1.128509
-0.05267858
5.390646
-0.4177491
0.9084963
-1.442674
-1.337557
9.249231
3.493355
2.05108
6.826101
4.103873
0.08449661
4.096265
-1.61353
0.922469
0.7430129
5.913463
4.337909
4.356141
4.447388
4.231272
0.2331478
10.9367
0.6729764
5.231165
-1.103413
5.957666
0.701672
5.043373
-0.6573874
0.5707077
5.686064
6.872659
1.209052
6.545196
6.217814
0.6497421
-1.590804
5.026828
5.695019
3.029336
5.359469
6.011198
5.429808
5.37852
-0.220257
-0.3108713
1.591777
0.7166841
4.792961
4.078101
-0.7344842
6.301168
1.390112
3.321929
5.990892
4.906377
5.204272
3.190639
-0.7311424
-0.5835439
4.372981
3.728614
6.008887
4.016914
3.870328
-0.2059349
3.872038
4.456116
5.842158
-0.1298179
5.819148
4.7502
0.7404237
5.21408
5.086897
6.764877
5.502702
6.469417
5.544723
0.6598982
1.097519
9.801831
-0.1337482
4.888139
-0.2645034
0.03531827
6.671094
4.568995
-0.2207915
4.837391
-0.2722618
5.416531
6.542887
7.88357
4.301899
-0.4507575
4.841349
4.783356
5.062067
6.082145
5.782329
4.597172
-0.6052766
0.4439892
-1.439002
-1.048253
4.809081
-1.091284
3.656707
-0.8565398
5.229584
-1.626648
0.3413143
1.802965
-0.1000168
0.4468523
0.9459315
5.549275
4.886694
-1.721655
3.349571
4.470771
4.789918
-0.6757686
5.764914
5.07264
4.679035
-0.7322291
1.402753
4.258687
0.3390388
-1.794648
4.803432
5.168096
-0.9751247
5.377461
4.903845
-1.363997
3.989969
5.338785
-1.316836
-0.8908607
0.3249058
2.27788
5.241668
5.111741
7.7419
5.231491
1.099917
5.520615
-0.2362276
3.662291
5.5654
4.686514
4.373759
2.053983
3.952396
5.952131
-0.027411
-0.531513
5.705362
1.433418
0.1624735
5.635794
3.075671
5.088797
6.741411
2.569818
0.09282011
5.507604
2.34508
6.267966
5.174844
5.668727
5.253501
5.834233
4.820593
-1.162916
3.932113
-0.1919413
3.563726
3.703437
5.278239
4.414001
1.194715
3.747978
4.288456
-2.157474
4.93737
0.5170978
-1.409898
3.06823
-1.450791
-0.1558818
1.189613
4.734496
0.7462453
1.39763
5.968963
4.741469
5.456548
0.708684
4.928888
5.273867
7.227725
-0.2879388
5.19714
4.134212
5.394207
3.698279
6.10337
3.188335
1.337591
5.234902
-0.05292739
0.8188397
3.450323
5.792208
4.781227
-0.4418475
4.187956
0.7785755
0.04747359
-0.7228986
0.4286858
-0.8360957
6.143814
7.040005
-1.369628
5.202272
4.979153
2.5015
0.2714144
9.620588
4.858703
5.854594
-1.105332
4.947447
0.188054
4.209779
-0.0470667
0.1691389
1.005783
5.281413
-0.09981515
4.998189
0.0854661
-1.119738
-0.2234623
5.262139
-0.7750757
5.043369
5.027746
5.134761
-0.5698893
4.669143
0.806408
-1.026685
4.426767
4.319294
-0.4157785
4.106808
1.323263
-0.787396
0.2141747
3.842435
4.423988
-0.7324647
4.500648
-2.004127
0.2908374
-1.476189
5.980404
-0.2270705
5.278955
7.836415
6.281384
4.00281
4.437116
6.241531
5.851578
-0.7063228
3.961748
4.279616
4.628638
3.925432
3.633327
0.03079902
3.739664
5.738796
4.42221
-0.22224
5.893495
2.997842
0.6108851
11.10593
4.302061
5.154654
3.471946
4.71526
4.094195
0.4361248
