0.06288804
2.955352
4.809536
-1.725774
7.273955
5.580605
-0.6571025
0.3269289
7.247569
5.733259
0.2334428
5.571499
0.7211864
0.1200908
3.695516
4.647108
4.228836
1.598605
0.5382411
5.723037
4.311453
-0.2571655
4.37205
3.6809
4.679408
4.846197
-0.5351562
2.005091
5.284263
0.4972748
6.01231
5.699852
0.4390346
5.457282
-0.4853463
5.837373
4.159295
-0.5527872
4.738079
0.8575866
5.342873
9.658475
6.79234
1.134698
0.1104709
0.569985
7.104094
3.759916
-2.984223
5.223666
5.359114
2.981145
2.63147
5.749075
4.211059
0.4975955
5.408282
3.649685
1.875038
5.79557
6.405017
-0.5122764
1.8237
5.898748
4.487372
6.822064
0.008072955
-0.2497112
5.197108
0.6519485
0.1112497
6.175369
4.221956
0.9041087
4.768835
0.09522399
4.203502
0.7304705
5.777767
5.34335
0.5725985
5.500029
-0.2417078
3.95459
5.260941
6.448662
-0.0733237
5.430612
5.138969
4.591914
6.371871
-0.826297
0.8737582
4.909992
-1.087809
5.068648
3.948077
4.722486
0.2106848
6.66635
-1.404804
5.011829
0.3411261
-0.8712166
-0.5073744
3.392269
5.163143
6.382794
5.069799
4.846479
3.788168
4.611077
0.974264
1.350524
-2.751378
0.5873561
4.021018
4.444105
-0.5004073
2.200558
4.131045
5.415906
-1.304541
5.121385
-1.423379
5.654112
-0.7626773
6.650376
0.05766926
3.271485
3.974212
-0.1416402
6.674288
4.253263
0.1968922
5.577862
8.587555
1.876908
-0.3024612
-0.6864999
4.126471
0.5713312
6.046907
-1.60359
1.773699
4.246638
3.801703
5.718101
4.465052
4.693364
-1.710781
0.2641468
0.3247862
5.508112
5.044985
4.739401
4.379966
4.357892
7.410631
6.051905
6.33082
4.708929
1.642644
-1.018631
4.183777
0.1234162
5.54395
0.4138065
5.056159
3.746379
4.565774
3.896558
2.308996
5.392109
-0.5470916
4.716118
-0.7986958
-0.752422
0.5253138
8.175199
1.450503
0.3638693
5.122679
5.916938
-0.7198123
5.350962
5.374969
3.959457
0.7709897
-0.2226327
-0.8267349
6.153358
1.383795
6.335884
2.707254
0.4718377
3.892961
6.125805
7.020668
5.229149
0.9291086
6.159968
6.88836
6.484507
0.7385045
0.1048963
4.106709
3.833877
5.393731
-0.783538
5.333768
-0.5628487
1.399786
4.113216
1.449324
-0.1888153
-0.4395735
6.058355
-0.5877502
6.272526
-0.2898648
0.3692207
4.175403
-1.023112
5.861656
4.216823
5.098515
5.252915
-0.4009065
-2.070079
0.8605068
5.282947
0.7721833
3.611565
4.865578
-0.9694388
3.439543
3.563811
4.578651
5.724935
-0.7173574
2.854559
-1.9006
4.122448
6.237258
-0.7868656
4.790004
2.58245
4.337027
5.836873
5.850075
6.150673
1.371195
3.791498
4.947173
0.1841101
5.7112
5.008646
-1.138644
0.117033
4.769773
5.336657
-0.6852693
6.002939
0.6858603
-1.155299
6.141724
-0.2010163
-1.877932
-0.6280453
7.058647
6.326818
0.1352253
0.9962588
6.631113
-1.763459
0.1646003
6.053644
0.5711661
3.526801
0.3677498
0.7471913
-0.9697431
3.93096
2.486712
4.963005
4.855998
6.857778
5.609399
6.312353
6.350978
0.4240931
1.107937
5.120101
5.837475
6.392509
4.166669
3.972704
-1.787752
0.4856701
6.023811
4.649039
6.986777
4.957812
4.192117
7.182805
6.903909
0.3746746
1.330561
-0.2568316
0.7025404
3.094651
-0.5425198
0.5929482
-0.3111769
5.330234
0.7411752
0.01227004
5.453857
3.039471
2.744909
-1.837281
4.852258
-2.72122
5.511054
0.2757546
-0.8981005
5.680564
3.762368
5.878714
4.354814
-0.1376266
-1.088513
-0.8729274
5.489034
0.8449861
0.4263848
0.265862
-0.2093538
-1.053496
5.433661
4.277678
-0.7412441
6.720128
5.935725
5.240019
4.859856
2.491141
5.352926
4.147594
1.940263
5.581392
5.871939
1.128024
-0.7675553
4.42277
5.842362
-0.08093195
5.94767
5.409885
9.826667
5.251614
3.383467
1.177814
4.98242
5.961752
5.715363
6.705093
4.440192
5.774429
4.512704
0.4026064
5.724399
3.228757
-0.5052823
1.371295
6.607604
0.8984413
4.53749
5.343593
-1.110812
-1.435834
4.491218
4.123271
4.211533
4.764959
-0.3427658
-0.393626
4.074969
5.330551
1.707768
4.988136
0.4285367
5.583262
-0.3310966
4.652116
0.6412717
-2.06978
5.157916
-2.589641
4.873098
6.397341
-0.8161072
-0.2209028
0.6857652
1.228042
3.94473
5.449443
4.481399
-1.530982
-0.7553303
-0.8909623
5.628134
3.586895
5.084082
6.514306
5.913728
1.385509
-0.5907148
5.522828
1.501213
7.559226
3.674626
-0.8808567
3.557345
-1.119942
4.530366
4.539306
4.111293
6.262291
-0.5335846
-1.99103
0.7264755
5.584422
6.246037
-0.7970591
0.9636126
5.777581
-1.451459
4.409987
4.912694
4.93476
4.286085
-0.2972573
1.132822
3.668479
4.739993
-0.3174612
0.1983782
2.868754
4.238975
5.430495
4.463594
5.305864
0.6730716
-1.453734
5.353983
1.172904
1.469076
0.1788879
5.147111
-0.5064037
4.783212
-0.1367714
0.4316945
-0.4992154
4.677268
6.090242
6.430501
-1.090976
4.699902
-1.118682
1.391535
4.934305
4.755484
-0.4696616
4.949449
0.4320458
4.822943
5.386458
5.858352
4.158064
-2.074665
3.726168
0.3676317
3.964984
-0.7713539
0.7193387
-1.232652
6.03771
10.8926
6.304282
0.9808585
3.977871
2.236023
-0.1904356
3.258413
-1.026491
4.205835
0.68784
2.757063
-2.31902
4.429462
0.1612251
5.039224
5.94649
9.195818
0.7231587
1.491325
-0.6422451
0.4139131
7.238315
-0.4839259
-1.080769
-0.3963255
0.6500589
-1.353549
1.019958
1.017048
0.9251328
-0.08236652
3.941556
-1.167239
3.466867
1.103306
8.871314
0.377405
3.772336
5.76864
5.198134
1.08356
5.268396
-0.5232232
3.834773
0.1362251
4.61782
3.996733
-1.982526
5.378175
5.283151
5.309132
0.9982028
0.6005656
-1.125435
-0.9337694
4.508006
6.7335
3.084163
-0.01403607
0.6310451
6.822463
4.041569
6.004303
1.668316
5.22432
-0.7911207
2.630826
0.5825179
-1.596547
5.739639
6.833908
5.604713
-2.014559
2.101907
-3.273005
-0.1215991
1.064543
7.392322
1.450458
6.180105
-0.4489881
-1.860715
4.122703
5.360128
-1.251455
4.279376
-0.06014589
3.494619
4.143478
4.142083
4.011511
0.4020876
-0.8404942
-0.9292444
0.2179783
5.078277
-0.1037763
-1.080416
0.3951217
7.760525
5.074502
5.22346
4.200109
4.147083
-0.1009234
5.904562
6.34799
3.184973
3.667988
6.598236
5.069655
-1.001831
4.649266
6.692238
3.605435
6.023399
-0.180589
4.374609
5.694378
5.061008
-0.1045562
-0.4045679
4.626804
1.812221
0.6620437
0.3282893
3.711342
3.923188
6.172103
6.637706
0.3518246
0.1530519
-0.2913602
5.054271
0.1160789
2.504907
4.649237
0.7505879
6.132453
4.750625
-0.1423942
3.19515
5.840145
3.363489
7.008997
-0.2039456
0.8819855
5.971138
0.2867488
4.003667
-0.5368685
-0.3892041
5.622883
5.851597
4.888456
7.131643
3.368148
5.791392
5.020766
-0.8430484
1.234016
0.2768816
-1.362282
-1.10069
6.539862
4.526631
-2.657982
-2.006695
-0.3513605
0.8245352
5.110426
4.799004
-0.8366251
4.642174
0.2378647
5.51848
4.220932
4.756
4.297844
0.08915354
6.69898
-1.54281
5.282741
0.8587016
0.9625024
5.773821
0.5683454
0.477879
0.7051465
5.774585
5.228557
0.3196612
-1.493793
5.453743
4.204366
3.630378
0.7117382
-1.675058
5.345299
1.968688
2.920031
4.471839
5.247975
5.334344
4.115735
4.124438
4.716647
4.327862
5.372218
0.7170874
3.921043
3.001512
3.434785
5.797126
6.680015
0.5881325
6.204647
0.9526794
4.316022
0.3752097
5.892957
0.3822216
0.5212184
-0.6990534
4.670156
6.651132
5.844384
3.929407
4.296509
4.878366
1.420071
1.466799
4.98664
5.228567
4.922684
4.771977
2.53757
0.7448837
0.7024115
-0.2154297
1.497578
0.1511614
-0.6887803
0.3680661
4.934283
7.652347
3.721669
3.945808
6.947722
0.3729379
6.666208
5.954945
5.185523
0.7634491
-0.4147369
5.583741
0.2609008
4.916624
1.484995
6.09818
-0.6422625
3.956835
5.680845
7.978467
1.107891
-0.6870014
-1.255378
5.68404
-0.9758192
5.551592
3.774917
4.050509
5.245732
4.131867
5.576081
4.070281
0.04219054
2.102544
-1.098318
5.259051
4.232681
6.666581
3.706881
0.3244972
-0.3851872
4.981858
6.093088
5.434093
5.302415
4.552148
-0.02191692
-0.7241379
4.124809
5.241716
7.740671
6.354526
4.836944
-2.296395
0.4674079
4.267672
4.509164
4.409262
-0.03035344
4.231095
-0.6828136
0.3139069
1.61811
5.705489
3.421348
0.702597
0.6697183
-2.438379
-1.803718
-0.3223658
0.1963463
-0.7545732
6.636127
5.01891
1.587839
0.5437405
0.2439388
1.049982
1.461958
6.034656
6.135049
-0.08946819
4.755225
0.1188417
-0.2082179
5.196099
0.4300425
4.244687
5.540443
1.309937
-0.01658467
-1.283925
6.747964
6.236521
4.485756
4.30173
0.6131903
-0.9355866
0.07053099
4.558116
-2.1298
4.647334
-0.8758205
4.376316
5.005516
3.867088
4.838558
6.059494
-1.983281
0.3891709
2.919322
5.034237
6.113136
0.1117847
0.72293
0.3295325
3.575421
-1.447379
-0.2003293
5.743943
0.297018
0.8688181
5.711713
5.884362
4.384829
2.793627
7.267542
3.250591
5.3588
6.140276
4.90819
2.757766
6.631682
4.843832
5.046366
3.910867
1.081452
4.715794
7.721771
5.812802
-0.5540761
3.268283
0.5065233
5.667035
5.064933
3.826377
4.821931
4.496044
5.583993
5.920133
4.396169
4.991165
-1.755047
6.465506
4.779954
5.398906
4.427146
4.63627
1.177288
-2.190479
5.322411
6.199399
2.118026
4.641002
6.824571
-0.1432899
1.048192
6.210425
4.421322
4.44448
0.3448355
1.475763
4.099358
5.561761
-0.3651519
4.970323
5.051496
-0.8804137
4.262675
-0.4556793
4.951793
-1.418146
0.6768125
-0.4143657
-0.1662754
2.54336
5.622996
2.850508
5.803013
4.690747
3.588329
-1.74506
0.2186184
3.590647
0.3769277
6.368945
3.921445
-0.8211225
6.278255
1.118516
3.970823
4.708872
-0.3718047
-2.041514
5.502801
4.805143
5.048863
4.968882
0.5862034
-0.5176502
0.2024472
3.217036
-0.7037268
0.1272778
4.646496
6.064109
3.83934
-1.026367
5.633321
5.137362
6.312716
8.473687
-0.9421674
3.702548
6.150018
0.06598942
5.341343
1.081673
-1.10346
4.931304
5.11554
7.279076
5.449797
1.653919
5.486066
-0.3509324
1.458168
1.013654
-1.913813
5.364355
4.889713
4.199464
-0.439455
1.589335
4.048616
4.229316
-0.4303207
6.126298
0.02361585
5.230259
-1.421557
1.262244
6.600712
1.476505
2.716287
4.900382
3.762387
0.591761
6.153734
-0.926741
3.865648
-0.4966874
0.9442338
5.294175
3.614091
0.8681537
-0.3845112
1.111611
-2.171654
0.3382472
3.964462
1.030174
0.08237925
-0.5903367
5.63823
5.231217
4.636399
0.4835435
3.745975
-0.1296396
0.5979023
6.07433
5.800942
-1.17924
-0.8799879
2.988979
4.841167
4.294356
-0.7294541
5.80681
4.42771
5.247588
6.91884
6.014405
0.07151257
2.511184
4.903651
5.42333
5.327501
4.983631
2.223197
1.799514
3.4555
4.445834
4.528181
4.744954
5.538347
0.5970349
1.289705
3.332717
-0.1253076
3.545909
9.020095
6.893916
-0.1834383
0.904594
-0.0773955
0.3833424
6.613006
5.882906
0.9875294
7.437878
-1.132917
-0.3234201
6.160078
3.356252
4.858334
4.327964
5.05251
4.14697
-0.4404653
4.325509
4.692762
0.3988728
5.087134
-0.8248048
3.812564
4.284184
-0.5657048
4.871283
6.118677
4.286533
1.849164
-1.251074
1.42063
4.959226
4.37333
6.047009
5.556016
3.29264
5.759173
5.936486
5.670615
5.416037
3.449642
3.143261
4.923454
0.6456121
4.908349
2.247777
-1.701576
0.6835936
1.8067
-0.4985979
0.4786706
0.07936855
7.949561
1.24148
4.27732
5.11394
8.66096
-0.6450588
5.718197
4.308293
11.52077
5.306514
3.343818
1.347478
6.624683
5.716509
0.5384487
4.928185
5.084685
2.478181
-1.932181
4.527358
5.332209
5.925115
4.783343
5.01444
6.761167
1.268925
3.237974
0.05479821
-1.379886
3.863985
5.412762
-0.2973502
0.8235985
2.990101
6.607901
5.769269
5.005175
6.424836
8.553148
5.200119
0.1383926
4.63108
6.439838
4.814335
5.029259
-0.6306954
6.869402
10.18678
-0.9146713
0.5223867
7.197697
2.274416
0.9000899
-1.320413
5.2489
3.809131
10.5266
3.6171
3.885032
5.692732
5.714626
5.073247
0.772576
0.6776478
4.724152
4.931374
3.545485
6.158613
1.090207
5.458604
3.710517
-2.082555
-1.102017
3.723864
2.502102
3.930523
5.701258
3.531916
4.864221
7.010028
-0.4198832
-0.6149657
5.447699
0.0268882
3.967923
5.590692
4.569295
-0.0751195
-0.5680605
3.300166
0.8783291
4.62828
1.954005
6.936353
6.075404
4.404078
-1.782848
0.04689835
0.3097142
4.736172
5.738155
0.7617582
8.668737
6.706002
4.149041
0.7946443
0.2414825
-0.590885
6.670782
4.784943
0.3877221
4.735363
5.206897
5.398305
0.5538024
5.450337
5.334576
-2.65581
5.941035
5.181188
4.776777
3.681479
-1.460181
3.802812
0.2176101
4.214436
4.843549
1.319369
5.318295
0.6939797
0.4450876
0.6611918
7.796376
10.7467
3.920355
4.516506
4.727781
-0.1318872
4.303161
-2.363522
-0.8294589
4.126552
-0.1412664
0.804426
7.021886
5.090928
-0.2807861
4.266934
0.03845769
5.713439
5.125762
4.457982
6.128928
5.5735
4.128585
2.09635
4.292338
4.558648
0.9959568
3.956617
4.777685
5.641976
-0.1961908
5.554909
5.645253
0.4050972
5.244826
5.603546
4.485706
1.93948
3.767525
1.436701
5.218239
5.422437
7.258823
5.588065
-0.9076724
12.86038
4.654464
0.4578702
-0.5954024
4.674508
-0.7506364
-0.3054757
9.8481
-1.27792
6.173549
5.215942
2.753808
3.830068
3.740912
3.105811
1.725937
5.213466
0.4972886
6.399241
7.270323
5.038984
3.831813
4.703328
-0.5732434
0.7595771
6.33518
3.764139
1.066471
5.593206
-1.532898
6.412596
4.260249
5.773089
-0.6484752
1.038129
3.333496
3.803882
5.459392
4.231498
4.892992
5.678572
5.611649
1.543793
0.1011632
4.77961
4.40366
4.996154
5.909119
8.239634
3.785218
4.298115
4.571779
1.022166
6.026172
0.2704553
-1.577635
0.3368043
3.42132
5.17512
-0.1144819
5.855123
6.711438
-0.1276749
2.028235
5.842397
1.298207
3.804803
3.885968
2.881083
7.935273
5.278887
4.380767
-0.678996
4.488024
3.790135
0.1532932
9.112741
0.5344632
3.798983
-1.690662
5.510906
-0.4407961
0.1773549
7.074359
0.1240336
3.622056
0.4813986
0.5216472
-1.977022
5.125419
4.084086
-0.6571548
4.467192
4.991487
4.51172
-1.122192
5.674534
5.615679
0.7872269
4.765817
4.918103
-0.770461
4.368048
0.7779391
5.058164
5.520023
-0.1897961
3.502396
4.064941
-0.5566737
2.299847
6.622946
10.26369
4.069988
4.682051
-1.558396
0.3211263
5.30357
4.702758
5.132345
2.960768
4.944945
5.385891
3.271347
4.397134
4.789665
-0.2548767
-0.9903308
5.796211
5.402771
-0.7436452
5.401698
-0.664034
4.484278
1.248537
5.296805
-0.9779584
0.481246
1.697203
-0.6506688
-0.7231529
0.4628476
1.488999
-1.364067
5.093691
5.2544
0.08286208
5.574173
5.310032
5.767258
3.434791
0.8290568
0.5156404
6.83195
-0.2818364
0.5248967
6.048759
1.52484
0.7616045
2.311418
7.260912
-0.0601154
4.347362
0.7225568
-0.6876252
5.077885
6.623858
3.021536
4.020303
0.3997369
0.4566504
5.416702
1.604897
-0.4713931
4.215313
3.679972
0.3868118
-0.4630991
4.961256
-1.193642
1.224231
5.891329
4.735453
6.54759
8.965686
0.2466271
0.5096558
0.9692973
4.869799
5.401366
5.615085
8.18553
0.7175425
4.283322
4.557816
4.276613
0.7406542
5.322846
4.743764
-0.37375
-0.1760463
0.07251637
4.475394
0.551748
4.569487
5.434487
3.948652
3.59406
3.480397
5.855674
5.178275
1.521519
4.570585
4.507857
6.317317
2.763057
2.173718
5.493454
2.522552
0.7639369
-3.546187
0.7948232
4.196607
-0.4789366
4.962662
5.884624
1.148022
5.493176
-0.7669838
3.763753
4.565744
-0.08511599
0.7353554
5.766438
-1.78376
4.286416
0.7358866
0.4911384
5.359789
-1.065162
1.634128
0.231633
-1.470475
6.10398
4.861937
4.915134
0.02651618
5.102146
1.012457
4.738974
4.932202
0.5656354
5.350595
-0.4850396
-0.9323871
3.60237
5.49936
0.1188736
2.959012
5.851556
5.125871
0.9256279
-0.09012029
5.014739
5.727162
4.883696
-0.2054492
1.515106
6.338576
-2.826162
5.692254
-1.559899
5.452489
6.537102
-0.1300062
-1.788181
0.6837081
1.076807
6.135619
1.205575
-1.780602
4.752631
5.070947
0.04999389
6.449524
4.754074
6.610726
4.414947
6.399414
5.747004
7.488295
-0.5906642
9.378436
0.325986
-0.4410884
5.175421
6.092743
-0.3804463
7.052051
0.0851698
-0.914741
4.049562
-0.2116922
-1.083447
6.763795
6.33638
-0.1591627
-0.6956456
1.677903
-0.8281899
5.019459
6.004454
-0.5104596
4.673186
0.7620057
3.487891
3.813371
0.6344988
1.806007
0.07535458
6.673259
3.058378
4.212839
5.608884
5.185561
1.43185
0.7595922
6.206795
-0.2174089
10.53965
4.229114
0.5527882
4.036844
3.9818
4.465216
3.840077
4.995917
3.007321
5.226346
1.696885
-0.2368009
4.808538
4.567332
-1.179351
1.061289
4.293822
4.466321
5.310798
5.493644
3.561677
-0.3946401
4.543824
-0.1219613
4.816469
-1.208067
4.380535
-1.214983
1.202493
-0.02354042
4.600035
4.690903
-0.05870256
5.437541
5.650968
2.768411
4.093814
0.7305411
3.845708
3.356764
1.482211
0.4595112
1.789197
1.693685
4.560768
8.196571
0.4337741
1.782805
-1.445144
4.029172
-1.574056
4.130983
5.838669
0.5500167
0.2937252
3.682644
7.327283
8.082177
0.4062887
6.124325
-1.640727
2.673806
8.360747
1.311745
1.323605
6.387724
-0.2105342
-1.14109
4.576765
4.619858
3.794249
0.5500283
-0.4558467
4.490486
1.536217
3.881057
0.0606464
9.16547
-0.699242
-0.9273789
4.452433
0.3555829
5.669125
-0.9132017
6.171903
3.402534
0.05845977
5.576436
2.917247
3.680114
4.966111
6.744585
5.430178
6.243165
-1.850714
1.918733
4.323073
4.791332
5.481281
0.4331293
-1.086283
5.150004
-0.4769919
-0.9416675
3.99192
4.333109
0.3171501
-0.0846104
0.3368221
-0.4929689
-0.2666213
0.00561671
-1.50929
0.585191
4.814417
6.905737
0.8074979
6.305247
7.413667
0.3862326
4.377831
5.086975
5.682627
0.8511824
6.361209
10.42161
10.15056
-0.3472771
5.953692
4.998308
0.4399991
5.834526
3.724854
0.4573264
0.6896635
-1.245016
1.496171
-0.8125353
0.07801057
5.57741
13.64587
-0.6316462
6.717972
4.694706
3.06075
9.184073
7.548079
0.5307433
6.362526
4.108658
-1.370216
6.444849
5.105087
7.643332
4.531794
3.572493
4.268305
3.735464
4.415727
1.066434
0.01403171
4.29104
3.000293
-0.07084305
5.73227
-0.7994096
-0.1880748
4.850311
3.489712
4.217765
0.6879889
-0.3388555
6.254671
7.159372
4.53847
6.272056
5.182986
5.668195
5.419159
5.354037
0.876187
-0.4793251
0.01865077
-0.4562642
-0.4959184
0.3657301
-1.357556
1.16045
-1.42862
-1.301056
8.802259
-0.5340059
9.782179
3.633205
5.641448
1.118109
3.13711
3.46533
-1.364088
0.08404169
5.424788
5.82348
4.332893
6.202584
4.990271
4.108275
3.640409
5.925238
-0.2009066
0.5736531
4.398224
-0.1856832
4.671009
0.7643556
5.103861
-0.5812803
5.319236
-0.4526776
6.155708
-0.1150499
5.277234
-0.1146118
0.7635562
5.180814
3.850518
5.134834
4.513439
1.302868
0.8167035
0.6790596
5.763919
-0.05000445
-0.9156738
5.52172
6.149812
3.781742
3.852447
3.945438
-0.1554348
3.211325
4.99158
3.608358
7.421079
5.251145
1.506195
-0.3692919
-0.3826095
2.088199
5.695099
0.4436345
4.314027
4.968258
5.102985
5.763248
4.799354
-0.5648547
-0.478447
5.200709
3.791403
5.339583
5.282322
-0.4847461
0.02462048
5.273153
6.615351
6.258903
6.835397
0.6856586
3.679893
4.848309
5.493405
0.8844136
5.78281
-1.508622
-0.8272753
-0.3511328
-0.1656333
5.382162
5.233293
6.261099
4.333512
7.052819
2.991961
-0.2771387
4.910827
4.874389
3.260832
0.1288253
-1.256008
4.574009
5.077861
4.847263
-0.7022304
6.545019
0.3256336
6.761331
5.644373
-0.4838063
4.985345
-0.4097041
-0.02992571
0.7110783
0.8010009
5.992035
0.06655642
3.41135
5.867449
5.173424
5.557707
5.835239
4.029145
5.838384
-2.515685
2.210904
6.103747
0.6991196
0.964558
-0.9181279
8.211265
-0.9136911
5.30728
0.9003782
4.906778
4.505287
5.008
3.193157
4.864675
5.590842
11.27795
6.444862
4.763438
3.732706
4.284448
-0.8777325
4.17691
4.756399
-0.109324
1.407311
6.54015
6.788499
-0.6945301
-1.008648
4.927631
4.77184
4.003463
0.09608422
6.530521
4.718694
-0.1312904
6.891897
-0.7994258
-0.4627477
1.397218
7.153217
0.03207122
-1.276952
0.5191468
5.514371
-0.2327937
-0.3108853
-0.01294361
-0.405856
0.9162158
5.308633
-0.02049099
4.212326
1.265513
3.124305
4.880436
5.226996
3.397604
6.081096
5.478655
4.550149
5.368873
-2.495975
4.857337
4.13526
4.188917
4.95867
5.167206
3.4986
5.347099
-0.5666322
-0.4507294
4.406519
7.734804
0.8934475
3.316895
1.944846
4.542579
4.40463
-2.112927
4.77345
6.810501
0.9928626
3.741122
4.412223
4.692531
5.724552
5.060252
5.546908
3.956764
-0.4145822
0.8081475
6.136841
4.820447
2.938379
0.6317811
-0.917906
4.927477
4.141855
9.906378
7.449559
6.572901
6.193736
5.895943
-0.03694388
4.440135
2.552058
5.639381
0.3670938
2.121241
1.464887
5.125174
0.5137849
-0.7819119
-0.7260402
0.432207
4.264554
4.351773
4.266522
4.46276
0.3056093
4.834878
0.5058245
5.220376
3.180243
-0.2972656
4.984084
3.743463
-0.5258542
0.5017859
5.313949
5.918092
4.042671
5.47299
-2.149393
0.5953972
4.575905
4.697464
0.06632769
-0.1161753
1.629594
0.5996586
-0.09307123
7.633183
0.3479746
0.6798309
4.778947
-0.3270924
3.934969
7.011885
5.122653
-1.233724
9.092033
-1.152194
-1.317623
5.64773
3.117777
0.7076519
8.488854
4.051483
4.325569
1.012655
-0.1254316
-1.873773
5.942668
0.5878988
5.560225
5.293875
3.844867
4.27113
-0.4972812
5.706883
4.459121
4.397996
9.667313
-1.01026
5.971792
5.173256
5.093863
-1.122319
-1.839822
5.04852
-0.1416348
4.680718
6.834441
3.162737
8.711376
6.836821
6.76602
-1.037746
1.834926
3.457738
7.888361
-0.2790511
1.443357
0.8917251
5.514137
-0.02456846
0.4267705
4.13871
4.16048
0.1485481
4.995107
5.358234
4.477897
6.412683
0.187994
0.140265
1.242843
3.940362
6.099326
-0.8644664
-1.576714
9.373903
4.973939
4.838907
-0.03361522
-0.5831773
5.650752
6.20698
4.320668
3.713276
-0.094452
-1.664242
4.545039
3.712056
0.7643776
2.766416
5.764888
2.338601
5.729485
-1.032452
4.227806
5.076146
5.496819
-0.08649996
-1.216702
3.581386
5.490959
0.03739389
-0.8970774
2.804772
0.5519657
5.114644
5.801477
0.7824982
3.510596
4.306572
6.066889
0.4061682
1.125183
-0.1130981
6.294643
-1.914399
0.7385698
2.81881
-1.084122
-0.4016148
6.488485
-0.163657
5.052919
5.842102
6.325101
3.439619
0.2359784
-1.338492
5.184166
5.092483
4.375349
-0.5993649
-0.6767021
4.655385
3.287991
9.828092
-0.4730459
5.520357
6.028891
4.528869
6.256582
5.465816
4.983094
5.367616
6.324248
5.32544
5.348996
5.527677
6.144733
3.364586
4.1414
-0.7370502
9.801234
-0.4911582
5.797679
5.546153
4.382232
5.052599
4.144705
5.449649
-0.1493534
-1.148554
4.638033
0.5271702
5.003458
5.041402
-2.349726
5.65317
4.658876
5.807053
3.183142
2.240649
6.392226
-1.717666
-1.571283
0.5175129
-0.8408086
7.333124
2.146696
6.927777
0.559871
4.705925
5.460392
4.343115
8.6272
-1.078086
5.339724
3.20807
3.230687
5.705439
7.231404
-0.6965976
0.9241375
5.287142
4.505185
1.361696
3.606183
0.7068412
0.4227591
1.094133
0.3393172
-1.026076
4.839999
-0.2245935
3.20062
5.316132
4.943585
5.971781
6.275305
0.06190522
2.447581
5.932053
6.261253
-0.1160338
5.864781
5.326081
4.605318
-0.5034354
5.155855
5.458287
4.092159
3.628935
3.142923
2.345571
1.048415
0.9156102
3.614896
5.725567
6.357256
1.56972
1.841226
4.168136
6.192741
3.438285
1.002505
6.076383
-0.7250515
0.9027854
4.729881
4.870727
1.793657
5.692794
4.288088
6.066715
-0.1990778
3.236949
5.164314
4.775647
6.024121
4.132686
6.870349
0.3249223
0.5342887
0.07902747
-0.538381
-1.148483
0.3010225
-1.581196
0.1012441
1.400838
6.023626
5.343855
5.744346
2.693812
6.579056
0.389075
-0.780359
4.182772
0.2315703
1.145112
5.860079
0.6016781
5.159214
0.2066367
2.619227
-1.849592
5.376189
-0.09974608
0.1024389
0.8027182
-0.7210597
-0.150109
2.745864
0.3614348
-0.5590533
6.631223
5.118651
4.369579
6.840924
5.693173
-0.0847557
0.6301312
2.036646
3.736341
0.4988909
5.061714
-1.067545
0.932194
4.827581
4.891713
0.3385722
1.828774
0.302461
6.153041
5.937654
4.863815
-0.4129256
0.5386229
4.076848
3.969729
-0.05608988
4.563202
6.296536
5.480448
2.418225
6.311612
6.185048
5.915329
-0.4043931
5.126625
9.269077
1.410695
4.973379
4.692814
0.4561478
4.336901
7.321298
5.076332
5.96857
4.437261
6.972819
0.8630763
-0.3729624
-0.4793555
4.000692
-3.164934
2.98766
4.82348
0.2474348
-0.5449446
3.668124
1.525279
0.9641246
4.811424
4.153065
7.952813
3.281656
0.03230046
4.440798
5.384645
7.238474
5.457404
5.522756
0.2828993
-0.2107811
1.29347
5.756468
5.483602
6.298411
5.282472
5.357546
5.348538
4.001779
-0.06810026
4.376475
4.892891
5.689545
0.9580887
5.982108
-2.322511
3.496474
-0.4753892
1.320971
-0.7850478
5.11853
-0.7876062
6.203668
5.136242
5.611395
0.399426
1.233445
5.014688
6.659136
3.642055
4.682228
0.2184014
10.77178
-0.0630867
4.362432
4.72004
4.112938
6.784615
5.120767
-1.012631
5.80487
6.291413
4.924051
5.251664
4.949213
3.403217
5.443147
9.014914
8.813091
5.011073
5.242458
5.771864
2.311697
1.204926
-0.7957416
6.135341
-0.0179567
-0.8684026
5.113477
1.114666
4.076619
-2.129347
3.363574
4.684936
2.71711
4.586535
5.283687
4.851007
5.458371
6.577456
7.415943
0.8076159
7.80897
5.43535
-0.1314369
-0.6948363
-0.3132826
3.832225
6.105363
4.162399
-1.900496
5.739575
5.076891
2.943555
4.844285
0.7988194
1.464567
5.09463
3.211344
3.805317
6.730838
1.294733
5.35895
1.380597
3.873968
4.841485
3.689678
4.17994
5.490922
4.842645
-0.4272074
4.826861
4.175277
4.736744
1.467079
6.009188
-1.246362
5.568731
5.198638
0.1251067
0.6669418
-0.005918235
9.712128
6.184705
4.660949
4.914168
5.801447
3.354808
5.387755
0.3297083
4.376694
6.10711
4.40487
4.867678
6.593387
-0.09610597
7.189856
0.6114581
1.335811
6.237819
2.43253
4.974145
0.8363213
-1.478914
3.741913
4.778749
5.270438
0.2563694
4.873052
5.109142
2.876208
-0.2383498
-0.4070585
-1.058332
3.850186
0.4290538
1.254195
6.900314
-1.56818
-0.9434115
5.635296
5.12938
5.617209
-1.496643
3.241339
4.80135
-0.6576988
6.068529
6.88999
5.091808
1.378674
6.427327
0.8901076
-0.08334199
1.245343
0.9549346
-1.30729
5.844602
4.167028
1.833456
4.851362
1.966338
10.68785
5.070922
4.010974
5.112985
-0.1538966
6.263383
-0.8425786
0.1689557
5.590223
5.895168
3.780431
6.695857
5.984559
-1.333223
6.917029
5.542078
4.731809
5.973482
3.363933
5.62218
3.317667
-3.226209
6.151541
4.369861
-1.861956
-0.3079214
4.576831
5.561758
3.304426
5.634154
0.5276453
-0.3025037
0.6004365
5.388817
1.924447
5.184025
4.532704
5.573439
0.7338834
0.3337637
-0.8344283
0.5431209
4.421093
1.212184
5.086899
4.231932
8.269462
1.418023
-0.3005612
6.647409
5.059585
4.425369
-1.293561
-0.4223682
0.164775
7.161036
1.287299
6.166704
2.540042
4.744811
6.508672
-0.6618162
3.984994
4.352798
5.785975
3.002603
0.6028328
6.10941
0.5519431
5.692515
5.435801
3.066665
0.2771159
4.578699
4.914124
0.5515318
4.459023
3.182273
5.444425
-0.1706894
5.173369
0.3855787
4.691274
1.608147
5.610323
6.307075
5.824216
5.618154
3.355253
5.486577
4.769516
5.332355
6.176836
0.01008589
6.136178
-0.181449
-0.4922887
5.786377
4.692024
5.948973
6.505219
5.937231
1.303705
1.333547
4.490388
9.384184
1.014839
5.490689
5.036676
-1.253886
5.173399
2.202713
4.558081
6.454957
5.411517
6.355462
0.5634999
4.406122
-0.1427413
-0.8844453
0.1441769
5.556699
-0.4688266
0.1017234
4.996953
1.044028
9.145746
5.909146
-0.6584062
5.52931
5.952034
5.036757
1.900301
4.321805
-1.302264
-0.9060785
6.233687
3.237811
5.380421
-0.7465136
5.896482
2.984593
5.0124
6.146708
4.354504
-2.386454
5.181781
0.03999123
-1.366613
6.190872
-1.465589
4.696436
-0.6442743
-1.290904
5.632418
-1.234603
4.849791
5.041766
-1.145367
4.718288
-0.6116558
4.711747
1.20005
-0.7270527
5.3521
7.817208
1.449908
4.525375
5.329508
-0.3924207
3.851621
3.7328
5.085477
4.48413
5.195782
4.080523
4.322945
0.593064
5.289297
-1.090868
4.893012
5.310594
6.87403
-1.42583
0.3377124
5.683912
-0.5212435
0.4649996
4.370274
3.603009
1.153911
6.395822
4.710703
3.747104
1.046417
-0.4647928
-1.419937
0.4004381
1.387277
4.292374
0.1068618
5.961113
6.508219
-0.7595624
5.145215
6.925011
4.759565
4.17513
6.050616
4.669406
5.277186
4.598447
-0.7376289
3.904127
0.001660296
6.404792
0.3028571
0.1289084
6.478117
5.393378
5.551185
0.2872676
-0.8226736
5.073512
5.464007
-1.076844
1.465223
4.227305
5.32382
4.446438
5.396039
4.580972
4.579155
5.485584
1.324189
0.1356042
3.474975
3.263977
1.229532
-1.044709
4.769535
0.4211381
5.4841
3.506439
0.3491568
5.122297
3.874837
5.761457
-0.397435
5.204596
5.065513
4.121389
0.5822856
4.616602
9.300184
-0.9348641
6.519051
-0.4951774
5.759173
8.211879
-0.9233133
-1.318998
5.56631
4.300157
-0.2106827
0.784251
0.3395068
0.8668529
0.7537547
0.8830375
-1.251661
-0.4505583
-1.045978
0.9233225
4.23216
4.587505
5.157584
6.472965
3.98359
4.273147
0.8581448
-0.6183335
1.398571
6.338743
4.426655
5.043648
4.452921
4.072273
2.95807
2.395434
4.801989
0.507082
4.355903
5.070371
-0.5821945
5.040856
-1.935696
0.4766227
4.126509
5.481237
0.3682111
5.169551
5.673215
2.451535
4.154998
4.588331
5.736884
-0.7943116
-2.213657
-1.405669
3.785851
4.656147
-0.4679525
4.389167
0.6558994
0.9005361
3.414597
4.768389
6.414876
-0.6437919
3.161644
0.02999726
5.196538
5.256997
6.052751
5.392425
-0.05834985
0.2924097
4.813775
4.2452
5.980309
5.994064
5.80774
5.821761
-0.5898678
5.764442
3.776224
0.657475
6.599501
4.860824
0.9531655
4.264536
5.402304
5.983098
0.01858655
5.525461
3.598116
-0.5485314
4.603916
5.796589
5.296426
2.711358
5.853062
2.022272
0.8704288
-0.5655806
6.771448
5.806293
-0.5758108
3.15153
0.8262033
3.955118
4.780954
0.8536494
4.286477
-1.801729
3.951469
2.96015
6.011159
6.615012
6.092653
5.124727
0.9258057
3.890126
-0.03824358
0.3402278
4.453289
-0.07611893
4.812672
4.934266
6.656075
-1.946605
0.3358084
-0.5164608
0.0991576
-1.124664
0.832503
4.16811
4.848462
-0.3749387
-0.002973869
5.648649
3.705171
5.704578
4.278623
5.19996
5.743781
6.136864
1.849118
0.4836588
5.23693
0.7609874
6.400428
8.840981
4.471362
-0.4985475
7.399687
8.82615
0.2189697
4.228758
6.486984
-0.7352563
3.892258
3.288644
5.146904
5.689209
0.6481901
5.054756
5.467173
6.497106
3.535327
6.418448
5.615586
1.316908
5.906928
-0.7177251
3.994074
0.6267626
4.458208
4.561359
5.528944
4.797647
9.055336
4.826549
-2.06921
0.2538475
0.1982125
-0.6186816
5.245564
4.720976
6.462309
6.622378
4.545422
1.075605
2.830586
3.971681
0.9203285
6.965279
-2.230993
-1.190607
5.000172
4.309094
1.14548
1.81062
-1.208115
5.480786
4.683191
6.718043
-1.474488
-0.8276511
0.4845058
5.801893
4.708481
0.190453
3.425874
3.654071
3.319989
0.8245828
3.772707
4.783581
1.053557
4.931309
0.7761131
5.484376
-1.950003
5.366799
-2.142571
5.32412
6.361966
3.853215
-0.3106071
4.49259
5.538153
-0.7175619
-0.9641943
0.7443306
4.245536
0.9190316
5.230482
6.74822
4.054639
5.286589
1.111554
-0.6208002
3.564139
-0.07887373
-1.315119
0.8082764
2.373743
5.757308
-0.303446
-0.2970868
6.549801
6.44065
-0.4706704
5.086737
8.072295
5.748266
4.205535
6.98596
-3.102096
5.542853
1.888456
-0.7784334
4.012831
3.04611
0.4582249
-0.2507362
5.893555
0.06558246
1.156349
4.843604
6.466719
-0.2168995
4.361352
-0.680551
0.9645564
3.186195
4.818675
-0.1692063
5.536965
4.442496
5.070328
0.1297367
6.304106
4.522555
5.46195
0.442996
-0.2133619
3.173714
-0.3684354
5.001637
5.509241
-0.2543766
-1.040595
3.865306
4.037855
6.00299
0.814682
0.8804273
1.381226
5.291268
5.810774
3.839647
1.38013
2.031256
4.955051
5.55411
5.295215
3.944873
0.6273438
5.605403
4.643156
3.598865
3.11104
-1.123486
6.664036
1.219773
5.81083
5.09906
0.0984976
8.352499
0.1729588
-0.5843043
-0.1032265
5.16536
-0.6890978
6.769409
2.590389
0.7517103
2.955705
5.683372
2.717659
6.593376
0.1383168
1.215262
4.63937
0.527748
3.775009
1.609872
3.485708
-0.01855218
-0.6430894
5.703732
5.343055
0.9019838
1.351838
0.2303451
4.874988
7.870549
4.475686
5.892648
6.037801
7.576536
4.9658
4.492482
4.183062
4.279535
6.967476
5.82497
0.2350356
0.1439227
0.858212
5.473852
-1.143683
0.2736498
5.309384
4.640799
1.939307
-1.184931
-0.7917005
4.068327
5.77417
1.679272
0.3337399
4.336853
6.818272
4.306718
5.198528
5.112701
-1.234242
-2.101571
4.932498
5.006905
-0.3098586
0.3907618
5.615275
5.119064
-0.3168971
5.597942
6.388865
0.4575771
7.667336
5.77982
3.81071
3.578454
-0.8459472
5.144688
3.698752
5.33699
4.191124
-0.4391703
-1.042756
-0.6849795
5.244113
4.721074
4.250584
1.078338
8.720817
-0.5677112
5.885743
3.961791
2.433093
3.998574
0.7624787
3.330233
4.378283
2.704808
4.873687
6.437554
0.735724
2.627208
-1.570724
1.21001
5.602507
3.255832
1.709944
6.530981
6.141858
4.745147
5.004868
6.394332
6.339187
-0.4956588
6.002214
5.170454
3.76047
1.886499
6.696041
0.2824539
1.590965
-0.2051658
5.156243
5.659392
4.188238
6.010608
5.044549
5.35889
5.677671
0.8157561
-0.4608403
4.945317
5.833101
5.884261
0.1035712
-1.110727
0.9204433
4.530162
-0.9110907
3.745695
5.915695
-0.1049583
0.6001201
7.534833
3.222268
5.455938
4.752877
4.939628
0.5464599
-0.7679812
-0.5713399
6.500248
6.157866
1.411288
5.293222
4.642254
0.3424136
-0.7110389
5.41674
4.588716
0.3365723
0.6794114
-1.363167
0.8090818
0.2762124
1.242847
0.8091495
-0.515051
-0.9479448
-0.5810319
5.491824
4.410379
-0.2517146
-0.1315775
5.286494
1.076155
2.209689
6.241302
5.713767
-1.240354
0.7850015
4.81691
5.929976
0.7128163
5.580033
4.067167
0.2616397
5.954367
5.345974
4.801237
6.377216
5.540246
1.945014
2.476853
7.04797
0.002809146
0.6733106
4.775404
0.9478459
4.698992
3.639928
0.7522942
0.1476816
3.922762
5.486061
-0.2217114
1.885639
-0.3189276
9.312791
-0.004034476
3.364429
4.992534
9.885636
0.2398915
0.7501289
2.715079
3.40312
5.353054
6.150311
3.867452
6.173331
1.225007
1.642595
-0.6793038
5.480428
6.33737
1.572955
2.518183
-0.358233
4.368382
5.548926
4.525188
5.685875
4.007767
4.467744
4.053174
7.625565
0.2504644
1.720515
5.075074
0.7861892
5.704893
-1.100747
7.50784
0.13779
-0.2811861
4.538863
6.528772
4.781398
1.297171
5.034122
4.703804
4.99547
-1.80231
4.766754
3.95282
2.718475
-2.29312
4.152587
-0.4300877
4.728085
4.414652
5.00612
-1.166555
5.775502
5.076786
0.6073909
5.983624
-1.498176
4.040293
5.38391
0.1193321
-0.6144661
5.583204
0.9206776
-0.03910414
5.610133
-1.989063
4.643036
5.149723
7.415611
6.322589
1.47658
0.8174304
5.682943
5.530977
1.01746
4.187636
6.006026
4.877133
0.4865814
0.9465616
-0.6771648
-1.364311
-0.7202343
4.146843
4.338865
5.562754
6.845473
0.5994636
-1.220799
5.755454
4.307618
0.4196469
6.029563
0.8062469
4.627169
-0.4632876
5.076091
8.044552
1.972762
3.522699
-1.239616
-1.257917
0.9279956
5.307926
3.863978
-0.6497006
-1.326329
5.579468
5.487104
1.236053
-1.77337
-0.05602325
2.300151
6.307691
-0.08915641
6.062389
5.743333
4.026516
3.656672
3.687646
-0.1054408
4.553063
5.724117
5.105233
6.01601
0.8053706
5.387551
6.18853
4.562169
6.575215
0.2523424
4.034002
0.07063467
4.196801
4.949687
6.028706
1.214684
3.617987
4.9293
0.1643236
-0.1412813
5.453841
4.592761
0.4052229
-1.564294
-1.027488
-1.811628
4.718452
1.976558
-0.08098593
0.1751157
5.85522
9.887996
4.086671
0.5527091
1.54542
1.553417
-1.731291
6.804698
6.726304
-0.2219919
4.653995
4.935727
8.590041
5.214069
4.907179
0.04579456
7.067804
4.725257
0.352733
6.160164
-0.8211701
5.290062
3.017587
1.65129
5.779617
2.166795
7.204397
10.0283
5.133106
6.268593
1.697413
-0.3666824
0.547789
-0.6066538
5.357351
3.674808
6.202051
6.130704
0.4668839
-1.256766
4.157798
5.183041
5.806268
5.960804
6.456424
-0.09739075
-1.092517
6.756331
4.398011
5.909173
4.848735
0.6636168
0.6567242
5.36374
-0.436577
1.509803
4.790946
-0.361006
4.569732
-0.2816162
6.333234
6.12088
4.238732
-0.1548818
4.393731
4.335719
6.149556
-0.1954313
5.278774
4.291487
-1.640005
4.642723
7.59314
6.599946
5.261136
6.493516
-0.9602014
5.386259
5.274232
4.025818
0.6833594
-0.7919611
4.645293
6.219655
4.234462
-0.1434985
5.172123
4.731223
-0.4866524
-0.752458
4.322904
5.391977
2.784248
0.3750286
-0.5174996
2.468968
7.154404
7.275497
5.149402
4.112817
-1.109715
5.893445
1.420389
3.473502
5.503625
4.494779
-1.565204
0.07374756
6.498053
-0.4474596
2.396628
4.641157
5.728605
5.316535
3.313616
5.182423
4.441921
8.362498
3.831437
0.4003007
6.671874
4.685193
0.5591519
5.364271
-0.8583221
3.197773
0.2948482
-1.925248
0.269844
1.238851
1.649811
-0.8956524
0.7732065
8.130861
0.9958307
4.242108
4.681946
-0.7647406
-1.109567
0.9714102
4.843737
4.050725
5.21157
0.7403619
6.031707
0.0566507
0.8261718
5.32364
3.425909
4.951348
-1.137576
5.472255
-1.55878
3.649315
6.519731
-1.483442
5.739229
-0.6890322
-0.0381527
3.323985
6.661317
1.41788
0.2168878
0.06085351
7.27344
3.41402
5.204839
-0.05001192
1.169866
-0.4118598
3.152378
6.042191
4.857853
6.441776
0.9509282
0.07146994
4.790898
3.413009
3.88739
1.482231
4.825619
5.086724
3.135949
3.749194
0.09388603
0.5754963
4.444731
7.040443
4.118551
-1.452077
3.060776
1.330612
0.09421341
0.1795975
4.125887
-1.184274
2.838782
6.58362
5.909738
-1.933402
1.146957
6.501178
7.366375
7.300588
5.481003
0.2239562
4.453375
5.042998
-0.5952908
2.510803
0.238475
3.618813
4.149415
4.09857
5.045073
0.924434
-0.688949
7.987988
3.621555
-0.3577994
5.078309
4.464766
0.9944856
2.1824
2.095687
-1.516184
1.535059
5.936604
0.7703879
1.402968
6.300487
3.319614
0.9062798
0.0549779
-0.0333703
4.560564
-0.5104875
0.5650519
5.450473
-0.2827401
5.383222
4.127919
3.566659
-0.5807722
5.192532
5.190778
-0.6807854
6.339113
1.700373
4.174352
7.437947
5.925141
5.797691
5.983858
4.854865
-0.9119067
-1.551897
5.612026
3.999611
3.735116
4.059152
8.140342
0.0373297
6.295485
5.115029
-0.5482087
1.219754
8.42272
-1.130081
-1.030049
0.3928295
5.563442
4.403581
6.242205
5.870551
6.387869
3.623351
-0.5754178
4.48394
3.787934
5.486469
3.757752
0.2106438
4.61099
6.312676
5.728437
-0.1863731
4.418822
5.586153
-1.34156
5.315544
-0.1774574
5.222894
6.072709
0.9358961
0.7920048
4.52582
-0.1888551
4.840882
-0.7256441
-0.3025898
2.484731
4.333509
3.920528
5.282915
4.218392
8.277167
3.758287
-0.5840003
0.2207912
1.495239
5.117369
-1.818967
1.703986
1.112646
3.566086
0.4678816
4.814016
-1.460033
5.694071
4.766384
4.297791
8.786408
6.363795
5.653094
7.267019
-1.616396
5.706891
1.325611
5.254346
4.638465
2.847336
0.1411364
5.091785
0.6193888
4.707632
4.991938
5.305166
4.078559
-0.402831
1.089148
4.716975
0.8148767
6.514159
0.5861911
4.846567
1.150496
-1.733511
6.416553
-0.4714781
-0.7319951
1.212675
4.220637
-0.06106741
6.837384
-1.073777
2.442686
6.072278
1.385321
4.985137
3.190788
-0.3353984
2.795443
0.8559402
0.8820036
1.887191
9.285879
2.032163
2.400235
5.563311
1.536003
1.072213
-1.215999
4.982861
4.358965
-0.3245514
1.26793
1.315563
-0.5568848
4.072781
5.211614
-0.3521801
-0.325173
4.345325
1.966349
7.73253
-0.4465225
3.541361
7.318681
3.798149
0.4109367
0.7039647
-0.5175146
0.6475948
4.559098
6.134126
-2.710105
0.1668929
4.97737
0.5472283
3.588863
1.30828
0.7505391
5.588072
5.6867
4.66432
3.947621
0.6079073
-2.703096
-2.406293
6.07975
10.62321
7.472518
4.903818
2.627076
-0.8996432
5.995034
4.32991
6.40615
6.309607
-0.07479198
7.018973
5.47147
4.442203
6.117666
5.078876
5.427006
6.908427
3.530707
0.3563265
4.3872
2.282732
-0.4681775
0.3537857
3.026675
0.5462986
1.090436
0.01361151
4.580928
5.886705
4.588295
6.011547
5.742964
-0.233906
1.045798
5.634943
1.231963
5.2183
0.9354625
4.720609
4.944157
4.36268
-0.6735633
5.933789
5.058772
4.040924
6.32623
6.476697
5.46021
0.7235517
4.650105
4.093324
9.327023
4.860623
-1.726833
4.379191
1.989493
0.2012814
0.3163751
5.749185
-0.08035642
4.671123
0.6794449
-0.6817776
5.745316
-0.6474009
3.621189
-1.1483
-1.469217
4.979427
5.837247
5.707967
9.356463
7.47448
3.529974
5.201613
1.382664
-0.6370547
1.187035
-0.8579988
5.179395
0.5478903
-1.144398
2.63864
5.226609
2.90402
4.507663
4.98006
6.335608
-1.564105
4.19081
0.898245
-0.1137496
-0.4851722
4.963533
4.727415
-1.55191
0.9708108
1.359453
0.05685238
4.58843
0.3839347
5.385115
-0.4916134
5.059739
4.564033
-1.368579
4.192524
-0.9416302
-0.9810931
-0.9859483
-0.09997665
-0.7746791
4.421101
-1.087476
5.111164
4.939104
5.658733
4.236806
5.346841
6.285523
5.544636
8.168881
6.458244
-0.6878238
6.364858
4.617094
-1.528532
4.468302
7.020363
-0.1996418
0.1746093
1.397643
5.182249
0.7153757
5.223995
0.3583419
-0.647674
5.337784
5.969511
5.072804
5.090157
4.876994
5.154686
4.133933
6.203043
6.537201
-0.3436806
5.103536
1.345106
5.872097
-0.3027686
4.519874
4.600887
5.061091
5.489732
5.005194
3.684321
0.2425001
5.658145
6.337038
-0.8732595
-0.00248683
1.637096
4.096715
-0.7216777
5.620222
8.160174
0.2651215
4.861825
4.756161
-0.9867374
4.890558
4.016846
5.219209
3.517378
5.568725
-0.4927927
6.319539
5.972963
0.7245987
-0.1262882
4.82178
4.695862
4.216007
5.372836
2.894032
0.1998879
6.356223
4.354335
5.714281
-0.9063748
5.673699
4.489261
6.077774
6.3801
-0.09104022
-1.565948
0.9834773
3.614195
6.822088
-1.51364
6.381444
-2.276414
-0.1985647
5.796563
5.864348
0.476533
-0.4045726
6.094983
6.936223
5.415211
5.177675
0.167021
5.709978
6.240782
5.609939
-0.5740166
-1.231671
4.030804
0.8416213
5.817725
0.3748289
3.168783
4.119198
4.514842
6.572009
0.6761711
1.297053
6.273674
3.170677
5.067122
3.424279
0.3424013
-0.5014989
-0.4634473
4.015473
-1.320342
-1.088577
0.1604709
4.606497
-1.687773
7.091989
5.308171
4.890936
5.226912
3.965903
4.67067
-0.2212409
0.611684
4.665445
6.376709
4.742349
-0.4952092
5.44741
-2.093669
5.185999
2.030205
4.618068
4.303293
3.529632
0.2708861
-0.01204373
1.114332
4.530338
4.812752
5.655529
0.1080657
1.72158
1.126441
4.982605
1.287291
5.601855
1.305085
6.397596
4.543781
4.01334
-1.501772
5.527137
1.904488
-0.4939643
5.341369
3.922399
0.00518288
-0.5567816
-0.1305044
5.131857
6.002782
2.759889
0.7407139
9.897152
6.092847
-0.4777838
1.345982
5.162581
4.487007
5.254988
5.696894
5.738855
5.747533
6.135399
7.343784
1.475154
5.77914
3.904133
-0.6531273
4.849959
0.9430732
-0.7644937
7.941674
6.523173
4.225779
4.464975
4.212533
2.814685
3.653263
-0.5071893
-0.5231463
5.544724
-0.1560767
5.693355
0.8215313
5.147611
3.329743
4.514308
0.2592429
4.958647
5.164954
4.076837
5.372856
4.622905
4.614539
-0.9792233
5.053695
0.3578858
-0.7211818
3.026515
4.646829
-1.229178
7.869417
3.624527
0.5383644
4.738418
-2.48391
4.157948
0.2366658
3.998379
-1.233002
0.3129299
3.09831
5.310434
6.043388
-0.7267977
4.236454
5.062477
5.077975
-0.4812209
5.864768
4.98779
3.483863
6.28959
0.9791215
1.024377
4.330824
-1.600877
-2.119974
4.906795
5.986162
6.359904
5.069611
5.260628
4.535498
-0.1881575
0.3481983
-2.447835
0.1280829
0.2504051
4.591187
1.371433
-2.347815
0.855522
-1.092541
-0.07249135
4.602812
0.4526692
-0.7387891
3.946021
0.3563184
6.014977
5.912874
7.312995
4.750336
6.11311
4.473634
1.487649
4.277939
-0.5991701
2.319761
1.601243
1.365222
-0.9084405
4.011574
5.160653
-0.2863995
4.737213
-0.4357846
0.7314262
5.362392
-1.228054
5.997149
-2.119732
-0.6505996
5.819828
1.343423
0.5577842
4.188321
0.1325189
0.219493
4.966755
5.408619
0.6435717
-0.03262084
6.224609
6.025416
4.10714
-0.8447701
0.9816161
-0.738309
-0.7024479
5.137891
3.157975
-0.8612963
4.265589
-0.1050195
4.162557
5.432354
-1.315893
0.09822054
-0.2166118
5.03257
5.610985
-0.2886344
5.449409
5.307776
5.704663
-0.1244925
1.182621
-1.308313
-1.973403
5.481783
4.317467
0.3104331
0.3499383
1.062648
1.062366
1.055223
11.25134
7.344737
4.907367
4.803019
0.6883148
4.382235
-1.413526
5.784996
5.37366
1.099748
3.977143
4.665469
4.335959
-1.900252
0.2527211
5.088716
-1.724403
5.624699
6.093631
-0.5268656
-0.4612627
-1.812446
-0.3515403
5.300527
-0.3167994
6.6803
4.822485
1.054592
5.545699
5.793712
-0.6281245
-0.4750015
6.929186
-0.4498191
1.108786
5.667215
5.905449
6.0485
-1.149687
4.03187
4.757665
6.403588
-0.5417851
3.843988
10.6731
5.943549
-1.699154
4.116621
4.409323
7.579712
-1.561025
-1.489091
5.169416
2.825758
-0.1464345
-0.1970707
5.789466
4.412145
3.877244
1.139714
3.673815
3.030995
1.863137
-0.7927274
5.207721
3.67032
-0.8849544
4.738021
4.373444
4.303678
3.724177
3.944225
-1.06812
5.431146
4.417038
0.3321284
-0.06956242
-0.2249476
-0.09246056
7.29894
-1.620126
0.9719059
4.251625
4.824741
5.341678
-1.875303
6.057659
0.8652603
4.855438
0.7372624
-0.1522009
-1.899385
4.623022
0.3476099
5.804151
6.548466
1.372661
5.267357
0.4591654
6.039655
1.887742
-0.6539593
5.115745
5.41957
3.30332
-1.113896
4.897258
3.872375
3.16887
4.690023
0.4752164
3.632567
4.266792
-0.6117747
4.673424
6.536362
5.318248
-0.03637316
5.714312
3.790901
0.05823
1.092177
0.4454149
3.169812
1.336062
5.199556
4.934654
4.498965
4.38074
-0.02337582
-0.09214906
-1.157701
1.05034
3.567805
5.756627
4.48173
-0.8324105
-0.3579074
4.821359
0.3809545
-1.547981
1.995716
4.344813
1.478221
4.538616
5.958129
4.622634
4.540554
0.1812425
0.6054086
1.206657
5.694543
0.1386247
5.468923
0.5036215
0.9953227
0.2101362
1.942982
5.160927
0.4053637
2.375082
1.564183
0.8586787
-0.3614947
0.6981905
2.424577
4.818981
-0.5222851
2.519872
6.830662
3.977594
0.4887265
0.7127178
0.6367023
-1.505678
5.153358
5.83876
4.963228
5.646049
2.508634
0.2421859
5.361074
1.085658
3.979835
3.900246
0.8759744
-0.07755079
4.822864
5.71957
-2.049994
9.403899
0.5021305
6.029351
6.258514
3.479234
4.93579
4.41088
7.931825
5.107488
3.690096
-0.1288368
0.6336272
6.402768
-0.7601632
5.547648
4.910773
-0.8103195
1.883268
5.137231
6.344468
6.50771
4.482057
1.11238
0.3090364
4.365892
0.5938142
6.583961
4.597814
0.2138001
5.952992
4.089186
3.841908
0.4464579
-0.6061127
3.348423
3.457304
4.114305
6.733592
0.1148993
4.398776
6.424998
0.6017716
4.164385
4.84413
7.298786
5.52138
0.1685844
4.479746
3.386859
3.28482
11.42791
3.272336
1.198301
5.456184
4.445454
0.5064944
-0.1483124
3.502849
5.761707
-0.3882192
3.636652
4.052892
-0.8126629
3.822504
6.288727
5.360634
5.392081
4.73912
4.771732
3.527538
5.032068
6.223535
-0.9683633
3.169669
5.231329
6.046814
4.749339
4.570967
5.852901
5.232726
5.883841
-0.7472135
-0.35721
5.492797
0.3402879
-0.7659393
-0.7138667
4.068422
1.304251
-0.6108648
-0.06793921
-0.9530578
-1.566628
4.212865
5.087045
4.385011
-0.4530865
-1.36435
0.5768546
4.549375
1.504387
-0.982502
1.917195
6.787956
1.986246
3.36638
4.52943
5.571935
-2.659473
6.080547
4.055011
-0.8589785
4.112532
-0.8504768
-0.2351979
-1.226668
0.3161017
-0.1260693
-0.931709
5.225612
0.9324049
4.45139
6.281628
-0.1704019
-0.6063595
5.986947
-1.420888
-0.4341801
6.564971
-0.2829543
-0.1510152
4.03637
0.4272175
-0.7013831
0.9782853
5.736619
4.775247
4.537314
4.174395
-0.3646187
5.031915
0.1985381
9.953752
6.673208
5.531267
4.512099
5.337795
4.958964
1.138101
0.5342733
4.243333
0.08416312
4.543262
3.912946
3.426214
2.299791
0.3033118
5.790225
-1.037025
-0.6891948
5.406747
3.450157
6.281858
-0.2965369
6.347414
6.26822
-1.042837
5.142256
2.657704
3.888538
5.734749
4.603472
7.137234
0.1033662
1.398142
6.058825
4.916749
4.91955
3.072959
4.060614
0.01007719
0.9331351
5.338819
-1.71813
5.033548
2.433228
4.608017
4.44642
4.623483
-0.3106647
5.74789
5.431552
1.286615
-0.8751512
3.782564
0.6927859
5.699732
2.625724
4.660704
6.202737
3.827243
0.4758512
-0.6449458
4.967309
6.099949
-1.193393
1.090747
8.419683
4.398772
5.761172
0.9132652
5.492148
0.8935369
-0.2280507
6.045876
1.022656
6.586458
0.9901646
5.268609
0.1260253
3.454946
6.007876
-1.112542
-1.456886
5.081765
5.691144
-0.438131
-0.7097213
5.474077
5.635202
4.516169
5.865317
4.873074
4.387797
1.140386
-1.014649
6.541379
6.483966
-0.8347288
-0.3604694
5.884942
4.972222
3.553466
0.8115128
3.163348
1.358847
3.254601
3.723378
0.2643344
4.792644
6.522653
4.941577
-0.7243578
-0.3021322
1.369039
4.348981
0.4439407
5.460062
5.193115
6.324401
-0.003960859
4.339345
5.8599
6.288291
5.516191
3.299418
4.813147
5.875066
5.301761
-1.604694
0.3635321
0.9994333
-0.3016728
4.876697
-0.9803711
4.946107
0.8332707
5.037375
0.1030458
4.540915
4.821234
-1.46525
4.69564
3.550777
-0.4465386
0.3109391
1.157771
4.437077
7.17808
6.115475
5.436557
0.07124292
5.672774
3.651959
4.503794
5.521613
-0.02742799
4.893907
0.8583075
3.977088
0.4915542
0.851632
0.1186156
-0.02940782
4.542517
5.425304
0.2265533
-0.9494486
3.318409
4.663008
6.097467
4.209213
5.307282
-1.009285
4.262012
5.812466
-0.4409736
0.9231757
5.404207
0.07100536
1.643251
3.813972
0.4122591
3.729131
4.56329
5.554921
0.962279
5.401388
5.211563
-1.74281
5.066683
5.045032
4.971857
0.3269201
-0.7413493
5.849074
5.807481
4.09391
-0.5293946
0.1166313
9.239801
8.419883
1.911766
3.837234
0.06698884
3.754957
3.868638
3.623184
3.863181
4.751369
3.05657
-0.563511
7.444354
5.83214
5.654927
4.251289
6.909966
4.784348
5.36055
4.732405
-2.465632
0.5563613
5.869682
4.03172
1.181257
5.803312
3.666081
1.077168
-2.242277
5.230273
5.580801
5.039251
0.44381
6.067335
3.872209
6.445256
5.618682
4.41325
4.783568
4.238235
0.5300162
-0.8155707
-1.062361
1.685006
5.213257
-2.662596
3.995543
5.741011
4.153204
4.42391
5.792797
0.1232619
-0.4727095
-0.185049
5.282913
-0.5811223
-1.138048
4.688703
-0.4065923
5.407359
5.372256
0.2369377
5.913536
8.684584
6.451403
3.097475
5.88839
3.536167
-0.08394577
4.99077
1.742275
6.599038
0.7518092
5.912533
5.10738
4.009303
5.62837
4.61084
-2.3793
-1.030216
0.1714799
-0.2603036
4.649195
4.947295
6.784747
5.059488
4.947649
-1.771157
