6.858287
0.08700189
6.145555
5.689414
4.3986
0.5499971
5.243662
0.5159515
6.077378
-0.9349204
-1.296843
-0.6209477
3.823454
4.595297
-1.509395
1.089518
2.414429
5.201639
4.312598
4.884451
-0.08504814
5.362421
3.954275
5.17853
2.872668
0.03546108
0.921494
6.399169
-0.360923
4.411146
5.711648
6.498461
1.406116
5.065592
4.271015
-1.276108
5.567378
5.07028
4.789191
-0.6512186
4.99113
-1.423209
6.989479
5.046053
1.205356
-0.2751172
0.760409
4.637711
1.332744
-0.9229589
5.766899
1.967197
4.391914
0.568277
4.356901
2.971764
-0.3225651
1.070143
5.742656
3.705901
-1.556624
8.350357
-0.4393666
4.273738
-0.5304097
5.294218
1.262221
4.976341
4.605337
5.835457
-0.1284969
0.119199
5.700178
6.313456
5.613016
6.26868
5.832441
5.488339
4.642755
5.017725
3.414031
6.401505
2.013045
4.336811
5.900615
1.541762
0.5426876
5.497423
-1.619195
0.9315542
0.04372167
-1.740034
-1.061196
5.675169
4.13571
-1.101391
2.777651
5.54549
3.995923
4.361252
5.108142
-0.3997942
3.009145
4.879851
4.418775
5.563316
-0.7087334
3.994254
3.600563
0.0845703
4.640817
3.359603
3.625065
5.003343
4.907847
1.896888
3.726901
4.310598
-1.431622
0.4861523
5.250516
0.07544571
6.398386
1.315971
6.416469
5.999943
4.712935
5.382231
0.9018352
-1.852891
5.167725
0.005900968
1.177288
5.879012
-0.9804986
6.565152
7.954714
5.809257
0.2891523
4.155129
4.203755
6.808149
5.415124
0.4405267
3.435573
-0.178978
4.610967
2.779864
-0.3135709
4.373191
5.440365
4.574761
4.941561
2.219846
5.228991
0.37241
-0.7869725
3.501306
4.408627
6.756612
0.7032158
0.6642766
6.683588
3.678595
5.185047
5.306963
0.7590519
-0.3002501
1.443984
5.615871
1.355875
4.120696
5.559652
-0.6689556
-0.4092823
2.643205
-2.168343
8.156915
6.267839
5.721859
5.712247
6.153728
-0.9841333
0.2991684
0.5820069
5.488197
-0.8242545
5.291477
0.1967665
5.258017
-1.023036
1.859015
0.6175452
-1.841743
-0.3060123
1.807393
3.526142
5.029211
0.4804425
0.9401842
5.230072
4.496685
0.05843645
6.567057
5.430009
4.971892
-0.2836943
5.26206
-1.041641
7.356261
1.407813
-0.4906256
-0.8230355
6.093073
0.1630406
1.811926
4.46399
6.331896
3.956121
0.5831472
5.020636
0.7311589
10.08659
4.218927
0.9424312
5.648305
-6.893668
0.5231878
5.493463
-0.466232
7.823334
4.993219
5.603979
5.894109
6.584239
-0.6367312
3.753371
3.566746
-1.849216
3.727056
5.216554
3.767126
8.227462
0.745726
4.251457
5.45006
3.50625
-1.087109
4.010848
4.485804
3.809207
4.584997
6.970845
1.629132
8.285635
-0.3015959
5.622914
1.607331
0.4732103
1.227275
4.313088
-2.684735
-0.4798129
3.174581
3.498736
4.907327
4.84826
4.176236
4.206456
-0.9296092
0.04228275
-0.009794021
0.4816427
4.821981
4.918413
0.3192782
7.095957
7.505729
4.012026
4.460936
4.892461
3.407012
0.5193631
3.581973
0.4881834
4.812585
2.938754
6.661331
-0.9936633
-1.060924
3.081925
5.238139
5.498959
1.264841
-0.3520173
5.236622
5.218575
4.379225
4.307622
6.440694
-0.03171084
1.366253
-1.810645
5.393237
4.056024
5.073599
0.9374492
7.495471
5.68981
4.969285
4.156802
0.2302842
4.896938
5.122831
3.033129
4.016023
1.027908
-1.136955
4.558404
5.033284
-1.555174
0.06891099
5.258058
0.5899466
1.048954
6.931699
4.722684
5.768043
-1.449596
1.10829
5.113936
5.69078
0.9115435
1.024531
3.645645
8.31279
6.085994
-0.2824277
1.02063
4.997256
4.315574
0.1236783
5.542319
-0.7294761
4.681728
1.406299
7.861998
2.003092
4.218251
5.408032
-0.6132832
6.196163
-0.8556228
5.247428
7.779561
5.289911
4.687929
8.133885
6.156412
5.051943
4.917901
-1.083697
1.040862
5.232097
6.334468
4.470118
4.295118
6.40631
8.159405
0.2796121
-0.8749001
6.701762
6.803394
1.103743
3.334515
5.778002
6.382351
4.133368
-1.243914
-0.2556378
1.839094
-1.400693
5.668851
4.940516
0.7362285
0.1157401
7.167272
5.784536
4.342404
-1.640926
7.758923
4.339066
0.5149593
6.218067
2.340713
0.06527105
0.447993
4.92274
0.9414231
0.9475054
5.728252
0.2912817
5.421884
1.163362
4.117753
-0.652059
0.4244756
4.294149
4.819139
1.607393
0.4455395
6.302697
5.378273
2.40143
-1.158456
0.5798052
5.918239
-0.3833943
-0.9271445
5.47834
4.84505
-0.5872259
0.6260832
6.677612
0.1706385
-1.661611
4.910781
0.7461686
-0.2694446
6.200592
5.546974
-1.253997
-1.479086
4.68744
1.673854
4.182009
0.3715085
7.615812
-0.9184286
5.809052
-1.305702
1.776753
-0.2627654
4.931357
5.392851
5.427268
6.875436
6.933652
6.052307
6.533384
-0.3293883
4.700815
4.384304
5.913947
4.342454
-0.2789942
0.1240456
-0.2332645
3.811802
-1.983236
-0.5118105
5.206103
-0.3234274
-0.3016822
3.929115
4.623882
-0.164308
5.400024
4.81735
-1.066128
6.716537
3.682637
3.950338
0.2252602
0.3366297
0.3822281
3.80973
5.183481
4.754161
-1.093032
-0.9438087
0.03147231
4.584768
-0.2858277
0.8611492
5.387766
0.6661356
-0.4802544
4.304448
6.69791
0.945466
5.096592
-0.6042641
-1.178801
6.152068
0.7365785
0.8728794
4.844598
6.61525
-0.4991211
