5.77272
3.711472
1.006895
4.976219
4.794053
0.03483241
5.485642
0.6660247
5.22326
-1.615884
5.57806
5.123283
4.624661
5.901842
0.682629
1.557997
1.141862
4.618578
5.089948
6.630818
1.634783
6.817442
4.326989
4.182356
-0.7301543
2.828096
4.553311
7.791847
5.118724
5.511463
6.980049
-0.476773
3.670276
4.303834
4.736456
3.273907
5.0515
4.740819
5.035236
1.658111
-2.092837
1.05524
7.025079
5.367037
-0.7016827
5.438812
5.361336
-0.1592486
8.91769
4.880207
3.445662
6.460483
12.36728
-1.359402
6.306886
4.26665
0.4313496
3.890137
5.510916
6.073099
7.451293
-1.264491
0.005288545
-0.2734494
-0.7961654
0.2967554
5.100232
0.8864463
-0.1641474
5.381305
3.571551
-0.2583277
6.58018
3.974008
2.584974
5.848299
0.2237077
-1.667775
-1.90808
-1.362942
3.76325
1.054684
4.971658
5.150888
4.500184
4.452384
-0.9202357
-1.009312
5.295602
-0.6603755
6.107264
5.527898
-1.414481
5.277093
0.4439027
-0.9906734
-0.3850764
5.260908
6.106422
5.784184
7.171612
6.056616
5.334965
3.912553
6.190581
4.277388
0.1724947
5.476243
6.434602
4.604091
-0.8315555
4.821713
3.541205
8.445813
4.631045
-0.7612054
0.2739578
-1.543584
-0.4965716
5.247554
4.48792
0.3467307
-0.2298718
-0.9697281
3.351966
3.43325
4.321965
8.793481
6.021894
2.171698
0.09960647
11.27225
0.2675791
6.057055
2.089608
4.137955
5.738574
-0.3387504
0.2672672
0.8539959
4.763497
4.945095
-0.5043863
0.1945641
0.3656046
4.040068
6.098114
-0.5474912
4.074804
-0.5223191
-1.558612
6.214346
5.080233
4.530018
0.1424129
6.044407
6.271246
0.9941984
4.583298
-0.3201906
4.729149
4.134112
4.211238
-0.07414367
3.63495
-0.1565121
3.85454
4.952129
0.005948999
4.705473
0.4423298
5.877657
4.659175
5.015895
-0.1420122
3.477668
4.50925
4.733865
1.046586
4.532841
5.660595
6.402544
5.282964
6.069712
4.669061
5.291644
6.601299
-0.4784636
1.568425
0.6247227
6.065101
6.509566
4.575003
3.904235
3.979579
2.415489
2.884415
7.217465
-0.180057
3.259734
2.972837
5.425314
7.054382
-0.1637739
4.988835
4.791444
-0.592185
5.459908
6.783347
4.999501
-0.5923678
0.8079271
3.814656
4.688566
4.849962
5.100701
4.384518
3.762233
-0.2963371
1.178873
5.052747
4.070257
1.16072
-0.22464
6.16228
5.875243
-1.741745
4.156715
3.554304
-1.380824
-1.112071
4.694945
5.560557
0.34247
-0.6050627
1.624009
-0.3206421
7.073361
5.428386
2.14754
5.270944
3.561219
-1.368897
-0.9068463
-1.254986
3.750355
0.08959845
-0.216365
4.18183
4.358214
5.351637
-0.6972484
5.196831
6.741207
4.782363
-0.8719667
4.396497
5.111055
6.304823
2.523116
4.20858
1.625907
4.504135
3.894517
4.191585
4.286848
5.952617
2.172619
7.41655
1.147578
4.79485
5.04572
5.507997
-2.227136
5.281768
5.034336
-0.6261742
1.591195
3.788255
4.446729
5.939682
-0.7252538
5.426455
0.2633944
6.641963
1.28314
8.257981
4.293095
0.5955953
4.801299
-0.07490697
0.4307724
-0.918933
-1.05801
4.130423
0.6545554
0.6733106
4.572498
0.406474
0.9589064
-0.6837071
4.598568
0.0997301
3.24977
6.041581
5.270122
4.976662
0.02925297
0.6737558
-0.1639123
-0.1341945
0.621637
5.077132
5.483983
7.956981
-1.099567
1.728225
2.762785
5.607898
3.700646
5.235935
4.877894
2.882685
-0.4920049
5.318077
10.36207
3.714351
3.615023
-0.03316603
-0.3070661
3.907164
5.66566
8.802961
0.3620812
4.022783
0.7523738
-0.1549165
-0.6637969
5.914617
3.691504
0.0821185
-0.1576181
-0.3457176
1.834543
-3.073808
-0.3053648
0.4640948
-0.003837991
-1.442231
5.449981
5.159098
-0.6537982
-0.554853
-1.709619
4.785467
-1.619107
5.518373
4.766141
5.322633
6.441755
-0.2833828
1.472957
1.851684
5.354639
-0.8928502
0.1490356
-0.5910631
-0.01626892
4.486567
-1.37969
-0.5278454
5.359367
-1.288823
-0.4020203
4.84729
4.976504
0.4903773
4.982945
4.723655
4.235144
2.940441
4.388163
1.413677
6.309172
4.809854
0.06517274
-1.600962
5.295852
5.074779
5.648149
6.241023
3.173086
4.075812
-1.757437
0.6620804
0.2461546
1.480281
5.482132
3.585959
5.929541
0.3737031
0.6952719
2.833869
4.410423
1.280568
5.461998
4.178148
4.867671
1.004882
-1.921237
4.558498
9.289047
0.03316869
-1.143363
5.834486
1.670251
5.022878
5.522382
4.924422
0.124601
5.540027
3.750883
-0.2538165
3.476349
2.012105
3.803531
-0.2148433
1.859798
0.8790868
2.772125
4.969609
4.139465
4.253427
-0.7174811
2.999683
4.78588
0.1873094
-0.306304
0.3456882
5.548705
1.23904
0.1566757
-1.193951
0.3917816
-1.436611
0.4215881
3.707735
2.261771
6.371445
5.580387
5.811265
4.817941
-0.543011
5.993601
1.343334
-0.1601094
2.735696
-0.1699677
6.6211
5.160398
4.980669
0.524315
0.8125898
-0.2136955
6.770162
-0.3243216
5.678198
4.775003
-1.099783
-0.9473882
1.571093
-0.6934682
5.700541
-0.1257038
4.32851
0.8819053
6.514268
3.718215
-0.01318617
0.6251386
-1.50145
4.443191
5.054076
4.659583
-0.2982728
6.020765
0.8800694
0.2360332
2.164132
4.551951
6.257869
3.728613
-1.034475
-0.3330568
3.986767
-0.5812505
4.23187
6.642896
4.833608
0.2772655
4.227913
0.3080702
4.680514
6.307243
5.864094
2.212177
-0.2801444
0.3185794
5.103379
4.702382
-0.3892605
6.027954
7.59105
4.653627
0.2187065
0.01017399
-0.03835031
-0.7258177
3.743003
0.6433649
-0.4014662
5.612524
2.861808
4.166827
-0.2303383
5.389844
-2.010895
5.526685
5.86983
-1.288785
0.3880996
3.442696
6.255736
-0.6062808
0.9397988
3.647874
-0.3456039
0.934627
-0.5813008
3.92791
5.252949
4.975802
0.1941275
0.8558974
-0.8607534
0.2609034
0.4713694
-0.8187051
-0.3317013
4.185147
4.430748
3.912351
-0.9501728
4.97134
7.021835
4.183546
3.8211
-1.695259
-1.047036
-1.126198
2.122188
5.715384
-0.3096228
6.127641
3.390837
3.340073
-0.1427269
0.3756585
-1.144754
-0.5057708
-0.9498215
6.647505
5.520856
0.3078887
0.2394736
5.249501
5.636581
0.7456769
-1.072929
4.619441
0.8963692
5.210619
0.6170264
3.655469
-1.297958
6.272928
5.322321
3.988053
4.87253
4.986746
6.927136
-2.145838
0.8729026
4.872263
-0.7924819
5.294865
3.239324
-0.1310146
5.930072
4.025565
5.872465
-0.8038894
3.329103
0.6097827
5.543913
-0.9033749
-1.104258
0.146597
5.905661
4.786454
7.175828
5.083578
4.881566
3.509086
-0.6740167
4.282097
0.5482462
-0.4208543
3.602329
2.361257
1.182079
5.864147
4.953922
-0.3106614
5.584905
4.266668
1.31136
-0.2223922
8.361107
4.691119
1.934203
4.075935
4.79107
1.258697
6.370999
6.049563
0.3762141
6.031011
6.958263
4.148629
-0.3325567
0.1046589
4.547439
-1.793217
4.197981
4.69139
5.492453
3.703835
1.986506
-1.231533
0.5781839
5.362653
6.239174
5.696073
5.104033
3.610649
3.823657
3.671817
3.885021
0.4262396
-0.5728632
5.442523
-1.456055
0.2454505
6.213978
0.6102242
4.007892
5.392281
3.790145
4.833826
-0.8629276
5.151277
-0.229847
5.992615
-0.7664945
0.9839205
5.548107
0.6102621
-1.193446
2.547694
-0.459432
5.953222
1.383376
4.002977
3.278366
-0.03652336
3.628643
1.723598
-2.257324
5.121099
0.6000552
5.88183
-0.05927042
4.457505
6.763068
6.640817
5.23378
-0.4607759
5.9411
2.350592
0.121271
3.232549
6.738256
-0.244265
0.9616542
4.177533
0.6377163
-0.6199449
-0.3756221
0.1673823
4.04945
3.082489
4.992367
0.3137668
0.806714
-2.154836
6.464134
1.47305
5.409982
6.988131
4.665943
0.2060016
6.016093
3.710134
5.397352
4.055013
5.402671
-0.2065053
6.685418
5.376976
4.454742
-2.030258
5.154856
0.4995639
5.235517
4.261222
6.383196
0.200777
7.561772
1.293446
-2.958824
0.03340025
5.836291
-1.084984
4.365718
3.268228
-0.1606008
7.007532
-0.5334226
6.817126
0.8471477
-0.3189568
5.360264
0.3035195
0.8338491
5.447182
-0.609096
3.366839
6.537235
-0.3233219
6.640574
4.489227
4.513848
-0.7146574
4.824419
3.869874
-0.6712098
2.138077
-0.7737911
6.876295
0.3466908
4.565879
6.162321
0.2588218
4.004263
0.1591586
4.993377
5.811143
0.3934996
4.579053
4.925144
4.913805
5.788596
0.669593
-1.855038
1.571214
4.934715
0.02643149
5.954693
4.774688
0.01804255
8.778323
4.609332
-1.480193
0.40867
5.392035
-0.04542126
5.068845
4.366345
-0.369007
1.653386
0.4360548
-0.2243653
-0.6029791
1.218225
0.6124972
6.334575
3.995644
-0.2286795
6.311439
3.254349
4.699959
3.26271
-0.8957136
5.337503
-0.1524825
0.7216891
-0.6864044
-0.8969437
0.7782702
4.335471
5.802212
0.4279469
-0.5134182
0.02622554
4.096163
3.808897
3.065878
-0.3942014
0.151908
5.465797
0.8782409
3.812505
5.041989
-0.1991783
5.208178
3.745112
5.629309
4.859155
5.813214
0.02855767
4.521847
4.946547
6.211502
6.198906
4.485272
4.607156
-0.2858105
-0.8481612
5.686336
-0.3133755
0.4714114
4.511091
5.543437
2.368153
0.08945023
5.848287
2.023609
0.2917922
3.311017
0.187816
4.008582
-0.01261862
6.745271
4.432451
4.975192
7.530077
5.38902
5.558593
5.480753
6.943168
4.726287
0.2612921
3.095512
-0.3110534
4.38057
4.18016
-0.3447329
1.317936
0.4902528
5.522333
4.411606
0.556077
1.42963
4.672738
5.994395
1.510084
7.062717
2.824228
-0.8900443
4.406922
4.567246
5.057127
3.977243
6.677853
0.6088164
6.208246
0.9702944
5.922213
2.188629
5.899037
0.3851482
0.6455027
5.144774
5.593849
0.967267
-2.454239
4.677518
0.374774
6.958541
3.809495
4.796834
5.588197
-0.7365977
3.184857
4.044773
-0.3023607
1.004246
3.207917
0.06713049
4.594067
4.881146
-1.355988
0.5266223
4.654437
2.666178
7.449737
-0.2251515
1.522718
-1.324023
6.166349
5.922045
-0.2749658
1.253233
3.954541
-0.4911564
5.819161
5.984757
6.487894
6.999367
-0.0143153
5.24655
10.3985
-0.6130627
0.1723121
-1.51055
4.048331
6.098004
-1.606229
6.546052
6.072364
-1.159782
5.587874
2.100778
10.56766
4.043165
4.152257
4.913809
4.824933
5.091612
4.291559
-1.165535
5.88947
1.502263
6.12028
5.783111
-0.6574646
-0.9862859
4.810323
4.933645
4.453024
0.03190471
1.187211
7.132046
2.883245
-0.01867533
4.823208
0.5956079
6.166994
1.561776
1.28601
0.1760865
-1.470679
6.403714
4.316086
4.02509
4.488855
-0.600039
6.391511
4.999122
4.824916
0.7091375
5.197173
-0.481372
-0.8421907
5.052872
0.2109935
8.391695
-1.414202
6.569394
-0.3511909
-2.105765
8.277804
5.304538
-1.071179
1.24873
5.784914
2.58652
1.236316
6.393577
-0.7316433
5.101269
5.12857
0.04378015
5.76269
5.625449
-0.254748
0.9790045
1.820478
6.060893
5.787603
4.847432
3.686807
3.761529
-0.4646244
5.527796
-0.4026775
5.887461
-0.3493802
10.97156
5.87517
4.723826
6.77177
0.7529942
0.6914349
5.341477
0.8915405
3.322082
3.347041
1.627956
0.1625391
4.843597
0.5064552
1.171261
3.381053
-0.5990731
4.151237
2.912028
0.8419376
-2.536577
3.085777
4.833282
0.1253621
5.425335
-1.20928
3.746073
4.161124
6.174842
5.432366
0.3377513
5.069732
5.329795
3.164201
-0.01952747
0.4879688
4.888771
-1.023909
1.128912
4.971096
-0.6433005
1.029513
5.924728
-0.5956551
-0.1407664
-1.51816
0.5350207
5.96488
-1.748362
4.314256
5.883142
-0.9786097
5.744009
4.854649
4.258296
5.750977
-0.9020262
3.714984
4.609854
-0.9353216
3.578655
5.37364
6.01278
4.844269
4.042892
6.910795
5.438384
-0.003341582
3.717422
4.431287
0.3965396
4.9371
0.2795039
5.156722
-0.02158184
0.5018146
4.798801
-0.984677
5.379396
-1.143349
-1.254158
0.3223619
5.533643
5.180649
5.4417
1.293904
4.51474
-0.4161851
6.396473
-0.4825881
0.674023
3.562175
5.967459
4.752922
-1.7387
5.15129
3.449267
0.7629788
5.596989
3.740669
2.797639
-0.4903963
-0.5218424
5.185666
-1.077573
5.31367
5.065935
4.881689
3.775074
4.618726
4.288706
0.4822912
4.433434
2.676391
4.827956
0.6334793
5.324591
-0.3023417
6.691385
4.810703
0.03943137
4.823799
5.136636
5.299693
0.5662605
4.830306
4.507313
0.6102091
3.662913
5.810208
1.76007
-0.4315516
-0.3872793
5.00464
-1.163819
0.5336834
5.359166
4.451179
0.6997465
-0.5583843
-0.8470969
4.283291
-0.14975
4.38393
5.83607
3.632358
3.536878
-0.7519193
7.926019
0.8115051
6.588328
0.5220851
3.939036
-0.3040841
0.6690787
1.066652
-0.1292026
5.432522
5.61648
6.621091
5.607789
0.8708223
4.719721
2.95751
0.3706947
5.796539
0.9378376
-0.3373278
4.402343
6.225455
7.711003
6.159373
6.22766
4.601923
1.602163
5.751448
0.4020521
1.075898
-0.2411007
5.737826
5.305219
-1.125128
-1.194423
-0.1439985
0.1765459
3.851035
4.67565
4.888828
5.65887
7.995907
2.209201
6.971497
0.1149508
0.8345139
0.2969639
-0.1460234
10.59249
2.655224
6.448575
4.432991
1.381626
5.204468
0.1741056
-1.03758
0.9566192
-0.009540938
-0.5263447
5.205
-1.529901
-0.9957138
0.303325
0.2480166
1.85394
5.074508
6.245316
1.963281
1.40751
5.939406
-0.4611868
4.093176
1.766774
7.177359
1.256748
-0.1294097
5.302175
1.023389
4.640449
5.359319
-0.660998
-0.1807366
6.943246
-1.530505
3.003242
6.681555
-0.5552412
-0.8634989
4.946255
4.269707
0.1231216
4.415471
9.044204
0.7808984
3.194927
-0.1003583
3.462045
-1.289272
0.3553197
4.800907
-0.6439154
1.202611
6.316656
-1.087506
4.729701
3.935823
4.465768
-1.766546
5.926179
5.699586
3.983852
5.077869
-0.9656978
5.654608
-1.117812
-0.3962247
0.3579511
4.477182
3.930331
4.763667
-0.8719136
0.6181156
4.449061
5.591621
-0.5124187
0.4323903
-0.1870981
4.689335
3.801853
3.349285
6.742132
4.2638
3.783544
5.521322
5.698185
3.061726
4.200115
0.08561793
-0.01690625
4.766051
5.790965
-0.3984201
-1.942935
-1.720316
4.380909
4.271005
5.121526
4.90942
-0.6904907
5.253654
-0.5531739
5.517536
-0.5075708
5.978276
6.834988
4.417538
-0.1464897
0.8004841
5.112494
6.699079
5.042524
0.5919642
5.482424
0.8558367
5.794972
4.761691
-0.6527081
1.388105
4.250865
4.806378
5.657491
3.240642
4.226756
-1.066375
4.792541
6.242025
3.802827
6.58092
-0.937384
5.302824
1.244126
0.2931974
0.6536006
1.583916
-0.2549876
-0.7397609
1.425798
-1.137755
5.648028
4.028221
3.102277
4.149818
5.271698
0.8551827
4.584354
-0.6858307
0.6116371
0.09266183
5.075266
4.593565
0.5543654
-0.3907496
5.692761
3.04788
-0.0195542
2.629043
0.2970415
0.02845083
-1.27334
4.872303
6.799219
7.090519
0.3208317
1.943035
1.6514
2.454691
0.7046564
5.739016
4.738564
4.424941
4.267999
3.668755
3.802075
6.073865
-1.080327
4.353435
2.868787
-1.19156
3.688691
1.235993
1.192847
3.487145
6.291433
0.2161309
0.1897899
1.01531
6.239035
6.443753
5.679527
6.121894
5.587535
4.547942
0.8605895
7.774472
-0.8232069
4.649001
-0.02021448
-0.533199
0.2048936
3.586827
4.865588
5.575606
-0.1718049
-0.3769059
-0.8987818
-0.932372
5.317888
-0.5038553
4.973814
5.47649
1.250423
0.3623549
-0.7737547
2.231237
6.874859
5.682638
5.803547
5.051775
4.176024
-1.704696
0.2755996
3.422035
-0.2833392
4.704197
6.329852
7.106016
4.366444
4.957513
1.388746
5.731778
0.6189554
-1.737071
4.65092
3.623981
5.599958
0.5447894
0.1014685
2.610714
2.639028
5.033939
-0.8001645
6.482916
5.404957
5.721145
4.364455
0.9613281
-0.676245
0.2225612
5.249615
0.8705172
3.10053
5.351449
0.6894885
6.612949
-0.04894052
2.732679
4.337061
-1.101024
6.877882
-0.328079
6.378798
5.569221
0.8359238
6.982666
4.957601
5.209702
-0.1273781
7.054925
2.142597
-0.9415849
5.62598
-1.204809
5.198153
0.5539405
-1.038908
4.633732
2.204846
4.649178
5.708285
4.15701
4.502047
2.196719
4.48574
6.812314
5.357638
-0.6974857
1.411264
5.578314
4.399199
1.512687
-0.9215279
-0.5864035
9.518221
7.816564
5.768428
0.6532962
0.3746379
3.549625
0.9986163
4.890496
5.509747
1.574991
4.281675
6.435485
-0.1541888
0.700412
5.629674
3.886239
-0.183845
5.973166
-0.4176165
4.052614
7.391181
0.1644151
1.002083
0.5405992
5.871463
0.5253188
4.498751
4.378776
5.484039
-1.239089
4.379262
6.837897
5.622109
6.0514
-0.149798
6.255309
4.47172
3.956994
4.775696
6.128712
5.063325
1.057043
0.9225578
4.211184
-0.8699601
0.1073647
5.225084
0.2099331
4.840767
6.237119
-1.340196
5.361425
4.53277
4.673827
2.910796
0.3010326
6.547152
5.991278
0.07601108
-0.1153569
-2.042555
0.5351947
4.338221
-0.03687561
4.33487
1.326395
-0.9159972
7.044444
4.024655
5.721699
0.01838561
-1.191302
-1.132545
4.862228
1.792859
6.432936
5.652095
5.926691
5.686698
4.876621
0.8133075
3.905428
1.469822
0.1330113
3.407799
0.1064546
0.2268515
-0.5885812
-0.3471754
-1.229845
-0.757105
-0.5704501
6.016706
0.02804884
5.30256
-0.4310755
10.73239
2.374486
5.193414
1.36758
6.912331
-0.05743226
2.654138
-1.52777
0.3013388
0.4681352
5.163495
0.7149123
0.7584435
4.682016
-0.9457236
3.535173
0.5812566
0.9524381
6.608508
4.076582
6.834097
5.41625
-0.05884793
5.657758
-0.2274368
-0.8773916
-0.1175119
4.699521
4.634287
4.366103
6.721089
0.7823268
-0.8112859
6.365702
4.171732
5.021438
3.338239
-0.2894381
3.52006
1.075887
-2.042158
1.127837
2.920089
-0.9943501
4.90401
4.751442
-0.4271293
5.280736
6.08996
4.696097
5.305745
4.890973
1.068256
6.837006
4.069558
6.582369
5.278495
6.455947
6.845726
3.742
0.3769894
3.753236
-1.09494
0.3664708
4.784998
3.985744
3.630639
6.059572
4.156964
4.787042
-0.2762225
0.7575712
7.863313
4.357618
2.366605
4.161748
6.126651
-0.09982774
-0.7140404
4.857381
4.445362
0.02179947
3.852474
5.546039
-0.122214
2.934555
1.322934
-1.180419
-0.03074546
4.305059
1.0994
1.370226
5.740399
0.5738143
3.776354
-1.64773
2.796123
-0.1180382
1.587445
-0.3610739
6.579877
5.798952
-1.082666
6.173286
-0.3470056
4.297029
5.617691
5.876826
-0.7077735
1.486234
5.893026
-1.665639
0.08996117
5.26705
4.301617
0.8271714
-0.6109662
4.880169
0.9645415
-0.6140896
0.5642296
6.029826
3.620664
4.829606
5.102844
-0.7427001
3.362384
7.428027
5.590782
1.634287
4.676629
0.8735635
0.6815646
4.658735
4.592872
4.870602
1.22417
3.868023
4.375197
3.330214
4.582126
5.647577
6.096811
-0.7346974
4.226382
3.264146
-0.7223723
-0.6510157
8.414426
3.491334
5.016641
0.2798945
5.25272
0.5223598
6.131752
-0.3525535
4.969179
0.5877368
4.74774
5.052846
4.222393
2.679832
1.41307
-1.600309
6.600421
-0.871688
-0.1034219
0.1014907
5.094828
-0.1496739
6.831025
4.994393
7.063664
0.9052468
3.336726
5.379636
4.711923
6.080193
0.4064261
1.982865
5.018955
-0.1461897
6.429684
8.309645
0.5269226
5.402979
5.269107
5.718603
2.569597
4.809711
4.88727
-0.1199996
4.473444
0.8916453
12.03379
6.413949
5.475923
4.633937
2.778092
2.960817
4.535716
-0.5471323
4.951174
4.201625
3.979891
-0.952614
9.746783
3.823445
-0.8052542
5.015911
7.201132
5.676551
-0.6767296
6.41382
5.701798
0.4069588
0.2547033
-2.971731
-1.435504
4.876814
5.563967
3.110289
7.358283
5.998573
8.935075
5.928601
0.8538811
-1.979801
6.37031
4.792863
5.38648
4.440974
3.831062
4.313198
-0.4582038
0.1312438
4.561467
5.312393
6.718341
-0.3717212
3.989143
-0.897251
0.1868181
0.8739908
0.3445052
-1.940172
-1.902805
1.386534
2.744112
6.42663
3.812998
0.7127523
5.670777
0.411987
5.612804
3.860383
6.830191
-1.484968
6.327557
4.382597
-1.217147
6.475393
4.158768
3.384845
1.107555
0.1059291
-0.5304802
4.184581
4.953135
-0.3472402
-0.289496
-0.1812938
0.3353151
0.1820885
4.9437
5.585135
5.279037
2.747856
3.932155
-0.9052501
-0.3195218
2.243182
-0.3580819
0.6707491
0.584749
3.905261
4.746395
5.397896
1.521806
0.005259825
-0.2489192
1.400723
5.008436
-0.1920782
0.413721
3.99322
4.79258
-0.5930906
-1.28955
-1.030072
1.000176
0.468531
0.3723503
5.546896
5.354174
5.235741
1.240603
1.653446
4.028319
1.664058
-0.2404806
5.30013
3.647455
-0.6848535
2.483727
4.348873
3.466139
0.768328
6.808096
0.520202
0.1352853
2.271923
-0.4661863
-0.7680151
0.2633084
7.704135
-2.084608
2.809097
4.840819
5.460069
3.973966
-1.348264
-0.2451383
6.085316
3.957949
-0.4229741
7.176094
4.886372
4.611016
4.067264
4.513412
-0.009549115
0.5268334
-1.022842
2.181782
3.946547
2.05453
0.3523161
3.971135
-0.3386711
5.433092
3.519418
5.531308
-0.01366654
4.791311
0.4718496
-0.8437369
4.058308
2.189492
2.443817
0.9051218
3.124405
-0.2594454
4.862762
0.7530855
4.767555
4.194368
2.708659
-0.5890352
3.57651
4.748932
-0.8304239
4.831333
5.194783
1.274212
2.285672
2.411931
-1.436761
4.905255
-0.5516161
6.676132
-0.6200429
0.8123558
5.727549
-1.860634
1.947179
5.381232
5.309579
-0.2495864
0.8523519
5.313001
6.203705
5.178466
5.796234
2.579279
2.054259
1.421674
-0.3079149
2.834208
-1.926489
4.265248
5.067404
0.8861207
0.2701713
5.400784
5.46671
5.212709
-1.388863
5.226366
0.6758597
0.9127959
2.546089
-0.218195
1.887603
5.724803
5.754061
0.7006453
4.430727
0.08416666
4.13481
4.652856
4.444066
-0.598795
0.5038664
-0.4665864
5.661855
4.593068
-0.7270059
4.217043
-0.157255
0.3014496
-0.2609224
1.75243
5.300294
1.133625
3.525287
-0.6219996
-0.8822284
3.916404
-1.502019
5.175623
-0.3442088
4.75134
0.6956889
0.4791055
3.906635
6.870195
0.3882645
5.082806
4.666013
3.496377
3.482909
6.085174
-1.492153
9.0377
3.415733
6.808085
5.748079
-1.265043
7.118653
4.944788
7.079747
-0.6312741
0.1828371
10.4025
5.932572
-1.219966
4.921412
3.824085
5.304665
6.222312
0.998176
5.229729
-0.6096244
0.4233051
4.945629
3.836203
-0.5913235
-0.1800434
5.268066
-0.1475934
3.405827
5.509946
4.808978
1.101473
5.269462
0.1785949
0.1332091
5.381351
3.176052
4.221947
4.792199
5.231522
4.770682
4.568914
4.551552
4.437595
6.646408
4.462579
0.06823364
0.0815695
9.193627
6.013705
0.4656691
5.422913
4.191423
6.071033
4.102406
3.457539
0.1538312
-2.068142
7.601316
4.731368
6.073568
2.944724
5.313826
5.213328
5.647156
-0.08370775
4.702919
3.662318
-0.8365522
2.965959
0.206407
-0.1115656
-1.302882
-1.352754
-0.1027763
3.993975
1.133611
-1.382615
-0.252988
0.04775729
4.121939
4.151218
7.110596
4.381655
6.685914
-0.483548
1.238354
5.038938
0.510601
-0.6536527
5.181375
-0.9778395
7.042999
4.686964
6.007825
1.493557
4.885012
4.550326
-1.146729
5.781751
-2.284616
-0.2520528
3.89652
3.510186
1.27661
4.689817
4.703514
0.3972603
5.191274
5.484528
5.516796
6.821343
5.314774
0.5108442
-1.121587
-1.111097
3.950916
-1.057978
0.1072808
0.4992802
3.416825
5.628846
5.358392
4.500215
5.530752
6.851545
3.971241
3.586694
0.8832035
0.8410474
-2.946587
4.620733
6.434519
5.374086
1.205114
6.505277
2.239024
5.143356
2.776462
3.543097
-1.389341
-2.580724
4.137057
3.762814
1.078934
-0.3137103
-0.2836308
-0.2806738
4.623255
3.717195
0.4632521
4.768485
5.727181
0.8427527
4.389828
4.66967
-0.2329775
3.628382
1.20859
9.418025
3.484488
0.3018986
-1.105941
5.463464
3.882555
5.684717
5.797464
4.896138
4.80319
8.953227
-0.837265
-1.793725
3.263712
5.38469
2.808187
-0.4943446
-0.6154591
4.692816
1.568503
2.939415
6.054185
6.821412
0.7160351
-0.8054624
-0.2702261
3.652192
5.180408
3.421993
6.943888
3.988365
4.909524
-0.5200554
-0.3097066
0.9560572
6.496242
5.410585
4.775848
-0.8228441
4.571314
-1.456625
-0.5809193
0.1164714
6.68036
4.36464
0.5785447
-1.580502
6.231833
-1.397947
-0.5550036
4.126398
0.296174
4.35588
5.894074
1.659881
5.542883
4.31037
0.4464557
-1.041407
-1.321196
4.591873
5.186307
-1.254711
-1.18908
0.8990029
4.993803
-0.6047818
4.032124
4.485835
5.530598
6.521688
4.80334
4.371622
6.457503
0.580968
5.850932
4.590517
6.379599
5.667913
5.131157
6.997162
4.937929
5.289393
6.121152
0.6305283
-1.256993
-0.2536308
5.201135
-0.02004694
-1.337038
5.554684
-1.599127
-0.7724297
4.615361
-2.856872
5.419018
4.930784
4.382809
5.932672
-0.5538771
-0.157644
4.616661
2.515996
0.9687698
1.644793
0.8853816
-0.3120416
0.1317143
6.050902
5.616797
1.448088
5.001013
5.565278
9.090165
1.047344
4.223584
6.791756
4.157835
5.395574
-0.8805375
5.31475
0.8532446
5.136123
3.040393
-1.195829
5.41489
6.545591
4.045879
-1.046006
-1.008477
1.004038
0.003645869
-0.9903665
0.05338146
0.05632166
6.06745
-2.015845
5.805297
4.629046
4.445621
5.635985
-0.2948977
3.434708
-0.2681662
4.856368
0.8222725
5.8939
1.433414
6.190422
5.215997
1.636854
0.716683
-0.7078611
3.974613
3.123735
1.041228
-0.7222066
3.882119
-0.3157976
4.704213
5.365631
8.203957
2.263781
4.714929
3.452651
6.00455
4.140203
4.778423
-1.079314
6.034218
0.5839281
5.086691
-0.2838563
3.071123
0.5069162
-0.318556
1.193057
3.843338
4.481122
0.9284452
2.12777
4.047423
3.242624
5.236916
-1.178527
5.150993
0.457201
-0.3488177
-0.02779476
-1.15651
4.285247
4.669723
4.569847
0.6961978
0.2407259
4.649884
6.720904
4.900471
4.239268
3.664325
5.952987
5.319103
-0.417096
-0.03468837
0.260003
5.945676
3.254296
2.270613
3.120762
-1.145147
3.107198
4.471177
6.399281
6.881962
6.32936
0.3718181
6.338526
4.556211
5.254326
-1.506944
5.598504
4.81108
4.71647
1.519211
5.07073
-2.203189
7.13273
5.684018
4.922039
0.3087234
0.332862
0.9468548
-0.8946299
0.9813416
-0.8088557
6.674168
2.638114
3.766402
5.11019
5.896037
0.8202495
5.95033
-0.07548625
6.186017
-0.9516063
6.684478
0.3945124
5.757485
-1.545551
-0.3390833
7.036028
4.03437
0.9405001
4.692704
6.608234
6.080568
-0.4762312
5.075828
-1.582971
3.686657
-1.407815
5.272169
5.206954
-1.20854
-0.9834907
-0.5968696
4.714629
5.43481
1.130674
-0.4945781
0.06498613
3.942943
0.6647285
-1.185294
0.2320904
8.116011
4.427437
3.449695
5.652995
4.006212
-1.385644
5.853622
-1.271001
4.752634
-0.6299214
5.018081
6.892326
-1.801888
5.035533
3.747561
4.458819
1.531626
6.372767
-1.299136
1.674602
2.928243
-1.071295
-0.8406949
-2.199555
5.620962
6.058625
0.5196421
8.577253
5.458226
4.763462
-0.4617764
3.998574
0.2478577
-0.3297305
4.402245
2.435158
0.3062162
5.527991
5.975601
4.947613
0.003344912
5.667496
3.587891
0.9457997
0.2854545
-1.244241
4.552648
5.122903
4.618524
5.861971
5.016735
3.167958
-0.2326134
5.127568
3.781162
3.093356
-0.09407636
4.803025
4.036328
5.406459
5.3432
6.498419
-0.1209133
3.546184
5.299489
3.743018
4.787761
5.312163
5.964876
1.924185
-1.356384
1.185678
-0.4426753
4.842984
-0.2786825
1.188888
5.210609
3.275261
6.87865
4.895296
-0.4412388
-0.7712579
4.380915
0.4047801
5.889907
-0.01063524
4.564575
6.002363
7.063707
4.978819
-0.2392515
5.595942
6.653642
5.35836
-0.2020033
5.62255
0.7082455
0.4966063
5.21004
4.137036
5.263695
5.551434
5.049167
-2.209135
3.799931
0.6276188
-0.7837302
4.78549
1.330679
-1.188198
5.016984
3.682272
-0.5075762
5.507506
0.3876953
5.979519
1.261046
-0.6937223
0.2962684
-1.44325
4.157109
3.616865
-0.556162
-1.886666
-1.051768
2.404096
4.289632
7.046114
-0.317918
4.895075
3.730094
5.181131
4.904489
1.387332
5.894247
-0.6129105
4.829326
-0.342887
5.700722
2.76003
3.402851
-0.964217
1.733901
-0.03307713
5.158318
1.172381
2.641004
-1.434302
1.576431
5.244761
6.572317
5.337656
7.927901
0.4479059
3.701769
-1.082048
1.574475
4.969258
-0.5073122
-1.399534
1.067267
6.129339
-1.832572
3.553403
3.367227
4.447692
-1.042009
3.95593
1.710855
4.434939
4.997808
7.133351
5.707335
6.28906
6.296978
4.936095
7.483241
5.40003
5.436182
1.243109
4.207363
0.9596832
5.697011
4.8585
0.3234168
2.021129
4.403143
0.6686112
6.581608
-0.6074707
6.205558
5.17882
6.115815
4.870718
3.662279
0.8285129
-0.7848148
5.372735
3.808548
5.843824
0.09640364
-1.829758
4.476933
-0.4832971
6.019215
6.020427
0.8067583
5.952418
3.723183
4.891589
0.7405418
5.339409
4.857001
0.7336384
6.139183
4.210982
1.922623
-0.2904874
4.407274
-0.2488222
4.161674
0.2072137
5.497986
3.021625
6.160346
7.133803
3.837463
4.571245
3.793122
4.546843
2.394882
0.1656848
4.825181
4.400293
5.307786
0.4589892
5.039217
0.686215
5.636526
-1.021517
0.7350742
2.328315
0.1695989
4.995349
5.090331
4.713826
4.903906
5.528398
5.113754
4.312429
8.916131
5.868451
4.622343
-0.4077996
4.934705
-0.5859491
4.465771
-0.1365222
5.078027
6.491962
1.16113
-0.7220905
5.072978
-1.089604
4.856968
5.89346
0.9514252
1.111159
3.672775
7.226414
-0.7676648
-1.093046
4.44226
3.12814
6.431731
-1.025592
5.203952
6.443447
0.2101104
0.1053668
4.283424
-0.1197865
1.099334
4.196246
5.052337
-0.4100746
6.919548
5.834774
-0.2424267
6.592232
-0.5271476
4.892456
0.2381978
3.460293
6.497337
-0.5424886
1.29862
5.810253
-0.1982925
6.408441
-2.316506
-0.7295089
1.070742
4.833163
4.709709
5.94778
5.775244
-1.251422
6.585362
5.783746
2.095185
3.993621
6.464381
0.4812071
4.411302
1.08159
3.773166
4.384262
1.226783
-0.01677763
6.294758
4.813809
0.6569413
-0.91656
7.654511
5.959171
1.600168
4.936077
-1.944605
0.8397052
4.077589
3.162805
4.96554
0.7375564
3.673031
5.463601
3.850208
-0.9293525
5.852744
-0.7394609
0.4883436
5.226013
4.21522
3.662425
6.128019
1.163757
-0.02737048
5.23612
-0.6667332
1.59519
3.252545
1.366989
5.337808
4.055393
5.416258
-0.4111007
0.703558
6.442636
0.6726934
-0.944176
6.432736
0.6816052
5.860656
4.661144
5.444808
5.345781
3.921426
-0.6496554
-0.3844922
1.077814
7.276269
2.028705
4.795007
4.536851
1.587516
-0.9021202
6.015018
0.6307849
6.98801
0.7724991
-0.7281094
5.179649
0.3050618
6.38215
4.773392
-1.779386
4.08693
4.823052
0.03994033
5.171661
4.510671
4.887462
4.445384
-0.7270857
7.081388
4.914412
0.3906803
3.488492
4.618621
-0.03955509
-1.009877
-0.8346379
0.0765217
5.776395
5.089765
4.734395
5.476773
-1.080934
0.1841551
3.892662
4.198506
4.327467
0.923116
3.367577
3.529047
3.960058
4.682317
1.442805
2.922598
5.96157
4.702833
5.370467
0.7542709
4.326183
5.233733
6.324825
0.4418177
5.483573
3.706937
-0.2223184
6.007996
5.841837
5.357052
-0.7523182
-0.7718676
5.705788
5.652253
-0.3503929
0.4225997
0.3194731
3.592331
6.291797
5.181727
0.2039929
-0.1486441
0.1908636
0.6856969
1.522934
2.922336
0.75
5.23048
3.595581
-0.6070058
1.908378
3.07037
4.630781
4.279876
0.2722573
-1.714174
0.2075465
6.326888
5.77071
3.66471
5.544635
0.4177627
4.108645
0.8723485
4.574967
4.77296
-0.7145033
3.903423
1.278438
-0.08453214
1.455641
5.743644
5.023129
5.137874
0.07256673
4.485193
4.719895
4.671974
12.51974
6.423476
4.772583
6.363777
3.611146
5.371424
4.199287
3.439034
4.911297
4.484418
-1.590227
3.821741
4.18667
-1.848363
0.5545705
0.1598534
4.985978
4.66982
5.845419
-1.665769
0.6227474
-0.4683068
2.842491
6.034281
6.134018
3.537458
6.48018
4.546363
-0.6254223
5.577493
-0.6513833
0.5322775
1.297118
4.767253
3.679132
-1.525701
4.724376
4.850266
5.406194
4.26639
3.084682
-3.129038
0.8706154
4.5123
0.7991604
-0.4546652
5.389741
1.220894
-0.2821638
-0.7434781
-0.1760503
-1.2233
5.946873
5.518759
4.275682
4.449994
1.392061
-0.6923594
-0.2345459
4.906947
3.555081
10.72947
4.974081
3.086694
7.013489
6.865366
5.797788
-0.4096374
2.660846
4.788174
5.022334
0.09066992
12.21607
4.861709
1.523841
6.061912
2.29371
4.051685
5.273536
1.954419
0.06379106
2.775964
5.068517
5.582122
4.033649
4.723418
5.724481
7.634289
4.246813
8.038667
3.661224
0.02317904
1.28835
3.039807
-0.739443
4.832597
5.852515
-0.583308
-2.406903
0.2301394
5.091067
0.2556011
0.9580639
1.074823
0.794621
4.084946
0.8042534
4.595606
-0.3059967
5.900961
5.116921
4.802417
4.151226
0.07892243
3.878134
6.2482
0.3303605
3.242467
4.698328
1.657483
5.275613
0.6524035
5.500234
4.800503
0.09936215
4.039494
0.3122341
0.8158334
4.95194
4.319121
1.595491
1.994652
3.825774
0.5542636
5.15018
5.437404
5.014444
0.4039437
3.829037
2.906012
6.739506
-0.4562271
0.6464534
4.164144
-0.2984793
-1.365494
0.9219292
5.646107
-0.03442941
5.559296
-0.464116
1.363122
4.022108
1.768821
0.9036261
2.793642
4.977942
5.352355
5.691444
0.01565347
5.691689
3.591816
4.251895
1.263191
0.8791165
5.014248
4.728413
4.518378
4.272037
0.04251299
0.6467738
-0.1654817
5.355152
7.259236
5.916718
0.1446415
-0.4605432
5.837142
0.61644
5.025198
-1.666212
3.230708
4.745797
3.550731
0.1610603
4.913337
4.860284
5.092246
0.04136918
-0.3723313
-0.8129166
0.5647527
6.056611
6.606982
4.981041
-0.8065746
5.146413
0.8148234
1.41918
-0.5652439
4.415888
4.971993
-0.2060167
5.647723
4.54944
5.257995
5.895283
-1.191612
0.3455954
5.210718
5.685537
-0.5301254
6.219959
6.756662
5.380715
7.179512
5.438364
-0.7281936
3.997523
-0.5523411
5.807477
-0.6675376
4.20361
-0.127398
4.790945
5.153467
0.5047269
3.986261
7.167897
0.07009609
4.609762
6.145538
4.575469
1.525413
-0.8414138
5.711698
-1.719694
10.58402
-0.5736226
4.327177
3.019278
-1.500657
5.561762
3.326727
4.977579
4.733132
7.36857
0.421047
-0.2506065
0.3258112
0.7294037
4.647436
4.703001
-2.373023
1.871573
1.794851
-0.4441223
5.001109
3.996797
4.869595
4.536807
4.958612
3.28658
-1.570791
-2.640831
0.7462597
5.141448
-0.5909518
0.5559868
4.220451
8.82709
3.857785
-0.02542804
0.4497003
4.207059
5.175155
6.308368
3.74334
1.170685
5.791865
6.750337
0.6150525
4.336243
3.813219
6.248569
0.5431258
1.047514
4.193473
4.665581
0.8527405
4.99804
0.8225031
5.96275
4.560217
5.206093
4.400582
5.156493
-0.4234969
-1.053093
6.059807
4.455754
0.04931554
4.76496
-1.033222
6.028355
6.166077
5.82692
4.198439
11.53238
-0.6119089
0.7280948
-1.607227
5.439059
5.147606
5.454206
6.62308
3.859139
4.922147
4.557077
4.383957
4.290821
4.898922
5.452792
4.453819
8.744604
3.256925
0.5979233
5.647214
3.846103
-0.5515467
4.367479
-0.3602498
4.690606
6.316466
-0.7677989
5.446597
-0.05200593
6.928951
7.826285
5.549905
5.944614
6.32598
-0.643438
0.9462489
4.663809
4.893662
9.748437
5.96327
2.390291
5.422183
5.201871
-0.296876
-1.253113
5.295505
5.823269
6.307338
4.786972
3.677075
-0.9882261
-1.987055
1.035669
4.313272
-1.529123
5.291822
-1.423973
1.29096
0.9349875
-0.9614436
5.114242
-0.2800588
1.138966
5.814209
4.447858
4.844752
5.280106
5.781521
5.258025
0.5205393
5.002093
4.525955
4.984709
-0.7512076
5.668137
-0.1788126
-1.664216
-0.09403976
4.122447
5.279832
5.497868
0.5193758
-1.410766
5.189876
5.254624
3.815778
-0.3686101
5.609921
-0.02504777
3.189478
1.67623
3.794435
3.809646
4.763667
5.582273
0.5441911
1.905904
-0.7305061
4.992771
-0.725243
0.08409241
4.556382
-0.4999312
1.048067
-1.385005
6.008194
2.263373
-0.4762815
5.319586
-0.6185055
3.136537
3.01602
6.755101
0.8891687
5.271688
6.129476
-0.5761623
3.554305
0.9985278
5.859582
0.7907665
0.9228116
5.149491
3.933303
3.951938
7.518055
1.411328
7.14103
-0.7894641
-0.4151055
-1.351314
4.671253
0.5630989
1.179599
4.591669
0.5487829
4.786579
5.405786
6.087671
4.233325
0.468915
0.1050527
4.791616
0.8379538
5.902283
7.01929
9.049097
3.470154
5.424632
-2.120361
5.915959
-1.531198
4.7555
4.86269
5.116442
-0.3815029
1.181222
0.9317276
-0.7194033
0.8306382
0.3789703
6.414644
10.33248
0.7524242
3.646317
6.498169
5.123741
5.68585
-0.971223
-0.5193957
7.552584
-0.07193855
5.677467
-1.020408
6.084749
-1.00546
6.451343
5.016586
4.264464
0.3512923
-0.4384177
5.424982
5.348918
0.9846692
-0.0416323
0.3140457
4.681664
3.754345
4.16763
6.407166
5.500061
4.881593
-0.1466393
3.983781
0.7488315
0.8580694
1.645479
3.957094
4.36543
5.840304
6.027245
0.2665165
6.370898
5.229478
4.469798
5.091697
5.397916
3.558274
1.249352
4.224786
-1.517923
0.4991742
0.5738205
7.084098
5.403281
-0.6284404
6.732443
0.4747869
-0.8647121
0.5294908
3.267162
1.784389
5.432717
-0.7968895
-1.837565
10.67988
1.83904
5.847143
3.72748
3.234854
6.915556
5.536252
4.046878
4.240802
-0.2090526
5.037134
4.757174
1.157063
0.6128157
0.836322
5.653229
4.588635
-1.090486
-0.3684539
-0.3079543
5.926923
4.520844
4.691182
1.571482
4.942233
6.554879
0.3153642
0.5263858
6.274773
1.522291
-0.9449835
-0.5496771
4.570601
3.916095
0.0512329
5.31519
1.458375
6.182838
0.02739214
10.96969
7.795185
6.260481
5.418928
5.301551
5.75318
0.3958982
-0.318976
6.019488
-1.145049
4.150348
3.417798
5.450446
-0.3153955
0.2986829
-0.2384923
7.188366
0.4472385
0.01438609
3.781147
-0.7851485
6.628393
3.265301
5.336501
4.238079
-0.6712682
-1.1908
6.641038
0.8609149
0.8855471
2.859056
3.806811
1.34186
4.272564
-0.4540175
0.5912226
6.050116
2.071121
7.90927
1.171321
1.701259
1.232713
4.035204
-0.3896997
0.7602476
0.2036852
-2.350579
5.348231
0.003559036
0.6191965
5.147702
5.682231
5.666002
-1.208926
3.849049
2.903866
2.02924
4.688495
-0.3407423
0.2289805
2.031837
2.600102
5.279847
2.73538
4.68632
0.2054477
5.506515
2.438772
5.395975
-0.1687465
4.812877
-1.19705
7.573301
5.964642
5.269425
5.34941
5.451567
6.173637
-0.8246313
0.04273401
-0.08082513
5.510148
0.3472848
5.086054
1.034489
5.384769
6.594997
-0.6787938
5.962599
5.138138
6.520641
5.797791
6.108672
-0.4546197
3.670992
5.625089
0.7554353
-0.3315587
6.665553
4.691139
-0.8310611
4.26046
0.1977136
4.798697
3.98194
5.319856
5.304366
-1.03382
4.070832
2.805981
4.480875
0.1518192
3.900925
-1.020437
4.822347
4.922474
4.534551
-0.1540015
-0.851161
5.692233
-0.4414411
-0.4990298
0.1748348
-0.8272312
5.629659
1.21538
4.693282
5.710158
4.763087
4.417191
4.967102
-0.2658618
3.251458
6.0567
0.3889772
-0.5382472
-0.4696065
6.375796
5.226282
3.623696
-0.4503302
3.392364
4.529046
5.828499
-0.7369903
3.41915
0.1368181
6.60921
-1.507332
-0.3654067
0.4918925
3.98353
-0.226763
6.855298
3.554454
4.490357
6.624512
4.497253
5.888158
0.4787659
-0.690285
0.4580249
6.271423
-0.6694472
0.4675452
5.641723
1.024197
1.159671
5.220289
-0.3214845
6.477238
4.425429
5.625784
-0.3538287
2.994804
-0.004061293
4.348344
5.436895
-0.6644236
0.1634278
0.06207142
4.819033
-0.5022996
4.861689
5.650218
0.9688804
-1.748378
4.761433
-1.042671
9.661403
-1.012137
4.518286
4.464423
-0.6035004
-0.5779868
5.104748
-0.9895116
0.2450206
0.6708514
0.4191916
-0.1167247
4.951106
6.018193
5.265943
1.703427
3.550294
4.917666
0.2354675
-1.781027
4.705903
5.403831
0.1456738
5.297447
0.1302416
6.638015
3.463282
-1.22212
5.094071
3.999651
9.214209
-2.232736
0.215452
-0.3907927
5.627368
-1.103482
-0.1181034
5.069021
0.9649136
6.779786
-0.6907841
4.989233
7.403573
-0.8753908
3.499692
5.203667
4.07142
0.7687638
0.1989363
5.827541
7.256611
5.812863
0.3244185
4.078632
5.300053
3.67218
0.7852113
5.911053
4.559593
4.681719
4.523496
5.430036
5.689008
7.47134
4.548845
-0.8915628
5.361407
5.659492
5.164439
4.26266
5.383046
-0.6825432
-1.418022
0.1487539
5.044471
-0.008997261
-0.1969146
4.806497
6.079979
4.076308
3.855122
6.258703
3.996882
4.200241
-0.6836411
5.916354
9.068383
0.7561986
3.923335
5.553271
4.909154
4.564119
4.327664
2.414164
5.475511
5.578454
3.772365
7.106316
-0.2277392
5.203758
4.639758
4.356286
-0.08452202
4.100072
5.727875
4.69026
-0.0994032
4.570912
-1.395538
-0.3910863
6.038704
-0.6172593
1.689089
0.4511189
3.89675
-0.4092283
1.832147
6.415892
-0.6051958
-0.7572117
3.945083
4.017126
3.344338
4.4001
5.405029
3.841525
4.830104
4.763033
6.573778
5.518218
4.390095
1.889165
5.584084
3.974371
6.876681
4.669593
4.535376
0.3529905
-0.0788423
-1.368925
3.331117
-1.302455
5.993729
0.8755583
6.888859
4.710891
5.660833
4.615817
5.460628
-0.5013361
0.6509145
6.344171
4.668873
3.969096
-0.4453981
5.41983
0.6778824
4.272976
0.5431171
0.1038461
0.7012834
4.957269
4.209027
0.627947
-1.422931
-0.3389056
4.061163
0.3804772
-1.189137
4.946034
1.189911
5.326024
5.158895
6.186808
0.9094629
1.894677
-0.8387574
0.6290481
5.701206
1.332773
1.102046
0.2420376
5.014751
5.256915
4.646669
-0.01474727
3.985836
4.613089
6.197087
6.756767
-0.1260224
6.134904
3.962164
0.2588989
5.454874
3.701027
-0.1993165
-0.6682568
4.203246
0.2107613
6.473294
5.296475
6.247142
4.826027
5.491567
5.231128
5.469935
1.439093
1.284811
4.043143
2.833694
3.535108
5.625731
0.4184595
3.795698
3.205951
7.284441
-0.1807536
4.767255
4.536971
5.001337
-1.227691
6.631978
4.318829
-1.324198
2.781746
0.2128285
0.484036
0.5636234
2.977852
1.244687
3.870169
5.994925
5.845864
-0.6437492
-1.40851
5.54731
0.5999344
5.607436
0.7869464
-0.4293738
0.7854768
0.3280601
5.607221
-0.2347183
6.40622
3.977974
5.248777
5.344624
-0.5808187
5.038536
0.03729051
-0.7240519
0.6892629
3.533559
1.535595
-1.434418
-0.5864494
-0.6525391
6.167394
4.347626
4.850168
4.576727
5.233825
5.605707
0.9200953
-0.6425477
-0.1047069
1.564818
-2.130305
3.880147
5.990364
3.379005
5.483374
6.096168
5.551082
-0.1742353
3.673968
4.953441
0.7117773
0.09730405
1.3718
-0.232525
5.441517
-0.7634204
0.08455661
-0.2081072
9.491689
3.736428
3.742441
3.579296
5.011263
6.397105
6.227927
-0.5707959
-1.75395
3.784718
4.773306
4.932102
3.851471
-0.7412065
2.443257
4.947426
5.562187
-0.4980287
0.1518542
3.545486
6.706532
5.043491
1.043036
-1.162445
6.197059
0.7846577
9.639075
14.02995
0.020965
-1.635856
4.20102
4.801438
5.532186
0.5782598
-0.6082452
4.41119
5.930278
7.184899
5.499092
3.516285
1.525625
0.6603778
-0.146161
4.45106
-1.713631
-0.1345787
5.768688
6.8608
2.707941
4.077251
-0.7188678
4.526979
6.499397
0.501312
4.803248
-0.5703086
-0.7331607
5.72846
4.676282
4.999111
-1.387612
5.225161
0.2829839
-0.2822115
4.642409
5.882144
-0.4519645
4.045313
5.437623
3.282144
3.702221
3.637524
0.3168006
-2.739906
4.051518
0.8680884
-0.8598473
4.630237
5.207698
4.014376
1.370967
3.891901
1.269158
4.847775
-1.292949
4.350485
4.978514
3.731304
2.789681
0.7360836
4.041574
6.728068
0.5342791
2.122848
4.029568
6.151086
-1.077485
0.1475166
-1.495138
3.424113
5.637862
1.026676
0.7339401
5.294658
5.001352
-0.1459407
-0.07335501
0.961727
5.035332
0.6557707
4.643252
0.555753
5.165391
5.726359
6.098624
7.022272
1.803823
6.222107
0.2393013
5.836143
-0.4894684
9.887648
3.456453
-1.456302
5.649564
5.416317
4.12636
-1.88405
3.648026
0.8388602
-0.03755658
-0.5408251
6.330513
5.13881
2.215535
6.216842
1.18681
-0.7069355
-1.20692
4.54492
2.497719
1.726385
3.278466
-0.7255996
-0.9906379
4.583174
4.985764
0.05617658
-1.831912
1.51517
5.387366
4.545841
-0.7123518
4.464223
3.709035
1.458134
0.7666138
0.4841684
1.187529
-2.77747
0.5067359
1.168348
4.629526
5.129654
5.616594
5.20178
0.06037949
4.737107
7.080553
5.041841
0.03812195
0.7143888
3.360559
4.102234
5.098578
3.361471
5.484195
6.309822
0.6504293
5.591089
3.654093
0.9429027
-0.5444928
5.933911
4.715914
3.947406
4.90396
-0.628056
-0.7006563
6.86113
5.510323
5.548202
6.948994
5.237276
-1.082701
-0.3529938
6.139211
1.039776
0.06726241
5.95968
0.4872976
4.675743
5.676581
5.073771
4.422206
-0.03102711
4.954524
4.021674
0.9144054
6.039915
3.360052
3.74264
5.830493
4.875562
2.85923
-1.222981
-0.3683672
6.03595
-0.3605118
4.646902
5.507697
4.146162
6.334146
6.659556
6.042365
0.664122
4.998001
-0.8555619
0.5942588
6.386584
4.671514
0.8920369
0.08678581
0.8999212
11.03976
4.113356
1.983105
-0.572013
5.598373
5.391994
6.075508
4.243295
5.035371
5.605409
0.4151322
6.097498
0.4625659
-0.706322
2.049736
5.9086
0.3424156
7.432265
5.343647
6.438311
4.946199
5.538965
-0.1874599
5.922976
6.399582
0.8415471
-0.01783286
0.8128293
5.117489
0.720413
-0.7613343
4.885477
5.969343
-0.5976627
5.896096
4.218075
-0.03955833
3.77532
4.634077
9.790939
1.056638
3.999263
1.914105
4.580192
7.055027
4.013087
6.149435
0.2752129
5.044484
-0.224719
5.175977
4.989403
6.249509
0.2663499
6.023986
6.00678
0.6959109
0.7140916
3.373141
5.887866
5.989046
4.529951
1.088673
4.722512
0.9409749
0.4183466
4.345219
1.077241
3.834221
4.482084
-0.03795669
5.015046
5.149709
4.604714
5.569116
4.469339
-0.2817365
-0.3733248
6.506209
5.781136
5.540262
5.75418
5.656662
6.664556
9.57061
-0.4952291
6.099222
6.292569
3.114315
7.35508
1.550225
3.722238
7.511451
4.565258
2.166911
4.236665
1.215809
3.949277
6.088984
-0.02148932
-0.843368
-0.320174
5.337817
5.408073
0.5746968
0.9441994
-0.7073467
5.261731
6.278567
-0.2394329
4.195393
-0.01770972
7.355935
3.596664
5.034777
3.122013
5.76275
4.702876
0.1627393
-0.1401844
3.801952
-0.2705543
-0.158568
3.863935
5.297129
1.198677
2.960624
5.055839
0.5644972
4.855656
4.06884
-0.418202
-0.3762973
4.479868
1.005867
0.4956266
4.586675
5.162157
2.765492
5.1242
6.786305
3.653753
4.176004
7.277266
-0.5439904
4.513701
5.365452
5.869422
6.241705
4.486606
4.155038
8.045066e-05
-1.065027
5.138038
-0.07883356
3.061253
-1.014821
4.827976
6.05168
4.992332
4.837196
4.22379
0.2289935
-0.5111513
-0.4573777
5.542498
-1.113927
4.861808
-0.2319888
2.432733
-2.01096
4.886542
-0.2049729
0.3226153
0.1793735
0.6108657
2.371106
5.024489
0.7932959
-0.8823752
4.355516
-0.6022772
4.973488
4.882777
-0.1972625
3.209959
1.875989
0.1472255
0.7064061
1.343814
0.4091696
0.3094904
6.665584
1.791384
-0.0655562
6.397729
3.79292
9.864614
4.844195
6.194963
-0.9357947
0.1387337
-0.2236907
6.304238
5.250919
5.972849
4.263898
6.248255
4.863756
2.108727
5.051772
-1.203604
-0.2444677
6.096563
5.928956
2.08873
1.951763
3.959997
-1.754846
1.013223
5.940254
5.312912
5.181771
0.06605412
5.673666
6.024868
-0.4406398
-1.152202
4.648082
5.438332
-0.2812543
-0.2882161
4.433756
3.772467
3.264244
-0.6859232
4.29066
2.742277
0.3435066
5.014112
-0.1043143
4.879334
6.573514
1.807152
-0.3566576
4.938584
-2.19786
6.931206
4.879421
2.025239
7.252319
1.206592
1.269451
-0.07861197
4.435214
4.209601
-1.189335
-1.252433
4.304402
-0.3123384
1.214727
0.4686932
4.464556
10.15955
0.6339822
-0.2236467
-0.07001357
-1.783415
0.1864894
-0.2596694
10.24334
0.5342038
1.686342
1.783172
2.147209
-0.9279035
5.433659
5.398232
5.216766
4.955043
-1.917091
6.012368
5.36387
4.864339
7.202338
6.09176
5.398235
3.082188
1.842982
6.209922
-2.293251
5.165497
5.399117
-0.13886
-0.5893656
6.65262
1.763298
4.770666
-0.7208367
-0.7203011
5.212185
5.891018
5.261653
-0.9334405
5.484003
-0.118766
7.14265
1.869854
0.288289
-1.26825
5.904809
4.082302
4.754121
-1.229628
-0.4280777
0.7206838
6.919421
0.06677998
5.181546
6.114307
0.5983558
5.142666
4.73668
6.545598
0.8604659
0.1025236
5.301338
4.382999
-1.090757
6.405837
3.908288
1.141518
5.666799
4.255826
6.249691
0.6934689
1.191485
6.80186
3.029309
-0.5699081
4.515954
1.180978
-1.23741
6.203296
-0.2795339
5.165824
-0.6223218
6.013983
5.555182
0.8428833
5.313016
3.651918
4.638819
4.495808
5.227853
-0.08075221
4.812862
4.173851
0.9428614
5.185116
5.62529
4.783088
-1.425732
5.868525
4.151557
0.5969033
-0.0100343
0.5812566
-0.1583359
7.253011
4.862703
4.782627
4.984506
7.594714
0.2494862
6.258758
0.0005880218
5.449907
5.836772
-0.1808883
5.799293
8.646977
7.547688
0.3508881
-0.7900419
6.306412
6.514636
4.433062
2.606469
0.9768159
5.127925
5.317249
0.8384569
1.706784
-1.491162
7.209153
4.71061
-1.342354
-0.1797672
5.85055
2.380736
-1.129701
0.1449741
5.197915
-1.234405
4.775764
5.775422
3.573404
3.613047
5.201105
5.135811
-0.1193147
5.506272
5.372763
-0.746495
-0.3930998
3.752572
2.641696
4.366048
5.386342
1.280061
3.01022
-0.9518437
4.275775
5.066889
-1.027357
9.60552
3.888246
0.4084362
4.909283
0.7116091
5.496218
0.4747356
4.706049
0.9850538
1.091044
5.170709
7.504693
5.943325
0.09377125
4.378513
5.972135
11.10014
0.002240377
1.729574
4.104307
5.6641
0.4213947
0.2502187
6.796857
-0.374377
3.313982
3.679778
-0.7805232
8.502516
2.275917
-0.07845843
-0.7528032
5.188134
4.896883
5.607212
-0.3768907
-0.1781669
5.79714
-0.4328344
-0.477763
4.624024
3.931797
-0.3753104
3.700599
2.698982
4.50793
4.620701
5.64426
4.428152
3.371182
4.60276
4.097213
-0.4971748
1.498537
4.488788
-1.584642
-0.9643085
3.829893
4.351459
2.980369
5.671322
4.747623
4.244392
6.193424
-0.5397295
3.911992
-1.886437
6.691753
5.688543
-1.80649
-1.673767
3.101951
4.799071
-1.429176
6.941956
5.441361
-0.9062143
5.823121
5.790767
0.4388025
0.23935
6.300434
4.349194
0.3381281
-0.6390503
5.259038
4.323425
4.464611
-0.6644661
2.344715
0.2199663
5.908754
-0.06297164
5.157136
5.407492
-0.3067862
-1.058113
3.630402
5.096688
0.2173991
6.415595
4.202769
4.371636
3.953284
-0.9666617
2.202994
3.759823
-0.995893
6.195272
6.223001
-0.1040853
-1.780364
5.638153
4.382972
5.437294
0.5182622
3.300927
5.300236
4.235905
5.129641
-0.2968518
1.238004
6.246291
6.055492
-1.179674
1.487192
6.112993
-0.4408017
5.479259
5.083044
1.13371
6.205838
3.816587
5.753431
2.933626
0.6762029
6.464433
1.209697
4.272269
3.355665
-0.8730542
4.266505
4.984595
6.791408
-0.7485021
5.719588
4.314731
5.377412
6.538201
-1.082041
6.30153
-0.3644411
-0.4985351
2.588244
0.2338744
1.890852
0.06507094
7.42279
5.932653
4.177519
1.390559
4.137678
4.030899
6.53748
4.312229
0.2508569
7.425307
2.955953
-0.5922268
4.497835
-2.496669
-1.706856
3.425091
-0.933614
4.655666
4.364536
5.902795
0.4815157
6.316091
4.101224
0.5154359
5.39523
0.1416608
3.483968
4.366494
5.068098
1.125467
6.661413
4.880727
3.079092
5.292143
0.1740349
1.35777
5.355352
-1.730162
3.778699
0.3177285
1.34145
5.145014
6.326245
3.188328
4.863376
0.4466353
4.841634
5.32631
-0.2542377
5.742288
4.871916
0.8287529
5.197961
5.709313
-0.5880424
6.557841
5.244294
-0.7420943
-0.04595936
5.102719
5.008341
-0.7693987
3.300213
-1.154833
-0.5371075
4.919108
-0.6017665
0.281965
0.3525562
-0.5630303
3.831538
5.612767
-0.1715868
5.411642
3.618702
5.826854
0.8693008
-0.331531
0.1730232
5.073298
5.920335
5.661148
0.4091288
4.025216
4.838798
4.548505
5.448283
0.9031093
5.791475
4.259339
1.357916
0.04487713
9.926739
1.61775
0.5023589
-0.6304342
5.541924
6.716963
-0.6259864
1.883044
-0.4837062
3.148768
1.288
4.155012
-0.5397339
4.369382
4.979029
4.485357
5.58768
0.7491822
3.444701
5.19674
0.745944
-0.7623196
-3.051564
-1.69116
4.502873
4.463221
1.001383
5.561288
2.955582
1.060617
4.547718
6.022299
5.555618
4.533724
3.831798
4.600641
2.966077
4.341451
1.943355
0.2190962
6.32241
-0.6726799
6.244795
9.388695
6.004933
7.375795
0.9831243
5.825817
-0.9696651
4.993247
6.099478
5.461813
6.169448
4.656683
0.4850901
6.435373
5.212434
6.37384
4.599381
3.722064
