3.745372
4.984444
4.696875
4.428754
4.816102
-1.121871
4.615299
-1.882569
0.2543411
-0.8070273
1.168152
8.393012
-0.2489494
1.046982
0.122383
1.078517
5.40536
6.123667
5.157717
-0.855398
3.418908
6.17885
4.92893
2.525051
2.211401
-0.9394588
5.527878
2.033596
0.9370774
5.7687
6.633448
6.446727
5.716779
-0.1742447
5.73763
5.276904
4.223911
5.856747
-1.522639
6.316433
1.57789
1.800759
2.303515
5.654275
1.922407
4.511329
4.07303
5.273013
1.845199
3.44413
5.256427
-0.3165804
5.367224
6.194529
2.594549
0.1245873
0.90485
5.215073
0.2051356
6.310711
4.124783
4.455657
4.703976
-1.205544
3.15737
0.9755308
3.592338
7.09565
7.481603
1.883614
0.2680114
5.316614
-0.420288
4.785185
-0.1311042
4.368488
5.344893
4.797339
5.226246
3.370512
5.191023
5.502126
5.295592
1.557393
12.07547
1.825111
5.426758
5.804833
4.762142
-0.07401593
4.357158
0.462003
0.9996559
-0.1309385
5.823167
3.467445
5.088527
0.7471626
5.668455
6.759516
6.095371
8.176067
-0.7693394
6.077474
-2.582856
3.438596
-0.6179767
5.890539
3.598436
0.9700221
4.328151
6.073909
1.210199
-2.678273
5.495417
2.147474
5.341352
9.403668
4.543933
5.463109
0.2457014
1.904135
-0.471237
4.107317
0.5159866
7.082038
0.3594806
3.8593
3.469279
-1.259055
3.730812
0.4469135
1.114163
3.412759
5.823052
6.113187
1.219341
5.515278
3.763963
3.433697
6.053876
4.194187
5.963587
5.240055
6.745672
5.418212
4.32532
4.514062
4.961448
5.718423
0.3545389
4.845939
0.420603
5.990965
6.031916
4.613563
3.263327
-0.7228894
4.643562
3.990305
6.589015
-0.4810367
-1.393795
4.685446
6.183437
0.4634964
4.896172
5.986112
-0.1587473
6.328232
4.296148
0.6388431
-0.1661474
0.46941
-0.4020547
1.626653
-0.8537208
6.124682
-0.7177327
4.663917
4.056308
4.844516
2.094188
0.4000456
4.621295
4.499112
-0.3244585
5.349863
-0.3127628
0.2640272
-0.07353859
3.761686
4.351618
3.879596
0.08697515
1.826665
4.361756
6.501176
0.7760675
3.91039
4.266383
0.1872345
-0.3816699
4.200664
3.438851
0.3505978
0.3541763
-0.7416461
-1.795413
4.276312
4.746522
0.7928924
0.9321497
4.920691
-1.494029
0.4915311
5.243109
-1.774521
5.276693
5.029737
9.931431
0.1894257
-1.479156
10.47273
0.8539675
0.5236089
0.1571601
0.8427184
3.967897
4.361698
-0.4400068
4.145253
-2.080491
5.719403
6.577477
5.009995
0.6984947
-0.9837489
-0.05718861
-1.326823
5.921347
-0.6183485
3.360423
5.404328
5.686956
5.009718
-1.004157
6.188103
5.310769
6.359503
5.340014
0.4367388
5.785493
-0.4204428
-0.8107304
3.353271
3.609046
5.46994
5.278799
0.2763599
5.478015
5.194525
5.15405
0.9518172
3.976374
6.479784
-1.749016
0.01428337
1.980477
3.315858
5.381164
-1.421896
5.120972
5.031977
3.782558
2.913052
0.5207583
-0.06983199
4.260671
4.905877
5.131591
-0.9029327
4.935541
-2.7824
5.386039
1.737482
0.9574234
3.801795
4.47717
5.40957
6.406749
-0.8925797
2.52132
-1.292032
0.6156747
5.035871
-0.5965071
-0.4477112
7.133896
4.334522
0.1285994
1.103527
1.763889
0.1690492
2.438055
7.980158
0.6682204
-1.085163
5.148055
-0.7436716
6.85272
5.299502
5.828997
4.116471
4.829059
0.8129721
7.753627
-0.889444
5.488351
3.570863
4.198102
5.721854
7.635263
-0.5977299
4.052431
5.128774
3.829367
4.857702
0.6908138
-1.437725
4.968748
-1.431843
3.397949
-0.577249
5.321137
5.083142
3.985159
4.970271
0.435785
4.494983
5.658183
4.302549
0.8198546
1.580583
5.193557
-0.02356997
-1.54581
4.643357
2.747907
0.2760656
0.4708524
0.8044719
4.204421
4.797171
4.970265
5.435176
6.000183
5.322859
1.415677
1.007295
5.523168
2.948153
0.1478443
-1.552816
4.132211
4.056835
1.137452
5.817609
0.2682461
0.9826313
5.103035
5.477079
-0.2437471
5.923561
-0.1447446
-0.6717422
4.922996
-1.660037
5.953151
3.390667
4.637554
-0.9758016
4.883314
4.165606
3.577072
0.3654894
0.7531512
5.262458
5.73557
-0.9869794
5.640984
5.774719
-3.23057
-2.037965
6.174802
5.574551
5.183506
1.466011
7.196052
3.86616
5.0015
1.629714
0.3812984
4.869408
5.534949
5.116784
5.505625
4.927191
7.314677
5.967375
-0.7500183
-0.2497183
6.776091
4.781987
0.7906326
-0.5479952
-1.25786
6.3294
6.796402
-0.3538593
0.6979803
0.7576598
1.623023
0.02875515
-0.9388967
5.340118
5.105879
-0.0005012116
3.64038
4.19913
5.441249
4.808135
4.388598
1.079113
5.669452
7.542607
3.870369
3.745611
2.405344
-0.5941022
5.609438
7.647712
7.313366
7.974252
0.8788907
3.692994
5.141176
-0.9577972
4.864007
-0.1312041
5.92661
0.2547327
-2.544568
4.312856
6.82926
4.688332
0.2661472
4.031782
4.103291
0.4548966
5.305426
0.6305101
0.2972968
1.277064
-0.4831632
-0.2783083
5.798904
2.494285
5.749776
0.6596924
-1.128806
0.6206812
-0.2019158
-0.03787122
-0.2331748
6.202368
4.308051
5.642166
4.073027
1.323047
1.254158
1.373795
0.813294
0.6631444
4.898635
2.272998
4.757606
6.486832
-0.618751
4.87873
5.170604
-1.218683
7.388311
5.319322
3.881946
5.33999
3.834795
6.164147
4.154472
-2.368247
