0.3311761
6.177223
0.2844579
-0.6102809
5.835788
1.490042
4.539052
5.139176
3.818409
1.148749
-1.743388
4.281946
3.860523
3.550702
0.8540398
5.060256
0.3863304
7.011241
0.0629635
6.142681
4.761434
-1.388572
2.822095
5.030294
6.598469
4.001468
4.694259
7.272176
0.235046
-1.378779
0.2583374
4.074978
-2.449362
4.585097
5.237402
7.33419
4.516535
5.159478
8.862449
0.539058
3.641201
4.873993
4.831603
0.2195042
0.7452032
3.087636
4.197065
-0.2163183
5.076331
-1.390367
2.891408
5.680659
2.762214
1.720898
5.856316
2.233436
-1.599012
4.669779
5.92783
5.167015
1.493977
-0.7634074
0.3513616
5.351495
-0.04963062
-1.416739
3.802544
5.01236
4.089726
0.7527253
-0.6280907
5.762011
2.430337
1.002699
3.854982
6.136081
3.051909
4.391019
6.751917
5.412163
-1.111668
-1.431581
6.022693
4.009195
2.598659
4.035865
-0.7190683
1.24875
5.86669
3.992886
-0.5934076
4.895777
5.252274
4.929362
4.142454
6.069256
5.782305
5.647593
3.174274
4.958036
5.572129
4.392232
4.642737
4.069015
-0.1337545
3.518518
3.302479
5.557823
0.03507977
4.588713
0.377558
5.172539
6.958365
6.960807
0.09608966
0.08273972
5.560935
6.524764
2.998976
0.0280953
3.83957
8.025115
1.306291
0.05997029
-0.2330831
-0.3259901
6.076832
-0.4298898
0.1241851
4.256167
0.9535536
0.6873198
3.577882
-0.6550476
4.795701
3.495437
3.772086
5.509875
5.132588
0.4004401
4.038663
0.2907207
4.915889
0.331657
3.886577
0.4822857
-0.5055346
6.809634
6.016712
2.533459
4.910913
5.48735
4.3924
2.971028
-0.5352708
3.27333
1.429271
-1.758068
3.718361
7.816542
-1.130076
2.921012
8.342578
5.738227
0.5743934
-0.8183613
0.03598413
0.413812
-1.246071
4.771113
3.67742
4.327637
0.2965976
5.878411
0.592519
4.066424
-1.96207
0.7645236
-0.7244174
-0.6861629
0.1842516
3.689771
-0.07302683
4.070939
-0.3374388
4.809956
-0.791711
1.653241
4.067426
-2.005784
5.81653
0.7192389
-0.7088054
0.01164315
4.324172
5.144561
5.531664
-0.07910299
1.843588
-0.7784258
0.7393148
-0.2944143
1.927281
4.651653
-0.4574909
4.353897
6.328365
5.30171
5.218077
-0.05165675
0.3193498
5.697479
0.2152568
2.664605
5.993654
1.415118
4.737756
3.189325
5.013668
-1.000451
1.300408
-0.6620315
4.976903
4.122245
0.3261829
5.863993
5.445921
5.503803
-0.3438937
-0.138585
2.071995
4.690382
5.157978
3.946184
5.904953
0.0122741
-1.137839
5.170907
3.453023
6.137851
-1.281083
5.367942
-0.3368657
4.628118
2.991542
-1.114515
1.996774
5.88414
0.334869
0.4662173
