4.64293
4.504519
0.5092339
-0.9851326
7.275881
1.476943
-0.2447157
0.6606227
4.425702
4.33027
5.077201
0.7740349
-1.106569
0.2041595
4.771257
-1.660663
0.8108819
-0.2318999
0.1900284
5.452319
4.885761
-0.1118536
3.320694
-0.5653806
5.396152
9.24846
3.991714
6.255671
0.8384276
4.566587
5.779828
-0.3984639
4.302783
3.384338
-1.589328
0.7836489
1.593318
5.568889
0.7732979
5.656922
2.32837
4.377383
4.179094
-1.023027
5.720416
0.4273326
0.2315459
-0.4622916
5.181413
-0.9271131
-0.1935622
4.276642
4.473484
0.1853848
5.345289
5.461707
5.343903
0.0606995
0.2537476
0.05738972
5.154704
4.77471
0.3600045
4.702246
0.7462741
3.65653
6.945307
-0.8183906
-0.2919779
4.273217
-0.7980821
5.684151
5.678379
5.391115
-0.4116128
3.771287
2.41268
-0.6262767
0.8393111
3.727334
5.93069
2.679119
-0.01256216
4.224529
4.111764
5.356315
4.367984
0.5773538
-0.09938059
4.722225
9.700604
3.875338
4.715285
1.751782
4.488591
7.490166
-0.04677042
-1.04531
4.597224
6.783389
3.379562
1.666961
4.35257
-1.157543
5.185869
-1.344707
4.780477
0.416194
1.26729
5.413625
6.46878
-1.64542
0.09967379
5.441773
4.827425
0.7327661
0.5720227
0.2975998
3.851823
6.800819
-1.764355
6.806992
4.820592
-0.561882
5.097501
4.756401
4.539429
6.905097
0.6161928
0.2967841
7.415429
-0.09906992
1.783556
-0.2159096
-1.750639
4.167183
5.310315
0.06557535
3.664811
-1.076998
0.638176
0.1297632
5.010154
3.134821
5.769475
1.625076
-0.05342239
-0.3933501
0.7132303
1.118643
1.060949
5.047724
0.2258376
5.277084
9.824244
1.452548
0.2356483
1.305329
2.015818
4.214567
6.117971
3.588063
-0.7558365
6.784039
4.201734
6.61963
3.767269
0.96874
-0.1097602
4.999329
4.057326
5.765908
0.8451049
4.646574
4.598345
-0.4385354
4.384774
5.176097
0.236892
-0.1016791
-0.2284911
3.088113
1.263207
0.9603438
5.861824
-0.04586479
4.642915
-2.001792
5.013349
5.542899
0.5119709
4.367068
5.211882
8.33646
4.798158
1.292233
-1.310333
0.3455119
0.8515529
3.819303
0.5522892
-0.6723772
5.79493
4.525896
0.4986861
4.232316
4.482132
5.053385
0.5188344
5.076501
3.13121
5.734158
4.473407
2.889085
-0.8164118
-0.1338279
4.661116
-0.2210318
4.836369
-0.6242584
3.600247
5.21977
2.268698
1.555735
4.114741
-0.6124789
5.2919
4.42344
4.479966
5.318811
0.4931982
-0.791685
3.900448
0.3909227
-1.308933
5.427539
3.90193
4.71033
5.236304
4.733366
0.5455119
3.7846
5.159396
5.152274
-1.282628
5.229311
1.019138
6.313604
-0.4810203
6.627798
