6.444804
-2.134972
1.107367
5.859934
5.53306
3.736673
4.84061
5.043737
-0.2580508
1.435852
-0.3155992
1.391071
3.78014
5.630424
-0.6062218
-0.1788747
-1.757924
1.863325
0.2545316
0.1611789
1.096274
3.001689
4.32873
0.7562705
4.855331
0.7991624
6.240592
-0.8509214
4.677913
4.152166
6.506452
5.369557
4.936492
4.658118
6.27821
4.573849
1.123524
6.474231
5.346099
5.991132
-0.7044452
3.976974
3.982246
4.929015
9.065582
5.311758
0.149022
1.21781
-1.971052
3.143187
3.212768
0.8849956
4.160863
4.63533
-0.1603899
4.550486
0.6915547
5.438683
4.585774
5.449152
-1.301569
4.64567
0.7279015
6.192603
6.109219
5.689291
-1.026969
6.580604
5.001595
5.010049
4.36416
7.100121
-0.3029162
4.931562
3.153912
3.455511
6.548978
-2.325972
4.141519
-0.7458864
3.449135
4.502765
6.029106
5.449827
5.650923
0.4211214
4.530467
4.492203
4.155098
1.332013
3.955155
-0.546747
4.386343
1.205256
4.489832
5.499804
4.441592
6.031933
-1.118208
3.680561
5.23991
6.169654
0.4684707
4.903913
-1.978484
6.411384
4.519615
8.451623
4.206214
6.34602
-0.2122784
1.812163
3.116821
5.170536
6.568699
3.079103
5.944759
5.111815
2.768283
-0.5803697
4.52323
4.193186
4.321553
-0.3032797
0.1605758
5.716017
-0.3935139
1.242828
6.276796
1.450238
-0.5949131
4.502328
4.158588
3.937272
5.245809
4.660591
-1.42165
-1.282953
4.486013
5.520886
0.1401139
1.722011
6.344133
6.947238
0.7633366
4.68812
0.5136076
3.95081
-1.334893
-0.8471733
-0.780396
4.742059
1.150818
4.121192
5.203233
4.799685
0.693173
3.825346
0.2695076
4.570895
-0.594627
0.7585611
3.438996
0.2502614
0.691965
4.150177
-1.086127
5.731584
0.5023264
5.280567
4.558197
4.941821
3.743388
5.815869
1.932473
3.060965
-1.087911
1.590448
-1.813485
5.620061
4.149099
6.032336
5.890751
1.578255
4.388902
4.982199
-1.194498
0.8291899
3.224342
-0.2165027
5.406112
4.383882
-0.869825
5.575393
7.138582
4.999766
5.045955
5.218837
5.0587
-1.36417
-0.6111367
0.09578631
0.1734754
0.718152
-0.1685471
5.15299
-1.256447
5.605044
-0.3034983
7.784802
6.033786
3.471814
4.506252
4.079127
4.582197
9.743742
7.200156
3.290474
3.711677
-0.7266985
0.3587257
2.980778
4.838165
8.568636
5.98599
-0.8137273
-0.2728247
3.104659
5.193351
5.349592
4.855734
-0.0475966
-0.3812571
3.362559
-0.6970405
3.487706
4.47928
5.106198
4.4821
-0.05384278
3.958439
5.872939
5.459966
5.078151
4.708225
-0.03733263
5.992418
4.680054
-1.467828
4.45427
-1.66003
4.380623
5.16869
4.174649
0.5524419
0.9454207
0.6334973
0.01456712
12.43341
5.346878
-0.9960402
5.703996
5.237913
3.899824
-0.8005111
5.688904
-1.369836
4.115447
-0.3035413
-1.507173
5.347899
-0.7013533
4.986571
4.022105
-1.131699
-0.9423777
3.385781
0.3295451
4.471981
4.080919
5.360491
4.694934
5.95303
4.397689
5.227868
-0.7909139
4.377082
4.857334
5.406353
5.233044
7.444392
-0.8622324
5.452721
6.296038
-0.1630115
4.643928
0.9917138
1.111128
5.330951
-0.5514423
0.05220252
4.08151
0.157219
4.55162
5.149206
-0.2523247
-0.3255832
6.135543
4.817741
0.09761182
4.85063
-0.2151708
-1.544191
0.1464913
3.090946
5.086857
2.568003
6.403876
1.982331
3.658988
-0.7938859
1.674586
0.8601514
6.097846
5.356223
-0.7998089
-0.8409839
0.003261393
0.7331615
6.023895
-1.709112
5.457476
0.2121894
5.169912
0.2059023
4.605584
5.265877
3.99669
0.1006989
-0.4305369
-1.866084
3.599595
-0.9404302
-2.172301
-1.081828
0.4362447
4.136494
5.699783
-0.3318293
6.098191
1.090976
5.025946
-0.7144116
-0.4944715
1.233697
-0.6554557
-0.05124067
6.345129
5.064736
-1.180698
4.012774
4.448943
0.06922084
0.8067606
0.3879417
4.457524
0.1494143
-1.749691
4.801746
1.060148
0.4471944
3.830691
6.554146
7.296661
-1.21685
1.248525
4.593503
5.123285
2.497732
-0.4793997
4.668947
-0.750509
6.524393
3.553739
-0.7592904
4.788042
2.631947
2.891729
4.543358
5.426483
-1.072666
4.548772
4.220618
5.044403
-2.529125
-0.7644513
1.302237
4.900248
4.188146
0.003509681
2.718471
3.632421
3.317375
6.164313
0.5176432
4.942084
3.085199
4.622244
-0.1063776
1.093876
2.690418
5.172328
6.103911
5.206979
4.911746
6.254168
-0.0802002
5.346394
-0.3357167
-0.2430183
4.43051
4.310136
5.439293
0.3696668
6.932007
-0.2278335
2.500649
-0.3864373
3.80532
-0.5168822
5.08651
0.8370998
-0.5123465
5.173565
2.714084
5.482281
3.840614
4.551288
5.602309
0.882765
5.174484
4.569327
5.485953
0.09260684
4.194613
1.023391
5.412394
-0.5630451
-1.889849
4.13734
-1.343076
5.423443
5.002631
-2.156638
-3.517768
6.425305
5.09269
-1.415513
7.383271
1.848331
7.587062
6.021437
1.127352
0.3126568
-1.345743
0.7428295
-1.015031
0.4292825
0.2096936
0.0567081
3.638895
1.227392
4.612883
5.570567
6.344597
3.512149
-1.131835
3.747535
5.769686
4.001948
-0.9899835
3.229343
0.1538085
-1.05759
-0.5922191
-0.1679433
4.40102
-1.678329
-1.157462
5.357735
-1.899218
3.270784
5.815303
4.55021
4.613532
4.849322
6.214215
6.308744
5.468567
-0.1414129
