0.5342658
5.222653
6.514515
1.808283
4.875406
-0.6945119
5.953811
5.603554
-0.9409172
-0.5864845
3.88611
-0.07569006
0.4188154
-0.1396123
-1.110661
6.965571
0.2785918
-1.191456
0.7693461
1.067364
-0.1097739
5.396605
3.06353
5.230815
4.292485
-0.1063261
-0.668613
0.8525814
0.8479
5.969944
5.567064
5.67641
3.641905
0.1950728
-3.017079
5.991744
4.937239
-1.21935
5.298346
0.8570556
2.881477
-0.3979463
4.717026
-2.125892
-0.2521407
-0.1392496
6.13387
6.243529
4.444007
5.743931
-0.0741379
-1.094262
6.464004
-1.216305
0.2090178
3.28869
4.86659
6.781747
6.208229
-0.103263
6.398565
3.138663
4.672565
5.085171
-0.2617519
-0.6898322
-0.3049011
6.330776
4.132611
4.096041
4.269441
4.002831
5.148695
0.7914618
6.469653
5.120849
1.444279
5.541323
1.922261
0.2505675
6.099237
3.773513
4.849581
4.902551
0.5602125
1.343415
4.386277
3.147891
4.246545
0.6632006
0.4041912
6.75506
-0.8513149
5.216202
4.811697
2.822517
5.016608
4.797788
-2.251742
3.925693
5.880735
-2.984466
2.692902
5.173339
5.048483
5.085013
5.864921
4.901402
5.211923
6.095729
6.757669
4.528681
4.889388
1.323159
5.931712
5.260278
4.245245
5.082157
4.777103
-0.314529
1.394366
4.71565
-0.910723
4.73148
7.236921
4.14745
-1.376177
-0.1335652
4.167865
-1.121422
6.1191
5.935599
0.1875604
1.202593
4.061612
0.7093381
0.06368523
-1.17245
1.608638
5.79799
0.2292955
4.050017
1.609775
6.840704
4.450762
5.524713
6.146423
-0.314721
-0.07452327
3.788876
-0.01637361
-0.215913
6.882803
1.714548
5.566076
-0.343713
1.067115
2.892843
4.84955
-0.5411704
4.343764
6.422508
7.347232
5.443687
4.703191
5.40353
5.60068
2.352113
1.466728
-0.8978847
-0.4321289
0.2923382
4.568492
6.292306
5.007486
3.583542
6.195677
4.461436
4.398875
4.92886
5.667765
3.422449
1.251654
-0.1909664
5.513257
3.421986
0.3584934
3.566201
4.586523
5.757999
5.191632
-1.584399
5.994022
6.91148
5.857154
4.655873
5.578895
1.426403
3.838435
4.352347
-0.4740637
3.58282
5.261555
-0.8289926
0.5022953
0.2194022
3.616022
4.145175
6.346645
6.624825
6.158949
1.497206
7.646701
1.317896
3.99411
0.6438695
4.576305
4.569536
4.640905
-0.4966294
0.2921595
0.2654178
2.468918
-0.01821369
4.778187
5.512719
3.741041
0.04417787
6.42848
4.574051
3.245835
4.607288
1.776048
6.470041
5.705072
2.507452
4.536952
-1.207241
4.530257
4.396225
-2.61015
0.8009481
-0.3862691
3.591888
5.182808
0.6270755
3.865859
1.969572
0.374532
5.852416
