4.796387
-1.353274
4.137781
6.139083
5.516821
6.256345
6.506054
6.88039
1.894957
5.621386
6.023723
-1.774627
6.118472
3.382759
5.953418
-0.2641753
5.728941
0.08514336
4.158504
3.813912
1.145463
-1.497691
5.089474
-2.10955
4.360924
3.53302
4.542378
3.983693
5.02234
5.968394
3.841274
4.008627
5.820302
3.662727
0.9306065
-1.360068
8.369938
0.8774803
-0.8868391
3.363791
5.573954
3.676052
5.113869
-1.004307
6.937563
1.868466
-0.7111399
8.29443
1.266036
0.968614
4.063454
-0.05803861
4.555121
2.548024
0.5026218
4.724377
-0.4198891
4.117528
4.566769
2.777965
4.446694
0.6409778
4.309396
5.422177
-0.399435
5.192213
5.733326
3.399136
5.713004
7.463873
5.010257
-1.110932
-0.3214228
4.862762
6.664257
4.682406
3.37884
3.825345
6.68635
-0.3597672
4.220853
5.595067
6.986875
5.808639
0.1865114
6.810452
5.603524
3.349763
3.874221
7.172688
2.163865
5.962854
5.267662
1.468226
-0.8605448
-1.272355
6.7094
-0.7430053
2.915356
5.979582
5.163144
-1.686481
0.9994089
-0.2376894
0.8000709
5.229769
0.03539013
1.04831
4.648581
4.836877
-1.077046
4.507531
0.4108795
4.967225
-0.9173298
3.485357
4.492687
5.18365
4.410704
5.205135
5.962875
4.403794
-0.193878
1.155019
4.461815
-0.3096116
-0.5976469
4.101736
0.5035978
5.230211
-0.4407023
4.203499
-0.242768
4.284186
5.214322
-0.4883762
0.2401746
-1.616951
6.423897
5.128683
2.97819
6.033459
4.376542
3.402953
5.974774
-0.5895979
0.2773528
0.1013139
5.242813
1.717849
7.323535
3.301478
0.4491303
2.33684
0.4236217
1.516484
3.506555
-0.2078545
4.399728
4.646548
-0.1176069
4.384157
5.919469
-0.9494041
3.86279
4.64337
5.394878
-0.8477887
5.592487
5.35429
4.38248
-0.006587094
5.410379
1.307932
5.265861
-1.187115
5.963902
4.908708
-1.649052
3.581467
2.784594
4.750094
2.432372
7.684498
10.23133
5.17807
5.876074
-0.8984415
4.502803
4.173668
-0.8598252
4.413233
5.485691
3.482343
5.393455
5.108805
-0.1298137
-1.126267
-2.081567
-0.1701208
5.58617
6.19759
1.097219
3.573258
3.965899
4.452833
0.6526001
3.845038
5.332056
4.577488
3.234219
-0.7488128
-0.1576683
-0.418972
-0.8730387
-1.32312
5.787271
5.744572
-0.8449948
5.074488
6.018903
5.578892
2.955998
0.275444
4.52435
2.633118
-1.501888
3.517391
-0.9471901
4.15692
4.404469
-0.7827002
5.428351
5.767157
5.328262
-0.7408816
0.3075949
3.480371
6.752635
13.99456
5.347873
6.227992
0.3898654
4.471823
1.116204
0.7952407
1.759379
7.509723
6.034714
6.984737
5.465078
1.124503
-0.4033395
4.156488
1.632089
-0.3538016
3.933123
4.461761
0.4995615
2.2625
3.102913
6.003292
6.056768
5.077403
4.172107
5.645794
3.328849
-0.8020091
3.296501
0.3093726
4.933031
4.971702
-0.3696105
3.347905
-0.4948949
4.662159
4.155634
0.4133083
-0.876075
5.330918
3.18522
4.202412
3.51837
5.323479
-0.04180195
-1.354067
5.100594
-0.3447091
1.559441
6.8329
5.342917
4.193449
0.6798824
5.307968
4.409775
6.176614
0.9633747
-0.361975
5.477509
3.691341
-2.296399
4.12739
1.115066
-0.4148404
4.627057
8.93193
6.17911
3.193588
5.878141
4.045526
2.238087
3.678906
7.099169
4.944193
4.346937
2.133088
0.1221548
4.14709
0.6129301
4.984951
5.430016
5.640363
6.35142
5.138538
6.191269
-0.01922396
3.136689
1.33036
4.688421
0.8968045
4.314986
5.075939
4.926554
-0.3154284
0.03279809
3.153156
5.504337
-2.326015
5.009805
4.880113
0.1565718
5.899269
4.543698
6.204611
7.622589
-1.111679
-0.3603733
7.387147
5.268563
3.979921
-0.4906646
6.474722
-0.1129334
0.2697192
-0.6343489
6.332412
-1.061409
5.046928
0.1445918
-0.6212315
3.174156
6.338938
4.646331
-0.2396033
-1.102119
1.711401
0.8789602
0.07519592
6.704574
-0.6653498
5.19566
6.203688
5.971335
4.322763
4.125466
0.1672143
3.56193
-1.751835
4.855309
8.67479
5.781241
4.544245
6.637074
4.141486
4.7121
4.328284
7.401213
5.128324
-0.7931381
5.70884
5.255349
-0.06766258
1.671857
0.9498613
1.006433
5.759521
5.150754
6.157928
5.844206
6.515013
5.98683
0.1232584
1.625908
4.805943
5.398431
4.512118
3.132544
4.288471
1.756298
0.3037916
-0.1618706
5.553535
4.705802
5.14481
5.479756
4.879487
4.594694
5.073114
4.732019
0.1469689
-0.6178753
-0.547826
5.492982
13.99179
5.156006
5.026778
4.507819
4.837979
8.18795
-0.1344856
-1.303096
5.582017
1.668839
-0.450688
0.1507852
0.2228261
4.385503
5.08659
0.8693527
5.17155
2.179849
2.87205
4.75889
3.180362
4.181701
-0.02808346
5.626338
0.4891208
-0.7406987
3.925307
2.79449
-0.6405575
-1.172743
6.129982
0.3622432
5.442839
-0.7436099
1.488979
6.408953
4.642111
-0.4214422
-0.103467
-0.6020022
7.751853
2.118594
5.857466
-2.977165
6.318178
3.217448
0.04026788
-0.6371156
5.932775
6.108
3.894554
-0.8579842
-0.748762
7.357645
5.566178
5.651013
5.349721
-0.71571
0.9814226
1.130908
6.422472
5.52183
-0.1099247
0.3687901
5.752701
6.073656
4.188886
4.086469
3.52075
5.064213
1.130099
3.666849
5.665483
3.616253
1.327997
3.367976
-0.7345334
6.889263
-0.590757
4.753567
5.834495
5.969071
-0.05162427
5.493152
-0.4590738
6.206497
4.311445
5.430162
5.237659
4.958475
4.029682
4.373416
3.134467
9.505169
6.099142
6.047883
-0.09616797
4.065644
6.951489
0.8352721
0.3496503
9.602659
5.190697
-0.8035402
2.323697
5.190431
-0.3044752
2.820298
-0.2442717
-2.393199
5.062191
0.6539384
4.507605
0.2681775
4.457751
5.313874
5.306019
0.2501949
-0.5843372
0.9756079
4.360074
7.688818
1.533528
5.292973
-0.6240276
6.389784
5.178393
1.72291
5.943924
3.96241
6.182021
4.699747
4.027911
4.265409
4.66195
1.073204
5.295812
4.793505
3.293063
5.9712
0.08272031
5.257926
2.800133
1.662456
-0.4338792
0.8212182
3.410117
5.113419
5.59997
-0.5429949
-1.345578
0.194445
6.121591
4.564403
7.683167
2.682436
4.40973
-1.009236
5.468735
4.213399
5.823226
2.693993
3.720629
6.36555
5.231571
-1.317461
3.557632
5.962604
6.139171
5.708288
5.164313
5.581598
6.800463
-0.02151311
1.020903
-1.703622
-0.6313263
4.5182
-0.8928842
4.483288
3.954023
5.344349
5.84746
1.710202
5.031181
5.358883
5.586738
4.194083
5.797298
4.718981
-0.1143978
5.260317
5.76137
1.401277
13.08336
5.650007
2.612149
7.527931
1.933405
5.021045
-0.793542
-0.2602941
-0.938469
0.4875264
5.623557
5.117144
-0.4483256
0.5843058
3.096902
5.178797
-0.5645961
1.186099
0.6475305
5.717379
5.270203
5.189845
3.501919
5.758622
4.680826
-0.5487681
-0.1896059
-1.762486
6.969859
5.851186
5.260969
-1.059951
3.903365
0.1915925
4.739948
0.4539854
5.40452
-0.4807819
-0.7426454
5.235448
5.44263
-0.6257015
5.057558
0.7755028
6.699333
0.104402
5.259854
4.48035
5.09163
3.883509
4.20726
1.069279
5.418606
6.247085
5.324193
-0.6027105
0.1506662
-0.248344
0.1491924
0.380055
0.1730901
4.214469
6.887522
3.984701
6.815888
4.622801
7.924451
5.740334
0.6007579
0.5795883
4.308481
-0.4495773
5.832158
4.126782
6.933262
8.930496
0.2638959
-3.274402
4.559736
6.035358
3.450468
3.782224
-0.02418814
-2.006983
-0.364346
5.71657
3.870411
0.8578458
4.798654
0.7014453
0.1008479
5.270835
3.941771
6.031783
4.317826
8.460343
-0.6777633
5.134145
-0.688773
4.676012
0.6058508
-1.338098
4.648209
-0.458041
-0.3022378
0.03228482
5.803182
5.697427
5.62697
5.34729
5.233113
-0.9801868
3.339211
2.592249
3.851987
2.47846
-0.2930995
4.824649
6.462896
4.23598
4.207272
3.944203
5.862175
0.1783549
0.1085851
6.756532
3.752891
4.103946
5.777041
5.927748
5.150521
5.245493
0.08748439
6.38418
4.785792
5.869766
5.422212
-1.06132
0.6758763
6.943565
6.386422
-0.2833594
0.5315685
4.87952
-0.5937048
5.115665
4.661821
4.465491
5.874179
4.415394
6.336751
3.68931
0.4701792
5.120584
-1.250705
-1.08631
4.764327
5.216314
3.903385
4.450038
6.480181
1.854801
4.795205
0.4691701
0.3301584
-0.3860439
4.831403
1.391905
5.845258
-0.04106586
-0.4286443
-3.488041
6.386874
5.825401
0.03422361
-0.9085535
1.197107
0.1521476
5.428806
0.5811096
7.184364
5.362304
4.652927
4.702031
-0.8907327
4.135264
5.605451
5.911525
5.497386
-1.338898
-0.4490655
-0.4217482
5.096256
0.2212126
5.391465
0.1783917
-0.5485444
-0.9134857
3.130587
1.305718
1.654968
5.820181
0.194561
0.2391657
10.19484
0.976216
0.547595
6.671054
-0.5124932
-0.8866227
3.828254
7.648617
-1.124322
5.391217
4.304518
-0.6212045
7.144664
3.950962
3.199856
-0.6979411
1.278289
-0.1374005
6.787637
1.019717
0.2434098
6.193641
-1.904229
5.55554
3.88315
-0.229263
4.754074
0.8826984
4.092015
6.695416
0.09602227
7.628084
-1.407072
-0.1497028
0.2539105
5.77168
4.235148
4.197465
4.350877
1.011942
-2.336554
5.691608
4.454561
1.704733
-1.204007
4.788582
-0.5923156
0.3732231
0.300898
6.533436
4.67696
4.351857
4.9356
5.123524
3.588436
0.8702394
-1.624245
0.8199737
0.05693725
0.7344864
4.799542
4.616532
6.873118
-1.391522
6.370606
7.452091
5.424243
2.881605
5.985154
1.317636
5.45651
7.362419
1.322167
5.930328
5.39522
0.8391758
3.422545
9.213657
-0.00742316
5.271569
4.130829
6.076222
5.653904
5.027012
5.464675
0.1787098
-0.5893026
10.17459
5.624577
-1.280196
7.31626
4.887632
0.7203837
2.196191
4.571586
-1.088408
4.419917
5.087483
0.1503512
5.554491
5.208758
6.134468
5.103152
5.821388
4.085544
4.999296
-0.0271408
-0.3607989
6.54394
5.704705
4.237953
-1.90189
0.1433616
2.568695
4.514945
1.931861
3.06352
8.248381
4.716002
5.473151
6.628115
0.1071791
5.110551
-1.132522
0.482486
5.633606
3.922793
-0.1912074
4.346878
0.9447332
3.202346
0.2780771
5.051682
5.118982
-0.1544776
0.4850118
5.189919
4.762907
4.955391
0.8098256
0.8173216
-0.2174428
6.825443
5.874162
5.930157
1.04034
6.244007
5.527007
6.965865
4.808631
-0.2291413
0.7224018
5.050665
5.251264
5.370355
0.4624231
-1.00126
5.320595
-0.02671867
4.620493
-0.2171112
6.020637
0.3286327
4.620635
-1.268113
1.234704
6.440034
4.603679
4.058288
6.47181
5.472591
1.434782
5.405042
0.3108737
0.9886442
-0.1859009
-0.5019531
4.70823
1.041442
3.770218
-0.2121209
4.706943
4.785448
4.784667
-0.0409785
1.102422
0.9650101
-2.764201
-0.176217
0.6510338
0.3791636
6.544944
5.126254
6.550697
0.5053145
-0.390135
8.451945
-0.3219514
3.896322
-2.691019
5.278199
-0.5535016
4.940605
5.751472
4.951853
-1.254028
0.4541543
8.06375
5.223017
5.805848
5.414329
1.512127
6.343554
6.0375
0.2950859
-0.06084901
6.13466
4.970228
1.248696
0.8510212
5.688216
5.022311
-0.4865207
-0.4003865
4.801535
4.931012
3.557244
5.842406
10.07652
5.418247
4.312163
1.223916
0.1676878
5.133129
12.44393
0.3678438
-0.6300255
6.827791
5.413852
6.043388
-0.4058847
4.991277
3.881449
4.404578
-0.6389419
0.00231499
5.177324
0.004077817
0.8800391
-0.01715075
3.974863
5.876044
6.046941
5.576202
4.93639
4.660528
6.693458
0.2598336
4.575134
0.3676723
4.62264
5.5536
-0.4482055
1.45405
3.325958
5.45026
11.82808
5.788138
4.729809
-1.243531
0.4750428
4.835602
-1.585354
-2.103841
1.354372
-0.2330828
-0.850595
5.437411
4.709626
0.7156063
5.674978
4.740174
-2.887937
5.128979
-1.488116
-0.00924423
6.19655
0.1692085
-0.2613443
4.35391
5.615073
4.537533
-1.073128
4.165341
1.070441
-1.278525
-0.7481928
0.5598235
7.519934
5.431775
-2.096586
-4.773859
0.06890479
3.264749
2.681724
-2.034385
4.918479
4.185738
-1.221734
-0.6882292
2.941092
4.897962
5.991124
0.4274488
-0.1206761
6.267164
7.113436
3.68952
5.672147
1.467155
5.354366
5.376882
4.849622
5.001933
0.8835093
3.683118
0.3239948
3.935771
0.04493119
-1.0508
3.884
1.21946
3.393554
4.83605
4.230834
5.889509
-1.27061
5.781589
4.988528
-0.1966531
-1.689496
7.181731
-0.04403696
6.288434
1.368499
4.245095
2.468658
5.051104
-0.7720984
8.130143
0.09711048
-0.727704
6.683702
8.157491
4.622077
4.385815
4.546571
6.340875
0.01158868
4.273404
-0.8277812
-0.9686174
0.3630392
-0.4867712
-1.394665
5.884571
4.12769
8.905977
5.483818
6.005727
0.1521628
-1.040579
5.629776
5.943988
1.486764
5.586593
5.869334
-0.4205092
-0.7852458
4.99439
-0.9739346
-1.14031
-0.06174458
2.909133
4.05679
3.774858
3.654322
5.84658
0.7809584
0.2963276
-0.5693286
6.02344
3.937064
-0.7655887
4.697607
6.32776
0.1043432
-2.003211
4.437616
6.600769
4.566375
3.899909
3.965989
0.3174626
4.698761
4.74753
3.828841
5.086765
6.541814
3.857707
4.214106
-0.7567957
-1.764789
-0.8331425
4.996434
5.810975
-0.3779478
0.1531267
3.786677
5.312822
0.2221138
5.633077
2.998565
3.628191
7.378927
-0.5620467
3.120125
5.050588
0.03771463
2.62971
-1.116432
3.815725
2.978584
3.963462
4.131915
-0.2299123
-1.011449
1.240837
1.751995
4.473715
3.870963
3.329899
4.497344
5.198488
-2.592714
2.23801
-1.029309
5.820595
-0.1345663
-1.15521
3.913796
-1.517004
5.692482
6.571442
4.042676
0.4926883
0.7208454
1.128012
5.85975
3.591254
0.02729129
8.686112
5.747342
5.437366
4.271289
0.2211395
-1.896733
0.2984147
5.903544
3.846701
4.411377
0.5119262
5.936204
0.2569063
6.083052
5.847251
3.15251
-1.205039
4.938803
2.992145
5.23237
3.442578
5.955865
2.819601
0.2841712
0.5643152
0.2538657
1.688067
-1.218695
3.6953
4.164952
0.2802378
4.103079
-0.470373
4.817521
-0.7197499
4.109911
1.845568
6.063141
4.281224
0.05937177
-0.02571873
0.3641208
6.114881
3.444545
-1.437251
2.663082
8.996091
4.510655
6.111859
-0.4097988
5.23795
4.996191
-1.338858
4.581129
4.851205
4.808337
7.033935
4.539578
3.966059
0.5410918
6.229917
-1.288527
0.8027816
-0.1277735
-0.04900108
0.4996779
4.710234
0.3085476
-1.48584
3.294941
-0.1392017
1.442539
-0.09572743
6.634941
5.651058
5.107431
3.28473
0.1383898
6.177982
5.506202
3.855817
5.511676
0.09855044
6.220714
-2.325921
0.486099
5.444644
4.661557
4.573961
1.763194
0.150854
4.722828
5.416924
-0.496731
6.431429
0.1888377
5.46566
4.822377
8.740859
0.2545091
4.767774
3.835502
4.79445
5.158535
4.316229
6.349432
5.392712
-0.9840522
-1.927995
7.343726
4.822955
5.646701
-0.0534642
-1.988565
-1.366537
5.190566
5.853355
5.568032
3.952653
-1.746364
3.943624
3.507697
-0.3127596
7.145695
4.329511
4.912303
1.170179
4.344361
5.564558
-0.6986035
5.378033
7.232275
-1.311754
4.677385
6.434067
4.906129
5.226966
-0.2047171
4.072491
5.388015
5.338055
5.693007
4.743995
0.6664085
-3.083417
5.140758
-0.2671452
5.401193
-0.8404515
-0.2332277
0.4286066
6.982451
-2.76859
4.887362
5.026045
-0.7025196
-1.221823
1.337207
4.635068
4.743477
4.1106
4.563196
4.104558
0.305045
5.308688
7.541363
4.140323
-0.4066748
-0.8136088
0.1804205
-0.400842
4.915873
7.750481
3.780008
5.756891
4.298149
5.481446
-0.9180423
-1.612066
-0.871164
1.88656
-0.6745419
0.4609329
4.345372
3.630094
4.986136
6.189417
1.226178
4.892732
1.634209
9.9399
5.591993
6.601619
-1.891629
5.360365
5.722381
2.373621
-0.5322486
1.623407
5.976406
-0.1992298
5.815447
5.643597
7.171986
5.11877
4.701576
0.966126
5.799772
-0.1831189
5.593382
-2.219493
5.458704
0.1041768
7.137505
-2.064617
0.01589406
4.763417
4.295676
4.843856
0.9527102
1.374253
3.968104
5.367448
1.027203
6.412798
5.767587
9.138435
-0.4938136
2.494015
5.901438
5.595288
6.802279
-0.3935304
5.568117
6.839867
5.213349
-0.7473818
3.528986
-1.257796
7.145331
0.3368698
3.140697
4.908697
5.970098
6.390813
6.298042
4.089277
6.09547
0.8439786
0.7055527
3.972967
4.032904
5.231998
5.676444
3.527909
-0.3988133
-0.9464435
4.393471
3.164187
6.081303
6.022932
2.594015
3.667098
5.307683
0.9758999
0.6585155
0.6796559
4.172541
5.71397
5.877053
13.31512
1.670831
6.154673
-0.5162412
0.09157098
5.48001
4.246909
0.7198315
0.6047305
-0.9184364
-0.7245274
7.086659
4.95768
5.472992
4.497046
7.806391
5.455825
-1.110974
5.426968
5.038443
3.604541
-0.1803072
-0.02047419
4.541591
5.9244
6.19803
9.174134
-0.682765
5.049747
5.220889
6.50905
1.339644
5.436697
0.2892649
-0.8098963
4.437749
6.749602
4.763729
5.041024
5.043057
6.132774
0.7144244
4.53972
3.257189
0.8827999
6.476439
6.073459
4.036016
-0.215122
0.7596299
-1.236708
6.536106
-0.9749227
-0.7111081
3.116959
5.426758
-0.6445114
5.163129
-0.4494728
-0.9504917
-0.86159
-0.7612048
4.434227
0.5038203
3.626529
5.475751
5.255162
4.585499
0.01948199
-0.251738
5.876488
-0.3447496
0.2825828
-0.3289119
3.516122
5.344981
5.312336
5.009621
-0.2414796
-1.542346
5.386927
6.106008
-1.376135
4.902987
0.3848257
0.5206252
0.5226843
-1.75827
4.825401
0.5090149
6.3113
1.47473
-0.4242757
4.065589
4.121881
5.625815
4.258801
-2.736668
5.983188
5.809243
2.860324
5.212561
5.413485
-1.167693
0.4179502
-0.6154528
4.974953
4.773402
4.188109
5.241442
5.885616
0.9069596
0.4154523
0.3421163
3.909707
-0.1345478
0.2171162
0.4147962
3.062865
4.460449
0.5720342
6.019833
0.2770697
5.211432
1.046855
5.407474
8.813731
5.631097
-0.7673703
4.592529
-0.7552389
0.4613741
4.203585
6.528683
-1.32148
-1.309044
-0.419809
-0.469586
8.520215
5.093723
5.280926
6.457217
-2.449901
4.721572
4.759711
-0.01029698
-0.6708013
0.08757308
5.159114
6.960678
3.062205
0.2930504
4.473255
0.6807497
4.550755
-0.1497895
-1.275498
7.229483
-0.7248612
5.069056
5.81818
0.9431505
3.73607
-0.6121763
-0.1217083
5.216211
5.073418
6.784219
-1.912252
4.230668
3.125566
4.921181
5.356002
5.527298
0.2193803
5.805945
5.332792
4.288486
5.539671
5.101865
5.126352
6.846229
2.038042
5.089534
0.4525017
4.704144
4.175797
5.399599
6.053172
4.132702
-0.460706
0.5256045
1.50543
5.486078
-0.03133037
0.2148266
-1.524464
-0.3008436
-1.291463
6.877092
3.52448
-0.03329017
-0.07998181
3.690328
-0.9002649
5.879252
1.483234
3.576332
6.051575
4.26356
5.278883
4.966243
0.8364669
4.464454
-0.3512478
0.3817601
-0.4086018
0.3244907
4.788392
6.227128
1.149006
0.2593359
7.282984
3.367396
4.073249
-1.030412
-0.4178145
6.152765
0.6202826
5.137214
5.505368
0.02183029
2.497339
5.400262
6.471864
-0.2275305
2.375005
0.7421695
-0.8203299
-0.5149135
6.026182
1.003972
2.854546
-0.2353027
5.487622
1.604672
3.110485
1.668314
6.177227
-1.328341
6.506624
4.829201
-0.8627718
0.4544803
-0.1501135
5.694575
4.67242
4.831932
5.208604
3.90631
0.4631187
6.359887
5.580551
4.281884
4.656212
0.8366079
0.09645244
3.303799
4.583909
0.6379216
-0.727879
0.9855466
6.556926
4.039426
5.513564
5.521485
6.17757
-0.2227054
6.143921
4.312294
4.807687
5.558787
6.376747
5.197307
4.466207
4.608003
0.2732097
-2.41914
-0.8652493
7.785259
5.41927
5.941103
3.549972
-0.1983172
-0.9261632
1.866156
-0.1305126
5.495331
6.411763
7.411375
5.269429
6.82022
1.266937
1.002847
4.450707
3.900606
5.447725
4.332751
3.689103
-0.4969581
3.405518
1.078157
1.095291
5.641683
5.785331
-0.3832063
6.497811
5.255202
5.862315
3.6981
-0.8629431
-1.939769
-2.171962
-0.6429188
-0.5970364
5.583066
4.014935
-0.7089598
0.8520685
0.4400287
0.5108579
3.873942
0.7855605
5.092292
4.973506
-0.3106625
7.492827
2.639252
4.887311
0.3121789
5.148058
5.920499
-0.05897758
0.7041089
10.31068
-1.157987
5.610868
4.104733
0.6465595
0.03237131
5.337875
-0.5738073
7.001339
5.120727
-0.783608
0.2437542
6.043798
-0.5096854
6.228123
5.092629
-0.001736726
0.6435913
5.684899
4.159891
2.527636
5.76712
4.53526
-0.8129348
3.460121
0.7388423
6.685116
5.719678
3.435099
5.429155
5.851535
0.8924093
7.210639
6.415977
5.378416
-0.1814068
3.328544
4.684027
2.829522
0.4339157
4.370309
6.235781
5.784022
-0.8078837
5.78647
7.087471
0.6090972
0.991344
4.526772
-0.680189
5.448068
3.984347
3.860368
5.318228
-0.004933247
0.3051415
3.62261
-0.7000394
-0.2584329
4.097836
-0.3866986
5.323874
4.472507
5.044341
0.1161187
6.090325
1.996678
5.517523
-0.4180248
3.790742
7.163486
3.229793
-0.5540691
4.159207
6.103606
3.570632
-0.607491
3.142292
4.751257
1.771655
5.742948
4.506523
3.755649
1.920955
0.2985546
-0.8608617
0.5849216
-0.06061286
0.4008172
4.322366
-0.5457126
4.902146
5.499858
-0.6706943
1.506463
0.2119017
4.945677
4.497078
6.315693
0.2809786
-0.2816391
-1.293733
4.974019
5.632172
-1.889496
13.82236
-1.582495
1.733743
0.7451943
6.078741
6.99274
5.400424
4.142327
0.2631274
1.282351
-1.379034
0.6425416
11.68749
-1.367411
0.4515769
4.748089
-1.24981
3.236614
0.9406762
2.111968
0.8903491
5.400267
4.691687
-0.683826
5.686047
5.459564
4.219055
6.378162
9.282103
-0.1905927
4.749086
9.246747
5.768994
-1.48461
0.4829416
-0.9761178
-1.603153
4.802232
5.941473
4.709031
-0.2332547
5.849994
0.3915544
5.759715
11.19014
4.813268
5.034994
0.7585167
3.224917
-0.4893812
-0.7572407
4.676096
4.298625
-0.6007405
4.72701
0.6223559
5.679841
0.1668816
4.163085
1.351188
-1.596443
0.416978
-0.5503675
2.937388
2.473179
0.06773319
3.140716
-1.323348
0.5442141
5.450632
4.476418
1.7981
6.72731
6.421916
-0.890026
-1.425833
-1.731103
-2.182331
8.8454
4.868072
1.326891
6.533329
9.034037
-0.9450746
1.117652
-1.084605
4.924909
-0.9569962
6.457644
-1.384688
7.146433
7.11085
1.474189
6.180536
4.200915
4.208635
0.603186
-0.2591603
-2.002786
0.2282705
5.364776
5.604263
5.345934
-0.6709082
6.201593
1.127065
-0.8219578
5.33204
0.4163385
5.560136
4.587254
-0.3014761
4.567255
0.09713062
0.8498985
1.255907
-0.9722183
0.1858774
-1.229298
4.322239
3.593542
-0.1795446
4.816934
4.595798
5.169407
1.133815
3.852332
-0.6550215
0.2841268
-0.0349757
0.04335678
5.668627
5.46654
6.865384
4.492006
-1.006224
2.815812
5.873451
3.083098
1.731271
4.92613
5.981301
5.052983
3.706741
0.8537048
1.876616
5.865947
-0.1054582
-1.063663
2.442442
5.042888
-0.7806971
2.725205
-0.7477654
5.136744
-0.7784644
9.787693
-1.804697
3.864161
0.405995
0.3273572
0.3854884
2.536889
-0.6629069
4.712888
-2.006076
5.500519
4.74362
5.394665
1.218991
3.903287
0.1700317
0.6305765
6.593894
0.1475165
-1.339894
-0.2153488
-1.435602
-0.651426
6.467792
2.1759
-0.7832467
5.632948
4.821425
4.679144
3.520525
0.03575405
4.373683
3.977402
1.683097
4.286109
1.329785
7.018812
-1.576314
4.80983
4.541168
0.4956644
0.9020633
4.367032
-0.3370574
10.31923
6.348726
4.880168
8.319717
5.723252
6.07482
2.921069
4.954222
5.515327
0.2837972
-0.4591053
4.63611
-0.3690158
5.473438
3.948057
0.07839457
3.805236
3.93722
7.432859
1.363283
7.019301
4.896869
1.296441
3.735466
5.848875
0.2763446
4.964094
5.0683
5.615433
4.950399
-1.39078
6.856144
0.5502641
-0.9176884
5.014644
-0.9257006
13.02974
5.405091
-2.098535
-0.9812905
4.775229
4.530664
6.027029
4.205671
3.535313
4.991141
1.520508
1.601283
5.059973
0.6415896
5.581347
6.291132
4.526913
6.775207
4.859459
2.694541
5.666806
5.691032
3.80169
6.324786
7.344667
5.558652
4.345876
-0.1527092
-0.9075223
5.889312
5.172594
3.74714
5.528847
-0.1520418
4.31897
3.955379
3.984814
0.2402887
5.098179
-0.8212175
5.785538
-0.9549141
1.869764
6.515362
6.370423
4.964399
4.690794
-0.1048892
5.49994
0.07595517
0.4333189
0.2491482
2.928133
-0.5588007
4.983142
5.474884
3.665292
6.081263
6.644626
1.04843
4.595835
4.265598
6.411939
6.02123
1.241544
0.9058526
1.694564
4.185773
0.8665075
5.039859
0.6482812
5.270853
-0.2986817
4.617548
5.417752
4.807118
-1.024723
0.3799476
6.802036
-0.3266722
0.8694987
1.152276
0.6309418
6.037237
6.002503
5.04602
4.349192
-0.2048673
5.424127
8.499131
2.650218
1.393267
3.194836
0.2196204
5.7284
6.448124
1.167868
6.444197
4.032646
0.1193196
5.059273
-1.029745
4.214071
4.43307
4.495334
3.361729
4.360786
5.867025
5.997306
4.469459
0.320351
0.7592093
5.399128
-1.111131
1.329801
-0.9238006
0.9989029
6.924126
-0.3002905
-0.8007432
4.548131
1.827779
5.999075
3.566022
-0.5896669
5.950605
0.8942753
5.302628
5.75255
-1.239277
4.485682
5.067924
0.3084774
4.452085
8.050822
4.420767
0.6948531
0.5372191
4.351434
6.036395
4.487888
4.465292
-0.08971085
-0.928654
-0.5612021
4.646005
6.727161
0.4429721
4.633205
4.706096
0.1160676
5.538777
5.639978
-0.9668385
4.044034
3.726343
1.485258
-1.164716
2.270241
1.627733
4.495519
0.7615208
-1.086915
1.065777
0.3956329
7.350017
-0.1425727
6.863883
6.368344
4.174297
5.394304
4.635894
4.177354
-0.1847947
0.670742
5.884833
0.2857472
5.505232
0.2091115
4.433189
8.13717
2.320323
5.702605
4.490155
3.066788
0.4182821
-1.356765
3.832931
-0.9102444
6.397469
3.057038
1.570745
-0.5030966
6.167467
5.138239
5.131547
5.932127
8.750776
0.06798224
4.767759
-1.593107
5.054468
5.412141
3.953119
4.677082
5.807914
5.299823
-1.601728
0.4018156
-0.6514318
-1.816355
1.458348
4.178415
5.255318
3.859274
7.097819
0.8033741
2.589944
1.525712
8.492583
1.133387
5.016561
4.034731
6.061839
-0.8924757
3.579287
0.8492073
3.580607
6.01788
5.734422
-0.786856
0.4930969
0.006698065
-0.1816593
4.928006
4.608373
5.664319
1.894966
0.3330329
0.4621806
-0.2965259
4.266945
-1.307416
7.226072
0.7333624
7.184354
2.291492
-0.1276662
4.313508
1.182136
0.926927
1.400553
0.6169974
3.885395
3.802329
-0.3276201
5.071688
1.022781
5.922262
5.82074
-1.156821
-0.2158615
-1.590772
-0.2038673
0.1543952
-0.1677164
4.034929
5.195318
-0.8595723
9.043847
-0.9907816
-0.4507636
4.725876
0.3615555
0.05872161
5.705576
6.146486
5.366167
-1.672002
-0.2770605
-0.4995314
6.244153
5.851337
3.654395
0.5273828
4.190392
0.4636584
5.307301
6.112726
3.869358
0.9631338
-0.1019407
3.860214
1.738154
4.129242
5.442779
5.738032
5.968467
-0.2423881
-1.837665
4.793735
1.337237
5.828064
4.944233
1.481934
1.678998
4.767388
5.075222
0.4825226
4.659745
3.712888
6.028153
5.147975
-1.116196
5.470806
6.073185
6.292148
5.476747
0.7805337
6.39863
4.374468
5.54459
5.021625
5.9202
3.045443
4.680267
5.504011
2.379791
3.342118
1.219354
0.4767276
0.3609295
-0.9476387
-2.06407
2.083028
5.870702
6.046742
5.436595
0.4855108
-0.9001238
-1.043305
3.893482
-0.1189296
4.554608
4.867254
6.460891
-0.7441526
5.596278
5.961397
0.6432746
6.12026
6.178198
6.048201
4.521754
1.508715
3.931569
3.942383
0.5223474
5.098604
4.627914
-0.5852104
2.722261
-0.001637773
4.062776
0.001872216
4.626101
-0.2192863
1.140146
4.825342
2.474523
7.263018
4.228076
-0.03969251
4.776871
5.278395
3.402576
4.872773
3.818549
2.089897
0.2529862
5.878697
4.44128
6.60495
6.044136
4.186252
-0.2062942
4.406266
-0.4258534
4.434671
0.6484156
-1.299153
1.047875
5.792854
7.994048
4.849864
0.9841187
5.676203
0.3340737
3.947527
7.464012
4.518249
-1.082539
4.854749
-0.3475241
-0.9184535
-0.592373
-0.5360811
3.506119
4.069271
1.979774
0.5287837
-0.3190916
7.679631
4.714791
7.573911
5.770482
5.699506
5.116191
-0.3650671
8.476018
7.859696
-0.829863
-0.1977512
0.2134461
5.277445
4.40268
-0.7356386
-0.4412899
1.547549
6.535725
-0.7736469
-0.1178722
3.234213
4.533369
0.1064977
-0.2192798
-0.8365545
0.08677714
-1.47671
1.192155
5.148084
4.859519
1.2929
0.8051704
0.4013116
5.041227
1.21527
3.925029
2.078073
0.6433287
5.714989
4.670314
4.633463
5.502181
5.166268
6.149738
0.1673686
4.976723
-1.76886
6.255479
-0.0612442
3.768923
1.564419
5.062351
1.030109
4.056872
4.261399
1.91096
-0.7136538
4.451253
4.292307
-0.5423746
5.157237
-0.8387238
5.273701
7.385635
9.172857
1.157922
0.1404172
-1.920065
1.537542
1.537542
-1.212514
1.983667
5.416499
5.197287
3.951861
6.584174
6.546181
1.008632
6.005911
-0.9841875
6.721024
3.617088
1.811384
6.118163
5.023509
-0.8319742
5.428205
2.747672
-2.406859
-1.237357
3.555647
3.386527
4.565991
0.2828162
-0.2704404
5.923511
5.304005
-1.57527
-1.275337
7.465364
5.012103
6.149024
-0.2610964
5.070609
4.622741
1.492044
4.3419
0.3430393
5.870071
5.261385
7.870133
4.966849
2.402837
5.70538
-0.2222961
-0.1259667
0.3077552
4.183753
5.279314
5.564329
3.882383
3.810607
4.352068
5.385853
4.595445
3.806472
4.472488
5.613891
4.726513
-0.2177164
0.5262788
0.3337349
0.7591159
5.292694
5.762617
3.400066
-0.8366713
4.498395
0.04271538
5.432963
6.683431
5.557289
3.301384
-0.5743428
5.064635
5.196565
2.929967
3.640315
4.845166
4.594412
4.540972
4.38979
4.605163
-0.4687629
3.74154
2.371473
1.17182
4.333808
5.738741
6.351233
-0.4203694
4.445409
5.70503
1.054433
6.137481
4.906896
0.3080171
-0.8834777
7.139215
-1.368341
5.079769
-0.2705853
4.362808
4.991353
4.615793
5.737585
5.340612
4.707718
4.818087
0.7628515
0.8842006
-1.703693
8.701778
4.87735
1.544904
4.031855
0.2705215
-0.07165094
9.80019
3.073363
-1.718503
0.2642403
-1.349812
4.635024
-1.421105
-1.029814
-1.664384
4.2566
7.240399
0.0001810931
4.732306
4.106689
6.42791
5.6455
6.113875
4.627052
2.625482
1.520022
-1.722489
-1.872649
5.53538
9.433882
0.6894675
-0.4294442
5.157444
1.398237
0.9093775
-0.931292
2.371775
0.4054876
6.064548
-0.3660473
6.898279
4.241593
-0.4401344
0.4819719
4.876138
-0.9259399
3.440761
0.7293443
3.336752
4.480531
0.5988151
5.77691
4.585117
4.955189
1.429196
-0.6272941
6.175715
5.562115
4.075674
6.29305
4.535679
5.047169
4.543726
5.636713
4.452252
-1.222922
1.931546
4.936837
5.958136
0.1679917
6.644085
0.3957997
4.958834
6.626507
5.012925
-1.39041
0.9247722
5.480636
7.053515
3.118026
7.909487
0.7215826
0.09463135
5.420854
0.8567456
0.5070922
6.429016
3.711399
3.630009
0.6314907
3.221848
4.314075
5.853106
3.265027
1.813899
6.035719
-0.3916381
-0.7018555
3.152202
2.758378
3.378315
5.509737
-1.039194
5.64724
3.645876
0.9461176
4.7097
-0.9027889
4.465456
4.766169
1.340927
0.7487602
0.0989957
3.15202
1.201765
4.222128
4.653601
-0.1106419
-0.9357974
3.474131
5.311553
-0.9816606
5.406384
4.663841
-0.5171838
-0.7323629
3.154331
0.658778
4.29404
-1.040488
5.438157
-0.6633401
-0.5340789
0.8913328
5.136574
2.465101
-1.545479
-1.038452
0.2942468
1.319632
0.8387778
5.833301
-1.009014
0.02591458
-0.06570163
4.562389
4.758264
2.019866
5.092112
-1.860472
-0.01691557
6.282167
3.89299
0.6156288
5.911953
0.3253401
1.182974
2.571631
6.363412
8.774659
5.206524
5.498819
3.930689
4.165577
5.892234
5.626569
2.890317
4.568747
4.781467
0.005083607
-1.417865
1.482086
2.083582
4.646743
5.453862
3.460003
5.014235
0.7150587
5.083403
-1.864427
5.636274
4.703454
-1.640781
1.048195
2.458143
-0.5984632
7.281696
4.590249
3.650053
7.270416
0.6619132
4.901222
1.352325
5.336623
4.563722
4.714165
1.229975
5.136434
5.632102
-1.226222
1.347231
4.953147
-0.4675736
5.017573
3.951885
-0.6148094
-1.608639
0.2404343
-0.7348382
4.639298
-0.4927735
0.466905
4.869682
0.9830813
0.3824314
5.416346
0.4443132
7.128958
5.613549
-0.5523306
0.7714543
3.073877
1.125658
4.191297
-0.7001551
4.757826
7.055253
1.758437
-0.12706
5.494521
-1.178504
1.259038
-0.6954599
5.282413
1.394691
4.671298
6.348961
0.2614195
4.04565
0.834721
1.095258
0.1112643
5.308202
-0.7492343
-0.4304003
0.3609231
3.420371
4.235372
6.339911
4.795674
4.894922
4.723186
6.454057
4.897567
-0.2204404
8.366391
0.3679933
5.654743
0.8339557
5.651921
5.886514
0.3129511
-0.272827
-1.452093
2.716687
4.970898
0.3154831
4.016036
4.994547
0.5977616
3.834759
-0.0214713
5.082476
0.6937474
3.999931
-0.2860604
5.734701
4.84019
5.617142
4.564364
1.045688
5.534112
5.558146
-0.7825342
-0.9018804
5.244393
1.179114
6.184676
-0.6968344
1.89989
0.5939377
4.851871
6.534128
3.763425
5.346413
-1.596148
8.154147
5.462933
0.2565874
7.73416
3.590716
1.574329
2.967342
5.190894
-2.248803
4.881253
4.287381
-0.1691567
0.08455397
5.698163
-0.7425998
4.764373
11.45
4.237014
3.271789
1.156648
5.658471
3.901965
6.232674
-0.3412524
0.5244253
0.2244312
0.1507176
-2.028014
-1.586769
3.937815
-0.6289688
5.097356
-0.3459818
-0.5213937
5.642428
5.54023
5.44448
5.193952
5.761495
0.2663883
5.072331
-0.7978566
5.115709
5.34261
5.268364
3.970314
2.868302
1.457065
-2.710748
5.185276
4.657334
-1.955888
2.760299
8.99028
5.007181
4.772912
-0.8202906
-0.4735393
0.3757867
0.2327752
-1.19462
-0.8242891
3.663575
4.614825
5.539125
5.997513
5.981321
-0.3497365
-0.9729012
6.272773
3.443155
0.8519847
5.600698
9.888095
0.8031116
3.37209
1.998814
4.354533
-2.027544
-0.7752378
4.142591
4.704685
4.463112
5.218637
-0.08714358
4.18492
4.741692
4.441343
5.236439
3.522975
4.393242
6.335046
1.592021
0.380981
4.700838
2.154696
0.6277093
4.991248
-1.165986
2.706967
-0.228731
5.389239
3.482469
0.1526666
0.6659775
8.032663
5.509555
5.282192
4.99598
-0.2862442
5.871033
3.56288
-0.7906518
0.9150507
3.302898
7.173615
5.881699
-0.4966224
3.765811
0.4783802
-0.2452174
2.428982
7.161324
0.441673
5.510723
1.040301
5.731699
5.31384
0.6044804
6.574915
3.214174
-0.05702117
0.01799476
-0.7972983
5.124079
-0.7167882
4.939025
1.644064
0.689917
2.100011
1.520112
5.487291
5.098736
0.2632676
3.828165
0.3364631
1.661057
5.656822
3.791854
3.815686
0.261142
1.65869
5.239028
5.00414
5.403108
1.470063
5.302814
4.900092
-1.158252
2.058543
2.888145
-2.135693
1.878169
4.364069
-0.03620529
-1.298732
3.725737
4.474581
0.310433
5.814603
4.760024
-0.08025157
5.975409
1.075495
4.029615
1.375036
10.6655
4.357578
5.915893
6.12746
4.859049
8.210763
-0.5549321
5.170333
4.149437
1.098114
-1.097364
1.966601
6.027592
5.683317
5.478383
5.924328
6.274076
4.903053
3.307366
11.86744
1.299908
3.848426
-0.04852163
4.129319
4.728256
6.920352
7.097989
6.416791
5.159493
4.770617
6.958853
5.115437
4.565184
6.36774
-0.4338854
0.7352479
4.229198
-0.8882562
-0.04756384
5.291528
-0.7861298
0.9960896
-0.1242554
3.398692
-1.426301
4.400337
-0.01192842
-1.020167
-2.125013
5.908662
2.467289
5.888609
5.74225
0.0450821
4.270327
-0.7507131
-0.1909016
2.085198
6.052119
-0.856767
-0.8325301
4.734803
4.472309
0.6792329
4.863685
0.1014797
5.18389
0.388603
-0.5809332
-0.1366592
-0.007495158
-1.278506
1.527434
0.2667811
-1.223546
-1.512936
5.205397
1.098267
-1.106374
-0.08404624
4.405572
4.64602
-0.4436252
6.190092
2.765051
1.203191
3.825597
5.420957
-0.6742475
-1.5319
5.957153
5.020683
5.252983
5.153677
5.983325
4.367479
4.988827
5.143658
3.801828
3.694783
0.3839366
5.682005
4.663218
-0.4846387
3.535948
4.686168
0.8147569
3.849791
-0.2234146
0.3176257
-0.4691337
-0.05414138
7.812263
5.591977
2.854735
-0.9819483
4.704129
-2.136119
5.130671
2.257889
1.077906
4.827343
-1.63807
0.1328746
1.023267
1.950026
-0.07405588
4.642572
7.478343
0.5700692
7.613292
4.039128
-0.8253195
5.426942
5.453731
-0.5360859
6.644936
5.134679
6.54783
6.13986
7.026411
0.8373373
-0.946459
1.849424
0.1078085
0.8422371
5.894719
3.429051
6.345605
-2.019806
4.62002
5.008941
3.368984
-0.3228693
5.016651
3.705855
-0.006350305
-1.044599
3.057325
-1.190725
3.657026
0.8564852
3.643982
6.427409
-0.06267287
3.907434
5.445271
3.472015
4.773939
5.766315
5.406652
1.476374
5.812278
-0.97614
0.08678238
6.749432
1.001243
6.169516
0.3330557
0.5739396
5.716416
6.001151
4.343939
1.573461
-1.845738
5.364573
0.4731897
6.04439
-0.4864126
6.1094
0.9990866
3.627141
6.340275
5.529278
5.176267
5.738759
4.995121
5.986579
5.293365
0.3126531
0.8618187
-0.3283255
5.224093
6.532104
0.223338
-0.3546248
-0.4604762
4.484622
-0.148635
4.822135
4.932038
5.694641
-0.936506
6.662973
0.8144954
3.807171
-0.4756337
4.599054
1.47786
5.101822
2.556003
-2.379239
4.146206
3.398919
4.391829
-0.3957517
0.08011671
1.666764
0.6719518
5.587926
5.410839
-1.848468
4.60705
0.1741796
0.9706596
-0.2709433
5.517916
8.38724
6.07538
0.1930184
2.803814
5.270444
4.571277
1.468506
4.77598
0.155617
4.789085
3.926786
5.659767
5.120478
-1.859279
5.434722
5.830083
1.181328
3.201337
-0.06820978
4.817319
2.019629
6.976148
0.4293201
1.321627
5.807584
-0.610023
5.142038
0.8954408
4.828386
0.896788
2.210215
-2.443073
4.509271
6.058985
-0.1214705
1.82896
4.026631
5.33227
-0.7792565
-1.753829
5.58685
3.630383
-0.2197747
5.236673
0.00701939
6.036524
5.440961
1.74344
0.4576328
0.3728109
2.024932
3.603775
-0.7287091
1.635633
4.816974
3.440328
3.999509
4.590365
0.9016726
4.248623
1.693166
3.864149
2.719848
3.636729
-0.9038014
4.97588
4.419419
0.4325683
5.051584
6.275162
4.321342
0.6604048
5.29799
0.4113865
2.599987
-2.497447
0.1890575
3.893659
3.600591
0.0970389
0.2709833
6.769228
3.375902
0.4859486
6.167862
3.102995
5.013318
3.734842
0.2670054
5.234075
0.2487127
0.1242892
0.5905959
2.133057
4.195736
5.147661
5.581772
4.288738
3.651392
3.782989
5.576845
4.307042
-2.421779
-1.842036
3.013487
5.097191
3.764852
4.819688
0.9481763
3.460964
5.202425
9.006288
-0.226092
3.866858
-0.7932776
4.236261
4.289875
3.102288
6.367036
5.433923
-0.964053
5.192847
2.50426
-0.8031468
4.010576
6.592597
4.473362
-0.4677106
5.891642
3.591458
-0.8235611
-1.48782
-0.6811698
7.016892
5.54873
4.566102
0.05290344
5.973422
4.96868
0.7924129
4.902629
0.9717359
3.67877
4.150107
-0.6029687
5.282476
-0.3066533
6.322767
1.642449
5.143176
7.653888
0.6204285
5.067489
8.387329
5.558382
5.890971
4.097519
4.154973
4.860854
5.04201
0.436953
3.844214
0.7184153
4.90726
4.970606
4.582774
5.81021
5.093466
5.451202
-1.800977
5.191543
-0.6855881
3.481538
-1.304447
1.4503
5.080771
-1.043105
-1.797812
6.265222
4.987732
1.523295
-1.328588
4.369166
3.783503
5.154767
6.058966
4.503926
5.190092
-1.611004
-0.08816083
-0.5686722
5.168162
3.905972
4.893524
4.671723
-0.227211
5.150474
5.581773
0.9169215
1.306527
0.03051818
4.071788
4.284383
6.189346
6.242226
-0.09392722
-0.722807
6.844782
-0.1549435
4.788023
0.04146336
5.907866
0.2694656
6.190008
1.579301
-0.2767613
-0.4165351
4.280601
4.874833
5.245105
-0.9326728
-0.07250567
-1.488976
1.198124
1.150202
5.502212
5.880717
5.682235
4.337868
4.736729
4.766146
-0.3420418
0.462043
6.216002
5.633947
6.128438
-0.3050589
5.626101
3.310881
5.375369
5.698215
5.267629
-2.883391
-0.7171152
4.831653
0.3872704
1.347879
-0.4305621
1.194491
4.305991
6.145542
3.767127
0.6244445
-0.386251
4.385559
7.056538
4.696888
4.970761
6.137408
12.29585
1.725737
4.453821
0.9402962
6.26598
-0.622973
5.063023
-1.941502
5.218883
4.782802
-0.3853927
6.247217
0.03063745
1.384116
4.630257
0.8746867
8.2158
4.833715
0.8916063
6.239603
-0.01917031
5.817697
3.963529
4.605696
9.832101
-0.2727774
4.798278
5.305402
4.501617
-0.8648522
0.2362608
5.174565
0.5325506
5.943534
-0.6466334
-1.130571
0.7252457
5.557907
5.498624
7.149117
5.076217
0.4261745
1.012568
-0.2429241
6.731468
5.427441
4.644032
0.5469857
-1.351199
1.867769
6.565262
1.037901
5.228111
7.001036
6.931514
6.268
4.786002
5.663367
5.764089
6.230163
1.046658
4.794628
4.383594
4.253866
6.581227
-1.789271
3.657563
5.284725
3.166942
4.11516
5.103017
5.297907
0.09495601
5.172842
6.068564
1.889489
4.836047
3.649723
-0.986394
5.883326
-0.2620305
5.027285
4.599029
3.980746
5.157362
4.220824
4.894944
-0.5026401
4.594792
5.011102
4.456644
0.09798785
4.557238
5.830337
3.740345
-0.8002188
-0.1469757
5.724952
5.2537
5.315666
3.979042
1.909517
-1.28602
0.5057968
0.1589816
6.681801
1.899485
2.015826
4.890054
9.360015
10.14416
1.532986
0.3847464
6.010993
0.9914664
6.186482
5.675971
6.3633
1.242946
-1.001102
6.44354
1.960194
-0.573095
5.553985
-0.9917788
4.987248
5.797485
5.980641
-0.4229651
1.795329
4.850244
0.8805403
0.7262492
3.416218
3.219352
5.104541
0.6573174
4.817437
0.4511219
-0.1985404
6.271996
0.4119684
4.458246
4.7456
3.693509
5.874474
0.2345483
5.575791
0.5769953
-0.8431095
3.802159
2.282104
-0.0515163
-1.266452
5.618352
5.281204
1.358563
4.118247
-1.188145
5.552956
0.346025
4.656071
0.2154068
1.235718
5.33878
-1.130121
4.702343
4.323258
-0.08700146
-0.7018689
6.317576
4.128581
0.566322
5.96554
4.246049
5.113438
0.1632783
2.937253
4.098944
1.213038
1.607924
4.466698
0.4760492
5.33793
3.822374
6.78101
1.288591
5.67629
0.4100741
4.697559
0.2331809
4.861712
0.8234755
0.4635442
1.720365
5.674354
-1.277753
5.987857
0.3528679
1.317419
2.82669
5.240199
-0.3540001
3.863241
1.362572
4.690054
3.298221
5.224931
-1.693957
0.3844269
6.229422
-1.400062
5.543587
4.825477
0.6730243
5.161153
3.855582
4.379838
4.70301
0.6361863
2.12042
1.152991
5.142938
-1.177052
3.967108
5.77733
-0.9340539
-1.047579
5.053485
-1.516377
4.475347
5.178453
5.251827
6.528089
-1.731558
6.175176
6.250919
14.44834
0.5459024
-0.289536
0.08567698
5.164069
5.398372
5.380101
0.6428304
4.533122
4.153945
0.152861
5.376393
5.280516
5.60582
-0.3964195
0.5231844
4.880592
0.5152965
6.559406
3.925731
6.871384
4.658745
5.129176
4.036222
1.324952
4.515393
6.216757
-0.1817819
-0.1661681
5.497951
3.356904
-0.5084881
-0.2722168
-0.2016566
3.426705
-0.6359721
1.085723
-0.3776655
6.863758
5.668661
-1.251283
3.878333
1.855602
6.796703
6.097861
5.018099
3.567336
-0.3487268
0.03335826
5.133507
5.293684
2.007615
1.10999
4.85445
0.5568364
4.743141
-0.1196241
11.03855
0.1322289
2.29539
6.92674
4.015834
1.500849
5.588098
-0.1329388
4.671394
2.261902
0.7571602
-0.442486
5.934343
3.998633
-0.03496585
9.53426
4.984941
4.324169
-1.777583
-0.6942481
5.187837
3.233785
-0.003805173
2.980869
-0.9431749
-0.6721728
-1.614617
3.905073
4.456403
6.172347
0.7213454
3.532995
-0.4637681
5.176076
1.120971
0.7969169
0.5094753
3.460509
6.608113
5.140393
-0.9568462
0.7726037
-1.135557
-2.02868
-0.1157143
6.940314
6.246077
3.95327
0.2730491
4.962592
5.46858
3.714988
3.346864
0.7443165
0.7329113
5.318142
-0.427946
7.381251
4.955431
-0.1751438
4.717715
2.605772
0.2732976
4.638256
3.175474
1.12484
5.881482
-1.160352
5.029307
4.502933
5.268573
3.517304
4.424288
1.882267
3.576118
3.95385
-0.4229524
0.8328527
-0.7577903
0.1830347
-0.3776087
0.7628064
5.428794
3.353119
-0.863903
3.453861
4.906758
5.356365
1.041892
0.8358976
4.719493
3.171927
3.208549
3.016627
4.756208
-1.010752
4.268156
-0.7169423
-0.4776649
1.416611
6.512227
-3.436876
3.331002
-0.231527
5.957652
9.413158
0.2598053
3.809785
-0.116329
-0.3721539
4.843013
0.8987759
5.17077
0.5109591
-0.200518
9.021028
3.471923
0.01342506
5.245559
1.130823
6.058392
0.06399658
-0.6729744
5.496558
-1.464378
-2.204075
5.386344
3.779875
3.508078
4.665256
0.2245758
-0.2343438
-0.2746735
6.184964
0.526854
-0.6528775
1.564355
5.0876
0.881464
2.546268
0.2485017
3.550916
-0.8254989
6.804947
5.912071
9.735243
3.72163
4.25023
5.236491
5.677407
5.05608
0.5994717
5.294876
0.6888063
3.245385
0.509519
1.271049
0.3262928
5.269491
0.9660001
3.341537
3.177097
5.287791
5.16643
4.584659
1.799594
4.154765
5.612574
6.066479
5.054394
6.469788
0.06642902
3.663811
5.417196
6.584759
4.035011
-0.6331914
0.9538805
-0.8377638
5.923542
7.143685
1.226811
6.543067
3.398832
5.073865
-0.6756805
4.516233
1.491009
0.140222
0.5258312
4.69451
0.9702365
-0.458381
-0.1993735
5.453379
-0.4351835
4.326133
4.401384
5.692886
6.309402
4.034761
4.803097
-0.5366068
3.591172
5.212778
-0.6893181
6.104657
5.282255
-1.248791
8.101666
-0.2868841
1.548052
4.439167
-0.8697497
-0.5633696
3.525859
-1.046717
4.223039
4.932478
5.408392
-0.08283025
5.006593
4.331264
3.759234
5.108286
-0.945528
4.28458
0.4130174
0.3102865
5.60567
5.77077
3.243733
5.026579
-1.137703
5.428256
0.8146365
0.5868398
1.590119
-1.007563
7.705902
0.5801926
-0.962293
4.137339
5.972615
-0.0885014
0.3477881
0.3419086
1.928753
4.518021
-1.144558
3.680273
1.179175
1.194705
-0.1456471
1.277007
-0.7049074
0.3713642
5.24408
5.675535
-0.9414809
-0.7406522
5.270918
0.6986588
0.5575455
3.454934
-1.153539
3.841718
4.551673
-0.05439294
2.962433
6.371809
-0.8503524
0.2199708
6.936447
5.672188
-0.2598345
5.77053
0.3905695
5.983287
4.663456
-2.543982
1.273222
3.61889
4.547392
0.7490756
5.883122
5.800344
6.028654
6.401191
-2.090924
3.455995
5.458972
-0.6863905
4.42404
0.3592714
7.200116
1.36192
5.726021
1.722004
3.113314
4.166914
0.8730984
0.04698199
0.8588449
5.247099
2.473462
2.609435
0.3065209
4.107822
4.525607
4.484697
4.801737
7.843521
4.824248
5.333487
1.714268
-1.017789
2.341894
4.220565
1.646716
-4.030645
5.310429
7.593671
0.6094139
4.934684
4.820502
-1.06542
4.188988
4.386365
3.744172
5.130143
8.741833
8.402888
-0.3151211
6.50609
5.911521
8.680998
5.970372
-0.4737319
0.7978757
-1.489139
1.617892
6.451621
6.373957
0.07969511
5.52415
-1.33464
3.300232
2.993937
4.146496
3.022998
0.7970487
0.4126262
5.303861
5.492434
0.6906636
7.500525
4.274435
5.713619
5.318354
8.126779
4.982809
5.090874
3.338905
-0.1514272
6.95681
1.67366
1.193961
0.07476155
0.8511411
-0.4542992
-0.3257607
4.665226
-1.125315
-0.6789603
-1.021946
0.06575575
3.249339
6.151975
4.706126
1.069064
3.641336
5.071667
3.902092
3.920533
3.993177
6.849949
1.273177
1.495657
1.373324
0.6386324
0.4278125
5.296096
-0.8182954
3.429902
-1.196966
5.563444
5.428992
4.869719
3.988652
-1.231008
-1.603978
1.182838
4.096271
4.88647
0.6290382
-2.051671
0.8587586
5.406536
5.392799
1.006758
-0.2773651
5.791471
1.497646
7.222516
-0.5696427
1.106228
5.915815
-0.5628565
0.9073398
6.516237
-1.649792
-0.6202265
4.087258
4.592296
-1.259467
5.078519
1.223484
5.133875
5.371009
-0.4809403
-0.168411
0.5245903
-0.2543194
-1.343043
0.2697016
7.031245
-1.146737
-0.9527425
0.9499044
-0.03890107
4.970015
1.196147
3.891684
-1.227711
5.055758
-0.3466083
6.509178
4.787582
5.311359
1.95695
1.056284
1.982866
-0.6186913
-0.4051399
5.649866
5.190176
0.04004843
-1.731024
4.96296
3.984918
-1.691116
5.344466
-0.6134678
-0.7248347
4.130786
-1.262099
0.1260181
2.326335
0.6420962
3.388274
6.554778
5.975637
5.488759
8.895248
4.958652
0.2654891
0.2484386
0.4046632
0.06282606
6.167805
3.356433
6.246926
-1.665687
-1.13496
6.146369
-0.6799076
1.985242
-0.7745953
-1.009451
0.5307942
0.01283995
6.065671
0.2444666
6.303231
-0.3893703
1.350454
-0.04431244
-1.93937
0.658862
5.747872
0.4295113
5.374512
0.3378635
5.903457
3.802506
6.694872
0.7120178
8.536533
-0.6163758
3.275817
1.092194
5.274839
5.170868
5.166194
3.283745
5.976693
6.879121
4.631562
6.202465
6.137917
4.409049
-0.398066
-1.787945
6.084907
-0.9693673
0.7008625
3.026657
6.548694
5.493373
3.393872
4.85116
3.624579
3.220263
5.066931
5.395813
5.771477
-1.5017
0.3668126
4.851956
-1.696085
-0.9174052
3.771236
5.665909
5.721366
5.123222
5.107151
4.135437
2.048561
5.36712
-1.728895
5.317106
3.227145
0.1684951
5.511938
5.06
-0.1137135
6.133194
5.51434
5.168936
-0.03962493
5.262142
10.28678
2.111889
4.488393
-1.433177
9.162401
3.881533
0.1731075
-1.275628
5.552084
6.184327
9.151147
-0.9365107
1.531593
4.842298
7.343588
-1.19002
0.1582223
-2.19647
-0.1336446
3.887153
-0.07005762
1.139587
0.7658143
-0.5773754
8.116691
-2.063499
5.226046
-1.350141
1.098322
5.177022
4.549229
0.9153865
5.047712
6.131284
0.3735055
12.09594
4.714368
-1.787553
4.810436
5.790481
-1.083892
0.6046456
-0.7593449
4.68721
5.873282
0.8006585
6.078477
5.094084
0.1573595
4.699672
5.337588
4.520099
4.842313
5.948323
6.332862
5.0788
-1.641938
-0.4685786
5.600272
4.748288
4.771244
1.079711
-0.7794008
0.3324027
0.2298393
0.8492337
5.130256
-0.3101992
6.249351
4.890453
3.293309
0.1737167
6.818649
5.37803
2.93047
5.665781
6.285674
4.621555
0.1078545
0.8472855
4.216372
0.02886927
7.307585
5.573354
5.726351
0.6339416
5.160947
6.239116
5.217835
-0.1668815
4.44783
5.210895
3.504863
-0.5720523
0.2422616
5.41972
1.101382
5.034525
3.887504
5.331629
-0.7329026
-2.484652
5.334017
5.421468
1.469102
4.315797
4.632446
-0.5436159
-0.4535724
-1.043133
4.784875
3.849762
6.036024
5.999415
1.246192
-5.037069
7.784889
0.6187537
-0.7658667
0.0432642
5.560859
4.577198
4.5342
-1.837151
-0.2323373
6.855589
-1.934305
4.538218
5.355139
6.017062
6.761582
1.486018
6.373699
3.955281
5.516729
12.13369
5.616762
0.9957803
4.628263
-0.7279913
4.514156
5.296625
6.039475
3.705619
1.230306
5.321948
1.142158
2.200215
1.24998
7.007656
1.858516
1.474105
4.411609
6.589165
-0.5181101
5.590593
-0.9538775
-1.9887
4.146573
5.07078
4.425556
1.337313
-0.847379
6.615926
0.1360767
-0.7673628
-0.9592106
4.588665
5.466993
5.658072
6.768875
-3.931233
0.4452387
1.001773
-0.5793075
5.902726
0.4257161
-1.004754
7.000047
5.369982
4.796825
6.92012
2.789346
-0.3853952
5.049619
5.546674
6.922013
0.674308
4.062154
-0.9510849
4.708713
0.310089
-1.130499
4.858742
8.674666
5.832177
5.622554
-0.3533293
6.054739
8.042312
4.377411
5.358076
1.69956
0.9674632
4.05472
-0.0739404
6.320674
0.7698569
1.222265
-1.191914
5.540578
8.072662
3.396249
3.146417
6.738289
5.734363
7.522957
-0.6065063
-0.6691231
5.890923
5.568605
5.508435
-0.5500061
-0.5351305
0.2341768
5.41641
5.510143
4.879985
-1.961261
4.483562
-0.5694001
2.487955
4.872028
4.210234
0.6338787
1.936652
5.20604
4.54652
-0.2580573
6.860625
-1.899145
-0.5043777
5.010734
4.857425
5.201434
6.595686
1.069174
4.648731
1.266818
3.622024
3.369734
-0.2523542
4.299838
5.527644
0.02525383
5.184008
6.02785
3.183764
4.98351
0.4628228
-0.3291086
4.745037
5.199909
6.133658
0.1832062
6.294894
0.8708117
4.699183
0.935209
0.4389978
3.590911
-0.06725211
5.676994
-1.194959
-0.2210894
4.675169
-0.1785076
4.665476
3.769035
0.1943267
0.9337946
5.307555
-0.001686347
-1.422111
4.361649
6.206688
4.247702
3.90861
1.394756
-2.963611
4.993094
1.011788
4.391751
3.426945
4.62262
4.457529
0.8002682
4.13548
5.641007
-0.7302448
4.510653
5.720186
-1.299339
4.805122
0.6503121
5.343677
4.971362
0.3765918
5.514217
4.452686
5.132771
5.108744
5.208027
5.913538
6.045572
6.221912
-0.9685842
0.6549869
-0.7430182
1.284523
4.261967
3.835497
1.348952
3.721653
-0.887184
-0.6580876
3.890862
0.9831138
5.294714
5.137483
6.218347
-0.6408342
5.38511
4.564674
4.172118
4.430668
0.477949
-0.9691789
-0.5733329
3.848432
4.609723
-0.0577025
4.50573
1.841187
-1.334072
