6.966137
6.296642
0.5642339
4.342996
0.2191115
6.1697
1.291962
2.996476
4.51513
4.411428
0.9938067
5.0623
7.311145
0.2308252
6.128886
3.515659
3.262422
-1.477756
0.3587674
5.590361
5.318586
-0.6377314
5.6241
0.8901842
4.197807
6.131754
4.508062
5.060981
0.4930872
1.658363
-1.858553
-0.6332453
6.117008
-0.4568259
3.546216
-0.3905792
6.576401
1.397193
5.03393
-0.3276538
-0.9612937
6.23756
4.662642
4.519819
2.415847
6.107963
6.231244
3.827224
5.174403
4.995072
-0.8636254
0.4087175
-1.18954
0.3116375
3.703088
-0.8004564
4.115024
7.01919
5.189758
0.2590104
0.061986
3.838033
4.548539
6.025934
3.666179
4.644913
6.161731
4.148976
0.6538624
4.652981
4.505249
0.7464024
-0.4211161
3.185722
5.349906
4.968915
5.282679
4.804526
6.125332
4.061632
3.889293
0.6403395
3.806587
1.431008
3.851044
3.669991
5.118847
-0.3775206
0.5396344
0.5417202
6.563137
0.0283318
4.393149
6.600826
0.8429456
3.022902
-0.7004581
5.194612
4.284686
4.484713
6.111469
2.965822
4.031346
0.3622486
-0.4204727
-0.5978299
11.88845
-1.03561
5.082046
4.521727
6.524764
-0.2900007
-0.5323517
-1.72659
0.5808861
5.516268
0.3624298
-0.7160477
5.62787
4.319041
9.942357
4.865769
6.120003
5.853726
6.09126
-0.4606013
0.7192799
3.285185
3.221882
2.704439
5.11042
0.3826215
3.509426
5.827985
5.395354
0.6827386
1.626901
-0.6728599
5.007388
8.469532
-1.361684
0.7572112
5.541748
-1.109439
4.757829
4.114959
3.598768
0.7919565
0.574866
5.260389
0.3310335
0.4083598
5.335083
-0.9234209
4.434201
6.085831
-1.615631
5.559099
1.724868
5.367484
-0.5388861
-0.6200501
4.818369
-1.208397
0.4055357
0.5279008
0.07265743
-0.2986001
5.954417
6.159061
5.249118
3.281408
6.483682
1.201891
4.949647
6.436912
5.413032
5.930849
5.078277
-1.466664
3.64304
5.182152
-0.2822601
5.396936
4.451296
6.271173
-0.5047097
4.755465
4.955541
4.816616
5.530272
-0.177758
5.437393
4.206046
0.8790333
5.368264
-0.2375293
5.889419
3.143292
-1.051589
4.479134
3.720369
0.695033
1.844099
-1.110373
5.898482
-0.3092441
5.45511
4.576922
4.182259
-0.4000927
-0.6931058
3.511705
6.345834
3.937295
5.161472
5.993204
4.511479
4.626004
-0.6733942
4.78077
7.023849
1.154275
-2.18396
3.889787
5.324903
3.520926
-0.5502196
8.762117
-0.4385876
5.258106
4.3227
3.124695
0.06639337
5.83559
5.083356
-1.241078
3.566946
4.551298
3.157593
6.502892
5.899755
2.992871
1.672122
5.089148
5.825553
5.441384
4.79238
-0.5252962
3.868791
-0.04834387
5.427016
0.07580039
5.261088
3.674367
-0.7792177
3.453126
5.641338
6.030344
-1.835171
-0.1209824
3.852767
3.716675
4.036539
4.174071
-0.1486306
0.06612353
3.723439
5.698805
4.977294
0.8212282
3.701213
-0.4535831
-0.4871396
5.716459
0.8490192
-1.452059
5.637896
-0.2211575
4.778474
5.078136
0.03022485
5.851518
0.5851064
6.366445
4.507122
5.421848
-0.7097375
-1.211998
0.9387514
-0.1364724
0.7938074
4.398356
7.961727
4.37467
0.1671211
0.3356925
5.239516
0.2036169
1.89687
-1.578409
2.474493
0.0442473
4.441741
7.880687
0.4452474
5.396693
6.587064
-0.4930127
5.181989
0.4911175
5.297049
-2.288131
5.189136
4.710267
6.376001
6.775385
5.286111
-0.6263696
2.568417
-0.5171796
5.709577
5.473355
-0.1078537
3.870506
5.406416
-1.569425
-0.379646
-0.1341086
1.663528
5.085388
4.634765
3.208901
4.614696
5.350058
6.15773
6.810674
4.291241
5.085971
-0.2495752
3.991108
5.5499
-0.3789334
5.820593
5.907701
6.55659
-0.6184745
3.693163
6.181863
5.452892
-2.336325
4.873297
3.126331
-1.432039
1.82827
5.812722
-0.6025097
-1.941757
5.697193
1.990643
-0.2423242
4.501867
-1.637956
4.978467
-1.343243
-1.214253
5.067314
-0.4742118
5.865712
-0.09551493
4.939839
1.595986
4.332742
0.6040916
8.132284
3.342033
5.784961
6.293516
-0.2502025
7.448298
3.537585
4.336821
0.3932605
4.363193
5.275635
4.558873
5.272804
4.164158
4.81882
5.317111
-0.09099662
5.151023
0.8061282
5.545745
5.03106
2.825606
-1.085889
-0.005715725
5.548973
5.703998
-1.418691
6.150889
4.096639
6.252173
-0.9587974
0.7467961
5.176604
6.301311
0.8091027
4.74732
-0.5433772
0.4297234
5.457848
5.343634
-0.03451669
1.110174
4.508285
1.177745
0.3838675
1.132337
1.362359
6.208625
5.268093
0.4568636
-1.879452
5.046387
4.786911
2.767656
5.357827
4.924256
4.882231
9.641594
-0.6749043
4.329315
5.501318
2.800624
1.527979
0.1975996
0.5217801
3.605411
5.451857
4.806394
1.044905
1.264827
0.04685242
0.2218037
3.502111
0.7388136
3.602607
3.588609
5.825118
5.768495
0.5492309
0.02497867
6.293046
-0.4232617
4.340665
5.336371
5.08441
-0.2454617
2.920782
6.337726
-1.224798
0.3237875
5.18484
2.969026
-0.2990558
7.483013
0.2393348
4.733316
3.828366
0.6608559
5.238196
-0.3002481
4.64154
1.505208
5.749505
4.964288
5.824015
6.629782
0.08995723
4.064015
4.966015
-0.4025096
5.42975
3.552822
0.3048285
-1.045145
0.3361509
1.120723
5.906248
0.2168992
5.246292
-0.4398191
1.06274
1.082062
-1.489887
-1.70675
5.399216
5.815953
