4.327562
3.870412
4.193748
7.860264
-0.1422516
8.104173
-1.572791
-0.1985056
-1.048612
0.2784285
3.376757
-1.601366
4.029685
-1.696736
1.896778
3.312016
4.51429
7.077171
5.525401
5.436121
1.673204
-0.2777837
3.371286
5.889406
-0.03842381
0.3049931
-0.1094478
4.094025
6.468538
5.090294
5.076825
4.637195
0.187217
0.392652
-0.01008205
5.385616
4.836112
-1.963252
0.04487933
-1.278563
5.354797
0.2624401
0.8221826
5.353539
4.669249
0.7732687
5.710953
4.344623
-0.2989745
4.579687
8.049198
3.650514
7.170242
3.899291
-0.4701158
6.329696
4.495912
1.548324
2.502855
2.728183
1.531594
4.511429
5.018297
4.927371
2.461654
1.749172
0.4169348
4.368554
5.85793
3.989697
-0.3628009
0.009142401
-0.5438236
4.525313
4.93499
5.130151
-1.702003
4.283595
5.196782
-1.377336
-0.9850604
-0.8506554
2.748463
-1.079641
6.722649
-1.657575
-0.9708955
0.3243893
3.84617
-0.5695275
5.025907
-0.1032361
8.275773
4.483484
-0.5814774
4.642088
-0.417553
5.075552
7.02529
0.7526591
0.5457668
4.947822
4.832326
3.717055
4.310497
5.603379
6.360323
-0.416734
2.596199
1.428371
6.8104
6.277257
2.450537
5.933385
5.946321
5.416654
5.407707
4.615715
4.996575
3.799907
4.172976
3.741426
4.155573
-0.2939239
6.104231
5.859012
-1.644664
3.983413
4.719491
3.228761
4.929972
4.230716
0.447037
5.056569
4.382385
6.758345
0.2258747
0.66634
4.95085
4.93713
5.005849
6.186705
-0.9241587
-0.6999062
5.812154
-1.302609
4.200627
5.158227
-0.4484865
0.9409799
5.528901
3.842619
5.032829
-1.631173
1.558038
0.7972214
4.907463
5.762216
4.050134
4.219423
0.6384847
4.046864
6.242286
4.918359
-0.2476592
4.077086
0.08689837
4.098949
6.281265
-1.069968
1.162381
-1.729057
4.664747
8.386841
0.2874487
-0.8366747
0.5336995
4.896753
4.645373
6.900584
5.317559
4.936766
0.9257959
-1.063252
6.311133
5.481115
3.602646
0.3599405
-0.4735874
0.9729356
7.472624
0.3125841
2.18739
0.4651808
1.263309
-0.5133519
1.278709
4.114088
5.105449
4.202807
-2.92821
4.347023
3.477621
10.45787
0.6409508
4.755903
4.82181
-0.6147932
0.9348609
5.258011
1.99365
-0.4254414
5.832531
0.7582032
4.92161
-0.454358
5.074097
1.331799
-1.134056
-1.2047
0.9966153
5.516447
4.15799
-0.4697372
0.8100581
0.2879091
-0.9313577
4.58171
-0.0791585
2.446306
3.955572
3.797172
-0.2504823
4.24592
0.829083
5.027968
4.004967
-0.4703202
1.590039
0.6741988
-0.2488725
-0.5663101
3.535583
5.041034
5.55844
5.96575
4.66844
10.88275
7.427216
5.013193
