-1.536745
1.131772
0.3294667
4.43472
5.13898
-2.946546
6.865616
6.183782
1.242324
6.130377
4.395447
5.262168
-1.108452
4.723863
5.021179
0.2707167
0.7400121
5.157987
4.683285
-0.3959089
2.946915
6.935819
-0.5544548
5.912613
5.62443
0.6869174
4.326855
6.253449
2.946657
0.3070309
6.179061
6.232189
0.2020654
4.44601
0.9163691
0.6103037
8.349159
5.871136
7.859285
1.178623
6.843797
4.327064
3.296265
5.802469
0.03553182
3.479932
-1.440775
6.805898
6.28067
0.3178814
-0.4812811
6.688196
-0.3979262
4.308208
5.467254
-0.2405747
0.2366047
-0.1254276
5.466097
1.078936
4.464936
1.46805
0.9711747
4.789144
-0.3770633
0.6084083
5.364054
5.483514
3.137806
4.060413
5.162587
6.105632
-0.2543918
2.815868
-1.380191
0.2966892
6.049036
0.6072521
0.2945497
8.463431
0.7454656
5.098421
5.684834
0.6671769
7.645279
6.170323
7.208187
4.79164
-0.9457306
4.926197
-1.784357
5.179648
-0.4058579
3.883304
6.693253
1.28932
2.125991
0.1360962
4.219084
4.987175
4.388971
4.204653
4.795815
0.07497943
-0.593293
0.1080112
5.086122
5.942512
5.136061
-0.7055948
-0.05811356
0.7796226
6.267807
4.729311
5.789705
5.471821
3.782289
0.6355847
0.4498088
-0.7125571
-0.5127935
-0.5783214
6.760519
5.189834
4.338549
6.401174
5.220144
0.3392661
8.477664
-0.4300846
-1.40769
5.430569
4.566536
5.901483
-0.09856041
3.787037
5.406083
-0.246266
1.620989
5.663896
0.05875923
3.292439
0.6903407
6.220144
-0.2957092
6.146227
5.783208
0.2808671
7.512633
4.735063
3.735728
3.998098
0.3260468
0.7209022
4.729703
4.869376
4.981858
-1.744003
7.075854
0.5677507
5.093439
5.072414
0.3002302
5.14246
-0.2905306
5.970832
-2.030753
5.610972
3.532513
5.506371
3.588328
-0.7635641
3.652655
0.136519
-0.1855452
-0.7942319
6.184854
0.583652
0.8845495
5.703095
2.467446
0.6980456
-0.5424835
5.047694
6.511388
4.792843
3.983668
5.266461
4.153446
1.452148
0.5280764
3.474211
1.347173
-0.8678564
1.56826
-0.2240411
-1.021421
5.419023
3.829574
3.286002
-0.9041259
0.5681865
3.42056
5.254625
0.1845145
-1.478402
6.772569
2.724071
4.004198
6.952811
0.7423358
5.34661
4.679432
8.613709
0.7838328
5.971789
3.436202
-1.06186
0.0379974
-0.2144565
0.6345131
1.665824
4.429517
3.31136
5.740156
-1.27442
1.500256
5.679999
4.918216
6.072653
7.227574
3.563002
3.918704
1.240806
-1.544197
-0.08819121
2.626706
4.906095
5.640209
0.004305434
0.2468983
0.3974064
4.588719
3.491499
-1.009639
1.282616
1.804983
4.811123
5.381266
5.2666
