-1.650738
4.899314
6.370391
4.408361
4.25161
6.594938
3.996382
-0.3340852
4.950528
-0.9746181
6.011303
4.413892
-0.07669733
6.422317
4.642535
4.455071
5.319812
4.663784
4.420346
-0.008984797
4.136068
4.579312
4.10224
4.678441
-1.870248
4.721848
0.8143412
1.606061
1.037838
-1.408569
3.997793
5.052322
1.509137
-0.8386098
-1.011438
6.774494
2.307156
4.687186
0.2645258
6.588179
8.016301
1.125183
-0.4606708
4.839545
-0.9761518
1.6698
1.904572
4.020457
3.873464
5.490025
0.1694204
6.176093
4.432516
0.2484477
5.535413
-0.678966
4.672245
4.108363
-0.6536821
4.400603
4.690886
5.844609
2.280775
0.7995775
5.330225
5.492897
1.584037
9.031527
9.01787
5.107279
4.951212
4.82314
-0.08145192
4.605477
4.592338
0.04859647
4.012199
-1.061979
4.456965
5.325265
-0.8597327
5.067051
0.2125443
0.2829593
6.403413
6.350485
0.4850891
-0.6615325
6.379234
4.43574
6.587034
7.575706
6.265513
0.765657
1.655866
2.700067
-0.3989536
1.059697
1.13694
8.577226
5.363508
5.909524
4.790772
5.287673
0.8763368
-0.4549106
5.093569
-0.02930778
0.8212711
5.068943
0.418341
0.9170766
7.438928
-0.1542186
-0.2032571
-0.206335
6.252302
4.652106
-0.04311061
4.367099
5.466792
-1.168432
3.652719
4.847702
-0.1646049
8.075987
7.721656
4.742447
4.193352
-1.442797
1.43104
5.392444
-1.210421
-1.059136
-0.1670258
-0.4451558
5.676827
0.6653429
3.19353
6.018216
1.441626
4.979797
1.721847
5.772261
5.136378
4.097514
3.747283
5.030792
5.21786
1.495603
4.513509
4.397497
4.830951
6.544239
-1.320987
6.596829
6.4917
1.109761
4.905693
4.617905
-1.118827
0.4768573
5.323213
5.322236
6.329722
-0.4401751
0.2919619
0.6427541
0.9516681
-1.859474
5.313647
3.476678
4.026022
4.751257
4.644052
4.253495
0.3570053
5.919924
5.343457
-1.802328
6.730826
-0.6667354
4.742358
-0.5334062
-1.244428
5.066552
5.794386
5.387458
5.7107
1.087916
0.2865028
5.246501
0.0796621
5.111566
4.598284
5.474193
4.512567
-0.04824882
3.32451
2.801365
0.405829
2.160402
0.4831514
4.418587
4.792237
5.856724
0.1355421
5.415994
4.653782
5.009267
3.02655
4.041378
5.834313
0.1893943
-0.09992734
-0.8508413
5.098344
-1.776489
-0.154108
-1.696334
2.66894
4.497444
5.227022
-0.1199288
-1.400134
5.771788
4.404031
-0.0601045
4.554195
1.984539
6.487009
4.749773
4.690745
5.627442
4.777008
0.0759172
0.198549
3.039746
3.893952
-0.8239861
5.240517
0.1385549
-0.114366
0.4525164
-0.2583569
-1.441542
5.882567
-0.8709804
3.757621
6.342797
-0.05146498
-0.6164189
2.469327
5.580022
0.1558403
1.160638
5.972271
-1.204582
5.030317
0.4276581
1.334768
1.174704
4.307935
0.3334857
6.633489
3.697645
-0.6035068
5.85991
0.5237498
3.96297
4.058693
4.746352
4.390619
4.22431
7.792971
0.6124707
0.415311
4.072042
3.929927
-1.341068
4.761424
3.564525
4.954766
0.2731138
5.780546
-0.2842279
5.002702
5.582594
7.107545
5.168686
5.881633
0.9867178
-0.6166671
5.00814
-1.334963
0.6828355
6.018429
4.234621
1.093569
2.729824
4.618131
5.609921
1.053992
-0.3464378
4.653484
-0.06766286
4.13982
4.122891
6.09547
-0.3440668
4.887828
4.582133
-0.7886233
4.426737
4.706175
4.422019
3.99525
0.058922
-0.6343979
5.755637
4.712223
4.266866
4.006317
3.46849
5.465105
0.2092166
0.8710485
4.275835
3.686272
3.794487
0.04649353
1.056315
-0.9674157
4.677334
-0.1466821
4.902737
4.111847
-0.4982503
5.767101
6.485554
5.575399
-0.09558807
5.319852
-1.588732
-1.828634
-1.415843
6.983875
8.154307
6.64298
-0.7324971
-0.9168206
5.390899
3.0742
-1.150155
6.052429
0.6358652
6.578871
4.481555
-1.366872
0.3427696
5.228236
3.854058
5.890326
0.342439
5.311182
-0.6326549
0.9045361
-0.3496733
4.90988
-0.06742921
3.639217
4.03481
-0.3544435
5.733089
0.4670835
6.163836
1.139389
3.788991
5.199098
1.459556
3.463806
3.880192
7.165711
6.85823
0.1775861
5.839734
5.930478
3.975211
0.1993391
5.026636
6.016858
4.276725
0.04567912
0.6766052
5.760871
3.288592
6.053698
-0.761708
4.353209
-1.204024
-2.024564
7.956503
1.674184
0.944328
6.078892
5.402496
5.232565
1.287862
-1.50051
6.601816
1.678647
5.276469
-1.193763
4.717641
3.625552
-0.09239704
6.337616
0.1401562
5.924557
-0.1914181
6.002511
5.586494
0.6476882
4.679194
5.341658
5.940179
3.20694
3.780672
6.055589
4.619748
4.952259
5.548177
6.309816
4.987167
-0.1803268
6.108707
10.93837
2.730848
-0.1520413
5.754633
5.207909
1.669654
-0.2333291
5.335677
0.8856969
3.049301
4.458955
0.2163985
7.061878
4.857698
-0.2762348
3.061445
4.025037
5.764305
3.618435
-0.02789126
-0.6335905
1.178935
4.895223
-3.271931
0.4218603
-0.03625571
7.616469
4.105973
4.85021
0.7290282
3.89679
0.4070505
1.643885
4.521741
1.952142
4.436298
0.3107801
4.291597
-0.6027922
-0.1497232
4.277162
0.8803509
0.3850056
4.657806
3.763609
1.998707
3.906243
1.650001
3.664362
5.777508
5.516958
4.567552
4.448755
-0.3792275
0.3366318
-0.08003765
4.15726
0.04175051
-0.03609971
3.662056
2.305454
2.963335
5.043945
4.460583
-1.159402
7.023239
-1.084364
4.828944
-0.9712598
7.800297
5.165459
5.403221
0.9326045
-0.9764531
0.2957677
0.7513195
0.1091209
0.002342784
5.56908
4.613794
3.151487
5.483331
3.58305
1.038569
3.80338
3.4479
6.069526
-0.7977074
6.984614
5.452514
4.298836
5.457777
-0.1249046
5.264737
5.649891
-1.358725
-0.1495785
5.22863
4.305116
-1.253226
0.2811066
-1.13846
0.08982468
4.986257
0.7700528
0.3495812
1.655448
5.780534
6.036826
1.303612
5.260921
-1.039155
-1.286186
4.420745
4.92166
0.1171416
4.148688
4.216637
3.69459
9.690482
5.255186
4.433781
3.230926
-0.3842513
5.473632
-0.5142937
4.70799
-1.446909
-0.5168359
1.081708
5.547491
6.963402
5.265738
4.244477
0.1561865
5.384229
-0.5413877
4.273327
4.167968
3.495274
4.102462
-0.6741923
5.245513
0.3622903
4.844187
6.205313
5.841205
3.233787
0.9278833
-0.162151
5.780143
-0.2315362
7.138168
5.356073
-1.043364
3.0374
7.710773
9.434834
5.409857
0.4549718
5.509906
3.459724
4.985848
5.204737
4.946753
6.887874
6.901266
6.455562
4.683475
-0.707245
4.951053
-0.3343006
4.720259
3.040972
0.2560674
-0.3387818
0.41163
-0.128298
6.165144
2.480515
-1.230184
0.07808742
3.071338
-1.318866
4.500096
-0.1954905
5.346279
6.616548
4.490289
-2.321365
4.652913
-1.236477
5.239072
4.276691
7.48642
1.250217
1.502616
0.2750502
5.681117
5.73139
2.850492
-1.056486
5.08156
5.063429
-0.2559309
1.494358
5.718868
4.785961
3.805581
5.033667
6.126902
3.663605
5.390534
-0.369403
4.239696
4.491327
-1.314109
5.218009
4.809097
0.2479478
-0.742141
10.91587
6.574439
-0.6899613
-1.57381
-0.2757274
1.746142
5.670559
3.484339
-0.9798491
4.495472
0.1022957
4.504276
0.7176234
-0.1332875
5.316983
5.563941
4.599621
5.091891
0.5514011
0.7055992
-1.370864
1.21814
6.783832
0.5691502
5.029028
4.67101
3.766977
-1.911726
-0.007440481
4.819985
0.5260458
2.487978
5.801405
1.36463
-0.2817455
5.294066
4.349678
-0.8410541
-1.144996
5.455844
7.173709
4.843897
3.784125
6.656789
12.41205
4.64636
-0.6832609
1.910634
5.1082
4.339452
4.969972
9.47034
-0.431602
10.64479
3.055592
0.6923647
0.8279525
4.905245
0.1413209
4.608104
1.177326
-0.5564202
5.222179
5.284281
0.1902857
3.694941
4.392101
-0.7098176
-0.9203665
-0.8083027
2.785092
0.3240116
-1.2868
0.8867229
-0.2971857
4.234865
4.466077
6.583818
0.5808316
6.739638
-0.1830302
4.033597
-3.600157
1.008704
4.253482
0.3907697
0.9193945
2.851573
4.100853
3.621556
4.737097
0.2797093
0.0451495
-0.6776479
0.7051023
6.18915
0.305599
5.632078
-0.7876447
6.625949
6.882038
4.155455
6.715748
0.1670883
4.522592
-0.9063839
1.043696
6.723534
6.165354
-0.7187312
5.82343
5.692746
0.3483252
4.639844
1.812715
5.999859
-0.7938908
0.3707016
-1.251172
1.657014
0.03340858
7.582552
3.193028
5.602623
0.9459699
5.196159
5.35268
0.1047392
1.305045
-0.4590269
-0.8915564
-0.1546123
4.555194
4.955143
-0.6431079
5.227895
10.87634
5.168028
3.813321
0.5590952
1.231819
0.3798945
-0.3995005
6.28529
4.627407
0.6630858
0.1593738
4.884684
5.228465
4.70663
6.544545
-0.4570499
5.175605
-0.1276951
-0.4372459
6.157816
-0.4855915
5.666957
8.703205
13.31216
0.7643079
3.092742
1.860698
2.261801
-0.2819053
5.878911
5.792945
0.8291197
6.918115
0.1722994
0.6996733
-1.400845
3.886303
4.969258
4.564685
3.925823
4.414094
0.324348
5.586897
5.490174
-1.588343
5.894172
3.681631
-0.4687347
0.3238618
5.608018
3.543778
-0.4660016
-0.4438306
0.4509002
3.815101
-1.054393
0.954483
-0.7283777
5.372715
6.043959
6.694686
10.14779
4.850356
-0.7019569
2.842936
0.7903827
-2.111929
4.242472
-0.2417506
-0.2410565
0.02566616
5.629083
4.029633
4.081886
0.001357737
2.192096
-0.1222143
-0.6313351
2.787202
5.968916
2.940673
3.727748
-0.5221989
5.44569
0.5686168
4.561386
0.6704097
6.342992
5.541399
1.058981
4.826264
3.490766
1.239901
2.430261
1.221926
-0.3263177
0.1797101
5.750525
0.07514801
0.02224028
5.343776
5.570406
-0.5967198
4.70666
1.739093
3.976184
5.102583
-0.2941309
5.16924
2.3251
4.38477
1.234278
0.4929103
-1.057674
-1.565927
-1.078347
0.7180563
1.7136
-0.902878
6.135893
3.558417
5.09898
5.427908
-1.05953
4.24432
4.383403
-0.8871148
0.5175158
5.563007
-0.4465653
-0.4168514
5.495898
-0.3761396
0.1046147
0.2275177
6.768136
4.929508
0.4353707
0.4425907
-2.198484
-0.4845256
5.197281
-0.4072438
0.241967
5.935318
5.17306
-2.03652
5.066447
-0.4960554
5.859857
-0.4272808
4.51869
7.167264
1.334735
-1.948091
4.417667
-0.8689309
-0.7231822
7.074422
4.180538
-1.240793
0.3697415
5.408314
3.226409
5.915235
-1.267955
2.713448
5.926746
-0.6277294
-1.722341
5.13491
3.277962
5.450261
-1.130915
-0.3378051
4.854246
-0.08300721
-0.2942939
1.59351
-0.4565554
5.505231
5.259079
4.075689
0.3602078
1.081134
0.7116103
0.9363795
8.734526
1.404484
5.760445
8.922195
1.241641
6.70618
0.9534555
5.360415
3.930949
5.292673
3.408782
4.201579
4.452917
4.899605
4.88988
0.9427083
6.753211
-0.3990031
7.296037
-0.379264
4.480524
5.096599
5.932962
-0.0879458
-1.823623
4.739721
-0.7317
0.4708086
-0.9563979
0.8632768
-0.177776
-0.1718888
5.572256
5.797451
5.92261
4.182503
-1.699719
0.84031
-0.1221853
-1.686526
4.391315
5.766417
8.839481
3.953564
5.116634
-0.8384086
0.2967772
5.411483
4.070047
0.5321152
3.559738
3.946642
-0.9549222
5.045493
0.6451737
2.717518
2.976649
5.186776
6.075389
6.37535
-0.9251335
1.873594
0.3006557
5.429339
4.634479
0.3598898
0.9921412
4.194615
0.5013662
6.328977
4.719509
0.1915087
-1.125778
6.76665
5.635687
5.867792
6.640981
4.55077
7.262888
4.02172
0.3651067
6.103088
5.038117
5.173868
-0.1798239
-0.832076
-2.575783
4.196385
1.732648
-0.09052545
5.280884
3.376433
6.006266
3.931064
-0.03884579
6.378857
-0.2282678
3.778766
0.8183585
6.086348
-1.144132
6.722905
-0.7001703
5.893678
4.248293
4.420966
5.911353
3.157763
1.736858
-0.2009688
6.096278
3.905365
0.09764508
-0.03654858
-0.2958509
1.059121
1.025045
4.53452
1.63994
6.174258
0.9811776
0.1099507
-0.2395557
5.008777
3.793992
8.875337
6.833511
4.441661
-0.7833072
-0.8000624
4.599323
-0.5554785
6.498915
4.285221
10.11114
4.431569
6.072131
4.3935
4.303996
0.4719889
-1.322584
6.422067
1.040626
-0.476315
6.284253
4.394158
8.57196
5.099801
-0.413197
-0.9266314
-0.05119735
4.256417
5.512625
0.6309942
6.517561
0.3973711
0.1141893
10.17353
4.627547
5.427993
4.44685
-1.114369
4.91004
-0.3141393
4.971884
6.443612
4.242958
-0.4470818
5.988699
6.802623
-0.213561
1.49318
5.831123
0.5693085
4.257779
3.988011
4.186811
4.829956
3.546659
4.292347
0.04393606
0.004223167
-2.065357
5.522086
-0.1959191
-1.609591
5.853571
3.753756
4.978531
3.506945
5.205986
9.354001
2.36278
4.829318
4.161308
1.038182
-1.756577
3.598797
4.600884
3.91188
5.809031
-0.2994338
8.418385
5.037545
5.004843
-1.651764
5.890906
0.8167328
1.611812
0.72728
6.366487
4.241705
0.110978
-0.8386765
5.644259
0.2182038
10.02207
1.29433
5.874142
-0.2766197
4.202905
-1.038974
5.648252
6.876224
0.2956782
6.251045
3.129551
3.667608
3.538381
5.659494
5.516362
4.310022
0.4272283
5.263181
-0.6585492
1.32214
-0.567787
0.548236
0.6612235
7.212559
5.804169
4.906097
2.957047
0.7436531
4.555302
5.333881
3.535987
6.076078
5.044738
0.3282989
-0.9664673
-0.01336905
5.889147
-1.032039
6.192084
4.452139
6.336057
5.884548
4.786795
-1.282845
0.004807385
5.300738
-1.591505
1.963688
0.9922397
3.829903
-0.2263439
0.3980387
-0.2241439
3.521982
6.539337
-1.038746
-1.358516
4.179978
4.112699
0.4079598
0.4277042
2.02579
1.288918
-0.1883185
7.242248
6.286126
2.906973
0.6278529
4.837967
-0.07899965
2.301753
5.032433
-1.834813
1.477233
5.187735
6.032178
6.213982
-1.313891
0.8657043
4.103912
-1.222673
4.835909
4.30911
3.935783
4.558206
9.526811
10.5873
1.586566
6.200684
4.401087
5.856399
-0.5289525
1.402193
0.532099
0.2764195
5.56669
6.551745
5.26779
4.560669
0.01747032
6.006714
5.774976
5.909197
4.98095
-0.9943868
4.082046
4.380737
6.637353
0.04463453
0.7948028
5.01825
5.169366
-0.4474207
-0.4339164
-1.499183
-0.1717433
2.598824
4.241478
0.5604674
0.2496089
-0.5151971
5.548142
0.6113795
5.158856
6.354307
3.703099
5.95812
2.873219
5.947276
5.965058
5.769972
1.159916
1.555192
-0.8410033
6.601023
1.572799
-1.074359
-0.143399
4.713293
4.364322
4.021641
0.9340974
0.60606
5.304358
5.753483
2.511787
0.4648902
3.984251
1.711644
3.913884
1.511985
0.4992752
4.518787
5.096995
4.893456
6.963038
1.773754
0.7192784
5.848803
-0.2326225
1.832298
0.3122322
4.701997
-0.1466208
0.3382147
0.1418372
2.642045
0.3472711
4.846305
6.176637
5.586255
4.702777
3.523994
1.019361
6.571902
-0.2384478
-0.1250716
0.003884532
4.551266
8.618583
3.5447
-0.8360314
6.085357
-0.7252673
3.634792
9.285716
-1.523356
0.5822737
0.5450902
0.1350413
-0.4842887
0.4814366
4.526034
0.1132059
6.472764
4.173109
4.329492
-0.7005234
5.393256
2.142032
6.094951
4.468448
0.1769918
0.8248517
3.992547
-0.9991852
4.950116
-1.825383
4.361532
3.091114
5.847748
0.1628809
-0.6855594
4.681122
4.236465
0.05535933
0.1577552
5.575012
5.255073
3.974978
3.187217
5.078189
9.443818
5.552568
1.17674
7.911954
-0.1883284
5.750186
-0.7132204
0.1695157
4.096931
-1.66256
-0.1100237
-0.7886044
-0.8778124
0.9466848
5.075893
-0.2056145
8.841871
0.2920026
-0.3529524
4.448938
1.541332
4.497659
5.267996
5.179452
-0.6421803
1.491182
7.804672
-0.4109327
0.01018934
5.097632
0.7266897
-0.9680401
5.185776
4.781367
6.325536
1.814071
4.595968
5.647166
5.340179
4.77897
1.098637
-1.253683
3.83793
5.583809
5.221078
-0.1610015
9.05273
-1.057839
3.584099
4.698646
4.716237
6.328811
0.9463843
3.858066
-1.745308
2.059964
3.839079
0.1553878
-0.954914
5.469347
-0.1107911
4.891446
4.92234
7.122579
1.283739
2.602895
-0.185872
4.056566
4.285161
5.672486
5.15283
-2.557014
-0.6385012
1.207227
-1.753703
10.85299
0.9861111
5.187683
-0.1034102
0.03116704
-0.3570744
-1.0717
4.446288
6.55338
13.30988
6.083184
0.1275401
0.7664214
-0.7375979
5.138366
-0.1647258
5.373387
4.964897
0.6455507
0.2991745
3.30786
6.14728
2.59072
6.62624
5.032935
5.583189
0.8526192
-0.2363873
4.144768
1.751724
4.563915
3.60004
4.247647
-1.05656
8.275487
0.3408834
5.217032
0.7141296
1.382342
0.110808
6.289943
4.64194
0.06502117
-0.4122642
-0.9829225
5.45779
-1.323869
3.965274
6.002925
4.766553
-1.547309
-1.724286
4.210043
-1.29662
3.857772
5.309783
1.28124
4.961591
0.6701651
4.248514
-0.6218191
6.094365
3.882314
6.746058
0.08809741
-0.7908115
-0.1801113
5.827853
4.413153
0.2415095
5.606301
-0.7427426
4.440087
4.387055
4.374301
5.433369
5.421725
6.990518
-1.147604
1.347527
5.142888
5.336834
-0.7953279
-0.773586
-0.2302238
5.721194
-1.026957
8.097753
-1.483463
5.819504
4.334283
4.520544
0.5633064
5.463306
-0.04689615
5.617425
4.329003
-0.1741286
0.8304866
3.93478
6.199547
5.971343
5.874014
2.71792
5.211914
4.200373
4.86253
-0.8264294
5.357115
0.2926193
1.515113
5.155037
4.292554
5.336002
-0.9630279
5.253147
0.3961549
8.86462
4.585965
3.312386
1.626837
-3.544142
-0.6470161
5.508581
0.1244543
1.163992
6.187095
6.981658
7.350843
0.3289726
9.553923
-0.442197
0.6414767
1.634578
1.871517
4.335625
-0.4400311
5.666872
-0.9479605
6.00276
3.151835
4.304681
-1.296791
1.089699
0.8175222
-0.6356958
-0.3169737
6.642479
4.056308
-0.7490551
-1.12062
4.108594
4.578333
-0.2683183
0.4669518
-0.6346087
4.974488
6.935015
0.3417098
-1.661868
-0.4672277
6.068754
0.6011621
-0.6752752
-0.03333476
-0.4249236
-1.020131
4.887678
7.044621
4.785333
5.488981
5.176443
6.551386
1.566114
-0.3040982
-0.6910755
4.756547
6.32689
4.979377
-0.8488803
0.6129845
0.9777473
3.431263
3.251971
3.870332
4.510244
3.865852
4.846776
0.5333308
4.066936
1.196122
1.067983
5.612458
4.846864
1.633652
1.280467
6.453224
4.027237
5.67661
1.404765
0.6575057
6.235586
2.192831
0.5195377
7.749681
1.218964
0.8785265
5.108015
0.344998
2.882737
7.043434
-0.7692655
-0.1165012
4.053764
9.191365
4.488135
4.345444
-0.7889595
4.458534
5.700929
1.445643
0.9372677
6.618359
0.733216
0.6087967
0.6974587
0.5125887
6.018601
1.482684
4.744052
0.3332658
-0.4442941
4.484983
4.827376
5.712161
3.874946
4.70132
3.564071
6.502617
-0.4485407
-1.492518
0.2632145
6.990926
5.184046
-0.9694392
3.668401
4.056955
-0.9198223
4.292421
-0.665086
1.119684
5.224119
5.238805
4.771762
5.037354
6.320266
1.20124
-0.6906994
0.03217206
1.132205
5.102189
-1.291805
8.31266
0.3399778
0.1833786
6.20746
6.673941
-0.9743915
0.08665864
5.466505
5.690631
0.4625916
-0.6413552
-1.379165
-0.3098638
0.2337294
4.576318
0.5816985
4.756953
0.2308747
3.894571
6.50938
5.198776
4.712097
-0.1043572
-1.024015
4.911631
5.026367
-1.370605
0.3901375
4.781565
5.117086
3.969265
-2.168772
4.554163
1.019736
4.767604
-1.238519
3.541679
6.04568
5.96648
0.4875282
1.065074
3.944915
6.353952
-1.085563
6.007776
-1.385803
5.419776
1.104712
6.510949
-0.409214
4.118224
10.5523
4.707715
5.640482
6.091549
11.49206
6.342208
2.010598
-0.5002743
4.8897
-1.297877
-0.6938478
0.2863945
5.747488
6.358476
0.392874
5.273104
6.052505
0.1521022
1.080537
6.15426
3.222122
3.899955
4.770723
2.408037
0.6745169
4.237106
-0.7303517
-0.6879828
4.484988
9.089089
-0.772035
4.224882
0.1594312
6.04264
6.419184
4.130159
0.7461253
10.48143
5.861173
5.202948
5.063582
4.186126
-1.416929
4.38136
6.268285
-1.83128
-0.06243113
-0.2035057
3.998746
5.989259
3.695819
5.24298
3.230493
0.7165115
0.3745706
2.59049
4.449564
0.5048428
5.757004
4.739808
4.186912
7.038766
-0.8306718
-0.3322911
5.11196
5.803817
2.949586
5.023967
2.522863
3.805468
5.101034
8.016699
5.744358
4.990552
4.045388
6.230403
-0.369283
3.181902
-0.3325351
0.5433302
3.716927
4.410018
5.081804
6.161929
4.791369
0.6095565
-0.846879
0.2004946
0.3390939
3.78037
7.569434
2.357962
-1.105088
5.889394
6.612643
1.048101
5.413959
3.781165
4.833491
4.028523
5.725971
3.512403
2.928286
1.389942
4.525995
-0.7751368
-0.2602826
5.133943
5.180487
4.562862
6.411685
4.364504
4.180999
5.421321
-0.8364875
6.348026
5.787538
4.123129
5.288286
-1.050366
-0.7800816
0.163035
4.3804
6.20573
5.214035
4.876885
1.152799
4.320968
-1.058773
5.350082
6.170006
-1.753931
0.1369181
1.185461
3.274678
5.621282
-0.04568723
0.09428375
5.265621
-0.1301881
5.686543
4.306932
3.489785
5.383726
6.71559
-1.290106
-0.6134224
-0.3768622
6.055468
3.894376
-0.3685245
5.482367
4.5662
4.28348
2.819648
-0.1832104
4.224748
5.405917
5.023165
1.528645
4.463912
5.714322
0.0840644
0.7215329
3.456611
7.94799
0.1350206
5.145169
4.956128
5.232547
4.317504
4.562454
-1.394322
5.59247
-0.2948512
0.1180842
3.258694
6.058922
1.625754
0.1467346
-1.032794
4.083826
3.358792
0.1514739
-0.4668391
4.649878
5.622267
0.3153944
1.192457
3.944555
5.610802
4.374196
-0.48856
5.210398
0.799586
2.460373
4.454409
3.855577
6.908941
-0.3646589
3.548695
0.763881
-0.9226452
0.510567
4.47947
4.062523
0.9609549
5.119519
0.5912924
4.292238
5.490192
3.396006
5.587323
-6.742929
6.488086
1.690509
0.3668057
0.09225634
7.146227
4.825813
7.767948
-1.157481
1.767763
5.046464
4.596603
4.901382
-0.9875547
6.074248
0.769324
4.736762
6.193351
1.52166
4.260571
1.435654
6.164749
0.02964793
4.629295
0.6134414
5.298695
4.65761
5.845833
4.509186
3.159033
5.856581
4.900691
4.772516
0.8664311
-1.557558
0.139302
6.491336
0.3617782
-0.5023259
0.302302
-0.6267699
-1.115436
2.337226
4.446576
-0.1783082
4.343835
-0.7819012
0.4623368
0.8573915
8.752049
5.021995
-0.6481692
6.495684
0.6633344
0.1384692
3.549842
5.240671
4.611289
5.74442
6.551451
6.541971
3.370898
-0.6055815
4.074087
5.702235
4.774778
1.179935
0.1210902
4.669179
1.05637
-1.592297
-0.532265
-0.110249
6.401113
4.571894
3.655095
5.613175
5.175769
1.014891
5.97694
1.175156
4.637196
5.899376
0.8170906
4.558399
5.690415
7.061038
0.3286593
4.929122
4.74375
4.190221
-0.8812455
6.735833
4.445002
4.537159
11.68605
-0.1009067
4.893781
5.664986
4.045426
-0.8868763
6.809127
3.109212
1.268587
-2.056282
-0.5321536
5.81138
0.6925816
-0.4931913
9.289256
5.390856
0.8561917
8.779999
-0.7475938
1.109398
3.016942
0.7181321
4.815113
-2.016183
3.835582
0.0469411
0.8948787
6.829017
6.718943
5.2895
-2.039783
-0.8302812
0.05382557
0.4326142
5.515975
4.989462
5.886109
5.468637
6.402443
-0.5504091
11.30664
3.866893
2.485265
5.426066
0.4358781
5.398155
5.288358
2.520658
0.8639283
4.829214
5.923754
4.052775
5.502093
7.11018
0.9564284
0.6711108
5.918853
2.67022
4.225223
4.021558
6.064783
5.088744
2.036629
6.963217
2.327403
4.866512
1.097158
2.27784
-0.01542765
0.866724
5.807161
-0.9793032
4.17141
2.928533
-0.07284794
-1.425699
-1.586516
-0.09860953
6.984453
1.326537
0.9568596
4.677304
6.007875
5.514872
5.798263
4.249807
0.4669655
5.123482
0.9131264
4.56833
4.918429
5.445353
2.394381
-0.5128252
0.413482
5.500895
2.965339
-0.04515917
6.447072
3.606459
0.00448639
5.25412
-1.542616
8.663027
0.4982665
1.72829
-0.5906157
6.624764
4.062855
1.341965
1.535969
3.188771
0.1904806
1.505642
-0.6585843
-0.5185765
4.77967
5.139364
3.954885
5.846907
4.013339
0.4990323
1.295204
4.466981
4.403286
6.462731
0.1754153
2.839597
4.504795
4.346824
6.315905
4.535242
5.692656
4.858336
0.8181373
-2.120392
0.101512
5.103718
0.1116928
3.985651
6.971697
0.5486269
0.2496421
4.424527
-0.1638716
-0.08766145
4.733522
0.2010542
-0.6657899
4.590278
5.065467
4.067996
-0.8981491
5.258148
5.497324
0.0322346
6.713548
-0.03561832
5.980093
11.80163
4.838867
6.480435
5.24736
-0.6584664
-0.1934152
4.219168
0.1047933
1.388451
6.908799
0.09062764
-0.251543
4.374257
3.551678
-1.914774
-0.7736631
4.801681
3.724674
4.311972
6.847894
4.826256
-0.9149495
5.137432
0.8517834
-1.013634
1.720814
-1.108516
1.205382
3.573592
4.42169
3.750775
1.107271
0.8765966
4.308047
7.179302
4.283611
0.05309687
3.865555
5.257969
-0.8440157
1.0491
0.5433825
3.745091
1.677064
4.484211
-0.3382141
6.572155
4.141812
3.3958
4.531246
-0.3709894
-3.712522e-05
4.280041
7.14629
6.129649
6.042662
-0.4972432
4.891549
-1.486153
-0.4556581
6.106411
0.9355571
6.353956
-2.28374
4.049636
3.974759
-0.6462288
6.235146
4.037262
4.980694
1.539722
2.874441
6.015334
1.04591
1.009574
2.54838
4.660651
1.18878
5.912282
-0.6184408
4.480892
0.1363003
4.403396
0.01957762
1.146155
4.003974
-1.691708
6.040019
4.787881
5.27863
5.544887
0.477761
7.715979
-0.4768105
5.549126
0.7206181
5.219914
5.254309
-0.902226
5.560072
4.597208
-0.04583983
3.39535
5.398008
4.103553
-0.5586457
-1.682491
-1.910541
5.263105
4.14133
4.506964
3.395263
5.738755
3.549707
-1.030732
-1.364906
4.373837
0.1299445
4.771831
0.03063674
0.659303
0.4582621
6.931454
5.388593
4.82674
-0.8813105
5.389288
4.67908
-0.02898543
0.8255393
3.089879
5.417827
4.377711
1.315815
4.745116
4.585956
5.580307
5.563234
5.766432
6.29191
-0.5884282
4.983186
0.04615285
-0.4525668
2.962324
-0.7183367
2.011549
3.581492
-0.5234186
5.583474
-0.3275826
5.650333
4.809446
-0.8310687
4.827207
-0.6007533
4.81233
1.038773
0.596405
-0.04608087
5.154486
4.96221
4.686227
-0.1981282
4.770944
5.829279
4.707032
-0.129663
4.578205
-0.5644385
3.990944
6.17023
3.957338
5.389737
5.72831
-0.5919849
-0.9112998
0.4134129
0.215389
4.733372
5.72433
7.111656
0.027983
5.105688
-2.776507
1.288011
0.9691643
4.781879
4.211764
-0.6976644
5.137284
2.586383
6.126439
3.371805
5.066712
5.035607
4.568479
2.771632
4.346718
2.216728
-0.7809644
-0.500224
0.2467967
4.987643
0.58396
-0.2885974
6.286023
-0.6200112
5.363165
6.464972
8.017503
0.5812262
5.613435
1.453734
6.164652
2.502549
5.005397
6.104302
5.434764
6.009891
5.204124
4.360058
1.623521
0.9075876
4.818297
4.871375
1.246202
1.301097
5.64762
1.651146
4.686796
3.296727
5.386144
4.613759
0.5806917
0.9733018
3.74749
4.473804
4.885925
-2.009939
5.443726
0.4465022
-1.106249
4.863924
5.55987
-1.646874
0.1080904
3.671171
4.386878
0.7638631
5.932667
3.225182
5.005512
5.39302
5.044991
4.399419
4.783863
5.752783
3.39322
-0.8822754
0.2629013
-0.3602307
4.985234
6.837196
6.706922
5.734891
5.434223
-0.01888274
-0.7537448
4.505154
5.71904
5.642133
2.27872
4.142811
4.845642
-1.014811
6.276277
4.778173
4.535176
5.121066
5.130441
-1.62062
5.365885
-0.09570643
4.800277
4.520197
4.071339
3.86509
5.739665
2.820416
3.821109
4.195356
1.902654
4.294215
1.280907
-1.575283
6.049354
4.446695
2.690008
0.6174273
4.390563
3.578763
-1.410802
6.626876
-1.683839
0.9104188
0.3295957
4.943702
3.533588
1.392522
5.172028
5.782922
-0.457559
0.4405174
6.706238
-1.761698
5.243952
5.914016
4.07339
0.4481699
-1.304234
4.311818
7.291396
-1.418801
4.988666
0.9960317
0.326474
-0.1154614
-0.2110042
4.733193
-0.9921395
7.217286
-0.8732893
3.25897
0.03311933
4.563923
0.4875102
5.228807
-0.02591383
4.168638
-0.1621992
-0.5519347
3.897472
5.171494
5.309823
3.979462
-0.3392222
4.601506
5.82588
-1.162399
-1.503673
-0.301649
0.5109686
6.82779
0.001701126
3.74207
7.919146
-0.8760846
0.1707998
4.274673
5.939579
5.041158
0.136638
5.743285
-0.1096599
4.882437
0.3794025
-0.7632106
6.549442
-1.222654
6.05905
4.614897
-0.3690468
-1.768565
-1.559969
6.393974
1.814382
4.466018
5.820784
4.485217
-1.217981
4.169814
1.10967
5.170487
4.10387
0.2433881
4.790536
5.482989
6.326729
-0.8879228
-1.253636
0.8231935
3.272601
1.345382
5.558331
4.721404
6.80407
2.718582
5.006483
1.215386
0.8287598
3.577146
1.361192
5.288463
-0.129054
5.646649
3.982816
5.111088
4.100646
4.240428
0.7224817
4.998609
5.164489
5.480153
3.946407
-0.6350042
0.04513078
6.154455
5.539919
2.906624
5.679218
5.423609
4.052796
-1.022882
4.237477
6.699686
4.544711
-0.2356984
-1.512549
-0.8571745
5.589886
5.155925
4.14437
3.472859
4.062921
-1.241807
8.578211
-2.174999
-0.1442166
5.141355
0.4797787
-1.719956
5.094766
0.4004777
0.1576369
3.515248
3.760357
3.078881
1.366668
4.803183
1.924535
5.481437
4.481703
0.3825726
0.2212189
4.869263
4.98058
3.372588
3.424037
5.399116
5.020773
5.864312
4.782327
0.02626582
5.871601
6.297961
6.699729
4.393534
1.375307
-0.3305145
0.1757043
6.238767
4.185261
0.2733116
-0.09723691
0.2194067
-0.5167073
5.75234
6.606501
4.317078
6.400212
-0.4418374
6.358076
4.853076
5.366429
3.965187
4.521634
2.729266
4.525904
-0.1723116
5.031201
0.2089861
0.8723452
0.4520327
-0.2759566
-1.79087
-0.2337908
3.845283
-1.275055
4.662818
4.546311
0.2196722
-1.479521
-0.4711753
5.187784
-1.110951
4.574064
-1.778432
-0.5119296
-1.328242
5.531546
4.214669
0.7190544
-0.1008079
3.813691
-0.2532823
0.796543
5.399279
5.11832
4.931855
-0.7248048
5.87516
6.780677
4.574493
-0.5652558
7.797185
3.872634
0.1539736
5.410575
4.803168
5.118452
5.324321
3.951298
2.041994
5.404437
4.965349
0.7328856
4.916293
1.04628
4.640601
1.086487
4.1493
5.024317
0.6918709
0.4717839
0.6685516
5.35496
-0.2400157
6.074689
-0.5650061
-0.4341697
5.178149
6.415085
5.038349
6.637975
3.853611
2.794154
4.528779
3.727794
5.964663
4.811324
1.338543
4.401953
5.582847
4.582349
1.250596
-0.2344388
1.104371
0.4893571
4.358923
3.277336
3.320268
6.639615
5.374774
3.171514
2.577298
-0.473172
0.697266
5.213888
5.57484
3.075781
-1.710274
0.9785319
5.364697
5.407017
0.3266687
3.822338
-0.08025769
4.65717
4.332759
4.855998
0.1550394
-0.5556405
-0.4496984
6.129807
-0.5319605
1.594321
5.900894
-1.258392
8.616247
2.971407
7.778593
5.908815
0.1419244
-1.5997
0.2928322
0.6380219
4.134237
5.133961
0.9032079
-1.12412
5.606048
3.612382
3.933186
1.405547
1.2381
0.5694701
6.082511
7.522088
-0.2242707
0.1682461
6.335972
0.07112402
0.1072305
4.279297
0.06682304
0.653165
4.082366
-3.178017
-0.8196762
-0.4520142
2.155499
5.439968
4.136244
2.905017
-0.2931602
5.55208
5.864888
0.08862677
0.2892404
5.77632
4.649963
3.678949
4.965376
-1.728808
0.8859535
4.4357
2.742591
3.794384
0.8532781
6.100148
4.906496
-1.096768
4.867069
3.197308
-0.5666889
0.1575767
3.138101
0.7495253
4.352451
-0.3742971
3.648918
3.816343
2.833353
8.872417
-0.839402
3.92744
0.9746603
-0.5296419
4.034763
0.3426992
6.024758
-0.2148352
4.966765
2.520296
0.4059222
6.887487
-0.6979796
6.150473
0.777319
0.3305537
5.733296
5.535261
4.23384
5.839092
5.588178
3.98944
0.9001004
4.720909
-0.3104949
-0.1775891
4.968472
5.358928
4.710747
4.624584
0.3630205
4.73492
-0.02317165
5.548771
-0.1960534
5.360033
5.40283
5.768055
3.008981
4.772452
4.487982
5.847644
1.183166
0.6304108
6.620859
-1.141891
0.2418412
1.142472
4.818754
-1.339386
-1.38877
1.868074
5.286362
-0.2547209
1.915843
0.1532778
2.120172
-0.03687569
0.6464405
0.4616237
5.255711
4.062181
5.484984
5.832083
-0.7007732
3.96112
4.493114
5.306663
5.234542
2.820552
-0.1617237
-1.203942
4.861999
4.294594
0.440348
5.512663
-0.6694032
4.163738
0.6320625
4.409221
0.2911058
5.589671
4.210235
5.861998
4.475812
5.932908
5.804934
0.09024963
6.635802
0.5600343
4.720804
-0.5696415
5.907716
-0.5390442
-0.08959527
-1.830766
3.974611
6.324766
-0.3217594
5.014487
-0.6416839
0.608336
4.700954
0.7528931
5.069704
1.089803
-0.2043953
4.291923
5.389964
4.242881
-1.165867
5.432027
4.73973
0.6760741
-0.4644635
-0.540935
-0.699094
5.637787
3.345922
4.681869
3.574229
0.2597299
5.258834
-1.023322
6.863826
-0.0648558
4.524274
-0.1145578
6.225744
4.9635
4.347631
0.6639238
5.545093
-1.025541
6.305566
1.437192
7.776197
-0.2246188
0.6672882
4.091137
5.440268
3.676109
6.155295
0.7135861
-1.301089
4.677497
4.681168
3.799652
-0.48864
4.752528
-0.5118701
5.859542
-1.422251
0.4897152
-1.164774
5.978428
6.019608
-0.4984227
7.175112
6.110366
0.4006402
4.889637
4.702131
0.4430934
4.218049
5.548544
2.938477
4.61832
3.801878
4.11904
4.487473
0.6246095
5.187367
5.876519
5.26114
-0.06952473
0.997092
4.280339
4.944788
0.2208674
-1.153477
3.935721
3.669356
6.030388
8.307757
-1.701883
4.67303
3.872261
0.6755601
6.314999
2.209261
3.665659
5.179658
3.795891
0.6072217
5.084139
6.481606
-1.462736
1.083078
5.836599
3.921332
0.3167488
0.324046
4.882591
5.72082
0.7907173
0.0355599
0.9891851
4.758596
5.616765
0.6500346
5.942592
3.874933
4.234007
0.6547986
0.9224208
-1.058282
10.37347
5.773098
-1.445219
4.24256
1.167078
4.946088
6.819538
0.03833971
5.029142
0.03435114
2.980258
7.196301
4.548418
5.789383
3.688434
-0.9309804
0.9118398
5.12882
-0.5728396
1.000041
0.3930478
0.4901208
6.629762
-0.6349599
4.97889
3.949668
4.989378
5.657944
4.957414
0.4808005
0.08133384
-1.385995
-0.7599609
5.461025
7.194287
4.596217
2.687767
4.552389
7.626493
4.65665
3.77575
6.437806
5.593537
3.005968
6.221373
4.95599
5.558415
2.045876
4.264929
1.659564
5.321855
-1.526893
1.243377
-1.372127
6.292576
2.897989
5.346944
-0.08113385
0.9160198
3.515034
3.662516
-2.052838
3.494353
5.915519
0.3921612
0.3597389
-0.2270005
-0.02021295
4.270455
5.42551
-0.8623645
0.0433823
7.189892
7.405863
6.011096
7.799834
0.3866894
2.895923
-0.9575769
4.829592
3.341426
4.869965
3.756316
6.436171
9.876885
3.865931
5.891207
0.01060139
4.856922
5.092827
3.522185
5.937504
6.551238
0.5359081
4.479317
0.06835921
5.076817
3.58995
-1.407646
-1.106374
4.343982
3.787326
7.953952
4.995242
1.448298
0.3196303
3.241656
4.709495
0.4096912
3.923774
1.259669
5.68692
0.8109196
4.822773
-0.9826719
0.4133376
5.843767
3.140426
-0.8235911
5.715276
4.702468
-0.1316454
-0.4885224
0.07025073
-1.167455
5.412646
-0.5069227
8.893461
4.568191
1.561073
4.190794
4.438654
2.814375
5.260164
-1.110855
5.949003
1.875225
-0.8395169
4.642607
1.176926
4.486105
3.465223
0.969069
4.471449
3.931891
4.229491
4.450787
4.657282
1.606036
5.379646
5.925053
5.560097
5.001798
4.895265
5.37092
6.440782
3.558772
1.483917
-0.7663144
2.781292
5.046854
4.404297
-1.011813
5.66841
3.686148
0.02426884
5.096972
-0.4315736
0.9070975
5.578354
-0.8232775
4.929525
4.704096
5.933081
5.225427
0.1957172
4.295437
4.984506
-1.86869
0.02040218
-0.105325
5.016189
-1.63936
4.024016
7.925445
6.227365
-1.520686
4.51132
0.8032263
0.3446048
5.141644
5.988034
-0.5562771
3.79753
4.23834
4.872471
5.677462
2.659005
-3.284192
-1.546824
0.7052786
1.054798
4.920801
0.6525845
0.1841952
2.418419
-0.9954082
-0.2860662
-2.447411
1.570957
4.302134
4.932509
-0.3328097
4.89201
6.110374
6.099312
2.273808
-1.077359
3.062302
5.379848
3.70433
3.679263
2.34978
5.076276
0.4137504
3.441188
3.045753
3.994434
7.012638
-1.037702
0.9648511
3.637753
1.516029
4.279105
5.411846
3.781043
4.792158
5.187231
-1.458656
3.783119
-0.2249598
-0.1554752
7.014951
6.671384
4.062238
-0.8127849
5.173532
5.191979
4.814989
4.739735
-0.4796212
-1.43243
5.232572
0.6375632
-1.912075
-1.373962
3.573623
-1.736292
-0.8074555
0.1644636
-1.190155
0.1917713
5.708471
-0.1548365
3.494167
0.7548708
5.564227
1.423016
-1.367036
1.937485
1.314623
-1.146289
5.444718
5.459577
-1.855196
5.828983
0.03446593
4.597406
1.209069
-2.135736
4.929096
7.67924
0.04137275
7.022005
4.898272
-1.754964
5.976683
-0.008154532
5.27794
4.527847
-1.905833
-0.2453324
5.46988
3.722249
4.958804
-0.2170862
4.845384
8.689456
0.7169925
-0.3382381
4.095635
-0.3808864
-0.6493956
0.4791591
4.416701
5.816236
2.198373
-0.7284826
5.642976
5.726986
5.884756
4.512291
7.431437
4.88798
4.594153
5.103181
2.415829
-0.2820535
6.0059
-1.362894
-0.4406767
6.023775
4.952412
4.858564
0.2127035
4.326029
5.528124
1.792538
3.521882
6.065184
2.387519
5.371149
6.976381
5.576221
4.624757
3.165136
5.331091
6.471592
5.167009
2.797388
4.950536
4.343452
6.116663
3.565211
5.469253
1.861846
-0.306482
5.612321
-1.181281
5.821805
1.376433
0.07657349
0.02379713
-0.5566823
5.418451
2.052167
6.591042
0.05066978
3.714074
-0.2065649
-0.950624
0.04412679
5.227081
1.740625
5.533634
0.01065537
0.5781477
-0.1766144
0.7816583
5.661774
4.390022
-0.4978679
-0.8084443
-0.4370503
-0.000465786
10.33306
-0.8533959
6.148302
6.323411
1.202698
-0.485817
-0.5679253
1.430263
6.599893
4.377604
4.547448
1.596433
5.454956
-0.4946325
6.134848
5.03744
1.437
-0.5183059
0.5273504
0.7982044
6.271155
5.504391
5.995177
-0.9763355
0.3305763
5.980509
5.472477
4.681062
-0.04667856
6.342147
4.937369
5.864165
1.59665
1.342854
5.689992
0.9220582
6.699948
2.478143
0.09308448
1.84246
4.290621
5.648206
5.862431
-1.122481
0.5065488
3.769345
0.5750514
0.5181147
6.205229
1.040348
5.485759
5.392823
-0.004946383
4.006885
5.991641
4.99464
-0.551126
4.835228
5.61167
-0.504566
6.043994
3.322432
-1.14111
1.914484
0.7022047
4.388374
4.40511
-0.3047196
-0.7092149
0.1409033
5.103711
0.4563195
5.968607
6.33275
3.961327
6.042886
-0.4738578
5.836076
2.669232
5.343673
-1.795557
0.9980668
3.305709
4.151011
2.59795
6.907062
4.859327
-1.027683
-1.398201
-0.7051947
0.6166611
5.150627
-0.03356949
0.6722004
0.3759032
4.592167
-1.98902
5.029315
0.7965322
6.036407
7.248448
3.699411
-0.354315
6.26491
4.488021
-0.9047269
0.5639725
-0.1535806
-1.698787
5.351824
6.708643
-0.5353609
3.518576
6.533845
5.054454
4.756706
4.395415
8.482636
5.905775
4.440752
-1.526789
-0.107355
3.242343
-1.501001
5.65408
7.475091
0.129513
-1.056085
5.02619
4.968344
6.780952
4.498181
-1.533594
4.697413
3.03508
7.474427
4.747212
7.297876
4.921576
-0.6867539
0.5008178
-0.7628596
3.031371
3.618771
0.1892627
-0.4883203
4.918197
-0.2800388
5.285291
-0.7299622
5.515689
5.148781
4.228518
-0.8664417
1.036775
-1.431509
0.1736966
4.171962
-0.4776947
-1.247631
6.048573
-0.1933694
4.010154
-1.323893
5.391024
8.315947
-0.2283622
1.307592
0.6497774
1.674972
-0.07846892
5.226717
4.270266
1.971861
4.784213
-1.345081
-0.3084393
6.255255
0.9618873
4.614585
-2.040077
0.4150384
7.258084
0.9354753
3.320773
-0.5503449
6.250122
5.623274
4.765269
1.402939
1.69675
5.250095
1.074768
4.867467
5.840273
5.19943
1.67734
3.848238
7.416379
4.112941
-0.6185317
5.247846
-0.8673597
6.440423
-1.208573
-1.324892
4.472805
5.282211
-0.9026921
-1.000795
5.449799
3.722085
4.925014
5.754178
6.127303
0.7008844
6.069625
6.811562
4.975758
5.322071
3.514795
4.19057
6.309646
-2.292882
4.603342
7.000862
0.9105698
4.449411
5.205943
5.1053
0.4884303
3.421719
4.070328
0.8656447
4.950457
7.181209
-0.8983461
0.7926723
-1.057006
-1.072538
-1.51315
-1.026685
-1.852234
5.725211
1.329208
5.573715
-0.9598189
4.413821
0.6499888
2.252588
1.850529
-0.3674579
0.1449185
-0.3947007
5.281698
-1.865596
-0.3164837
4.473251
4.349093
3.155195
4.694971
4.169574
5.475169
6.274299
0.1756367
-1.345609
3.774211
7.641253
-0.9397878
5.556953
0.1275221
6.319972
0.7627483
-0.3044112
4.863437
0.7347559
-0.2642377
0.4623264
0.0355452
-1.716611
11.0426
-0.6710764
-0.8565992
-0.1124524
1.53483
-0.4526067
1.005143
0.1866964
8.175914
5.323283
3.358958
-1.527233
12.06234
1.096977
5.192575
-0.356074
4.005009
0.4135348
4.108431
4.622866
5.523626
6.348411
-1.067437
4.54209
4.276063
8.076486
6.759869
5.629613
0.01953566
-0.5201033
3.834351
4.33261
4.374705
5.077866
5.185219
2.651943
0.6865533
5.922965
0.8108153
2.043292
0.1708957
6.0711
5.229543
0.9733836
5.025165
5.371271
4.892997
0.2566532
6.326835
5.308875
5.517997
2.525897
3.625641
1.102714
5.411211
-0.2809785
0.7862565
0.6148372
5.825026
1.295666
6.498536
4.62625
6.455228
5.162384
1.12731
-0.09406346
5.169596
5.544367
1.413907
-1.5695
2.57124
5.404583
5.007693
4.468134
4.773251
0.540375
1.289096
2.861406
3.874168
-1.378455
4.101378
5.12412
-2.306901
4.400734
4.291067
0.430996
-0.1282198
4.059943
4.01021
-0.1162976
6.106203
5.309007
5.625664
5.507577
4.573142
4.033502
-0.4316459
0.2771255
1.185869
-0.2739729
6.653037
4.31377
0.3207745
4.843404
-0.0635279
6.91626
10.12539
5.151533
-0.5209909
5.520257
-0.5670458
2.439146
4.547944
5.903789
0.3305744
6.890249
4.448268
4.487653
4.880245
2.633488
-1.356246
1.878042
6.351621
4.594013
6.924309
4.304075
4.844657
5.849553
1.845924
-0.5323679
-0.2573787
5.124449
-2.540546
-1.111657
-0.8286398
-0.1357821
1.087361
4.322482
6.103198
-1.06977
-0.07560885
5.278913
0.5713773
-0.2027033
1.328935
7.061322
6.482034
0.5567703
5.133945
5.477539
5.875645
4.923431
-2.059139
4.611186
-0.4104272
0.8074771
1.733693
4.168992
5.181696
-1.38396
6.640477
-0.865453
4.258094
3.431346
4.587332
0.7023762
7.229104
5.501752
5.975476
4.511827
4.843703
4.509422
4.830015
-0.2044286
-0.4010944
5.072387
0.09432909
0.6044519
5.430758
-0.2864151
0.005709394
0.0593971
-0.2237338
4.521607
6.376196
3.175736
4.939233
-0.3260887
5.338226
1.962518
-0.3920289
-0.4107792
4.784462
5.931091
3.744842
3.757054
2.300542
8.217511
4.451464
6.344187
5.020575
6.142684
0.3632933
0.9733118
-0.0951343
-1.36075
-1.026565
7.694477
6.58331
3.849531
4.896369
5.475979
6.236289
1.11487
2.989994
0.4052685
-0.5768635
5.773526
5.585346
0.1323468
4.195574
5.123972
4.375569
-1.280943
-0.4970958
4.971114
4.681476
-1.61509
4.7686
4.543082
5.936406
6.039934
4.66633
1.65528
4.331905
6.910144
5.914325
-0.02161334
5.422812
-1.117845
-0.7483181
6.31153
4.821101
-0.7639446
4.411847
4.856703
6.027845
6.456422
-0.8268459
5.336292
6.926631
9.456442
-0.0712364
4.514472
-0.9589793
1.321075
5.278609
5.872582
5.559238
6.42659
1.372886
-3.115693
1.299836
-0.4567258
0.07082465
-0.2440407
0.4005959
5.448246
5.190188
0.04472884
-0.01591536
5.035687
4.27569
-0.6776712
4.751235
-1.565207
-0.6159412
-0.9390366
1.123098
8.350946
0.5773323
0.4387475
-0.7151624
4.070899
-0.6146233
1.580273
4.941753
1.296751
4.817447
8.196188
-0.8299933
0.2151443
-0.5294046
-2.001365
5.116099
4.562173
4.023758
-1.375996
0.8484103
5.721967
0.05183189
-1.039167
0.02128618
4.794431
4.295825
0.2757261
6.043124
0.4251957
4.269753
0.8225391
5.25525
5.267596
3.005797
1.130459
0.2578859
4.529407
4.628645
0.4808521
0.4649542
5.201024
0.7140009
6.138225
-0.1912742
1.046118
7.01086
6.528201
6.086207
1.453863
-0.4976123
1.816073
4.752249
4.688679
0.3928461
4.985841
-1.297763
9.266771
-0.6207622
4.515998
6.326619
5.362813
4.415928
5.471885
5.391737
5.88004
4.583366
7.214814
5.687885
9.381788
1.523463
4.446478
0.9669484
5.006798
6.251209
5.456603
0.729175
4.299449
-0.03915364
5.650704
-0.398941
1.120351
5.313498
-0.4295729
5.382136
6.465654
5.552522
-0.02673573
0.8294717
5.058793
5.744844
-0.2930453
0.6883233
5.038793
-0.2110261
4.834165
0.9068235
4.486283
1.641722
1.97555
4.278251
4.928356
1.953433
4.145339
4.285806
5.912217
3.218368
-0.1432517
4.870164
7.418537
-0.1120122
3.90359
4.77606
-2.267829
-0.6482535
5.725719
-1.559187
5.53194
5.244885
5.219968
5.651743
2.137913
5.678821
4.127572
0.7009852
-0.06991648
3.842956
4.144479
5.873698
5.762735
5.128748
-0.6751725
6.948814
-0.07826309
3.706574
4.243504
-2.154494
7.170279
4.429575
3.677154
4.505481
0.1166552
5.52584
5.981517
5.650108
7.795548
0.4582762
0.6699171
-0.2939486
4.719184
0.8862856
0.8423633
4.64343
3.842576
0.6311262
6.437046
1.14057
5.530467
5.664289
5.666099
4.322562
6.0462
0.1103864
3.733257
5.480726
5.393851
-1.193101
-0.0002603759
3.888793
4.059867
-0.1235778
5.294911
3.079195
4.86657
5.425999
5.605008
3.28276
-0.5039319
3.790667
5.38416
6.80008
3.96818
5.941576
5.04544
1.396301
2.478749
5.355904
-0.8036628
-0.2111141
4.381826
4.951861
0.9758838
5.407278
-0.1766808
1.208118
5.014829
5.708871
4.936279
5.2638
6.250886
1.793321
9.168503
7.141053
-0.5038506
3.043025
-1.311858
4.853302
6.320599
4.727171
3.045137
-0.9088813
4.579345
0.6313888
-1.579284
5.504082
4.038415
6.489151
6.665455
-1.155444
6.380777
0.8723115
6.072428
4.337307
-0.2304383
-0.4228366
-0.2930118
-0.4660453
6.771052
1.667901
-0.8081407
3.743332
4.752902
2.078863
1.249372
-0.3565892
5.951948
5.216271
0.07240116
4.381932
5.214221
5.383534
-0.2973359
6.228658
-0.5967299
3.170223
4.870682
-0.6534649
4.734622
-1.330243
4.87911
4.169479
5.05725
5.322179
5.770453
-0.4341225
2.509471
6.71654
0.4890387
-0.5653222
3.455369
4.680897
0.4346385
0.4825755
4.68413
-0.7235987
0.3471564
0.9372991
0.1646375
-1.071208
6.253762
3.122711
5.545254
1.27697
5.40775
-0.4334547
-0.02807787
3.931423
4.352135
-0.1184112
-0.4766136
4.945085
3.32566
0.6030006
1.300119
3.650865
4.284673
4.233203
-0.5071631
4.783283
5.255043
0.5494138
4.151332
2.904252
0.01916217
5.465379
7.085876
7.088925
0.06218961
3.591989
4.660497
-1.685087
5.217445
1.456356
5.656339
1.12885
5.690183
6.005423
5.696319
5.858112
5.007819
0.05396569
-0.5167494
0.7655127
4.235246
6.126668
3.124959
3.886921
4.865781
5.874876
5.087192
0.6450646
0.4381716
5.395215
4.577059
-1.911695
4.400582
0.4014622
2.31029
4.882248
4.493612
1.240711
-0.4872325
4.324086
1.324427
-0.8176478
-0.5326066
7.141452
7.480084
5.17949
-0.2930917
5.310836
4.114909
0.03241938
5.315022
-1.577627
0.9931787
3.320549
5.585264
7.742758
0.009193099
1.056233
0.4176208
4.255652
-0.6063459
4.726418
5.201921
0.3094197
0.5691247
-1.523671
5.923036
5.250347
7.379671
3.664011
0.427037
4.994783
5.814892
-0.6073637
-1.010329
4.669208
5.539233
4.353553
6.675144
5.815847
4.861363
5.714801
4.451356
4.622855
0.8706354
-1.917532
-0.2941518
-0.5984148
0.9670481
5.139751
-0.30066
3.953931
6.048787
0.8419798
6.334363
9.486715
6.178154
0.1456077
0.4444468
-1.711828
5.022097
5.765506
-0.2032851
4.87214
-1.140511
6.316898
3.934917
4.257561
5.742094
5.416488
1.401409
3.030328
0.3113688
1.394036
3.809828
5.005574
4.468289
-0.08150194
0.3238686
6.595581
5.416841
-1.199069
5.442014
5.156092
7.827602
6.74546
7.596759
-0.5684292
0.8491574
4.453559
3.705971
3.677472
8.885781
-1.377507
1.500472
0.3888373
4.225622
5.333938
7.889112
4.590143
3.98404
4.216393
2.101467
3.609552
6.601799
4.376288
5.768576
6.039936
4.750274
-0.8220247
4.791005
4.162096
5.129826
4.438776
6.285019
6.689132
4.855423
4.724479
-0.4187498
6.184988
-1.291251
-2.625706
0.4060638
4.902164
-0.5635421
0.1961868
5.201902
2.781033
4.300773
3.420317
0.5404899
1.182785
1.176928
6.038281
-1.30629
5.553973
2.170975
1.534055
5.941869
4.067959
4.029753
-0.3519409
-0.03918789
5.414283
5.581797
5.273236
-0.2626019
5.235903
-0.05709172
4.973139
1.995042
6.838588
7.577192
4.276411
0.5871401
4.425309
0.0405732
0.8287584
1.491563
3.692525
-1.166385
5.112508
1.338588
4.947036
0.4331595
5.544516
0.005621235
5.470168
-0.5009705
-0.07475346
-0.5786546
6.309909
3.5086
0.04907146
5.221556
4.366757
5.52423
5.50323
5.997435
-0.1110956
-0.7625725
4.620272
4.2953
3.640768
4.667283
-0.01763342
4.454387
1.30763
-0.1238147
0.6039514
4.895148
4.605142
4.558694
5.489381
0.2701432
0.8113427
-0.9159479
-0.3521297
5.961041
0.7854107
0.2368466
4.849177
0.5601719
3.931218
3.796071
10.84234
3.711903
6.06145
4.882535
0.6389863
3.869572
-1.901021
0.2524418
-0.9238832
0.4872134
3.986135
5.514303
-0.09342598
6.002412
6.640926
4.532804
6.60468
-0.07856181
4.747816
5.318818
-0.8983812
-0.9564841
-1.482646
0.008926957
1.531724
6.766465
4.42277
4.08739
-1.924583
4.679851
4.811592
0.05614057
-0.3775845
0.2358113
0.6205857
-0.7855201
4.745605
4.069824
0.1967299
-0.1015314
6.791862
0.405108
5.741435
4.653819
6.320621
0.5240573
3.276566
4.94664
-0.6064824
4.012109
0.8038238
5.841667
5.510981
0.6813406
5.10452
-0.6128685
0.2724992
-0.2975171
4.998814
4.249957
5.587987
-0.2297958
4.210037
-0.6032121
-0.2024925
2.082794
0.1926266
4.759165
-1.155768
2.19371
-0.5991735
5.07023
-0.08138885
-0.7791853
0.1323648
4.650983
4.220436
4.409935
7.468334
5.416823
4.782647
4.889462
0.1853537
1.985234
-1.944074
-0.05721578
4.602568
4.260423
-1.282332
3.983861
10.02502
-0.7312042
3.312001
6.6012
6.0788
5.092687
4.334636
0.4653014
8.326052
0.2942834
-1.898961
0.1895284
-0.2524045
7.366176
1.532499
4.825446
3.838352
-1.041255
-0.7744306
4.277617
5.532133
5.11002
-0.2410589
1.092778
-1.045155
6.675057
6.011235
3.333492
4.285039
0.6860507
-0.1274494
5.459245
2.8769
5.327845
-0.9091178
-3.018107
2.244469
4.676242
6.0092
5.496473
5.670825
-0.6162291
0.562695
-0.3402646
1.268846
0.1894832
4.251624
4.689251
1.126234
-0.04062397
5.340566
-0.7704718
6.12288
6.256056
5.346909
1.717718
7.854977
5.504074
4.359127
-0.4486813
4.85541
4.771452
1.625555
5.515568
-0.926393
5.23443
4.279336
-0.07470924
1.093892
-0.04032132
1.639118
4.554579
0.5038243
-0.1519552
4.886543
0.6595923
4.373078
4.239508
1.239234
1.960842
4.279963
0.1188385
-0.5227377
5.501977
1.525364
-0.2866623
6.04549
4.679365
-0.4676545
4.848713
5.912884
-1.187064
5.104306
-0.1076838
-0.8472272
5.119661
5.631723
-0.1663009
6.277465
0.5122906
0.2959667
5.942046
-0.5757552
5.256151
5.324852
5.344592
7.335545
-1.102489
4.724375
-0.5145801
-1.235351
7.142068
5.256611
3.536501
1.118474
-0.3740553
9.373264
1.65511
-0.8403574
-0.3982356
5.224268
0.283955
3.541397
-1.442385
5.802696
1.774995
5.832395
5.032534
6.413493
6.824497
3.670686
4.732134
3.62921
4.160789
4.129149
-0.146787
5.85393
5.076086
0.4027198
0.8810251
0.9869448
11.62616
-0.8896169
-0.8567773
-0.7149682
4.469169
4.152384
3.675832
0.04991962
3.230099
-0.1574163
4.919405
0.7555765
-0.4327921
1.746308
4.310903
-0.6031834
-2.148361
-0.7243955
0.6492677
4.821534
5.210237
5.723463
-0.8582387
7.334311
1.693678
4.492051
-0.9676191
5.296138
-1.07772
5.470245
4.592616
4.546327
-0.05316583
4.002423
4.269042
6.13992
0.9098321
5.852103
-1.118751
-0.4278516
-0.73779
5.464981
-0.201476
4.264294
3.644478
0.7933405
5.466032
4.330095
10.34209
3.166145
-0.7701565
-0.1312457
7.631185
6.117223
6.096401
4.786273
4.390791
3.740352
4.14897
3.456751
5.876788
7.827478
3.535037
-0.9164231
2.46258
1.915929
0.2408013
6.688604
3.685544
5.764481
0.184227
-0.3829868
5.458256
-0.3775378
4.938461
5.978062
5.96188
2.58691
4.865391
3.584557
10.19944
4.829588
6.655864
0.7289754
5.270269
4.055927
4.338656
0.03139596
5.696364
5.419795
3.657992
4.556674
8.197825
3.626943
3.954433
1.701815
4.831815
4.574673
5.238139
5.843087
7.610651
4.247305
0.4168986
1.48507
5.92228
0.5702104
-0.6533039
7.140577
5.718154
0.0894682
6.756358
-0.6499907
1.511143
-1.199326
5.214103
4.726327
-1.31655
3.380168
0.7834458
-0.6227347
3.783303
5.428567
-0.06319134
6.139896
1.302746
4.818548
1.561667
0.1407558
0.8860233
3.975598
1.248096
0.2239166
5.701578
4.461647
3.521842
-0.7621972
-0.3367857
1.251013
3.978635
3.467153
4.562955
5.05714
1.777111
