-0.569461
6.309661
7.107685
0.3099751
4.181239
0.5213067
0.247727
4.839631
3.812686
7.166624
3.69141
2.981681
4.823945
7.205754
-0.6997393
4.453632
0.9679385
3.752336
0.6550656
-0.04958475
1.127493
1.131833
-2.037247
-0.1102878
4.576397
4.896196
5.067285
4.45096
0.7998163
2.548168
4.415293
0.8416602
6.078854
6.51538
5.281099
4.638636
1.003601
1.04284
6.694953
4.541017
4.882572
-0.6942169
1.79092
4.458797
7.262848
6.94785
5.730211
5.087228
-0.4968839
0.7389817
-0.8763113
4.752841
5.546122
3.932247
1.04348
5.085418
4.077873
4.00534
1.795704
0.6762205
6.946464
-0.3571674
5.424121
5.39737
4.570856
1.64176
5.943143
-0.6613746
-1.251432
-0.2906652
-0.853735
1.383401
4.466353
0.07443722
1.502476
-0.8133428
5.24439
4.347364
-0.526212
2.928322
4.017211
5.519785
-1.714975
-1.448782
4.350652
-0.4997986
0.5371227
3.846992
4.261545
-1.121294
4.508994
9.420826
-0.4573419
0.3297007
5.880879
0.7682474
5.8668
-0.1320566
0.9496603
3.479125
8.996325
0.6206239
5.001498
-0.7150983
5.612303
-0.003816513
6.372585
6.045852
2.96797
4.616
-0.8108031
6.035441
5.281488
4.161056
8.259204
-0.6672152
-0.7761183
3.585328
-2.381384
1.295905
-0.9440252
4.956555
7.058763
5.904414
3.668153
4.228741
5.027867
-0.6790607
-0.4418933
7.14286
5.119252
6.200416
3.455011
-2.218849
5.166663
1.329517
2.058608
-1.359982
-0.4693324
5.81575
-0.1596939
5.769425
4.879749
1.188503
3.619
-0.6735602
0.6842499
-0.6651805
-1.298652
2.136918
4.660174
-1.334698
2.982615
6.427917
4.544995
5.483834
1.536401
-0.09657065
4.75778
0.5289097
6.07668
6.613501
4.567147
4.13712
6.540256
-0.3617877
4.44368
-0.3628942
6.211311
5.606237
3.434279
7.339283
-0.9233137
-0.1150735
4.37073
6.772211
6.027649
0.7210377
4.591435
0.5481261
-1.581055
5.785231
3.763644
0.1415543
4.052787
-1.365029
6.140937
5.97636
8.441054
-0.2931327
-0.7890045
5.1202
5.333981
-0.5425159
3.773834
2.01698
4.928898
2.968272
4.988135
6.994779
5.924744
-1.176653
5.764897
-0.7750124
3.789248
6.519662
6.97248
4.336883
2.191286
4.736818
0.2191845
-0.02352164
5.150813
0.5673567
6.126307
-0.8045371
4.543307
-0.805157
3.143621
-0.6554532
4.625445
6.462998
4.732845
-0.7017874
-0.04359604
5.638246
5.044605
3.701643
-0.9554169
7.22889
5.857452
2.263016
-1.074377
6.279358
5.347192
0.3822563
7.06522
-2.91607
3.641272
6.168703
-1.133993
-0.3129874
-0.6436001
5.143216
0.3349028
-0.9897357
-1.449635
-0.2482723
5.076609
2.509348
