1.371852
-0.7921836
4.792632
-0.7895139
3.884697
-0.808051
7.047507
5.679971
5.541629
4.760122
4.787086
6.135601
2.027262
1.667567
6.339796
-0.2880686
3.083902
4.506821
5.742751
7.053403
5.264212
-1.790122
4.701297
-1.739694
3.49476
-0.6141835
0.1190287
0.3329236
-0.3996463
6.037746
4.634808
4.808997
0.009487645
-0.3406205
3.830465
5.900149
5.189096
-0.596578
4.33513
4.778356
7.65857
-0.3422657
0.6108052
-1.475092
-0.688422
0.3712588
4.575018
0.4459602
5.314264
4.176703
3.243292
3.801277
-1.418514
4.595249
5.296869
1.221096
-1.019995
5.35788
3.665885
0.5185242
3.845714
1.196336
-1.403282
3.674859
0.6857006
2.037188
0.04728579
1.345529
-0.5200815
5.1791
0.01345214
6.327907
0.3469891
4.983401
4.517758
1.698378
2.34976
0.8009725
-0.5953684
4.385669
4.206301
4.92123
0.2800692
3.23156
-0.2626746
5.642786
7.751547
-0.03850127
-1.521726
6.197248
5.399642
0.5914615
2.554177
0.73797
0.3161946
4.984012
-0.1398553
4.185951
-0.4678286
1.118617
0.4712317
4.253401
3.145397
5.364247
5.954683
5.087583
5.836338
5.144005
3.181189
-0.9781524
4.610296
5.514509
4.203552
-0.2046333
4.421661
5.465932
4.615269
2.858311
4.891183
5.081676
4.708695
-0.9379873
5.135108
1.536708
0.7159682
4.167445
0.5550427
8.341927
0.2599422
4.376984
2.72688
6.130866
-0.6698562
-1.103769
8.924056
4.036546
-0.7817047
-0.002147187
0.9865536
-1.49489
5.215482
6.32083
4.718505
0.3274392
6.121595
-1.605352
0.8396883
-1.1981
5.596328
4.407903
4.898308
4.649201
4.601769
-0.2410931
3.448576
1.060095
5.993434
3.605472
6.909615
5.606879
0.800008
5.192606
3.818777
3.926904
1.035191
4.093762
-0.4848002
5.186643
1.033729
-0.2330185
-0.6380294
4.723751
4.90077
0.8432415
-0.2660512
0.5486348
5.939132
0.5506597
2.28812
5.931124
5.639272
1.72847
1.215684
4.184922
-0.3359143
3.991694
5.88325
0.2904024
1.175334
0.04803764
5.339311
6.010896
2.158795
-2.421074
4.683995
1.891845
5.120523
0.7565412
6.707759
5.679481
5.947143
5.616232
-0.688868
6.508116
-0.0621028
5.125919
5.342368
6.265675
4.252087
-1.413279
3.782806
2.076925
1.826307
0.1822707
5.853013
4.55286
-0.2013263
0.8453815
0.9606089
4.534263
0.2809257
5.176103
-0.4534519
0.3652669
5.304254
4.793995
-1.880951
-2.016467
-0.6996907
0.5786844
-0.4555576
5.01522
4.815889
5.220664
6.001807
3.491089
-1.655931
3.2569
-0.1658663
-1.242453
8.572844
3.877633
5.140487
-0.3807709
5.145946
0.9550262
5.007662
5.18785
5.905377
4.302597
-1.288115
5.369152
6.523605
4.040255
0.8199102
-0.5894016
4.230729
0.3553318
1.757761
1.052136
4.384377
5.139963
4.725973
4.572327
3.975598
-0.1461474
5.505088
4.150269
-1.985301
4.38579
1.223788
-0.8251064
0.07926393
-0.4372569
2.818017
0.2208641
6.614454
3.735362
5.175507
0.8110415
-0.1229927
7.075376
5.878688
9.523656
0.08455724
5.870094
5.716283
0.651365
-0.466621
5.965846
0.2802871
-2.065375
6.999545
1.363823
5.601891
0.7913076
6.001775
6.873813
1.095548
1.317025
1.30228
3.764316
0.06791674
5.048573
5.673115
3.10374
0.9764874
2.696049
4.881142
3.240871
-1.538355
-0.7026247
3.858522
-0.3860386
4.91181
0.4485562
-0.07772393
5.118732
5.406443
5.107897
0.05029901
0.8107139
0.4800029
-1.675618
3.77932
1.05819
-1.151872
0.8753788
6.579122
0.8036761
5.90176
4.314979
9.335435
-0.07886244
4.59369
5.383324
-1.045407
3.786132
6.0956
-0.1011577
-0.1796882
7.321299
3.750534
4.085714
5.453146
-1.24216
0.7802845
4.091084
6.091895
7.318873
-1.203499
0.5777615
3.641385
0.4386701
-0.9578053
-0.1028855
1.720414
4.224306
4.759383
4.283728
3.946304
-0.2127357
-1.650101
0.6356714
3.638395
4.834866
5.246916
2.823368
-0.5423154
3.922
6.269524
5.430102
7.440745
2.50531
-0.9475467
-0.05801309
5.914146
-2.776522
-1.329765
3.666088
11.09588
5.06762
4.971257
0.3937823
-0.5674457
4.020012
0.4114375
-0.8091458
8.11702
4.739217
3.585118
5.093192
4.944287
6.019816
4.57282
-1.576399
0.5594872
3.787978
4.648576
4.790032
4.69247
5.836605
5.822758
5.315218
4.256126
1.019716
2.004045
-0.5163679
6.68791
7.989479
-1.001795
0.5963763
5.77766
-1.772605
5.915758
3.660089
7.380056
3.730296
-0.1585604
1.295735
3.880009
-1.020083
0.2440034
2.75439
1.349417
-1.211681
0.738692
1.387835
5.098023
5.654089
3.716416
-0.1084528
5.895288
5.71792
1.733438
5.672176
6.336862
0.3515686
0.1425837
7.836007
0.5808628
4.829791
4.84979
-0.05184311
4.940722
7.189688
5.515492
3.280523
4.95544
5.08832
9.478589
-0.1592634
-0.6089367
6.011727
4.763158
1.50457
5.116693
-2.291062
1.136255
0.01584061
6.104543
3.525566
-1.935875
5.144915
0.9045658
4.490661
-0.9921678
-0.6023032
4.45212
-0.07915773
6.533153
5.857201
8.419079
5.367213
4.973624
3.921052
8.173057
4.826867
0.01071904
4.030633
0.02969391
6.520558
5.429144
3.286184
-0.5739487
0.4933241
3.90707
4.333508
5.824236
6.177869
5.915069
4.165393
5.498495
6.205203
-1.420851
0.6286251
-1.049607
0.04855118
-0.8974338
3.129718
4.845602
3.101003
5.125119
6.285974
6.472382
5.08661
5.012283
3.981982
0.03825339
4.766662
0.4236022
2.771753
3.63333
-0.6298508
6.463258
4.343718
0.834661
5.131861
4.808573
5.457087
1.477821
-0.1666334
5.429149
7.002087
0.7679241
5.649211
5.744098
5.413638
0.07703123
3.155339
5.741747
3.770655
4.392293
0.2465956
3.883239
4.82472
5.575136
5.618728
8.03084
4.784392
1.0485
2.125131
-0.3805373
5.770864
5.395317
0.975382
4.561951
4.973317
0.277207
-0.1157251
3.014585
-1.020018
5.962296
6.09133
6.528744
4.108654
4.667513
4.76866
-1.198452
6.054765
3.252142
4.228344
0.257934
5.284676
-0.1247007
3.755509
4.683667
4.836786
4.826488
9.211315
7.778863
-1.07641
-0.5274936
9.699128
0.8952454
-1.156894
1.037203
5.193429
-0.1841924
0.7479605
5.67164
4.179834
-0.2686735
4.397111
5.144007
5.564939
6.433053
-1.204978
4.200991
5.53084
6.88032
6.561524
-0.9620018
8.656397
3.553007
4.131494
1.497185
9.733675
-0.6932791
8.410621
6.441601
4.602069
1.546737
2.387551
4.150162
4.998004
6.132952
0.5964344
4.191807
5.625007
6.22761
7.37264
5.121085
0.6713956
0.3799107
5.668625
0.4760087
-0.9514726
0.7809721
3.173605
-0.1634797
6.720018
5.297935
3.05727
0.8493425
0.182321
5.500602
3.2045
4.873116
-0.6054023
-0.7329046
3.72821
1.461262
5.163099
5.052357
10.33581
-0.3156306
0.8948994
-1.753002
4.75773
4.952623
0.743038
1.154348
1.235049
-0.953454
3.364996
0.2648913
3.825541
5.833703
5.547682
5.333237
4.836033
4.59083
-2.545981
-1.309349
-0.9798871
3.168379
6.813906
1.047064
4.80763
5.5905
5.865508
5.211028
4.648976
4.978616
0.8598525
4.391594
5.351729
5.929008
4.381124
0.9673505
1.121162
4.268867
3.73418
-0.282697
5.01598
5.743247
-0.1082803
1.452313
-2.908608
5.356038
4.446337
-1.370225
0.3843391
1.029902
7.561032
5.663872
-0.1745354
3.156199
5.5109
-0.6204513
5.483483
6.289832
3.310378
6.370697
5.350082
4.900529
-1.008695
5.098194
1.345398
5.127821
6.907902
0.4733851
-1.567224
1.669112
0.7437593
4.837282
0.1955842
5.909738
-0.3616972
6.700975
4.477648
6.078393
4.571512
5.829837
3.528738
1.135775
-1.385514
5.231606
5.26219
4.381807
6.358919
4.826002
-0.3173815
0.5974832
4.829266
6.445926
4.350909
-0.3584783
0.1430626
3.277186
3.206967
6.4453
4.437689
5.824999
5.058441
4.625987
4.974396
0.5833734
6.867223
0.4089821
-0.8682794
0.5430629
4.210343
4.189061
-0.4929642
0.06285792
5.834487
5.162229
6.102509
3.102888
5.294023
5.372729
6.586111
0.3744132
3.295962
0.7433114
0.6122118
-0.2926607
1.230832
-0.9860355
2.843421
4.251312
-0.8292132
5.321223
0.5641272
5.192578
6.756087
0.3479928
4.670094
0.4312715
-0.737191
6.207886
3.404747
3.766794
5.389155
6.221952
4.700754
4.997642
4.399883
4.635699
5.220224
5.863919
-1.052781
7.185993
9.526558
6.195356
5.432947
4.609181
5.937056
2.210618
4.414293
-1.336839
5.854346
4.574519
6.529816
7.183855
-1.96068
5.512268
-0.8635136
-1.815391
4.47525
0.5730801
-0.4495675
5.857364
0.2573691
6.049307
5.765723
-0.6361426
3.175652
1.345252
5.25914
5.637671
-0.1491961
5.2092
1.549243
3.329501
-0.05881841
0.7028397
7.325668
4.618054
4.683593
4.729794
4.809591
3.798994
5.12045
0.4225573
5.700347
0.6724388
0.4724311
-0.5362537
-1.52224
4.979481
5.405472
5.330769
-0.03730393
-0.4421851
3.853593
0.6131261
4.23426
-0.4504033
5.065575
4.396796
0.8001631
-0.05077012
0.2624596
1.110238
-0.9645564
4.774735
5.612797
5.35201
0.8616348
6.313858
1.299449
3.789177
1.168026
5.393244
0.2629714
5.591766
5.935231
-0.6438659
-0.0418126
4.590616
-1.990644
-0.6595411
5.399955
3.408745
1.870725
6.19978
4.61109
-1.528853
0.09043438
4.88405
10.2251
-0.9563663
3.788501
1.171694
5.112147
6.042388
3.913088
0.1264092
1.529695
-1.195693
2.468047
5.531869
5.841701
4.494545
-1.305424
-1.606381
4.578919
0.7381439
4.645133
-0.3451401
4.146939
5.371613
5.945804
5.531212
1.468096
4.80219
1.201821
0.1678142
5.609859
-2.373788
2.788464
4.573817
-1.361812
-0.0430588
5.887186
0.01885458
1.016891
0.8468787
-1.425902
4.504346
-0.3095523
-0.1100392
-0.0805844
4.671695
0.02554044
-1.947414
5.755279
0.4759112
5.68572
3.413385
0.4108621
5.719478
5.493231
4.587535
3.583983
6.674404
1.194183
-0.05721156
3.258904
5.722418
0.3372199
-0.2715304
-1.708157
4.451151
4.585693
4.894616
6.109425
0.3904184
4.415747
2.610969
0.4969563
4.659356
3.897799
0.7487247
2.615916
0.9272935
1.073248
1.087477
0.3594045
5.112921
1.147235
-0.04743109
0.2679259
5.650578
3.504957
0.8421268
4.942795
3.876861
-0.3513836
6.841769
5.165088
3.566319
4.34467
-1.35527
7.151092
0.7465035
-1.603123
3.408262
4.187874
0.1890188
-0.6691146
5.189266
5.282587
7.521625
4.116223
0.3948644
4.573944
3.657918
-1.926412
0.3473822
4.624119
0.8480068
6.671212
-0.8353638
7.519463
3.31291
3.790215
4.945562
7.180134
3.929283
0.5028748
0.1973749
4.945367
-1.024918
4.627075
2.499253
0.3617276
-0.2776663
4.768354
5.749845
0.8638176
-0.6058277
3.821774
0.2485723
-0.3913776
6.20506
1.707715
5.311856
4.698549
5.511955
3.499799
5.118714
1.024083
3.84909
-0.3754785
6.110428
4.800306
4.992831
5.048079
5.190064
1.693079
4.648419
5.507139
6.475673
-0.4700071
5.98773
4.908425
0.4262016
5.169214
5.415679
0.2831799
5.885308
4.10378
4.681176
5.357895
3.877203
-0.1609788
5.70876
0.6025946
0.01109485
4.760211
-0.3893665
4.859197
4.22305
4.49681
4.161229
7.006881
9.736651
4.3986
5.528722
-0.2966691
1.176745
-0.4244346
5.128392
2.540131
1.174583
4.049742
0.8376569
-0.02143763
4.573733
4.761982
2.071058
1.060588
6.606244
4.698816
3.960473
4.929317
-0.6427015
5.653865
4.599754
3.352709
4.977087
6.486147
0.1670326
5.262945
4.424276
6.723072
5.639149
6.093808
4.960702
8.974473
0.2129552
-1.0085
4.272964
4.854153
-0.3666104
5.953272
5.502417
5.992812
0.08481127
0.3809849
1.009638
-0.621031
4.761269
3.768312
4.067138
0.3969054
6.190163
5.913165
4.910005
0.08662126
-0.2936538
6.270448
4.128157
4.737647
4.395779
4.619692
3.312899
0.2329534
0.2786657
4.127846
4.438345
5.000202
-0.630231
7.598408
-0.2673526
5.280969
4.582858
2.80363
5.157737
4.169874
2.365088
3.201659
1.71048
-0.4710193
6.807356
4.650994
1.449435
5.384528
4.155307
0.06761666
4.107236
4.092324
5.034604
4.753278
5.81076
4.491456
6.023819
4.992798
4.697547
-0.177012
5.986383
9.073021
5.584968
4.920036
-1.024364
4.109024
-0.1188132
6.113949
-0.03554506
3.346382
1.266305
6.798371
5.144586
4.580182
-1.178732
4.273733
2.198554
-0.6502143
0.5859592
0.3202789
-0.7611707
10.28548
5.322735
-0.1052695
5.399442
2.143677
4.894864
4.320485
3.93559
-0.1807943
-0.7842642
4.09289
-1.708277
5.243621
-1.632088
-1.553155
-2.216404
0.09800637
-0.942756
5.446173
5.04915
4.351782
4.620044
1.01073
1.604117
3.964588
5.599421
3.836253
2.568695
0.264505
-0.4121561
4.684078
2.212009
-0.3488786
5.24829
5.161105
7.025167
0.342755
-0.8337506
0.4218196
-0.1102535
0.1265231
0.6962188
4.682505
0.9750816
5.411742
5.440589
-0.5473677
5.955159
6.421597
0.5032733
5.761541
-0.1171283
5.559411
5.009273
5.805541
5.901639
6.689396
4.39383
6.46791
5.762728
0.2869019
-1.579594
5.280362
5.743391
0.6589178
-0.3387115
4.133901
5.819885
4.845294
5.242646
-0.4585024
3.86051
4.324943
0.2362894
5.084337
5.836757
3.445468
3.463656
5.69192
4.075207
5.30674
4.650472
5.353026
0.8994361
0.5281484
5.314445
5.171589
2.775977
-0.6049141
4.546133
5.582861
0.2266787
5.249506
3.025376
-0.7834669
6.633582
6.1378
0.8772427
5.657183
5.524322
3.617237
0.1283467
5.625287
-0.3686736
0.7090534
0.2683437
4.905512
1.800716
0.1012308
0.2063925
6.38955
0.2924885
5.975626
5.974466
0.3363728
5.782699
5.070963
4.290012
0.5351279
5.763469
5.000131
4.516091
-0.1783506
4.36553
0.9946776
5.552588
0.7724819
3.689644
5.697098
6.372539
6.218385
4.955326
0.1118893
5.372193
0.8796172
-0.6100442
4.758125
1.576325
3.896278
4.761813
4.868695
4.326995
4.036614
5.845839
5.358335
-0.6816014
4.880988
0.3793678
0.1823878
4.888309
-0.2443318
-2.402742
1.310839
0.9056057
5.80225
4.826181
7.137204
6.859208
-1.357825
4.062187
3.994275
-1.668582
7.318515
4.94543
6.625733
-0.3547578
3.928423
-0.5652002
4.228688
5.336428
0.9478383
6.350333
6.128443
5.240059
4.880593
4.958602
4.449227
4.096692
4.228021
4.828789
4.598744
5.991263
-1.156668
6.165013
1.080186
5.263058
-1.212206
6.713455
-0.01478321
-0.09109617
1.0217
5.646723
4.446938
4.972849
5.594425
-0.6803134
5.742199
4.467603
5.635356
-0.622343
4.987201
4.855618
1.236117
-0.007419392
0.05781517
5.080264
5.269295
-0.03060785
4.104323
-1.016526
-2.495562
4.583306
5.745628
5.074047
0.100726
3.808576
-0.1904887
-0.7702156
4.041423
-1.375531
8.873578
6.104317
3.093436
4.95623
5.577288
3.745944
4.879592
5.78892
0.6106982
4.473745
9.609733
6.147387
-1.58777
5.365562
5.214756
5.878252
-0.6699125
-0.2958667
-0.7983864
0.915629
-0.6897561
4.949029
4.49817
-0.2923614
4.946711
3.986697
4.050603
5.885881
3.154502
0.3710566
1.332525
5.386406
5.640836
6.344113
4.975448
5.170872
3.854786
6.078924
5.45877
0.7549867
-2.188718
3.728996
3.902746
4.823198
7.135776
5.814541
0.7896353
3.34855
6.810633
4.519866
0.05120127
0.3469566
4.846748
0.1421865
0.0157785
-0.7407376
0.9987612
6.243392
3.381676
0.01903918
4.268863
5.625958
4.032847
5.086228
3.917088
6.314989
3.53858
5.219991
-1.065422
6.722821
6.472487
5.396278
5.981293
5.636148
5.913103
0.9127671
-1.473244
5.953061
5.052402
5.578911
-0.05993224
4.72139
1.729294
0.2399353
3.508344
0.4553561
-0.1106453
-0.4723197
0.3688385
3.709136
4.072676
5.42243
3.691029
7.424
6.199709
5.215398
13.54255
0.586397
0.848007
2.677271
4.848879
-0.4536852
-0.5551013
1.632623
5.279729
4.571676
-0.07561948
5.818389
4.878405
4.684773
5.276338
0.4650026
4.20357
3.185485
5.30407
4.306218
0.7476906
5.615411
5.228627
4.973936
0.4285498
3.545729
-0.4863388
2.761553
-0.9113625
4.682434
5.557427
4.217507
0.5182241
0.6445887
4.944814
0.7546534
3.244931
6.52063
6.321051
3.487011
-0.3478699
5.267005
5.548536
0.4570169
5.483296
5.429688
6.223059
0.5569983
5.192829
4.229522
5.325904
5.381112
4.743545
1.979546
1.91155
0.4184589
-0.5951736
0.724328
3.204371
5.055152
4.896637
4.158968
5.467076
5.233968
3.611345
-1.384391
5.388492
0.1625977
-0.2511394
5.771105
4.068908
5.401797
7.328638
4.958878
1.369658
2.029349
5.614337
-0.06018272
4.110922
4.634055
4.17757
0.00675371
1.858729
-1.654993
6.54902
1.151434
0.6140818
3.998573
4.435206
2.316707
6.204708
0.9472776
6.177159
4.306458
5.419987
4.053756
5.595121
4.848659
1.15999
-0.973738
5.042424
6.08952
-0.04367398
4.167705
3.495322
-1.790872
0.1149163
-0.6374004
6.243595
5.001894
3.61477
0.5693259
-0.8236366
6.356195
5.705537
5.633467
1.653692
2.981277
1.159793
4.819764
6.195201
4.269716
0.9933257
1.179712
5.232718
-1.291758
9.276562
6.122343
0.8571192
2.039736
-0.4769805
0.2762892
5.259519
0.2606567
-0.2368592
0.6744433
5.990196
-0.2519252
-0.4970618
8.353839
-0.3152816
4.367459
0.2411949
4.60866
4.507749
3.751267
3.054387
5.849502
-0.6220678
0.2478918
6.046473
3.546308
4.659777
5.448623
0.3580061
3.12812
-0.9064697
-0.8578155
1.563802
-0.06575366
0.7130177
-0.6463431
-0.2716245
3.191491
1.088019
5.089189
-0.5620058
-0.8020668
0.3787252
6.083262
0.2791478
4.19482
-0.5262733
0.3271404
0.7263711
0.3653371
5.01954
5.922711
5.017382
3.01007
5.746487
4.567938
8.047625
1.121115
4.02809
0.08222295
6.21756
-0.2596849
-0.6867698
0.8560038
5.421166
0.3657666
3.291382
-2.486388
3.620266
-0.7716574
4.91208
-0.569341
5.882975
5.271186
4.4344
0.7795167
5.109363
5.698142
4.292693
4.432094
5.484257
3.721583
-0.2435378
5.360571
-0.7144072
5.496186
-0.5017913
0.519478
5.61329
4.965129
5.979796
0.4888057
3.474678
5.045702
6.450191
0.6485198
4.215588
3.889008
9.740987
-0.4198895
-1.118135
4.885844
1.628735
1.422635
5.944907
0.9821357
1.357917
5.584505
-1.409375
4.481052
3.468302
4.985466
-0.5846724
0.4633276
-0.4371728
-1.019417
3.765081
-0.1475135
0.06809939
-1.394856
6.313054
5.863035
0.9006537
0.5372484
-0.06817155
-0.6754541
4.878229
4.50974
6.273851
5.635297
6.752426
5.657153
3.376878
5.017589
4.73475
0.058135
-0.09718314
0.699458
6.693497
1.428369
3.563289
-0.5649582
5.857377
4.514092
5.7733
3.595355
0.2404489
-0.8434002
1.196017
2.063221
-0.6198257
-0.4632601
5.974743
5.55934
-2.001974
1.552645
-1.246279
4.666308
-0.6084799
0.6709361
-0.1861908
5.753265
5.101121
3.189039
6.09732
7.843203
6.039529
-1.933395
3.247313
3.871265
4.38036
3.42453
2.620561
-0.7401144
1.164705
1.043235
4.451491
6.239436
4.635621
-0.8231705
4.694004
5.107348
5.266645
4.581749
-0.08463027
0.2212647
5.137027
4.982844
4.316231
3.043713
4.712974
4.915084
4.899763
-0.5109727
-0.7530129
0.4201892
4.199065
5.390485
5.401594
4.197662
-0.4705881
0.8934772
6.10949
4.753949
0.4180416
1.248158
4.640545
4.799318
0.4023196
7.870434
2.253949
-0.1927079
1.20052
4.025965
1.752399
5.950797
0.1237925
-1.100867
5.395922
5.729116
0.5838687
3.78106
6.718126
1.112965
4.163381
-0.8217324
4.805147
7.081942
4.320032
4.866095
5.289172
-0.07219439
-1.002807
6.190305
-2.069527
6.699087
-1.359837
1.118303
5.456777
0.7387842
5.276876
-0.2533502
7.04951
4.882527
-1.407585
4.994927
11.85002
-1.36854
8.739126
-0.4858275
4.540955
8.822716
3.127786
4.573812
0.02208611
4.846733
6.536035
5.653464
4.554143
2.953504
9.279722
5.493779
3.775018
5.817674
-0.1751544
6.572333
6.020393
-0.5344039
4.463314
6.529191
0.2071278
5.63537
4.516218
3.699295
5.57825
3.99742
6.292419
5.63109
3.878512
0.4171964
0.1720857
5.522551
-1.303757
5.188579
5.303558
2.590538
-0.4900298
1.521006
5.554364
5.80615
4.709909
6.016289
-1.712432
5.315864
3.688643
5.28108
2.932381
5.550259
-0.2357223
0.7899109
6.269976
5.236817
-1.471535
0.8030439
4.472346
-1.013993
4.466237
-1.236124
-0.9094235
4.890387
-1.465302
5.269102
5.794986
0.2265488
0.6442218
5.037616
0.4163038
5.358186
-0.8572193
4.693563
-1.49277
4.301906
0.04727575
5.981898
5.231964
6.000661
4.681835
-0.5730531
0.721723
5.152839
4.082723
3.990032
5.03213
5.606785
3.062281
5.640274
-0.4881339
5.444456
4.586696
-0.1018468
4.283082
-0.9319049
5.515182
0.3948958
7.457258
5.840887
3.270274
5.882928
4.287671
5.434103
8.015425
5.827249
4.856446
1.368937
5.636413
1.146175
3.932367
5.515884
-0.9088447
5.323328
7.718188
4.291194
-1.147934
6.26091
4.871983
0.6204684
5.017839
-1.186491
5.338525
0.02074647
3.344346
6.024711
4.494227
1.221755
0.9565846
0.7384494
5.143721
6.003479
4.335003
-0.7872434
1.039897
-1.271553
3.109495
0.04340381
0.07489295
4.291894
0.9719782
-0.08792555
5.802842
-0.9070531
-0.297841
-1.660917
5.311066
4.687458
1.091884
7.22649
-0.7191992
0.2604746
5.952959
3.492453
-0.9709793
3.411513
5.833721
1.502415
-0.1826619
5.46576
-0.05513991
5.188514
5.955068
-1.695876
4.99808
1.907787
4.421409
8.980186
-2.15761
4.804376
1.110098
2.196392
0.3390046
-0.4440618
6.06223
3.183643
0.3204198
4.541404
5.245791
5.119089
-0.9485773
5.080883
4.722907
4.981737
3.879472
4.095991
4.214486
4.178217
0.3038631
3.877679
8.147464
-0.2821865
-0.7434622
0.02171501
4.256741
3.620771
5.415896
6.551978
3.544851
-0.6837454
6.491851
6.263952
-1.13773
4.364849
4.392885
5.374087
6.193975
-0.6114465
-0.8397892
-1.251711
5.332606
0.8355152
2.317351
8.391385
1.43652
4.408064
5.681951
4.934071
5.046968
1.204433
5.725511
-0.5355135
5.9985
9.21629
5.084752
0.9299283
8.036445
0.9240088
5.621489
4.840658
6.693787
5.955706
8.644198
5.979174
5.630904
3.441564
0.1694225
-0.7798722
3.021538
4.128552
4.604881
5.942627
3.636522
5.188857
4.087083
0.6266236
-0.8769758
0.5437807
3.008679
3.734237
0.6688743
0.2799452
-0.879049
1.055963
5.347349
-1.66807
-0.4420142
3.700933
8.684703
1.144555
6.325492
0.02173707
5.909059
3.905501
1.120645
4.016269
0.3474136
-0.3121166
0.4093518
5.738939
3.725479
6.363682
6.96542
5.115509
5.336413
-1.138894
0.1901247
6.138828
-0.8513733
0.4821201
1.098901
4.757409
5.72901
5.377802
-0.2150362
0.1094573
3.047536
4.471261
5.283329
-0.7263969
0.6506745
1.117859
5.390597
6.205641
4.9041
4.795017
5.226981
0.5661471
7.17582
3.972123
0.2202305
-0.00241713
-0.9824774
1.613932
2.431291
3.341367
-0.4585703
1.730401
-1.829728
0.3762515
0.6485469
4.686324
6.343879
-2.014503
-1.348067
0.1827937
0.2063165
-0.9498409
5.942836
4.438215
-1.039176
4.972745
-0.2428482
6.19815
5.318562
5.500895
4.431813
-1.211198
4.248824
5.14367
4.7066
5.856342
5.284602
6.045289
0.444957
4.404386
5.219267
-1.382095
6.697
9.745645
11.5589
5.863343
0.5619356
-0.8123398
1.101198
5.142204
5.511157
0.4748662
4.613677
5.809167
-0.4967307
3.47903
1.041977
5.049851
-1.188215
0.5628435
-1.237448
5.796365
-0.5118368
0.1056647
-0.6721658
0.6946408
0.296599
5.105008
-0.1037831
4.279947
3.668369
5.042455
0.4211592
1.082844
5.138574
4.429497
-0.1677159
4.270754
-0.04273171
-0.2084824
5.071775
4.134942
0.9157132
2.466817
0.6180121
-2.070116
0.8814193
6.265821
4.923965
-1.403443
-0.3061417
-0.8205505
0.687176
5.087599
-0.424698
4.588585
6.963482
1.035342
4.637281
-1.229606
0.1871024
5.672606
0.9075438
5.531359
5.613719
5.677518
5.314554
1.07928
0.1591897
2.178597
2.351133
9.624516
5.350219
6.405591
5.435764
5.67398
-0.5963479
8.331895
2.541005
4.506945
1.00563
-0.01766198
3.224645
6.085522
4.161206
5.785079
0.07061864
5.441481
5.678193
4.19897
-0.9241772
2.844421
5.840996
0.04852941
5.266646
4.864348
0.4425057
8.288958
4.734862
5.240265
-0.1509774
6.95899
5.852309
4.377661
-0.4885883
-0.1369568
4.986027
-1.043664
8.902199
0.5422678
4.420384
4.687372
-0.9858883
-0.07813197
4.998712
4.818111
-1.28397
0.7771094
5.645646
0.6436194
6.021721
6.190476
1.146931
-0.2304699
0.1237697
6.229367
3.701172
0.01739565
0.9844239
4.500947
-0.4081284
3.252481
5.698799
1.072798
-0.9089065
4.272579
5.505373
0.5848609
0.7198487
0.1255698
4.689484
-0.009263845
7.850954
-0.9214657
3.998157
4.789512
-1.144157
4.979955
0.3361249
-2.127535
0.03833981
4.373127
0.967166
-0.6372647
6.646809
1.284468
2.848405
-0.6412329
3.478212
4.806408
5.359421
0.01221281
-2.175233
4.894315
0.495854
6.502019
5.094324
0.7050471
5.126876
4.249281
-0.2159677
5.785378
2.920345
3.709821
5.62469
-0.6500019
-0.08937978
0.03865442
4.608098
1.210009
6.850224
0.3909026
-0.2565846
0.3356348
4.360455
-0.1635953
2.53919
0.5262385
4.400557
4.92123
4.602818
4.1918
4.637726
-1.097219
-0.9742618
4.909969
4.583272
4.140503
-1.466085
6.988259
6.09385
-0.3547162
4.699845
5.013682
4.185341
3.571732
6.533718
-0.4344392
1.581552
4.195713
0.1413038
2.388611
3.071754
3.23547
5.591986
2.036092
0.1766735
-0.5998912
6.463158
5.298459
0.7944443
5.269391
4.478027
4.059111
-0.2142701
5.130275
4.990169
5.066746
5.592455
-0.3779676
4.437134
5.907804
6.471624
2.553248
5.409603
5.318249
0.8551663
3.475835
4.529468
5.104581
3.740009
5.305811
0.006551732
0.04211503
5.589462
4.837747
1.628856
4.231062
12.96765
4.774147
0.3230607
-0.8470662
4.16762
0.2557887
4.412625
4.650474
-0.609262
4.179068
0.267773
-0.3714871
4.620904
5.946472
-0.6501257
-4.117156
0.424587
6.405336
-1.017202
6.381935
6.902309
4.347897
3.018967
-0.4921091
-0.06740273
1.390411
-1.065624
1.256272
-2.75757
5.106609
4.082006
1.861828
6.429779
0.3687154
1.380107
3.913915
-1.467224
5.968969
5.883965
5.0582
-1.870714
5.822395
5.380945
0.1334234
5.788589
5.420726
-0.2317302
7.060052
4.034159
-0.8858932
3.581296
0.1550302
4.680541
-0.2311118
-0.8591295
0.683157
5.319237
4.366239
0.1838792
4.722457
4.462768
4.811214
3.620008
5.586189
0.3262169
-0.003119105
-0.8049563
0.5692664
5.985499
1.337532
4.542879
0.6333641
6.607652
4.704334
0.3833362
5.534397
5.627308
2.162034
4.217803
0.7210112
4.359013
-0.1838524
4.07034
1.870484
0.1428499
1.712709
6.368691
0.9687897
0.1375729
1.007996
5.694779
-0.4406004
-0.04002008
6.177202
3.073241
0.7024866
5.502805
7.30847
5.325884
4.895683
4.265718
-0.2460459
0.7901967
-1.310427
-1.488393
5.410389
-0.2319204
-0.7629868
5.040063
0.5489339
5.203144
4.613359
5.026134
-0.7010658
4.778833
4.22359
5.214663
-2.214193
4.669579
0.513248
5.356688
0.6456196
-0.2544241
6.170996
-1.490283
5.632264
-1.10733
4.393358
4.651662
1.018432
-0.3203955
0.2456108
5.500575
0.6792019
-0.8786697
3.270301
5.67346
4.712568
5.868931
4.787718
1.725192
0.8583035
3.927442
3.691385
-2.382053
7.943834
1.212957
4.616362
3.24379
5.262579
0.2539678
6.173288
6.630523
5.213384
4.810977
4.026582
4.712185
-1.16265
6.086609
5.324742
5.356771
1.193348
1.555975
8.874352
4.765436
-0.9461096
0.1247495
6.152947
1.080392
-1.689047
4.569931
-0.200277
1.287327
5.765452
1.4523
0.5176852
3.630754
3.550658
5.422924
10.37104
2.267817
4.821646
2.562305
-0.1051674
4.963421
0.04813064
5.311212
0.9681335
5.448468
1.383524
2.575839
4.530172
0.1070208
9.014797
-0.5444755
5.101155
0.575917
-0.4246741
4.849321
-0.1339122
2.236465
3.258096
-0.1695536
7.714812
7.719819
0.8101671
-1.059897
6.195427
9.602818
0.7840595
3.124857
-0.7743589
6.181261
-0.02671513
0.06626406
-1.868768
-1.431463
4.508061
5.88023
4.128223
1.187056
-0.7302571
4.977645
0.7118812
1.827526
4.028832
0.6624859
4.682698
-0.16287
-1.280834
0.7720981
0.459212
2.482611
5.697481
-0.7700009
-1.794773
3.253882
-0.149244
4.739482
5.297832
4.410793
1.889352
5.160161
8.110083
5.576279
4.15431
4.270546
-0.3717738
5.043898
4.430545
4.562523
3.551316
5.723028
4.162834
4.962626
4.01404
5.261897
2.684821
-0.5631052
2.982294
5.75774
3.169334
4.930186
0.2234662
4.950777
4.399428
3.912406
0.1714306
2.068742
4.221819
5.324663
4.713784
4.750139
10.07549
4.582409
-0.1974
5.568087
4.434131
1.314027
5.764813
-1.236105
5.98229
6.274815
0.6769753
6.232423
-0.4279987
4.328939
8.38007
4.370878
4.689783
6.071576
0.9072681
1.475094
-1.708594
2.434528
6.091801
7.203852
0.9698391
6.342324
0.2357075
6.926437
0.7360513
4.312294
-1.303056
0.6092766
4.440718
5.540602
0.2164634
4.601684
6.622583
6.044621
5.288925
6.431428
0.3889902
5.17829
-0.9854857
-2.055605
5.975438
3.426751
3.598363
3.289359
5.196276
2.133181
5.03265
-0.199983
-0.6017468
5.007837
-0.6689398
0.143707
4.244611
5.061426
0.9589888
0.6254759
3.624513
-1.20646
0.9571378
-0.4433029
4.922472
-0.3697016
-1.897041
3.02662
1.132085
5.591411
3.641184
-1.040127
6.275719
-0.7538131
4.174004
3.951448
5.968047
-0.07228081
0.5907454
7.071194
4.821351
9.688741
-2.347461
5.874486
-0.3588778
0.2590694
7.52434
6.744853
2.129046
3.94181
-0.6570067
4.434366
-0.1993387
0.5581116
-1.189542
6.933514
4.165708
0.9020401
4.143557
2.161491
4.588941
0.04637367
3.661968
0.1243481
1.064502
6.499281
-0.215495
-0.7522164
4.675316
5.980877
5.31433
5.007615
6.206321
4.319861
0.9208635
4.264463
-0.4899953
6.025437
0.04008659
5.638573
6.034995
0.1299302
1.796529
6.21848
6.141714
2.83346
6.272973
-0.2040669
5.414629
4.574141
4.094734
0.1626831
5.113754
3.75827
0.462855
5.819249
6.326678
4.660382
-0.3909205
6.103249
1.224959
4.327191
0.8861906
-0.2486193
4.497552
5.904137
4.248397
1.267753
4.615298
4.371707
-0.5564465
5.590267
2.034074
5.365751
-0.2702552
0.4549275
-0.4781308
5.526772
-1.128443
5.3963
-0.4639036
-1.009119
-0.745535
5.757712
-1.524199
0.03410055
4.674264
3.958585
4.879407
-0.6709788
4.831571
5.35283
4.797724
4.54049
4.377725
4.392417
3.821209
-1.21801
6.450566
4.961623
1.559766
-1.04632
5.749171
-2.023099
2.783824
1.525413
5.285166
1.293078
3.934625
-0.7037097
0.5158319
-1.117985
0.9846619
4.286454
0.2358615
5.100512
4.845009
3.801959
-0.06968891
5.48817
-1.021618
9.543772
4.787399
4.790304
-0.04126969
3.361338
3.402977
-0.1740841
4.162076
3.501271
3.904889
5.722765
4.52173
4.1015
3.763402
0.3998604
0.6845067
5.914345
5.995055
3.990676
-1.769695
-0.7561879
5.137486
5.925619
5.770567
0.6894259
-0.8225291
5.733488
4.257695
-0.8779851
-0.4401514
6.963838
0.005656815
4.723053
4.035284
3.374975
5.481373
5.74632
3.435389
1.324036
0.5554168
-0.155518
5.502269
5.439679
4.226373
0.192833
4.424717
-1.439964
1.126072
0.02908669
-2.367473
5.305572
4.076168
4.40174
7.769907
-0.2242335
3.292923
1.629698
2.789993
4.077228
5.215144
1.96329
4.80474
6.312636
0.0410679
-0.7195795
2.83827
-0.06877757
6.241125
0.3890725
2.382063
3.579395
5.349167
4.354456
4.804014
4.825237
0.8583313
4.917663
4.057226
5.252149
4.682611
5.76478
5.920798
6.107891
6.208958
8.437838
4.038329
8.436473
5.769743
4.954385
0.173954
4.776901
4.83632
6.814958
0.07363005
7.126375
6.170288
5.097408
0.8543601
0.8676027
-0.7458604
0.4887931
0.8944405
3.211059
0.03963396
4.716769
6.113715
5.20956
0.4100801
4.158874
4.424899
5.251927
4.969362
5.47222
6.61924
5.047979
-0.8715837
3.644656
4.792731
4.504491
11.79359
-0.6354675
1.217292
0.3014632
4.147365
3.934692
-0.3205744
3.671794
-1.039336
5.297653
-1.563274
4.381166
-0.3261708
4.900894
3.534259
5.079586
-0.07971023
0.732552
-0.04384389
4.875866
-0.1631456
4.117647
3.057607
0.5295287
4.724682
6.827215
4.731444
-1.934098
0.01372884
3.738006
4.890509
5.216609
5.110175
-0.3438904
7.228807
4.572391
-1.279837
2.858289
0.8180729
5.125053
4.797117
4.340404
1.554395
0.003862828
6.532161
5.858202
-0.4331896
5.206064
-0.8821684
4.671439
4.730565
6.3252
3.124871
4.746492
6.132174
5.812183
3.471756
6.000402
4.860469
4.527948
4.524696
5.302432
5.691813
2.489232
-0.8455038
-0.2067339
-1.144961
4.81085
6.408279
3.576867
-0.09034621
4.51021
5.226524
2.481847
4.171932
0.809742
4.260966
-0.7046436
-1.073072
6.701444
3.614954
5.688931
-0.850797
-2.516065
0.1539244
5.79537
-0.6611242
6.091877
0.4242055
3.222466
5.815102
6.883857
4.290369
0.4641508
4.420374
-1.764333
4.266703
2.215846
0.4188692
-0.06068854
3.625981
-1.055887
-0.01716271
6.163907
7.126889
0.1037479
5.005083
2.485644
-0.1924525
4.467086
-1.522405
-0.6115274
4.436362
4.855637
3.417506
-1.583105
-0.2996163
5.29221
-1.580998
-0.7697977
0.03169117
5.840888
6.876125
4.261037
-1.40904
5.281619
5.992834
5.30979
3.897053
4.670932
5.531031
4.523224
2.075824
-1.496331
0.1038797
4.5265
-0.5242568
6.899644
0.6095071
5.104494
0.8401976
-1.414745
5.894332
-0.1572603
0.7220847
-0.9414877
5.755611
1.546049
-0.8366555
0.5432754
0.3993485
0.8765025
4.87619
-1.569399
1.21759
0.2209807
4.078583
-1.038757
4.84514
5.395411
0.4895494
4.13208
4.420388
4.278697
5.084851
-1.095653
3.998362
-0.6222608
5.54565
6.023286
7.632978
-0.4385933
5.588051
4.376572
6.256781
4.53002
0.8924168
3.245499
1.430796
1.135808
5.617702
1.126975
5.664008
4.519781
-0.3494603
4.844602
4.770966
3.706954
5.364831
-0.3441967
3.846545
6.210439
3.985911
5.815117
-0.1601521
5.432668
-0.2694078
4.759104
1.420733
3.887448
-0.3711647
-0.08390663
5.742431
6.403112
2.754856
4.221782
6.039251
4.363234
9.112762
3.079032
-0.1765563
4.335272
-1.063044
4.697952
4.907432
6.130755
1.345964
5.753483
6.028478
5.262159
1.642111
5.001966
-0.3032788
-1.79126
0.4340041
5.402544
5.940256
-0.2714249
0.002840071
1.017021
4.0716
10.04426
4.153937
5.82403
5.743282
-0.311622
3.526036
5.544214
5.564975
-1.033448
2.457513
3.898798
5.337641
-0.1829343
2.21214
3.196502
5.722604
7.682206
-2.538309
-0.4225361
4.215267
-0.5539397
6.399782
2.58202
4.805454
5.920716
5.752266
3.991493
-0.3207405
-0.3935331
1.245481
3.459125
5.94849
-0.9204416
5.554064
0.9312175
4.428304
4.267415
-0.07903548
5.460798
6.857713
4.751266
3.081766
-0.5227267
3.897437
-1.28352
6.086472
5.466299
0.814065
0.729492
5.926964
-0.4338372
6.169865
3.431321
0.4338504
-0.8054001
-0.4047929
-0.2168532
6.730657
4.940732
1.068409
5.404593
3.011281
-0.8595567
0.1290534
-0.03035199
3.967436
1.048859
0.9648406
2.602963
5.844123
5.205419
-0.1401024
-0.9479853
5.821319
0.1490096
5.749415
6.407511
2.257044
-0.5329214
-0.9321331
0.8653131
4.461601
-0.8137266
1.24022
5.401942
6.537038
4.295994
4.023601
0.8664383
5.241903
4.706453
6.034301
3.974677
2.009386
4.253545
3.823803
4.526869
4.349186
4.461928
0.8949896
4.806004
-0.01202231
3.876041
0.1107724
-1.05114
4.768921
5.662899
5.413313
4.357691
0.1338869
6.318807
-0.6492989
4.957243
-0.1046846
0.426664
0.4420835
4.497177
6.49381
4.933916
4.399163
0.4086018
5.366423
-0.3825845
5.682247
-1.519057
0.6506276
5.225921
4.255182
-0.23784
4.641445
5.505961
5.438603
4.601086
4.166708
6.511289
3.222859
-0.3489834
-0.6531902
0.9101445
-0.8414127
0.7716806
0.3963618
5.053575
4.80089
4.469945
0.6635446
4.591771
-0.2441276
0.2731086
1.201762
1.626683
6.444666
0.8903801
4.139119
0.31006
-0.848571
-1.240419
6.483038
-0.7924473
4.030055
4.690826
4.775045
4.448362
5.642867
-0.01889028
5.238562
0.388612
0.5541024
-0.1982922
5.114188
4.401029
-1.825472
5.9062
0.789919
0.1378637
4.739344
1.338719
1.341231
-0.3139188
5.300638
7.476013
1.421422
4.998474
1.128217
6.820527
-1.729277
-0.5076982
3.071125
-0.3543553
-1.960404
-1.10827
2.96523
-1.98407
-0.2007086
8.518067
-0.2495745
5.3676
1.467227
-1.203779
4.569267
-0.9008616
4.141648
-0.7626231
4.957876
1.058409
0.3051611
4.617963
4.624165
-1.704031
0.3893144
1.07796
0.8135675
3.041225
0.3929903
4.151219
5.512195
-0.1467265
1.91877
2.789702
4.689229
6.342762
4.92751
0.02038098
1.279692
7.45132
4.935352
3.697903
-0.07525668
-0.4695012
-0.179932
0.344509
-0.02867066
-0.6827204
5.3252
6.416782
6.740798
-0.6314008
3.717195
0.8074802
-0.7209996
0.9061435
5.658759
1.209188
3.996416
-0.0697271
-0.4800803
4.276701
2.906643
5.190954
-0.6096275
0.4248096
5.338377
4.383183
3.300017
4.719514
3.010325
4.23526
4.174211
-0.9728607
-0.1915326
4.740827
5.773433
5.270817
5.732153
-2.327971
5.394696
3.83866
5.58914
4.66606
-0.9574942
-0.1647059
6.851811
-0.2414609
0.9619451
3.824051
4.843672
4.694998
4.632679
4.007944
-0.29422
0.937654
-0.03924459
4.801535
0.7298758
3.260937
6.121508
0.6977688
4.779264
5.030921
4.105133
0.8628091
0.482426
4.595245
7.32294
5.133586
2.977348
5.724212
3.785941
3.558255
3.906545
0.5882081
5.943894
-0.3594358
5.307229
4.445399
-2.772235
5.853493
1.342877
6.346682
4.976893
-0.2377952
4.691576
6.22649
-1.202195
5.929191
-0.2855494
4.435926
4.305045
-0.1696488
3.941972
4.993179
7.096037
5.616162
6.429904
0.1493837
0.6656175
1.947949
5.742724
5.740639
0.3147285
0.6451508
3.958973
0.09012962
-1.532212
4.170142
5.254334
-0.1912153
-0.5990362
5.304854
5.544985
4.128851
3.537451
5.954049
5.178946
3.785854
0.03852146
3.236074
6.318832
0.9538543
4.356639
5.337867
5.045213
0.4368467
6.58099
5.335922
5.266125
-0.7528164
-0.9636508
5.986957
4.964088
4.246843
0.6220636
3.233627
5.769628
-0.8904205
5.392981
2.681777
-1.56736
4.086243
0.2921939
4.366221
4.768093
3.672469
2.687314
0.5201175
-0.3359314
4.987691
4.733219
4.250939
0.241552
0.08737642
6.176871
6.013536
5.756662
5.696953
7.189457
5.95891
-1.027272
0.4106785
4.458353
7.575477
0.1252513
-0.2536774
-0.3721393
1.567836
-0.2795287
0.8063554
5.706885
-0.6775841
2.048345
0.3895527
-0.04134068
5.91683
-0.8466078
6.578062
2.793467
-0.7847341
1.205076
-2.429607
-0.175912
5.693888
5.820769
-0.6181089
1.040378
-1.203461
-0.2137156
5.955301
4.005644
6.29974
5.933953
4.822916
6.916923
-0.3611672
0.4390513
-0.1783651
-0.7735469
3.673964
3.628137
-2.632815
1.020764
4.772906
-0.002595896
4.520466
4.315571
0.6267709
5.848305
3.845946
4.261348
4.9244
4.545451
-0.1006176
6.122515
-1.248874
4.19981
4.964036
-1.219742
4.509369
-0.827734
4.560668
3.099074
-0.5059664
1.240897
8.114876
5.023367
0.5389686
2.267395
5.288247
0.3434108
4.872559
5.085352
1.714294
2.101653
-0.594211
6.708338
5.227324
5.374712
4.951681
4.595505
4.242275
6.521216
5.097826
2.328795
5.294696
1.277635
4.529342
8.211038
4.961611
5.692634
0.2936919
2.025407
4.011799
0.9370756
6.047234
3.610022
-0.3503891
5.352644
4.985549
5.808415
4.952099
4.140933
0.3788704
-0.3744426
4.631872
6.484789
-0.6167571
-0.539164
0.2553655
4.600497
0.6920036
-0.1572728
6.08402
2.493369
0.2605777
4.110466
4.661542
-1.680896
6.313583
-1.247195
2.963387
4.914549
4.112085
0.4296379
-2.148088
-0.8149118
5.683752
6.362346
4.158087
-1.818289
2.89569
-0.2277522
0.2499219
3.778837
4.95695
0.09190085
-0.8547628
4.448307
6.226102
-0.6838916
5.285842
5.53656
6.344485
4.235672
6.023052
0.7705182
-0.5221726
-0.8507258
3.863677
1.864335
-0.6337181
3.09722
5.419408
0.7310838
-0.7097125
5.828423
6.235232
5.703195
4.658641
-1.155743
4.44471
4.263847
-1.366458
4.026511
0.5073874
-0.04207871
0.9588598
5.569086
-0.2209774
5.407812
4.182484
5.54365
-0.7329962
-1.670297
-1.483117
0.7198903
-1.028608
5.377217
4.576103
4.958445
3.148342
5.750304
2.585214
4.990894
5.212851
-1.153886
-1.236145
-0.676023
0.1875243
0.005240403
5.898504
4.229185
-1.789116
6.178036
4.293852
0.8093688
6.242631
5.675975
5.573131
6.278193
4.948397
12.55741
4.497804
4.921065
1.658073
5.390125
5.363171
-1.163181
5.338402
4.938841
3.655817
3.237055
3.804834
4.074999
5.221949
3.652976
-1.125072
4.574196
1.862515
4.128062
-1.444841
0.5812369
1.161559
5.3828
0.9986846
5.563994
1.309111
3.835687
3.032225
7.738382
2.906535
5.958539
-0.08750566
5.635315
6.567357
5.227354
1.265199
0.4596218
0.863825
4.408995
4.047042
4.719069
0.7451523
5.204038
2.198289
10.3339
5.244619
-0.3259018
3.650296
-1.473454
5.175596
6.742845
4.774428
4.508515
2.414431
0.4870231
0.2417218
4.968586
4.850235
6.009131
5.509469
7.34106
-1.742285
-0.2436714
-0.3152822
1.191037
-0.3429798
0.0878009
-1.218374
6.489952
6.657577
4.46364
5.866565
5.601792
6.80001
-1.285613
5.259876
5.606208
4.95607
2.991325
-1.431108
4.301615
6.623251
5.510122
4.307833
0.7834792
-0.09169095
-1.405276
6.761739
0.5251869
0.03094914
-0.949192
6.974287
6.207077
2.827638
1.598685
5.779111
6.334543
7.028692
1.245476
5.5907
0.7490958
-1.443517
-1.579051
-0.2479364
5.557898
3.82669
0.7469298
4.112004
5.076223
5.389353
0.5260847
12.84869
5.457552
5.198357
0.1216886
6.242866
-1.779037
3.849006
8.874071
5.997938
5.522564
-1.535272
5.557256
-0.3361538
5.037537
-1.347465
6.180806
-0.3254349
0.7836553
7.573596
-0.8770854
2.333459
6.037813
5.560292
0.3946189
-0.5530057
3.90713
5.131473
5.409671
0.3119808
6.130547
4.191901
6.127602
4.978354
4.56257
-0.7484067
4.366142
-0.9482351
5.01979
5.176075
6.271578
3.914961
0.1957758
0.6121708
5.982331
-1.136628
5.34341
4.469381
5.044488
4.137954
4.058286
5.579594
5.643259
4.422886
-0.7229739
1.647592
4.682079
-0.4021049
0.1115359
5.120594
5.880214
6.570411
5.100115
0.09750292
3.666602
7.187462
4.83153
4.350247
1.550205
5.048262
0.08761089
5.198202
-1.087339
1.023695
4.64539
2.252485
1.274583
-0.1186181
4.165195
0.08113911
5.153947
-0.7691408
0.3815445
-0.8669904
4.796589
5.483946
4.86629
0.7805101
1.782116
0.7355159
-0.1195577
-0.1324635
4.55007
4.770931
-0.255004
5.80217
4.569608
3.948415
5.632699
1.042952
1.167764
4.837084
-1.287858
3.62788
-0.3832436
5.09831
-0.7866412
0.3341169
5.694079
-0.3155126
5.085626
6.087141
6.350142
4.811443
6.14553
1.455508
5.093005
1.9807
5.613759
-0.2048689
0.474631
8.879123
5.865644
0.01121459
4.240321
4.22505
5.15787
6.245395
-1.52733
5.815363
1.204184
1.251548
5.588482
0.198345
3.996287
1.802825
5.960943
6.076126
-0.4896131
4.628228
-0.6691929
4.057893
6.580196
3.635329
0.3338534
3.17858
4.360804
5.892166
5.432544
4.008966
7.057447
4.71776
5.021907
6.989627
5.476592
1.578616
0.3320565
5.514798
-1.191006
4.502229
3.887435
5.017493
6.310814
5.602802
5.664296
3.746764
3.265077
5.770918
5.359468
5.511781
5.570424
-0.6071956
5.091421
-0.6421517
-0.7797354
4.882065
1.137926
-1.298013
3.898897
0.410135
1.668547
5.179809
-1.858916
8.274662
4.151595
4.30966
6.533457
-0.9479266
4.913175
1.131902
-1.712868
4.228426
5.761886
4.311889
5.62682
4.015848
4.942843
4.309899
5.29695
3.585832
-0.7513195
5.188347
4.846437
-0.9776837
4.759311
7.266044
5.218722
4.167946
5.634039
-1.346124
2.303095
-1.342396
-0.5214575
4.515817
-0.3140483
4.517326
1.596145
0.7498361
4.357202
2.258737
5.901592
-2.07116
-0.2166509
-1.220625
-0.507424
-0.6160476
1.832149
4.661162
-2.600115
3.726938
0.4925472
4.201635
2.866661
-0.008314096
1.121697
1.266408
1.892443
-0.7974961
5.055911
0.4314903
4.861308
-1.172915
0.4265433
6.228642
-0.401899
5.347753
0.1007159
4.894841
-1.944
4.435005
6.474905
3.958739
1.19981
-1.339568
-0.8615235
4.335644
-0.9215456
-0.4027239
4.374977
0.1133596
3.992513
5.881822
6.602864
4.865929
4.895285
5.221276
4.609054
4.793432
4.373154
-0.2495879
4.892975
4.844359
3.744386
-1.1209
8.533253
-2.168344
0.3497311
5.239819
4.322697
0.5178582
4.331369
0.1940462
5.510238
6.083389
6.298034
5.184809
2.851225
2.939304
5.306215
-1.149845
5.568305
5.111272
5.566687
6.672577
5.408644
3.503804
4.394402
5.776184
1.170198
-0.471206
0.2308982
0.6878352
5.406759
5.931292
2.633836
0.6220983
5.249066
5.712719
2.314288
6.237974
3.778248
0.5708955
-1.101659
-0.4380174
5.090615
1.752553
1.123036
0.2055898
5.776588
4.594555
5.033367
4.633234
6.078044
5.714629
6.311329
-0.04517816
-0.7068307
0.4986979
-0.5416327
0.1797843
4.743408
-0.6172098
-0.1259207
6.264539
0.3143009
4.930723
5.944912
5.454109
3.330347
1.154369
0.3569844
1.097836
3.81254
6.39305
0.964729
-1.138463
4.928276
-1.481736
-0.5458713
4.927742
-0.5139095
0.4387738
4.819492
0.9011642
0.4436937
4.188752
0.07390953
0.3644956
5.222798
1.13868
4.948542
3.444873
5.882466
5.228105
-0.1816966
0.1024284
4.507477
3.527805
3.66921
-1.597138
-1.611198
5.936372
8.661327
4.077299
-0.5007179
1.333234
1.374343
1.126412
5.574784
5.970018
6.081481
6.183324
1.192158
4.524982
4.196144
0.3358805
-0.1119064
4.233165
0.6850554
3.890182
3.356399
1.68526
5.546638
0.74017
4.474107
-0.5555109
1.088866
4.532298
2.082924
6.128224
3.880877
0.04455877
1.842357
6.443839
0.6616567
0.4079214
4.619177
4.654085
0.1665163
0.1135395
4.804548
-1.993211
4.257631
1.067664
-1.31846
5.106086
3.058821
2.541784
0.3170579
-0.9725195
-0.4203852
0.4041671
5.232699
4.718823
4.203574
6.498594
1.72074
3.83969
1.092905
5.490934
-0.9746822
5.729205
1.337999
4.678057
4.153852
1.814867
0.8267425
6.688151
0.6899241
5.907578
9.627385
6.290329
4.306572
-0.6121893
-0.4266729
4.869308
1.36571
9.028864
4.837798
5.699876
-0.5763123
1.385166
5.500834
7.740976
0.6620592
3.831422
3.193359
-1.039838
-1.32391
5.009311
1.139302
-0.2442549
-0.7812455
0.1015962
0.2619575
2.075914
-0.157296
5.184744
5.175007
4.540374
5.158625
3.82623
6.184392
7.976925
4.477356
5.562688
3.542758
5.046318
-1.696438
-0.6173017
-0.470284
-1.210468
4.565152
5.583718
5.874608
-0.6451946
-1.946949
1.029018
12.00438
4.43384
5.599844
-0.5369485
5.474266
0.7019799
-0.03506475
4.233848
5.158369
-0.3487018
1.126463
-0.1870887
1.533012
-0.4544475
5.552206
0.6560941
0.008095051
1.205895
4.214497
0.7417051
0.0453264
2.254377
6.318352
5.878248
-1.009816
-0.0475426
-1.040535
0.2446995
3.793945
3.674813
6.149655
3.555879
3.215243
4.01246
5.935382
1.035698
0.5445188
8.097717
0.9034233
5.904165
0.9313503
2.361494
5.359846
-1.642502
1.936322
8.266456
3.433877
4.326025
-0.4065537
0.1467842
0.717258
-2.039793
-1.128267
-1.202584
3.014683
5.95051
4.937206
3.557469
6.519066
-0.5105165
3.088863
6.499839
0.6563405
5.311229
4.66917
0.3348317
4.914136
5.208991
0.6064921
4.69638
6.432001
-1.599427
4.914704
4.610912
4.294187
3.461866
0.833216
3.942582
0.9908889
4.443646
-0.2390022
-0.3027273
6.285416
1.020033
5.5264
4.964303
-1.862229
4.641307
-0.5667403
-0.7007652
4.900718
4.20669
1.709288
-1.185684
6.875438
6.476315
5.362229
-0.1373351
1.849198
4.459167
3.444859
4.816047
5.068236
6.22149
7.71334
0.07316806
0.4898572
1.390163
9.016172
-0.9233946
4.978928
3.871725
0.1431541
1.676686
0.1021585
5.815836
7.70286
6.166945
4.614231
5.692736
5.283662
3.834577
-0.6667229
5.163774
4.273972
5.077986
0.108669
8.840189
1.040553
4.485003
0.02299679
3.643717
5.729882
-0.9316868
1.156536
3.577537
-0.7308269
5.112784
5.412249
5.196348
4.352534
6.328391
5.536791
6.214303
-1.128177
5.565956
0.2038392
2.877404
-0.1167443
2.052925
6.293303
-0.1259115
3.94665
-0.1850669
4.325086
-1.786418
0.1661383
5.307852
5.860507
6.1157
4.345161
1.415942
5.906259
-0.8105955
0.4977278
1.002392
0.1849194
-1.254916
5.427763
5.454634
3.888348
5.930509
4.713603
0.06896162
6.111647
7.058735
4.998244
5.321907
2.9891
6.486174
-0.8727435
4.991372
9.052943
5.272793
-0.9557883
5.029881
5.27405
4.662963
4.882851
6.390365
0.6684093
4.136149
4.911525
0.2937607
-0.02004605
4.92693
5.619631
-0.4445339
3.811041
5.530645
0.6613549
-1.43507
5.645434
5.17351
6.735186
4.754238
4.005036
0.9933262
0.5084045
3.69987
7.009822
0.277695
8.32299
0.4885701
3.73622
4.285485
-0.1151868
5.925464
2.583413
5.973739
6.659696
-0.3759199
6.890664
6.07755
2.994339
4.451182
4.531508
1.560117
-0.5941843
0.1077971
3.062573
3.755476
6.070145
0.6992112
5.403743
6.410857
0.8517988
5.857528
3.316202
3.842672
0.02372472
-0.9560834
1.330779
5.040037
-0.2991549
7.399564
5.523127
4.367962
4.769254
4.650577
6.383743
-0.1616847
5.539696
3.662481
5.55505
-0.01882862
5.716271
1.250887
-0.63612
4.756905
4.648063
6.774653
6.078652
-0.9876189
1.456899
6.354991
6.784241
-0.4267928
3.743838
0.8196096
3.472751
5.719797
-0.2438529
5.353843
1.304357
1.545759
0.3216804
4.375079
5.086085
4.660788
-1.342985
0.233934
5.189932
-0.2507356
-1.371426
5.399123
0.3604453
5.934923
5.644874
5.394493
5.180821
-0.01563488
5.040662
5.713001
3.407822
0.3850052
3.332105
-1.235439
5.055558
5.69785
3.764798
4.734712
5.763957
-1.081842
7.953297
0.6861159
3.827797
-0.7941762
-0.1995748
0.943577
4.931903
0.2358935
4.599847
4.714388
-1.637974
4.335463
-0.08450437
-0.02264263
1.505182
1.004836
5.836416
5.72551
0.9954877
4.704943
-0.3069421
3.876517
5.258012
4.71714
1.3096
0.7285514
0.3273261
0.9365025
6.262614
5.974254
4.617619
0.8651099
0.7924638
4.56924
0.02329303
4.362665
0.05800376
5.439138
-0.1206034
-0.4339389
-2.293254
4.223741
1.062702
4.722963
3.286778
5.209605
5.823246
5.422884
0.1577102
5.132096
0.4253134
4.500817
3.049076
8.273457
0.09284819
4.774894
-0.5941535
-0.0004787202
6.713835
4.856932
3.373191
4.451254
6.10625
4.406737
6.530371
4.451509
5.013978
1.456288
5.033016
-0.602578
3.642655
5.01864
6.010071
-2.698097
-1.471006
6.520049
4.563214
5.806764
5.427548
0.5425635
-0.5457447
-0.2683195
4.345178
6.104593
-0.6810773
4.471267
2.638458
-1.522514
5.490611
7.02244
4.46694
0.7356126
4.200966
3.710341
0.888742
-0.4904359
5.727516
4.777863
-0.2987462
3.896513
-0.498771
-0.4312168
5.439672
-0.6421474
0.4436542
3.926542
-2.239462
1.349067
5.673897
0.05644642
0.05967515
7.598839
3.388596
4.615056
5.158684
9.405633
-1.167051
-0.6474962
4.93941
-1.39957
5.49155
4.558947
6.852013
1.928314
3.392175
4.752173
-1.839778
-1.968282
0.9002544
7.498241
5.425826
6.257032
-1.673984
5.430206
1.082806
0.8328994
-0.108473
-1.469083
4.16497
5.331026
5.335408
4.134889
4.422045
3.561178
0.2357402
5.393209
4.358163
5.923808
-0.8030146
0.5453611
4.475185
-0.4409719
5.775232
5.664641
6.310372
3.552369
1.448643
4.656779
6.325323
0.1010848
-0.1148112
-0.3917471
-0.6052366
6.227868
7.123966
-2.029111
1.492426
5.087009
4.273642
6.894038
4.063859
0.7177877
0.7879479
5.385339
0.7350718
0.3130305
0.9951734
-0.3463455
-0.04404723
0.2551267
4.228582
4.333645
6.294187
4.385228
-0.9000097
6.279316
3.176574
0.8521051
0.1114922
5.235984
3.797533
5.636282
0.3910969
0.4975035
-0.5704742
6.559543
0.1667433
0.989892
4.457216
4.409783
3.913284
5.271049
5.806796
-1.309176
1.285088
2.436733
4.02457
4.929167
4.280475
4.766811
3.097703
4.635099
-0.994616
4.936929
8.975949
1.759475
5.291892
1.37187
5.361606
5.878487
2.995654
7.106926
2.521271
4.580279
5.901254
5.353092
-0.4365839
-1.385572
4.806554
-0.5768347
3.695246
-0.2157109
0.8011682
1.480823
4.898181
-0.04456504
5.873544
-0.4435322
4.538712
5.537699
4.487542
-0.7888658
0.3278641
0.8340688
3.313935
0.09133565
3.806863
1.616833
