-1.059441
5.071968
5.182586
3.927623
0.849318
5.937838
6.109724
0.4973326
5.499713
-1.198495
-1.447163
5.639747
-0.6512132
4.696521
3.43015
0.7716523
5.850269
8.234327
4.121091
4.070013
0.6922117
4.69391
5.328535
7.079768
-1.303864
4.409929
1.561709
3.44838
0.4697867
-1.177602
4.04348
-2.300823
6.414862
4.281318
4.054621
6.089916
6.617996
1.005915
3.619885
4.825113
-0.3262516
4.54967
1.961331
-0.5559896
5.275779
3.259879
1.022001
6.409899
3.637278
-1.149806
4.632105
-0.809959
0.8109882
6.259389
3.323898
4.692238
10.87108
5.360483
-0.1165808
-1.677131
4.611016
5.303968
6.636149
5.386367
4.97842
5.67901
0.5481935
4.634536
3.045531
4.627214
0.1570032
3.658929
-0.08828684
4.370405
0.949888
5.702053
-0.08410302
5.958935
4.569035
4.76071
5.091098
6.493124
1.120111
0.8924835
6.193817
0.414741
-0.4046654
8.029491
5.093786
0.3042585
4.119661
4.999073
4.727732
0.4469806
3.834076
4.487837
4.680771
-2.37764
-1.145895
4.54391
5.971501
7.99343
1.668352
5.355125
6.601066
4.663388
-0.3161143
6.466112
5.375108
1.890677
0.09615716
7.002863
-0.1883787
5.431699
1.17229
6.159541
0.5551297
5.047588
4.618719
-0.9236427
6.187169
5.682554
4.540721
4.617895
-2.552174
0.6541267
0.1119432
4.472514
-0.3815793
-1.861019
0.281187
0.9591724
4.821376
5.532091
3.83974
2.49346
4.067976
1.026076
2.664583
4.858828
5.013497
4.567163
2.357623
3.898164
5.063597
-0.6340006
-0.1767698
5.031039
0.6300602
5.094015
2.286356
-1.307741
4.891009
0.3239437
-1.631815
4.475961
5.22037
5.008402
5.34586
4.242125
-1.148294
-0.1685863
0.3012743
3.07159
-0.956462
-0.3927858
6.106815
3.632347
4.285969
4.87514
6.83789
0.2601439
-2.980131
-0.1366274
7.755325
4.503012
0.6472701
4.015954
5.657926
3.338641
3.394232
-1.277061
-0.2303611
0.4934495
4.050868
0.034369
4.899062
0.5450544
5.95062
5.61914
4.642366
4.66773
6.327907
1.951819
5.39867
5.287175
5.507204
3.160981
4.548554
6.716558
6.630637
5.919505
-2.902808
3.861194
0.7723405
5.3182
4.267596
6.014931
6.183024
0.3122124
3.091301
-0.6708631
-0.9845278
1.685197
5.397885
6.783782
0.3427414
-1.356558
4.328132
6.405205
9.031009
3.899971
0.3973276
0.4749221
4.659539
4.988257
5.560934
5.178829
5.354664
4.242918
7.057917
-1.078138
0.03172922
3.519607
-0.8161591
4.45085
7.740305
6.435477
3.998541
3.775934
-1.81986
6.53472
5.718719
6.222695
4.387559
5.616329
6.492066
5.491452
1.403616
6.358939
