5.740522
0.09337838
4.545564
2.648959
-0.5508398
1.320236
5.077471
-2.404611
5.046142
5.391477
-1.221789
3.804737
-0.730022
0.9506261
5.799895
1.307362
4.201968
4.647963
0.1014612
5.119291
6.679995
4.812023
-0.3482913
3.67301
5.676633
2.631041
4.125611
5.670962
-0.9901577
1.169366
-0.3538227
7.505946
1.00808
1.288507
4.213764
0.8550618
-0.9875894
2.525285
4.686655
5.213389
5.383765
-0.8691822
3.625607
4.488696
-0.2841517
5.702962
-0.5693469
-1.011228
0.2790311
-0.509738
6.157255
0.9581169
6.030465
6.101892
0.109446
-0.09968879
0.7744411
5.485471
7.107446
-0.5699207
5.220079
-0.00796454
6.446262
0.2614239
5.715814
1.284287
5.017948
-0.5070166
4.805622
1.279229
5.903049
4.43539
5.066392
-1.436842
4.524035
4.370657
5.57745
5.582974
-0.3776095
-0.3388126
8.153231
5.355013
6.001573
-1.169646
2.150949
-0.3064572
5.571023
4.958763
10.08357
3.65864
4.974528
0.3541335
-0.66928
5.465901
3.217528
-0.5284175
6.194607
6.406588
4.565094
5.378174
-0.2984903
5.741874
5.377107
-1.066479
4.574874
6.29647
5.858077
-2.206241
4.743874
5.978037
-1.029079
5.198541
5.902506
0.1594786
3.974804
6.555088
1.400858
5.5191
6.384968
5.490789
5.995317
7.035712
-0.4625256
-1.200619
1.327507
6.144146
5.62814
6.121267
4.72698
-0.9133651
5.674023
0.1274714
5.871708
4.471675
5.015056
4.346325
4.653897
5.982609
0.9720425
5.471588
4.154017
-0.3144283
-1.128466
0.3475198
4.003891
0.9486159
0.7708957
0.2857785
4.014099
1.816015
6.597664
5.223403
-0.2955812
5.414898
1.273189
-0.6891533
4.785963
4.068046
5.568252
5.955592
4.843529
-0.7946426
-0.6257428
5.068409
5.183295
5.693895
-1.673659
5.266564
-0.3683225
-0.3297839
1.13706
0.6051053
-2.926995
-0.07225705
2.060374
6.940001
1.033267
1.13771
5.577081
4.935547
-0.9807271
4.478697
-1.289967
6.583113
-1.408323
4.389296
3.74639
5.787532
0.4858452
4.746493
5.995663
5.120561
-0.09258432
10.05127
5.761732
2.382762
5.060527
4.260644
0.6687733
0.3903572
-0.3226164
6.468923
3.895346
4.424021
4.055541
4.126691
4.847779
7.191535
5.397019
1.452483
5.54996
-1.6321
3.723072
0.07152534
10.10499
4.661173
4.327158
5.057402
5.5721
0.8098179
-0.09047936
-0.6854814
0.2523645
0.822659
0.3680657
1.200344
4.956292
2.012458
5.483388
3.088034
4.803986
0.8306915
0.05064493
5.315786
6.05481
5.654699
0.05732059
4.636867
5.735889
6.336827
-0.0533152
-0.5645561
1.037892
0.1313148
5.890946
-0.8708798
4.399768
5.779761
5.966054
4.859916
6.969024
4.24412
5.66529
0.929241
2.202829
1.742828
-0.1113225
5.257155
-0.03684645
5.085747
-0.8339818
0.7522532
5.248971
5.600312
5.207279
4.282573
3.501022
0.1854095
5.010432
3.890868
5.419679
0.4101991
-1.294801
4.174767
5.181555
5.48452
2.251662
0.2285626
-0.1052665
4.077452
5.351959
3.786186
0.1073544
0.08913417
7.884779
5.684124
1.493509
5.116813
5.874692
5.260307
5.486411
0.4187639
4.605479
5.084699
3.236698
3.776214
4.447956
5.82883
4.475567
5.659503
3.853328
-0.8928063
6.466368
4.68975
4.962737
-1.053534
-1.367873
1.18029
4.479202
0.6552921
3.406471
0.3123158
4.502087
1.613517
-0.1507556
0.7401081
-0.4423527
6.434732
4.661677
0.01639868
7.246137
-0.2412778
0.8632271
3.841231
0.5565762
4.650842
1.866927
5.171292
-0.7535283
1.415579
-0.9603963
4.718599
0.5254955
-0.2171874
5.568601
0.8497378
4.854397
5.165018
6.053262
5.141771
4.4665
6.031267
6.064895
5.216062
4.876407
3.110054
3.960999
5.81236
0.1435866
5.602905
4.958381
1.485306
3.909827
4.325543
6.618356
1.287531
2.662162
8.217803
0.8333146
1.352416
3.951315
-0.324526
-0.199285
-0.8766095
0.3495794
0.4269328
-0.8197943
7.341237
-0.2358979
6.195876
0.3728694
5.423949
-0.6153183
5.194962
3.967292
5.091242
-0.3550422
0.07811831
0.04702729
4.739131
-0.4310539
-0.1494957
11.03832
5.450192
3.646195
3.098495
0.184974
4.333995
5.049663
0.8414987
1.844746
6.120969
5.159071
3.272034
-0.6284711
3.637297
5.643059
4.503378
1.025792
0.5732814
6.182107
1.48532
6.395564
0.9153656
-1.169324
3.997805
-0.1463302
0.5114247
5.018468
4.617435
0.008584375
9.522403
-0.3199134
0.1805143
5.170035
7.365882
0.515879
4.507478
3.309556
4.674779
4.20361
6.925743
-1.891533
4.037738
3.565328
7.414914
4.80339
0.7489182
6.165885
3.703746
0.7567943
-1.59704
3.633687
0.7256466
0.758172
0.5653287
4.947991
0.2464514
-1.035114
3.585482
-0.0660707
-0.9305914
5.92103
-0.7476961
2.499961
0.8383026
3.414121
6.566646
4.458866
3.075466
-0.2974708
0.6832268
-0.7182539
-0.4591741
0.2081843
-0.9158309
5.373001
0.9699977
-1.723717
5.623885
0.8540841
3.453093
5.038859
1.046361
8.204886
5.123407
6.177745
5.857628
3.493174
0.7711918
5.311543
4.370473
6.708981
0.2530471
2.376764
6.155322
5.024167
-0.2016107
3.811127
5.161916
4.40229
5.987631
-0.294421
6.152486
6.327835
3.416454
5.698448
7.259385
6.032744
0.04911045
4.809345
5.680949
3.768554
4.983488
4.355706
-0.06871501
0.07258956
0.8322124
-0.5379823
5.480804
