5.815116
1.19222
5.090502
5.169996
5.684237
5.576716
8.966083
0.2176943
1.04776
-1.21994
0.06233058
-1.161639
5.171857
5.665419
5.740022
4.686652
0.4826135
-1.018089
-0.1208397
6.409671
-2.659704
-0.2156061
-0.736481
1.887957
-0.8092375
0.8319621
-0.5450629
5.340813
0.5670708
5.323039
3.459777
-0.03013331
2.006055
4.323224
-0.2546759
-0.1805334
4.39101
5.041343
1.095024
4.752665
5.876003
-1.162489
3.678114
4.116779
3.201591
-0.6306644
4.606821
3.118959
5.976907
4.172351
5.849072
5.61498
4.403676
4.587666
-0.4981975
0.6815163
-1.202616
5.793244
5.501978
8.552622
3.438969
0.5145487
0.2608977
2.116112
4.323304
-1.329306
0.3133179
4.393885
3.930738
4.869512
0.3566495
5.461169
3.545076
-0.3052356
5.380914
-0.1434567
6.130754
-1.513743
4.892638
-0.4725377
-1.293946
5.323174
4.252486
5.377257
5.526859
0.2840681
5.315582
6.543661
3.767751
5.599209
5.371024
0.3538039
2.503931
-0.08346414
-1.759096
6.017423
3.13415
0.3352588
-2.255383
2.192108
4.327474
1.825037
1.208687
7.503218
4.92734
0.4581278
0.3465362
-0.8864023
6.502937
2.793542
3.553418
5.520409
5.969198
4.810068
6.132448
-1.380004
5.029077
-0.0924276
-0.086569
4.634556
-0.9969417
10.67299
4.934095
5.294299
1.318647
6.025459
4.471917
5.012768
3.840003
-0.8659366
-0.3960962
1.295635
1.048343
-0.3285922
1.216717
0.6223936
-0.3428113
0.7906476
4.640851
3.750082
7.71028
5.139957
6.032535
4.184256
4.623299
-0.4538859
5.217535
4.171714
-1.803774
4.143912
6.148916
-0.4266759
3.23076
6.615708
0.2181945
-0.814161
4.643351
4.785427
4.310045
3.995632
5.259941
4.251147
4.879289
-0.516573
3.889797
1.194345
5.825869
4.480644
4.782184
0.03927445
-0.2346708
4.601073
4.95969
4.921357
3.143712
0.1688803
6.293679
5.683057
5.102132
4.912009
2.148817
5.465582
4.443303
5.405383
-0.3770219
3.25678
3.400475
-3.120267
4.978629
5.630892
4.724641
4.901272
5.000379
4.997676
-0.04804194
-0.2795277
-0.2642777
4.926593
4.182543
0.3119358
1.607626
0.4505479
5.520624
3.911825
6.950372
1.07167
4.312956
4.807879
4.905851
6.321456
5.896092
4.165994
5.246418
4.891141
1.266761
4.244411
4.333645
-0.72059
3.799904
5.659962
5.501869
3.145457
7.335275
5.639173
-1.642968
5.132231
3.520084
5.056646
0.7794556
4.585533
3.259326
4.900482
-0.9795529
3.468327
0.3793282
1.143716
0.09759913
-0.3246613
-1.130148
3.640318
6.159733
0.1358344
-0.6374216
11.37998
4.530608
1.160308
3.125401
-0.3052365
5.286083
0.1228261
5.078096
-0.4580491
2.603986
4.335594
1.270302
0.1910759
-0.9547792
4.109278
3.499863
6.58236
4.208453
-2.038136
0.4836435
2.978795
-1.222169
-1.611845
3.255832
-1.341478
-0.2929123
0.4684515
4.829854
3.916117
0.1201964
6.2772
4.2321
4.213787
6.424309
1.104725
6.318318
-0.619131
-1.002008
4.03122
3.962568
4.336155
-0.9031572
4.804012
0.2164183
5.393846
4.693575
0.1245768
1.097108
1.298846
4.563736
-0.3113168
4.38562
9.82816
0.1674282
6.734853
-1.142109
-0.1539084
0.8670828
4.154324
0.6288257
5.506445
4.338459
5.884027
5.657235
3.737159
5.238602
-1.483915
5.425421
0.8237636
6.300817
0.1777264
4.333155
2.979145
6.044978
1.91693
5.562716
1.170102
-0.051948
5.175859
6.322865
-1.962118
5.550083
4.42928
5.028785
-1.432123
5.06909
-0.5486785
6.242221
2.668155
4.416513
2.817412
-0.3971251
2.418209
0.1138188
4.540573
1.595341
5.66677
6.299687
0.4755409
0.6512395
-1.835005
5.616052
0.8562147
2.251798
-0.7391467
4.21668
5.80558
4.997532
-1.380321
4.236753
3.129422
4.477004
4.774737
4.521188
0.5024407
6.796055
0.6113509
-0.1085428
0.8684249
5.229877
4.50749
4.138398
3.078875
4.698534
0.09811162
5.97794
5.784041
0.2431026
-1.07469
-0.3990212
0.3320349
-0.2461909
0.699089
4.402515
4.484493
-0.9456107
6.20187
5.366514
6.852144
2.570288
4.355642
0.4455842
-1.050976
7.115522
0.3866967
4.245239
0.3927046
5.315108
1.292934
3.568595
5.959808
4.053948
-0.9801957
0.5952709
-2.491632
5.511473
4.766918
5.420795
4.357757
0.7928422
4.259524
5.381015
4.166593
-0.7635042
-0.1090147
0.9484646
-0.2088263
5.880893
4.750973
3.471447
4.32207
-1.630937
0.004579497
-0.1404331
1.076108
-0.9045408
-0.7829818
6.170145
-0.5099033
-2.403413
4.230598
0.931305
0.2934155
6.009539
0.642674
6.321915
-0.8454682
6.232748
4.090466
4.311011
0.9669633
-0.1731906
4.748239
2.540263
4.785817
7.455424
6.101246
5.006418
5.032389
0.3559606
0.1438951
5.223514
5.711477
0.8664596
1.070913
6.380012
5.368714
4.999522
2.520785
6.265773
-2.690092
6.118285
3.456672
-0.1984003
6.250884
-0.8881643
4.725574
-1.366934
3.903045
-0.05431323
3.750612
7.178503
6.823601
0.1619621
5.893838
-0.3042765
5.647571
-0.09133372
5.00425
3.477887
5.086627
4.593521
0.3610205
0.5536433
3.407637
-0.7468555
-1.903658
0.8190768
4.671803
-0.1738384
4.824365
9.742449
7.088334
6.076501
4.939654
0.6505003
-0.4906801
4.700304
1.025498
1.33455
4.201112
0.3002939
1.25465
4.760126
4.598244
0.3524522
-0.5489748
