5.138588
4.239924
0.562565
0.5560365
-0.7478555
0.2619294
4.387524
4.519622
4.819527
7.404921
0.2238985
6.166879
-0.4213098
0.2323748
-1.570337
-0.8683636
6.824213
5.617585
-0.2568578
1.855841
0.8658434
5.889916
7.190438
4.925955
-0.8554404
-0.008735946
4.719421
5.367952
-0.753791
-0.6139535
5.299195
-0.601119
4.807157
4.412436
5.286924
5.978986
4.465119
5.221941
2.882567
-0.05665403
5.791076
-0.5020458
5.912978
4.015319
5.506639
-1.10931
-0.763229
6.066813
3.775955
-0.07340684
-0.1827736
3.069726
5.746086
5.759259
4.998043
0.7927196
0.6852205
0.4042217
9.872352
5.493159
4.368337
-0.4082072
-1.372823
4.812083
6.254567
6.525565
-1.885417
3.244866
6.141311
4.629392
-0.9295733
4.625206
0.3068894
3.584388
5.76248
5.925306
5.064108
-0.3704853
4.558952
4.330031
-0.7473276
4.103817
1.494425
0.5441896
1.692953
8.248273
4.298941
0.9046031
4.322611
5.925616
3.838266
-0.3584561
-0.5378524
6.130346
8.730498
4.790816
6.213223
4.175515
-1.710895
4.393017
4.31293
-1.129131
-0.4549624
0.5698916
4.754853
3.060878
5.340335
4.396025
5.579463
5.398307
-0.09539935
4.760725
5.543798
4.985056
4.831366
5.732169
4.594243
4.487397
0.3306444
4.305377
-0.4517937
4.151286
0.671063
6.105349
0.2459264
1.064459
4.499746
0.5595608
-0.4589438
0.3392239
-1.994447
5.581561
1.144775
4.984796
5.867783
3.706634
6.077531
4.171229
-0.1473153
4.373507
1.121769
2.983534
5.315236
4.705516
5.432581
4.416533
4.866405
6.094665
0.3577216
-1.180336
5.141774
7.26877
0.4129095
3.220902
-0.4947389
5.110121
4.935989
6.720976
0.7122028
6.415451
0.9443902
5.821843
6.247619
3.390053
-0.8502619
5.698753
-1.769508
1.258681
3.218881
0.8421254
0.05933714
5.434923
-0.9830415
8.291168
6.921163
4.481282
1.117883
0.7163435
5.160824
4.838936
-2.685074
5.998229
0.8696522
6.144638
4.982446
6.215034
-0.5680513
4.007445
6.603151
5.397442
6.602594
0.7397132
6.318629
0.8649803
4.638297
0.3912664
5.37008
0.4534093
-0.5332045
-1.65584
3.819809
-0.5307996
0.6525192
0.5338352
3.37955
4.476827
-0.2594723
4.856064
4.676364
4.983163
2.197342
4.841118
6.316246
3.614649
1.204808
5.15631
5.922276
4.664921
5.6818
0.2828993
-0.8430284
5.139993
2.368546
-0.3536493
4.54381
3.999361
7.129266
-1.125315
4.809308
6.069076
5.428372
7.068944
4.357635
-0.5709767
3.724203
0.3097268
-0.6476421
0.2334465
0.3327171
-1.320167
4.61444
4.529169
4.437221
5.753598
6.964477
2.881369
1.146914
6.424658
5.025042
4.596682
-0.9808523
5.339329
5.725303
4.357677
5.250909
6.085938
0.2799724
0.1518725
0.5827728
4.901298
-1.182219
4.060959
5.350388
1.524326
-0.2956283
5.440734
4.597296
1.92364
4.079558
-0.08517937
1.927513
-2.313713
4.018436
5.052853
-1.158504
-0.7865801
3.281539
8.701253
4.55721
5.926404
-0.2114087
-0.3005681
-1.383851
3.713545
2.443344
0.3357243
5.472194
-0.3270416
5.60615
6.131981
0.040975
5.301769
8.29901
0.3456524
5.164881
0.1992441
-0.494047
12.4612
6.322786
1.455408
5.700139
3.888585
1.113941
0.02770671
4.376745
8.474011
4.216722
4.498224
4.746015
8.685627
0.5942005
6.62626
1.59748
6.126227
4.947691
5.638777
0.585557
-0.3409397
6.151307
4.868438
-1.075849
1.609656
4.377519
0.6149493
0.7944681
-1.960429
4.52303
1.414901
4.331319
-2.0231
-0.4195871
4.543714
0.6668561
1.577179
1.032072
4.76122
5.252706
0.9996941
3.921916
6.317957
3.807644
5.882778
0.8614555
0.01099452
6.248504
3.700941
0.7078368
-0.0863165
0.7570381
8.615684
-1.528671
5.540719
-1.924127
5.83102
2.731446
-0.3385159
-0.7576722
-0.08786212
6.341145
-0.04519106
5.57068
0.3094378
-0.1533931
-2.247176
4.390245
5.005028
-0.2090539
4.847577
0.2965132
4.747118
-0.7671583
3.93343
-0.3777938
6.867
6.087564
5.716401
5.844997
5.321101
5.081023
5.494108
-0.6471039
3.645076
-0.935718
4.71911
4.146899
1.076958
5.436282
6.554725
0.6739295
-0.5026742
0.6629568
0.2660676
2.054082
1.757772
0.2691314
8.127516
-0.002319638
-0.3172629
-0.9583282
3.532294
6.015097
-0.1148036
4.605822
1.197743
-0.6693404
4.897586
0.2783733
-0.1848742
5.08294
5.317629
5.066252
5.466181
1.554697
4.000429
-0.8255627
0.1880064
7.594667
1.457499
0.3518161
5.66643
1.63279
4.388973
6.108219
4.506456
0.3347651
0.03207563
-0.7829702
5.287909
4.498544
9.48289
0.2840197
-0.9183449
-0.3592128
4.426856
4.640198
0.4060923
-0.1668772
0.5288373
4.99581
3.069038
5.2018
1.589752
-0.2404527
5.414488
4.840809
-1.172292
0.7760994
0.3039554
0.7188756
-1.564907
7.200676
4.462381
4.216703
-0.291378
7.024853
-0.1982649
-0.7710896
0.986555
5.088355
-0.5823881
-1.03442
6.779166
5.646781
0.5479139
1.585116
6.331269
-0.1701038
-0.5115142
0.7995567
5.263408
0.9981674
4.276197
5.417094
5.065747
0.2519742
4.648044
0.3123874
-1.073592
-0.4114466
4.023136
3.45278
5.922861
5.900238
5.056636
1.189877
-0.7817415
3.39046
5.231137
-1.026743
4.528972
4.069632
5.22221
4.579252
-1.015117
5.411801
9.802933
0.0579448
4.543947
8.231273
5.702862
