-0.1046493
3.691723
6.254473
4.683293
0.2908588
-1.738078
1.342021
3.615657
0.1406212
-0.8727528
0.6485155
5.142795
-0.4881999
4.38792
-0.3619133
1.035832
5.026776
4.851924
-0.1988757
4.290462
3.807759
1.232895
4.754659
4.970311
3.387657
4.44179
5.281818
4.710924
6.021931
4.886937
0.2780615
6.318273
6.624591
5.476638
4.779026
3.790837
-0.6308379
0.997748
1.655217
-1.433909
5.625556
5.909629
3.30453
-0.2403831
0.504681
4.695464
4.53797
5.2616
4.578869
6.724071
6.235733
4.51276
5.388675
4.994301
4.090849
1.643806
1.861732
0.2663392
2.396355
-0.2163668
-0.2749919
4.846375
0.3706483
0.2345505
4.225191
8.374284
4.023459
-0.4963847
6.171134
4.211912
5.392202
6.184842
-0.5658953
6.125964
3.951502
-0.3344192
6.321767
5.131383
-0.5989047
1.469467
4.380948
0.3010003
0.492796
0.8850542
3.941482
5.426721
1.193099
4.874219
6.109117
-0.9332295
5.187678
-0.08392715
0.9996204
6.240269
0.6676826
-0.4244171
4.577513
5.144297
-0.6608621
-0.2563062
5.356382
0.8838221
4.517235
3.773291
4.862579
-0.4162597
0.01276773
0.7833018
-0.5148206
3.66798
5.499389
5.770603
5.065307
0.3139535
-2.598159
1.290515
3.166268
4.922059
5.288945
0.005730271
4.601156
4.484593
5.077558
7.325164
3.938148
0.9727304
5.88119
3.268078
-1.02545
-0.0003478801
4.829956
4.31687
4.180808
1.155117
-1.746049
0.07685401
5.710478
1.422093
3.184381
6.475139
0.2622806
4.660432
5.187865
3.471144
3.560225
-0.09179345
3.733349
0.9269181
4.766951
3.894026
-0.9398268
5.537008
5.240629
5.038731
1.436857
4.252764
3.36117
4.615912
4.793635
-1.271237
7.16798
-0.5168004
1.055311
0.7126322
0.7717618
4.870743
-1.027742
0.8705695
-2.284567
-1.124652
-1.103787
-0.583759
0.8934885
4.74705
1.282205
0.08975119
1.335864
0.2740462
-0.5574018
4.684815
5.578832
0.2176283
-2.247379
-0.8695189
4.861014
6.61741
0.4746414
4.06968
9.162092
-0.7800226
6.245774
2.98462
4.430318
0.3905705
5.284035
1.51756
5.653118
2.634101
4.399792
4.51886
0.7224488
4.337472
5.184609
-0.4910451
0.4939504
-1.047462
5.829715
4.084745
-1.870963
-0.824681
1.865845
6.877345
5.319863
6.858511
-0.3171824
5.442893
5.555405
5.349498
0.0007429901
6.318199
4.897009
-1.683465
3.373299
5.411452
-0.2109147
2.923589
0.325842
1.610082
6.026359
4.598438
0.9771357
-0.1113443
4.258305
4.579125
4.036514
5.750592
1.943984
4.333265
-1.970482
4.624311
5.299476
5.337635
7.115808
4.726597
0.09544364
4.923453
0.4862849
2.9844
5.325489
3.334159
-1.514884
0.04360211
0.07396328
-0.1696907
7.58895
4.780815
-0.8114676
2.548949
-1.017018
0.7029077
0.3697769
-1.252156
0.3215143
3.627131
1.573119
6.246281
5.849049
6.326443
6.306995
1.669519
8.504114
5.987332
-0.8183099
7.077622
-2.197389
6.463074
0.3607278
4.196629
7.536271
0.4536389
3.923165
2.502723
-0.369907
5.058763
8.888361
3.728404
4.824949
4.893037
5.643515
-0.5597585
6.43896
5.741317
5.94202
-0.419296
4.069565
4.984808
-0.360341
5.745123
3.811049
5.45923
1.70668
4.83162
-0.09780863
4.822535
4.932665
0.6915112
1.049032
-0.5249869
0.3926827
6.867835
0.1598125
4.118695
4.36987
0.5310614
6.779912
3.988003
0.6507324
5.407848
-0.7808473
6.239089
5.428386
-0.2583567
5.384561
5.853676
-0.5060024
-0.6842475
0.6296909
-0.5057075
4.457129
-0.3023966
-1.566398
-1.697953
4.828713
5.400465
5.376023
-1.003783
0.1187162
3.743543
0.2923958
4.690833
4.027665
-0.05633385
4.115211
3.951228
4.492761
3.415089
-1.272621
0.7329815
7.950594
2.695836
-0.5463266
3.946886
3.972945
4.460833
5.20088
10.83136
5.923019
5.514081
2.189733
3.962951
5.559934
4.733459
2.235439
5.520499
1.304437
-0.0717608
5.556873
4.998435
3.127348
4.280744
9.893191
-0.1854507
3.826584
4.178396
5.604947
3.394875
0.4629397
5.901499
1.609767
4.718229
4.090193
4.510925
-0.4143448
0.9273313
-1.470572
0.5891047
0.6248529
-1.627377
-0.6744714
6.181085
0.4450341
-0.5221198
0.8622495
4.1663
4.799709
3.885994
0.553736
1.052542
0.3417957
4.758151
-0.7681058
1.459293
5.887051
-0.3692465
1.170323
1.929119
0.4745715
-1.009573
4.535616
4.176718
-1.595585
4.629561
-0.7117969
4.974932
3.412442
1.039287
4.909309
-0.07864188
5.587667
-0.02201955
3.833606
-0.878023
0.0535839
5.440857
5.031586
5.52104
6.054732
-0.6499658
0.2145025
0.8248366
5.257568
3.14327
5.461567
3.693069
4.507853
-1.209604
0.8927345
3.797172
4.914167
9.707767
6.586036
3.856735
-1.879899
4.611147
-2.163016
0.415104
3.335603
4.513495
-0.02222913
6.591699
5.69032
3.285516
4.76934
-1.068326
-0.817567
0.1560828
-0.3395632
4.028355
4.092851
0.2218572
3.860114
5.313559
3.170021
5.163133
5.798292
-1.027228
3.228675
5.081552
0.3572596
5.055827
6.463299
4.912215
4.230145
5.019754
4.701492
4.855318
4.285633
-1.77047
0.4821188
-0.4403215
0.548835
-0.4190416
6.957099
7.410051
7.05411
4.321683
0.7891525
4.527378
6.083874
4.197494
4.405261
5.079526
6.183442
5.035689
-0.1062844
5.390913
6.218739
0.9110695
0.1240769
-0.7544022
6.202109
-1.043095
-1.389159
0.2612099
5.506106
1.431945
5.182876
7.353064
-1.125024
5.968139
4.273451
4.193927
3.439168
-0.34588
1.254804
5.472215
-0.1510017
-0.6486032
5.970268
-1.892748
5.653404
0.5364035
5.41762
5.106345
-0.5907137
4.529061
4.728456
4.284266
5.216491
0.7732903
3.234553
5.239288
5.034832
0.7418272
0.3160216
0.483842
-0.3475811
2.210385
-0.3943715
-0.9957531
2.941177
0.5126771
3.503468
4.841349
4.005336
-0.8691583
5.632513
-0.0108781
-0.2176192
-0.3759571
-0.7484966
5.089859
0.839083
2.363105
-0.994065
-0.06148692
5.479418
0.8375853
6.01444
6.528773
0.5822685
5.117677
-0.7217855
-1.033174
3.533229
5.288867
-0.3376022
0.5587254
7.353594
5.931332
2.465519
4.736346
0.05163607
6.335362
-1.065688
-0.6567121
-0.3659101
2.647295
-0.4760264
3.651433
5.344673
4.448526
5.652461
0.8572589
5.304761
4.690358
6.971007
1.191914
0.4539131
3.641875
-0.8369194
5.449373
2.953157
-0.5298973
7.390495
6.533121
4.52126
5.7045
9.017634
5.197977
3.750086
4.532068
5.323838
4.482714
1.322067
4.303083
5.300821
1.909229
-2.811646
-0.08751665
5.99603
1.615044
3.89487
0.2687388
-0.4321512
3.274718
5.61378
-0.08784228
4.156345
5.408963
0.3188265
-0.3628993
-1.259719
4.706251
1.117573
6.874075
-0.3726528
-0.5269265
2.91681
5.060476
-2.52339
5.573912
0.9276446
4.793385
4.019534
-1.670006
2.705401
-0.6688874
1.265051
6.000445
5.676625
5.602709
3.681201
5.102874
-2.02212
5.583047
-1.305235
4.447267
-0.5090541
5.189182
4.120365
6.874349
-1.088698
4.759969
4.606931
-0.9162524
6.183359
4.701174
4.624722
3.24544
7.851555
5.298868
5.363931
-0.06534802
5.385288
6.586277
-0.2770334
5.36154
-1.049422
5.026645
6.185464
-0.3703654
-0.03603087
-0.2030266
-1.100264
0.6088369
0.4976263
6.15672
4.53908
0.7047149
2.124123
2.667037
6.81121
0.05358879
3.889805
3.656736
0.1287151
0.3515707
5.070274
6.198474
5.572281
0.292746
4.975454
5.82073
4.611849
-1.289918
5.747865
4.975351
4.910445
0.5225561
4.913567
6.530241
3.519002
5.019737
-0.4498446
6.151653
5.655935
5.159297
7.805044
5.253887
6.160004
7.078955
4.612437
4.672322
-1.129181
4.627491
5.213763
-0.561623
3.212296
-0.9842449
4.555907
5.745465
4.342859
2.340432
4.918706
-0.5868148
6.82078
3.13671
3.696178
-2.36755
0.8199186
1.388393
0.2834169
5.261996
6.572495
4.202037
0.5136445
5.149157
4.298206
3.329876
-2.388054
-0.6173013
5.65008
3.341973
4.186348
-0.4556997
-2.372481
5.15287
-1.135456
1.049638
1.718556
5.520205
4.417911
5.362405
3.930529
0.2801953
6.274056
-0.6271889
-0.3829772
0.2871246
3.841772
-0.5279173
7.137208
11.14469
5.086568
0.09394755
4.441819
2.848039
6.461661
5.649713
-0.1133559
-0.7573653
0.1662575
5.270821
-0.7214497
-1.067133
1.377451
7.968246
-0.3958112
5.66467
4.633441
5.49288
3.533887
3.885001
3.673991
-0.5216443
3.373234
-1.399665
5.95142
5.127684
4.611779
0.8095451
6.2632
4.392323
4.634205
6.917566
2.460454
5.395429
3.48048
-0.1389607
-0.35754
4.599721
2.88575
5.084498
6.32322
3.289261
3.582392
3.647913
5.217435
5.182524
2.675462
-1.816654
5.313483
5.583728
4.857959
4.868194
5.626395
4.770651
-0.8975477
4.516562
0.06127171
5.751186
7.166647
-1.144092
2.624179
6.212006
4.277563
5.210273
-0.6999485
4.707079
3.680485
6.58746
-3.003947
2.49042
4.647958
-0.7256998
4.11726
6.055189
5.856583
5.25115
9.780767
6.114323
6.056359
4.047298
5.302314
1.274199
1.26996
-0.7126399
4.485801
5.026528
0.6699071
-0.5928464
5.589194
1.401771
5.854859
4.57242
0.4193917
-0.9639624
1.203314
0.7118526
-2.453148
0.05892127
4.897173
6.489075
5.260221
5.985927
4.807346
0.1774559
1.645141
4.37252
3.977301
4.505908
1.654749
4.658997
-0.315143
-0.3549473
5.232244
4.164116
-0.7078444
4.726887
4.280855
1.279967
0.3948182
4.934306
5.27766
6.802429
6.355991
0.6145772
6.916619
1.475716
-0.4921186
4.318652
1.077897
4.500531
4.491818
8.148125
5.845492
4.692883
5.718329
7.267098
-1.007803
0.4652547
6.006638
-0.3571588
4.696906
0.1253315
5.701334
-0.8934373
5.511433
4.499927
1.735575
1.187845
2.776229
-1.170337
3.195937
3.801553
-0.9009289
4.168438
0.3560432
7.828595
-1.400942
8.372624
5.710654
-0.05850445
7.480983
3.481465
-0.06133927
-0.5528123
1.303744
5.141916
-0.8268142
6.129976
3.73391
4.14542
6.487755
4.559454
6.825825
5.951378
5.370564
0.4788518
6.109748
5.255188
5.093079
4.732101
3.328664
-1.027512
2.636825
-0.3598639
5.25027
-0.6910604
6.660473
4.613212
5.467701
4.521358
5.217859
-1.179002
5.229464
2.055906
1.348346
-0.881717
5.64381
4.752303
6.333792
5.651568
3.217739
4.065331
6.325724
4.240247
9.904892
-0.9662843
4.919232
4.439007
5.310757
6.550498
3.636461
0.3891747
5.573946
4.452984
6.308798
4.237953
-0.5883239
5.272174
4.232552
4.337125
-4.231442
4.501287
4.242695
5.504279
0.6176002
7.814765
3.636524
4.989054
-0.4296978
-0.3712327
5.356416
6.079985
6.169609
5.496423
7.145984
5.728802
2.179974
3.328263
-2.66476
4.696079
1.592314
5.594256
1.004098
-0.4246332
0.7257507
4.120303
5.458348
4.560209
-1.723556
5.016477
5.821233
4.151155
0.3745862
4.450607
0.5773313
4.853934
-1.78693
-0.2905818
-1.030819
3.337674
-1.472688
-1.128099
6.724373
1.268513
5.181583
2.922935
4.778175
5.508261
0.7373588
4.222275
1.869253
0.6879506
5.053201
-0.9226393
4.781268
1.31695
1.141769
5.704987
3.402372
5.800848
5.785582
1.488755
0.6723774
6.728798
0.9579939
-1.199862
5.418618
-0.006461553
0.6160609
4.542959
-0.4473347
5.107418
1.186661
5.352215
0.131791
3.188815
6.889472
4.970236
4.261876
4.204059
0.09342073
4.885037
4.351247
0.2894245
-1.706098
-0.9254214
0.2902123
3.7123
-1.533916
1.564824
4.461311
-1.007358
5.19858
5.215518
6.018282
6.14063
7.719472
5.246799
0.5222682
5.393614
5.262279
8.0682
0.5091221
4.347722
7.360648
3.865378
6.287988
6.100015
5.236652
5.884089
5.482924
-0.5721008
4.258417
4.523158
5.264975
3.770248
5.265806
3.677192
7.137945
-0.5924744
5.999189
4.509624
5.082216
-0.2335784
4.874998
-1.711876
5.28538
3.943473
-0.3625946
1.328536
1.534873
-0.8744477
0.3740885
-0.9342062
4.417547
3.954014
0.4772837
5.349674
5.195933
1.891984
5.73097
8.25394
3.573455
5.965098
4.009407
5.290313
0.4524761
1.517148
4.519876
0.7004383
5.50394
5.036635
4.445016
3.970117
6.235553
6.516101
5.078118
-0.5311848
6.259277
-0.4107386
-0.6539276
4.68797
2.523882
8.642804
3.738769
4.182336
-0.2814309
0.7575797
2.148389
3.354747
0.2622867
3.899492
5.786297
5.714111
1.100022
5.335203
-1.530155
-1.180601
-1.305294
3.253692
5.191795
-1.079065
-0.1400294
0.2282845
-0.8749163
0.3101464
4.497109
4.111458
5.509369
5.783693
0.2385614
-0.8355646
0.5535542
5.184871
5.488338
1.323015
5.559249
4.668151
4.133811
5.014195
4.565222
5.281399
-0.3737219
0.7114619
3.943602
0.6075887
3.129729
3.990122
0.6094538
0.3348846
0.06475208
3.890066
-0.1366546
4.561626
4.790935
2.727145
-0.4874454
4.409447
6.814936
5.610774
4.431926
-0.9975819
4.789492
4.946887
-1.237461
7.554014
2.425535
5.837688
3.355068
2.886167
5.440201
5.126552
5.505378
0.9619327
5.580204
5.022241
0.5939614
0.03239806
5.653244
6.488937
0.9289542
4.709577
5.447889
5.723216
3.239822
6.360935
2.375691
5.192654
0.2510215
-0.626101
-0.8145114
-0.8698191
6.199829
-0.2721974
3.675278
4.220661
3.615544
6.552989
0.9414317
0.7909823
-0.8816524
5.562209
-0.09814665
0.0347579
3.811301
6.77066
-0.8042449
4.60366
5.588695
0.4199352
5.681283
4.059357
1.30553
4.660756
3.636514
4.817189
-1.335957
6.744712
4.975568
-0.3404285
1.014964
-0.5287406
4.788514
3.692313
5.636453
1.770303
3.086397
4.886211
4.616503
5.135473
3.234893
-0.9637679
5.32378
5.648573
4.521708
-1.251197
1.14297
-0.03377918
2.910177
5.800947
4.739308
6.059395
-1.417029
3.854968
5.441689
4.24196
6.962423
6.033652
-1.491235
7.023093
2.093058
0.02185427
4.450651
6.770114
-0.7560954
5.248312
4.682352
1.345517
-0.1902523
5.122218
0.1691999
0.7024177
5.896423
4.211781
3.573087
5.706893
1.272593
5.277127
5.208439
-1.241178
1.099816
5.346039
4.124926
4.7628
6.406412
6.138669
5.745634
4.54321
0.2056217
2.84876
2.172168
3.670187
-0.5241793
5.629421
4.075201
-0.3111771
4.244211
7.487205
-1.862362
5.906306
5.225588
4.576227
3.510257
0.5999244
4.130498
5.093191
-0.1813476
2.351459
4.88407
-0.7316079
4.58522
2.313051
3.098199
4.920493
3.998067
4.803068
-0.8450994
2.338349
5.787887
4.723477
0.3747353
1.301555
-1.844996
5.904247
5.766091
4.60165
-1.71773
-0.7301625
5.364696
-0.624053
5.405384
-1.216869
-0.3811642
6.69452
5.438225
6.455529
4.948782
3.682747
-0.8485736
-0.5531706
-0.7850934
5.653887
-0.5874759
-0.106148
4.019388
5.706785
5.224109
6.100763
5.296591
3.711516
5.244061
-2.58187
0.3133558
7.140391
7.036584
4.129219
-0.4443062
4.87208
5.761067
1.603245
0.2224962
0.3969697
6.070041
1.422257
4.727636
0.64934
-1.490079
5.162175
4.838886
3.990461
7.200772
-0.1183912
4.300546
0.4523113
4.94986
4.414675
-0.7085364
3.092245
4.283733
0.263388
5.030147
-0.2356045
5.112106
-1.628939
4.194975
5.436618
5.140639
4.722242
5.695565
0.1843026
5.993351
4.17338
5.099632
4.922949
3.557248
4.319435
-0.4689216
4.257008
5.955348
5.468963
0.9440395
4.412871
-0.2726769
3.481014
4.677341
-0.9610265
0.9385713
5.226955
5.130894
5.172452
5.000583
-0.9757471
-0.01003964
5.269975
5.977747
-1.37012
0.04350773
0.7210166
4.320175
3.606089
5.268885
6.043257
4.460236
4.876201
5.658849
5.900108
0.7876191
4.3719
0.6735349
3.725198
5.476861
5.393494
3.964255
5.107132
-1.538091
1.51232
-1.737786
-0.5922399
0.3159641
5.531071
5.216414
4.789672
4.82475
0.5857744
-0.5384325
2.185398
5.161773
4.677305
5.916552
4.430388
4.667459
0.3822824
-1.082914
0.5686392
3.766761
-0.5575838
-0.3588956
0.2684436
4.267284
1.570049
5.09005
5.100427
1.513065
0.6837136
2.054888
-0.2643506
5.105121
5.624638
-0.1841562
4.350776
-0.8009334
4.907114
5.393045
2.173751
4.058993
5.784144
-3.221757
4.39143
7.664007
0.04782389
4.283264
-0.2234681
0.6795283
0.9851194
-0.5284702
0.2082527
7.037237
-0.3580746
6.03645
0.2039959
7.076752
4.984106
3.608382
3.101402
4.255307
5.084507
-1.286411
7.916438
-1.809948
0.7674064
4.098014
3.576448
4.15023
-0.3255848
5.656422
5.077826
-0.09398936
5.806343
4.705245
0.7800029
5.170026
-1.143509
6.418606
1.319179
-0.08889087
0.5251631
3.659565
1.751202
6.501602
-0.264316
-0.3256474
-0.5413553
4.972759
0.008810505
4.243594
5.488828
0.1926722
0.4512205
1.305907
-2.315852
4.816391
3.980741
0.8932044
1.128368
1.091223
-0.5842038
6.511852
5.102358
4.387183
6.047984
5.729909
6.03486
5.666526
4.579148
8.614517
4.197152
5.537971
5.351478
2.73176
4.001022
-1.41735
5.603707
0.09661078
5.177579
0.77833
-0.7790117
6.170807
6.733995
4.06789
4.443784
4.573953
-1.550358
-0.1882573
5.164114
4.631034
-0.2801529
5.42571
5.15571
1.080556
0.3476337
-0.9646899
4.783705
-0.001180053
8.580702
0.01990979
0.01045166
1.081155
6.173932
4.757547
4.498709
0.2970067
0.05649764
3.287018
-0.4836354
-0.4684615
-0.5802614
4.352468
4.605186
1.805472
3.533031
4.571837
-1.00222
4.923107
-0.6493664
1.945491
-0.5249225
5.094829
5.665924
-0.7031695
4.24521
6.174168
-0.8545578
4.658532
4.008201
8.835528
-0.6999043
4.386273
6.128338
-0.5344842
4.611245
6.022676
6.778787
6.116358
0.8903294
7.520708
-1.034087
6.263916
8.159825
2.990435
-1.760033
-1.103576
0.6843567
1.49785
4.823773
3.276996
0.4425203
-1.130766
-1.154732
5.531065
-2.023771
5.036573
-0.7705259
-0.3844709
6.139094
4.777527
0.3073856
6.113365
8.56992
4.147856
6.002474
0.07279906
4.301898
5.509017
3.983897
12.66134
0.8277179
1.021496
3.559027
5.661121
-0.5200156
0.3703986
-0.3814455
8.50467
0.5946667
0.7647998
5.285245
-0.007676806
0.03284185
3.995582
4.916779
5.526045
4.376281
-1.243594
2.415609
0.13039
-0.9497964
0.6694328
4.415968
0.3745872
0.9488492
6.345066
4.136243
5.051168
0.4743267
0.8533977
-0.6376508
-0.4943298
5.01922
4.55514
2.641009
4.877662
6.540573
4.435167
5.749468
5.956569
-0.3345635
6.154504
0.2771809
3.399572
4.571045
5.718654
-0.865551
0.5076946
4.790607
5.098185
-2.413934
5.231464
-0.4314324
-2.029118
5.52589
5.604963
1.302061
-0.9134272
4.628305
5.363354
-0.3301035
0.6473749
0.9925196
-2.330052
2.639251
0.01543344
3.901508
5.437851
-0.6230027
1.070692
-0.4307657
-0.2980131
5.99376
0.3551035
4.41128
5.283274
4.323147
0.2371496
5.059636
5.989934
-0.8832424
6.402403
1.00936
-0.3890555
4.839229
7.8387
3.999991
-0.3822756
4.288339
0.2883652
4.291211
0.2191636
7.189925
4.513947
-0.3585634
5.016186
4.921951
-2.399108
-1.138973
-0.9770549
-0.2897121
-0.2335931
-1.561265
5.126487
4.609444
4.320938
-1.349608
-1.173069
6.19144
5.544574
0.8743882
6.929587
-0.6968028
5.420314
-1.86326
2.548545
-1.872974
3.103591
3.985954
-0.7756413
4.104713
4.468384
-0.8475089
3.545966
3.940832
1.521751
1.444764
5.346035
4.510832
0.2449878
4.160536
4.562368
5.464524
5.13029
2.805293
-0.0985224
-0.8631858
6.216735
-0.1147244
0.7306788
4.0259
5.082762
-0.1720518
6.768844
6.368078
6.552916
6.359384
5.322821
4.422207
4.5084
4.026825
5.564451
5.096139
5.334529
2.266003
3.829917
-0.7993174
3.652354
3.524137
5.177201
4.971025
6.049921
4.586792
-1.60531
0.3588794
4.356092
1.010074
4.829107
-0.4309537
0.2678436
-0.2465181
5.702554
5.638988
-1.611479
2.772115
0.5415037
0.02395316
4.43011
3.854235
3.113254
0.1762133
9.224796
4.413013
-0.1585101
4.704162
4.92483
3.615101
5.101519
-2.036192
4.164718
5.292698
5.065606
3.849744
2.949457
4.794075
5.546932
-0.4875604
0.3609477
0.4058102
4.060652
5.549756
4.97051
3.554986
6.530541
0.3394959
1.035643
4.500065
0.8357075
6.913314
6.395325
-0.9688557
5.325307
-0.09381298
6.297024
3.753399
3.006166
5.466735
4.142364
1.462738
0.1094598
6.306915
5.50391
4.027539
-0.1148299
3.961746
-0.2620346
1.069939
5.510989
4.475938
4.802931
0.4738802
3.844323
1.799869
-0.1502715
5.052116
0.4858674
4.276555
-1.102103
-0.01282211
3.866895
6.065885
5.420085
3.167598
-1.099968
6.083075
2.069837
3.506998
0.9144433
8.883569
0.5792117
4.252901
0.2636902
5.005098
5.873732
7.235066
0.6291257
0.2956325
0.531566
5.481138
4.142105
4.699258
3.821124
5.090965
2.300816
4.648262
-0.1888076
0.1399164
-0.7173613
1.401907
4.821731
3.953014
3.462546
-0.4570873
4.641284
0.5283409
-1.726957
4.828778
3.967973
3.59682
5.212585
5.576403
5.432834
6.560485
1.360897
5.228675
5.77747
4.005071
5.718972
4.320695
0.5537673
5.713964
0.2687222
5.024169
0.6449054
0.06709949
1.053047
-2.298447
-1.322501
3.642239
0.1705191
0.312178
6.188635
0.1577164
-1.126844
5.701045
5.356073
-0.7403131
3.635966
1.096593
-0.1394074
5.750266
-0.5434109
4.493698
-0.7688764
1.019905
-0.8715879
4.496683
6.723401
-0.0136762
-1.341529
2.512413
4.385581
5.450473
6.018093
-0.7583463
-0.7572835
0.6295394
5.421614
4.762115
6.588363
2.799156
5.856338
4.835264
7.237097
0.4086054
2.847193
4.123288
0.002835182
4.914219
4.23363
4.390632
-0.1331256
-0.0184932
5.553963
-0.8672217
-1.695286
0.1370631
2.560749
-0.1479289
4.848165
1.314477
0.2843525
7.553609
-0.2664048
-0.4208355
4.784388
5.332753
0.4695593
0.6173813
-1.482048
0.3621516
3.833768
4.267588
5.386783
5.126191
0.1074751
6.970895
6.289346
3.48982
-0.5971037
-1.006365
-1.159522
0.7872775
9.04127
-0.05281744
3.087444
5.264852
0.7769437
5.254742
0.3550151
6.018186
4.222883
6.778777
-0.7036828
0.06753872
4.585993
4.697342
4.883393
3.507709
4.571683
5.925845
1.449954
-0.2546532
1.991798
-0.4341102
-0.6524941
0.5322701
5.398029
6.172501
6.163326
0.8666118
4.272849
0.4353365
0.5059603
0.3285786
4.893639
4.706347
1.666159
-2.122323
0.01263964
4.915238
5.171362
-2.07811
5.737718
6.103419
5.656459
5.405147
4.430639
4.443614
0.926807
4.785056
6.180756
4.42473
2.656314
8.424487
2.998035
-0.04956991
5.553195
5.90235
3.840099
10.44917
1.914806
4.203046
-0.4287468
-0.1221683
4.122132
6.309702
-3.374442
-0.2236095
7.304077
2.792989
6.573617
4.340044
-0.2794856
4.937641
4.627298
5.663315
1.269127
4.104589
2.753272
6.059179
5.525899
1.235034
-1.315837
3.600055
-0.87342
3.659869
4.992732
-0.4079089
6.036729
-0.5973597
4.669911
5.369483
3.558793
6.045174
0.8736722
4.44719
-0.7305159
-0.6386793
0.2952991
4.74782
3.88544
7.670888
1.335056
-0.5939016
6.132081
5.462235
0.7395706
5.265904
-0.3202094
5.764557
0.2796386
-1.072745
-0.3957107
5.6178
7.458967
-0.721699
6.610373
5.742994
5.982978
6.378295
7.634255
0.4078169
0.6806454
2.352707
3.443028
5.256789
4.76751
-1.057834
5.895243
4.896955
-0.1597673
-1.439541
4.58817
7.145829
0.4926915
3.599836
-0.7161474
4.441531
4.681595
-0.2843106
6.281169
6.977359
5.222739
4.682228
5.570995
-0.6795706
0.9749254
0.5514093
4.940001
1.655482
4.279869
0.8564508
3.707315
0.8957018
-0.5810254
6.214422
-0.7613645
1.411509
5.257719
4.206793
1.667702
5.668945
-0.6907352
-0.3332127
4.828602
5.627054
0.2834356
3.744333
3.385257
4.90257
4.942046
0.3851534
0.7047034
5.258827
6.016914
3.913824
-1.070957
4.845191
1.087494
5.990187
1.094828
6.38221
3.474713
-0.8129454
5.307696
3.707921
1.475518
4.298266
2.818299
-0.6922628
3.225258
5.729096
3.763846
7.031253
5.026702
3.237956
1.091654
6.268635
1.339155
4.559362
0.393303
-0.7020287
2.398519
1.26646
1.333438
-2.407875
0.3197074
3.741411
3.0499
-0.9494053
0.8724975
3.630818
2.023314
3.159492
0.1963522
4.633109
5.511807
-0.3574517
6.298383
4.15331
0.4978964
4.259798
5.039519
4.566046
6.621958
-0.0760382
5.697968
4.908894
2.8299
5.612723
2.099618
5.398925
-0.941611
5.537447
0.8393681
-0.8529202
0.1125759
7.217815
1.387084
0.331058
5.077128
-0.1903244
4.341857
3.950305
7.293716
0.5536896
5.89459
5.201269
-0.5229693
6.397519
0.8073615
6.162879
-1.686954
2.577136
0.3529976
-0.5462546
7.331587
5.926069
0.5452697
4.516367
5.499645
-0.6804614
3.471172
0.01606102
0.8737972
5.532439
4.311586
9.548269
5.55902
1.099213
0.6139586
3.647539
1.080355
3.973037
4.343265
0.3081263
5.815641
-1.720967
5.986744
5.659729
4.239226
1.669672
-0.823092
2.721383
-0.1496458
3.676623
2.54881
5.461856
4.802268
-2.011432
0.2978946
0.7486048
-0.4989612
0.5879961
4.580732
0.9695915
4.661543
5.864349
5.809074
0.7399982
3.789307
-0.03752915
5.001173
6.130809
7.149918
5.248098
5.851799
4.71309
4.856788
-0.229864
0.5902435
-0.1371711
4.036202
4.156526
0.4237895
5.018778
5.993203
1.639862
0.947725
4.824111
0.7363385
5.860679
3.504387
0.7212073
8.249165
5.077668
0.4284145
4.897088
0.7924531
0.8058852
0.1440063
5.07218
0.4379139
4.698751
2.968238
3.692036
9.724942
2.01489
4.680064
4.979111
5.992914
1.705883
-0.1920109
6.529413
5.651141
1.461798
0.09000073
0.4450575
5.479527
0.218439
6.354654
0.4657343
6.156979
4.006139
4.728104
3.164821
4.948581
-1.014316
3.613968
6.324948
-0.04564116
0.3481361
-0.3618914
-1.793197
-1.171352
4.359273
5.787262
4.30352
6.141218
5.370299
0.2631379
3.113825
5.575036
-0.8014351
4.279253
4.61111
5.844776
-0.587451
-0.9063349
-2.484352
1.743386
0.7482618
1.326828
3.428088
3.479629
4.847932
-0.3211971
4.476358
0.9636901
5.621192
5.371971
-0.2019143
1.958768
5.348075
0.899125
3.38018
1.92129
5.233863
6.21928
4.571209
-0.5819943
0.8761827
6.469847
3.38147
0.3537074
0.07781821
5.826309
-0.2589706
-0.4918923
-0.0304523
5.43049
-0.1433112
2.780969
-1.062221
3.852403
0.7915733
-0.3988095
5.832325
5.228101
6.736114
3.925654
3.803948
6.569926
4.687677
5.928163
-1.334147
8.961292
0.9868407
0.5579508
5.577522
4.605052
4.131075
6.944491
-0.8178685
0.744535
-0.02813642
1.210088
8.537075
7.459253
7.010357
-0.1636169
6.540405
6.073662
5.540998
0.1522828
-0.5995186
6.872639
1.439678
-0.08974901
3.674233
2.180263
4.49316
0.5796624
5.45598
3.838072
4.011777
5.873487
5.113339
5.480153
0.1626854
5.306097
5.360458
3.829997
5.889604
6.078554
3.383968
0.2158967
1.94203
5.17576
4.083303
3.731794
4.134268
7.087094
-0.1753508
1.862541
3.361978
4.123381
6.976706
-0.6337436
5.419223
0.8200044
6.072734
4.613044
2.004681
5.313242
6.653405
1.345521
5.371806
2.569778
4.9399
6.089662
-1.1466
0.1184522
7.718491
-1.194456
-0.7379098
3.799421
0.223754
3.916145
-0.9921574
6.18977
4.432965
-0.06360122
0.8117027
5.029602
1.335863
4.660128
6.851166
4.904314
3.230473
0.2951366
1.583553
0.3985912
4.814057
4.371692
5.661858
0.1103657
6.206931
5.756166
4.809829
1.943493
-1.652015
4.943244
4.722868
6.843132
0.577939
0.1245448
6.642445
1.077182
6.246308
1.023492
3.706696
6.075093
4.566557
4.828021
5.207106
5.330532
3.117453
0.9684032
-1.418334
-0.5210486
4.900878
4.39912
5.281263
5.762681
5.21032
4.194028
0.5834721
4.979604
-0.5492851
5.901945
4.674713
4.903604
-1.957581
6.227298
0.2456558
5.274988
1.461138
5.83283
5.1992
4.675399
5.713528
4.227502
5.231538
5.037937
3.492132
3.652191
5.939833
5.904435
5.779544
6.640411
8.068884
-0.7178766
4.932164
4.810754
0.6307112
7.591142
4.986545
-0.5215573
-0.4356456
5.432992
7.143689
5.140471
6.080673
0.273816
4.410115
-1.303666
-2.082124
0.9441439
3.328763
7.19012
1.002631
4.538573
3.684252
5.855651
-1.53554
0.9916793
0.7351299
8.101774
6.367277
6.526532
3.384846
5.309168
0.6823443
7.831877
6.203171
0.1055385
5.54045
4.73043
4.927764
3.527621
-0.565366
4.499445
4.032675
5.794607
-1.473833
5.387729
1.482573
1.437712
0.8885745
0.1227786
1.08311
0.7168129
5.632733
9.305066
-2.50188
5.851426
-0.8228398
-0.1765221
3.624692
0.8609353
0.3518984
5.098326
4.787009
4.360419
1.144966
0.6672155
-0.2036634
4.890653
5.288338
6.723032
4.076483
-0.4180346
0.633696
6.987614
0.3144133
7.858106
0.8363091
2.912338
2.370036
4.625855
5.757423
-0.386073
6.678232
6.33301
4.257996
4.689792
-2.785511
2.85397
0.3273593
-0.3597246
9.259459
4.463641
6.041539
-0.927976
5.780751
4.793681
-0.1334793
5.861042
5.808189
-0.1883109
-0.6923284
2.785201
5.080688
0.5025643
0.2291321
5.974494
0.5726363
5.071545
2.728075
6.103474
4.141809
0.3839197
5.143274
4.179836
4.991342
4.218805
4.709324
-0.8344918
-1.230425
4.345701
0.3617316
4.104356
0.5640803
-2.652499
4.181383
5.016708
5.097344
-1.693977
8.137113
-0.5486476
0.09055316
-0.5293826
4.097705
6.85756
-2.003754
4.435475
0.7203572
6.269885
0.7612613
0.2534589
4.065272
-0.3065732
2.075509
4.762321
8.643457
1.810855
1.498979
5.616974
6.845861
-0.1580739
5.985646
0.3332699
-1.919253
-1.539204
9.949486
7.025436
0.9875343
-0.4767737
5.30501
0.6398497
-1.208489
4.292452
-0.8611493
5.487488
5.453139
6.051603
-0.2248796
1.318584
5.565005
-0.2711099
1.719792
5.174529
0.4629401
4.889534
4.742187
5.961813
0.7290402
3.674788
5.12157
6.107903
4.973995
4.933095
5.09731
0.4363558
5.339579
-0.6883491
0.6883467
-0.4597391
-0.9503568
4.094561
5.42597
5.652775
1.625373
5.016675
3.732409
0.2104272
3.950904
-0.03450884
1.712233
-1.776128
4.357741
1.382948
-1.110948
1.068578
4.448522
4.829351
5.022086
5.05132
5.113187
4.338441
3.699452
-0.8591877
6.232401
0.3052374
6.187492
5.780692
3.517222
3.418103
3.070769
0.5752767
5.752639
-0.5182121
-1.108614
-1.010176
5.376117
4.926379
3.830761
0.6972171
6.406012
3.725861
4.649517
0.1022101
2.481624
0.6902511
5.449453
5.437179
5.22879
-0.3760654
0.2850615
0.7022145
4.052229
7.008968
2.086764
3.788357
5.644154
-0.09641703
5.445497
5.46248
-1.392307
6.554551
4.872378
4.387235
3.728872
3.406485
5.966232
5.415825
6.019239
5.200608
0.6453146
-2.083624
4.337342
0.03456785
-0.03679737
5.082186
5.565738
-0.2583207
-0.7536869
2.408116
5.705252
0.07196565
4.319085
1.734135
0.976189
5.437712
4.886123
3.457686
0.0193516
2.985501
4.452827
5.5473
0.1633336
-0.1199576
5.762143
1.13879
-1.389942
4.856476
0.1239655
-1.358981
1.736923
-0.4548501
0.4022769
6.535147
5.95804
6.091169
-0.09974553
4.442933
-0.5988676
0.6145182
4.321402
4.541798
5.788068
-0.078146
4.650024
3.551121
5.072936
0.2859736
3.826392
6.576066
3.311373
3.869302
0.08723421
3.315152
6.305414
3.704657
5.114306
5.260485
-0.7083483
4.207202
-1.360425
3.839234
4.889165
4.894913
1.336415
1.034567
-1.046134
-3.11788
-1.206557
4.612595
1.000665
5.26798
0.07254873
5.397773
4.980805
-1.230174
7.497937
-0.7213702
6.14571
5.08653
0.8583665
4.131787
5.703159
1.115442
5.883594
5.810318
-2.764993
-0.9612898
1.087827
-0.9107294
6.280925
5.257901
1.796035
0.3377333
5.297151
0.1141427
-1.480313
-0.03732126
4.463031
-0.7292354
0.9916447
-0.2962841
-0.7525515
5.66123
2.859731
1.688291
0.3852309
5.213721
4.594314
5.162617
-0.0376252
5.027877
2.632544
3.118629
4.947828
5.257502
4.531359
-0.2538589
4.397768
-2.174989
4.922873
4.489853
-0.1130313
3.593478
8.028289
0.6691281
0.1134242
1.744058
4.072698
6.16286
6.433261
4.846071
5.405499
0.8361106
-0.05818091
-0.2644377
1.72052
0.8072809
0.1688781
0.09960488
1.177683
-0.6930416
-0.4367648
6.393139
0.1867119
1.329363
0.7060574
6.091829
4.831129
2.077371
5.246823
0.4589886
-0.4409015
5.356572
0.0978732
-2.128363
4.921787
4.490432
1.90652
-0.3669584
0.5520352
0.6606575
6.847571
4.26912
-0.8516168
-0.03265964
0.1690384
6.074003
5.864358
5.41607
5.553459
1.885828
5.703052
-1.118596
7.252179
4.710528
-0.4425393
0.8524208
0.9260726
0.6091607
5.07858
7.207985
3.79589
4.377207
5.52744
5.427064
4.049225
7.937155
5.302798
5.68486
4.333129
4.943342
0.4467922
0.4642197
-0.5464435
4.994744
4.472194
4.705649
11.86575
0.5324604
5.290013
1.543619
6.338097
-0.9171335
5.287811
-1.340371
7.13523
6.267985
4.564013
4.53021
5.531444
5.290122
-0.4581849
3.951905
-0.2114619
3.921622
5.886871
0.7923014
0.6472421
-1.280631
-0.04487152
1.59089
4.349294
3.989567
-0.01390623
4.615785
5.47337
0.9306605
4.697074
2.476906
3.134585
0.2139786
5.476084
-0.3010965
5.393272
4.236841
1.111422
-0.4928651
4.225035
4.178305
0.4506364
2.613451
5.828847
5.192466
5.892285
6.052525
5.550606
5.63791
0.3384786
4.321078
4.743203
-0.01616989
-0.3725686
0.9437291
4.672326
0.7440256
4.186545
4.433903
-1.222593
-1.226939
-0.3671555
6.245477
0.05556831
-0.3578772
0.59682
5.400913
4.699876
0.373102
0.9135379
4.372916
-1.798556
4.753412
0.2452312
7.073341
3.076599
-0.5223675
5.285974
-0.4051872
-0.5664036
4.552054
-0.528235
5.897463
6.554182
0.2225631
0.05583626
1.589649
0.1948279
5.23781
5.478581
0.3038808
4.880166
0.7026839
4.083513
6.559515
-1.526672
3.990218
5.097176
1.686101
1.130246
1.021413
4.196971
-0.422589
4.435789
4.623198
4.250904
4.819744
5.74101
12.79322
-0.4838529
-0.4973708
6.544038
6.294573
5.480464
-1.15975
-0.9004953
4.989944
5.583955
3.605427
-0.2297164
4.549682
6.063419
-1.074444
0.03194896
-1.602519
4.927478
4.822655
0.7933879
0.8957355
1.361624
0.4266935
-0.1382825
-0.8917595
-1.338002
4.089184
5.448322
-2.131621
4.427819
4.300929
4.656391
0.3949664
4.240528
3.907576
5.547556
2.600325
-0.4149164
6.956753
5.082615
6.131097
-2.038693
0.3733718
5.604975
3.248324
4.144036
0.1523199
-0.5831589
6.965165
5.504
5.689835
2.044093
0.9537832
6.234923
4.729357
0.2897477
-0.9841121
1.745063
0.01238253
4.645757
-1.102421
-0.2725414
-0.6084544
-0.4589225
3.634987
2.824717
5.109512
-0.813138
3.637808
4.663658
0.1340931
-0.5093184
-0.2436487
6.995774
5.631123
5.160009
-0.4665736
2.344685
5.667424
8.797261
5.540099
4.505574
3.823836
1.334091
4.295879
5.907729
6.838824
9.072016
0.5905335
6.415221
3.363534
-0.6577504
3.915755
5.59568
1.224169
4.639393
4.255202
3.686627
7.517542
3.863314
-1.064021
4.36913
4.725645
5.372521
4.192037
5.276969
0.6292363
4.414954
3.343501
0.3171764
0.3129215
0.124321
5.95291
3.358503
5.230243
5.095049
7.108316
4.596043
10.55978
5.107754
5.680602
6.641008
1.688518
4.022616
2.078365
0.001667278
-2.523696
0.8712433
5.597574
6.18107
1.951678
0.5902248
0.2933852
5.506051
0.6278015
4.025049
4.51809
4.876388
4.859392
0.5101325
-0.3179475
4.840047
-0.9302814
5.035259
0.3954966
-1.664179
-0.1005287
5.321568
4.972563
0.9334244
5.063721
3.95401
4.725602
5.371754
6.627695
1.054439
9.327034
2.491586
4.342312
0.5801187
6.596081
8.956873
4.141937
4.920834
6.01064
-1.958594
-1.207495
-0.5676462
0.1079813
1.413253
-1.294834
5.769144
0.9310516
5.854212
-1.585035
-0.3767648
-1.205368
0.2130702
4.239425
5.894378
-1.153033
4.984836
6.34088
-0.519574
0.8860782
7.290657
1.225366
-0.8275962
1.051242
5.726922
7.871463
0.7633928
6.224198
-0.01854232
1.171928
4.610282
4.726372
3.574577
-0.07846133
0.4920103
-0.9515434
8.133521
5.032917
5.045243
6.384443
4.562559
4.857205
5.425604
0.05308454
4.691978
-0.9521288
5.272284
4.536112
5.230104
0.7522859
-0.001754049
0.322731
0.938212
4.533399
0.4653239
0.2957678
0.3848562
3.9453
0.6449273
4.554095
6.402008
1.70754
-1.428941
0.08933807
-0.4391771
8.491418
2.588932
5.924219
-0.7487799
6.402915
0.3118037
3.66814
4.156099
1.585221
4.989756
-0.2394563
-1.680797
6.326357
5.118965
-0.52206
5.170285
5.00383
5.18777
-0.1538774
5.262586
4.545827
6.419097
3.511959
-0.9476233
4.765234
5.142427
5.640997
5.702158
4.195697
6.190124
5.079972
2.930572
-1.594836
1.247982
0.4220512
6.33373
1.441984
2.448708
6.290959
5.597005
0.863607
-0.5772291
12.33799
4.210127
6.733714
4.016426
6.098054
3.6468
4.733531
0.4066815
-0.9564788
7.773401
1.864547
0.7661516
3.047553
5.472938
3.331381
4.850835
5.015804
4.544133
-2.256852
0.1318991
7.388462
4.877428
0.7385921
5.170611
5.011075
0.457589
4.205154
1.609735
4.237837
1.197117
7.422867
5.462546
-1.5155
0.4441569
5.601993
-0.0482494
0.1336227
1.359347
5.417357
2.885656
4.747846
5.862893
3.383317
4.137469
1.246508
-2.505773
5.260403
-0.05739049
-2.027701
-0.7100194
-0.2440877
4.900602
5.768747
-0.543202
-0.9919535
6.00285
4.619466
0.0654448
5.082793
0.09259673
5.720831
0.4845453
6.207705
-1.962955
-1.214001
-0.5201839
-1.073184
4.447407
5.581367
4.9239
3.317165
-0.8143532
5.659246
6.737343
3.733616
1.578392
2.724158
3.98707
9.966872
0.8317957
-0.8987097
7.345668
0.2396823
-1.149132
2.381906
5.08501
6.50746
0.7703352
3.293185
0.7472179
3.892078
6.095426
3.903967
-0.5559806
-0.2313187
1.753764
5.015491
5.337035
-0.1585204
-0.7817873
0.4916879
4.189259
-0.2923395
5.918537
-0.8573709
5.524942
4.752448
4.909217
0.8177345
-0.4619876
3.175293
-0.3433536
0.673459
5.927679
4.65079
0.5079968
5.307491
-0.270255
1.653923
3.59278
2.345383
5.553548
4.479542
4.849099
5.920492
5.534723
4.947965
-0.5013904
5.279837
0.1978677
-2.590186
4.782396
5.766698
3.823553
5.238419
4.671447
0.7847449
-0.3297596
-0.6115581
6.533226
0.8086104
4.957991
4.348252
5.069396
4.536098
4.963566
3.166283
4.159254
3.933069
1.356284
0.9331456
4.926444
6.993342
1.937185
2.441281
0.481406
0.01764713
0.949142
1.522629
4.489594
3.533645
-0.01695782
0.9739842
0.7727177
5.764283
5.125291
-0.5589516
4.974904
0.5803211
0.3354267
3.801005
5.073736
6.074332
4.318456
-0.8759763
0.217206
6.073522
-0.2112962
4.924802
0.08767339
0.6064485
6.290616
4.564492
5.087633
0.4624666
0.1111342
4.903034
4.39668
4.105857
0.6494303
4.831867
4.71327
4.25467
4.618943
-0.5157146
-1.818265
-1.081913
-0.4744857
3.844926
4.032558
0.4936572
-1.997323
-1.085559
4.445259
3.663081
6.34011
6.234621
5.922754
1.011579
4.152143
-1.482142
5.511558
0.7875946
3.474158
4.170398
6.410304
6.079931
4.808534
5.815132
0.7696208
2.533121
0.09197744
4.535036
-1.396635
5.518266
10.6447
-1.130866
1.481151
-1.396655
1.580118
4.638153
-0.08376029
0.8000744
4.755537
12.35819
7.487359
4.044798
6.167837
-1.318083
-0.1063844
0.4673109
4.647654
0.1582503
5.212648
0.6053608
5.074284
6.393062
-1.742184
-0.6152807
4.690156
5.112447
1.30544
3.204418
3.23769
6.081819
3.812687
0.8960981
8.175918
-0.2170044
5.96649
-0.8040357
6.055658
6.109018
5.517017
4.736228
4.58522
4.94587
-1.008178
2.958238
0.7507744
4.577741
-1.295209
1.318219
5.839105
7.038688
-0.9784924
0.4659653
1.041137
1.006842
4.31601
3.221153
0.9579087
0.7832876
-1.674007
4.836924
1.043569
6.608118
5.386216
7.035944
5.032372
7.152316
3.955747
6.344448
6.112654
5.181361
6.504654
1.317941
-0.6389553
5.315906
4.577044
4.597296
4.375941
1.726473
0.4895712
0.750894
4.771168
0.7659218
4.920244
0.7287631
6.228218
6.277799
0.5484617
1.203863
4.400587
5.972947
0.2692879
4.518138
0.8323163
1.140033
5.85091
4.531121
3.640906
3.273617
6.298948
4.737261
-0.06722015
8.213927
5.395341
5.019062
5.766016
3.931062
-0.3307149
5.951428
7.055785
-0.677301
-0.5196295
4.571023
7.851138
-0.1970523
-1.339424
5.91495
6.332409
0.0359633
5.215886
3.672845
4.161057
4.536435
1.353943
0.183195
4.840048
3.800841
0.487512
0.9369979
0.03824034
5.772584
4.849946
6.369578
5.411212
3.448594
3.430162
0.7722222
2.968964
3.597434
4.446837
3.354592
4.089525
4.99311
5.824578
6.226505
-0.8476027
3.200729
4.958151
6.227057
6.011676
4.743123
-0.8848945
5.509663
-0.3380426
2.740723
4.939952
3.687101
6.529711
4.969856
0.8328461
5.336924
5.585847
5.053928
-0.6701378
4.870837
-0.7830674
-0.06931557
0.4078867
0.7170969
4.766776
-0.6997844
4.973365
0.9962484
4.273467
6.259632
5.165441
6.46992
0.1522411
4.54004
3.926244
-1.298261
-0.3454812
-0.1790019
3.819339
2.381612
-0.08402692
4.523185
0.469955
0.5887115
-0.1141322
6.470129
4.110558
3.275934
3.548373
6.279703
5.413394
6.027801
0.6437181
5.266971
1.653905
4.807236
-0.03352379
-0.1722794
-1.227107
-1.193427
5.12793
4.407145
7.155998
0.9491152
3.166516
0.2565332
6.639208
-1.594345
-0.4281893
-1.518799
8.304426
5.989313
7.584289
0.2400663
5.587485
-0.2015211
4.819675
2.56084
5.172651
-1.330472
-0.114579
5.930902
0.2683027
0.3119622
-0.9941974
5.746558
4.144906
5.15436
2.274137
5.889654
2.2996
-0.9055981
0.6066658
4.28644
4.494728
4.937504
-0.6690623
3.101025
-0.385736
3.670496
5.390212
1.039375
3.732115
1.764314
5.861188
4.436067
-0.05379031
5.802181
-2.60885
5.951606
0.05157182
6.389877
0.3416085
4.528949
14.07055
6.763711
-0.05701768
-0.7917519
3.524724
-0.04750834
-1.546549
4.071665
9.014545
0.7299732
0.4453255
10.86325
6.86893
-0.741963
3.414244
5.554325
-0.7597451
-0.01215752
-0.02315007
-0.2753711
-1.242654
1.276826
5.527832
-0.3806805
3.959853
4.334474
-1.480416
4.481445
1.103657
-1.80188
-0.6030183
4.631039
4.171873
4.227041
6.312255
4.998076
5.270383
1.207749
7.163769
5.794236
5.135417
3.183723
-1.699049
-0.9602594
-0.06111802
5.262054
6.28085
-0.2470482
4.149123
6.389628
-1.594792
-0.5475601
6.272302
4.027567
3.756836
0.1559786
6.432035
0.7124695
0.9713168
3.931515
6.320771
2.322056
-0.02179336
1.256652
0.118527
0.3747863
5.123676
0.3598234
-1.062079
2.926485
0.1979431
5.517414
6.383812
0.2120654
-0.3218815
5.031064
5.11308
5.921678
0.4554304
4.773693
0.7366734
4.772202
4.977023
0.905505
6.057946
6.016468
8.676723
6.789924
5.766539
1.171996
5.63672
7.960556
-0.09487064
2.21321
-0.6595971
4.91928
2.495672
-0.9254496
4.593096
1.266611
0.6055792
-0.1205298
0.123863
0.3195393
3.852237
-1.712657
0.3328081
5.570746
3.259168
5.986423
5.035261
4.995682
5.527082
-0.3791288
0.2050543
5.258968
3.528927
5.361971
5.453799
0.172677
4.319828
4.717122
4.093527
7.305081
6.624159
3.596311
6.063957
5.452283
-0.05584857
6.158542
-0.2452746
5.690493
1.654128
0.05249837
1.686335
-1.216376
2.205963
1.364891
1.945424
4.925203
2.063243
4.547308
5.378063
9.662419
0.1414817
5.259394
6.980611
3.830966
0.4604876
4.891608
4.249415
0.08007613
-0.9320321
0.4424353
4.361048
-0.6792852
2.912972
5.584454
1.365108
4.688154
1.365894
7.501141
4.18954
-0.7478147
5.247421
3.102572
-0.3904275
-0.4372698
0.1033411
5.30796
3.416401
-1.926961
7.168494
0.6179423
3.86837
-1.820014
-0.464618
0.4020238
4.722079
0.1269493
3.097002
-1.100962
5.8809
7.449947
3.884553
1.602842
-0.7132203
-1.040778
5.727129
4.8569
0.7592882
-0.06032735
4.286867
4.521198
-1.162566
5.643231
4.851446
4.358948
-1.234901
0.505839
3.614756
1.748455
-0.1980515
3.89104
5.337304
6.701301
1.172751
-0.003703257
3.718403
-0.8379632
4.963499
3.638168
5.041684
7.100187
0.2982625
4.134691
-0.3600442
-0.2987885
5.597156
5.337653
5.614664
4.458503
6.418799
0.3913077
5.144203
-1.591158
-0.3999073
-0.6839582
2.578957
0.1237573
5.217375
2.769561
4.160706
3.089282
-0.9853264
-0.07900783
0.276605
0.8936187
5.67357
1.300977
3.792242
5.859659
-0.5305821
3.925057
-1.133889
4.230275
0.330651
9.247
4.163942
2.536272
5.30195
4.545008
1.534648
0.00930371
6.039967
5.166731
3.784381
4.019999
0.9263299
4.762422
0.6409491
3.785474
-1.844547
0.1832928
0.05632598
0.3610668
-1.634002
5.015446
-2.209778
4.775612
6.146608
8.295664
-1.022209
-0.7621987
6.042093
3.716115
0.3550225
4.421183
5.02914
0.2166055
3.993903
5.606136
0.8762134
5.005614
4.731606
4.874875
5.515197
0.5735247
-0.3064921
4.658371
5.018801
4.518974
3.486533
6.406815
3.405406
-0.4651547
-0.633946
5.917017
4.815776
6.041589
0.2375331
2.055267
3.71962
-0.1812616
8.229095
-0.2316505
2.89891
3.356074
-0.3317932
-1.598189
3.41955
6.242091
0.9544768
0.7277043
0.9995487
0.5838461
-0.7137463
-0.8420864
3.967458
1.042697
0.4513554
4.728183
5.600658
4.787425
-0.7641593
6.847125
5.297351
5.252989
0.4971833
-0.9108467
4.290916
-2.811255
1.118867
3.952216
6.025985
-0.1835853
1.132686
0.5244229
-2.076017
4.989175
6.56353
2.992721
4.675692
6.347811
3.791971
1.255687
5.642245
3.169809
0.2077616
-0.9806876
6.499099
1.744535
5.419889
3.943137
-0.4720756
5.275312
2.595768
3.904544
-0.6094508
5.542377
4.16327
6.973725
-1.283183
6.065221
1.879324
0.993614
4.60677
0.9769184
5.46126
-0.2395131
-1.729739
5.623477
3.505834
6.019117
7.753395
4.992809
4.666865
4.005329
-0.93652
0.06688201
-1.007961
0.3033797
-1.014409
6.005922
5.406851
5.658245
5.785101
4.286955
3.632498
5.534105
0.07290782
0.3486176
5.696142
4.610351
5.970952
3.328135
0.1385791
5.222485
6.379039
0.7702153
3.449266
-0.01295428
3.003498
-0.4417964
-0.3593715
-0.2273857
4.403126
-0.1312007
1.262493
-0.3576349
3.983708
4.204801
5.370269
4.899454
4.476339
3.42301
0.2917709
3.733127
4.528708
6.010436
4.390389
-0.1895521
4.870888
-1.20967
-0.4905651
4.693657
5.687101
4.154636
4.873314
2.710146
0.5458796
-1.344985
4.502621
-0.06462737
0.3810908
2.428226
6.661223
-0.4943605
-0.6390891
3.031083
0.517681
5.658539
1.070477
5.241646
0.3615011
0.9335576
0.1167011
4.214628
7.474373
1.186668
1.154735
1.733863
6.644685
-0.1606189
8.140631
3.959643
1.354421
5.627815
4.481215
0.0568469
0.9130586
0.8304081
3.863323
7.615627
3.442576
4.383036
4.344408
8.288928
0.4730075
5.216936
0.9102713
0.594392
6.243079
3.05504
3.844417
5.936948
0.2798735
3.876656
1.352096
-0.7510325
5.780129
4.17762
4.936978
0.652765
5.603441
0.5960569
4.103969
2.33536
5.784797
-0.8946249
-0.5371357
0.7850969
2.65784
13.96334
3.951427
0.5006617
0.4730683
2.208114
5.974292
0.02032709
1.168998
5.40445
0.4690946
5.891152
3.413003
-0.3420106
-0.2667307
-1.047407
4.042943
6.24791
4.363884
4.103163
0.5147187
5.526086
3.796882
-0.669581
0.4182266
6.222927
-1.179343
4.21081
-0.1004804
0.397846
0.1661036
6.145997
0.1027847
-0.328157
2.479508
0.8451436
-1.276993
4.680416
5.176588
1.697144
0.2472593
4.984093
0.23044
1.383367
5.802242
1.012461
3.551547
7.104722
5.139979
4.873815
4.945874
-2.7038
5.319602
0.7838985
4.414417
5.870506
4.246541
4.971648
-0.5450535
6.164737
4.061363
0.9114548
-0.01293914
0.7104847
0.5126424
5.59891
-0.3253633
4.312511
4.545508
3.243153
-1.639577
3.095486
5.652326
5.473288
5.265483
-0.09106428
4.624194
6.592992
0.8022483
0.9351919
5.019427
4.842887
5.213136
0.6414567
0.0965372
-0.08438376
-0.09518524
5.677462
4.949283
-0.8791593
6.537351
0.361139
4.699243
5.899136
-3.415118
-1.691406
-0.8382709
-0.3403198
6.001639
-0.6744248
4.866389
4.323831
4.290207
-0.2134512
6.371707
-1.144363
7.941043
-0.05946838
-0.26821
-3.827076
6.98173
1.787341
-1.192388
-0.1629755
3.256693
6.583161
-0.4653234
5.29542
-0.7005974
0.312971
4.936091
-0.7899063
0.1450001
5.784826
4.440371
-1.817563
3.863413
5.789841
6.430441
6.125469
4.240835
4.693557
-0.6514426
4.969843
5.139305
0.8020064
6.687106
5.911507
-0.09855779
4.591063
3.454602
5.970497
4.062658
3.263149
4.591419
5.041672
5.324034
-1.029296
0.3174715
5.884615
7.359273
0.6285951
0.764409
6.55308
3.402251
5.169058
5.945962
1.433554
0.205712
0.5450066
5.311355
5.127046
-1.13185
1.821721
0.1081842
3.857424
-1.674534
0.7145027
4.961963
5.866919
2.965593
1.253355
2.272191
2.578524
-1.191968
-0.9600908
0.03765974
-0.7676781
5.46576
2.695363
4.071213
3.397597
-1.755622
4.444745
3.686497
3.594435
4.255852
5.318315
-0.448698
-0.5228551
3.283626
-0.168486
-0.4688539
-0.4808647
5.33148
1.824847
3.070074
3.007877
5.625957
0.5726008
1.944449
6.310428
-0.2023816
4.985999
4.899831
-1.939074
0.2792285
0.3129115
4.755016
-1.230877
4.717744
0.4174033
6.22503
5.584139
0.815543
5.125284
5.053394
7.403868
5.371658
-1.589474
0.5174338
2.962802
-0.1513058
-0.5400834
-0.4381154
5.100048
0.5987656
5.129348
-0.8310034
3.879476
1.233187
5.569501
3.535314
4.809782
0.1473691
5.760724
4.651469
4.804139
7.592122
3.850021
4.673135
5.91599
5.093614
-0.04747472
4.553789
-0.7563528
4.541521
0.2088472
10.26822
1.606932
5.421834
0.3911263
-0.2853322
-1.585307
7.187079
8.692842
0.760372
0.5004142
0.6914994
5.397918
5.323632
4.858507
5.454272
5.61366
-0.963046
6.365345
-0.8127552
2.877522
-0.2487652
4.153869
7.058763
5.696239
0.002028317
-1.172767
5.465651
-0.6979918
5.063108
4.67869
-0.5311442
6.131106
5.688635
5.003146
2.652524
-1.396016
-0.2878206
6.332131
2.842072
6.009305
-1.262746
6.458556
-0.1586083
6.436813
-0.007672355
5.261467
6.640154
10.45403
1.161819
7.417123
8.288819
5.80794
-0.8102047
0.6294427
5.119572
5.241859
4.418376
-0.5242446
-0.2913307
-0.2225496
5.412402
-2.456651
3.922199
6.864891
4.180266
5.593309
0.9173857
-1.007638
4.526425
5.401973
4.40849
6.201421
4.51817
5.190403
-1.687211
2.01259
-1.019038
4.85982
5.174764
3.657507
0.1299286
5.474109
5.384637
4.419961
6.73899
-1.390775
-0.308223
4.536371
3.440075
6.090385
0.2208609
-1.135932
-0.04464432
4.534965
0.6835714
4.557389
-1.556792
1.478065
4.081174
4.992347
0.5935831
5.679273
0.09955577
4.83252
4.910207
2.493173
6.449161
4.66341
4.694402
1.065302
6.452106
-0.7462378
3.832666
0.9982687
5.362541
4.184006
4.702887
5.05093
5.6012
7.827028
-1.971587
0.4522147
1.022468
5.775523
1.674188
6.417393
4.860714
5.108928
6.530395
-1.021284
4.033344
6.286552
-1.064964
6.101751
-0.3863255
0.09172288
-0.222901
7.930159
4.558345
0.1689173
4.966391
1.024184
5.370069
6.495478
0.08030547
4.348297
5.74264
4.157084
6.060424
-0.3847648
2.00803
4.533967
1.200076
4.360982
0.8650972
3.714838
5.557002
-1.16951
0.144512
0.170642
6.63858
4.700274
3.541553
3.57041
6.876988
0.9251328
-0.7219505
6.189116
1.023478
4.688745
7.929884
4.248644
0.2809424
0.2278266
-0.05621831
5.128199
7.052825
2.426024
0.004523245
1.429855
5.983199
0.7107125
7.310992
5.092559
5.847256
7.566674
-0.8142281
-1.302398
6.071985
0.7080732
-0.3207651
1.236544
-0.3647342
4.721483
5.070721
4.293357
5.994877
5.426299
7.710297
6.068126
0.05088043
0.1685262
5.526748
0.5653405
0.2016628
4.659225
1.082982
-0.8502341
5.723061
3.358468
4.67992
0.626502
4.869824
5.19552
4.37686
1.209597
6.335894
2.038274
5.059139
0.2418561
0.5272544
4.646476
5.689693
0.9665385
5.061373
-0.4794946
5.410113
5.397101
5.544436
6.407127
4.533718
3.885538
4.443479
-1.138109
1.051765
0.670213
6.767458
4.541721
4.945232
5.626743
5.511873
3.948613
5.044215
4.580232
2.85983
0.6364724
-0.06133162
3.977363
5.203887
-0.9313618
4.874797
4.873443
4.628019
1.953855
5.329368
4.96007
5.974701
10.94917
3.436146
5.152391
3.850722
6.133375
5.371974
4.595816
5.662562
6.383772
0.05912994
0.7294765
5.26764
5.923082
5.998473
5.022678
4.11946
-2.968114
4.737915
5.55634
0.1163738
1.593852
1.363507
-0.2734447
1.382908
4.315838
-0.7243466
5.366604
5.201136
4.980437
-0.5474054
3.564677
0.9013488
-1.025196
6.76544
-1.322591
-1.877068
0.2444117
6.211788
4.87478
6.603027
5.448203
0.3517014
-0.6555753
4.437492
11.10537
5.160912
-0.7455345
5.884837
6.502079
4.750575
4.85104
-0.7256051
1.329411
0.1084371
5.531893
-0.05357846
5.567675
5.685212
1.800999
0.5442771
-1.821
5.357007
