0.7316553
4.192558
4.996512
6.937509
4.399465
-1.188624
1.658506
5.097028
3.49734
-1.658932
-0.5037792
4.38555
4.849371
1.058829
4.745314
4.103577
5.14189
5.129473
5.660884
5.654759
5.578442
6.881369
-1.302181
5.067584
6.463219
3.611836
-1.026341
0.9248538
4.923302
7.659565
0.1598726
0.1733888
1.390522
-1.143743
5.767088
5.048248
-1.90873
-2.087967
6.856135
-0.3417059
5.990157
3.513618
4.572568
0.2961951
5.446014
3.874632
5.147228
1.135159
-0.8873617
6.535878
1.857033
-0.8223529
-0.2482952
5.522706
5.224248
0.7491159
6.66544
4.928954
4.626426
6.247183
4.719571
4.487401
6.592252
0.5266722
-0.2936991
6.547365
-1.352858
5.647993
0.7299029
4.27855
1.214378
4.858141
4.470943
0.699458
3.803076
4.397835
5.111616
5.513624
0.1517649
4.872524
0.4390654
4.80431
2.415957
0.9290966
10.49208
6.15358
5.427295
0.3105566
-0.2195224
2.409187
-0.635256
1.409335
3.86724
-0.289429
1.172809
2.943771
5.310857
2.659059
-1.001147
0.07272023
-0.3739248
-1.141995
2.310713
4.394995
-0.8082355
0.4080493
1.345793
-1.892545
5.697292
4.969669
0.4028962
6.098888
5.260264
-0.6449586
-0.1736327
0.4602938
-0.8571363
5.280037
-0.02250047
2.813041
-0.747179
5.584085
6.278603
-1.381269
-2.045378
4.915112
0.7382087
10.69552
6.403708
4.071224
-0.4776601
-0.09735369
4.868211
-1.028965
5.394731
-0.8370569
6.560114
5.961074
-1.535955
1.673702
5.125993
4.384531
0.6757917
0.008840979
0.4643967
4.905295
4.320111
3.784208
-0.5356124
-0.8135796
6.21615
-1.248445
0.77518
-0.2502808
4.341646
-1.228854
0.3623211
0.1327809
6.43488
1.020695
-1.851956
0.1918164
1.122967
5.111289
1.704457
-0.826464
5.292463
4.33192
-0.8157741
3.841714
0.470282
-0.6861089
4.890405
6.2368
0.6197309
5.623687
1.052033
1.870234
6.664912
-0.3377786
4.792702
-0.4368937
0.8498828
7.149699
4.672289
4.502731
5.372279
4.373659
6.337018
0.5289035
4.811152
3.988314
5.479392
-0.09098059
-0.418513
5.651933
-1.169684
4.57085
6.490441
4.861984
4.983002
0.4908457
4.769861
-0.170481
5.435168
6.012659
0.05792991
5.842206
1.437792
0.5626309
-0.2566816
0.6493575
5.313587
-0.6816363
0.4705605
0.3897824
0.8485011
-1.175681
-0.1432161
0.6985158
-0.3554761
4.830366
-0.6648123
3.630419
5.37562
1.001471
7.772384
0.3577474
4.799444
-0.6320842
1.913025
3.936095
0.5235261
3.588827
-0.9087272
5.811391
0.3067721
7.578302
4.869982
3.974228
4.744489
4.298608
10.24896
0.4867537
0.08386118
4.681763
-0.7246017
4.669747
5.12533
0.133761
-0.1962622
0.9155493
-0.3757012
6.554662
-0.0006895441
-0.8462797
0.3568198
6.020183
-0.09624538
5.101913
2.444661
0.806646
4.311126
5.759525
0.3261181
2.113336
5.303723
3.833375
4.562612
3.09358
-1.776459
3.25764
4.119069
4.494329
4.64971
4.872993
-2.618591
0.1415494
0.6705847
4.08368
7.102935
4.634399
4.125381
0.07225471
0.1432107
4.378881
0.4377321
5.580632
4.923914
5.749734
4.926789
5.93481
6.312023
5.015774
5.730975
5.650944
-1.833568
4.855304
4.680198
5.448838
0.7125945
6.277058
-0.8939694
-1.348561
3.949416
-1.486575
-1.042176
-0.7164129
5.187457
-0.1921961
2.047431
1.662995
4.210665
5.928894
4.699553
4.867243
5.63155
4.316933
0.1182522
0.2735635
6.10948
4.146598
0.4306722
2.988248
1.838523
5.795424
4.801295
0.3080014
6.304751
9.917644
6.413146
4.841691
5.504914
-0.848765
1.891402
6.186923
5.592683
7.062799
0.5816631
-0.2110426
6.042348
5.805745
-0.09001181
11.37138
1.076912
4.383844
6.817158
3.462882
2.280078
4.948459
5.574925
4.689286
-0.14412
5.706109
4.374331
4.519321
-0.3297281
4.948998
-1.191344
3.079994
6.671478
-0.7923373
4.240341
4.14288
5.976368
8.655621
4.067832
0.4170793
0.733152
5.503138
0.2584353
0.5670677
-0.188555
6.177701
6.785425
5.76493
4.659469
4.397011
-0.7114712
0.07372428
0.2907849
5.834819
-1.944963
0.4172023
4.185847
-0.3171699
3.49441
4.818555
0.760149
4.417782
4.82812
-1.996581
4.784174
0.2624275
0.3661108
5.53575
1.026363
4.809467
-1.009885
5.074701
2.792066
4.328397
1.180749
-0.6341935
4.630275
4.570356
4.446403
6.022806
5.697376
0.9732616
0.2134379
3.657432
7.561032
5.060217
-1.092753
1.047094
4.393899
4.911743
11.10092
4.935906
-2.101188
5.760623
4.234218
-1.293568
4.248844
0.03047257
-0.8714308
5.333196
9.803371
4.019741
3.607126
-0.5421799
5.145778
-0.7063761
0.4721405
-1.429734
2.706298
4.670423
6.113888
4.017525
-2.788614
-1.545127
0.09500061
5.022624
3.667785
0.2741378
5.255698
4.165968
4.670975
5.333804
4.798363
5.135356
-1.751151
5.032794
4.717196
0.698049
0.01998129
1.376672
-0.7605205
4.231505
-0.7564682
4.619418
0.1329202
5.065617
3.45296
1.045464
3.613034
0.2475873
4.366186
0.5619806
0.4564538
0.7171226
2.521664
3.69434
5.939497
4.862909
5.789233
2.325828
2.424612
4.17289
-0.9366552
5.570118
2.27504
0.05034945
8.914024
6.260321
0.4676723
0.5600624
2.833102
4.13656
2.187849
1.040753
4.23994
0.08992493
1.317119
-0.5399208
3.455214
2.592591
1.544592
3.34373
-1.895443
-2.579321
3.833789
-1.392511
-2.158291
0.8283038
4.449627
4.831238
5.311107
5.264643
5.828865
4.71164
-1.861503
5.133319
3.340017
-0.102904
4.732559
-0.790729
4.816146
6.612325
3.491783
5.870005
5.421097
-1.544111
-2.01661
1.054855
-0.1510112
1.334041
0.5057372
6.348494
4.691781
5.547948
-0.2567085
-0.5766439
-1.894789
4.716953
-0.212566
-0.6912609
3.581273
0.2410993
3.830024
6.713253
2.551476
-0.8480631
-1.041467
3.745617
4.975567
0.09139111
5.308315
4.629054
-0.6501335
5.151514
4.497806
-0.6300323
3.362288
1.926394
-0.8918301
5.134491
4.975916
4.164293
4.678836
4.263179
-0.4375158
6.176562
6.231836
5.455705
0.2251105
1.279461
7.425575
-0.5559847
4.805445
4.628128
5.416712
-0.8322475
6.19289
-0.3424972
2.68523
3.988703
1.540868
4.660446
1.03514
3.83556
0.101246
-1.125878
7.190402
-0.8436211
0.4644292
1.03583
6.108119
1.190595
4.229172
4.968977
-0.6491465
2.170446
4.02357
1.011526
1.275158
-1.122111
0.4129519
5.027229
7.108805
5.016765
6.610425
4.086259
5.065012
6.122889
0.2975364
3.921295
8.21109
5.549761
0.9260217
4.893105
5.372948
0.3666127
-0.9913674
5.214394
1.869306
5.136339
-1.083862
-0.3473778
5.682756
0.4933413
5.200309
-1.796788
1.369527
5.189889
5.774801
5.066798
0.04871117
-1.040315
0.5353367
4.457031
0.09428804
4.530003
0.1680281
-0.2293983
3.79331
1.053369
1.899118
5.960049
5.587513
5.284447
4.287121
0.3919518
-0.1291236
3.357435
6.617896
4.745281
4.489656
-1.394753
-0.05157507
4.752107
5.915063
0.09995599
4.744994
5.076854
7.893601
4.348906
-0.4120494
5.976207
5.249973
4.618164
2.884701
4.971983
6.980593
4.906014
5.832664
3.817793
-0.2562648
0.8955659
-1.065502
6.818084
1.141126
-0.5618723
5.338538
-0.448487
4.419124
4.359894
-1.378683
0.6516354
0.1990449
-2.186299
5.028274
0.3195192
1.237178
1.35932
-1.05812
-0.4020481
3.591891
6.86827
3.816795
-0.1550788
-1.753538
4.778702
0.1923865
7.321177
4.950794
0.3274704
2.637086
3.226353
4.835831
5.294862
4.499498
5.561834
5.577512
-0.9327987
-1.053024
3.486517
1.185962
-0.5902581
4.360395
-1.689903
4.786946
5.49148
5.985662
3.847227
1.609677
0.7581973
7.918358
5.310731
6.033632
-0.2311484
4.133356
4.607344
4.372759
4.096382
1.445592
6.136112
0.4912151
-0.4938422
-0.9944166
4.817745
5.252968
3.536989
5.21955
6.681653
0.5854876
0.2765745
5.075094
0.3025358
6.379681
4.356043
-0.02262785
6.135944
-1.420349
-0.5718819
-0.4519869
9.653084
5.449787
3.928111
-2.20762
5.836452
-0.2443898
5.486078
5.613187
6.011135
0.7139959
9.203065
6.623283
-0.5295103
-1.087535
6.884659
4.201745
1.08895
-0.5381105
5.81505
6.650714
-0.8320241
5.325822
4.128471
-0.9089219
0.3300299
0.0129557
0.6154037
4.757926
3.465651
4.457243
8.345865
-0.2282296
-0.3105766
-1.022319
-0.1848454
4.644701
1.884277
-0.7272707
5.213005
-2.069756
5.876526
-2.034452
4.507643
3.728269
1.170182
-0.04747428
3.793117
-1.648236
5.044226
5.80631
6.229731
4.208656
1.095389
5.114742
-0.4839115
7.279199
6.101716
0.9171935
9.369581
4.993809
0.6907026
5.321083
4.32026
4.512442
5.313774
5.880803
7.424533
4.547666
3.80875
1.716787
4.822311
6.907523
4.763361
5.208688
4.327085
-2.186498
4.862707
5.401385
6.432166
6.98165
-1.146433
-0.146641
4.814256
1.620512
0.7629541
1.421129
4.117877
5.21132
5.53379
-0.0417171
0.2621294
6.086454
0.8862008
0.8584805
5.899071
0.1776463
0.7806153
6.618215
-1.530837
3.676879
-0.6103556
2.341983
-0.4239257
3.114025
5.267352
0.6362774
0.8398796
5.873949
0.4074032
4.381398
4.911459
3.971936
-0.643464
5.951205
0.6010909
4.989089
5.359914
0.009784833
3.814944
3.842838
6.141137
0.02489721
4.86971
7.567596
-2.497673
3.570795
4.758818
1.599494
5.848299
1.610004
3.590747
4.044546
5.39342
4.801152
4.673475
-1.048945
0.1894571
6.032439
-2.411604
0.4907856
5.721582
4.56376
-0.4280793
4.56812
5.151094
4.988596
1.30256
-1.264153
-0.6632516
0.6343387
-0.04564101
5.133701
5.067648
6.464631
4.2922
4.439045
5.650055
3.407326
4.64769
0.7280621
6.322214
4.334001
-2.246303
-1.631236
-1.642867
4.808592
5.821367
4.886354
6.620979
-1.19584
-0.4312457
3.48926
4.093381
8.900915
11.20535
-0.4689099
3.660311
4.081179
0.5560944
1.289609
3.882418
-0.8260928
1.659156
5.064435
2.218047
1.502881
-0.3404675
5.807437
4.821182
5.210566
-0.09148665
1.442219
2.139074
-0.214244
1.906909
0.429783
-1.534531
-0.9148021
0.8354903
4.21097
1.43097
-0.6626625
0.9096493
-0.5243629
-1.243671
-1.40893
6.229205
4.697079
0.7948034
2.572469
4.837684
-0.5725597
0.2199401
4.74421
7.000005
3.895626
2.793185
6.126038
6.742808
4.605859
0.6820896
3.844904
2.498872
-0.1724418
6.747749
-0.1944154
-0.8565216
-0.03509296
2.554623
5.027248
5.751512
-2.177098
3.969917
3.866104
5.535523
1.228421
7.09337
5.919545
6.060058
0.1222372
0.03456795
6.056373
1.476529
0.7863678
4.308645
-0.9147022
3.446352
4.403427
0.6461982
4.199902
5.960711
1.488846
4.472646
6.288369
0.06644162
-0.7244462
4.483856
0.9496358
0.6066426
4.722291
6.095913
1.716634
4.286936
-0.4986802
-0.6270395
9.777272
-0.7165607
4.841391
5.427297
3.77515
5.222919
1.041648
0.1455599
-1.145157
2.951988
5.211009
5.043772
3.260929
0.98822
-1.958189
4.016004
5.528816
5.755711
0.2155653
5.125676
0.4387193
5.405628
1.070028
-1.284199
-1.535433
2.712556
1.11272
5.67258
1.004827
5.932331
4.574704
9.013501
6.105591
4.454698
7.320741
-0.125161
0.791717
6.281153
0.1230931
5.524703
3.307202
5.139932
4.01861
-0.2378768
-0.5195277
-1.745101
0.469045
0.5496457
3.585388
-0.7545434
-0.1586086
-1.176646
4.393882
-0.09460612
5.213415
0.7343682
5.921067
3.831207
3.910069
6.485788
6.56774
5.667043
4.544782
1.149628
4.707878
5.129313
6.406063
-0.8325538
-1.37242
1.004029
-0.7808557
0.7971057
5.679462
0.6984818
3.377181
0.7070754
5.521851
5.122703
0.04129452
5.943076
-2.540265
3.814318
0.9301742
3.402444
3.780667
4.799568
-0.3363149
5.989761
0.07366054
0.6358242
1.206415
1.678169
5.409734
0.5407413
-0.1524522
4.89875
-0.1452042
5.277435
4.066478
4.222466
-1.950363
2.958217
2.778275
2.208086
-0.8116794
5.144515
0.02046429
5.337111
-0.6334625
5.047937
4.488732
4.867922
-1.068816
-1.114316
0.8356104
7.330149
-0.6898494
4.195857
4.066511
6.542593
5.55919
0.8732486
-1.129351
5.613269
4.279983
-0.004571975
5.654133
-0.7346599
2.341757
1.314088
-0.3998878
5.374199
5.981989
0.9032226
0.1232516
7.746256
0.55071
4.664109
5.622167
4.984485
-0.6319237
4.112322
1.652979
5.374548
3.021512
5.897421
-0.299131
5.427914
1.361835
4.111392
-0.2194315
0.8461508
-1.764014
5.172198
0.6605017
5.271824
4.104501
0.3885026
5.024636
5.818712
-0.9809854
6.314081
3.492489
7.151286
4.883337
0.7320517
6.388918
0.5510378
0.4729102
-0.4123394
-0.9207151
4.848729
-1.229366
-0.4005471
1.072281
3.202847
4.386992
-1.641934
-1.524116
0.8226279
-1.978108
4.117343
3.6022
0.85259
5.310624
-0.4661998
2.930058
3.412781
0.5747783
3.816524
4.097621
1.265687
3.178156
1.230865
0.9051599
-1.706177
6.117354
0.8730075
-1.303309
-0.4983351
-1.431315
-0.1364485
1.757106
0.08475983
3.518398
-1.101327
0.8342667
3.108627
4.034788
-0.7493246
-0.2894684
4.737747
3.593911
3.290145
5.458251
-1.285744
3.899079
5.853325
-0.8224855
4.713657
-1.136945
0.4242763
3.999545
5.70139
4.04149
-0.1309652
5.518368
1.013348
7.307024
0.9127238
3.724615
-0.7500083
5.46166
5.057393
6.056508
-0.07059128
4.399786
2.218305
6.082612
6.073337
5.060194
0.8173364
5.187248
4.594094
-1.002019
-0.5236077
6.154814
1.468656
6.765695
4.680626
6.973436
0.7774036
0.03720932
0.628807
4.33473
0.2311996
5.556715
5.655748
4.288051
0.2837154
6.188553
3.73763
4.735254
-0.5358883
-0.5622055
3.221847
1.089336
4.573984
4.39889
-0.2433509
7.50751
2.096099
3.299299
5.486107
1.666679
4.772055
5.092943
3.684956
0.1672283
-1.996337
4.844818
5.086064
1.239432
5.67489
-0.2644056
-1.034734
-2.648248
3.607332
0.619889
1.190865
0.1415195
5.359439
1.678801
4.79385
-0.6739839
-1.138194
0.6296963
0.6869289
1.319493
3.935921
4.671067
6.330897
-1.127597
-0.7596732
0.4424658
-0.1576162
3.963232
5.602385
4.536194
6.240983
1.087789
5.204231
4.401456
0.1578126
4.226082
4.660734
5.446799
-0.3000715
0.2207883
4.79582
5.203151
0.706143
4.748695
5.589558
4.395043
4.666921
5.313228
5.578941
5.813018
0.2691103
3.133147
0.08754063
5.212404
6.722361
2.454076
1.021977
6.251932
6.673284
-2.645225
-1.331057
-1.938121
0.4645811
-1.114013
-0.4422762
-0.9056689
4.533246
6.171864
6.199725
5.279975
3.731097
4.248389
2.454028
-0.4430828
-0.2274633
0.1063251
4.980352
-0.9581852
3.795041
5.08106
5.941062
7.964353
4.653203
0.3519583
-0.5024163
4.444058
-0.1098738
5.364248
-1.968201
6.093433
5.049801
-0.84407
5.411849
-0.5909783
5.832013
4.084172
6.267024
0.7447465
-0.634809
-1.135445
1.180929
4.925151
0.01904194
4.325273
0.7798744
5.222593
3.995935
4.721938
0.1829326
5.998417
4.543501
-1.413578
4.36139
6.488226
5.015202
3.747715
4.108869
4.420513
5.320792
4.716048
5.982809
4.156294
0.6547138
4.575126
-0.1379232
-0.6293265
11.4857
6.512961
-1.853282
-1.734923
5.23514
6.538853
-1.258108
1.836486
0.6816277
4.182778
1.103143
-0.2269768
-0.3722476
6.345238
-1.132137
2.785176
-0.3960683
2.193826
-0.8590994
4.960408
5.207993
5.024956
4.934655
4.369274
5.043207
1.475967
5.125004
6.185095
5.632817
6.235661
6.687602
4.002576
3.970113
0.6630837
6.040878
-0.3478177
5.464059
5.306699
-0.4988981
6.663796
-1.150526
-0.8891583
6.132875
4.748149
2.335719
3.956821
6.456187
4.237352
1.234817
0.7044667
-0.8357392
-1.235929
1.987075
4.484697
3.882877
9.435642
4.275012
-0.905188
-0.8989341
5.858775
5.426877
3.568926
5.42549
5.551405
-1.128612
-0.4812548
0.7150596
1.276202
5.605694
5.586582
9.944663
0.04404524
4.617842
-0.7393207
-1.416323
4.689032
-0.5367293
4.405515
-1.055555
5.790834
4.290413
-2.170176
4.499669
0.2877488
4.778825
-0.2350773
4.027535
5.23633
6.223068
2.938618
4.073712
-0.8831799
5.522596
5.558143
4.094965
6.022506
0.5507031
-0.1256584
3.882073
5.911111
0.2640185
5.142029
0.2927022
-2.039153
0.3415757
-0.1624061
4.094034
7.358941
0.5075145
3.74108
-0.439568
5.61138
5.693302
-0.2178214
4.364896
6.387542
5.240666
1.303458
-0.5387565
7.550704
5.104562
2.257527
0.8620383
0.3838334
-0.6806946
4.647328
3.692849
5.163127
6.3014
5.056618
4.16658
5.521697
1.995751
5.120451
2.412218
0.07367336
5.596176
5.539785
0.3685302
-0.8478584
4.359262
3.784695
2.269842
0.4799118
-1.212338
4.735006
4.653985
-1.075671
2.051557
0.2422216
-0.4466555
0.5792203
4.719991
-0.2980164
-0.9139342
4.142147
0.5296167
-0.6815365
5.333651
-0.6503215
0.2787735
3.619631
-0.01297012
-0.1805957
0.6226954
4.229279
4.325487
0.7717617
5.263208
0.6808438
8.292019
-0.1300564
-1.625031
-0.9650438
4.115324
-0.611428
5.098968
3.515623
4.370526
5.123054
-0.9543964
5.391145
9.700671
4.89512
-0.5091783
-0.2204602
3.926515
6.029817
5.148962
3.628982
3.551958
1.327377
6.907488
0.2643221
4.652325
6.024013
-0.03584527
3.561524
1.238851
-0.1941621
0.05998959
1.551339
-1.140205
3.563392
4.960953
1.463313
3.626908
5.18211
5.018737
-0.4033565
4.39127
5.989177
3.596117
0.1043801
6.722711
3.268802
-0.2170332
-2.04817
6.85775
0.4841453
4.392302
5.649412
3.607591
0.5100767
-0.5272243
5.675619
4.294038
4.236843
0.2814905
0.06352198
-1.12175
4.957808
-0.4895706
4.802749
6.355548
3.68165
4.788003
5.794908
-1.03971
4.037309
1.978333
0.863374
0.01581824
-2.995376
4.81944
-0.4070693
0.354112
4.261555
0.4748749
-0.4293146
1.088075
0.5225149
7.214246
4.106414
-1.087078
5.986404
0.4740494
7.424894
1.572083
5.589024
5.018158
5.6234
4.617626
-1.638209
0.4091992
-0.8195087
-0.2148092
3.791273
5.565895
-0.05901988
-0.6728891
0.5717298
-1.278552
-0.4064372
3.004057
0.08278449
5.61268
4.638416
0.3764023
7.396477
-0.4472166
4.555912
-0.8221785
-0.3602711
7.977105
-0.6375104
4.434074
1.051105
5.347916
4.936904
4.14859
4.642333
5.818452
6.653021
0.5739432
3.823558
4.573312
-0.1753927
6.34821
0.5691823
4.711654
5.337718
-0.5429326
5.8345
6.384146
0.5252407
-0.184689
3.551122
9.990839
5.281516
-1.349436
2.758306
4.903112
3.244466
0.110632
-0.4484357
5.594792
-0.9434749
0.8973381
5.40994
5.399611
-0.147667
5.425112
0.1511217
4.944758
7.577196
4.292717
5.042079
0.2497638
4.648517
4.784479
-0.8903456
-2.173828
4.837489
2.237632
4.5939
6.629283
5.142025
4.008763
1.017992
0.3989982
6.737285
0.3263567
5.586324
5.442145
-0.7696373
6.421013
5.842538
3.475585
-2.721871
0.4018024
4.601743
0.2314029
-0.08226702
7.940275
6.14942
0.2420838
1.014827
1.929263
-3.092173
0.959376
4.846012
7.852478
6.188703
0.6052295
0.1260782
0.3713699
5.142528
4.252336
5.25141
-0.3666326
-0.807095
0.4609883
4.90248
6.419499
1.193047
-2.183261
6.03406
-0.1323702
-1.554334
-0.3284478
4.800088
-1.21818
5.874779
3.381513
0.5304827
0.1046077
4.458138
-1.714116
0.6707543
4.958058
0.8256764
4.252409
1.558482
-0.5850176
5.368358
9.880524
4.116632
0.1834295
4.341478
-0.8010668
4.396476
4.044772
5.113475
5.618791
0.0330113
3.712356
3.777449
6.783508
6.736749
0.07570755
6.290426
0.6741226
3.607056
0.9307738
-0.9531898
5.215284
3.332743
4.283343
5.296616
4.668114
4.161688
4.443668
5.465403
0.783703
3.982104
4.214003
5.382404
5.578475
5.801903
10.01029
3.910685
5.636379
5.325254
1.448882
2.098941
4.574984
0.4070885
3.611924
3.95937
-0.6048342
3.20328
5.693335
5.606964
-0.3510825
0.03469063
6.625663
5.578264
-0.2897066
7.023834
3.876372
0.3141795
-0.1121318
1.279601
5.590352
1.528455
3.81676
-0.5367766
5.091858
0.2631012
4.926813
4.124364
1.41523
5.862154
0.9811912
7.249186
5.380875
4.168708
4.461856
1.671911
3.830599
4.500662
5.131295
-0.1214092
1.239811
5.060022
3.886317
-0.7556306
1.145472
3.917803
5.351198
-0.04313343
5.796568
3.543208
3.343529
6.050952
0.6178452
0.5579402
4.22636
3.318761
0.28305
5.926085
-0.4353266
8.905945
1.156701
1.689876
6.389731
5.439303
4.85032
-1.008293
4.0135
9.600731
5.077947
4.413721
1.042317
-0.05000932
2.99803
0.3586434
4.558637
5.997124
0.09965831
4.686508
4.878493
4.813016
-0.8491415
-0.5654426
4.705485
-0.2527593
0.01393786
-1.475728
4.813414
-2.988988
8.548353
2.753771
-1.073802
2.139081
-0.5460787
0.9990895
-0.2399075
5.243144
-1.819068
-0.3303418
0.4771169
4.423238
4.83517
4.360974
9.686495
5.322586
0.428258
4.602364
0.6685993
5.238585
10.81428
0.4858412
4.244805
1.136943
-0.3232989
5.49858
0.8609273
5.514078
0.7139809
2.808022
5.854872
4.855813
2.047877
4.077653
4.682754
5.323752
5.05433
0.1443196
4.770995
0.4612042
-1.2057
4.232499
-0.4726435
4.612919
1.12171
5.988797
4.386264
3.450635
-0.0805609
2.251268
2.910474
0.6635437
-0.04895141
6.624283
4.609695
4.825338
-1.242165
0.6465656
0.6114166
0.9505488
0.3945334
6.187609
0.3161714
2.448615
5.16025
-0.7056878
6.370885
-0.2919899
4.904496
-0.5468774
3.203736
4.496479
4.145609
0.551336
3.657703
0.7528391
3.545358
5.902325
6.195223
3.853244
3.524761
4.504292
-1.396737
2.885849
4.44095
-1.351909
5.021658
3.542876
-0.2351068
7.353272
4.998314
-0.5537683
2.953045
5.059114
1.425517
9.290648
6.365428
5.68605
0.5654113
3.147511
2.001803
-1.545797
1.07663
0.7358013
5.288168
-1.240798
-0.5717605
4.24982
3.700445
-0.6217424
-0.1764699
6.039541
0.3659475
6.005015
0.1608284
5.902681
-0.8282548
-0.4217113
-0.9634949
0.188464
1.558329
4.093176
4.579657
4.533978
1.482918
3.863056
0.8919296
4.802273
6.947404
4.392807
-1.264304
4.197953
5.511415
-0.3177464
4.53005
0.4884959
7.725856
6.39445
4.875547
0.2158275
3.439115
1.00249
6.577939
0.9168599
-1.486059
-0.06629073
-1.09139
0.6834338
5.93372
-1.022363
3.576536
5.919995
-0.02837932
4.922325
1.000584
0.08710914
4.764382
4.747326
3.770502
-0.0992331
4.696961
0.1823384
-0.3220534
3.650947
-0.4882704
-1.337146
-0.3975966
6.245417
4.158029
3.490749
-1.060163
1.231778
4.846999
-0.8509626
-0.3376026
1.47681
-0.4747769
-0.6019782
-0.6804183
-1.177398
5.928612
-0.7752641
5.208881
-1.754925
-0.3470529
4.218214
5.468855
5.650172
4.329012
-0.3050539
5.559823
4.807427
4.772161
8.12999
3.628778
-0.5272772
3.353067
0.3582194
-0.9443571
2.786696
6.275494
4.861453
-0.2613768
4.600682
-1.408598
4.787132
0.3648285
5.568347
1.234711
4.128711
4.409679
0.8847146
5.092945
4.222645
-0.006870676
0.9889031
-1.261713
7.772648
5.057572
0.3245328
-0.1635453
3.812368
1.88713
4.572298
5.787983
3.773753
-0.6377263
6.45846
0.728136
-1.049795
5.108854
0.3899781
-0.2192974
5.573387
4.397986
4.292884
4.209956
4.581024
5.120309
5.261775
5.355261
-0.3764424
-0.1401114
4.54175
1.117259
4.807445
-1.64177
6.991614
4.842298
3.090279
6.183148
5.074871
1.310672
-0.0311656
1.670086
5.025931
4.65201
5.24402
2.192241
5.352645
4.187233
0.2463092
0.07022296
0.5323828
5.634608
6.352744
4.393697
1.39579
5.23342
4.308464
2.343215
1.977148
5.912154
6.545477
6.531496
5.12195
5.609046
1.042472
3.703196
5.878094
0.1004351
-0.1278078
4.373531
-1.501514
3.650466
1.063214
8.084384
2.890059
10.03048
6.061386
6.094692
1.010382
6.566787
3.9203
5.741447
3.874605
-0.9142891
1.202613
0.680678
5.246803
5.749595
3.581768
4.569548
2.960469
5.144722
-0.2142424
-0.85402
4.781771
0.4928513
5.920849
3.490533
5.38731
3.643441
3.619753
6.158038
5.575043
4.744181
4.373462
4.841424
1.555271
3.677003
0.6155212
6.662924
2.134984
4.20594
1.586297
1.442095
4.530871
-1.200403
6.457944
5.20882
-0.7846841
4.158154
0.9186452
9.670499
3.604612
0.8792599
5.926629
3.921064
5.224976
5.06084
4.771956
-0.1500861
0.1834521
6.183813
5.711315
2.25019
-0.9961834
1.545799
0.0829707
0.2941147
4.269892
7.140966
2.820228
5.216217
0.6417813
9.273162
1.388912
2.28712
3.109426
6.521799
3.616943
0.2395936
5.826394
5.886297
2.332651
6.359397
-0.1724404
-0.2119
-1.26663
0.009209577
-1.296025
6.671602
-0.6792215
5.477388
8.164325
5.860529
6.237846
6.012963
-0.5905692
1.010616
0.4068759
7.356911
6.113411
3.382522
1.591943
6.067984
4.270034
1.416366
-1.034283
4.370469
-0.7982902
4.867688
-0.1302364
5.051224
1.076208
-1.430172
1.808243
4.941725
5.082654
5.713239
-0.4077126
0.006239862
0.2372002
-1.240055
0.6473236
0.7764747
4.199759
-0.3149401
5.061779
-0.8330698
3.025829
10.06745
5.477879
6.259234
7.058898
4.825821
5.189798
5.330395
4.139007
6.27123
-1.204228
5.276421
5.300206
1.864235
4.98518
6.573095
5.401883
5.923914
5.145369
3.98216
-0.8919861
4.751111
4.974202
6.260828
3.235244
0.2965256
3.761803
4.976303
5.01262
4.539382
5.837702
6.050585
3.523606
4.365945
3.310844
5.903644
3.445636
7.109206
5.627918
3.251418
5.140288
3.204863
4.858607
2.88344
9.636021
0.7843007
4.774059
-1.103523
0.9494383
6.073237
6.066075
0.2309815
2.088874
1.333889
4.449828
5.213226
5.225166
5.974223
6.005989
1.542888
5.121538
3.912076
0.1196651
4.841267
5.977989
0.8312138
5.051038
0.3012733
7.672985
4.594643
3.165107
0.4197288
5.686406
4.032574
-1.360527
4.274333
-1.135203
5.097946
1.058029
-0.4801245
5.294092
6.726944
-0.5121576
5.675614
5.869929
-0.6916369
0.002794355
0.2067958
-0.4543797
3.130013
0.8521585
-0.4022344
4.865828
6.989848
9.337219
7.786245
-0.2895161
6.239954
5.568706
3.854354
1.518519
7.130119
0.8309415
1.030565
4.393055
-0.06027912
5.539409
4.47152
-0.1038165
-0.7263724
-0.6298574
5.592382
-1.972071
-0.001107245
6.393837
3.841638
-0.4740608
-0.3950244
4.955431
-1.501737
-0.8338906
0.1966852
0.7186702
-1.163468
0.4558271
1.555989
4.765197
3.702202
0.3940349
1.844205
-1.212762
-1.994412
3.093341
-1.235698
5.482841
1.96725
6.032708
1.241614
5.449346
-0.9636577
0.8682154
-0.9569682
4.925036
2.344242
0.386943
5.091352
5.385016
-1.606757
5.538715
6.083133
0.6001853
-0.04949676
1.386547
0.5379723
-1.116229
-0.5862583
5.642949
0.4160843
-0.474445
3.605574
7.02073
5.073223
4.56699
3.978932
4.464585
5.038197
2.195196
5.22981
0.5048998
4.361832
1.239123
3.313278
3.382702
1.235032
-2.362664
6.449416
4.729172
7.746812
-0.5668904
0.2572319
1.380992
0.7221627
-0.7970238
5.123499
5.928101
3.887713
4.686955
8.674439
0.3549472
4.708872
5.913143
-1.170851
0.3784953
5.423684
4.856989
4.480248
-0.4461332
-0.08817051
5.271567
-0.05435842
4.799588
6.091082
0.6006341
6.284175
-1.01226
4.030731
6.809635
8.074894
-0.8308827
3.32767
4.925038
4.877506
-0.176522
3.988339
-0.8399913
4.817497
6.094525
1.079055
5.871845
-0.9182835
-0.2923144
-1.003834
5.489936
5.230736
4.0264
4.183535
-1.190265
-0.4807212
1.07351
3.067402
4.447831
1.37385
4.865652
6.165618
-1.414664
4.699996
5.803106
5.420824
4.773162
0.1422709
4.86474
4.764632
5.800081
0.3121501
3.093285
-0.5842867
3.233205
-1.483895
4.741627
3.748113
-1.126536
6.077887
4.822118
4.039725
4.078691
-0.3845861
6.263815
-0.8712217
0.9643918
-0.6835025
7.795676
1.031225
4.707738
-0.8865275
5.401625
-1.758284
0.07919553
5.095892
-1.363415
5.450455
-0.5851569
0.5252976
1.464684
6.272754
-1.351871
5.883331
1.41726
0.01900893
2.70047
5.425797
5.344493
0.8673336
5.03052
4.179467
1.841953
-0.6281795
-1.387559
-0.5882512
-0.6757277
3.636831
1.284686
6.211749
-0.5710865
5.310182
0.7957958
0.1661573
0.6694942
4.603758
4.811853
-0.4939427
4.588072
4.870394
4.333343
0.6913034
-0.964291
-1.38378
4.97208
2.620352
5.258898
5.724903
-0.3255339
5.07825
4.938478
4.910442
-0.1738075
3.547325
6.392264
4.052676
5.456102
4.637588
5.053206
4.174799
1.246546
0.2202379
-2.253397
4.04482
-1.042127
4.260366
-1.005684
-1.923708
3.370552
3.068627
5.02594
5.993021
-0.08284169
0.3861251
4.888353
-0.2055831
5.271738
4.691098
6.513731
-1.997028
4.960187
5.794453
5.697622
7.050441
4.1288
5.430781
5.936531
4.974859
5.948508
5.281726
7.504124
0.9231353
0.8273887
-1.398582
-0.3795367
-2.210306
4.057993
3.171834
5.897217
3.837133
4.644019
0.3350244
4.196266
3.860953
7.141827
3.5562
5.772923
0.2660774
2.759633
4.507094
-0.1879825
3.647259
4.399888
5.898215
0.9768917
-1.372231
5.261085
-1.291051
3.852906
4.729834
-1.315572
-0.6449165
5.225876
1.120192
0.653718
0.4034235
4.065311
5.275391
6.512341
4.402854
0.5242491
3.454568
0.6810918
-0.6002938
0.7925083
0.2120622
-0.09482979
0.9600945
3.835662
0.04768812
5.047185
7.503306
-0.6421889
1.645669
-0.135917
5.574781
-0.629002
2.24739
0.1740869
5.508565
7.141752
0.6726538
-0.6621512
7.251024
2.005764
0.9933037
4.850359
5.96377
5.431874
0.6909216
1.900632
4.790224
5.145395
7.936322
3.525999
4.644323
0.5379075
-0.0001599548
2.91267
5.218153
5.128547
0.1783762
5.337199
4.036139
2.590606
-0.04204504
3.728839
4.853368
-0.004105587
-0.5598376
8.416348
3.468427
6.319737
7.86705
4.465033
5.589455
6.123992
6.382038
-1.861737
4.402573
5.130116
4.82834
6.196693
5.154364
4.202281
2.871315
-0.4893006
0.7956626
4.907477
5.497592
4.98835
4.568278
5.424122
5.697815
0.5897144
4.390681
4.257225
4.194336
-0.8649733
4.826972
5.443223
5.040248
-1.04655
5.323076
-0.617241
3.839274
-0.5045257
3.93272
3.863063
5.725661
5.716448
4.873585
5.437575
11.22271
4.827891
1.207934
-0.2734533
-0.4101891
4.5783
1.364912
4.949631
-0.2947966
3.013872
5.050749
5.88554
7.656409
6.28328
-0.6176169
5.244685
5.243453
5.71822
1.36379
5.515979
5.582989
-0.8914238
4.926706
5.060997
4.652869
0.11853
6.816047
5.930068
4.687553
2.937772
5.47705
3.781785
4.962762
4.654367
5.409618
0.6398989
-0.4375641
3.157026
0.5712764
9.939116
3.589026
5.641752
1.138167
5.061847
-0.0311201
-0.09102437
6.049217
1.10677
5.422424
4.733052
1.182905
4.372266
5.607361
4.758069
-0.4517131
0.885261
-0.432786
3.554584
0.09720075
-0.9010468
7.142148
1.527979
0.9485159
-0.477249
4.277851
5.575598
5.060403
4.939084
5.023616
4.969206
8.509009
3.067205
5.642597
-1.028579
5.421216
5.689002
4.622482
-0.6512976
1.607478
1.774473
-0.2527074
1.005545
-0.4509898
4.43744
5.996278
3.849932
11.672
3.342525
3.652797
5.494916
-1.404974
-0.9914155
3.479667
5.602854
2.237876
6.637449
4.797349
4.606994
5.522913
3.7176
3.94117
1.562358
4.00218
-0.5886021
-0.217645
4.785761
6.162819
4.8146
6.235228
10.94655
4.577763
4.858339
-0.5658168
-0.8147212
8.525667
5.729741
5.432834
7.058573
5.82543
-0.2927292
4.907059
2.682334
5.39881
-1.301704
-0.2062108
6.795731
0.3583584
1.243816
4.6721
1.949691
0.08812529
4.920362
1.435224
5.059338
-1.116748
6.424882
-0.3535449
-0.6990799
4.960411
5.197513
4.882301
5.758213
4.555708
3.838081
5.186211
4.171493
3.963308
6.202857
3.71337
3.567132
3.426158
4.041663
-1.223651
-0.368807
5.215219
2.32675
0.2085606
5.053537
3.570825
0.9973128
4.623483
5.192826
5.116333
4.171086
4.038309
5.706144
5.725579
4.681206
-0.6253129
-0.2650326
4.534612
5.450588
-0.2612356
8.950603
6.756234
5.778566
5.19098
4.030734
5.158791
2.529107
2.059584
-0.4246242
0.4078631
-0.6425
4.201926
4.772086
5.151513
-1.280174
-0.4365941
6.159808
4.710699
4.324487
1.015487
2.479373
-1.414894
-0.7547951
5.882831
5.165855
5.103105
4.670408
4.90215
3.44292
-0.8011297
0.2583436
5.026732
-2.704156
5.598249
-0.4811444
0.5139558
4.658874
2.357764
3.889205
0.5644492
3.737958
3.051338
3.523299
0.2699881
1.394056
4.970074
-0.7035238
4.242255
5.731341
5.638429
4.763104
-0.8728105
0.09197888
-0.358517
4.729877
6.715854
0.7420648
4.718379
0.1900034
-0.7451474
0.3217191
5.399121
5.849823
3.792588
0.05893939
9.908093
4.414885
5.668586
-0.3235882
1.251932
5.016278
5.328574
0.2671366
0.1179566
4.580121
4.13019
1.358083
1.19939
4.649775
4.638948
0.4097694
0.4293621
3.838674
3.039006
4.284764
5.648962
1.068176
4.404224
0.1411669
0.3161598
5.938312
5.86626
5.235922
0.7166357
-0.6200669
-0.5859577
0.4367969
-0.5634889
5.445226
9.029475
1.189917
4.38855
-0.8128179
0.1081667
2.84074
5.353071
-1.87423
6.939875
-1.503972
4.01942
2.401362
0.9467014
-0.5981259
3.661772
5.595057
6.234015
8.872266
4.927449
-1.55657
4.495011
5.282389
4.637767
6.380079
5.456962
5.825981
5.743359
5.622538
5.956691
5.92269
-0.608495
0.09342088
-0.9952312
1.307128
4.556797
0.9398906
4.950567
-0.3083144
-0.8510375
0.0041807
2.763121
0.8954356
0.1839819
6.14489
-0.6815767
-0.676449
4.759447
-1.135541
0.2072162
-1.479731
0.2207914
0.2052327
4.76802
-0.8173356
4.460153
5.194331
3.793511
5.41545
7.601216
4.024216
5.187363
5.843209
3.460685
3.431785
6.450548
6.600505
-0.7039776
4.678599
0.3275199
5.791785
0.2078088
-1.682183
0.5948984
-0.08465248
5.536332
5.046311
6.690525
5.183631
-0.2167036
3.915613
5.382796
2.156002
0.2764641
4.453
6.046254
4.141032
5.937713
4.802863
-0.2957699
-0.3782766
0.3159794
4.831366
0.3917401
-0.5272303
-0.7432496
3.986635
1.494617
4.722677
-0.8796683
3.243306
4.760708
5.741737
0.04502646
4.429973
-0.2245302
0.8138891
0.5402646
-0.5118603
0.6818318
1.31637
-0.05744391
5.449475
5.227488
0.7104152
0.03080848
2.276465
4.444344
4.505932
4.607528
0.9304544
3.661488
2.77956
-1.288628
5.13841
3.933064
0.135253
-2.039193
6.815742
5.961651
-1.044511
3.258493
4.533297
-0.2870216
0.01481076
0.3744305
5.154191
4.680456
5.1898
6.429644
-0.4701921
5.330265
0.2164627
5.105158
-0.03873576
-1.624039
5.466883
-2.069085
5.219672
5.027317
0.8932908
7.47985
8.275726
0.6815251
6.591177
0.7404978
10.6009
4.679368
-1.512856
0.9693241
0.555207
3.561606
4.479766
1.109406
0.548513
4.661077
4.143113
5.681786
7.172025
4.186846
0.4445071
0.3113481
5.471193
0.892989
5.419845
5.09284
0.2107729
-0.4706081
3.342823
0.9683454
-0.8616968
5.996488
-0.02517027
4.70005
0.4809915
6.12915
4.673832
0.4850309
9.935307
6.529797
5.390517
-0.92477
-0.6194214
6.735435
4.660419
5.432078
4.562479
2.066523
4.397117
6.107771
-1.712495
4.036712
1.735061
-1.472601
4.749668
-0.59068
4.038036
6.014464
1.511744
0.6158579
0.07959784
-1.188965
1.31604
-0.4612941
5.989434
5.245573
4.456304
2.95672
1.459484
4.691123
2.427067
-0.3116559
3.979101
3.15507
4.808284
3.376911
3.0444
5.393327
4.304038
4.472919
1.590631
6.389601
5.608428
6.277252
-0.6042739
-0.9960004
-0.6196399
-0.7630139
4.150714
10.68071
-1.78973
5.016037
0.3760137
0.2947762
-1.391864
5.768045
4.37976
0.07683999
-0.3371959
4.221114
5.345111
0.9428317
1.937833
3.851871
-1.819846
-0.36096
-0.25196
0.6418937
5.085923
0.6547555
0.5838676
4.927688
3.948917
1.815398
-0.4463553
4.668836
0.02401734
-0.8600634
-0.8132328
6.804299
0.3016763
-0.7852812
3.908502
5.040758
4.673218
0.866009
4.136491
-0.01858351
0.4161455
-0.1922881
6.019153
2.702393
9.181685
5.8061
6.076769
-1.533508
4.18407
4.303938
6.404741
-0.665962
5.158934
5.489467
6.550922
4.466324
1.864396
10.33493
-0.4069516
3.300141
4.438251
0.01121478
5.534357
6.187437
0.06566809
4.564888
0.8634709
0.2317159
0.2844641
-0.3884226
4.476571
0.2089552
5.5025
0.9014109
2.019716
5.577927
5.772756
4.934686
-1.657047
0.4150951
4.53957
5.984243
-0.3052116
5.752413
5.770785
-0.8751615
0.131123
-2.141862
-1.893545
-1.727844
-0.1834107
0.6245353
4.958384
1.150658
-1.374676
6.733968
3.731119
-0.6007562
5.796367
5.770383
-1.574832
1.179505
4.355637
3.229502
5.025486
0.01698564
-0.7163359
4.17838
-0.6396709
4.478566
5.130401
5.294011
0.6089082
0.8323911
3.90698
5.440142
4.75202
3.818968
-0.4070015
3.06415
-1.781569
5.209774
5.371407
0.4056278
5.99118
-0.1849366
4.661154
6.94072
-1.965666
-0.5798917
6.672293
7.279236
-0.2977963
5.123513
-0.004030863
5.718417
6.473225
0.04504846
-1.022845
6.263991
0.07599671
-1.614699
0.211544
-0.9009976
5.694731
0.1811667
0.739404
-0.5813648
5.326957
5.783285
6.240183
4.261921
1.11033
2.605681
-0.5351352
1.446029
4.968175
4.43854
-2.700088
-0.8168433
6.47816
1.097891
1.046509
5.78491
5.516297
1.006137
5.070178
4.389252
5.053121
4.540682
1.093575
4.237807
0.457391
-0.5996311
4.825094
-0.1310804
5.726844
-0.7390569
0.5818739
4.513235
1.451599
-0.06115104
4.27863
5.142907
4.820984
7.462214
1.201647
6.804861
4.685047
-0.3576453
4.72119
5.043114
4.260536
6.178138
4.754222
3.938791
-0.245674
0.6603281
1.231065
4.444826
-2.525754
0.7820927
5.958205
0.7176585
5.59392
-0.2260994
6.098741
-0.3973467
5.698628
5.378541
-1.442232
0.5169279
5.617061
3.841757
5.978453
-1.117742
3.929414
5.063105
5.526027
7.363671
5.800291
3.225295
1.361585
1.347133
5.037024
4.719165
6.400478
1.068347
0.2117733
-0.4767247
0.2250047
6.741024
4.860094
5.2672
4.732499
0.258167
1.777981
4.681432
0.5085379
-0.5161469
10.0301
-0.9048081
3.658251
4.853352
-1.984606
-0.6283778
4.84011
0.6763932
-1.358288
4.711868
5.736065
1.431154
6.153539
0.06919161
5.263616
0.8478318
5.756469
5.955209
4.515076
5.616528
5.83251
4.345309
4.559774
0.8590413
0.07650601
6.234511
4.26078
4.135197
4.621577
-1.220205
6.911596
12.62182
4.695776
4.224325
-1.95173
0.283185
5.530118
6.345612
5.861281
4.690991
0.1946801
6.362846
5.408239
-0.4558849
2.938064
-1.65144
5.392996
1.810579
-0.1105382
3.795833
-1.272234
-0.4205558
-0.7566663
4.593413
4.734035
1.4707
0.1546289
-1.858013
5.377182
-2.310893
10.21899
-1.389223
5.989809
8.423324
6.508974
4.873046
1.36208
5.109349
-0.4758392
-0.203471
3.942391
5.451281
-0.6115338
1.317372
-0.09394022
4.026703
6.019468
8.187294
1.684824
4.315199
-0.002460573
-0.2419862
4.341626
-1.408845
0.6037932
1.220475
0.1855214
0.5223222
3.458967
4.810649
5.341967
5.478028
1.368527
3.373873
3.290339
4.57524
-0.5771103
4.266291
6.139511
4.115656
6.131548
1.211592
-0.006357011
-1.351829
6.182707
-0.3397392
5.261313
1.054837
-0.1417842
5.497494
5.319592
6.501691
4.507867
5.780131
4.322009
0.5457593
3.730846
4.756324
4.448967
2.838895
0.9041528
4.877678
2.40644
-0.06117408
-1.101094
4.487705
5.43243
2.773481
-0.2098838
-0.5538724
-0.9629505
4.572525
-0.2732019
5.759387
1.815202
7.334095
3.899678
-0.1455251
2.837341
0.1231292
-0.1825545
-1.866185
5.093772
-1.215203
3.911109
5.998857
1.811751
1.255489
0.4392742
3.782234
5.633385
3.52463
5.775715
4.526428
5.155776
6.493078
4.392523
0.6274335
-0.6900814
-1.072213
5.034908
4.318805
1.10129
5.260887
-0.1541912
0.3156881
-0.2769399
-0.9517274
1.155239
-1.700967
0.1455525
-0.4746378
6.155168
5.119832
0.05379485
5.185148
4.069073
5.636708
4.813676
4.875366
-1.019049
5.128455
-0.877322
0.2993106
0.9281251
-0.8062545
4.396485
0.7204459
6.350169
4.830763
5.840006
1.364204
-1.597251
4.802194
3.865544
5.205097
5.680624
7.144592
2.490301
-1.207987
-0.2358659
0.03578053
4.974127
6.090174
4.872069
4.184639
4.443264
1.2836
4.300198
0.1292023
4.939687
4.471819
5.633741
-0.5646049
5.713054
-0.9882328
0.09763201
-0.9145766
0.7562194
4.557992
2.634521
6.4432
5.575291
1.201361
-0.0858305
5.978312
5.132499
4.934953
7.909929
5.250715
5.027992
5.018638
1.365301
5.055933
1.26594
-2.335292
3.947195
3.786487
3.946568
-0.934236
6.793032
5.268176
6.393778
4.865753
2.634325
4.477055
3.833684
-0.6485867
7.026906
0.4418225
8.765085
4.259406
4.269104
-0.7649687
4.281075
11.34302
5.662389
4.687826
-0.07921163
-0.2810686
4.205328
5.092793
0.2037531
4.187534
0.27274
4.52312
0.3878374
-1.744141
4.931509
0.3707938
0.3253715
5.752195
0.2646441
6.259792
-0.4133527
5.829253
-0.2899009
6.275662
-0.9034241
4.089258
-0.1879232
6.084489
0.5198801
-0.7293105
5.09883
0.4987082
5.485853
0.08070921
5.835316
8.471676
3.932281
3.849752
3.438471
3.60745
0.3563814
2.799066
0.8904
5.933983
4.127107
0.6909496
3.713239
-1.252471
-0.3766646
1.365662
5.078091
7.236699
6.243186
4.75708
3.566613
5.466553
3.972021
0.4008503
3.640495
0.2390325
4.146113
0.1415237
-0.3480788
5.07942
2.676717
1.424132
4.273172
5.543279
3.508017
-0.6210805
-0.1861218
6.251135
5.067379
4.101017
5.547128
6.26532
1.211244
-0.06256471
7.442093
-0.2170624
5.652558
0.4228454
-2.487074
5.817312
4.861618
0.1102827
-1.539254
0.5356415
-0.5014364
4.159294
5.074697
3.928232
-0.345465
-0.7902902
5.429663
-0.7357323
1.629614
4.717155
5.043201
0.8650079
0.6541557
0.597648
0.52159
4.443862
1.279505
4.024755
0.526905
-0.6680484
0.6481562
0.1708594
3.916447
9.307125
1.153205
5.164885
5.557327
1.127458
6.16299
4.195155
0.6563541
5.049314
5.823371
0.6435471
0.5077979
-0.3739883
1.996584
6.260089
-0.2054146
0.2348148
4.510732
3.626774
0.9762405
3.398184
0.3570972
5.555916
4.553228
0.5569773
-2.05689
-0.1934729
6.824301
1.786981
3.992139
-2.229607
1.570085
-0.205949
4.485102
9.858558
-1.154817
5.851668
5.709034
0.7301851
5.167177
4.293227
-1.095237
-0.06246111
3.228273
5.65846
4.88808
0.2415417
0.9710653
4.109618
5.378722
0.7921348
-0.7457941
0.2948122
5.849022
3.731253
6.993624
5.676487
5.220937
5.548708
1.597156
3.766229
-0.2310934
6.100509
4.701681
3.606293
5.871903
4.804311
3.606353
7.24451
4.443261
5.490068
2.203326
4.959265
4.471631
-0.8605322
0.3152321
4.681503
0.7205002
5.063062
4.929634
0.08360294
-0.7953648
5.64846
-0.4350162
4.864079
1.0706
3.227515
-0.7726883
1.290842
1.033308
3.961709
6.519673
-0.6098312
5.619724
1.352855
3.924813
0.8858367
-1.084381
6.276883
-2.237314
-0.6218413
4.441629
3.724824
4.688756
-0.4439321
5.50406
-0.5404685
10.13861
0.7112539
4.893776
0.270729
-0.01330341
5.486412
5.340304
4.286502
-3.389103
3.812747
-0.5426466
2.218878
4.107831
0.4457449
0.8342172
9.139162
-1.075041
5.488077
-1.069255
4.836973
5.723057
1.099892
4.173191
5.085635
-0.5543749
4.784428
0.526885
4.900658
5.183707
5.21934
5.146009
6.689636
-0.1853865
3.439807
3.847339
4.14982
-1.166184
4.460013
-1.285777
0.9591586
2.672412
6.442598
2.401894
-1.69185
0.13935
5.644224
-0.05209848
6.172363
9.203085
-0.881592
0.2036515
6.099418
4.116234
0.2716701
0.1481431
0.3032942
0.71617
-1.101605
3.844003
3.431433
5.427106
-0.8767191
5.848848
0.2543491
7.074648
6.491615
4.799976
-2.086502
4.007494
5.83243
6.305021
-1.36821
5.501038
-0.628373
-0.5307186
0.2562762
5.881899
5.808788
-0.6665307
5.348112
1.014448
2.823706
4.693323
5.64066
-1.611154
0.4798414
7.125976
3.723895
-0.5662535
5.338882
1.132703
6.158096
4.592778
5.178997
0.7241945
-0.4065582
0.3533914
-0.2727924
5.831342
4.440973
6.376975
0.08742018
5.564387
-0.3862965
3.885005
5.626681
0.2194203
4.636193
-0.5999781
5.42073
5.23238
5.668562
4.253883
5.924619
5.326324
-0.5473496
5.734431
1.158844
11.06407
3.05883
4.814991
-1.134489
-0.5570931
0.356103
4.563854
3.511525
4.043903
-1.601459
3.63738
8.540252
4.492754
-0.9856403
1.651595
4.405785
0.9671088
2.662447
0.4909652
5.764043
5.132777
4.900769
4.931858
4.423367
6.275939
4.66711
-1.872173
0.4150453
-3.159779
5.559173
5.093376
3.423002
4.735562
5.788381
4.344936
3.863026
10.22328
5.665572
4.279493
4.296916
-0.343637
1.060733
5.264664
4.215372
-2.392089
4.197319
5.501275
-0.1405142
4.609637
-0.3308001
5.238221
5.832154
-0.9185864
6.06909
5.882028
7.225166
1.211081
5.758123
5.157334
5.781927
-1.805592
3.836806
0.05894457
5.893496
0.9076574
4.979732
4.17206
4.534578
5.911796
7.18101
0.09754038
5.231776
-1.095637
6.486306
4.754826
4.898683
4.242529
0.744531
-0.6749518
6.024791
-0.9654759
0.3355664
6.059609
0.7328169
-0.560671
-1.524524
4.429966
4.351002
0.5129774
4.072057
3.246742
-0.9476109
5.148025
5.671201
-0.8405514
6.509531
3.512589
5.343243
5.678895
6.305586
6.311353
-0.02788486
-0.2769062
0.546251
-0.3012892
4.643132
4.734515
4.668941
4.870457
6.650671
5.822267
-0.75334
5.606554
4.825521
4.641478
4.431527
5.305169
-0.6981424
4.214211
4.770395
-0.3981759
0.3040173
5.045807
-0.6089496
4.289732
5.874633
-1.507878
2.951853
0.9449923
7.87401
0.3050137
5.360785
4.043225
4.565958
4.227219
0.2051585
4.815925
5.501522
-0.2289325
4.650199
0.3640606
-1.834442
5.017381
4.305081
1.564167
-1.082671
7.059789
2.750326
0.118863
1.768754
7.48076
-0.3745309
3.863533
-0.8689918
-0.6153194
-0.573952
6.189966
5.48998
4.25949
4.717604
-0.7155995
-1.051486
4.545555
2.366236
3.982758
0.5279938
4.703125
0.2134485
0.929805
6.271671
4.705885
7.404342
2.248109
4.66466
4.669441
-0.4939403
6.245676
-0.03796287
3.994115
1.899626
-0.2672165
-1.52381
-0.1823824
4.074766
3.107908
0.2863527
0.07876963
3.968714
1.559368
-0.6783901
5.026793
0.8057452
6.333864
0.2787161
8.586488
5.135323
0.1299676
5.875378
3.768274
2.558214
-0.2451077
-0.1687288
0.2952956
6.180656
6.614763
1.395952
3.34387
5.996353
5.333504
5.007178
2.014683
5.473047
9.437893
4.934547
4.831075
5.743347
-1.246266
4.48157
4.505037
4.741552
5.008857
5.839054
-0.2226646
1.802819
-0.05251246
3.957338
3.882346
4.636653
2.2091
-0.09281654
5.493694
4.146732
4.519233
0.8630722
5.021941
2.729311
4.675609
7.82902
4.27765
6.037299
1.755269
0.5366654
-0.1163916
0.1004848
4.670996
0.04832451
-0.1753333
0.1996475
6.290747
4.402011
5.717004
-0.0126524
5.451756
-0.8007215
4.165107
0.3668589
5.854286
6.973949
3.530793
0.7967278
0.1440244
4.21465
5.394066
-0.6764157
5.227152
5.071982
-1.196118
-1.822114
5.396964
-0.1565203
0.5918135
3.055114
7.066983
5.935434
5.644401
5.003062
5.276447
1.567294
3.615268
1.420746
-0.4031758
4.155089
5.476988
5.905312
-0.03564444
6.794909
5.097461
2.154916
0.2121327
5.709184
2.356908
1.262833
5.289613
7.141136
6.200005
-1.313279
0.9655267
6.311418
1.491346
10.50941
6.020733
0.5433747
5.794563
-0.779564
4.923816
4.311637
5.170289
-0.285413
-1.58664
3.454559
6.584445
0.4091678
1.100463
0.9688322
-2.328522
-1.384154
4.928638
0.1065754
7.968699
5.449184
-1.072719
1.612998
-0.0296117
-1.132198
5.549265
4.115513
4.708832
-0.3803717
0.8711339
-0.04059027
-1.12364
3.549406
5.557532
0.04057588
1.355687
0.3927321
5.157986
4.383843
4.214669
3.318023
3.724939
7.102484
-2.982378
3.724302
5.198713
4.898693
1.619376
7.4109
4.189548
1.503132
4.848044
5.009269
6.310715
4.697961
1.956171
5.335058
4.491719
5.251049
-1.759547
-0.4456439
0.6517361
0.1271149
-0.6250981
-0.1723444
-0.2445077
4.403242
0.5652756
-0.5969414
5.301399
-0.6763201
1.577927
4.798161
8.331701
-0.4584395
4.145502
-0.8349645
5.133612
6.642641
3.211992
-0.4228369
1.522211
2.927829
0.4847761
5.317112
4.327154
4.654819
-1.761507
3.831045
-1.599148
4.493136
4.955521
6.193739
0.9939749
5.432059
5.374953
1.763123
-0.2615083
0.1608313
6.006765
4.08099
5.203744
-0.2952878
0.2919577
-0.7288906
-1.057413
4.992158
6.474457
3.400925
4.286117
0.6434028
-0.5562298
-1.09099
-0.2835972
0.1913847
6.157308
-0.323029
-0.8907764
-1.710496
3.398971
5.676123
1.212581
-0.8413568
1.602428
2.351071
5.982522
0.7347898
6.14902
4.649109
5.765587
5.80624
-0.1169381
-0.7681291
8.260331
6.108488
4.729425
4.99066
4.453114
-1.698898
5.583769
1.119123
0.523849
4.316393
0.6657881
0.4391024
4.948602
4.821764
6.634812
-1.469464
5.601283
5.408296
6.010936
6.521274
7.378257
4.719744
5.288165
4.84122
3.190632
4.045573
0.4085792
1.501442
3.72551
4.621869
1.254262
5.01682
5.176276
-0.396448
5.813711
7.51768
4.187602
0.1297464
4.867411
4.744957
5.44943
-1.063513
-0.2296843
5.643825
-0.116016
5.073412
1.461847
-2.608234
4.232624
-0.1766969
5.741386
0.03757177
3.056871
-0.0596795
-2.692269
-6.992756
6.378928
-0.4403009
5.497444
4.446635
4.322015
4.100056
4.623233
-1.166702
3.984548
1.340375
-0.8695336
4.78385
2.694551
6.292848
3.872748
5.047128
4.626697
5.949531
4.823985
10.09388
0.1505562
5.200976
9.778843
5.514325
3.951125
7.501263
0.1304596
0.556279
1.331768
6.197701
0.7909623
4.171349
0.2563352
6.466572
6.719301
5.646279
2.0836
5.028201
4.000514
0.0001885819
4.240024
7.830509
8.072552
-1.386291
5.470118
1.667593
-0.243306
6.009349
4.931146
5.852093
5.329677
-1.661564
4.446345
4.996295
5.122395
-1.349928
-2.072247
3.860309
0.3845723
4.511746
4.777347
-1.819782
3.81293
1.072636
-0.3609202
1.945483
-0.6788208
4.358258
1.510631
-1.282601
4.96214
4.387122
3.961342
3.458117
4.68581
2.831309
0.2864073
0.3546828
6.646974
5.070202
6.659973
0.6114978
-0.1828913
7.688286
4.238186
-1.031481
-0.3362008
4.269905
1.657963
4.579732
5.303682
3.01835
1.995001
5.319695
0.1955497
4.580222
4.803227
-2.031471
2.569553
-0.4362432
6.314526
3.748196
2.053125
-1.703647
0.9751096
1.155818
5.394868
-0.0189126
-2.218224
5.932414
-0.04712339
1.169923
5.193709
6.25626
4.239687
2.528265
4.619355
-1.308276
4.47174
4.502808
4.651456
0.08514659
-0.05751704
0.6839816
4.169181
2.043706
-0.4826808
5.262168
-0.3531417
1.104394
5.518007
-0.6429398
4.043146
5.189431
-0.8113214
-0.7946834
-0.9360582
6.600245
1.345344
1.085132
0.6097778
0.1223047
6.222057
4.953384
5.448652
0.493203
4.636782
7.468482
0.2821791
2.769077
-0.5905076
-0.4572379
0.2658176
5.920663
4.955442
0.6576037
1.399917
10.71364
3.692862
-1.143363
3.410949
5.957474
-1.045079
4.77999
-0.3547459
-1.193993
4.301487
6.213098
-1.466866
4.590987
0.6122268
4.036879
0.07970489
4.603001
0.2179195
-0.6767543
-0.5590294
4.29882
3.625783
6.491629
6.428656
4.170424
5.881912
4.482481
0.7519023
-1.422138
5.092057
6.911029
5.277284
-0.8135662
3.475662
4.490904
-0.603265
7.016396
7.645958
-0.1513092
1.272209
4.389536
7.418748
1.386887
5.792807
6.181574
1.34343
5.603023
6.534547
3.471722
5.697903
-0.9544049
5.21437
2.937956
4.562097
6.015179
5.926415
0.7853082
0.1374568
5.655922
3.900168
4.571233
4.322264
3.429537
-1.47347
0.209489
0.2940234
3.770941
-0.1731518
13.01499
1.116749
4.52975
5.02814
-1.224745
4.897408
-0.2117324
-2.00922
6.17215
0.3658913
5.386442
-0.8919792
0.2589245
6.919305
6.136351
4.901544
6.340835
4.409129
-1.60807
5.440559
5.769086
-0.1153095
5.218472
5.440873
0.3594871
1.361237
3.442931
0.9423138
-0.01665585
4.648978
5.456242
-0.7861169
6.600855
0.8859815
-0.06515301
-0.8589289
5.672156
3.256492
4.506992
3.681634
4.227361
3.470251
-0.3143433
1.110372
5.155627
1.001065
-0.6590999
1.590432
0.1475446
5.587324
5.858435
-0.5946284
5.475651
6.121941
0.4644211
-2.53848
3.841649
5.400807
7.978403
6.175183
1.016849
6.39367
5.107806
-0.6276007
4.172233
5.087103
8.321998
4.774394
5.672778
4.564866
5.53588
-0.07149529
-0.3217469
7.090362
-0.4821073
6.453123
-0.1575488
5.594588
0.8381609
5.309321
4.087299
6.413815
1.167398
5.0636
6.015585
4.998158
-1.181476
4.666749
-0.5534831
-1.03101
-2.599794
-0.3183192
6.820304
-0.1711756
5.46229
0.475565
3.210029
2.886457
4.580236
6.049341
1.480928
4.70557
11.27658
1.667956
4.955453
5.44013
5.099985
5.011306
1.814404
0.8862582
0.225649
0.113094
5.265697
