0.4379221
1.609759
4.76474
6.27857
4.263483
4.924941
0.01154797
6.147348
3.706301
3.603849
1.036589
4.658299
4.303739
0.5897956
1.115715
5.593812
5.963358
-1.308686
4.748421
5.663363
-0.6068466
1.173843
4.451249
-1.513681
5.902272
5.792166
-0.1381303
6.676971
-1.391425
4.34689
4.859354
-0.4571689
5.790192
4.806648
5.392298
5.400188
1.192767
4.36954
5.035141
0.02147565
-0.6834413
7.282932
-1.591187
4.372812
4.87363
0.6313646
0.1668733
-0.08858391
4.409365
6.463685
1.890968
5.836053
5.59398
4.61201
6.107468
-0.857504
0.09544629
-0.06509787
3.224699
5.828407
5.579044
3.053722
6.208519
4.592825
0.02957138
1.239738
2.846099
5.828472
6.760022
-0.1475257
6.215949
-0.392894
5.538333
5.247081
-0.714285
0.8772555
3.572605
5.317073
-0.5151025
5.734834
5.275296
-0.6207377
-0.7922733
5.270516
4.92975
3.503515
5.111342
-0.4550359
6.73604
5.76669
3.268456
5.506354
4.336228
5.404855
-1.304593
-0.3574122
5.863519
0.5251809
4.450652
0.4789743
0.5687248
4.095254
1.476948
4.519063
6.935885
6.275351
5.359561
5.802192
4.002132
8.167868
-1.098989
6.14752
0.1048801
1.157802
3.2225
5.015578
-0.5806311
0.03842015
5.531621
4.472523
-0.1145007
0.4902241
0.0253102
-0.2228403
-0.2209891
6.48122
5.498146
9.225377
5.583463
3.369953
5.16609
4.885461
0.386067
5.067521
1.493418
3.566759
4.757454
1.569276
5.8238
4.701558
5.397226
5.067661
1.238748
5.888902
-1.461025
-1.477746
7.434924
4.775647
6.568062
0.3586892
5.167144
2.890392
-1.35614
-1.69146
0.1530516
3.809861
-0.5547683
0.7957191
1.191418
-2.502536
3.855684
0.6303973
2.352264
4.655012
4.542893
5.058386
4.609447
0.8637243
6.962085
5.314583
5.145318
4.794694
4.490043
4.172756
0.5119412
3.486419
4.059586
4.315826
1.549556
5.884713
6.617113
0.2465038
4.940244
4.99251
6.299687
2.828096
-1.929622
1.916336
0.2448039
8.348498
3.944684
6.013037
5.086932
4.982431
5.136425
-0.08906752
0.4892539
2.427321
0.4938809
-0.7443329
1.456039
6.044963
0.9385355
6.126161
5.868683
3.494443
-0.4342787
-1.284211
5.17688
-0.08564575
0.4023448
-0.2815008
0.6284961
1.182408
1.036622
3.260784
4.549129
-0.2797913
4.422966
4.654392
3.974676
2.037173
1.341706
0.005001293
6.626445
5.246229
0.3074035
-0.04381512
-0.1567159
4.813448
4.432536
5.99649
4.375451
0.5120153
6.033446
6.34453
5.90665
-0.5853473
-0.2810507
4.326206
8.794646
-1.640222
-0.1535218
-0.005616155
4.626486
-0.6065528
3.766757
6.910206
-1.789601
1.632521
