5.539024
6.30487
5.881791
3.218692
0.7881406
6.035104
0.580929
-0.7267048
0.03776714
5.089761
5.949993
1.302543
3.596705
5.768179
4.147594
-0.1827567
5.666209
5.079983
4.961358
0.119161
-0.6881659
-1.493625
-0.8836806
4.507123
3.90035
3.665948
-1.342124
4.726354
0.3940238
5.590014
4.453088
4.547672
0.3921062
5.700749
4.417529
5.586488
3.762696
-0.6457437
-0.4127206
3.716398
3.461318
4.184709
2.018436
5.998069
4.788615
1.404512
4.572753
-1.851556
0.07811992
-0.3965497
5.748314
0.3480123
6.401884
4.833739
4.486649
0.9929436
0.5173766
-1.236714
4.625888
4.931236
4.438771
4.978573
3.839618
4.167447
5.636492
4.515709
-0.05803692
3.355444
3.95525
4.804343
1.66378
6.096513
6.281123
4.997567
3.323843
5.213419
-1.090824
0.1526082
-0.9075951
1.441937
5.862755
-1.303821
-0.4467962
7.098031
6.556158
0.6945296
0.3039691
3.530342
4.684205
-0.6148969
2.563619
4.405627
-0.2722557
-1.7198
0.3163953
-0.6038812
5.511447
1.362197
5.252149
1.376079
1.142588
6.763149
5.643004
4.527979
7.57501
3.262703
-2.225075
4.873788
-1.210134
-0.6605219
6.032127
5.838669
4.259308
4.567295
4.25512
5.513539
0.4023661
5.251097
6.146313
0.6941058
4.415682
0.7181362
5.472257
1.015371
4.810223
0.6132866
0.06726994
-0.3257271
-1.608625
5.747287
-0.459397
9.26658
5.419859
-0.09960676
5.130016
4.724441
5.519783
0.164714
5.628084
5.3268
5.449927
4.771657
6.713567
0.1615601
4.07684
5.21738
0.771484
5.223521
-0.8646136
4.681009
7.323594
3.87182
5.921607
-0.7640059
-0.1099674
4.805136
4.965762
4.390112
5.133504
-0.8837245
1.113754
4.808278
5.706107
4.751386
5.139121
6.258622
5.477883
5.40249
6.255804
5.179658
-1.202093
5.555699
7.99667
5.835079
4.732427
3.073833
-0.9615152
-0.01808693
0.5543206
1.048507
5.625887
7.325058
3.848652
4.716389
4.23434
1.353754
5.410687
5.069335
1.735772
5.669066
4.991726
0.5583124
4.547369
5.041383
-0.51607
2.966624
-0.05644884
3.611746
4.251492
7.602469
-0.4480246
-0.7243796
5.988561
6.561911
5.888606
5.181447
5.189082
5.951313
2.362915
12.90113
7.301381
4.712903
1.646931
6.347475
3.167131
-0.43536
1.390336
0.3378379
4.454351
4.42964
-0.9211209
5.438696
5.441582
0.007670604
6.062917
-0.005643565
-1.16156
-0.4165277
0.2701803
-1.031018
-2.230104
5.640235
4.486252
2.000782
0.3230114
6.208873
4.775222
0.07495517
0.3696684
3.340327
-1.71339
9.219392
-0.2097135
7.212484
-0.1518297
0.7194664
1.478998
-0.8428558
0.3510384
0.05495264
