-1.835802
2.560047
6.923926
0.5868946
3.425929
4.713555
5.33313
3.379843
-0.525791
2.838452
0.0726331
-0.3430713
-0.240338
-0.5741327
3.950417
4.168282
-0.04691106
-0.3088922
3.137448
5.511788
-0.709475
5.449436
3.711991
5.56889
-1.374885
-0.2310728
5.569575
5.011773
1.766033
-0.34943
4.034634
5.548719
-0.2602876
0.5537331
5.517082
-0.1501923
4.984834
-0.3957502
6.018552
3.999485
-1.128401
6.711601
1.227642
0.01096454
-0.2601352
0.1599637
4.389407
6.637232
5.599231
1.894847
3.432584
4.937178
0.260151
5.591088
1.012342
5.082761
2.640442
6.536901
4.810652
0.270219
5.370515
4.239865
2.417224
-1.572434
3.923571
3.144855
4.538787
5.999398
4.581058
5.792201
0.4331443
5.029834
6.624755
4.7652
0.3356106
1.319218
5.106639
1.254948
4.385741
-0.5148376
-0.3124427
-0.1123101
0.9235554
5.340574
2.144668
4.481865
4.078589
-1.668339
5.507495
2.399184
6.148315
2.841711
1.120596
-1.95688
5.606907
5.114388
-0.6001673
3.34412
3.461015
4.576586
5.636897
-1.342235
4.960298
5.516066
4.769633
4.667769
0.613455
0.9300438
5.534561
-1.543322
5.149735
3.904702
-0.003742339
0.2852018
8.470252
5.428516
-0.01686201
4.240291
5.955859
4.680442
5.385607
4.886994
5.532803
2.924171
4.192713
-0.5875314
-0.0269661
-0.06954992
0.1460902
-1.363909
4.942139
5.847712
5.896995
5.885109
1.861447
6.793185
4.057019
-0.1514496
8.334867
-1.133595
6.437641
0.4236618
4.174651
1.534877
4.518564
5.381765
5.452908
3.021782
1.582851
-0.001227425
4.670926
-0.06472221
6.177405
2.041942
5.831229
-0.4277596
5.973335
9.20414
1.460262
4.171254
0.2396562
-0.8660619
6.588519
4.426711
5.794924
6.238126
0.427537
-0.1688741
3.30434
5.1482
4.363303
0.3049523
-1.219471
5.440738
4.150499
-0.5606191
4.632668
5.00842
3.132883
0.3511593
0.2240658
1.07494
4.952479
5.954462
0.1657635
-0.5011957
0.02674981
0.1062477
6.249729
6.097427
7.177202
4.885309
4.010716
1.753753
6.194009
5.569906
6.156029
4.417856
5.736838
0.546255
0.9497383
5.62638
1.189458
4.252072
6.410036
5.968224
8.486549
0.2835898
4.772189
5.619531
-0.2557234
0.7304073
0.2582273
3.7834
4.590157
1.174571
1.292494
5.912009
6.373079
3.105445
6.716651
0.897305
0.7749595
6.08369
0.4123037
6.76768
3.000369
-0.7356199
3.941412
8.068132
2.394605
5.645447
7.692007
8.130229
3.023327
5.938288
-0.2929263
3.997291
-2.420737
3.31257
4.57386
0.4660321
3.192811
-0.9177017
5.379875
4.228547
-1.158139
0.2284484
4.701789
3.010583
