6.123062
4.993154
4.976826
4.565451
-0.001810547
6.14627
4.919854
-2.430848
4.609483
5.104738
5.577566
-0.4472604
-0.896641
5.075607
4.551997
3.781028
5.841836
3.794403
5.023483
4.8562
-0.06284082
-0.8337659
4.789504
4.56433
3.848217
5.500011
6.33178
11.07077
5.614694
1.065955
3.452112
4.460731
4.223179
3.798083
2.644914
-0.1884471
4.971305
3.01104
-1.280386
7.171284
4.0245
-1.332711
0.3340929
0.1411752
1.626488
-0.4537482
6.447707
-0.9666395
4.120122
6.094798
7.302967
5.056169
2.990788
5.141183
4.852783
6.433445
4.684964
5.458329
4.521669
-0.7177297
0.4255732
4.880894
5.574886
5.78462
4.931
-1.254469
-1.713511
5.714335
3.622997
0.5547911
6.922487
4.292449
-0.352745
5.773151
-1.032798
-0.976403
5.048068
5.488996
-2.174025
-0.4610643
5.645417
4.646214
2.660442
2.948987
6.178357
6.837655
-1.274208
-0.8669961
-0.6548593
6.015192
5.327948
3.47314
1.626801
3.59274
5.854893
5.709526
4.883848
6.981834
0.7452066
5.095151
-0.2112914
4.475901
2.203943
5.003584
0.7960741
-2.603814
4.849247
6.12819
1.335296
0.08392193
5.206904
-0.2029389
4.96663
-1.019944
5.32573
1.076266
6.083586
-1.252007
5.948665
6.175329
6.30812
1.463285
-0.04329141
-0.6370549
9.767581
5.147528
4.465586
3.674971
3.04131
6.109546
5.258243
-0.4838906
-0.1541
6.336133
-0.1811347
1.242195
4.81484
5.309863
3.697909
5.584371
4.069596
0.2594975
3.561149
6.083229
4.92043
0.299559
-0.1551986
-2.072564
5.780913
5.422397
6.372666
4.879781
5.759228
6.583263
5.91375
1.149677
-1.348051
3.891465
0.6931714
6.066937
5.026121
4.637531
-1.027156
5.667515
3.454729
7.707942
9.993248
5.862424
0.9598383
-0.3345182
0.9338479
4.862632
-1.111307
0.5658244
0.9698655
4.654547
-0.7365631
5.121796
6.62311
-1.01961
-0.09911972
-0.7397139
6.050664
-0.472605
-0.5738486
5.852004
2.25204
3.116218
4.469428
-0.1971375
0.1870637
7.054904
4.2078
4.264162
1.009267
5.267391
3.9616
4.2828
0.1450496
4.12901
1.541767
-0.2271177
4.436171
-1.699273
1.559516
0.4940489
0.4676454
-0.1745033
4.482288
1.020091
3.534117
0.06909439
4.556192
6.151833
4.200467
2.765394
1.251678
4.598726
4.506181
3.929049
0.9378813
4.427846
5.102512
0.07387205
0.08528379
-0.1184082
4.620214
5.400943
1.196771
4.721282
0.8075631
-0.8913823
6.410487
4.890244
4.841932
-0.5352066
3.780382
5.658366
-1.266217
3.88338
5.819637
7.260512
4.132571
0.2267715
-0.969675
3.90376
0.7502107
6.253996
3.600804
0.3653879
0.6090262
5.53821
1.438624
4.451855
4.587991
5.311056
4.453339
3.717804
0.8490722
4.736054
6.000045
7.915804
5.340457
-0.4376581
5.396729
5.837028
3.219387
0.4995745
-0.004494439
4.309561
6.909869
-0.7385688
-0.6718571
4.548014
-1.019843
0.9244064
3.761714
5.987502
0.7325985
5.033831
3.852099
4.237209
4.118186
1.536629
5.675824
-1.525651
5.69903
1.924309
-1.566675
1.050422
6.133822
4.803354
4.554744
1.200652
-0.1667041
0.7352478
4.582048
7.712395
-0.5521743
5.945848
-0.7352844
6.356321
5.688075
1.412088
4.645112
0.2730739
4.775889
5.402568
-0.1337758
0.5014057
6.443773
1.083907
0.6407851
4.55944
5.568133
6.251006
6.266563
-0.6998687
0.9187076
-0.5310165
5.194407
-0.2001945
-0.1011996
4.56013
4.390842
3.853078
-1.139094
5.213401
4.421941
4.771542
5.493681
4.104726
-2.903607
-0.8413346
4.998525
3.004242
-0.8324622
4.609614
3.664217
1.832244
4.045975
0.08939407
0.1572726
4.668724
-1.894913
3.509387
4.920424
4.3322
4.507937
6.461889
-0.5905201
1.482535
-0.7299049
4.762591
3.882906
1.277546
0.2897414
4.029077
0.2609567
0.6987183
4.895459
3.496039
2.883279
4.882292
1.653424
5.164849
5.777984
5.73881
5.191063
5.57259
0.6637874
5.405346
3.715877
6.512302
5.208162
4.600244
5.413277
7.82256
-1.886851
8.549489
-0.3087064
3.896922
2.443728
6.876857
3.46416
5.046127
4.610986
-0.4293995
6.319947
5.00896
-0.9084268
4.483109
2.32431
1.138715
4.684231
4.901572
3.656784
4.624627
0.7142541
0.7284557
0.3162527
3.127703
0.2654808
3.374969
4.202237
-0.3877071
9.681718
0.8106547
6.171307
6.044317
3.442486
0.6731163
-0.8609426
0.03263423
3.759939
4.862102
4.902714
5.912579
4.958648
-0.3280879
-0.8872321
-0.1373107
0.4546127
4.406109
5.295362
-1.008145
6.331109
0.6022592
-0.5499509
-0.2953056
2.515488
5.407129
6.94036
0.6966452
-0.5079799
2.433733
-0.9927711
-0.8200198
-0.4320016
3.777715
-0.8887772
1.909463
5.002112
-1.425485
7.675306
0.376331
-0.5304815
2.852846
4.470326
0.4062527
1.914807
-1.400411
-1.898957
3.413775
0.2953103
5.196363
4.2811
6.340656
5.220532
7.161957
-0.5958822
1.72127
3.815611
-2.149876
4.367031
2.27551
6.243048
4.278225
-0.9758756
5.123433
0.10527
4.930664
0.5088266
0.6359853
0.3722635
-1.069511
6.381188
5.431722
0.1447343
4.743647
2.931053
3.47032
5.05834
1.872351
5.241253
5.554269
-0.9593512
4.592312
1.101632
4.183736
0.1241051
6.010182
3.919463
0.5966236
5.04748
-0.4609744
0.3898363
3.507539
3.772113
3.005476
