4.466233
-0.4855313
1.137821
0.6688019
5.510175
1.087982
-0.277851
4.314091
4.29181
5.346184
3.167021
6.186563
-0.922909
4.632006
3.368183
-1.786536
5.092885
7.892433
-1.214387
5.69287
3.020582
0.1299491
-0.880997
3.743737
-0.4533262
-0.7338774
-0.3902673
4.300987
-0.4270702
5.081452
6.288
6.546189
5.434468
3.378654
6.021754
0.2011766
-0.2187556
4.658551
-0.2163585
-0.08414416
4.037963
-0.4825656
0.01631523
5.286383
0.5638867
-0.4276211
4.260216
4.455771
5.470895
-0.2783023
4.044234
2.797809
0.5491747
3.962916
-0.2909565
0.5068696
4.886275
0.7181722
4.385512
5.682678
-1.49097
4.260507
7.04909
-1.427308
12.0814
5.533587
-0.2189054
5.413677
4.705594
1.979086
6.872904
-0.4300264
0.5891023
1.804012
-0.02274676
-1.119865
-0.6693091
1.364182
-0.7435847
-1.069455
5.212214
6.391578
5.791482
6.06443
3.398957
4.553327
-1.116545
4.667883
-0.4866287
0.8599395
-1.534567
5.834793
6.057467
3.474167
-0.03856669
6.036041
-0.689175
2.401374
1.152757
6.498768
-0.9511491
6.74438
-0.8400066
1.617121
3.846579
4.152375
0.1265795
5.969281
5.662604
-0.01519039
-0.0650678
-0.3522873
7.590756
-0.1332119
4.430937
6.30553
0.1384763
3.388443
4.872386
5.211882
0.04427691
5.708504
-0.539324
4.128317
-0.2726208
5.764615
4.843482
0.3782565
-0.2677796
-0.2796935
-0.6944375
4.9617
0.1545057
4.56948
-1.153795
-0.7373303
-1.540125
5.507736
4.755384
5.861511
4.376005
0.2907615
5.465393
5.146664
-0.2088013
4.351747
5.805634
5.106083
5.410983
5.268352
-1.227863
4.301353
-0.8164778
4.17561
-0.5677172
-0.03003332
4.519815
5.246369
5.757094
-1.659367
-0.4835473
-0.4734617
0.4371241
5.579481
2.41613
-0.327794
0.05263821
1.05278
-0.7241616
4.180612
0.4936996
4.746741
5.957715
6.309354
6.140687
-0.2135116
3.048635
-1.724029
0.4775626
6.185761
-1.056811
3.957335
4.423787
0.7330613
4.732065
5.918998
4.648864
5.946645
0.7660815
0.1436717
4.711801
-0.7128415
6.537804
0.309954
4.810801
1.263033
-1.148844
-1.703254
0.2176652
4.894302
4.74282
1.461105
5.277639
-1.145196
6.704817
0.6231497
3.565784
0.6814172
1.914743
3.824261
5.125605
4.787573
-1.823906
5.337424
0.5559748
5.381203
5.124573
-1.183466
9.472123
5.270457
3.4569
2.562076
-0.8731152
0.6853943
0.6731418
7.294285
7.254532
0.8064897
-1.056476
-0.7682062
3.512413
4.6506
-1.110673
4.415588
6.104273
5.572745
5.11938
4.091807
5.616552
3.633221
-1.419466
0.09034272
0.1490771
5.43711
1.123167
4.72528
5.038773
5.364961
5.689724
-2.152506
0.5073992
1.773109
3.671839
5.564126
0.7412468
5.128104
4.369298
4.534374
5.57706
6.688906
6.301788
0.5376069
6.348049
6.850061
6.32199
4.383371
4.595367
5.627839
4.936476
1.187752
5.608291
6.657956
6.334165
5.930547
5.891407
4.936017
-2.780284
5.132583
0.09180692
4.212834
0.6766447
-0.7225005
3.330454
5.362736
5.517309
6.244
0.895376
5.409971
-2.216858
5.153374
6.794788
4.187468
3.186744
0.07265903
1.17731
4.484741
4.359981
-0.5751363
3.765283
-1.142472
5.43782
0.2903544
-0.4650668
4.878915
-2.339595
4.307482
0.364185
-1.101793
8.364578
3.081749
4.784328
8.68041
6.102072
5.89037
-0.3941009
5.122076
4.932321
6.294075
4.821476
4.249496
2.544601
4.296712
-0.02426963
5.390845
3.527987
4.94142
5.307979
0.5210398
0.556913
-0.4040997
6.571142
-1.653318
6.861274
5.278266
3.650952
-0.7672121
0.7318516
5.927643
4.789304
5.133178
-0.03356633
4.103978
4.431611
3.931637
1.936528
6.070765
9.198469
1.702427
1.258239
5.679227
4.895902
5.839823
0.05629179
3.421746
-1.579007
-1.748252
6.41299
2.030787
-1.232612
1.770364
6.165535
-0.9808279
5.572487
6.209005
3.911495
0.02506992
1.699343
-0.660665
4.181169
0.1934268
3.961162
-1.358448
7.230764
-0.9084809
8.680243
0.9773962
-1.452238
-1.274697
0.6435508
5.08484
2.96944
-1.410087
-0.6578845
1.033777
4.22825
5.306032
5.610222
6.780835
-0.1473015
3.704258
5.987391
5.335363
-0.03465204
6.079937
0.9068817
7.283761
5.046634
-0.5827643
0.4410258
3.501784
4.865479
8.396198
0.5279026
10.87178
5.469118
2.636024
4.749145
0.3356398
5.108255
-0.9805693
0.4995019
0.1968132
-0.03127506
0.8350178
-0.4541767
4.353733
3.739248
5.591366
4.442042
-0.2325962
3.267169
5.930017
6.714903
1.368164
-0.6486194
3.563887
3.688694
7.062078
-0.5703825
6.316676
6.087528
-0.4106044
-1.496478
6.725667
5.767899
-0.2492092
6.431279
5.455686
0.5841549
4.330974
4.380481
6.376942
4.748804
6.094755
5.434925
3.723361
3.914044
5.062869
4.009121
5.377464
5.506797
-0.03609392
1.949255
-0.02526354
6.820204
0.6777996
0.475831
4.997632
6.549663
4.689987
5.387266
0.3801385
4.917824
5.502128
0.8811839
6.408895
6.32866
0.9410544
4.715251
4.96776
0.104088
4.45865
4.185971
2.511223
0.008004159
4.332654
5.924141
0.05331144
4.614823
7.230254
5.925089
-0.3695353
1.005688
5.506921
8.107903
3.67704
0.1680487
5.480688
5.776162
4.039435
4.229277
-0.6073185
5.277175
5.052226
4.85158
4.543351
0.6526137
0.2012212
5.90078
4.653992
