-0.5720849
0.1425147
0.8071923
2.544079
-0.6806547
3.92618
5.194763
6.607669
5.137757
3.952127
4.810377
0.9648624
4.277133
-0.4253138
6.754214
4.438448
3.821203
-0.2316118
0.7671826
2.817776
-0.6808033
4.136489
5.379001
4.244715
1.283173
3.00707
3.867665
4.483523
0.9146549
1.137376
4.997654
-0.9488747
5.106295
6.906575
0.1551147
0.6922851
1.593357
5.031449
3.285214
10.4518
4.593209
0.4808632
4.080285
0.4393693
0.2018135
4.938007
4.107359
-0.4281897
5.385574
4.108352
6.88189
0.7834295
-1.395769
9.462262
4.893058
4.738922
4.820253
5.195043
0.1123301
3.882187
4.318692
4.165788
5.007848
5.111558
-0.9103301
5.277172
-0.5319314
6.418891
3.60706
5.072533
-0.1379326
0.6310897
4.795375
5.519508
6.627292
1.466547
0.8630192
4.01188
0.5437374
2.76345
1.958312
5.868498
0.3724404
4.009445
6.565569
3.929071
3.37294
7.04129
8.473165
5.643621
4.995299
-0.006431454
4.724539
4.575661
7.325288
4.6302
6.272282
0.3351041
-1.782758
5.401558
0.7847023
0.2640448
-0.7271763
0.5869176
7.31343
0.3141164
6.023612
0.2202927
5.997862
4.715583
1.095119
4.284048
-0.1921456
6.413038
1.446881
2.642302
0.3067577
6.54588
-2.280972
4.250783
-0.7270314
-1.00739
3.69822
5.018192
7.356514
6.151094
-1.905983
6.123339
4.934776
-1.135271
7.259556
-0.5126124
0.873755
4.896146
7.392496
-2.235863
5.120384
7.524502
6.832081
0.4379726
-0.4740838
5.326431
5.367201
3.283098
5.375042
3.855694
7.117095
0.5224347
3.708573
4.509089
-0.2534939
6.455328
5.47599
-0.4877827
0.2289622
2.627226
4.651629
4.93154
5.590334
2.104479
-0.0459826
1.142407
0.1459599
5.496644
2.593321
0.8653275
10.24816
0.1901755
6.103796
3.981893
4.841969
4.787653
6.791736
5.778168
0.9184664
5.538345
3.783114
7.516665
2.722197
-0.4921972
-0.3076184
3.789632
0.9616991
5.686683
0.6542919
5.961739
-0.6977822
6.105737
2.800745
5.540417
4.479858
0.1012786
3.177005
1.702645
0.1429323
5.302408
5.370192
0.6353089
0.1385342
5.810491
7.473095
5.387436
-0.6987604
1.086999
0.3803886
1.231751
3.926741
5.669347
3.492785
4.851653
0.3720141
4.56568
4.234548
5.356582
-0.04774189
1.599325
4.449875
7.281613
10.04478
-1.042935
-0.5760668
3.742842
3.776687
5.375607
4.661071
5.196742
3.144433
5.479277
3.697528
4.33625
2.111712
7.323979
-1.574847
5.241649
5.213707
4.363722
5.146847
1.248142
0.08667515
-1.445852
4.568204
-0.8442461
-0.1000762
-0.7136966
6.506915
4.056878
6.660685
3.413415
4.845583
2.050333
