-0.6672812
-0.083973
-0.7428257
5.748913
5.366154
0.402135
1.577799
3.796089
4.601666
-0.6147707
5.607297
0.07254398
4.924622
4.044176
4.649922
0.4096257
6.36075
-1.823392
-0.837187
5.695622
5.383748
5.193051
0.9022878
5.145613
8.997938
-0.9100998
-0.1176847
4.151237
-0.3921577
5.001737
4.942208
0.9104671
3.910366
8.643977
4.08238
-2.652866
-0.861759
7.766431
-0.6274851
0.4225616
4.973426
5.56939
1.093373
4.688514
3.919547
5.432051
0.08790591
4.900742
3.675382
-2.302591
5.688534
5.393628
-0.444124
4.155603
-0.04291582
0.2463653
5.200151
6.656265
3.688316
-0.6843083
0.5130816
4.74462
4.990281
5.189005
4.07679
10.68034
0.07866789
4.265015
3.789299
6.853338
-1.360147
0.2610719
3.317283
0.2906541
3.22379
3.588968
5.956121
9.894127
4.577518
5.135862
5.799676
3.405145
0.8729403
-0.1889737
-2.260874
4.133447
-0.4063949
6.196431
5.271352
6.307131
3.357881
-2.176991
4.533112
5.101185
4.409562
-0.1791164
7.337876
5.96664
0.09971471
6.804629
5.487997
0.2783989
6.139658
1.074404
0.2977488
3.494291
4.007284
6.051441
-0.7342954
4.382764
0.3922912
-0.3210479
6.606099
5.017035
5.561336
0.2214921
4.436511
5.250274
3.120626
5.280944
5.318736
0.2449921
4.685364
-0.5520837
4.598591
3.978287
6.49916
4.600473
6.901872
0.7792208
5.958565
4.306719
0.6482617
0.7487188
-0.1714275
1.07071
5.104677
5.636328
5.072242
3.144639
1.015375
-0.9894382
-0.4017517
-0.5672491
4.703616
5.559754
1.3752
-0.2050394
3.583181
-1.641924
4.70708
6.144437
4.142041
1.561332
5.100132
0.232709
4.265274
0.5245712
-0.3449376
-0.8095451
-0.5476853
3.724093
5.906354
4.138681
9.889471
4.83597
1.622533
4.215252
5.656317
5.422517
6.803919
4.275976
2.106234
5.730977
3.328939
4.666533
4.35399
3.187272
5.054315
0.3823277
-2.132904
1.946278
0.4250287
-2.588633
4.946021
6.383527
5.162474
5.184193
1.093747
6.002285
4.845974
6.716934
4.323428
-1.076869
5.582519
4.112465
0.7263809
3.175965
4.936963
5.577156
0.8351214
5.926085
2.564042
6.976981
0.5238215
6.95574
-0.2058624
4.660381
6.396902
0.3507257
5.231988
-0.9866127
4.110764
8.011839
-0.1789425
3.700074
0.3384362
-0.3244987
4.893743
1.506494
0.8942698
3.915449
-0.3001916
6.968594
-0.5029668
5.74294
0.6174802
6.593078
5.575523
1.826697
-1.337295
3.277742
-0.6534984
3.177876
-0.6168507
5.430822
5.695543
3.374073
3.759396
5.401806
0.5970439
4.951809
4.993922
0.1200638
7.269117
4.727093
0.6010993
1.08868
-0.3521458
3.002853
0.09913871
4.365275
6.190742
5.822797
4.415696
-0.08557805
4.734569
6.198537
0.1345094
-1.598783
-1.105551
3.042459
4.836349
-0.7381828
-0.02464288
-1.75376
7.45097
-0.6258326
3.75773
-0.2273424
4.503585
0.6366611
-0.1022615
4.48857
5.4772
0.9432108
5.257502
3.980788
1.24153
5.777784
-0.5393554
0.146066
-0.02711349
-0.1708502
7.169497
-0.2782144
0.8887132
3.619494
3.532261
4.684116
0.01115642
4.952574
4.649815
1.71515
-0.3145421
7.911888
3.779116
9.383704
-0.1055366
-0.1738123
4.238946
4.48019
0.6635588
-0.210285
5.725222
5.085423
1.090853
-0.5149489
4.694217
10.83131
0.04557949
3.797823
5.666346
-0.9131493
4.858547
1.503703
3.618605
8.339197
7.038636
0.3087574
0.3919819
4.369019
5.088688
-0.09055748
-0.8323195
4.939549
0.4986763
5.382936
3.316625
2.415425
1.608027
0.1327577
6.005375
7.831741
1.131209
3.720676
-1.0696
4.049274
2.291345
5.071447
-1.783695
-0.7885856
3.646597
4.300638
4.389272
-1.126514
4.736014
4.499704
0.4145781
7.319946
-0.6819877
-0.01294035
5.543079
-1.01295
8.934059
5.528983
0.2419682
3.535142
-0.104465
0.3383866
6.137903
-0.4845493
5.436506
5.589296
5.309174
-0.8853038
5.35774
-2.058137
-0.2116671
3.346318
-1.03286
6.317339
-0.3860845
0.629408
4.916742
-1.149641
5.251305
1.33133
0.1442917
6.05537
5.978804
4.738489
3.694515
5.65035
3.24209
-1.012922
6.013268
-1.310627
1.165908
-0.1928878
5.816621
5.007785
5.115512
5.190561
-1.129255
-1.027615
6.056162
1.57179
-0.1659673
9.367129
-0.1836985
5.847814
4.761914
4.889525
-1.500743
3.531651
5.50505
2.38557
0.4025001
-2.40814
7.181886
5.927202
5.028834
-0.9974162
1.345497
1.124271
3.826732
7.317752
4.942765
7.173288
2.129915
3.51293
1.330859
6.432738
3.957377
2.805182
-1.21579
4.546056
0.07621287
1.234975
5.538984
-0.4484258
3.929452
5.393637
-2.027885
6.122821
-1.24458
0.6970117
2.010426
-1.053605
-1.087237
-0.3191174
-0.1588987
-1.469541
3.713329
6.709456
10.37257
3.966671
5.312398
-0.3675497
4.348104
-1.655183
4.998031
4.403987
3.197594
4.92459
5.226689
5.531997
1.262303
5.118478
3.860476
10.0405
-1.085109
-1.134257
3.414785
3.098334
8.451058
5.59369
3.82898
4.588821
5.879701
4.64911
1.498558
3.241853
0.5704259
4.12496
4.775652
5.626395
3.415723
-0.2347112
5.269775
6.933534
12.4751
0.02621047
-0.5137362
0.03662861
3.056408
4.49784
0.821451
0.8222198
3.199242
0.3690886
5.233394
1.528725
5.254139
6.676237
0.06674717
4.196859
5.707319
0.9407842
