4.459328
1.683303
-0.4505563
-0.4674627
0.5796129
5.077943
2.948315
5.581547
-0.7546177
3.043181
4.827105
1.273402
1.02707
-0.3484709
-0.2753113
5.301081
3.849331
-0.07212449
6.841503
4.725648
5.674492
-0.1157764
0.8418523
4.437978
4.379215
0.9497483
4.758395
6.267771
5.894861
-1.546544
0.9773975
0.7212502
-0.7785609
6.434957
-1.016949
5.22428
5.945392
-1.212143
3.539009
-0.6497215
0.6611269
6.000511
3.653716
1.216396
0.9035726
4.912714
0.6484842
-0.4568063
5.48235
4.363334
5.831121
4.908229
6.559841
-1.312628
5.378273
7.24119
5.629248
-0.8919813
6.091606
3.32542
4.750723
1.887379
6.030292
-1.189418
-0.6965852
5.36195
6.148701
6.047913
4.655556
2.11358
0.6487354
5.660156
6.034929
3.48769
-2.074785
0.1371962
-0.1314127
-0.2268505
3.149528
5.073153
3.224176
3.929528
5.518776
6.032114
4.117154
4.562775
-1.355023
6.053871
7.797435
0.9592895
6.351682
6.638321
-1.157317
5.766605
4.990937
4.365149
4.843109
0.05012388
-0.1129229
5.428282
-0.2699332
4.806556
1.767305
-0.4038905
0.1428585
3.805375
6.961537
-2.271552
-1.345313
6.095788
4.96141
0.1081817
4.172256
5.711099
3.624342
3.169702
4.877364
3.813295
4.429028
4.320389
3.925867
0.1106853
0.5591563
0.5328675
5.039815
1.113337
0.09459445
0.4396551
4.672252
4.086129
1.03219
-0.9465121
5.695958
6.016682
-0.3032102
3.464254
4.624839
2.399659
5.583538
3.880095
0.6572597
0.2409382
1.030253
8.071746
1.39854
3.352666
3.823146
-0.3516465
1.04388
1.416348
0.1453328
-1.023871
5.462913
4.116248
-0.686077
1.4477
-0.008412623
1.084985
4.826761
4.038998
0.150324
3.810051
6.06775
-0.5398992
6.127241
6.597455
-0.1431159
5.896797
6.908708
5.863532
5.8142
-0.2787186
5.726025
-1.106063
4.292704
4.438769
5.588426
0.3627665
4.142717
6.333826
0.1293525
6.299825
3.807782
3.975382
1.272262
-1.907172
3.375093
-0.4039817
-0.560915
1.427558
4.442476
4.887189
6.791366
0.4412356
3.004947
3.632224
5.031456
-0.1875882
1.415661
-0.05727492
2.227026
9.805619
-2.583031
5.845074
4.508668
5.211152
6.215592
6.197976
-0.09349327
4.505199
1.072238
6.43549
5.229805
-1.094861
1.351259
-3.294952
4.87653
4.529851
4.964911
-0.987877
2.952245
4.269463
1.145197
9.040458
8.149622
0.4333924
3.361348
-0.4213882
-0.6985695
5.776466
3.962843
4.862295
0.3271627
4.443954
-0.4586688
1.3986
4.378509
4.535503
4.991589
4.521219
0.1117772
4.226385
5.060251
0.2845365
5.134711
0.1923666
3.608469
2.022436
4.01805
5.065038
