4.985091
-1.094434
2.92342
0.08068655
5.359998
5.631158
5.725552
1.369513
4.40989
0.1624724
7.774944
-0.651076
11.89055
4.193296
-0.01073662
4.538184
0.1691461
5.136169
0.5085748
5.247056
5.027736
4.950577
6.312735
12.11277
4.175857
3.372988
-2.73872
-0.6293366
-0.3801969
5.408693
6.901159
-2.26709
1.078098
4.753814
-0.04267045
3.188559
5.631599
2.929133
-0.5374833
5.060268
4.395097
5.787386
1.90799
5.431792
2.629497
-0.8116654
-0.3946068
5.031214
-1.15407
-1.128088
3.442117
0.6421721
4.095276
6.667373
-0.6210376
4.858166
1.384866
-0.4207395
4.478417
0.7363379
0.352356
-1.202091
6.760888
0.8960877
5.513406
-0.1428724
6.375768
6.488585
3.85628
6.614558
5.534443
-0.1973019
5.576525
4.766611
4.287789
-0.7855696
5.26839
-0.4674497
1.984855
5.329477
4.406667
5.919082
5.189679
7.469989
5.736357
2.660401
5.563662
-2.345261
4.349506
5.493074
-0.4852148
-0.2807999
3.719803
3.901795
-0.8940995
-1.819015
4.997972
1.066446
1.323308
4.467683
5.364511
5.197178
6.263979
5.361896
1.206245
1.717437
0.718761
4.90113
1.371977
6.81035
0.0250759
6.033593
6.001204
-1.830056
-0.3412168
5.353049
1.17197
-0.637779
-0.2757017
-1.219631
0.1967
5.332662
1.774895
4.189974
-0.0685532
5.590731
5.61391
4.569581
1.248307
-0.05112101
5.844594
5.026687
6.229943
5.773607
5.225482
3.996852
5.01998
6.753403
-0.07361379
5.58667
7.068725
3.702389
6.797623
0.2918822
3.035666
0.1227252
4.065779
-1.792202
5.040954
-0.003081091
4.658835
-0.3593601
-1.416881
0.15711
5.505743
0.8846227
7.488985
5.444388
3.668559
6.301563
6.333748
3.779074
7.06934
5.590436
3.260067
6.287521
0.856626
3.313318
-1.541236
5.778327
-1.497572
4.652579
-1.502356
5.353747
0.8178189
5.409553
6.547105
6.639603
4.601671
-1.026911
5.502613
5.113988
1.246197
4.491703
3.841032
5.641112
0.770506
1.980459
6.062878
1.34484
3.270942
4.120846
5.576238
4.1684
4.887518
3.898713
5.992252
0.7986156
4.351816
1.50976
0.7902094
-0.4968968
2.851774
-1.240343
0.9196442
5.806618
4.903903
4.201084
6.293157
6.200829
5.495539
5.490192
5.293495
3.409812
6.120867
-0.1465022
-0.300078
3.08698
1.161195
2.834234
1.716778
0.3036019
3.142859
4.078566
2.289266
0.5598359
6.562841
4.612211
4.941792
0.7859781
7.555807
5.599355
-0.3973929
6.08039
0.4409095
4.705016
6.781149
6.018163
5.683251
0.9326488
4.772487
8.150016
5.252222
5.112795
3.795228
0.8985995
-1.806225
3.614295
6.420274
2.846081
