0.09275424
7.550923
4.701873
0.04133449
6.694107
7.421479
3.619433
-1.365157
3.932958
1.633907
-0.7209224
0.3823703
6.112746
-1.216846
-0.01252426
6.199152
4.932979
4.922792
4.153494
6.794578
4.733252
-0.8008527
2.573032
-1.474774
0.03874667
0.7405964
3.300185
5.394158
-0.4224727
4.889484
5.187268
4.006775
0.2622262
-0.6632738
6.227464
3.919921
1.270298
-0.1221342
5.856329
-0.8810243
5.924964
3.472068
6.022583
0.646282
5.361823
3.838995
6.934424
4.511089
1.542198
0.6784623
3.654275
-0.9547105
5.880518
4.154693
5.88336
0.5828184
4.90733
-0.6613969
5.065769
2.611872
6.390078
4.50648
5.312548
0.433316
1.475007
4.467007
1.425285
5.429476
-1.200496
4.01901
0.9528297
2.10883
3.24648
6.316212
2.04474
5.214139
0.6524418
0.5327337
8.506719
6.648462
0.1813383
-0.00960216
4.304377
3.458063
4.090531
4.347974
0.1631918
4.232971
4.95742
6.265405
3.921823
-1.88043
0.01024168
0.1567236
-1.35783
6.739457
5.44191
2.126443
4.074221
0.6179491
2.899445
-0.6269745
5.271908
4.620015
7.445352
4.454466
-0.6585713
-2.880448
0.9472942
4.570585
3.412156
0.50763
4.921056
3.49256
4.3211
0.3085616
3.399086
5.110136
4.210739
2.492204
3.822756
0.5576241
0.5502733
4.520859
-0.4201144
6.748472
5.780389
5.152043
-0.5949722
4.404485
5.442416
5.270114
6.272131
-0.6631256
3.565106
-0.825818
5.770108
5.168313
3.678599
4.149903
-0.05563972
-0.811661
-1.664336
4.566376
-0.7089498
5.432428
5.501736
0.06722609
3.264343
5.376148
2.862905
3.810865
0.1370741
0.05628778
-1.78876
4.567342
4.450989
4.866229
4.355474
5.598868
5.831102
0.06118961
-0.1739412
5.6645
6.462396
5.740139
-0.8063596
5.129691
4.052536
8.284174
3.732586
7.344184
-0.1460581
6.170452
2.626316
5.778263
-0.6155667
0.6276656
-1.566756
-1.633416
0.1264248
-0.02508239
1.346426
2.263247
9.918272
0.1452677
5.656204
4.30479
5.571187
1.604894
-0.5917443
4.051861
6.391837
3.866697
0.3059845
4.833917
6.680553
-0.1573691
5.805823
4.552049
2.9392
6.427944
5.891151
1.251641
-0.1451509
3.998042
6.370352
6.107813
-0.6734458
6.318771
0.1140305
0.2658379
2.841759
-0.3702312
6.666399
-0.4048728
3.443088
6.578693
4.910005
0.1120977
8.396424
-0.4688352
0.4116919
0.3228492
8.592322
6.593121
4.504968
0.1134096
3.509918
3.737969
5.52805
6.402006
5.226662
-0.4025108
5.393825
4.906114
3.892181
4.886915
7.055074
1.35275
4.082147
5.623123
0.9813336
5.202937
5.650432
5.007125
4.079884
4.669057
1.489746
0.04664721
-0.5162509
-1.483224
0.3834821
8.51763
0.444951
0.9027111
-1.641448
5.522151
6.079724
5.457315
0.6399808
5.564101
1.994008
4.158954
4.612556
4.08919
0.4756417
5.447476
0.4047147
4.759221
4.068324
6.542787
-2.036713
6.293984
-0.2169144
4.787017
5.002867
-0.319369
-1.047006
6.849378
6.0679
3.952164
-1.518006
0.5168329
5.652533
6.668772
1.328193
5.875247
5.994005
3.378534
4.759551
-0.5176325
1.2459
4.011134
4.431161
4.635162
5.269135
3.645565
4.868001
6.08374
8.065903
3.231744
-1.126434
-1.22269
-0.9141171
0.7135122
3.588501
5.051363
6.300855
5.148721
5.895999
5.338175
4.782432
4.700791
6.234867
4.351141
4.030102
6.255848
3.077501
3.224893
4.571782
5.280992
5.606862
-1.103441
5.019753
5.079766
5.118136
4.42762
-0.6407012
3.600467
3.370204
5.223225
6.780884
5.225741
7.267269
4.404383
0.7709817
4.466074
5.598544
1.240052
-0.6577399
3.153767
0.06158394
7.688877
4.274615
6.468482
-0.8113033
2.393573
5.811515
4.750216
3.810948
5.61405
-0.315733
0.1310767
5.371237
0.4616639
6.345095
2.859976
-0.6830481
0.7561982
4.045829
3.318159
4.211614
3.950893
9.557288
5.245835
0.5537577
0.6817586
5.09757
4.774988
6.039099
0.8167048
5.857626
0.8745064
3.331025
5.120989
-0.956893
0.4735499
-0.5249666
6.392973
1.010023
-1.92182
6.526328
0.8466342
3.444224
6.22105
0.008154506
0.03948473
5.282717
3.46804
5.398116
5.879116
3.696625
11.07281
4.152294
-1.888151
3.90594
4.401146
0.1595892
5.723805
-1.198135
4.703892
-0.5103043
-1.290945
4.830991
3.501016
3.674722
0.6593778
3.047849
0.03935284
-2.15189
-0.2614684
1.777761
0.7255886
5.174485
4.844343
-2.341337
-2.043479
-1.742887
-0.2753874
6.52822
-0.07413736
-1.614341
-1.986116
5.628658
6.996888
0.3735737
5.176791
5.07347
4.913896
1.025091
4.943089
5.13802
5.601991
1.12456
-1.888608
5.83082
-0.9087936
-0.9062906
4.63296
-0.587223
0.4527946
-0.1112734
5.627529
-0.3068955
-0.9848659
8.709076
2.968617
2.808214
4.673361
5.459067
4.719308
7.337328
10.24377
-0.1694471
3.980244
0.3273166
2.943616
4.42851
3.797629
0.1373829
4.673325
6.631165
6.120231
5.673965
4.72747
4.778589
10.41036
5.278475
4.498319
5.721405
5.647722
-0.27757
7.485423
4.214973
-0.7005761
4.513669
4.985371
1.408992
4.275709
-0.3205804
5.126803
-2.358639
-0.8282463
5.394542
-0.06695452
4.943237
-1.939514
6.983053
4.279256
5.129363
5.725234
6.085658
6.11569
0.3938782
1.317611
4.725759
4.064477
5.103889
5.684348
