-0.8854246
4.473893
-0.580554
5.188763
-1.460836
-0.2118663
0.0551631
0.478239
1.313864
-0.1689539
-2.589236
-2.289298
4.386104
4.59561
0.1496492
6.262173
6.076655
0.8991796
5.842217
2.712917
-0.05922487
0.3944295
3.053735
-1.961011
5.215976
3.57081
4.828863
2.076307
5.418741
6.767509
0.3257719
8.662312
-1.22146
3.886106
4.439448
0.2562824
4.842487
0.8973355
0.2248962
0.3748008
-0.7355329
6.056801
2.929027
0.3835369
4.369621
4.995104
-0.6370769
0.3178879
0.554108
4.921424
0.5838817
4.387708
5.418014
0.3972255
4.828627
1.568331
0.06826592
-1.362762
4.135626
5.248571
6.826142
6.799788
4.700557
4.964273
5.537002
4.870065
-0.4140442
6.34587
4.493558
4.742757
3.460907
5.548064
3.987872
5.811375
1.430864
-1.077857
-1.560351
0.5413916
4.173157
0.035184
4.56371
6.385061
4.736466
0.6457702
1.892243
-1.460574
0.7106752
7.968361
4.753786
-0.1386878
5.282541
4.764862
1.017068
1.270365
0.6355264
5.145349
-1.220079
-0.638791
4.287615
0.3841227
-1.494453
-0.6534817
5.150049
-0.05669123
-0.7125679
-2.12537
-0.4938731
0.251121
7.204011
0.67844
4.952745
-0.159686
-1.978355
6.119513
-0.851286
0.1914427
4.300674
5.635232
4.440904
5.050328
5.397261
4.655333
5.163948
-1.698467
-0.4777798
3.349468
4.281896
4.462587
5.344537
0.4741196
2.79809
5.888974
0.5296576
5.563558
3.354732
0.03572043
5.053794
-0.5884766
5.437471
4.170768
3.667401
0.3735711
4.605116
0.02890634
-0.4296626
7.509869
5.816372
5.597731
5.362061
-1.67049
4.713639
-0.9477192
4.693759
-0.2458327
-1.124005
4.603579
5.365529
3.617282
0.4950427
0.3619157
-1.700999
0.007986325
4.601178
3.301156
5.260829
-1.42021
5.70645
3.695418
-1.448229
4.483792
1.430612
7.384543
4.340561
5.399401
13.54655
3.978662
5.398081
5.866398
4.681217
4.276256
4.400727
5.075034
5.083815
4.879176
4.038254
5.639728
4.089066
4.590038
8.652204
-0.4622985
-0.05457029
5.952371
4.731281
-0.5273064
6.055551
-2.153591
4.57815
3.917538
-0.3900639
2.877346
-0.0257631
6.558232
5.15422
0.7226818
-0.7417921
6.408468
0.6442307
0.3734273
3.854651
1.571208
4.02717
-1.691042
-1.321816
3.992745
5.525311
-4.871515
4.280306
-0.1570946
0.2908801
4.847876
5.080726
5.520906
6.598756
0.4960539
4.671149
-0.2923924
-0.5010995
4.321877
5.772339
5.669316
4.388498
5.785989
-1.111493
1.033562
3.109186
4.742429
0.3389391
-0.522393
5.810989
-0.007222443
0.4097664
0.04382929
0.2772266
1.378354
4.988815
0.6085231
-0.8293107
0.718552
2.390932
2.865459
4.989763
-0.2361798
8.343433
7.010823
4.610379
-1.168925
0.460056
0.1348631
1.430553
4.53167
4.165649
-0.8195597
0.2304235
2.491321
-0.2124213
5.485711
4.426538
-0.4964352
4.218315
-0.8212106
2.200447
4.985428
4.120475
0.1749462
3.974127
4.648465
-1.150934
5.767736
5.054613
3.613039
5.142391
0.2634802
1.251793
-0.02598151
5.743371
-0.308022
0.06699462
1.374277
4.816244
1.579536
5.195633
0.2226994
1.231316
3.385533
3.993385
0.1615076
5.864513
0.3014882
5.159442
5.300973
7.118005
0.7718037
-0.6733546
6.919339
5.920118
8.555432
-0.1074235
0.4827463
6.266612
6.377738
0.4147651
1.038816
4.396318
0.1313381
5.452521
-0.433936
-0.9432891
5.343969
0.3309364
3.158023
0.4850354
4.753524
6.252181
4.953413
4.689417
5.137183
5.622084
5.061043
4.938725
4.285789
9.510513
-0.3585356
5.513611
0.9284041
3.901746
5.616156
6.371738
5.543996
7.011513
4.119014
1.297355
1.636918
-0.5847256
0.1997914
-0.1417869
1.890754
0.4596476
-0.7169544
4.773542
3.569069
5.112589
0.8502503
3.606998
6.248842
4.865713
0.9475724
4.193331
0.9823916
5.568436
10.81067
4.710207
2.510205
-0.1498693
4.634803
5.578529
5.499946
-0.491817
7.611732
-1.424644
4.565879
3.405459
4.858009
5.564841
0.03618526
-0.2352446
3.905449
-0.2835913
2.445634
-1.022332
5.133789
0.3442049
4.469275
5.551502
4.259055
0.233686
7.900117
8.0025
-0.12309
5.477085
-0.03420999
4.332354
7.929381
7.292259
0.4043132
1.303724
-0.07361117
3.418043
4.532612
4.549383
4.307915
6.174077
1.15889
5.725183
2.816998
0.8707751
4.65437
5.85025
5.365257
5.035884
4.293557
2.195
1.538479
0.5722399
7.757182
0.8110107
5.328635
6.387634
6.100667
-0.4325277
0.06276529
2.761746
0.2760803
0.381097
1.379287
0.3585868
4.283648
5.246157
7.192346
4.685459
-0.2571778
6.174288
0.6434067
5.560453
5.699935
0.05604892
4.559553
-0.2007722
-0.6725583
-3.449227
1.883252
0.5372873
1.42979
-0.7568056
-0.3944709
4.112706
1.403014
-1.252597
4.70964
0.4951497
-0.3606818
1.165614
5.213068
3.475401
4.655784
4.932772
5.421164
5.564241
5.981237
-0.4707218
1.197291
4.899815
4.441181
-0.9052207
5.837938
-0.9053837
3.395451
4.983804
0.2512664
0.116357
0.07352361
4.294622
0.1349815
-1.45166
3.671689
6.333134
5.760365
0.08762589
0.2155563
0.6124307
-0.2228589
-1.133308
5.657159
-0.874865
5.732079
-0.1616147
3.108615
-1.610837
-0.6450825
-0.5412161
5.310454
5.256603
-0.6843867
3.610455
4.410961
5.119356
7.07693
6.107613
-0.9810071
5.4014
-1.250524
-0.380005
3.249366
4.687088
0.559873
0.7845488
-0.3143037
0.8690047
4.201464
4.187032
0.014723
6.534013
0.9961676
4.154615
3.601803
4.853191
3.993674
5.152959
-0.2465661
5.547414
5.72441
-2.168997
4.088223
4.712157
4.12984
0.5096296
5.871557
5.189246
4.435161
6.252274
0.07650393
4.565022
-0.3369814
0.7685954
0.04487074
-1.467879
5.332003
5.945695
0.4190279
0.2550329
0.2018559
5.311209
-0.06864101
-0.3770177
7.022876
4.455997
-0.7890485
6.776759
5.416661
-0.09630818
5.3586
6.174389
5.886812
3.692966
6.045807
4.651765
0.2941806
4.711729
4.407251
-1.413886
4.270316
3.599871
-1.332859
3.153901
-0.9959203
-2.309964
4.902354
4.959369
-0.5339962
5.593932
-0.09329897
4.959118
4.476028
0.846123
8.260897
5.010539
4.493801
3.585748
5.199239
7.032991
5.283051
4.285549
0.04916793
6.801195
-0.03811196
3.41409
0.6278805
-0.6182728
-0.6966852
0.6489832
7.342879
-1.452894
-0.9801687
4.11143
6.217801
-0.3314845
4.935081
2.038433
-0.01964203
5.737123
7.889951
6.475842
-0.3687279
-1.548593
5.683551
4.377684
-0.8075264
5.127646
5.245014
1.841052
6.035723
-0.2117769
2.991668
1.244569
0.30227
0.9268525
-1.547241
6.315424
1.190949
-1.706087
6.320596
4.369564
0.4076696
4.805743
0.8667257
3.018419
5.254773
-0.05444157
-1.384423
6.192201
-0.002663187
1.122602
5.072225
4.07898
4.383607
5.451623
6.656359
0.5553944
0.2157244
-0.6897654
0.8051048
-0.1687671
0.303374
0.9140811
4.45433
6.935856
4.868455
5.191205
-0.749539
0.6498683
4.830063
4.161026
5.14374
-0.9398272
-0.112384
-0.2177371
3.483299
0.3574308
6.636369
4.780831
5.320583
9.871951
0.1304345
4.987848
6.85302
4.038847
6.232086
1.267278
5.959359
-0.3476779
4.154841
5.507034
-1.569097
5.440941
-1.786352
-0.1177135
9.237926
5.716691
-0.7068624
5.668859
0.8293025
-0.8648528
-0.1221714
-0.6532044
0.7750734
3.956475
0.890826
0.003300785
1.451384
-0.4692056
1.130707
5.694508
4.750585
4.510097
5.325659
4.143684
-0.1266442
3.357753
4.800232
1.822206
3.221332
5.783955
10.36403
6.540081
0.3085747
4.877006
1.733732
-0.2217536
3.835371
4.648026
0.8875717
5.069707
6.10159
5.345727
0.3813034
-0.6269641
-1.161035
4.538587
-1.162396
0.2230809
3.800469
5.636834
0.5927662
0.710948
4.967083
-1.852726
1.532257
2.749207
5.038748
4.639049
4.772867
0.462516
-2.048221
4.989925
3.631911
1.428186
7.613765
6.149174
0.2582306
-0.2926868
1.125845
5.927401
5.311028
5.707077
0.362781
4.417552
8.250302
5.579303
5.013954
4.382424
3.75313
4.545384
4.742962
-0.6268297
1.496512
6.783959
6.205243
4.897429
-0.6509388
4.843457
-1.048837
0.9734562
-0.8740162
1.240457
6.057335
4.276622
-0.9942101
4.55287
4.300548
5.124875
4.032257
5.212293
3.241364
-0.1199509
6.440768
6.613659
-1.94463
-0.7902075
6.034463
2.757903
0.7744658
4.281725
0.6967385
5.142472
4.288394
5.171925
4.31568
1.205412
0.3595696
2.964413
0.3042616
-1.40161
4.054021
4.455632
5.148638
4.611454
4.500988
3.660001
2.2476
5.565877
6.055744
0.1061867
3.620891
3.241663
4.117724
1.447037
5.781582
10.3723
6.273764
2.631687
5.085265
-0.6976293
-0.6079115
0.05396566
4.712403
4.605438
4.515906
10.10584
6.503776
-0.6081923
-1.01124
0.805184
4.796138
6.341511
4.186455
5.243189
0.07565482
6.159632
0.8196086
0.09499514
0.1564062
-0.2091813
4.160826
5.393159
0.4112461
1.15834
-0.6588721
5.790488
5.29201
3.681469
0.9264617
4.340488
5.840452
3.793998
-1.056671
-1.345431
6.762601
-0.09070544
1.831129
6.379754
0.5913374
5.182285
5.721218
0.5913319
5.689109
0.4273225
-0.5748373
3.762139
1.406114
3.05434
0.4744703
5.479779
6.47471
5.511087
0.9100723
3.620714
1.886592
4.812542
6.144697
3.469641
6.925792
5.394245
3.878682
-0.5750459
0.1866724
0.1908606
4.50809
-1.189389
3.793173
-0.0183952
6.892357
-0.3241502
5.848042
4.964504
-0.4821398
6.289564
5.317922
-0.6658614
-0.951811
5.042707
4.092152
5.618477
4.335651
0.1687444
6.956246
6.024018
4.749281
4.150683
-0.1020624
-1.249909
0.7961858
0.5925917
5.930889
-0.4326326
6.080349
-0.2916009
1.151947
5.038378
5.16307
6.145496
0.1858619
4.697958
4.297297
5.676679
-0.721384
5.858793
5.977088
1.0359
3.111149
4.847379
4.030953
-0.5348198
4.219864
4.874583
4.20337
4.49179
5.607445
6.458546
-0.8592531
0.6361314
-0.01843126
5.982597
4.519793
9.712002
3.01693
-0.9828077
1.104026
4.809724
0.3798826
2.881051
5.338765
1.895575
-0.8193488
-0.873557
4.636331
-0.584784
6.532346
5.908527
-1.342833
4.26664
4.78059
4.758926
4.964988
0.009192729
3.555233
6.812296
6.243378
-0.4148044
0.5421845
4.847497
-0.6496571
4.795838
1.665176
0.1837841
6.305033
5.579507
-0.6308876
-1.923718
1.608726
5.740385
2.927427
6.263079
3.758572
-1.901503
6.027523
4.666551
6.28717
4.312444
4.557887
3.366069
3.500901
0.9820719
4.99046
4.627599
-3.312908
4.701496
1.372378
4.702864
5.862562
5.03462
5.170726
4.84037
-0.7481935
0.7938138
3.515831
5.068961
6.385857
5.419586
5.114465
3.67252
6.614572
4.234886
-0.8525868
4.640806
5.387409
5.43246
4.996517
-0.09871385
4.085
4.941608
4.894302
4.685161
0.2509764
4.417481
-1.143793
5.603368
4.470786
-0.5994082
5.658042
15.35185
4.029245
-0.1247463
3.978852
-0.6858307
5.185571
6.71046
6.630558
6.219706
0.8303685
3.916865
8.605137
5.695252
3.865342
0.6624022
-0.7498426
4.42622
-0.2034893
4.894056
5.28664
4.000754
5.670233
-0.4580151
-0.09619525
5.500161
5.17897
0.6394226
-0.8749037
3.962936
1.557491
-0.1304495
2.908337
4.122204
4.624691
5.671078
4.998819
0.595843
4.771936
-0.3482213
2.305421
4.736703
5.931903
-2.011401
5.370009
4.803159
4.958267
5.343387
0.7191821
3.664914
4.451547
4.653501
4.065125
2.982362
3.494612
0.5113644
0.6736365
0.5527062
-0.3019034
1.423789
6.123857
0.4470352
4.936544
5.166598
-0.1345139
4.630154
5.139153
-0.6690742
-1.051766
6.259142
-0.6542421
4.716319
-1.466298
0.2758613
4.396922
4.425305
5.765767
-0.4143898
-0.9676636
6.506151
5.750959
0.7491857
3.658172
-0.737646
5.745596
5.701872
5.312951
6.052827
5.380608
6.325169
0.6230672
-1.759932
5.4347
5.10619
5.006958
5.778648
5.926048
5.216801
-1.838799
5.290627
-0.3081678
2.369579
0.9754561
5.139355
-0.9936988
3.50088
4.943533
4.864404
6.001913
-0.4267894
4.451154
5.932966
4.6124
4.259757
3.129954
7.766568
0.5203141
4.756376
5.692409
0.5376898
1.06718
5.126458
0.8849541
0.3540535
3.109265
4.570338
6.77415
2.269334
1.01356
7.387473
4.3876
5.576145
0.5009481
4.996831
0.2247809
-0.742554
3.108261
4.231501
5.539088
4.760547
2.486721
-0.1864405
1.47911
4.596857
3.835776
-0.993758
4.640522
-1.39099
4.236413
-0.6719671
1.760428
-0.2498447
5.025928
6.123296
4.46475
4.679308
4.911244
5.078125
5.118689
3.669458
8.038132
6.683181
-0.3674913
0.0194873
0.7404113
-0.4562262
4.922819
3.947058
1.96644
2.904878
5.166007
-1.897183
5.890388
0.3012225
5.865531
6.369629
-1.674131
0.3222244
-0.1230817
6.631261
11.31115
1.059452
-1.391336
4.818121
-1.383408
6.04353
5.284522
4.507318
0.5531659
6.09996
4.446899
1.159486
0.1112731
0.2441844
1.220921
-0.8837538
1.222834
3.418216
4.660913
4.161875
6.532578
5.765706
5.113608
6.13803
1.228324
-1.864348
1.481259
1.409077
5.138121
6.711435
5.686711
5.880312
5.437343
0.2738919
5.40109
-0.1387469
3.883204
2.026378
5.39348
-0.08271112
5.023381
0.887103
6.384611
-0.2202662
6.111901
-1.631321
-1.505763
4.156523
6.898612
-0.5364656
0.6683327
-0.2006478
5.556759
0.5863988
-1.145952
-0.04039559
3.837275
3.853413
5.462113
4.236751
0.1264913
6.280813
-0.783271
1.367369
6.668007
5.602597
0.5538126
5.348226
-1.341996
5.19638
5.002779
3.962127
-0.2951962
3.569268
5.856811
3.516385
0.5104152
0.5675894
0.447918
6.660346
4.970154
-0.4139089
0.3167209
7.485462
-0.1718125
-0.6821654
6.335524
5.314137
7.745137
4.423251
4.449719
4.583379
5.395618
4.368771
-0.8666733
5.416593
5.292663
0.5904742
-0.1554633
0.1608969
4.943759
1.853149
-0.9176912
0.7251211
5.118899
3.68006
-0.4433728
4.716316
4.917418
4.087853
0.2465812
4.037354
4.674691
1.723788
5.594036
-0.6013763
3.44656
4.828003
2.728213
0.06412039
6.817304
-1.390056
4.855299
8.808944
0.4336996
6.005716
4.501613
4.202822
6.691961
4.031377
4.379044
9.895357
5.623169
5.356266
4.689629
-1.15356
1.347408
4.711645
1.019904
-0.4626683
-0.6671619
-1.927565
-0.8208289
4.009937
3.594007
6.153103
5.674271
4.36399
5.296556
6.38473
5.814573
4.618972
-0.2311749
6.505761
0.4933765
-0.261349
2.183149
1.005403
1.569155
3.968975
-0.6900221
4.668582
7.47084
-0.6715418
4.050646
3.918009
5.196366
5.803861
4.902439
5.189908
3.060537
0.7548107
3.883578
8.89338
4.459317
5.263293
5.880153
5.605237
5.570155
4.392754
-0.5137367
4.684301
4.38001
-0.5345046
4.582517
6.792503
4.733768
4.032042
4.081991
6.19428
5.074377
0.7207776
4.688878
5.80734
2.593834
4.679316
3.659504
5.493552
3.220219
5.212285
5.281789
0.5878549
4.728314
0.8538975
0.8952351
5.736005
5.662923
5.899417
3.443581
-0.1317983
1.002343
5.405117
5.792034
-0.2252489
5.581508
0.7013837
5.655766
6.143158
0.0106238
0.02218427
-1.390463
4.172254
0.702464
5.660716
-1.059079
6.018173
5.662103
-0.2001779
0.7171911
6.355252
9.784409
-0.01207664
1.209069
3.964044
-1.942641
5.120058
4.790677
4.528941
-0.8098417
3.676459
4.758512
5.526162
-0.6164387
3.802663
5.179644
2.718618
9.147122
5.188201
3.612869
5.488569
1.160451
5.942795
4.951216
4.026548
4.208811
6.146702
1.100273
1.506108
4.564041
0.4239627
1.449873
0.3337843
5.220854
4.586988
0.256091
0.5764537
6.299947
-0.4487
-0.5884203
6.2458
-0.6828471
3.206267
2.955221
4.282382
4.340029
0.9494345
1.083354
-1.536763
5.042166
6.804436
4.646326
0.5893873
-0.1111279
5.512382
-0.9036528
-0.3679948
1.316569
0.8371645
3.756533
5.660787
0.41196
-1.63665
0.4148669
0.6971652
-1.175441
-0.6333613
0.6245031
6.732064
-0.3488561
5.62148
5.444556
0.1651257
4.927721
9.324809
-1.173603
-1.114806
-0.7612555
5.593686
0.8484177
3.901734
0.4016415
4.681891
4.386123
4.513388
6.027832
7.176266
5.106188
-0.9957087
-0.9501863
0.9475392
6.467194
0.4869761
-0.418131
0.3262156
2.788205
4.48646
5.29354
4.935098
8.554902
-0.207273
4.750077
6.289494
1.465446
4.590258
4.053062
-0.2771532
5.578988
3.113059
10.24608
3.980867
0.1752076
2.309507
-1.683608
5.41228
-0.8416751
-0.9571557
7.315147
0.4646841
6.328391
4.351551
5.625252
4.032346
4.868384
-0.3345664
4.677768
4.365289
4.342171
2.137211
4.638181
6.124029
-0.8780158
0.6387244
4.282082
5.655816
3.729087
0.2040088
4.427986
0.2175239
-3.17672
-0.4248452
1.713142
1.423721
5.379092
-0.1457524
4.578923
2.109745
1.35101
-1.190372
5.325848
6.564887
-1.376475
-1.299273
3.973722
1.529743
6.905086
0.4553419
0.3348178
2.96511
0.372185
1.101925
-0.6743743
-0.07365514
7.299487
3.691397
3.905967
5.422938
4.677559
0.9762534
6.123748
-1.364603
0.3350511
4.762851
5.330139
0.171475
5.824287
5.720609
3.873181
-0.2515242
5.006976
-0.1186303
0.3730753
0.2372956
-1.520613
6.613797
1.379735
4.447923
-1.249063
3.519387
4.785823
7.074048
0.5162806
5.051925
-0.6523186
6.185241
5.581718
3.983151
0.9531944
0.4042153
5.987529
6.278132
4.777258
-1.310558
-0.1841216
6.320443
4.590733
-1.447547
-0.03719532
4.303929
3.342272
4.864241
-1.214056
-0.5199031
0.3335562
1.958263
3.184566
0.7999733
4.426008
2.426895
-1.436904
4.575603
0.1737832
7.679317
3.237473
4.971561
-1.31704
0.7260909
0.8371322
3.590741
4.401975
3.963985
6.098438
8.606804
3.695594
4.204546
5.133177
3.234248
4.989405
4.125443
1.628631
-0.1652389
4.371411
6.070935
8.985889
5.11962
5.727838
5.372528
6.933097
0.963547
-0.9242525
6.240573
4.279779
4.509062
4.181675
-2.727583
1.471857
5.424929
3.232819
4.755848
5.865655
0.7952499
4.620986
4.603215
-1.234166
4.715056
4.704393
4.434806
4.855214
4.196622
0.7481689
6.380587
4.457026
-0.748364
-0.9607619
4.87791
5.391133
0.03609753
3.669417
6.13245
4.238591
4.675445
4.646851
4.939275
4.682977
4.828958
4.89789
9.40272
4.752856
4.519941
0.2220293
1.001361
4.99716
4.954437
1.007739
5.230832
-0.5295981
1.350858
0.725178
4.972731
5.657473
0.2961334
1.46082
-1.640145
6.554734
4.067063
4.651349
0.4229455
3.501816
0.4663034
-1.553336
3.651357
5.923112
-0.5675942
6.176384
-0.5645539
6.265886
0.2346143
5.13772
-1.101123
1.095316
4.473094
2.6422
-0.4014133
4.724542
0.0137676
5.579871
-0.06317246
-0.9177378
5.268574
0.04520512
1.386847
5.216194
4.72102
5.05082
5.45136
5.637064
4.204343
1.438557
5.453214
0.4773052
5.420093
4.388193
0.4093099
4.326851
3.111947
-1.445482
-0.7232535
6.575982
6.366506
6.73741
1.183271
5.966564
4.126252
0.7328703
4.793862
3.521893
5.329416
4.270845
1.768189
7.041643
-0.4259701
-0.5500286
2.950071
4.753533
-0.3598266
0.5270909
-0.1029604
-0.9263683
6.591689
6.179808
0.8350288
3.178556
6.425991
3.103051
0.8717457
6.310297
3.473368
0.45061
-0.01534744
2.670109
-1.655435
-0.255973
-0.7235247
6.189745
5.343708
5.061346
1.918701
6.525878
1.035769
5.203762
5.450564
5.893357
6.028444
4.421394
-0.3301695
7.156373
4.623904
6.054185
5.297652
-0.1841549
2.300102
5.398257
4.945737
4.608183
4.710006
3.579655
0.6173202
-1.934755
5.700916
5.034325
-0.6770966
4.426657
6.794951
-1.753549
5.729438
2.079184
5.097213
3.813834
1.096947
5.233359
4.942498
5.41121
5.066381
3.703203
-0.4057873
-0.08585826
3.336426
5.628479
0.07883812
6.133011
4.249604
4.827928
-0.03697483
-0.3141065
-1.025924
2.938468
-1.364343
-0.7153198
3.400994
1.514429
5.715826
4.595415
4.071128
4.853745
3.94676
5.553544
5.207423
4.726683
4.005113
-1.762462
3.23435
3.70421
-0.5085096
3.523773
5.694692
-0.1788057
1.407112
4.913676
4.150567
-0.5826832
6.56523
4.525784
5.929187
4.132245
4.427555
4.586098
-1.205462
-1.522089
7.511356
-1.369799
6.824804
4.520802
0.8560898
8.499029
0.0281365
1.942523
4.729785
-2.275231
4.920642
0.5332024
7.67407
5.49061
6.640808
-1.265813
-0.01088188
-1.506775
0.8649639
-1.440871
1.3155
4.942033
4.868505
2.119407
4.794803
4.05673
0.02711961
6.079062
0.554774
-0.7011396
6.147813
5.078148
4.976637
0.8891418
-1.107879
0.8426265
3.752999
2.360699
5.526935
5.199958
6.527749
0.2142795
0.3084773
0.1458018
5.539012
6.086431
4.362983
4.813515
0.286247
5.074773
4.81332
-2.827445
4.391067
-1.235619
5.802711
3.053118
0.08724156
6.009588
5.438799
7.802501
4.720003
1.087889
3.450719
5.558581
5.940571
0.3999332
3.12513
4.036078
-1.511489
4.440621
5.268707
0.1300253
4.192789
1.159196
1.446119
1.615802
-0.6485213
4.430459
-1.10563
0.9363597
0.2483231
4.384558
0.5268975
4.444658
5.544547
5.04726
-0.6542087
0.9271378
6.243432
1.624513
0.4984114
7.180645
-0.9922533
-0.389273
10.18589
4.875916
5.519437
0.1256626
5.240219
4.687614
-0.07170375
6.030403
6.422339
5.519088
-0.5287627
0.9511385
-0.1369816
-0.1312368
-1.021305
0.3125855
5.895619
5.574506
5.613088
5.916848
5.205425
3.719426
6.132797
4.752851
4.893362
-0.08757593
5.08029
2.005637
-0.2038458
7.811366
4.861967
4.970762
4.655913
4.324943
1.131707
0.1693319
4.567471
6.862317
-1.469514
-0.03203073
3.913161
6.361529
5.978416
5.170451
5.498137
5.816845
6.192684
5.426217
4.595831
1.2034
3.607391
2.897342
2.976082
3.876954
-0.5303159
0.8984107
5.090385
3.24626
-0.05739257
0.3463434
4.699915
-0.874175
4.704223
6.591472
6.109325
3.835968
-3.196736
-1.172374
4.177096
-0.4116656
4.428363
4.536028
5.003423
-0.2668893
4.853132
-0.6796536
5.249148
0.5038092
3.985229
5.950555
3.173142
4.934958
0.6850028
-0.7737949
6.390882
9.304246
0.5487738
4.497238
7.901897
5.157331
5.704397
0.04817909
6.89367
4.134644
4.94562
0.2459245
-2.997918
6.478661
4.72116
5.040575
4.0502
5.019424
3.742209
0.6401058
2.654807
0.7944744
0.2471724
10.08406
3.578805
1.877903
6.613758
5.337774
4.955868
6.552192
4.788587
3.826286
0.5550721
3.692553
-0.7270141
-0.01587974
-0.127796
-0.03368476
6.688806
4.395057
5.08045
0.109108
-0.5851549
3.564104
6.326338
4.312915
6.524421
5.327983
-0.2423619
1.047558
-0.5367275
-0.564988
-0.8568002
0.6932679
4.405912
6.060773
5.420826
7.544956
-2.24386
-0.7449991
0.8881387
4.506804
5.17212
8.633896
-0.4047054
5.949901
0.0292515
-1.870774
4.764945
-0.1007719
-0.002726511
-1.402881
0.4239057
-0.6912518
0.001414592
8.088561
-0.6950079
3.375911
-1.081425
5.725118
-0.6927412
3.65818
6.700362
5.144698
4.478678
5.037447
4.473157
4.189268
0.04616154
-0.7750148
5.741684
4.155379
2.818508
-0.3879599
-0.6554879
4.730893
-1.428633
4.974728
1.079582
4.571183
5.225584
2.027043
9.902156
5.514636
-1.083187
4.618928
6.717291
0.02495763
-0.6737165
3.478716
8.950386
6.207656
3.721467
5.16182
-1.581841
3.66206
1.05545
5.061943
5.569518
-1.869411
5.194985
0.4525231
1.38373
5.321837
0.5807402
4.151383
3.888067
1.79156
5.801755
5.043161
5.937663
-0.1556093
4.90466
0.09957558
4.933821
3.906135
4.252053
4.905875
0.0500669
6.419587
-0.9927524
12.15108
5.040718
4.362741
0.1741148
6.113213
5.992305
-0.6370545
0.5090152
5.91014
3.596923
0.8806907
-0.02831198
-0.01237718
4.607364
4.665023
6.068683
0.114686
1.880866
-1.689018
-0.1837846
4.004569
-1.78356
8.037711
5.414263
6.165066
0.1279159
4.739643
3.337873
4.91225
5.780292
4.77001
4.452562
5.0575
-1.277148
5.570381
-0.8130258
2.889499
2.937447
4.536035
1.035105
-1.568409
-1.756242
-0.7030983
0.5569187
5.159624
5.439833
-1.509241
0.5596063
-0.7374651
1.700117
0.800095
4.661363
6.119471
4.737803
-0.3299406
-0.5323121
-1.13034
4.975929
7.105799
4.524494
-0.04121519
1.276131
5.456948
4.489174
4.912948
5.202722
5.414454
4.589228
0.7929301
4.19554
0.7138669
3.89458
0.1276633
0.6662279
0.2317823
5.46238
4.593376
3.703345
7.029618
5.890938
5.25472
0.2885635
-2.877893
0.1963923
5.410807
4.875903
-1.191629
5.952458
6.292798
-0.2981905
5.010972
5.366462
4.676617
5.271338
3.755698
0.3032565
5.880909
5.781828
0.7566564
-0.4015112
1.793025
1.016247
4.919271
5.908305
3.800751
8.98163
9.271668
2.202841
5.388644
2.111928
5.400071
4.043349
6.251443
0.5921417
0.3326231
3.952477
-1.40122
-0.4140502
6.999664
5.282765
3.917413
1.738105
4.75454
5.315592
5.708026
8.421663
-0.8826381
6.243996
2.580895
1.859594
4.430507
4.756748
2.474294
0.5761141
-0.8247981
6.092131
4.755957
4.782081
4.318219
1.115818
-1.151067
5.193461
4.91637
5.742825
-0.1789065
1.28254
5.346651
6.13145
5.938081
-1.741876
5.241517
3.844415
6.102797
1.458033
4.380539
5.2732
0.8675682
0.4263398
0.3818469
0.8472772
4.111213
6.951208
-0.05489184
2.885988
-0.2943354
3.630369
-1.70168
5.738103
-1.072208
-1.525209
5.368478
0.4527183
4.555432
-1.59839
6.150356
0.2096609
-0.2586661
5.531344
-0.1889495
4.649853
6.173462
5.873835
0.4627272
0.2171312
-0.7196588
-1.237843
4.338447
-1.524044
-1.069141
-1.229771
0.4598021
5.577964
-0.1510739
10.13826
7.01771
5.630535
5.357697
3.925341
0.5346461
-1.259427
3.385181
8.477724
-0.423081
10.30744
5.064462
0.1268686
-0.6867816
0.02353215
5.922784
1.498038
4.094177
4.585008
-0.841438
-2.054578
-1.144091
-0.4781253
4.507223
2.980911
5.027843
4.305174
6.343867
-0.3616514
-0.5033423
1.370191
-0.03107318
3.965303
0.2510991
3.875886
4.378516
0.1318016
1.789377
-0.4113729
1.299101
0.96155
1.586425
2.889547
0.07938872
5.44775
6.475151
3.303548
0.08244539
4.423267
0.3252436
4.354552
4.758598
10.00603
4.286602
2.6475
4.369558
3.965841
5.30865
4.735536
6.449547
4.755839
4.05641
4.045685
5.095106
-0.9708144
4.964992
4.593592
-0.2198516
-0.01003099
5.40951
6.646987
4.487952
4.143829
6.024475
4.916333
10.27902
-0.8112298
6.713885
-2.776776
3.895193
4.931003
4.451541
0.1696497
6.668555
0.3792315
1.413622
0.8943119
1.151368
-0.6911423
4.193038
1.544247
4.889618
3.87872
11.04786
-0.7845835
1.381404
8.534258
-0.5694073
4.781226
4.591852
-0.3437382
5.200078
4.740277
3.594921
0.3484925
-3.149273
6.453819
5.134358
3.481857
4.764023
6.111701
-0.1836155
6.750359
4.201932
4.264421
4.120972
1.075738
4.301843
-0.7853435
5.416778
0.06075851
6.877449
3.610861
-0.2947986
-0.4421864
0.6070128
6.021505
5.587417
4.208671
0.94596
1.529342
4.224911
3.856723
-0.233939
6.898229
5.429333
5.495434
-0.02746508
7.614067
0.1182841
-0.090713
-0.9415283
3.890178
5.227102
-1.261985
-0.1880399
0.03438403
4.563664
1.320487
1.714221
6.189594
2.734003
5.633572
-1.023278
5.052721
4.564287
6.340407
4.571114
0.8759817
-1.020775
-0.3152933
2.16476
5.064592
3.256699
0.306733
0.4133263
7.652046
5.748409
5.049887
6.340819
4.664238
-1.041775
4.165075
4.305483
0.03150636
5.063519
1.295054
0.9609596
6.15465
4.835024
5.047264
1.470589
5.651058
5.432297
-0.6307089
1.423451
4.782739
3.834651
4.596056
5.389292
6.000779
10.24437
0.6670916
4.629502
-0.1701166
0.6572427
3.107396
-0.9452505
4.381214
-2.269622
1.170414
3.483242
-1.259203
3.943983
6.089743
0.9523979
4.819036
-3.496207
6.527933
8.226898
6.904452
6.070721
6.082806
1.656942
4.74754
5.291928
0.1255679
4.23805
-0.6753088
-1.207923
3.12279
0.1865815
6.852891
5.456066
5.637888
8.055761
0.4741713
4.979102
4.735971
4.564071
3.922221
0.05518949
5.101239
0.1385312
5.54224
0.8054567
6.383776
4.582266
0.6405362
5.093105
-0.4011965
5.618331
-0.5085115
4.69307
0.1714585
5.438521
10.34317
0.9344718
4.184122
6.100203
4.651033
-3.460403
5.727872
4.878715
4.39521
-0.6730577
4.892752
-0.8532518
-0.9815142
5.826496
0.4869606
1.010737
0.8966197
1.213611
-0.6701911
4.120747
-0.3562424
5.105266
-1.737441
5.458987
-0.3571972
8.620177
6.437186
-0.1570362
7.550519
3.773939
3.087428
6.28441
9.153986
0.1906732
0.2357618
-0.6191001
0.6686822
0.1545774
4.853871
4.534525
2.147117
5.000633
5.321529
0.9983584
5.401026
5.10303
5.751741
2.874881
4.387564
4.139539
1.35231
7.289727
3.202147
-0.2145534
4.417997
5.282351
0.6680012
4.056086
5.306438
2.844467
-0.8951121
4.077018
0.06950707
2.464131
-0.5298615
5.895886
5.584961
6.470653
-1.668288
5.841318
0.7019035
-0.872752
-0.09342625
-0.7747704
-0.5893675
5.487055
-1.228181
-0.8326066
-1.448625
0.1840857
5.707176
4.231938
-0.5028286
6.569224
0.5937293
5.434389
5.663163
1.158173
4.275312
3.554626
4.674174
4.047865
3.892731
6.357544
4.440491
0.7136495
0.1897329
-1.915328
1.620847
5.841849
3.743061
1.703487
0.714159
0.1696724
4.974841
2.067779
6.017869
-1.362013
0.6071437
0.5496773
4.624755
6.172401
-0.4942327
1.507304
4.0547
5.258502
-1.189836
4.622235
3.854121
6.618142
5.471325
0.05916684
4.382219
-1.186899
0.3797429
2.480209
-0.473727
4.222697
5.882484
4.962691
4.773812
4.403814
5.669761
-1.439059
-0.07058359
6.39397
4.424494
-0.5868369
0.3960789
3.489589
6.181788
5.448588
4.312276
6.157966
7.091115
2.445347
7.126894
1.775054
2.70931
3.895398
1.149494
1.048146
-1.637057
4.951871
6.080279
6.577091
0.8230894
-1.511298
4.898197
3.940411
3.354195
3.504425
5.631051
4.568543
0.03809904
0.1957758
4.129121
3.371997
1.088948
3.842645
6.166201
3.847449
5.099722
1.651401
0.6840314
0.001724168
-0.3154929
-0.6837358
4.067945
-0.7296492
3.94217
8.462321
-1.65125
1.841309
2.945934
0.6816333
6.345037
1.96752
5.110302
4.47881
3.933199
-0.5545266
0.5080398
5.210013
5.596897
5.73172
5.437049
4.380079
1.213176
0.2563972
3.418722
5.786897
-0.5333178
-1.011377
-0.4847612
0.8799664
6.731421
-0.3785715
5.532595
0.1362891
5.112685
5.68413
5.549437
-1.247131
5.088636
0.3078845
5.69745
10.42039
4.160967
3.052496
5.800897
0.03974286
-0.2003978
-0.3363204
6.315908
-0.205584
-0.1217499
-0.1285252
6.089922
2.131097
5.087431
-0.3335322
4.287745
8.860778
5.444937
6.992771
4.6757
5.865803
4.623002
0.9421907
0.2446639
4.951644
4.574889
5.198668
-0.3143374
5.521104
0.6401086
4.632107
6.200436
3.582119
5.710759
-0.751244
-0.9572076
-1.213716
4.869372
-0.9632132
-0.9494871
6.721069
3.662135
2.847296
3.930683
5.556616
5.319138
2.98286
4.399447
0.5871926
5.418434
4.89283
-0.4149953
5.187538
4.283308
-0.5187412
1.744608
4.638479
-0.5090396
4.124349
4.276613
4.165586
5.363445
6.593533
4.357363
5.844822
1.146348
-0.1166387
5.328848
4.450922
1.211757
-1.016687
3.732156
6.363692
1.848149
-0.01044713
0.5073105
6.139559
4.842591
4.271924
5.453573
1.377985
-0.122785
7.602206
5.820163
5.213986
5.544841
4.651234
6.683849
3.076663
6.037794
6.706842
5.700074
-1.011071
3.047621
-0.3410877
5.182608
-0.5687648
-0.7347279
4.246202
0.3212558
-0.1194686
6.202249
1.138973
-0.1018099
0.370389
-0.3145929
7.924954
4.437077
6.290662
3.178472
6.293707
-1.128648
4.998608
5.929329
2.78186
-0.5794237
3.83267
4.824131
1.246234
5.282628
1.015263
1.478203
0.3630312
5.795414
10.29437
5.665153
0.01464175
3.965988
-0.2702271
-2.014315
4.659824
8.698038
8.378643
3.61251
-0.9544818
5.258448
5.444022
-0.3306071
1.046014
5.500686
5.288563
4.319184
0.09939534
4.874559
5.682428
5.611839
5.706739
2.0886
-1.168891
-1.046483
-0.6148651
1.450544
2.613128
5.280137
0.5233845
4.935447
5.607625
5.412848
3.898006
0.1370496
0.6808933
9.144522
-0.491779
4.188143
4.231482
6.103344
-0.6734262
6.203311
0.6293334
6.630901
6.035486
0.6569535
2.848193
5.323264
5.313198
0.5875815
8.470559
-2.122394
-0.6153978
0.01317586
4.955626
-0.6936959
5.336314
5.620289
1.421979
0.9259271
6.175055
5.098436
-1.23221
1.139414
5.056116
2.831427
1.997712
-0.489304
0.4288765
4.491318
1.819329
6.551888
4.121478
-0.8525068
5.085364
8.014097
-0.02773483
5.238324
0.1739563
3.486058
4.9215
3.497815
-0.5541419
-0.9643779
-0.4844781
-0.009370663
3.184012
0.9723659
8.858627
5.427725
-0.5354263
5.510019
4.713205
4.366932
1.320591
6.149051
-1.643941
4.486327
7.052315
0.005444398
-0.1034719
5.063114
-0.4962633
3.305083
5.200827
4.106954
4.04652
4.624812
1.692459
4.021234
6.575939
0.8696474
6.348792
0.239701
-2.072422
-0.3953511
-0.9919817
8.660241
0.2265439
4.843275
2.856009
-0.2411465
2.297303
-0.1722237
5.387117
5.367428
1.007958
-1.208585
5.953442
5.681441
0.4500819
-1.045216
6.005938
6.413992
5.307041
0.5364656
3.936617
4.923249
-0.543585
5.227999
0.5640548
0.7481521
4.810953
-0.3489125
0.360591
4.906313
5.482428
4.37831
-0.977535
-0.4050334
-0.6559846
10.67823
-0.23285
-1.575493
-0.6513678
4.754682
4.61319
3.49133
6.480689
4.888905
-0.09611047
0.3915686
4.859515
3.891011
6.013272
4.502456
4.169016
5.423553
5.360919
4.659726
4.654616
5.573152
6.458738
0.1909311
4.851826
-0.08109325
5.461401
0.9480343
5.011431
4.644376
3.713625
4.19047
-0.5170447
6.624038
0.7050713
0.9850957
2.948905
-0.9581378
3.670008
1.294358
0.6213143
0.3939333
5.690384
-0.4130539
2.876564
6.316583
2.11277
3.810606
-0.5518776
-1.163358
4.357019
-1.457747
4.907538
4.622548
4.451163
-0.3869696
0.02224828
9.654491
0.8443442
1.165054
5.779444
5.29033
0.323585
-2.132863
2.261191
0.1496683
1.22644
0.03369846
6.285177
0.7976492
0.8224011
4.900216
-0.8131805
-0.7197807
4.174402
-1.300369
3.531007
0.7444913
5.557607
-1.042777
3.911702
1.195277
5.072405
5.395767
0.6556633
4.525283
2.534479
0.2950481
-0.7639672
6.213612
0.9114498
1.828605
5.941353
0.7925156
6.353025
1.448011
4.171423
5.423476
4.333762
4.379854
7.422975
0.2662674
1.123248
-0.4926168
0.1430508
0.1444018
5.642694
4.731295
0.1947045
0.7478792
0.247764
5.129942
-0.2033703
-1.121637
-0.7476624
2.63788
5.884455
4.881324
5.731607
1.276022
0.7698001
-0.08125258
5.165602
5.53875
6.931504
-1.999983
3.91481
7.130004
5.152961
4.194259
-0.3786804
0.7688699
3.385664
1.15376
-0.05455968
-0.8072877
4.673531
3.521801
0.2039149
6.248974
6.391471
4.855145
5.121547
5.293712
5.021824
4.413586
-0.8272032
-1.671301
0.8690005
5.94323
1.88805
6.062713
6.11279
4.753341
4.673086
4.401976
5.087195
5.705246
2.72125
-0.2798931
3.398176
0.205672
6.442546
0.08447313
4.900126
-2.246747
5.882255
5.401449
5.135924
10.50693
-0.8211546
-1.445347
4.69933
0.4402351
7.074591
4.256688
4.042007
0.2996012
6.370722
-0.3904662
-1.678616
6.332148
3.887325
4.697336
5.814752
0.2982421
5.144858
-0.179587
4.704565
4.627995
5.253984
0.0263722
1.248574
0.714779
4.149617
4.946108
5.214517
4.801782
5.101079
5.163985
8.116197
4.082784
5.796423
4.862354
3.299337
-0.5700887
0.4969371
5.946775
5.284998
4.927083
1.455419
5.105289
4.78157
3.160676
3.579794
-0.6515068
0.4499685
-0.3841735
-0.2026141
-1.384147
5.029609
-1.082152
5.491135
8.276802
6.543811
0.626616
0.4472958
-1.228043
0.2425724
4.890835
4.398204
-0.3606065
4.753604
3.346193
-1.205549
4.692397
3.73657
5.201198
0.7167701
6.053923
5.018322
3.08114
0.6208104
-0.6446679
1.365899
0.7376399
-1.537155
3.861974
4.393213
-1.776799
3.364596
5.125016
4.107369
6.966578
-1.110015
1.700094
6.675874
-0.7426591
5.187406
-0.8274882
5.010906
5.333468
-0.5163852
6.117453
-0.5300076
3.984322
4.50929
3.342486
5.514877
4.502954
4.704189
0.3733999
3.763861
0.2300541
5.347349
-1.328652
4.744816
-1.247806
4.915405
4.834737
0.3333662
-0.7064902
3.776665
10.35903
5.042806
5.569528
3.784648
0.367286
0.2954281
4.556803
1.704953
3.993685
-0.7132257
4.896657
-1.049628
-1.532779
-0.9972779
1.776201
4.450662
-0.8465748
5.118382
6.179004
3.086636
0.1968413
4.495837
5.477835
1.381637
7.528561
4.756306
5.137415
6.69894
6.47521
-1.625552
6.117564
-0.1803347
3.571063
4.753313
-0.640915
3.036268
5.395313
-1.446643
5.642888
5.645408
4.30053
3.891481
5.255945
3.139683
0.09010533
8.464716
5.43005
4.509049
-0.01229067
-0.6915793
4.374015
-0.9661397
6.142415
0.652951
1.291591
5.522626
0.9913864
5.100968
7.49315
4.45701
0.1744869
4.809755
5.031465
1.847997
1.460765
3.976798
0.3407249
4.515768
3.769698
-1.515762
-1.103983
4.925984
-0.1840612
5.166391
4.963574
-0.06406956
5.761588
2.728909
3.77542
0.6113538
4.210047
-1.27122
-1.333069
-1.502738
5.18629
0.3764666
-0.1200428
7.06614
4.405561
5.348884
4.233685
-1.36922
7.033527
-0.5185268
-1.343293
6.404961
0.6052063
5.196473
4.452432
5.067473
-0.7281282
5.394035
5.375642
6.216746
1.35347
5.302371
5.679531
4.916034
-0.4001172
-0.3818799
5.992009
3.759646
0.4853154
-0.4783613
4.040072
0.2416758
5.336766
3.039213
0.4619135
6.631704
5.654247
7.964287
-0.6654682
-1.378576
-0.6838019
5.662136
4.701929
5.212956
4.803865
-0.7635911
6.260877
3.497042
-1.574089
5.154849
5.814221
5.903153
5.734412
2.752326
6.390536
4.413101
1.35981
4.878387
6.673128
5.907398
5.457959
-0.4513891
4.780172
4.971668
14.21453
4.798403
1.561548
-0.06055321
5.393481
-0.1508846
5.954748
-0.7725528
-0.01588945
4.549771
5.613743
-1.007312
6.80905
5.530015
0.2134668
8.012378
5.292195
5.364427
0.4070025
0.03920557
-0.5408245
5.919902
2.86837
4.936375
0.8103241
3.623868
5.937808
-0.7526334
1.903673
3.989007
6.116107
6.193633
-0.1937604
0.04582527
4.522484
5.747529
5.273395
5.224806
4.727826
-1.123515
-0.9356948
5.366956
6.593299
4.032984
1.380213
6.214066
0.1426304
4.726909
3.891408
4.844386
5.987631
4.414845
1.926438
-0.5656673
3.806685
3.628268
0.07556596
0.5019234
4.090529
2.510867
5.161091
2.840045
-0.331952
-1.962613
0.2724824
3.499473
-0.3168265
-1.204338
0.6877605
3.760582
3.524604
5.598284
3.978776
0.4172938
4.178109
-1.450594
0.01457049
-0.6657622
7.543154
5.837102
-1.01223
-0.02258723
0.1573913
0.5518535
6.888705
4.377247
-0.3242677
-0.7561777
4.98883
0.4162599
0.6757452
-1.393721
3.91448
4.818242
-1.092038
5.512816
2.422922
4.460348
5.52871
2.036838
8.034306
-0.2938537
5.395693
-0.05035836
4.087164
5.346241
-1.241141
5.441182
2.415822
5.626413
4.045205
-1.565781
4.903794
4.474356
0.2313299
4.55805
5.441702
4.696132
1.286859
4.75412
0.8255516
4.231065
3.825922
0.08394434
-1.250478
0.3820323
5.716391
1.808774
-1.379492
-1.08871
4.361965
0.4755692
5.600408
5.678187
-0.1824954
-1.353079
6.355228
4.04886
1.078289
-2.550403
6.352801
5.145302
4.488219
1.149332
5.693074
4.430252
5.369968
5.77102
0.1725719
-0.3899282
5.486189
-0.5287355
1.095437
6.217686
1.497235
-1.16803
5.120807
5.425859
-1.676959
0.5958099
1.592212
-0.5206227
4.761983
5.161389
5.564725
7.198997
4.709868
-0.9429343
4.525996
1.106476
1.605614
4.000494
5.451939
3.820123
3.8213
4.773386
5.554127
6.804007
4.697678
4.124487
2.842242
-1.271593
6.002854
4.022394
6.042706
4.970224
0.1444341
5.525316
4.733644
5.739334
6.55881
1.517149
3.159665
3.617649
3.526506
5.902107
5.747403
9.902343
2.930351
10.85297
6.148788
-0.02964375
4.246555
-0.3091232
9.070822
0.7361153
4.345486
5.656082
-0.5382312
4.562357
-0.8648152
5.477161
-0.6523516
3.708149
4.97619
8.113075
4.179844
5.480217
-0.01503569
4.217208
-1.790618
0.04041308
-1.008043
4.932698
-0.4868316
5.473363
1.161543
-1.130465
1.870541
6.110504
4.977065
3.775743
4.451717
5.911654
5.676181
-0.9780313
3.655826
0.1118646
0.9677928
5.451266
0.05622017
2.467206
5.659991
5.509548
4.675564
2.047431
-0.3310129
-1.013157
5.812745
-0.2521504
1.279578
4.859295
1.327973
4.96424
-0.3757809
-0.7651847
4.51595
4.160814
0.705539
0.7915061
4.999597
-1.990129
5.792652
3.731217
4.176909
3.060528
5.818736
-1.681139
5.308462
5.808387
1.251566
5.787342
0.5725593
4.305296
5.931046
9.266058
4.345558
0.7098325
0.06415367
4.31491
5.871639
7.055778
5.229959
7.623896
2.343882
-0.07323106
4.03282
2.91967
0.9598061
9.849445
8.173779
2.960037
0.2117615
3.316298
5.736652
0.2056231
5.982698
-0.6888906
0.07577531
-0.6473828
5.676374
5.861765
-0.6224047
-0.2306304
3.591057
6.056803
5.861625
6.10348
-0.4258129
2.576457
4.218136
-0.331107
4.847906
0.1688983
4.725128
0.2391654
6.414073
4.898914
6.297261
5.974393
4.820655
12.6903
4.310035
1.239998
3.652523
-1.489967
0.4073828
4.726578
5.416026
4.468303
4.961794
7.937856
0.6793754
4.573141
0.3919116
-0.8921991
0.9952049
4.214845
10.0666
3.746174
0.6288211
0.5426828
3.800749
-0.4078622
-0.2147043
4.26352
-0.1495739
2.813928
4.125284
5.662811
3.026367
0.5899646
1.053222
1.034636
6.073858
5.263029
0.2266308
0.3698361
4.55857
0.6333123
4.977167
5.884588
3.708724
0.5840191
3.64627
9.673815
6.652175
0.5135123
6.550287
-0.8063378
4.826387
-0.4855411
4.835458
-0.9583767
4.874655
-0.039059
5.309167
4.835001
-0.2385136
-1.255453
1.252737
7.435058
4.265453
0.5817005
2.920394
4.408778
0.7557438
1.267347
5.052881
4.349424
-0.4064612
6.092993
6.716573
6.034565
4.178585
0.155922
0.9501504
-0.1384125
-0.3302296
-0.981495
5.081714
-0.3784748
0.8802044
5.57111
4.779705
-0.1317278
5.176024
4.23339
5.216858
0.728118
6.728263
0.8134315
3.323678
3.787811
2.532095
0.8699792
0.4317782
5.047268
-1.309778
4.876659
4.911594
5.764283
0.9307802
5.92778
5.164358
6.039407
3.293283
6.173697
0.4347513
6.32392
0.3294268
0.8066381
5.571543
8.148944
-0.620095
0.3545497
4.820249
5.292829
4.371666
5.41599
0.2870596
3.50335
-0.2191157
4.312399
5.058309
-1.657036
-0.4087514
6.597172
0.433825
3.961071
-0.7105396
3.128254
10.51764
3.818408
5.643716
6.66528
-1.007934
5.889602
5.514927
4.623574
-0.3765
1.096858
6.156981
1.441897
0.2850285
6.097998
-0.03155364
1.288469
5.937998
0.3202966
0.2325465
-2.077593
3.716565
0.8839027
-0.08707492
-0.2233942
1.439877
-0.9222116
3.658155
6.540075
1.407999
0.3843126
0.03780354
5.105985
4.768824
4.250924
3.233967
2.632044
4.717068
0.5261429
0.4445509
-1.62606
5.1942
1.495468
5.252495
5.257576
1.586462
4.457256
0.6210537
3.865018
0.9091423
5.18591
-0.180397
0.9751375
4.530885
5.116551
4.000126
2.834027
-0.5903487
6.330719
1.13637
-0.1581626
-0.1384756
1.575386
5.190639
-0.135934
0.07476528
1.225823
4.351286
-0.5399064
6.532046
-0.8201556
-0.922547
4.470651
4.151248
5.765218
5.98188
-1.125189
5.725738
-0.6959442
7.114907
5.124166
0.4758608
5.126515
4.599658
4.449147
-0.043152
0.9743243
3.901983
2.839007
6.015854
-0.9923831
-1.510975
5.603444
2.023767
1.353428
3.759698
5.743253
7.445976
-0.359568
-0.4222659
-0.1376382
-1.820292
5.098472
-0.3660082
-1.168493
0.8422752
5.163726
3.336687
5.379453
5.486755
4.991819
5.070198
-0.1568357
4.894511
-1.730893
6.408491
4.066209
-0.9950849
0.5497389
-0.6781893
-0.7850199
-0.07098065
4.798684
-1.545841
5.080785
-1.126822
4.129525
2.356456
-1.305262
5.310971
4.589615
6.349238
0.2525207
4.498989
0.06849206
-0.9503485
4.508682
1.864188
6.968389
5.822951
-3.015633
2.722533
5.942588
1.418633
0.02898647
4.279065
0.2973554
5.767761
-0.07916453
5.357115
-0.3113958
-0.1279523
6.242637
4.840794
5.062535
11.13776
3.980578
5.327126
5.886579
1.243915
5.023496
-0.2659084
1.877765
5.180921
-0.01552819
4.980138
7.453139
-0.2612119
6.474245
3.264372
5.94289
4.848567
8.882069
-0.0458577
0.8435155
4.263794
-1.192842
5.284263
6.166902
1.109364
-0.2341843
-0.7251659
5.68846
5.31547
5.321311
3.566896
4.626998
4.283294
4.401187
3.89379
3.891669
6.219251
4.0789
0.3288846
4.477664
-0.01357837
3.408787
1.188147
4.809892
4.033742
1.046554
6.825924
0.3770585
-1.249119
4.780978
-0.4989778
-1.670461
3.676767
4.222969
-1.378493
3.662478
4.491343
5.398972
-0.2448314
-1.568494
-1.357052
4.849403
5.614686
-0.8073593
-0.1278644
-0.03682354
5.35567
6.948353
0.1559495
4.626086
4.952403
-0.7383405
0.483017
-1.31167
1.198585
6.583093
0.3587343
5.10484
4.958106
5.262947
0.2282675
3.959942
0.393656
5.959084
6.487464
6.75408
0.5723561
5.263079
6.259299
5.971486
-1.038483
3.707396
-0.2466306
-2.210936
4.712076
0.5758794
4.607837
3.952469
2.79059
0.8218871
-0.8487487
-0.9452929
4.628435
3.622594
3.190457
6.575038
0.2497156
6.801715
1.249593
5.903161
5.143925
-0.7578545
0.1153907
5.962539
-0.5182435
5.339153
4.893656
6.379563
-0.05009563
4.882232
6.54409
5.386215
5.842014
-0.6717524
-0.3882754
-0.6497593
4.462599
1.289048
5.954092
3.36357
1.596917
5.713112
0.6808247
5.617533
-0.7993234
-0.03451165
5.080569
2.581158
-0.5997557
-0.8210706
3.764308
1.133749
-0.9323757
-0.5632798
0.3904332
5.870115
2.174729
4.219482
5.990738
3.603298
5.838614
5.11756
2.891313
1.286083
-0.02348347
-0.3488796
4.472547
4.712732
5.142274
-0.1069105
1.809039
4.516847
-0.6221076
0.1610046
2.15735
4.260022
5.804619
4.536806
6.019905
0.09150455
0.7497158
5.50898
7.513027
5.866734
-1.079712
5.722685
-1.100724
-0.9117859
-1.424538
3.811395
5.842841
5.145462
5.723489
5.532741
1.489273
4.714769
0.2732759
5.408584
-0.7303177
5.087335
0.1100958
0.006044316
4.890875
1.241692
0.8618856
7.203361
0.07160006
5.325224
0.5902994
3.802121
-0.4675908
-0.1500086
-0.1647258
3.701901
6.095331
5.128842
5.093904
-0.956227
2.626867
6.125826
-0.5924135
-1.574914
4.313117
5.178916
4.852147
-1.494887
-1.875718
4.689429
3.60475
4.592141
-0.8970711
-0.7115225
6.01119
6.599287
4.350602
5.258573
0.5248088
0.9099794
3.786078
0.1930373
6.162657
4.327184
2.20206
-0.6527824
0.5257921
-0.1991443
4.854534
5.102012
4.974221
0.1007631
4.949897
-0.7842305
-0.6117348
1.543973
-1.003888
4.886439
5.058692
2.154994
4.046034
1.180137
4.756209
6.162736
6.268399
4.453941
-0.2818764
0.5066911
-0.4759175
-0.5263261
4.90625
-0.02748066
7.051815
1.133626
6.156852
0.8769744
-0.1025299
-1.976618
6.249283
4.798851
4.697326
0.453249
3.178924
5.155541
-1.482049
5.341654
4.705907
-0.2344205
1.180946
0.4211322
4.164457
0.0464491
0.05067884
4.427717
0.9706339
4.357316
-0.2629306
-0.5946452
-0.6925208
0.4738915
0.8375657
-0.7973982
5.776728
3.405747
-0.2476344
0.2092433
2.444997
5.1504
5.472137
4.673332
-0.8307866
4.746007
4.253702
-1.423438
3.275375
6.378229
2.583539
0.491244
0.5718687
-0.1442314
4.697152
-1.101721
0.827904
0.3311644
-1.592438
1.76683
-0.09880274
6.135636
5.648388
4.057077
6.909474
4.149672
6.633775
5.301479
4.300142
4.441534
-1.344132
-0.3145866
5.325093
5.268033
4.865884
4.801676
0.07180121
0.1533037
0.093947
4.116276
5.04476
-0.364435
-0.4708993
3.697216
4.074489
4.484368
5.584032
-0.09310542
5.809805
-0.049498
0.5366524
-1.346076
6.00811
5.615404
5.225433
6.134462
-1.727124
-0.4103583
-1.849332
5.18325
4.981168
3.705944
0.3274985
4.065841
5.152299
4.853451
3.314914
-0.6963213
4.178189
0.8049117
0.6676975
7.281048
0.314785
3.638618
5.200995
6.689426
3.678485
5.395534
3.469276
5.798868
3.138117
5.265767
4.957507
5.23367
5.809025
0.4134782
-1.451193
-1.594446
4.096252
0.1989282
0.8703729
5.773906
0.3043117
6.534415
-0.8169653
4.421661
4.243707
0.8964614
5.786526
0.9204942
-0.7625697
0.2301996
4.210065
0.4262817
7.352542
0.1091692
4.24129
5.385956
4.488059
6.842582
5.177401
5.263411
4.596446
5.779141
0.6162948
4.963875
6.359346
4.836061
4.341939
1.649467
6.453086
0.03401925
-0.3052613
6.778643
-1.679382
5.482269
-0.2883249
3.364151
0.988825
6.036736
0.09020486
6.350559
4.4147
3.694429
5.079458
6.195355
4.948864
6.870974
5.812913
3.828669
5.228922
2.023001
4.650264
3.91169
0.9718863
5.760211
5.634811
5.503461
0.7427499
1.392677
7.107963
4.313882
1.077847
-0.543688
-0.3253831
-0.4674699
5.673921
4.694258
5.442221
5.525426
1.168231
4.564637
0.9373311
4.400439
-1.064563
4.378343
0.7538604
2.19324
5.463485
0.7907816
5.759677
0.1686209
7.098386
4.439035
-3.096282
5.631327
6.233129
0.3907661
0.8854496
0.9663319
5.522292
5.664356
3.804034
0.5378611
-0.09584233
5.208734
-0.02019207
8.459923
-0.01914003
-0.01822843
-1.572635
-0.4254306
-0.9863705
-0.3744773
4.694024
0.06296742
5.106325
-1.773147
2.522113
-0.2333892
-0.1364072
5.517865
4.391181
6.320824
-0.01755506
7.057343
0.5377653
5.224303
1.206128
5.713064
-2.56005
2.957177
0.01857895
0.2887864
4.69432
-0.5908956
3.644484
1.030066
3.90556
4.776972
6.466267
0.6208689
6.684271
6.547502
6.211719
1.28489
8.501692
0.3944657
4.409854
6.221222
5.137377
5.869591
6.050114
1.156748
7.381363
3.47969
3.810663
-0.04867135
4.931306
0.3892614
4.906498
-1.695491
4.425942
3.801227
0.09962164
-1.813635
4.248208
-1.124559
1.49819
-0.3578469
4.804433
-1.245936
6.795941
0.3043405
1.075853
4.957397
-0.008538592
1.892165
-0.1987774
-1.603221
0.166483
3.994968
7.335064
4.578984
4.903967
4.664096
0.4413365
5.10664
6.225903
4.379051
2.975946
6.041005
0.7484438
0.4398908
5.075839
0.7978644
0.2478598
0.5537026
4.387998
3.882974
6.443177
3.801066
4.508871
-1.565332
-1.245091
2.858455
-1.486555
-0.9080639
4.558599
5.144603
4.210799
5.936988
-0.6198928
2.852292
-0.4578648
4.855041
4.476655
4.860089
5.067163
0.3269226
0.9316613
5.175031
-0.4309922
4.964292
4.473509
4.677889
-0.001680022
6.114983
5.48674
5.067878
0.1436681
-0.889401
4.684838
1.83016
8.024474
-1.191363
6.786121
0.01037938
0.4765481
-0.3432689
7.95883
3.787953
10.22441
-1.260765
-1.793789
5.535688
4.915806
0.2200861
0.7494872
2.049497
0.7530818
1.44353
3.731831
-0.06218437
4.784454
0.6996536
6.245356
4.791885
0.221801
5.434301
4.346159
-0.9999236
6.038639
6.121326
-1.382548
-1.901479
4.050734
6.014696
9.93118
-0.6551536
-0.5407772
-0.3396395
1.287307
0.1023993
3.934297
0.2403826
6.097965
4.257297
4.765603
4.440023
5.079807
4.70273
4.439017
0.5643444
-0.329396
5.00233
4.457779
4.661435
0.1923122
0.01691246
5.96938
-0.642561
4.245002
1.626306
6.663877
-1.02766
-0.3265122
-1.018126
4.858272
6.737595
6.379986
5.310165
4.284728
6.537851
-0.7241526
0.856845
0.5110091
5.060795
0.2134696
4.745343
-0.07658768
4.919657
4.956259
5.636639
4.682221
0.01330342
6.450889
1.40988
-0.004171232
0.4410319
4.755669
6.327062
4.844516
4.614014
5.600484
-0.03430519
-0.05687139
0.607486
-1.48328
3.756225
2.203939
4.886562
5.283144
4.709788
5.723414
-0.5375817
6.27411
-1.596943
5.570026
-0.9286784
-1.40092
-0.2121781
5.941651
0.2544096
5.225805
5.24102
-0.6715217
0.2015628
4.030183
0.04775359
4.468181
4.407868
4.258689
1.298988
4.280899
0.156702
4.445391
-0.8224739
5.520015
4.959289
1.224092
6.76723
6.065541
4.539783
6.319892
6.925477
0.5196228
5.689427
1.460825
5.227135
9.155655
-1.02229
-0.4394348
6.952029
3.230787
5.680528
7.534691
4.715835
4.099146
4.614831
4.429907
4.484548
3.807078
4.391598
3.48489
4.442913
5.656482
5.435255
-0.6265517
4.623883
5.906333
2.520304
5.07357
7.475333
0.4295999
4.786181
3.307646
1.919089
2.941119
6.471383
5.838856
5.325514
5.877137
4.407204
4.256125
6.876194
0.3661471
-1.033888
-1.258956
0.004092159
0.9807822
0.5817502
6.278169
-0.09415297
4.840017
0.3362705
4.813971
5.291701
0.3258348
0.5360901
0.8711955
0.09104174
0.5198137
6.062873
-0.03259001
4.09644
6.615999
4.039638
5.309992
6.558594
-0.6627711
5.210294
-0.8138277
-2.183705
3.848944
5.138156
5.034207
4.842318
4.210942
5.099299
0.05804703
4.286937
4.888808
0.007198476
