-0.4771516
-0.2059331
4.754422
3.612165
6.059859
4.696121
4.485612
0.4346322
2.035464
2.14801
0.7471492
1.462381
-1.486884
6.645122
4.353175
8.098471
3.630684
4.241804
4.587621
4.345379
-0.6657755
3.692167
5.477821
-0.799383
5.181179
0.4553654
3.007663
5.403621
0.4121438
0.1561604
6.506132
5.732487
3.713738
4.49196
-0.2151367
4.050793
6.3709
-1.616301
4.152959
4.85617
3.936009
3.811532
-2.255808
4.890621
5.004062
5.102973
4.083296
-1.190457
0.1323088
6.460415
4.453874
5.587841
2.346969
-0.06071801
1.236546
3.686468
5.537517
4.870452
0.3552152
4.571759
-1.138971
5.448589
0.8342653
-2.464241
-0.8014877
5.566263
-1.293263
5.708749
0.04372696
4.784533
2.35137
5.56005
-0.8288926
-0.6167048
4.315512
-0.04943531
-0.4277714
4.799735
5.315624
6.468638
-0.1562556
5.476501
5.34913
5.534669
5.784413
8.847267
4.719435
1.834578
4.637742
6.489381
5.141017
0.4615278
0.0719652
5.062408
5.57482
3.683441
0.3248384
-0.7317098
-1.550077
0.1880445
7.77139
8.107048
3.679097
-0.7859963
2.321306
5.845358
5.072838
4.770938
3.631178
0.01163373
4.168928
4.392235
5.70096
-0.3955406
-0.556538
0.9546579
-0.2445402
4.45132
-0.7090288
-1.341461
-0.8092762
8.092463
0.1995033
5.367654
4.917905
5.402841
3.667033
5.157038
0.9677906
0.9019456
0.01147476
4.231066
0.5547855
-2.243634
1.503016
0.5144824
6.663745
1.948617
-1.526721
0.6483473
-0.4006004
5.686131
3.326354
-1.61276
2.96349
-0.5564414
4.983507
4.290339
0.6099824
3.972445
0.4105791
1.378951
6.908322
-0.08021573
2.332947
5.154057
4.50191
6.057335
5.345107
1.710459
5.401491
3.424202
5.357497
-0.4322252
0.6078831
6.192732
4.302523
5.269099
4.854529
0.5212822
4.767198
-0.513986
-0.0146098
6.903934
0.5970211
-0.240709
-0.09351902
5.790205
0.6139243
4.049126
3.473743
2.058623
6.23913
4.419485
4.964284
5.50676
3.627266
5.038904
-0.2794419
4.835087
-0.1858059
5.533597
8.662723
1.354827
4.7547
4.381331
1.921595
4.666726
-0.3418552
3.732202
0.2061569
5.681203
4.069103
4.284642
2.475466
0.6021648
4.175064
0.2869593
4.103369
5.781156
6.621359
6.065483
5.086545
1.655635
2.931761
3.373862
5.047619
-0.3492127
4.409772
-0.5186392
1.287865
6.574074
4.57524
5.977023
-0.8989308
5.04242
2.374165
5.397204
-0.1691908
6.584645
0.7634118
3.871727
-0.06764537
-0.08322254
4.452397
1.640692
4.921546
4.171801
5.413357
-0.09532585
6.031835
5.846161
6.166285
5.89659
6.01643
-1.357038
0.2000931
5.345866
-0.01915235
-0.1450055
