4.329809
-0.1818595
7.527921
6.898639
0.7069101
4.585541
7.125465
6.19817
5.384218
-1.409986
4.202504
5.80233
4.014146
4.162442
4.855098
4.419455
4.41399
5.100859
5.145656
4.486715
5.226034
-3.441242
6.66411
5.976868
2.830774
5.313948
4.717526
6.813812
5.244072
5.228187
0.2835969
3.524122
4.854347
3.662489
0.03872493
-1.778196
5.826932
0.1480809
5.139888
4.760465
10.49181
0.667661
-0.08587686
-0.4496563
5.8032
0.1159647
-0.620149
4.079972
3.02825
5.1707
1.622956
4.726461
1.221763
-1.511299
0.1275034
4.758222
-1.299169
4.623837
0.5895111
8.116599
10.75104
5.230773
-0.6573847
1.599311
5.151174
3.421403
-0.4597163
4.65587
-0.7475109
3.430467
3.68741
5.689163
-0.5343501
3.398427
5.914014
4.714221
3.828891
5.646452
5.642928
6.385118
0.2568098
-1.582233
4.974201
-0.8860122
4.134025
4.80117
5.859443
3.062624
4.000472
5.71878
3.55039
-0.2479927
5.325221
1.047773
5.610923
0.3185365
-0.3832365
6.809247
5.647137
7.939001
6.946091
0.1951168
-1.059576
1.363047
4.221412
-0.7135137
2.895573
4.333544
4.463422
3.537596
4.863335
-1.042609
6.318349
3.265702
5.079324
0.2756107
5.990854
4.333817
-0.3071552
-0.2077034
0.3247974
5.146571
9.094544
1.283146
0.02157047
-0.5026543
-0.1694096
3.827644
7.206594
-2.21106
1.833442
0.1066463
5.077525
8.496072
5.250106
5.091084
5.816643
2.578232
0.05160596
0.7789205
7.408888
0.3664852
1.06812
0.4942632
6.623542
4.82575
4.80176
7.027729
0.3703693
0.05381871
-0.3927907
6.2767
1.23353
0.5819968
-0.08221571
5.26243
4.107384
4.584334
6.070238
1.26532
7.640868
6.00879
5.381025
4.240409
-0.7165662
1.147959
3.658876
6.022063
-0.4647623
2.306268
4.999215
6.350342
6.794205
5.820439
-1.995395
6.733612
5.873162
0.8448195
5.196196
6.983494
2.795425
4.386309
0.5350055
11.40143
5.906058
0.5180806
5.099451
4.344244
6.373926
4.449272
3.915216
2.590902
4.844592
4.71453
0.111479
1.635069
-0.1240122
2.182655
4.587262
0.1973892
1.016869
6.044105
3.599729
0.9546134
4.928653
-0.2533843
-0.7025886
4.707617
-1.337541
0.7436631
5.076619
4.318715
1.292614
4.08657
5.207681
5.193843
-0.6419548
0.5624891
-1.076566
-0.3451538
-1.432307
5.341947
-0.5700553
-0.4426538
4.89272
8.641897
-0.5421293
4.784917
5.552274
0.1716117
5.786105
0.7780408
5.16723
4.59119
0.6912303
0.5587307
0.1715271
4.145253
4.055278
5.122406
6.903845
-1.135582
0.07030662
2.343254
0.887118
5.063953
0.0253279
0.8444059
4.195664
5.884934
3.983423
2.997917
4.666154
5.361112
-0.07057828
4.43478
-0.869802
4.430301
5.403296
-0.5789158
-0.0008224525
6.692748
-0.9214718
5.771105
0.525071
2.188286
5.905578
0.166032
2.835915
6.286114
0.6552227
4.689907
0.03075163
1.066214
0.4992651
5.492018
5.87324
5.444865
4.829646
6.066139
4.608516
5.893799
-0.3522027
5.11369
5.817261
1.977447
7.267307
0.5967007
0.246142
4.997497
5.240885
2.985676
-1.212094
-0.0450048
1.333399
3.483138
5.472473
8.161623
4.465115
1.007867
-0.8063478
1.085432
4.53946
4.061254
0.9599284
0.155284
0.04614196
5.332094
11.35071
4.02961
5.742722
5.179735
4.255585
5.585178
0.3677963
-0.7000246
0.06521755
5.429975
5.236109
0.8457939
-0.1854431
-0.1599548
5.441059
4.936067
8.472892
0.6145157
-0.06966984
0.1877152
5.542306
6.373093
0.02235213
0.1339096
0.9135341
4.602257
3.449589
-0.2566008
-0.173448
1.297403
-1.685933
3.798145
-0.781107
5.534902
2.58263
0.5424716
5.256429
6.364521
6.170395
1.991971
0.8304226
4.581198
0.3671639
5.203201
2.319709
5.517626
3.590017
6.730033
0.9688673
2.71428
5.406879
4.689431
-1.3123
-0.1703645
1.12727
5.462601
5.451035
0.4823602
6.023923
1.805466
0.2742255
0.515638
4.800376
5.908891
5.860167
5.775643
1.707763
0.6123612
1.333681
5.435528
3.040069
0.6275833
0.8514672
5.283204
1.432544
6.3224
3.619317
6.055442
1.128289
4.567661
7.496686
5.560071
-1.498308
5.243526
-0.3483945
1.245643
6.004807
0.5191235
0.5598073
-1.049136
6.08563
2.503147
5.045167
4.955117
3.647786
4.974243
5.502009
-0.986158
-1.370536
5.231874
0.7642491
0.44533
0.7578087
5.783685
0.8700976
5.069935
-0.2608568
0.9376737
3.065379
4.575082
4.295258
-2.486906
5.556731
1.056676
0.6526371
-1.52469
3.423243
4.691734
0.2150557
5.215211
-0.1783683
5.433196
-0.1701658
7.041596
5.061879
4.667649
-0.6326656
-0.9612239
5.225929
3.765851
4.989168
0.3662954
-2.280509
4.719584
-0.7510072
1.08094
5.947516
2.229442
4.431448
4.484414
4.672901
-1.828902
0.9521369
1.2083
5.206222
5.472821
4.218484
4.447221
3.507998
-0.5305084
4.862249
-1.25279
5.441071
5.371922
4.569006
4.14503
4.634037
0.2001811
4.45175
3.492804
-0.2705381
-0.05033157
5.044459
0.7346459
4.506453
6.38382
5.254002
-0.2838956
5.085718
-0.2608212
5.852156
4.832517
7.795239
1.095675
4.647873
6.110733
5.431359
0.8542123
0.7382185
5.771362
4.321501
4.375407
-1.151551
3.082024
5.12831
2.848932
1.320979
0.3025654
4.881101
4.417047
-0.6130882
5.020956
