0.6107468
0.519917
1.491491
-0.04561211
4.581905
5.334967
5.046142
5.786467
5.885083
4.793483
-0.4899347
4.500362
0.7529541
5.272395
1.293601
4.922757
5.566994
1.002551
5.210034
-0.4721181
5.311497
-0.8974894
-0.02366375
-1.794954
0.4162806
5.56161
4.441676
4.171495
4.677347
-0.770493
-1.012759
-1.355894
0.6662077
5.52753
5.44012
-1.941888
-0.8337937
-0.08848516
-1.843659
-2.657173
5.075659
-0.6320305
-1.189008
0.06235994
0.4156412
-0.1546352
4.343105
5.560156
5.068192
5.451521
5.277389
8.528032
4.209502
4.658686
5.661724
2.271932
3.948227
6.363502
1.366784
0.3216887
4.147864
4.537316
-0.8925887
3.717016
5.888598
-0.510204
-0.5612366
8.557868
4.238322
-2.406154
6.183337
6.295695
4.783406
0.145214
-0.6783388
6.570998
4.773902
0.4632497
4.317293
6.926757
5.809968
-0.6417324
-0.164344
0.546267
4.86152
4.401804
0.6772311
4.118206
-1.420797
1.239321
-0.07582044
5.995912
-1.543608
5.139658
4.386011
4.461969
-0.1773758
5.29439
5.01524
5.028976
5.549703
2.987783
-1.19522
-1.530145
5.270879
-1.631973
4.785807
3.579226
-1.489507
5.376151
-0.2455789
-0.3738676
6.10044
-1.302163
0.4650458
-0.6733963
5.140144
-0.4727014
4.826968
3.588834
-1.337154
4.596014
4.334419
1.287252
5.43141
-2.167288
0.420825
1.001127
5.807633
5.546698
6.718068
-0.7684017
5.738165
1.523074
3.784804
4.922494
0.7056088
-1.303285
4.395009
1.165179
4.984668
3.779169
3.443049
3.269592
3.755081
4.431213
-1.201698
8.609119
0.586211
5.879721
1.290706
0.2425698
5.805974
5.186938
5.944752
4.850025
-0.6003926
4.702276
6.517686
1.42159
5.751075
6.707501
4.893077
-0.5481744
4.981851
1.54423
1.679118
-1.40396
4.392918
6.001021
7.847209
5.984349
-0.2051684
4.664038
0.8101537
5.10643
2.866984
-0.1428313
5.918137
4.117782
0.8126739
3.199312
7.539532
4.406227
5.295539
4.678159
2.009451
2.670013
3.933836
0.9920251
-0.4990994
3.772316
-0.858383
-0.5649275
1.583833
-0.09928421
0.9228785
-1.643071
2.420191
-0.6717258
7.956741
4.519114
0.7207468
-0.3762323
-0.5328107
3.877509
-1.319807
-0.4927396
5.40276
-0.3638162
4.128937
4.156454
-1.251644
0.4710602
0.229233
-2.011869
1.316137
5.683701
4.783911
5.574161
4.316433
5.096745
-1.173786
0.399862
5.132225
4.259159
0.7300885
0.624421
4.358943
5.186157
-0.9508192
-0.2552671
5.355061
0.8033816
-0.2664748
0.8877624
0.3083832
-0.4411682
-0.2838122
-0.5135782
-0.870293
-0.9011835
7.460563
-0.681282
0.3880852
5.557585
4.650302
0.901358
0.1753469
-0.6857678
5.634838
-0.01585361
5.381871
5.194067
4.521735
5.639768
-1.287333
0.1207105
0.8549574
-1.947913
0.8468323
5.503895
0.5331792
0.9993348
-0.9846092
4.933535
6.01891
4.361562
0.08293988
4.78587
1.441518
4.292372
6.95347
4.930367
-0.818753
0.6692099
1.382114
6.205914
5.587412
2.019264
1.841961
-1.407234
6.37005
0.6365098
5.169987
5.55866
3.193692
6.133734
6.419644
-0.5953008
0.360239
5.212513
-2.357259
-1.291471
4.874265
-1.857871
4.806445
4.921147
0.5268389
7.10751
-0.6197939
-0.2338899
5.145053
-0.7703137
-0.4967132
-0.5088494
-1.084034
7.204272
-2.890025
4.115974
0.009716709
-0.5112037
3.298708
1.166103
5.229771
5.081307
3.789363
5.223783
5.621773
6.047839
7.072921
3.776617
1.237954
7.685586
7.216682
6.087685
6.07803
-1.226278
5.371003
5.395165
4.422774
5.693424
4.010601
4.490899
4.556154
0.5656797
0.6511958
9.036248
-1.472265
-0.9640511
5.621773
1.748055
0.4837261
-0.9575198
5.928719
4.942648
6.477629
4.598513
0.7462622
-1.756262
3.792669
5.606051
4.463722
4.854928
4.89909
-0.6708602
5.461359
0.7564778
0.7613159
-1.995048
5.819348
5.775058
5.54467
4.778076
6.142677
5.924791
7.799684
9.765642
5.152657
6.681014
-0.1333692
5.56393
4.290282
-1.534315
2.931368
-0.1062137
-0.1214185
5.138194
5.890248
5.625729
0.7488252
-0.9679543
6.40987
3.238754
3.780675
-1.265475
4.391771
4.884486
1.407282
-1.081918
4.787135
-0.4372918
1.053541
5.293559
-0.1907135
4.249659
2.815749
4.91679
5.046887
5.010492
4.500412
3.642596
5.359933
4.865528
4.87817
0.2750376
6.198196
-0.7309
4.910179
1.843296
1.987575
4.186682
4.437546
1.008948
-0.2039866
0.4320755
4.92924
6.792705
-0.1504162
5.09898
4.994592
6.501853
0.04313837
-0.589648
5.652168
3.250551
4.97118
0.4816103
4.648191
0.06260675
4.39336
5.828145
6.2473
1.427386
4.349289
-1.479348
4.330863
3.749207
3.291921
4.914101
4.800388
4.697323
-1.414869
1.052163
-2.140625
-0.3064347
6.226954
2.795433
0.7018081
1.13817
6.399547
5.097128
4.909141
0.8875486
-2.324628
0.004697847
6.544178
2.817269
1.462972
6.088914
-0.2936913
6.278184
-0.2905002
-1.325051
4.6392
0.2083449
1.728746
4.892819
0.6919257
7.288306
0.8476524
4.689298
0.2667227
2.540332
1.06328
-0.2027122
5.965153
3.427447
3.051256
0.7573829
-0.8724662
0.1502079
-0.2831969
5.182696
5.600849
1.414615
-0.5801232
-1.03148
-1.457352
-0.8272379
0.9850357
-0.7576395
-1.357679
3.303889
3.839398
0.9614752
-1.332725
5.458523
-0.2721201
-0.8573594
