-0.2299872
4.427655
0.1168056
-1.395755
5.704452
6.155376
1.866435
-0.2422064
0.2449495
5.663121
5.994385
0.3647261
-0.619862
5.962752
4.736625
5.305397
4.264764
5.232331
0.5304366
-0.3636965
5.457709
4.245194
0.6333474
4.414131
0.04848759
4.36432
6.069662
0.6398356
4.782319
5.171808
0.7561934
-0.5591998
5.526892
0.6769276
-0.5043724
-0.1454468
5.202424
-0.5775115
5.420165
5.15939
0.3829163
10.39169
3.526457
8.175892
0.1718953
4.044706
5.325349
6.134114
4.659037
4.76394
-1.538312
4.459281
4.856966
0.2908622
3.026459
5.247868
3.116178
6.191122
4.81298
6.323326
6.001337
5.217527
-1.241154
-1.13671
-1.126528
6.199809
0.9862928
-0.8441726
4.739209
5.747781
5.652764
4.098686
1.329724
-0.8777208
-0.533862
-0.06457875
5.81514
-0.2392119
6.238547
5.116159
3.945506
7.069048
6.111946
0.9230664
5.762978
4.204101
-0.520712
3.249639
4.885936
4.411766
3.104162
1.191272
4.704084
4.957577
-0.03518969
4.041932
5.731144
-0.3500874
3.491161
6.27325
-1.4082
4.759285
1.233274
3.699442
3.653721
5.498191
4.119342
-0.02757244
6.860831
5.428504
-1.11022
4.680569
0.1125187
4.876602
-3.66176
-0.05647577
-1.263553
1.824831
4.433418
3.801379
3.145737
3.48544
3.064323
-0.8755266
5.331211
3.763822
1.031133
0.4950279
5.275999
-0.1495945
4.628171
-0.954226
5.317365
5.941467
0.1412695
5.231273
4.498466
5.668613
5.020633
6.474318
0.8509864
5.108799
-1.186153
5.669031
5.200279
5.907935
-0.9400327
3.613368
1.944102
-0.9047713
0.6571854
5.69405
0.5277234
5.597159
-0.04443687
-0.179379
5.857047
5.373736
-1.085004
5.886026
5.15863
5.60485
-0.1191021
5.028148
1.708415
4.610585
-0.5963932
4.786848
2.515823
5.563501
5.932935
4.976725
5.960383
5.979454
5.561166
5.660985
5.657782
5.084912
1.356276
-0.6081646
4.24039
-0.9236923
3.78848
4.297399
4.75554
-0.224763
4.381147
5.097551
4.271884
2.331643
4.267236
5.457806
1.157058
0.4690673
4.322654
-0.1285941
4.144464
-1.172465
3.581526
4.189678
4.334154
-1.74684
4.702555
3.239856
-0.2244946
5.126896
1.311676
4.797782
-0.8308009
5.411927
0.9831462
4.789026
4.70644
4.873674
3.537624
5.10246
0.5276365
-1.589315
-0.5206533
-1.259933
5.537182
9.240691
-0.6615401
5.096751
0.607804
5.898123
-1.548011
5.88348
3.674182
2.834565
6.01167
4.428061
5.078905
0.505477
-1.48933
-1.131952
5.828067
5.240806
11.9275
6.082097
5.750326
-0.02422533
0.7665097
2.151229
4.730353
1.11951
-1.406684
0.8858162
1.129812
-0.4837562
-0.5737141
5.107617
-1.217164
-0.6901976
5.316545
6.085953
5.92936
-0.02429183
3.288958
3.561706
0.3644304
5.073083
0.5099603
5.161536
4.157928
0.8550959
0.6209447
0.3588953
1.527032
0.9045675
0.9261274
0.3773418
4.433227
-0.5220955
3.918974
1.050131
-0.749502
3.397842
0.1112591
6.294148
0.8063776
0.5522294
0.5913761
2.118734
4.606557
8.836882
3.71725
4.38362
-2.014732
6.651591
4.491756
-1.460154
0.5665436
3.699686
-0.1497056
-0.4580451
-0.6490618
3.89653
4.146779
4.48554
0.1514849
4.710875
-2.06902
5.044072
5.107857
4.486249
1.332324
6.03614
3.667464
4.805621
4.298096
9.816422
1.876966
-1.278879
4.37162
0.04298852
0.4812206
0.3095134
0.8044458
3.761289
8.001279
4.821618
1.736139
-1.682237
-0.7248938
4.106818
4.423226
6.205673
6.598872
0.02354192
3.685424
5.453454
5.342051
5.036946
0.7571645
0.832517
0.815876
5.311234
1.940945
4.483624
3.22848
4.469696
2.771171
1.596412
0.08059599
5.127509
4.692293
1.100103
0.696554
3.393024
4.725849
0.7603649
5.601255
4.866165
4.385531
6.245636
5.085579
4.536773
2.737715
4.162393
-0.06678984
-0.5512215
5.334273
4.110978
0.3299822
3.283808
5.096315
5.232026
5.511809
0.6388764
4.893995
0.3722257
1.620989
4.349347
6.14528
4.67445
5.181628
5.509115
-0.5303193
-0.03227788
5.939269
-0.6557233
2.86704
8.853467
1.218127
1.475251
4.250746
5.841859
6.526077
3.319267
5.496109
5.138328
-0.2602901
-1.1738
3.75868
-1.075752
5.545145
5.197494
5.078286
-0.3529799
0.6979573
5.211691
1.650378
5.180499
4.920555
-0.7894854
6.949758
3.139222
3.937448
-1.101036
2.107808
4.848476
-0.05300056
-1.043248
3.333721
-1.333212
3.784268
-0.3556469
-0.02817573
7.781201
1.008766
9.008807
-0.22982
-0.0579116
-0.8917592
6.139643
0.100296
-0.7803946
5.498086
1.231794
-0.5215476
-0.4027767
-0.2047113
4.79836
-1.248187
3.529006
4.804769
5.453685
5.919323
5.718512
5.504683
-0.9601142
-0.1330479
-0.09100328
-0.06178468
3.723036
-0.7048854
4.179988
1.443277
5.008848
5.910174
-0.4666285
-1.244662
4.962227
0.5726555
5.558642
4.02854
5.506548
4.659223
4.398704
-0.3916196
-0.004425426
1.543985
5.055645
5.329605
0.8677764
5.508573
6.750154
3.80998
-0.6686449
0.6514399
4.938885
5.390537
5.909952
-0.9884218
0.4554482
1.35438
5.830157
5.87867
4.134559
4.124344
0.7758076
0.4060752
5.089502
4.486862
0.4092952
-0.6516629
-0.08141149
0.6135729
5.245075
5.416149
5.065569
-1.422149
-0.6277459
4.688547
6.937423
-0.3957257
0.5380229
3.872507
6.876469
