3.893182
4.401716
4.983765
0.07603584
4.609351
0.3449023
5.709471
2.603038
5.523406
3.317611
3.688878
2.759245
5.407297
6.343457
-1.339114
6.401344
-1.000004
4.824607
5.339522
5.310709
-2.417003
0.6638616
0.1769989
6.5018
6.092226
0.1298679
0.05563807
3.492334
0.444982
-0.1806436
6.144236
4.210883
0.856948
-0.6913557
5.159496
4.50837
2.221446
6.777368
-1.012747
0.1613374
3.920239
0.2368115
1.619151
3.848002
-1.117734
4.944403
0.9445214
4.445516
1.152569
-1.539138
5.352276
-1.745461
4.118427
6.967125
-0.4042617
-1.812199
4.896465
4.770464
0.2059858
0.3673947
7.451298
7.552505
3.718115
-0.6305507
-0.2435723
-0.7769453
0.6921093
0.7278564
0.5437864
5.166911
6.018955
0.2835784
4.982477
5.455282
1.324856
1.092798
-0.6618075
5.137093
-2.647678
3.834843
4.519889
5.194729
-0.7474902
3.331182
0.376264
4.713238
-0.3452897
5.759971
0.4633528
0.8268238
-0.4547601
3.22565
6.699511
-0.02964569
1.713579
4.383861
6.200156
4.232569
5.607197
5.085147
4.227438
5.900183
4.752283
5.141744
5.526913
5.600262
-0.880441
4.841822
6.154556
6.674212
2.444597
3.509511
-0.9920509
-0.03800642
1.856093
4.166887
5.822074
4.150825
4.144022
4.716087
1.127437
4.480686
2.961387
5.086948
3.377682
4.735887
-0.3205845
-0.2502932
-0.0262893
6.064406
-1.200039
4.413698
0.165701
0.2372316
4.833407
-0.6227654
0.2692812
-2.641267
6.156175
4.776432
-1.004413
1.178218
0.1609704
0.7772838
3.197466
5.09536
-0.7399993
0.11705
3.67803
0.3511684
2.014224
-0.5688397
4.006349
5.717212
4.905465
4.477497
-0.150421
9.191076
5.030701
-1.446374
0.03159873
0.8298775
0.3025558
5.162341
5.241834
3.415951
-0.05886498
6.177945
2.491431
-0.1350693
0.5119965
1.217252
0.8538988
5.781196
3.930001
0.6957507
0.09860347
7.013256
4.860328
0.6879451
3.75577
3.385387
2.819107
4.31148
5.746005
4.535677
5.388735
5.633998
5.645075
4.191187
6.238272
5.750973
3.710127
0.4708811
5.68599
0.006210753
0.3564165
6.390318
4.311165
-0.8873768
-0.7449788
-0.7415994
6.953743
-0.09846946
5.244395
0.0667106
3.205176
6.318947
6.166535
5.79911
4.511798
-0.7211213
1.408815
8.574458
1.407734
0.3707442
4.796147
3.722035
0.6723812
7.152779
4.479388
4.666336
-0.3258937
1.303473
4.408027
-0.9349562
-0.2790474
5.064973
-2.394338
5.724579
7.718234
4.378596
-1.308295
5.111063
-0.282053
6.486758
5.486508
6.378731
1.83132
-0.4802243
0.3562085
4.647005
3.682046
4.546351
0.1668273
6.012113
3.47832
1.356563
4.584776
-0.5800747
