7.498578
6.236527
-0.9375824
-0.3400905
5.283875
0.5982154
-0.2188954
10.96967
0.4913584
-0.5888551
2.688753
1.389405
5.232533
1.919078
4.246675
3.494364
-0.6420259
4.78504
0.04150416
0.8856413
6.338269
0.9683179
0.6712857
3.784391
-0.3070715
6.896925
-0.02498085
-0.7254766
-1.447552
4.261644
-0.9259182
-1.475695
-0.712865
4.109051
5.384923
-0.6611095
4.636411
6.930236
-1.342972
2.013496
-0.5728006
6.28897
6.431193
0.6757089
5.425426
5.007621
-0.9063637
4.303429
0.3582422
4.187817
0.4303263
4.64013
2.1389
5.276389
3.557211
1.445594
3.411995
-0.06840939
4.718883
-1.869833
5.691443
6.05857
4.906072
6.800454
1.075521
-2.406999
0.2337428
-0.372704
5.621199
5.193766
5.856085
3.831832
-0.6892142
0.1347737
5.242077
1.900643
0.3476408
3.553041
7.172238
-0.09883855
5.910812
-0.1529518
1.268793
6.453069
9.799317
4.479607
0.7866149
0.2785084
4.38772
-0.0534839
0.5832568
6.067837
5.751745
0.5751235
3.881763
1.800081
4.989183
0.4846001
1.17135
5.117618
5.103603
1.68941
6.087216
4.310888
6.357138
6.268307
4.07207
5.357195
5.984778
1.272569
5.741859
4.799672
5.236888
1.377583
-0.2063535
4.924166
4.510456
-0.4427964
5.101401
4.582698
3.954634
7.35027
0.8028249
4.2052
4.926434
1.528548
1.607885
-0.7462098
2.40083
0.1934765
3.303959
-0.5484926
0.8153766
-0.6286175
0.8910178
5.375473
6.46867
3.220416
0.4529854
1.511318
-1.405637
1.125702
-0.07926816
-1.65721
5.201367
6.376094
5.779752
0.8547992
-0.9408519
4.512542
5.009581
4.045868
1.050829
5.204858
5.6204
6.344824
5.174648
-0.7052992
5.428448
-0.5940294
-0.3198363
0.09512131
3.492176
2.635531
-2.195345
0.7093317
6.241166
4.41447
4.909605
2.407706
4.206968
5.621753
6.355732
1.249696
5.39821
3.674311
4.740206
-0.7006772
4.747324
3.863806
4.081467
6.484664
4.791237
5.927407
5.319581
7.053446
3.78938
-0.2704721
0.9532764
4.810002
5.305883
5.883577
2.919996
5.369577
4.674635
-1.254463
2.59704
1.788685
-2.499837
3.555717
5.393672
-0.7168598
3.719439
1.03861
-1.208791
-0.4207837
1.546787
-0.4727303
2.907872
5.610795
5.05735
5.533598
7.137121
7.169384
0.6850977
3.537717
-0.4789816
4.577554
-2.048768
6.713763
-0.07872226
0.5311059
0.5460308
4.235411
1.242222
-0.08060302
1.144026
0.1242271
4.597851
6.389516
-0.1436885
-2.84656
3.520021
3.698306
3.731433
-1.179165
4.42853
-1.084814
4.111603
0.2671219
5.062276
-1.067219
4.277411
4.901105
5.979334
4.548702
1.73052
-0.1139776
5.927681
5.334527
1.565843
4.947974
-0.9341203
0.202212
4.022561
-0.9303261
4.445411
4.86927
5.644155
4.114342
5.350402
1.825764
-0.283228
7.347197
5.75191
-0.178271
-1.123457
5.103947
-1.169817
5.911498
-0.4409973
5.685315
0.04609597
4.616964
4.327468
-0.5363913
4.684414
3.838188
0.001620783
0.1804501
5.105304
5.669597
5.035313
-1.392023
5.299146
4.923754
3.981116
0.2902779
-0.2172919
4.962199
0.3530046
1.955723
0.2963604
4.046292
5.93551
3.569468
5.193158
5.645228
4.839378
0.295872
4.092838
-1.887553
4.087011
3.083518
7.089103
1.569206
2.012547
0.2811407
1.278029
3.922017
5.570121
4.704065
5.022151
0.22945
0.6304756
4.306075
3.538026
-2.356074
4.718501
4.267511
5.417292
6.835988
-0.4820387
3.609299
1.033198
3.486638
4.884632
4.487802
3.648922
-1.865055
-0.5692235
1.69715
-1.049402
5.277086
5.250116
5.394132
0.677361
4.508678
-1.264406
5.44101
5.334123
-1.254469
5.471801
-0.5487514
6.21791
4.986033
-0.3930899
0.7744895
-1.055947
7.981695
7.378893
-0.1717232
-0.61771
0.8643164
6.877698
4.271526
4.996503
-0.3272996
6.210698
5.185554
1.319018
5.075013
5.60777
1.90828
5.472412
6.215689
0.1212045
5.4158
-1.141459
6.672165
-2.264249
-0.9560053
4.823938
0.3759269
6.003623
5.017796
1.704083
6.565483
-0.89267
-0.2755273
6.359817
0.0478542
0.4842821
-1.070544
5.012059
-1.284062
-0.3204828
7.117237
5.589168
0.6628224
6.614361
7.000109
7.381701
0.6878264
4.201714
3.979546
5.028226
7.39123
0.9540474
0.2059498
0.3710648
2.869095
4.864536
4.810361
-1.163605
0.1262072
-0.7425787
4.184214
6.040993
6.239559
6.20539
6.702344
6.301618
4.604336
0.2832017
-1.615522
4.152259
0.9118695
2.996118
4.739812
-0.8585842
4.769053
5.529551
6.918588
4.578531
0.6850738
6.842812
-0.2983796
4.980618
4.622515
8.511184
4.866617
4.328368
3.621879
4.939777
5.668046
-1.840366
5.684097
-0.04276636
3.349766
4.668274
-0.6404493
5.872017
4.680775
5.455176
6.285991
-2.400989
6.247602
1.122723
-1.579851
-1.654486
5.234044
-0.5428287
4.574933
-1.026901
0.7729861
5.047926
1.604644
-2.051973
1.021043
5.652723
0.04860535
-0.465282
6.343677
4.066683
-0.1395572
6.964099
6.279286
-2.134984
5.121537
5.089881
2.265299
-0.02177661
0.5330644
-0.8644572
-0.4773609
4.037806
2.984292
0.03132788
5.25176
5.077931
-2.004256
5.704404
-0.8666502
1.018626
-0.6151682
0.3050454
0.3812888
-0.6853671
5.429207
-0.6624916
0.5235462
5.09406
5.808936
1.6482
8.562636
3.214908
3.990321
5.53882
3.927049
