3.989638
3.805916
0.6158527
-0.2511983
4.758162
5.142412
-0.210027
0.6877931
6.258765
5.17039
5.003682
4.692514
0.5227667
4.591056
4.987389
0.8725435
-0.01107986
4.556348
0.7186048
-0.4997321
3.965117
-0.6180469
-0.3759495
0.4583342
5.353435
4.133016
0.2007816
-1.724929
4.312956
5.760885
5.519617
6.211061
4.510553
-0.5083555
1.027922
-0.6526953
3.808326
-0.3876447
4.990957
6.476836
6.031809
-0.8651573
-2.093177
-1.449702
-0.6521894
0.53522
4.897374
-0.2437916
4.348203
-1.221766
4.923958
0.308248
5.752397
5.860424
1.936346
0.7956604
0.9265927
-1.361004
4.427578
6.351992
5.294202
-0.1001554
5.139663
4.690959
6.059366
-0.3178715
-1.398577
4.352806
4.406229
4.186056
6.242075
1.050956
-1.0876
5.496808
7.272122
5.607211
3.326004
6.892256
5.698514
4.697085
6.427338
4.217366
2.872346
0.6542344
1.324385
1.909824
4.387426
-1.085158
4.094282
5.85633
4.222358
5.890658
4.599657
5.849007
6.264027
5.677625
1.40544
5.154209
5.464096
-0.2333886
4.285451
0.3306087
7.610582
4.03539
0.003362179
0.001538774
6.01024
5.427115
5.264823
4.460905
-0.4094633
-1.23774
4.332677
2.93689
-0.2148051
4.53657
5.480246
5.801906
8.407329
0.1977994
3.702299
3.132237
8.075567
5.203671
3.78702
4.263086
4.722536
-0.5042677
5.6612
4.897628
4.577954
5.548761
5.65291
5.248562
-1.127788
0.09456346
0.929652
-1.628679
5.855876
5.27417
-0.9126531
5.045874
1.629111
-0.4055268
-0.7417449
4.461379
4.745437
8.483336
5.042952
0.0836856
5.133813
0.4220906
7.137111
5.829327
5.709891
0.5107734
0.2505509
-0.3098108
-0.08021053
4.874767
5.27367
0.4448921
-1.062552
1.945029
4.519041
4.055783
4.828597
8.431884
4.090039
6.084785
-1.829378
7.124346
5.942878
0.2104108
3.101018
4.304586
6.765643
-0.2410371
1.55806
4.361624
-1.300261
4.645199
0.3396284
4.867442
-0.527503
9.38339
-0.4252655
5.727465
1.100575
-1.972732
4.06979
6.059199
7.018733
-0.1871466
6.144268
-0.986232
0.4119614
3.622297
3.81211
5.189587
-0.5765602
5.169022
5.365693
3.037342
0.2327624
-1.270772
4.08526
12.26917
3.98617
0.2682091
6.579075
6.474359
-0.2834411
-0.4105873
-0.437486
-0.462308
6.225913
3.645771
4.943301
4.89071
5.035435
1.735676
5.269566
6.88775
2.942919
3.69724
5.044071
0.1190975
-1.01891
5.18185
4.132263
8.969058
4.984853
0.4625188
5.74499
5.816879
4.651943
-0.3612471
0.3099404
0.4250744
-0.05546814
4.961906
5.539711
6.182249
-0.7424785
5.430936
4.408035
0.1608127
5.415744
5.157815
3.373201
1.238768
0.6275133
4.246848
4.653971
4.158288
-0.5383716
-1.971029
-0.1082648
4.906214
0.09706042
0.3658597
5.663504
6.212472
5.40261
5.40051
4.821259
-0.4456653
0.741462
4.457502
5.309524
5.035151
6.430048
-0.8501788
4.084509
5.239613
0.4463764
5.989923
3.324876
5.809164
-0.17666
4.916241
4.193444
6.078849
-0.6538422
6.064155
1.691561
3.593306
-0.811099
4.186609
5.79116
0.8789595
0.308073
-1.497611
5.425601
0.4222597
4.190965
-0.4086691
6.609596
5.079224
0.3199796
5.755318
6.735623
-0.366321
4.947551
-1.557532
-0.3653236
0.506234
5.250974
7.343131
4.966739
-1.736524
-0.2253657
-0.3176333
4.118643
-1.761421
-0.3049103
3.657152
4.917553
6.299126
0.05791235
-1.177957
0.7449327
5.325993
-0.3595568
5.482183
6.323556
-1.92042
-0.440541
5.403125
6.155892
2.152844
2.735463
-0.445688
6.706336
-0.4032207
4.53226
5.503306
4.963191
0.9472601
-1.209708
5.050642
3.596522
5.544333
3.767416
3.066178
4.957383
0.02253478
3.092739
5.563183
0.8876313
6.897787
5.459843
-0.8182056
6.4731
3.920814
-0.8478179
4.281853
0.3697128
5.873603
6.65343
1.047367
6.45014
6.474016
5.161818
3.124271
1.424336
4.939867
3.120541
4.939421
7.797826
5.560957
-0.4436959
2.092406
7.472493
0.1931545
4.540191
-0.1015379
5.431986
0.291079
0.09045598
7.157842
5.875083
0.05527671
5.029687
1.009305
3.97259
-0.4974668
-0.0159715
4.271853
4.793997
-0.3857711
4.886509
1.488103
4.378031
0.9926047
0.1924512
6.18867
-0.2050215
-0.4495857
6.361791
5.708984
-0.1908267
4.669409
6.053848
-0.6276517
-0.7374617
5.340344
4.321046
4.07952
3.802527
6.007856
1.971463
9.421096
4.37328
-1.661933
4.018414
3.531998
6.2478
-0.6451806
4.502377
-0.3723123
-1.887347
-0.116275
5.843584
4.269235
4.690887
10.36691
6.078837
4.597331
4.554038
5.613278
1.090462
0.3657971
-1.115719
-1.303115
4.337219
5.658983
7.756674
0.253526
1.461409
-1.307657
4.670698
0.0939468
4.836399
5.650667
4.019937
4.761045
4.164686
4.764986
0.9325248
4.34351
5.311601
4.386151
5.266208
0.7610829
0.2108848
-0.2373192
5.513328
-0.9280031
5.925321
5.36665
2.25255
-0.1775905
0.09805144
0.3321111
6.204855
5.534001
5.899696
3.258364
-0.03568393
3.63427
0.8993956
-0.7568546
0.6420794
6.795576
4.723348
4.244115
3.714906
4.200518
-1.226187
4.569717
0.09336301
0.8149022
5.314147
3.967945
-1.47216
5.033544
7.206986
-3.052367
-0.5591241
4.630079
0.7576411
3.942492
0.2991463
0.5275927
7.572315
8.899548
4.244728
5.392124
