4.517354
0.5999797
1.479297
3.736558
2.171191
6.872773
6.208889
-1.002172
5.832889
4.745099
1.231427
4.867325
6.879931
0.3458522
4.957212
0.7596314
3.463271
0.8654607
5.332482
6.820878
-0.2836324
5.788944
0.8147628
1.398697
4.321737
4.307943
5.313234
3.547174
1.215473
7.048782
2.973949
3.874635
0.3931803
7.677194
-1.78018
4.056438
4.774284
0.2227241
4.600288
1.19446
5.156149
0.4424625
4.660449
5.071653
1.242679
-0.9869871
4.513367
5.851057
1.762168
5.093145
-0.4887595
3.738432
4.585655
0.8577748
5.773404
4.094113
-1.293304
4.607777
3.374286
1.38357
-2.411431
0.04459604
4.920516
-0.3238295
2.134155
7.353116
1.482689
-1.542639
5.626041
-0.877474
6.27312
3.939533
5.340496
5.100561
5.232179
3.268417
4.824563
4.902128
4.162141
3.568526
0.3980282
3.518981
6.156605
0.03834523
0.689771
1.480402
-0.3666605
6.763099
-1.505583
5.311536
1.593012
5.2742
0.8324791
4.857977
5.318387
6.339815
-0.184083
5.318544
3.241702
5.005195
3.52841
-0.2960709
5.279922
4.603457
4.330306
3.895515
6.526185
0.2377335
4.359643
8.566378
5.930289
5.133273
3.854318
0.3728822
-0.9337239
-0.002301274
-0.9880937
-0.5738099
5.065291
6.919609
6.218762
6.309657
8.284251
4.894344
-1.095029
5.854722
4.669229
5.180464
4.456577
-0.8736102
-1.174638
6.37822
0.2486358
5.150632
4.463943
-0.2095817
-0.6568007
1.127245
6.333525
-1.140919
3.566403
1.52149
0.623301
6.617328
5.796644
3.943436
7.695735
5.507567
-0.05205812
4.082471
0.727781
6.639009
5.127767
0.5447387
5.307846
-0.4918304
1.450418
3.6506
3.458914
2.572293
2.966936
0.4903987
-0.6752082
5.086982
4.048859
4.116112
2.773291
-2.65484
4.941497
-0.4463364
4.033176
4.288191
0.6312128
0.7068621
1.636178
5.383114
3.780554
0.5179863
-0.0212417
-0.6282714
6.419085
4.379911
5.012239
4.0663
4.536064
5.403136
4.218477
5.281101
0.3473142
4.799929
5.243843
1.988798
5.027811
-1.140029
5.238502
-1.187211
5.601839
5.162627
0.140416
3.579828
4.529198
6.234927
9.537427
-0.07015916
-0.8524989
4.753581
4.360121
0.1915272
5.411783
3.964412
-1.587969
1.574352
-1.50785
7.416687
-0.4546363
6.115884
-1.842902
-0.2443171
2.876282
1.516855
4.984725
4.773068
4.796666
5.382334
4.289829
-0.6869325
5.340673
-0.4863746
2.389723
1.705897
1.450212
1.167917
0.6484515
-1.415591
0.8292652
6.072961
5.429014
0.3101412
-2.329387
4.005553
-0.4932057
4.711253
2.161843
2.435674
8.613391
1.552025
0.7566056
3.402179
1.312589
-0.2618557
