5.870734
0.6918546
5.062931
11.2737
4.068592
0.2910462
5.958476
1.241701
-0.3608627
4.398208
-0.320051
-1.399514
0.8351046
1.172781
0.4056434
1.013983
0.1465944
4.556589
5.132009
5.230743
-2.012143
6.177531
6.051754
3.975187
-2.062872
2.220609
6.278205
2.863725
3.810766
4.807299
-1.480267
4.997416
-0.01333468
6.94131
0.09606219
4.48039
-0.1089062
0.4170927
4.760056
0.204083
5.013116
6.173659
-1.713841
3.633628
6.556825
3.520002
0.03576242
0.6611664
5.916949
4.108716
5.140026
4.768383
1.247469
4.451017
-0.08925718
-0.02727245
-1.797973
0.4662638
4.307158
3.873896
4.149379
4.763956
4.195075
5.524142
6.587565
-0.637938
6.574206
3.532138
0.1264989
5.515326
0.4469275
0.1994726
-1.872484
4.459575
4.765838
5.69816
5.274317
6.108757
4.066836
6.55972
2.715792
-0.9963071
4.589044
0.1842995
5.020294
4.914184
-0.4219584
4.438172
3.424909
3.95333
-0.3607505
-0.4278188
-0.283006
4.38393
-0.1342215
-0.2256239
3.578284
4.017893
0.5540248
-0.6700307
-0.4419278
0.2353336
5.683057
5.452277
0.6653508
1.860348
0.8310859
-1.036688
4.137822
5.843415
2.728606
0.1912301
1.226235
2.861752
5.605319
-1.07821
0.01018355
0.283651
3.948199
5.386273
4.931118
-0.1626838
-1.20659
6.080028
-0.06909913
5.702521
6.052939
3.846267
4.086788
6.558045
0.6450776
4.868908
-0.00152957
0.2695725
4.577361
6.528736
5.843397
1.953364
-0.5169285
4.732246
5.091027
-0.2485091
-0.9437551
1.193571
6.236321
4.074241
5.536426
5.752503
9.970129
1.690092
6.913669
5.251573
8.184892
5.960131
6.070443
6.571609
0.5351082
5.488383
6.051961
-1.745648
5.820245
5.925421
0.4395346
4.627815
6.112826
-1.855397
6.838474
0.6222681
5.553899
5.862851
1.536673
5.775391
0.03212144
4.667949
-2.146817
-0.7981874
-0.6128527
4.400445
5.275116
6.161965
3.236435
4.309493
5.582095
-0.292191
1.490116
-1.064031
4.240958
0.7149087
5.175048
3.120916
10.03399
6.36416
0.1673722
4.958547
3.002066
0.426549
7.387846
-0.202633
0.4127709
5.54055
4.967791
5.084074
1.681264
5.082992
5.775133
9.8502
3.786511
5.316731
4.1598
4.313252
-0.3148584
4.426444
5.100567
7.249862
4.270992
5.104022
2.646969
2.201094
5.761152
4.841754
2.903239
3.970151
-1.010323
4.526004
-1.547651
4.392398
5.396651
5.764713
2.989741
0.204761
5.17324
4.61092
0.617649
5.59367
1.738186
7.127585
3.281818
5.060742
5.181992
4.733575
-0.2451148
5.818223
0.8466682
-1.363024
5.096576
6.641944
4.527674
0.5163783
-1.306271
3.525482
