4.799565
4.13037
6.187567
2.405119
6.348302
0.2212161
5.168071
4.435023
0.4209145
2.780928
0.695964
0.4295971
0.271288
4.637152
5.398522
5.858475
0.1483152
-0.2757949
5.482029
3.242987
3.881552
0.6388791
5.366054
5.042404
4.686179
3.503126
4.697906
-0.4214037
5.623467
1.633479
6.005959
4.002728
5.205351
3.696986
4.954082
5.257953
6.710596
4.464727
-0.4793177
4.948465
5.179599
5.937615
0.7452059
5.593271
5.589798
4.968727
4.651916
3.666262
1.299275
0.1447393
1.074886
0.2649289
1.645533
1.552058
4.935397
5.333923
3.997701
5.39519
-0.664921
4.411739
1.156337
0.1346419
-0.6609752
1.306693
0.3039398
4.561286
0.1080814
2.517039
4.109778
4.653111
5.655217
1.451801
-0.8248813
0.9411956
4.109517
4.883386
-1.409244
1.071827
-0.3648397
0.3654261
4.991352
6.659643
3.923743
0.4639609
6.022767
5.132979
6.51193
4.902031
4.739826
0.3691939
4.202367
-1.097754
-0.5993576
5.23249
3.993364
0.3523341
4.282603
-0.0737446
6.052622
5.697835
0.6124147
4.890091
6.69986
1.782078
1.217291
4.134453
5.973766
6.230151
5.065275
0.09184174
-0.5235413
3.138278
-0.6555215
4.13392
7.291352
-0.4098604
0.5452764
3.474975
0.04749326
-0.2057907
1.524312
-1.354621
6.275626
3.513225
6.721324
5.760382
0.1102995
-0.2191096
-2.493465
0.1771458
2.228151
4.846298
0.05577588
5.4855
4.106937
-1.529332
0.7142002
0.3490863
-1.16773
2.170213
0.1197688
3.518555
4.936587
5.358984
5.855649
5.292312
0.4895367
-0.3329311
1.574335
5.531688
1.17817
6.620179
9.465822
3.554486
4.905227
0.4929672
-1.259736
3.178934
2.909042
5.889876
-1.224849
3.709874
4.329821
6.046314
5.234105
4.84179
6.362111
4.43627
4.386707
4.703038
0.2168615
6.768719
-1.02564
6.020709
5.936724
5.898752
3.270452
5.241692
-1.293741
0.9796365
6.938924
8.600448
6.578296
5.841191
5.264072
0.8497186
4.417791
5.342278
7.38876
1.263531
5.32212
7.96692
5.87912
6.03195
-1.390661
1.792576
4.044239
5.141654
0.6136976
1.337161
7.765802
-0.3663766
5.019551
4.675017
3.35943
4.344671
3.997343
4.730939
3.86139
5.38539
-0.3210234
5.712739
2.364306
6.266705
5.739953
0.5323072
4.529291
0.08735108
6.94287
-0.8785248
4.897096
0.7319786
0.4119039
-0.890709
4.667271
6.698017
6.436193
-1.824159
5.805947
-0.6420173
0.7865267
4.079429
7.880477
1.186184
-1.127269
6.400253
4.548724
5.511179
3.522304
-0.601219
6.075334
-0.5110492
4.826394
3.435125
6.148465
1.034328
4.968441
0.1292899
3.018416
0.3908423
