4.237354
-0.1557453
0.8553607
7.713729
0.3517435
7.188503
-1.534954
5.336299
6.196305
5.678181
2.03854
-0.9454876
1.029014
4.898493
5.124092
5.822304
0.2921607
5.248973
3.012
4.64409
6.594668
5.695568
4.774512
5.795846
5.993347
3.3761
4.664036
9.787862
3.100753
4.272384
4.073277
-0.5705804
4.898146
6.761365
4.431081
0.3233411
4.346576
1.358372
0.7637836
6.16118
2.61153
3.838926
0.3196493
0.7201182
-0.05923966
1.180254
-0.5762187
3.715031
-0.0056917
4.252406
4.853435
0.03070858
-0.01292092
1.362411
4.897169
-0.7385861
1.071496
-0.1121812
7.785091
4.354935
1.081913
3.95835
5.998296
-0.1929755
-0.4490325
3.718136
1.02424
4.972881
7.248004
0.3306227
5.667118
7.92949
3.988047
4.311072
6.921826
1.22177
5.501883
-0.5762866
4.14868
-1.480107
-1.502744
4.670761
-1.836483
3.939187
-0.8330197
3.599592
5.346333
4.089399
6.133742
5.029337
4.931877
5.889006
6.501906
4.479819
7.748
6.030751
0.245454
3.985261
0.9880423
4.65432
4.578205
-0.2485512
-0.03687583
5.556361
-1.816687
-0.239664
6.241063
-0.5842403
3.992622
3.987662
0.5157067
5.840036
0.254884
-0.9247746
3.144838
5.466137
4.727523
3.799025
6.851312
-1.040518
6.84955
0.4720351
0.3802369
2.891351
-0.7629372
11.31605
0.8602039
-0.939481
1.1761
5.479172
4.38831
4.531508
4.259828
-0.1624174
5.185774
1.782812
5.253199
-0.0490175
1.060979
5.26516
5.000225
0.7618256
6.011788
3.022593
0.6064074
3.549561
-0.1571759
5.661884
-0.00343897
5.489755
1.337301
3.898451
0.4468653
4.467666
0.2024544
-0.8672713
3.810161
0.3956828
1.142509
0.09526414
4.35142
-1.446159
3.574801
3.698656
5.734156
5.174501
3.650948
4.405465
3.321517
8.034477
5.231105
-0.8955085
5.34993
0.3046579
4.709883
0.3023452
5.104851
5.21546
5.072422
-1.575311
0.6044448
5.419438
-1.306173
5.444312
3.278811
5.767487
5.953321
-0.8351826
4.975925
5.685481
7.908704
6.175096
4.812674
0.9196181
4.058271
-0.1725383
1.425853
5.620205
5.00694
1.948137
3.083805
0.125571
4.721097
4.685543
-0.3308772
-0.6455777
4.466627
5.467575
1.979922
0.5442606
-1.226608
6.851464
4.099921
0.2809149
-1.182868
-1.183933
-1.322973
5.082079
3.448115
7.224383
5.358263
4.076739
6.015057
5.755101
1.07933
4.165733
3.579434
0.4118246
5.040509
0.7147209
2.577713
5.335227
5.176115
6.038598
5.800517
-0.4960481
0.04515856
4.329825
6.663745
0.4705515
0.385532
5.68439
0.4434511
13.07206
-1.678481
1.190158
4.916662
3.440023
6.878013
0.7901998
5.011295
-0.1623429
3.635857
3.030965
0.5289875
4.544828
4.799584
0.0717501
5.810123
4.747105
5.065726
5.543069
5.908639
6.408676
6.517482
3.188382
0.3128923
5.551035
2.030892
5.23046
4.108312
3.858833
0.7147967
5.108314
5.691092
-1.032195
5.742917
0.3721403
5.041481
-0.6214473
-1.003298
4.025698
0.4094838
-0.7127657
6.799757
-0.4558964
4.726203
4.444888
-0.3123771
-0.8450193
0.3702296
2.95104
-1.148625
-3.203224
0.208262
1.187203
1.110825
0.304026
5.877235
-0.3970338
3.916788
4.536619
6.467772
4.259662
-1.266048
4.314054
0.7522517
1.455948
-0.6963393
6.442711
11.47037
5.818832
3.303689
-0.8902159
5.367307
5.029585
0.02907764
-0.2680714
0.7467329
6.236836
5.649048
5.353272
4.9149
4.623118
-0.6271073
5.209633
6.329841
4.915307
3.517542
4.117044
5.945984
3.898314
0.50844
-0.1300449
0.4247304
-0.2943069
4.120043
1.585315
7.345008
-1.310217
0.6088611
-0.7396833
-0.3680995
0.9302065
6.026248
5.598856
4.967068
5.460925
0.2460821
0.4858652
-1.161438
-0.06186821
4.627632
4.520194
3.561276
5.202255
2.991476
4.247451
6.763415
4.502165
-0.09230073
-0.02618555
1.659111
4.098961
5.827377
6.418047
0.8357608
4.117896
-1.823253
3.91639
-0.3553901
6.668942
5.767495
-0.8229656
5.633356
-0.4457857
0.6935161
4.923998
4.277196
9.511198
5.410977
5.911585
1.771551
0.304224
1.275997
5.619452
5.536112
3.343273
-0.2611168
5.628446
0.2393493
-0.07643678
6.81024
0.9207271
-0.2912365
5.702948
4.826119
0.08796274
1.019291
4.653549
5.708146
6.128485
4.577551
7.877862
0.06586141
-0.5756853
-1.413894
-0.840509
4.87148
0.4697871
-0.6444087
1.105924
-1.154807
1.196279
6.728905
3.053602
0.3285165
4.457327
5.526004
3.169471
5.496573
5.15827
1.005046
-1.566351
5.764851
1.863069
2.595168
0.1790445
-0.2164119
4.553433
0.8285695
-0.8800974
2.69526
0.3790002
0.4773565
-1.55258
4.613506
3.985924
0.3171237
-1.398955
4.430951
-1.214698
0.4934713
0.3157672
-0.2330854
6.945372
5.049097
-0.2461367
-1.876054
8.971333
5.331853
6.505395
4.4241
-1.016019
4.107838
5.129601
5.907584
1.730629
4.283353
-1.184514
-0.9252069
-0.5081745
5.330594
6.534733
0.6985567
2.46391
0.9828122
0.2721747
1.911449
6.137726
1.402809
-0.2498889
5.607554
1.09641
-0.3514747
0.4684634
0.8441815
5.151276
0.8895496
6.502459
4.554331
-0.4813641
4.21782
5.474497
6.913431
4.559539
0.919713
5.251571
0.3092787
5.013401
5.219133
5.086702
2.201607
5.919497
-0.2291046
2.11079
6.357795
-1.986033
10.1504
5.589338
