3.097419
4.862713
4.247449
0.1355042
7.555373
-1.151155
0.2401356
4.903851
0.2722128
-0.9955282
2.281993
3.777718
4.068287
5.173834
0.1576749
6.147696
0.1871113
7.002664
5.505494
5.251975
-0.6519394
5.795775
4.469921
7.441164
2.093591
6.64514
-1.59938
6.293658
2.378883
0.1272125
4.509149
-0.6161524
1.889085
5.378581
-0.04052201
5.503032
5.490823
4.612259
6.001717
2.076252
3.231942
4.609855
5.425666
5.5992
-0.2710557
6.171527
6.590591
0.1815105
5.118879
4.946021
4.077538
4.237706
6.097018
1.928152
5.632107
6.134001
5.938356
4.294389
5.371239
6.170263
1.774041
-0.9949648
0.9301065
4.906934
0.2182789
5.405095
3.023651
4.038148
0.9150625
4.655202
-1.315648
0.5594967
5.757954
5.312697
-0.4312783
6.246883
0.5112989
5.941488
5.658348
5.096898
5.012895
4.237721
-1.43343
-0.5062507
5.425395
0.02137223
4.469199
0.2761092
6.220017
4.32106
-0.330639
5.228504
4.199817
-0.5097816
-0.794382
1.60237
4.375423
1.521694
8.256702
0.1493826
4.941216
7.260094
4.951703
4.476136
5.590891
5.184147
3.824381
5.882438
-1.483763
5.803738
1.07093
5.50304
5.355199
5.048047
4.799949
-1.094475
4.723319
2.993058
6.254385
5.812531
5.443546
2.061277
4.698341
4.066103
-0.7278917
0.8520936
5.721088
4.877736
7.710449
-0.8233984
0.3121704
-0.6130413
0.1765062
-0.08406172
0.9017205
5.833439
2.639459
4.711114
5.928916
3.812666
0.5219146
6.725793
-0.2269744
5.222387
7.129142
-0.0005719075
7.20545
6.328728
0.3761508
-0.6987374
0.1584346
-0.7500262
1.382683
5.716044
0.08540706
3.310266
5.854026
0.7938776
5.616123
5.419906
4.864417
6.192306
0.8317946
6.428586
1.746142
4.160913
0.1136163
5.512261
0.1268623
5.841443
5.810495
4.571986
4.666061
4.650606
0.7805845
-0.6575658
6.509616
-0.3921393
2.636502
-1.331501
0.6337644
-0.9837204
0.8641424
0.1814724
4.78885
-0.1155006
4.411931
-0.6148964
6.747093
-0.1834918
1.685321
1.778874
6.360512
4.482161
-0.7289578
0.866676
4.552854
4.035102
12.26952
-1.718293
-1.918465
-0.206294
7.90886
-1.120445
4.474842
1.73895
-0.9793715
6.290217
0.7840131
5.986552
4.386785
5.18658
1.619524
0.2288655
1.027834
4.397013
4.756002
5.5908
5.199082
7.282504
4.901025
6.1788
4.545929
4.680607
0.9178193
4.795531
5.311559
4.019776
3.864199
-0.7133388
1.295821
-0.1655905
5.347888
-0.1247839
3.199552
5.677513
3.828271
0.05127121
4.198148
0.7074474
-0.0724477
-0.2538929
-0.5824337
3.251403
0.2687929
-0.1877859
-1.119041
1.245098
6.095094
6.677623
5.840245
2.508682
4.243194
5.429006
4.890832
6.467357
4.252231
2.081629
-0.6458474
-0.2807128
4.424605
7.529176
4.212497
5.256244
5.392435
0.7791902
7.084313
5.787135
6.283179
6.564568
0.2673939
0.1102725
-1.799542
6.289265
4.672034
-1.124595
1.183285
1.143305
-0.7356213
0.3288677
0.06771871
-1.318221
5.9853
4.005333
5.29867
5.766218
5.480199
4.40314
5.920191
0.1049178
0.8241876
2.007552
-0.0542797
4.89248
5.130577
3.777267
5.458487
-0.8709501
-0.6301063
5.93206
-0.3249858
1.07853
3.020235
5.592268
0.2298749
-0.2206734
1.011199
2.196637
5.669744
0.7704229
-0.03670462
-1.167972
5.193635
5.159338
7.850356
6.679684
5.66712
2.738894
-0.05909695
0.2506312
-0.6138401
0.4331111
-1.327565
-0.7642734
-0.637868
4.652343
1.117896
4.716821
4.33363
6.038665
0.2894104
5.839734
0.1595162
5.122066
-0.455515
5.038498
2.378723
3.145307
0.08921704
4.393444
4.67403
-0.294209
-1.125368
0.0107098
4.474525
6.319708
4.887308
4.700708
0.1942083
4.018874
-0.2305362
-0.1508343
8.112866
-1.891056
3.994177
4.434076
0.8114871
1.790429
5.820782
5.388275
0.5346371
1.353338
4.749282
1.238833
0.3840309
6.558135
-1.625349
-1.47146
4.443085
4.142619
2.455239
-0.01095529
9.826535
6.357766
0.653977
5.326589
-2.131939
-0.9976493
-0.864741
-0.967621
-0.5903558
5.40577
4.933333
5.081149
-0.1939625
-1.261577
6.374022
3.42662
0.2166994
4.024774
0.9618545
4.726014
4.491981
4.151419
4.144696
2.071649
4.26431
-0.9811896
0.5163731
2.251735
5.748471
5.475524
-0.9721262
4.3448
4.198563
2.225044
0.9772321
-0.2556256
4.126999
0.5844437
-2.243684
5.267669
-2.244216
4.738748
7.110935
1.720306
1.300363
6.279663
0.1864828
5.873388
1.151465
5.10337
1.905926
1.157758
0.2275745
-1.139343
1.756509
-0.9595534
4.3046
6.100963
4.093144
-0.3525916
4.55536
0.5719819
0.8984878
5.13895
3.038312
1.233446
6.040242
0.474875
3.345747
-0.1296421
0.2591108
0.1157712
0.2909725
-0.4668022
1.942485
6.261731
-1.845021
2.045021
6.042258
6.178517
-1.026937
2.001516
0.03276569
0.6944138
-0.4079636
5.517927
5.26996
0.01769506
5.278044
1.563654
2.144469
0.4493735
-0.9624171
5.505055
3.24706
-0.2409139
5.14575
-0.4188107
6.376235
0.6802259
7.734114
3.589228
4.71191
3.931665
-0.9585641
8.524562
3.248017
1.225342
2.180523
6.408926
4.541531
3.670356
4.30858
0.1391085
6.238524
0.8638001
3.977435
5.84848
-0.2654687
0.2601453
3.544407
0.6173651
-0.534145
5.990045
6.689499
4.649871
-0.4213517
0.3432963
