6.307942
5.209245
5.031664
6.072602
4.710466
6.697067
1.193758
7.790603
-0.3376625
5.174839
3.578186
0.5477735
4.610138
0.1343313
6.978592
-0.3326485
4.74702
4.832728
4.951322
5.614976
4.769845
5.426244
3.560774
-0.4262951
-0.1645027
0.2160284
4.838653
3.805026
5.458353
1.542663
5.045998
5.733413
6.323913
5.016566
5.063664
-0.9906852
1.906035
-0.1028672
1.934488
-0.03057054
1.526635
4.707557
-0.106367
-0.9391386
6.253528
0.0028838
6.680306
4.372109
3.509985
-2.299937
4.557529
-0.06540836
-0.7787457
-0.2345789
6.387297
3.780649
-0.7214237
0.07718248
-0.7246207
2.512077
-0.4442631
5.549763
-1.628637
0.1586972
2.57239
4.918584
-1.265489
6.641177
0.6026437
3.718993
6.037469
-1.8706
0.2302541
4.247364
3.447704
-0.1685937
4.888231
4.610892
5.266187
-2.862883
5.343702
5.015227
0.7633209
4.983336
4.231535
-1.96471
1.229189
4.019381
0.4553435
7.594197
-0.4259752
0.5194813
-1.429642
-1.068656
1.159519
3.899657
5.943685
5.012318
8.481226
8.688953
3.767062
0.09696801
4.613086
0.6957537
4.850425
5.459871
7.040903
-0.8406322
5.485298
7.918431
6.670261
5.155628
-0.2896617
0.8514745
-0.619158
3.977902
4.087696
6.681371
-1.149542
5.438392
0.6431257
4.926115
-0.357523
1.572999
-1.147976
0.450918
3.842515
-0.4062621
7.550833
1.866449
5.835208
-0.06954528
4.48533
-1.001143
4.785811
6.276699
5.004476
-0.2252774
4.840882
5.724433
-1.630897
4.420207
2.199617
0.06751176
5.799913
0.2148278
-1.424279
5.307868
4.28189
5.587678
0.850951
7.23907
2.213861
4.470142
-0.7247019
-0.05929657
4.792677
-0.2278086
4.851659
4.717432
13.07072
2.890442
-1.922458
5.765085
7.665533
-2.421513
-0.007130576
-2.384004
1.521707
-1.473074
0.9348079
5.676239
1.076746
5.360612
4.286218
7.398581
3.112257
6.383016
-0.2368992
7.054203
4.061502
5.194809
0.5403552
0.6189042
1.914309
3.905528
9.151034
-0.4202531
4.685868
0.5264544
6.311011
0.6917851
2.717708
5.24141
0.2066215
5.285912
6.998543
5.886655
8.262696
6.901101
-0.0171297
0.4246817
-0.4599181
1.13958
0.5021676
4.662918
5.600218
0.03205256
0.4116706
5.59263
4.302982
-1.484308
3.057524
4.602268
4.737149
-0.7556082
0.344211
0.588969
-0.08495057
-0.1138351
11.09658
0.03258949
1.083668
4.603069
-0.5897638
4.009453
-0.6328802
0.8460485
5.251531
5.946614
5.782328
5.884467
10.70223
0.8122186
5.576309
1.097961
-0.9341754
3.785678
4.379485
5.902328
1.466535
4.920897
8.032449
6.981539
4.529677
5.566533
0.5955509
7.483295
-1.068345
-0.03414351
