5.429327
4.486851
7.477781
-0.4268274
5.813296
-0.1217895
3.749879
-1.141744
-1.110343
4.405165
4.394485
4.780474
4.1961
0.6006916
3.790428
-1.627572
0.9607223
7.241853
2.443131
4.871724
6.607048
4.115733
5.802589
6.320787
-0.9000538
5.17202
6.267398
8.793426
4.801146
4.113336
-1.305145
0.6435024
6.077877
-1.529165
5.079199
-1.050208
3.645856
4.365206
4.053951
6.348161
-1.651607
-0.1480913
-0.956222
0.3621347
5.04134
2.684643
0.6087697
5.661064
5.551611
5.612299
-1.184949
4.174082
0.3029042
6.03308
-0.2454797
0.1220073
-0.1030872
5.382719
5.097216
0.06751745
-0.8021197
1.56651
-0.7108331
4.489569
0.9435797
6.038748
0.007644546
5.306498
-2.125878
5.236956
1.157166
6.387678
0.3584378
-2.526668
2.942212
2.647783
2.995367
7.636761
0.8395696
3.146692
0.5033243
-0.5267343
0.7708919
6.844336
-0.6071491
1.182339
0.1363903
-0.5275435
5.839585
-0.3867407
4.496517
3.540711
-0.8864094
7.180678
-0.038212
-2.955209
0.009850049
-0.2156454
0.9324854
6.319554
6.226522
-0.5778375
3.52974
5.232586
3.47788
-0.3008294
3.587971
6.378419
0.6573486
6.070452
6.303299
0.00779764
4.735097
4.925634
4.951119
1.059059
4.048891
3.974819
-1.056479
5.249084
5.844698
0.2523316
1.413414
0.3681806
0.9849804
0.3119301
5.131895
1.19812
6.919953
5.000667
3.678717
0.6519872
5.55043
4.647873
4.044819
5.399243
0.4692372
2.062936
6.164493
0.4108816
0.6508446
4.646327
2.239115
-0.5700954
-0.8585692
5.226939
6.492652
-0.4232321
-1.087955
-0.9128565
5.119713
-1.084864
5.094518
5.418368
-0.3051198
7.095088
4.428298
-0.8833177
-0.9392351
1.310893
6.075459
5.837799
3.810751
0.6067745
5.571675
-0.7997
4.883326
4.201343
5.390144
1.596702
-0.5357848
5.57953
8.157609
5.173126
2.039263
-2.285986
0.5531032
3.412775
2.29801
4.366487
6.243824
4.712367
5.459178
-0.6852304
2.994171
0.9564084
7.644105
6.69842
5.813035
4.993377
-0.7767603
7.534722
1.207674
4.585465
0.6138619
2.369371
0.2801762
5.070669
5.825125
5.641549
-0.4045222
5.8085
4.309446
-0.1488554
-0.3457759
0.5861894
4.209394
5.126444
5.863637
4.365105
-0.9417862
7.277923
-0.09784168
4.805961
1.487932
-1.82264
-0.8937523
3.829687
4.128596
-0.7017828
-0.02413402
6.678848
5.395173
2.869761
4.593331
-0.4711781
0.3733267
0.524338
1.355036
4.015574
1.982811
5.063501
2.120377
6.537563
8.081559
1.405674
0.3098741
5.000648
0.1665182
5.017024
5.020335
0.7413154
3.794845
-0.09517945
5.069024
8.408727
0.2234838
1.008196
1.007819
-0.01344658
5.336654
0.5801075
5.513226
4.698436
5.363623
-1.056611
4.903798
3.867609
-0.6011223
-0.1784368
4.454071
2.16988
3.577212
3.106948
0.7017457
6.285938
0.1834837
3.606976
6.565478
-0.1533882
1.529059
4.025434
0.2419124
6.19932
5.413802
-2.483074
-0.3327199
5.474306
7.264293
-2.745858
-1.124742
4.565857
4.357706
4.480044
6.204833
0.0862442
7.36715
5.696948
5.648862
4.974941
0.3546072
1.034493
-0.6472706
2.876345
4.589597
4.078718
1.898632
5.763437
5.101485
-2.007701
4.645477
5.100035
0.4768169
6.103433
5.339849
-0.3547153
-0.3260759
5.732166
5.364006
6.36406
3.212953
4.823401
-0.2648382
5.589987
5.240134
11.05667
-2.901804
1.121694
-1.46577
3.977191
0.4184798
-0.6093334
-1.568752
0.790056
3.346646
-1.802009
5.740772
0.7392859
9.93142
4.591194
3.880731
1.635331
6.115707
5.147682
4.792995
3.959779
-0.4824027
4.823128
4.766759
4.437645
4.723702
1.012487
3.658601
-1.018439
6.082458
0.6443187
12.50196
5.266043
5.100058
0.7538466
-1.036883
6.486998
-0.4191947
3.098956
6.095772
-1.719091
4.291225
0.4627691
7.43565
-0.2617675
0.6630603
2.430428
0.5085157
5.07934
-0.05101928
-0.7837651
-0.7240145
5.703508
-0.1507182
4.955585
10.93826
-1.231434
5.184779
0.8242808
-1.840942
1.323636
2.761
0.6827677
3.566885
4.100072
0.000172228
0.1245295
1.875958
5.051137
5.986366
6.87931
5.89564
5.52426
-0.9776767
-0.1358897
3.681452
5.762887
5.201643
4.291826
5.722256
-0.3053938
3.278096
3.487319
5.296438
-0.2152355
7.903399
-0.7679681
3.398678
1.528082
5.507443
-0.5564907
4.342583
0.1446793
0.4990285
4.921652
5.268353
4.574371
4.892904
5.772167
5.852684
5.37421
4.053314
0.5080135
1.408403
-1.617678
4.302091
4.149668
0.5616445
5.397979
3.870954
5.086322
-0.02476847
4.694164
4.45159
0.6701281
1.966062
-0.4266438
5.24374
6.241248
-0.9804569
5.719626
4.303973
3.652695
-0.6086204
3.239051
4.007145
0.6882326
-0.3756769
-1.096962
6.121397
-0.02227053
1.1122
0.5744857
4.765918
6.382268
5.449771
0.07754535
6.238022
10.79201
3.965617
4.037334
7.266504
-2.391038
5.195691
7.915971
2.808063
2.611877
4.700413
3.836759
4.022725
5.062438
6.471192
3.693171
6.908208
-0.3956407
-0.3821264
0.4812833
1.899149
9.400374
0.06172342
5.279444
0.0585556
4.535086
3.186705
4.573877
3.703976
-1.241262
0.9615966
-1.738969
5.578811
5.157064
-0.9620339
-0.212694
2.453363
4.715179
1.120125
-0.9980761
0.3384696
5.163546
-0.1961669
1.963424
4.454445
5.73935
5.810887
-0.8064682
3.246595
1.443244
0.5802684
6.584162
6.964534
1.110599
-1.833598
5.40637
1.904247
4.487346
5.45385
-0.05747478
0.219693
8.310346
-1.559282
8.043949
-2.026706
2.522038
3.377759
7.902783
6.13194
4.914394
4.585113
6.499924
-0.1855017
4.352281
3.366081
3.012546
-0.9673619
4.196725
1.012794
6.392551
-0.2851177
-0.1805534
0.7857579
5.472918
2.939959
-1.884574
2.526266
7.170893
4.342677
4.613288
-0.1879684
6.071856
4.772573
1.993168
0.5934821
1.001083
-0.9417127
-0.8055161
0.149053
5.011736
4.253401
-0.8627679
5.237861
-0.1505367
-1.716108
0.6827013
0.08133852
6.633878
5.441038
3.983957
-1.101271
0.7904523
6.34223
4.574617
6.199814
-1.649119
4.395425
7.889104
-0.5572316
-0.5419365
0.5930336
9.171341
3.960202
2.160322
1.091377
-0.1861468
5.327745
-1.642129
3.823687
-0.4589512
3.566005
5.512595
4.187216
7.898161
7.131046
3.387021
6.104958
6.776998
0.2880651
4.412309
5.820649
4.971818
-0.002648187
5.620665
-0.8750265
1.722244
-1.223411
7.470859
9.435827
5.118232
4.298961
-0.693887
5.506664
4.039324
3.668739
-0.01786745
5.363711
1.353841
-0.330172
4.816631
2.816063
4.1819
7.296954
-0.4953215
4.083846
4.523197
-0.4706795
2.147824
-1.622901
5.477796
-1.837563
4.731435
-0.7565649
5.208162
-0.03432132
3.726216
-1.765991
0.7417688
5.674378
5.930662
4.307193
-0.6558674
5.256024
-0.03181091
8.690144
1.86672
0.8335054
-1.454122
2.743054
1.4665
5.892529
5.55229
10.02391
-1.361562
3.555445
6.219557
0.8428748
1.369172
5.604771
2.117363
4.757572
2.608499
5.82909
3.726648
4.947689
2.699191
-2.392857
-0.2641146
-0.5998743
4.44755
3.160255
0.7085468
5.349253
4.689878
0.2540852
0.513994
3.643697
5.849552
6.276858
0.8766891
3.460205
5.421906
5.767691
-0.8334606
5.947389
-0.1196502
5.773751
4.79457
0.1739438
0.744483
3.366515
0.5723859
4.964146
0.6898731
5.965639
5.311169
4.828736
-0.5673982
6.155939
3.52034
5.696342
6.001311
4.870882
-0.6281099
3.990583
5.173065
-0.5466073
1.855109
5.166139
5.1569
6.300283
-1.14447
0.928088
4.100594
4.835426
4.638425
5.2581
3.28755
-0.0137886
1.29272
2.933314
-1.417981
2.493255
6.291111
-0.1957898
5.757355
5.0955
-2.107837
4.152768
4.724339
5.910246
-0.4634683
4.050675
0.7112758
5.223662
2.573697
-1.055349
6.579486
0.3816359
-0.4992981
5.224128
4.035492
-0.287465
3.920279
6.719144
4.661932
0.2636299
10.63918
1.402818
3.166686
-0.7132246
5.390639
3.132968
-0.9030147
2.11899
5.364849
0.7108892
-0.3574776
4.899752
5.455527
0.3552802
4.442889
6.380289
4.325386
0.8647599
5.378581
-0.1165252
-0.4768861
4.401814
-0.5500036
-2.127758
5.310666
5.532222
-0.3488333
0.1718803
12.33653
2.024314
5.005615
5.122567
0.5804985
0.4795814
0.4379061
3.931925
0.1576414
5.275169
3.082602
0.5982594
0.3967963
4.327364
3.419787
3.930562
4.371202
-0.9141389
0.5622093
3.810258
8.018402
5.821919
-0.6929644
7.127366
5.728935
0.09128292
0.4924192
4.835626
-0.2176291
-1.242279
3.940172
5.154801
2.718949
1.479407
11.6935
5.032082
4.622203
-0.109508
-0.3304457
3.766096
-1.075597
6.647599
-0.923052
5.27747
-1.112671
0.07089637
5.372837
6.723742
1.509042
5.283083
5.451185
8.090589
-1.190436
0.6126948
4.524101
6.468999
4.484274
4.520666
6.185337
-3.562957
6.151987
4.580129
1.079932
0.5706261
4.522742
4.804089
5.789074
-0.8444486
4.930752
-1.448275
4.788608
1.01253
2.278662
5.93717
4.508424
-0.3994018
1.553009
4.299267
1.558735
3.665847
-0.7313166
3.441849
5.701111
4.884764
4.012632
3.684898
-0.2752872
5.101549
-1.274886
2.481273
-0.6360019
6.190313
1.589848
-0.1452447
-1.55652
4.751737
0.9336395
11.7863
3.945889
4.609142
5.640414
-0.9189601
6.374969
-1.167736
2.643397
-1.327947
6.996413
3.03391
3.657216
0.1882844
5.580666
6.109905
-1.364132
0.2654693
4.24045
-0.2487435
6.458784
1.477409
-1.637125
4.900289
4.336855
2.731011
3.841939
3.400025
-1.961377
-1.923956
6.749872
-0.237461
5.437943
2.129934
-1.55157
2.057447
4.096641
5.801406
5.940652
4.903788
0.9746179
4.43651
0.1763514
3.275933
4.203711
-0.4718992
6.404606
3.236002
4.442913
5.215359
6.284214
3.379386
4.734796
-0.082299
0.0702948
4.468473
3.982204
6.230077
2.791248
5.665277
4.559023
-0.1145708
5.834184
4.980085
3.854717
4.43707
5.041472
4.244008
4.691084
-0.8920797
2.005507
-0.03578704
5.587647
-0.1200623
3.542179
0.5814556
3.235408
0.8593339
5.169967
4.340289
5.331083
1.105216
4.253254
5.739073
-0.6096899
-0.6015978
5.119131
0.0551674
-1.019641
3.140402
2.668901
-0.6019933
-0.509947
1.781782
1.340474
0.7482367
4.106295
6.027896
6.375792
-1.166956
6.885387
4.202071
4.070595
3.70536
5.383357
4.692186
5.46847
0.9639116
7.619963
-1.339517
7.601687
6.145333
4.90886
5.488951
4.375089
-1.226728
4.485909
4.498786
-1.024694
6.016217
5.17392
5.485939
0.4505255
1.529543
10.47576
-0.9806795
-0.6879347
-0.4292176
5.86111
-0.3711891
1.976383
-0.1919111
1.641461
6.621001
-0.4246619
-0.5585318
6.081794
0.02708522
5.8817
0.2727427
-0.4368604
4.480778
3.219364
6.272273
5.283012
5.210998
0.4482924
11.37357
5.1943
0.1241117
3.68656
-1.842694
0.1348211
0.3659677
3.765739
-0.717884
0.8982614
3.728171
5.46747
4.178258
0.1470918
5.616748
0.02329298
0.2613713
5.306219
5.492217
0.3839788
-0.4758942
-0.3993422
0.5175942
-1.469024
4.456405
0.7123245
5.924936
5.196376
4.54352
-1.111196
0.391449
4.656381
5.390356
-0.09045189
5.10558
4.88854
2.790119
6.078408
5.564373
4.902122
5.491579
3.29278
4.765136
-0.8322064
3.267699
-2.13481
7.68315
4.924873
4.282818
-0.7053474
-1.169122
0.7636788
0.2132835
-0.2408329
-1.065453
4.342301
0.1959447
5.402085
4.495154
0.6828448
-0.1723085
7.559861
-0.4171366
1.027839
0.4245233
3.743951
12.46524
-1.462859
-0.3887446
6.932246
3.503895
0.3011642
0.01108379
6.421383
4.088147
5.171182
6.438225
3.309915
4.716299
5.487262
0.5259023
7.115671
0.05666165
6.126419
-0.20164
4.561555
5.612165
0.5995974
-1.065534
5.999796
3.757451
5.001508
-0.6509442
1.122023
5.33095
4.109744
4.935939
3.986967
3.856302
8.617852
0.7578587
5.301655
0.0737046
3.835833
3.422937
2.066446
3.691294
5.363549
5.588751
3.313935
6.64843
4.757521
4.168686
4.737769
0.8785811
-0.1436034
-1.827447
2.757381
5.364795
-1.318989
4.662379
8.506591
2.294938
-0.155726
0.02091956
4.1316
3.654258
5.103387
-0.03217323
6.243788
0.7424769
0.9065379
0.9010835
-0.4011134
5.743475
6.028029
-1.11577
0.2934767
5.135275
5.804332
0.01566939
0.07502943
-1.860795
5.05447
6.136318
4.681442
6.463957
-0.4617739
6.350895
3.431514
0.7794983
-0.9200271
3.57834
-0.3125147
5.731086
4.672054
-0.2686837
4.519305
2.869432
3.518798
4.182407
1.169527
5.447271
3.894571
7.137676
0.5152623
5.356056
2.145412
6.833116
1.648742
0.4548758
7.749033
0.3807917
-0.8933256
4.777782
4.488532
4.696391
6.351185
-0.04856941
7.981137
5.70611
0.03853271
-0.6044789
1.274528
1.20064
2.004879
6.009063
-0.6176149
-1.112743
5.935678
-0.8439161
0.8842019
0.7368079
2.154176
2.75245
0.1557939
5.008652
4.269284
4.193379
-1.31657
5.76794
4.10771
4.966887
5.896442
0.06052912
3.772774
3.582978
-1.162195
-1.344558
0.5078358
-1.110833
3.78613
1.465597
4.11019
-0.9593334
-0.5323704
0.7472847
0.5059103
-0.7882454
3.355741
-0.08425091
10.28521
5.872059
-0.4819264
2.043989
5.812296
4.747045
4.867668
0.5434476
-3.235752
-1.077494
4.563478
-0.8795804
0.9432485
-1.400077
4.523964
3.193634
4.711665
0.102145
9.137791
2.935219
4.28668
9.338263
9.920157
0.4383874
1.390695
6.813917
5.650918
-0.5016013
5.032021
5.282597
3.981369
6.276765
5.736533
5.225637
5.414163
2.770736
0.02849613
-0.4051306
5.125945
-0.692612
4.154977
-0.6092165
5.14565
5.176017
0.7482498
1.56031
1.78098
-0.4250614
8.150025
1.40348
0.6295147
-0.9406699
0.4027834
4.196047
-0.352414
5.668615
4.397926
5.35106
4.694451
4.201579
-0.1431958
-1.06393
0.09912315
4.06072
3.913757
7.619922
5.893037
-1.550525
5.209588
5.737689
0.716307
4.828354
1.572818
-1.269416
4.839998
3.397066
3.457226
2.833998
0.285654
5.345975
-0.5193107
-0.1203198
4.504991
6.200177
-1.670631
3.435609
5.718901
3.763357
5.930074
3.886647
5.295855
-0.493565
0.04090282
4.487105
7.252842
4.653313
4.966776
0.3027247
5.509055
4.946585
3.881353
2.939008
5.377241
1.486113
-0.03140233
-0.01279167
-0.2772577
5.932079
5.518521
6.184705
10.88536
-0.4717362
1.561798
4.78164
-0.5142481
10.59243
-0.7491589
0.2118294
0.9438199
-0.4944681
1.541032
5.958481
0.6979631
3.255487
3.566962
3.027583
3.860972
5.451558
7.236198
5.357632
5.571907
0.04804699
1.260987
-0.08177982
3.86666
4.723964
6.615428
7.286185
4.467291
5.007758
5.046073
0.06917157
-0.6040144
6.181695
-0.05737872
6.216483
0.2075299
7.204188
6.439663
9.546863
7.190086
-0.1385555
1.01575
4.115992
4.442854
4.71013
-0.4371124
-0.05469518
0.4324048
-1.175147
-0.806775
5.728809
5.634105
0.2609514
5.677578
7.364486
-0.6876496
-0.4007752
4.309708
0.7590428
0.02509642
3.234341
4.076772
0.131152
1.846823
0.003133998
-1.129305
4.47826
1.562982
0.2092814
5.362593
0.1143582
0.6178495
4.176332
0.5289475
5.718519
6.181944
-1.685492
5.764916
1.26868
3.559293
3.092913
-0.6553406
0.2509538
-0.8113692
-0.7647273
9.198048
0.01992151
4.873854
-1.439258
2.893028
5.191761
0.7462989
0.554686
3.239912
4.138073
6.657064
6.646558
5.450359
6.146475
5.533839
1.576152
1.872772
4.248294
0.5335815
5.100805
4.296163
5.178263
4.682807
5.537152
5.109687
-1.492136
3.006627
4.983982
5.323486
4.821334
3.777712
-0.009765036
-0.3182218
-0.6973325
3.593658
0.3962901
6.640854
6.564857
-1.187746
5.582712
-0.6219381
5.347713
1.892058
5.573908
7.393494
6.039732
5.325881
3.716229
5.316175
5.41369
3.425931
1.228581
1.251162
-0.6132744
6.925493
4.585858
5.002609
5.746639
6.317125
4.772599
-0.7053284
0.1282321
-0.8227581
-1.987051
6.045982
-1.083091
5.231167
4.053379
-1.152699
4.876328
0.2438015
4.887337
0.08796647
6.132
0.9630003
5.122261
5.364759
5.125345
5.411549
-2.290493
-0.05262128
4.991789
5.485876
0.9760068
6.286044
3.711638
1.110181
4.739499
-1.509089
0.5755557
5.414182
0.7990938
2.731557
6.011175
4.883586
6.586069
4.168354
6.187688
5.081246
6.956725
-0.6711517
1.174817
-2.023092
-1.051884
3.418974
7.503251
6.063585
4.828921
7.208868
-0.696811
0.6338395
-0.830991
1.79831
0.04032975
7.633751
0.7778981
-0.02522737
4.699294
6.18397
1.606078
8.880861
5.254607
-0.9069879
5.46969
0.8005663
4.495233
4.176692
1.841342
10.19217
0.09438091
4.801604
4.498266
-1.535774
5.158746
5.826702
6.097225
6.394194
10.92528
-0.6559666
-0.768022
0.3707486
-0.5154821
5.379174
8.598174
5.053336
5.346539
-2.046534
1.163938
4.135448
5.830759
6.231867
-1.302574
-1.95457
5.911955
5.377449
-0.2105279
4.469013
4.671558
-0.5140261
4.497978
4.634072
-0.9137782
3.893863
6.898735
5.792328
7.478133
-2.677678
-0.595808
-0.7884284
6.582461
5.067349
2.427353
5.143044
2.057551
3.713442
-1.047914
4.342598
-2.06493
3.856529
3.292796
4.998024
-1.359189
-0.5666321
6.492469
1.237264
6.17451
4.194582
4.157205
4.405196
4.641072
5.667888
6.693757
3.606107
2.929418
1.234963
5.591973
4.158667
3.557095
2.014848
0.4372895
5.444673
9.220007
1.055175
1.822414
-0.9144771
-0.2776875
5.361306
5.643525
5.541072
5.806848
4.11203
6.268898
6.174498
5.83097
5.676711
-0.3558329
5.235434
4.730375
-0.2558229
4.159003
1.746042
4.746223
3.167786
4.236795
0.8054133
0.7927935
3.621051
4.730206
0.09915146
5.086786
1.243095
-0.4136762
-0.05070904
5.197232
5.303371
-0.2781804
5.464095
-0.3028246
3.929503
-0.6827721
4.958543
4.764305
-0.2640896
4.883701
-1.822326
5.694872
-0.2323487
8.492286
0.3551246
6.427442
5.103259
-0.5060534
4.215021
4.418337
-0.7323137
5.580315
-0.1544202
5.437716
3.990842
5.34303
-0.2491178
6.823593
5.46486
5.935566
7.676534
5.239601
4.219664
6.655047
4.165869
5.509551
-0.3712761
6.360856
3.689071
0.6640846
3.01326
5.788954
2.570222
-1.382358
4.550492
-0.03071429
2.790683
1.392004
4.836474
4.365359
3.709292
0.2685488
4.029312
5.541494
4.654321
4.453735
4.818017
-1.306682
-1.40232
4.810384
-1.344371
-1.199512
3.386462
6.742221
4.753
3.324556
-1.256645
0.3572026
4.006369
4.849692
1.208063
1.093877
-0.01526667
4.803422
5.929197
6.169142
0.7813389
0.9163624
5.266111
6.037998
4.203279
-0.1664353
4.868809
3.77739
0.4977989
6.944089
2.322043
-0.1642252
4.012307
4.997204
-1.497407
0.7706615
6.160523
-0.9907533
7.886543
0.8289528
6.293204
3.6751
5.149884
4.328605
0.3236645
4.656513
5.487028
5.350955
-0.70189
4.864622
6.342097
3.653016
4.140119
5.209751
4.358968
3.488537
0.0878857
4.894877
3.679034
3.812589
9.918717
5.204326
5.806002
4.64622
0.05626972
-0.5479589
5.251412
3.802545
5.233115
6.758547
6.659988
7.312673
9.214851
-0.2857058
5.165821
3.865924
0.6798121
0.01489623
-1.527497
4.846234
0.4211622
4.921061
5.511872
5.310678
1.085997
4.664886
4.833595
-0.393662
4.126938
0.4864674
5.041639
0.4334989
-0.5635214
0.5016703
3.499797
5.17137
6.29859
4.178533
2.164083
0.9334385
-0.1460295
5.161778
6.528044
5.425823
7.314322
5.365683
3.855703
4.866348
-0.5772503
6.258468
4.523472
1.646646
0.3498785
0.7558243
3.927228
4.226423
6.03672
-0.07220161
5.645019
-0.06753644
2.36594
5.301669
6.252442
4.322977
0.2117462
4.965056
-0.4738542
0.4514553
5.362677
4.716665
3.551957
0.4852338
-0.5564701
5.108329
1.828994
3.586134
5.114502
4.302213
5.530461
5.577809
7.320037
0.04048282
5.886299
0.3144484
-1.368269
5.893464
-0.2798678
5.346211
4.842397
0.5235339
5.862079
-1.086528
6.42744
-1.198885
5.278258
0.1619005
4.413895
-0.579562
4.951908
4.493001
-0.9819785
-1.232974
0.8119319
4.885879
6.418447
4.51136
3.736548
3.07827
3.881044
-0.206572
0.5807335
4.446206
5.191212
6.238806
-0.1425833
0.5515481
0.09938316
4.416974
3.822864
-0.2482439
5.494647
-0.4386045
5.479027
1.971455
2.344776
4.22922
4.875053
4.930167
4.359758
4.260153
1.524127
-0.2981243
0.7041938
4.133127
-0.9402381
0.410414
5.823204
5.042401
-0.6503703
-0.7506619
6.008108
-0.5816153
5.568211
-1.506934
4.799271
3.795847
5.85299
0.03434239
1.950394
5.543877
-1.231478
-0.05105917
3.721777
5.97404
0.9167334
-1.138094
4.413854
3.844065
5.882836
5.544348
0.09382724
4.85133
4.379274
4.947116
-1.389897
-0.3254025
4.168166
5.695
4.936597
2.372225
0.1457264
-0.8221131
9.757743
4.913121
-0.0464786
0.395696
6.840678
4.433032
0.3078198
-2.085585
3.372259
-0.9258663
-0.4146026
6.717063
4.050066
5.45613
1.121224
4.930268
4.529909
3.516786
1.436607
-0.3936687
-0.3642185
6.509378
4.629198
5.932521
5.876385
-0.4448727
5.243816
4.257946
-0.820564
0.5272526
4.907726
-1.078317
4.88745
0.2024794
5.27223
-0.5237997
0.4959758
-0.8279255
1.034658
1.399302
4.041829
-1.101723
3.921069
4.53881
5.736344
5.418799
5.207459
6.595548
5.872478
-0.05168016
-0.2762514
4.399773
1.404992
4.968765
-1.413336
0.7648717
5.384821
5.094429
5.229997
4.477803
-0.5304623
-0.008673147
4.82336
5.327029
4.176916
1.280023
5.932713
-0.1431013
5.236996
-0.284893
6.762813
3.940255
4.809044
5.32385
-0.08578236
4.477468
5.23828
4.129078
3.633018
5.849771
5.610143
0.8849425
5.363989
4.922807
6.76553
5.375554
0.3892165
1.491588
5.411135
0.3768399
0.7807174
-2.182186
0.7972283
0.1561931
4.432378
-0.3128807
5.05216
6.351436
7.453261
4.092777
3.559091
6.94128
0.9608302
3.997721
6.272519
0.2534851
-1.44547
1.115697
4.747585
4.708885
4.205339
5.114024
1.059825
-0.3561617
5.860112
5.52318
2.311957
-0.3960759
4.106652
3.0528
4.863781
-0.3266872
-0.7155482
1.481476
5.158307
4.851494
-0.650303
3.498642
0.244542
5.369717
4.401865
0.01455433
-0.1901727
1.488856
5.28264
5.443202
4.68444
4.221592
0.8722385
-1.780661
0.1732947
3.311386
4.824683
0.2246477
-0.194965
4.782368
4.804839
0.3675646
-1.606422
5.302271
5.323366
5.407475
4.803191
4.351933
4.383441
3.198025
-1.324909
4.642769
-0.3413354
0.8279398
3.824916
5.182982
1.292622
-0.9582895
-0.2372748
4.16269
-1.6093
5.123205
0.7102244
4.823548
0.2682343
4.966708
5.572147
0.5400151
1.96386
1.639311
8.118822
5.434209
6.588592
6.649889
1.199394
5.809522
0.3305144
-0.9762015
2.245502
1.053497
0.697569
5.90971
7.604315
6.756774
0.1638085
1.265756
6.662597
2.658902
4.98407
3.878899
4.585588
5.312069
-0.1330223
-0.05022133
1.955409
3.564749
4.412526
3.388257
5.45962
6.16434
5.91723
-0.6000109
-0.974364
6.281764
6.258715
0.4959539
-0.02634132
5.471727
0.8047231
5.933327
6.172555
-1.255444
-1.702298
0.7490977
-1.33235
-0.003194836
5.898246
-1.482342
4.829253
4.763737
-0.8139765
4.350655
5.528631
4.947155
5.616374
5.697317
4.160785
-0.02648904
4.015318
4.900959
3.693817
0.8305622
0.3513573
3.397068
5.376904
4.975257
6.306414
6.756367
5.37005
6.903731
3.757335
2.730099
-1.81948
6.80248
5.33459
5.404557
3.483249
4.89781
4.022475
-0.04884823
-2.951363
-0.1697657
6.607949
-1.428654
0.3872632
-0.9855072
5.026619
-0.08862589
5.000431
-0.5463149
3.095899
3.448734
4.983023
4.327522
-0.5620451
5.16394
0.2819548
6.16535
5.603154
4.138387
0.8426358
-1.224448
-0.6626861
4.378515
0.9855592
4.336114
-5.391509
5.001151
-0.1707311
1.212841
4.27166
4.533657
5.489261
5.800042
4.072142
6.584427
6.278885
4.835996
4.071192
-2.187678
5.57569
5.456951
3.402612
5.195716
6.009153
-0.6105801
5.816836
4.346228
7.112587
0.58946
5.392801
1.028555
5.792673
2.128214
5.15107
-1.022677
0.4232239
3.783137
-1.281219
4.506669
0.8133534
3.493662
0.06547509
0.2305062
4.405937
6.916775
5.996747
3.528058
5.752095
4.081374
-1.092485
4.696472
5.607693
4.420338
1.459816
3.332421
4.365497
4.718424
0.5759086
5.159255
2.070691
3.597535
-1.002768
8.797923
4.631888
1.317662
1.028906
4.883992
4.238618
3.876149
-0.9013065
5.869892
6.034486
-2.249053
4.258907
5.441384
5.03205
-1.633735
2.902525
4.269694
5.073337
5.123708
4.022677
-2.138108
7.786688
0.1368565
8.358335
0.1800962
10.75905
5.1825
9.74769
4.340579
6.260332
6.969172
4.90657
5.842086
5.630037
-1.262887
0.9784181
4.141851
4.379262
-0.8666521
5.452293
4.24027
1.397596
-1.492338
0.6304897
6.765903
0.0805986
0.04676982
6.678211
2.715576
-1.26109
5.314168
4.927185
0.48005
2.047662
0.27242
6.487907
4.178531
6.379113
-0.8483803
7.88414
4.878149
6.253504
-0.2709582
3.2502
4.339044
0.2280954
0.100453
0.6244362
3.784317
3.706129
4.771761
-0.4028608
6.790691
3.529436
5.439554
3.513796
5.991003
4.587896
5.339191
1.484196
4.052467
4.529819
2.452968
-0.9279076
0.5245569
4.652508
4.086281
-1.190452
4.514802
-0.5307344
5.15004
4.482592
5.745258
6.728966
-0.8085925
-0.5522691
-0.05267114
6.362
0.07428526
4.930813
6.945263
7.128378
7.117748
4.997617
-0.3325738
3.381343
5.317101
7.599914
4.286299
8.868308
-0.5887274
0.8504536
4.318974
6.792478
-0.7692157
6.002585
1.132664
4.149817
3.701525
4.451417
5.517116
0.1454069
4.332608
5.346981
2.286082
4.520346
4.173233
-0.6245065
4.859541
4.285037
1.625062
-1.046315
4.389718
5.626497
-0.9148451
0.1709326
4.178386
4.596401
2.702017
-2.155809
5.144041
4.776156
5.140059
0.9101307
-0.752321
2.421894
3.881928
-1.298255
-0.6996412
0.221038
5.491379
5.004434
4.734524
1.127304
4.554737
0.1157605
4.557324
4.486593
5.123397
4.840479
3.499109
5.161067
-2.457326
3.892596
4.400481
5.602667
3.720062
6.242389
1.26403
0.2030908
5.703562
5.405618
0.155174
5.993418
4.956492
-0.9700634
5.514502
3.932051
8.055027
5.011233
-0.7228965
3.258917
-0.6109673
-0.1322948
5.073254
-1.162798
0.1266113
6.165011
1.389128
3.453969
-0.6014828
-0.7517275
3.97904
4.136706
5.192689
2.272257
5.391948
5.27745
5.05503
1.406976
3.835971
6.058668
-0.4369434
4.627117
2.374687
3.221538
3.797917
5.985385
2.662221
6.285146
4.967814
1.199895
-0.8586346
5.348286
5.015373
-0.8975869
-0.8956375
4.269461
3.343934
2.442138
4.958493
0.09898959
-1.958426
1.13851
-0.2489705
4.329973
5.45945
6.778271
0.2653723
0.5842031
4.176339
-1.335276
0.5049434
0.03449553
5.69127
7.683632
1.065115
5.577368
5.40942
4.260682
4.456183
5.738374
0.01817039
3.975351
4.059268
5.637632
5.329132
6.773528
4.368154
-0.1967942
5.633653
4.701077
3.988671
6.223752
-2.10204
1.869994
-1.70896
1.322053
6.093455
1.397739
4.502916
6.074839
4.006972
-0.7013864
0.657862
5.328209
-1.632504
4.705068
5.668735
3.106064
0.1886352
2.990183
4.644529
4.250523
0.7274744
4.757893
2.359946
3.204713
3.43563
0.414825
0.4770145
0.7822024
-0.5459006
4.525059
0.6257778
-0.9779257
4.79529
-0.5649944
-1.245807
4.328145
0.4833072
4.367333
1.508743
-0.6932396
0.6958996
-1.176328
4.875074
0.7229243
0.2511644
0.9714916
4.38731
4.825641
0.001080146
5.083343
0.1788897
-0.2475692
-1.180118
4.339183
5.312283
5.505142
2.86855
-2.737958
1.692098
3.482664
3.238974
4.66661
4.116364
3.730575
5.747251
3.665018
4.324876
6.92821
3.451144
0.2072435
5.307618
3.298184
6.657907
-2.004946
4.34212
5.301321
1.666488
0.2088368
3.172512
4.968693
2.259193
5.756289
1.563704
2.772326
-0.8151944
4.874347
-0.4698674
3.634475
5.148403
0.8068619
5.278922
0.3920592
4.674586
3.617254
5.579359
6.179462
0.5848888
5.261464
5.44867
3.802995
0.6696344
4.785934
6.530265
5.320984
4.397297
0.5789239
0.9340308
5.336029
4.312929
-0.693645
-0.6734993
6.507682
6.49335
0.621442
6.170689
4.006459
7.303194
4.081054
6.77359
-0.0222054
7.222056
-0.1185515
3.669835
5.055098
4.567162
1.81345
0.8393612
4.211567
6.144994
-1.417323
2.173632
5.534955
0.5687729
7.947825
3.743955
-0.9281781
5.347328
2.098016
5.384643
4.941016
4.525938
5.256411
7.139476
6.810924
1.435891
-0.7006467
5.418638
3.717679
6.099534
0.6293133
8.665494
5.938663
-1.399016
4.260843
0.2981939
1.366388
1.496682
3.116774
-1.428132
4.877201
3.955922
3.914242
6.178282
6.389327
-1.455405
1.510486
2.760348
1.793183
5.947636
4.360837
6.648271
5.262349
3.977365
-0.07805266
-0.2001967
-0.1486549
5.543425
-0.5974677
4.088931
4.586812
4.666288
-1.798161
1.479686
6.211203
5.492352
0.8495927
0.40274
5.117289
5.143934
-0.8237186
1.034028
-0.7437555
4.717542
5.07929
6.253563
1.38414
4.414972
0.964174
2.581185
3.991577
1.533715
0.529584
4.514398
6.177385
1.673258
0.08843465
5.50854
-0.8631973
-1.22564
-0.1706313
0.6056906
0.7154079
-2.075606
1.336033
-1.58198
5.274218
-0.6113478
-1.053412
1.643378
6.851425
0.5779922
4.860331
7.055966
5.191113
-0.2700027
-0.4661975
0.6387001
-1.068222
5.71253
1.168733
5.511564
4.08959
3.605675
-0.8447574
6.672286
6.20784
6.713817
0.06733788
4.934872
5.868071
5.850287
6.121781
6.459525
5.246793
4.465902
4.362569
7.437386
-0.7279691
2.654549
-0.5452985
0.927336
3.794669
0.2986319
4.837842
-0.3782529
3.263717
-1.199676
6.40259
6.727904
0.8056495
0.931784
5.362678
4.912088
1.826655
1.348281
4.599162
5.60044
1.434299
0.411273
6.107081
-0.4859811
1.262717
0.144773
0.2661254
4.831889
4.169931
3.281271
-0.198509
-0.3706972
4.102931
0.5072416
3.464672
-0.4421236
4.986675
5.504174
5.563254
4.580372
-0.4915673
1.504956
3.857792
0.9909386
-1.324921
6.155603
-0.04162822
4.61274
6.68755
4.858881
4.743255
-0.4817558
3.435165
5.547154
6.571863
7.6345
2.942836
6.284372
5.246557
-0.3784112
0.7623777
4.274514
-0.8290878
3.321518
5.848417
-1.766841
-0.2524626
-0.6632399
4.545972
5.055342
5.108217
0.2442993
1.264186
4.546512
5.428222
5.481125
6.979794
0.454471
5.475259
6.677844
2.131759
0.09698575
4.918888
1.330741
8.208707
4.015429
4.625885
6.141413
4.460237
2.020579
1.896464
0.066682
0.499031
4.851264
0.6511197
5.028097
-0.6270592
10.99681
6.592215
-1.424072
3.744652
-0.4717713
4.976477
-0.5811539
4.112873
0.4638766
-0.3212659
5.479376
1.70215
-2.59368
0.5014948
-1.475427
-0.3187968
-0.3685214
6.121656
5.045835
-0.01794621
-0.5088879
4.406982
-0.1989417
5.63177
4.696548
6.286101
-1.651402
-1.040161
-1.329504
6.911631
-0.007992886
1.331611
-1.188747
-0.2502096
5.500422
-0.9899519
-2.233268
6.079579
0.02304792
-1.335174
0.1048393
1.649397
-1.005754
4.853792
4.545413
3.359252
4.346348
-0.6009369
6.014918
5.48327
8.172173
-0.7482583
6.631766
1.81257
1.947037
-0.7297046
-1.211085
5.009519
1.238627
0.8698259
2.186162
4.814823
-0.7386189
4.024123
-0.9560691
5.167243
5.366848
6.653649
0.778209
5.905424
5.284322
3.627812
5.333573
0.02919721
5.700402
-2.251927
4.958889
5.517026
7.134062
5.89347
-0.3036046
-0.4748207
-1.455169
4.946988
-1.596102
5.760801
0.6911271
4.599127
5.772877
1.266515
0.6918759
3.931845
5.518904
6.190243
0.1046009
5.314003
3.870142
1.65378
5.779428
-1.929272
-1.568598
5.671366
-0.6530162
-0.1245055
6.5553
4.183164
5.467651
11.21308
0.5254715
4.09356
-0.7966764
5.726291
0.8525552
-0.5718261
4.634191
0.9630924
3.725179
4.613098
5.304759
-0.6833661
10.56981
5.561322
-0.5054245
6.406934
-1.350417
5.962976
0.1761721
6.368636
5.402305
0.645042
5.509599
-0.2704798
5.809612
6.176646
5.930303
-1.91643
0.9066983
9.169542
0.3977216
5.869499
7.139852
5.683237
5.764398
5.906724
0.3709124
7.837492
0.2848498
5.075625
3.675707
6.051501
0.7805635
5.944211
0.07104463
4.281748
0.05805791
6.103026
4.378102
-1.525954
0.4286606
5.188974
6.104786
0.15093
3.5238
5.54569
7.66464
5.20285
4.687185
5.4505
3.805751
1.150713
4.869523
3.979804
-0.7018531
6.356283
-1.911918
3.827353
0.4763656
9.671597
4.467931
5.560094
0.09577441
3.557137
6.40118
2.28781
-0.6060009
6.220426
6.751247
4.676488
4.779038
5.682196
0.003643136
6.34399
3.208474
2.097009
3.27374
5.934703
-0.06486092
0.7108206
0.5748261
-0.356663
5.792426
3.387617
0.5705311
4.775927
6.251146
6.158265
-0.5073126
-0.07473796
4.138953
4.240817
0.8294147
5.283534
1.222758
4.178879
1.434843
4.493357
4.623021
5.475973
5.096077
6.462721
5.625975
0.09579888
0.362943
0.8135551
-0.8629946
5.723082
3.94355
-0.3881926
1.760663
6.043582
0.2889724
4.840235
0.1760773
5.822689
4.828066
3.490335
3.379762
5.093649
0.4101789
-1.406336
1.461481
1.343725
4.88245
3.989737
4.242582
4.724855
5.787144
5.408262
-0.5308429
4.669618
0.836895
6.258626
6.446388
1.046684
4.852205
-0.07254704
-0.9110607
7.428366
3.55569
1.490348
1.184492
4.279518
-0.03239125
6.713385
4.795719
4.66212
0.6558391
4.121749
0.8954073
0.03827525
0.9622271
9.730282
5.83162
0.484555
4.755715
1.236459
3.026488
2.823928
3.635758
5.307521
-0.2841472
-0.3599406
5.831392
-0.6745386
-2.788367
3.746207
4.494899
1.366683
-0.4333445
2.908435
5.131309
-0.5073627
4.355531
0.3608282
-0.8223678
4.680482
-1.397392
-0.05432082
0.796246
-0.1762779
4.939383
5.251612
-0.4209548
5.751888
5.367669
0.5409169
-0.5307946
6.365659
-0.4590528
5.288095
5.069656
4.760987
0.9627862
3.61107
0.1294048
-0.8986801
-0.3916437
5.592986
0.6221532
5.629471
5.903581
5.541394
5.569387
6.497307
3.918104
0.1179539
0.4884094
5.243866
6.886533
0.05628412
5.956846
6.574578
0.5453821
-2.130733
3.347905
-0.02580064
4.742259
5.380116
-0.129038
-1.53901
-0.07681329
4.686351
7.648577
4.881625
5.582392
1.282708
0.7098929
4.693712
5.031873
5.040357
4.22113
-0.2207834
3.544872
0.8645425
4.510328
5.63603
5.232528
4.750575
5.505666
1.353108
0.4296294
-1.142077
4.91552
1.895719
-0.8420637
5.636038
6.582939
6.995523
4.633411
0.9250752
4.746577
0.1438978
3.061119
-0.01093903
6.577031
6.18657
4.002701
-2.389655
-0.8391587
4.176678
5.990644
0.3340472
0.04397443
5.637907
5.241721
6.326675
-1.555933
-0.714922
-0.3801739
2.031724
6.000029
4.174479
5.053828
6.012392
5.047367
-2.221826
-0.9850241
4.571873
0.4944269
2.092383
5.499651
7.858947
-0.9046964
6.0773
6.909422
-0.3515582
1.633359
4.248603
-0.7748492
1.262854
3.565534
-0.02222566
5.617761
4.132511
6.65821
4.177824
-0.9881853
9.623541
-0.2655943
5.239902
3.024078
-0.7932054
4.87254
-0.4390529
1.643409
4.722904
0.1666351
6.939687
6.901236
4.303496
6.442573
4.408797
2.562869
-0.5807668
6.43881
5.170571
6.510248
5.57032
5.390226
-2.699044
5.454981
0.2321331
5.782063
3.962711
0.5866656
5.770283
0.02340636
6.179039
3.675682
4.353419
6.595994
5.638104
4.483398
5.752309
4.351509
0.6894007
-0.4070708
0.01868676
4.563563
4.306904
4.155483
3.438675
4.766043
-0.2144822
4.250894
0.3689104
6.165896
5.080197
-0.6097076
0.1341721
2.261142
0.3667923
4.440211
0.7818876
3.776437
5.079398
-1.236509
-1.413627
4.030981
0.9586323
-0.1741537
-0.3572546
3.257169
3.65854
0.8873273
5.385682
6.6504
6.495056
5.531867
4.359926
0.8107274
4.404404
5.019333
3.397091
4.348851
3.324874
-0.100882
0.2754607
4.721753
-1.534642
-1.378254
-0.8286638
0.2001296
5.359145
0.06591424
4.442757
-0.5211159
0.8480803
-1.819436
0.7544905
-1.104588
2.656577
1.665373
0.1666344
3.305629
3.499595
-0.6613555
5.769302
4.737166
6.845942
5.558409
5.796444
0.6764348
4.260836
5.066647
1.89767
0.4417773
5.238384
2.995157
5.864236
0.5778359
5.029842
5.430955
5.548384
5.817717
-0.7023167
-0.2905476
1.177316
5.314068
0.8685965
0.5966832
-0.3211366
-0.8959216
5.692675
-0.7877634
0.5048391
5.578907
1.824909
-0.9939353
0.1312306
1.177249
4.524026
-0.2190532
4.916126
0.08044127
4.838233
4.216616
5.428486
-1.165115
5.258095
0.840277
-2.116821
6.428377
4.739524
3.783354
4.879981
0.2482461
3.467164
6.63979
4.170124
4.837894
5.964054
1.546968
5.737675
5.184582
-0.3397589
0.1848662
5.369205
0.41255
4.867734
5.462124
5.918985
6.227236
0.5001516
4.339214
4.914537
4.150136
0.8878611
2.156562
11.80333
3.288986
3.974639
0.4373321
4.280107
5.625528
5.738559
-0.08437088
4.570336
4.027413
0.3008678
6.167228
2.137779
0.8654459
1.436797
5.923437
6.698496
-0.7710079
6.054862
5.715721
5.174713
4.354681
-0.312163
4.11739
5.25539
-0.009892212
4.62687
-2.133776
4.270114
5.819703
-0.7949009
4.601908
4.83796
1.178561
4.86562
1.083766
5.208617
0.7544655
1.068637
5.428315
5.412094
5.542858
0.4992155
0.686214
-1.201181
-0.489431
-0.9206099
4.468304
6.201953
5.725193
7.57004
5.617042
3.319742
0.9313364
-0.4372851
4.952731
0.6148403
-1.520921
4.885952
-0.750085
4.256599
-0.3264368
0.6098676
10.34953
2.089154
2.997615
0.3153004
0.2612323
4.761414
6.337115
7.044834
5.933512
0.7365628
2.929713
4.362074
0.5329509
4.211366
5.086895
3.899139
4.83882
-0.5534897
4.901415
-0.2319609
5.403441
4.374841
4.398566
0.04041061
0.9427834
0.564168
5.621911
4.52158
5.316736
-1.009694
1.257975
6.175306
0.3743134
5.295433
-0.9063316
5.783978
-1.067872
-0.5148863
3.784888
0.04291099
5.866683
4.83464
-0.7721775
4.880077
0.4791467
0.4585297
-2.143472
5.855755
5.695571
3.329173
-1.23536
0.9329424
-0.03350657
3.731798
4.311059
5.008054
5.379611
0.2412145
6.442744
6.730951
-1.045341
6.414617
0.7085396
1.204097
5.809572
5.546355
6.301204
3.52198
4.16755
2.030232
3.410248
-1.815038
3.89884
6.986014
3.136725
4.469988
-0.8559736
5.662877
-0.9851557
4.765273
5.376543
0.07552023
-0.9152159
-0.007975479
5.128512
2.533762
-1.428817
0.9936532
4.46072
5.705077
3.819767
0.6593164
2.993179
4.835435
5.369188
6.774002
4.636195
2.727818
7.84538
0.8181065
3.38508
-0.7410106
5.420366
6.149388
4.12967
0.3343196
-1.289378
1.342421
-1.558357
1.31902
-0.3537778
4.472477
0.3189206
3.677628
0.1960802
5.292493
-0.4581779
7.058719
3.107084
4.763041
-0.1371747
0.9397472
-0.2886315
1.196255
5.757138
5.489435
3.664129
6.629103
5.524152
5.274785
5.916646
0.2210305
0.6531716
-0.3687533
-0.09537815
7.120504
4.700905
5.020889
-0.3689479
5.147566
1.399752
3.528903
4.891882
0.7990998
0.1599807
3.961031
0.07618335
1.456243
0.1942446
4.90725
-0.002110668
-0.6625232
-0.3790989
1.208551
4.468593
5.263277
4.988247
4.941213
6.379927
5.056296
5.045741
6.120414
5.037105
0.5845397
5.086453
6.619267
4.560526
1.194761
-1.595442
5.323588
4.130953
0.0671832
-0.5570805
-0.3432541
-0.3332936
5.792416
-0.6905212
4.776565
3.973959
1.116874
5.166565
-0.3335818
2.785466
2.36637
4.728397
0.7714048
4.299049
4.936947
4.959822
-1.774473
-0.5514174
0.5389362
8.753924
4.902582
7.519619
-0.3270339
-0.5289366
3.770154
-0.1514146
-0.01771253
3.73934
5.255174
4.440743
-0.6004888
5.182628
5.641425
-0.9582025
4.748101
5.66795
5.852282
5.706975
0.06829713
2.252414
7.066695
0.7014666
-0.718914
0.8742867
4.941691
-1.229889
4.911859
-2.246377
-0.09856404
0.5139556
5.288356
4.263049
6.310353
5.412833
6.276345
4.434689
0.3814071
0.04223963
3.923349
3.80343
4.382787
3.855788
-1.877073
6.293508
4.264247
-0.1935947
10.07227
5.748574
3.898319
0.262448
-1.928041
5.50181
1.001503
2.732158
6.012367
4.960527
0.006974488
0.04574973
-0.4269005
3.729258
0.04418625
4.526178
5.819346
0.436274
4.448642
0.6766816
-0.4682316
5.480673
6.976555
4.98892
-0.3187357
0.8931763
0.24991
-0.8419417
-1.808454
4.747225
4.189601
-1.5569
4.680066
6.497685
3.954958
-0.3222384
8.851924
4.760097
3.341093
5.520867
0.5850463
0.9088059
0.6637866
6.195329
-1.496056
6.598567
-0.1085079
0.4073499
5.288314
-0.709837
-0.7331114
5.877791
6.066239
-0.3081075
0.5494508
6.535217
-0.6871627
6.20355
0.6950155
0.1446417
3.957909
0.9080695
7.198986
5.348785
1.50144
-0.6531538
0.7340535
4.486716
4.990699
8.366335
-0.06516956
-0.09806896
-0.3666201
4.885037
-0.6092234
5.762609
-0.8075824
-0.3233843
0.06925702
-0.687531
6.504222
4.841259
0.477058
4.696888
-0.5442789
3.469818
0.9637244
-1.235469
-0.3891858
4.37778
-0.0963144
4.203048
7.45858
-1.351563
3.040791
9.627167
-0.4505825
5.711848
4.864389
-1.25993
6.001047
-0.4532553
-0.4617829
5.149396
0.1769692
6.32557
6.03412
0.2883952
3.407132
4.836142
6.659853
4.61831
4.130607
-0.1814457
3.107961
1.246404
-0.9760953
4.797599
0.972084
5.27767
4.46681
-0.1644416
0.1280168
0.805784
4.31673
5.254427
-0.7196927
6.710364
1.481635
5.500795
1.279935
2.006654
4.384625
4.580222
4.22589
-1.948274
5.540797
-0.8563215
-0.5421885
-0.8171741
6.364193
6.017024
0.1600563
2.462395
4.466034
5.526615
2.000738
4.32831
4.224717
0.3955808
5.883709
5.48496
5.664871
1.367491
5.480267
4.123338
-1.502504
4.303414
4.356979
6.035313
4.941138
5.378424
0.6197832
4.778825
5.690315
4.470429
1.449543
-0.1640007
0.2695514
-0.5107867
-1.244513
1.231408
6.035651
5.074468
6.928939
3.848285
5.630144
5.852515
4.173648
-0.9162493
0.06617814
3.299403
4.407104
3.573407
5.522392
3.772216
7.630902
-1.428167
-0.7329362
4.947527
-0.7853854
3.636003
6.45922
5.708818
10.91493
0.7721826
4.86289
4.978752
4.821912
0.6180784
-0.9368655
6.104932
4.438509
-0.6300044
5.286437
0.5366773
0.1338964
4.586299
0.1544891
5.277563
-0.2065603
5.57411
0.6455902
5.444183
5.8168
1.431233
0.9871076
0.9837981
0.8562293
5.428071
6.70545
6.095554
-0.0110885
3.964002
-0.6755628
0.0911186
4.28585
-1.444212
1.480526
2.050929
0.07995523
0.8580796
0.2510967
-0.04113913
4.451667
3.71879
6.240015
0.8478879
5.581919
0.1668972
5.915903
4.459755
6.489429
6.045072
9.249263
3.967991
3.433456
4.718631
3.560469
6.081851
5.171304
6.352116
4.469618
5.198521
5.910472
5.255898
5.638918
5.374359
0.7362438
3.609853
1.308331
-0.3516175
0.1355623
3.649558
-0.4529154
4.819453
5.369876
5.017128
-3.239451
5.748541
-0.9715635
5.032097
3.301634
4.203921
0.272233
1.205953
5.756513
6.444231
4.412973
-0.1236856
4.996823
3.609402
5.011358
0.6208892
5.009991
-0.5320714
5.754621
0.003815178
4.299337
0.007430378
5.317306
9.947607
0.005565758
5.325408
8.296499
6.198525
-0.5621482
4.205708
4.041756
4.909573
-0.997746
0.02488377
10.92472
-0.6410397
8.673509
4.662592
2.004701
4.027661
-0.2151171
7.790219
0.727631
5.76845
4.242472
-0.09525069
1.455841
5.433757
1.08068
6.95222
4.545073
6.860211
8.185936
0.877828
6.900631
4.058681
4.804338
-0.02218538
-0.1393872
0.4828442
-0.5650573
3.998511
5.474037
-0.6538248
6.191204
-0.2970555
4.982576
6.795293
0.1562722
2.403569
4.898086
0.7702794
0.9666186
4.335257
4.989337
5.859343
3.92593
4.745505
-0.2813018
-1.013242
0.8163227
4.911912
-0.9817136
-0.1304861
4.33654
-0.3342046
3.00854
0.2195616
3.392275
0.3748446
0.9277945
6.172843
2.516604
0.6729387
4.597685
5.291302
5.470936
5.129087
4.426034
2.553772
4.919541
4.224231
5.599426
6.455509
5.600681
-1.259809
4.456847
5.18349
2.934301
5.549574
-1.281051
0.5254563
6.36474
3.933405
0.7429963
-1.553229
-1.09938
5.423787
5.173694
5.353528
-1.04866
5.802265
0.4732499
0.03106656
-1.018823
5.052076
-0.1945964
4.015406
-0.6284118
0.03827168
1.115854
3.947517
5.261971
5.888325
12.20938
-3.280502
-0.4353735
0.4052321
5.793828
6.298044
-0.384656
4.921241
6.111221
1.328666
-0.5772712
2.941404
-0.711996
6.904888
5.541428
1.692238
3.435271
6.325063
-0.08725263
4.220955
-1.084802
5.561748
1.590978
0.3210111
5.915756
3.002082
4.856444
0.291877
1.150254
3.662778
3.990716
5.782006
2.18835
6.041241
-0.2180524
0.6002978
0.6365898
5.982054
0.6188111
4.181584
4.24792
-1.179874
0.09602063
-1.503396
0.3130126
5.125555
5.699576
3.865159
-2.111394
5.347199
0.2337325
4.297024
0.7568072
3.77799
3.915961
6.643581
5.216076
3.684828
4.45014
0.5683997
-0.1645763
-0.008039201
4.759905
0.3370024
5.334109
3.388839
-1.247855
-1.478052
-1.848547
4.869918
4.622173
5.628475
2.427959
5.893155
4.817286
-0.78992
3.669479
5.211597
6.153358
11.18446
5.903712
0.9090598
3.699218
5.366443
1.348201
0.5797509
5.611815
3.282177
4.513035
0.8602721
4.319332
4.920153
5.345068
5.189102
5.371874
3.721003
4.735369
2.307922
4.446042
0.5651465
0.06669991
10.70105
-1.125829
-0.9919342
5.068665
5.808404
4.714689
0.8610686
1.414379
4.731941
4.098495
3.921375
-0.09191236
5.595699
3.442337
-0.9368166
5.5017
4.869413
0.06108534
5.451489
5.889774
6.071793
2.550088
4.512509
1.420838
1.635623
5.169069
-0.03482857
5.316674
5.349856
6.461962
3.70569
2.935827
2.045497
5.291002
0.4730762
-0.252307
1.788842
4.310648
-0.1927434
0.5214422
0.5048747
-0.7387994
1.462302
5.38108
-0.8574435
5.9845
8.662095
0.3492827
-2.06512
4.367062
0.299496
3.411243
3.891068
4.700683
2.288268
4.804039
-1.613116
3.860203
4.700174
3.744317
4.749288
0.08925305
3.909619
6.579442
4.673762
3.500543
1.976366
6.150988
5.681969
3.834657
5.357542
6.004062
6.190085
4.7997
3.380711
0.8597643
-0.4146606
6.098985
-0.8325754
5.112534
-0.9415697
4.910848
-2.27989
1.698238
1.068501
5.95894
9.043003
3.369648
6.970754
0.1664196
1.059834
5.775951
5.294255
4.846828
5.147344
5.549943
-0.6860463
-0.1946097
4.087363
6.850076
5.779688
-0.1123967
6.67817
4.938827
-0.5823189
3.041176
4.778093
5.360703
5.298445
-0.3456778
5.545624
4.89895
1.075664
4.361845
5.850174
5.480728
0.1680933
-0.7221922
3.41087
5.538732
-0.9798004
5.505873
5.39457
6.370972
3.92117
5.090339
3.934006
0.09335397
4.466793
3.77511
-0.5934163
6.150951
-0.8225784
-0.9569848
2.812814
3.957328
9.739697
3.727122
4.412532
0.1002183
4.406188
5.345549
-0.2403026
-1.340325
8.976597
5.520158
4.913127
-2.427001
0.5395882
4.68094
-1.190179
5.39704
5.073478
5.249492
3.928929
4.194222
7.618991
5.510332
0.9120384
5.882474
6.702933
0.4251722
4.019834
0.9891035
-0.3150483
-0.165527
5.799483
5.865966
0.3855062
5.490858
5.104764
-1.056249
0.390954
4.089133
4.054448
5.627581
5.750441
3.016373
3.125308
-0.6801704
0.8069485
4.805465
0.1374522
3.370628
5.6426
-0.09047351
4.664392
0.7753924
5.968839
4.753332
3.898447
-0.5010654
1.008559
3.355282
0.837088
6.061854
1.361932
5.42365
0.8954298
-0.075647
0.8627205
0.05589198
4.267979
-0.09175701
6.826287
0.325733
-1.035261
-0.9823783
6.794531
6.185716
3.552467
3.760273
-0.3904927
-2.023401
5.11564
4.997638
5.824729
0.09456007
4.740222
-0.2449608
0.3739955
4.658662
5.360985
-1.821128
0.497568
4.847811
-0.5546481
6.881566
6.110042
0.2975003
1.201062
4.871478
0.3820337
-0.2765671
1.414963
4.909686
0.6281291
3.454839
5.216524
1.406642
4.421486
6.255266
5.815401
4.776302
-0.4223577
-2.462786
-1.408521
-0.4502689
3.866868
5.124893
4.36834
-0.2192243
4.040906
4.047445
-0.8954187
-0.1048652
3.594703
0.7007798
3.381366
5.688744
3.610391
-1.895961
5.002563
1.00988
0.3053678
5.431259
0.7592098
4.239158
2.731413
6.569544
5.661505
-1.677705
4.534726
-0.2256811
-1.25687
-0.004754277
4.994102
4.707916
-0.1573825
6.142634
4.376859
3.867962
2.464758
4.329063
1.819781
0.330915
0.1866819
1.092764
6.456356
1.318221
4.069548
4.523995
-1.10824
2.019251
6.034335
6.393857
5.145285
0.6409265
-1.794239
4.213483
1.540311
5.67857
4.820675
-1.509011
-0.2985539
-0.1469008
3.562591
5.068228
5.06779
1.720388
4.049884
1.32966
0.8936755
-0.3870801
5.605135
4.635256
5.973356
6.018913
-0.9738609
5.336392
-0.7985872
1.926822
6.288561
-0.877471
0.02028613
-1.123815
-0.4930833
1.165005
-0.6530647
0.2414188
5.377247
3.11227
-0.2554059
-0.6699528
4.816574
5.458802
3.68462
4.93214
4.878325
6.399488
3.461069
-0.4459296
6.64634
5.868129
1.81295
6.366149
-3.7521
3.105657
-0.3398282
5.843748
-0.7350557
2.328271
1.216886
4.533488
-0.03070275
0.2520191
5.700098
5.356967
1.868307
-0.94851
-1.148356
5.677966
0.09175771
1.904147
-0.6685461
-0.5417445
4.241209
5.357076
6.789265
5.343388
5.13423
-0.107783
-1.019197
1.115276
5.629067
7.111994
6.322339
1.813622
-0.4225458
1.583107
4.739721
4.281322
1.605633
5.79218
-0.06355914
-2.448028
3.066886
0.07069333
5.473919
5.773816
5.475121
5.15184
4.164889
-1.013575
4.040371
1.226565
5.744012
-0.8970528
4.615973
-0.2401089
5.890553
5.64483
5.390777
-1.490418
0.9799108
0.6603752
6.299354
3.745807
-2.446621
-0.1308702
-0.04215283
4.579554
-0.3781749
-1.809385
3.701601
3.724086
0.4117404
0.1156173
4.6437
4.92906
-0.4784524
4.678027
7.560716
4.756707
4.597258
-0.1379894
1.218073
3.563987
4.410064
5.032738
3.215902
4.377649
-1.098374
4.604636
0.2094114
-1.537184
5.816792
3.820497
4.533652
-1.463439
5.334049
7.267651
7.021115
3.695225
0.05777329
4.234804
3.855743
4.585594
6.387626
4.578796
4.336956
5.427076
-0.2667147
5.408997
6.488776
5.698306
5.38947
6.088832
5.412894
-0.3449901
0.131672
-1.64197
4.865872
4.713653
0.2196069
1.009344
-0.1000054
0.1131492
1.412335
0.3427555
-0.02211288
6.075935
-0.2397193
0.1623135
0.6783695
4.44129
5.120556
10.84687
-0.8790059
0.9315328
4.930214
-4.161364e-05
0.1692178
5.493852
4.475658
0.916993
3.764105
5.077859
-0.2690475
4.412586
0.2122637
8.810593
5.767547
10.12047
1.401701
0.2479327
2.942893
1.110519
4.244578
3.648413
6.254769
-0.3805273
2.196362
6.480077
3.998062
7.314791
-0.6279612
4.382248
4.17251
6.190315
-1.714596
4.857952
5.756471
-0.7975203
5.37719
-0.6018023
5.082991
4.744006
1.665637
5.495968
0.2088346
1.005903
-0.01949979
5.348688
5.18361
-1.272606
-0.05160283
4.015212
2.128015
5.481718
-0.6269705
6.083146
5.538873
3.898347
5.949214
0.0648114
4.896614
-1.591582
-0.8775238
0.7016113
5.68119
4.218283
4.273231
-0.6875619
6.082125
0.5620043
0.1275074
4.696607
5.109602
4.78769
5.39406
5.990009
-0.9200492
-1.122959
4.90517
8.923468
0.6433467
0.5519458
5.756719
5.658281
3.07766
0.5065513
5.714979
0.3270145
5.207858
5.440012
6.36731
5.941505
0.9325478
4.558987
3.891111
4.567189
5.700151
2.39587
4.369328
0.3670704
0.1735496
6.796849
4.886022
4.665887
4.791195
1.408042
5.788843
-1.173195
5.704855
4.59506
0.6760063
-1.973483
4.172396
5.059413
8.441285
-0.07649884
-0.07077759
-0.8251898
5.061048
6.406977
-1.067107
6.104067
-0.7208254
4.51383
5.37014
1.713344
-0.6120586
5.535286
0.1706115
4.537533
4.977521
7.008799
3.672388
6.609921
4.928221
4.39772
8.706543
-0.3450045
4.980551
6.648117
5.152364
3.186561
-0.3929111
0.353272
6.139841
0.8395682
3.576836
0.4132704
1.204386
-0.3042951
5.021494
-1.146543
0.8578877
6.231657
3.257281
-0.8295788
0.9940193
6.48012
1.692493
5.446697
4.995286
6.054125
6.012275
3.80737
6.286416
4.458415
1.118409
-0.3011786
5.006248
-1.71174
4.013754
6.466315
4.547971
0.3372453
-0.1130149
6.420084
5.590084
-0.3781503
6.007925
1.745182
1.051829
0.8492182
4.69019
3.992559
8.401607
-0.925609
3.357601
3.889914
7.943042
2.164485
3.108222
-0.6702832
4.901336
0.4851619
4.14489
0.4713515
1.468048
-1.847999
-0.9268477
-0.5127621
5.232641
0.5449323
4.161515
-0.1013568
-1.903397
2.606749
-1.655679
3.972054
0.3949193
3.165115
0.31922
5.197177
-0.4929678
4.877261
4.720946
0.990475
3.916907
0.3263511
0.7004655
7.961375
-0.4379081
5.845912
-2.391689
3.115068
5.19742
7.212669
5.750661
3.790709
-0.1141798
5.188749
-0.1020971
5.356249
4.723745
-0.3578309
11.51664
2.471959
7.823068
4.753578
4.493033
5.601994
5.538997
-0.4471992
0.5329021
1.091869
