6.310597
-0.1994158
5.120092
-0.2913946
3.195856
0.360605
3.950356
-1.792139
-0.5162506
-0.09007862
5.172256
4.043242
3.496925
5.014179
4.604285
4.028161
5.863209
0.6628038
0.2438425
4.849137
0.2285507
4.576886
4.883384
1.890754
6.400206
-1.628617
0.3519556
1.523892
0.9061747
4.568388
-0.0432689
0.1854846
6.271681
3.965412
5.978216
4.411448
3.860426
-1.566893
7.283203
5.616679
4.431261
-1.139955
5.27571
4.786214
-0.02140838
6.600946
2.900478
2.712585
4.171194
2.98545
5.860164
0.8891247
-1.426477
-2.460557
5.25157
9.190195
-0.6054164
4.418003
1.53643
4.451404
-0.1148195
6.840747
-0.1618887
-1.442587
6.031351
-0.1932678
3.946837
0.6508259
-1.596319
5.41866
4.147797
0.7510285
1.232686
4.729497
4.10839
9.346569
5.05063
1.529864
4.804314
4.127495
5.771209
6.337524
-0.3217175
6.131348
0.8905445
6.364609
5.709909
5.614327
0.3586739
4.061719
6.90637
-1.213905
5.729791
6.981707
-0.531262
-0.3771027
-0.2232301
3.56328
0.6084934
0.3141912
6.364434
-0.5894657
4.758033
5.344981
1.46917
-0.0001831859
0.9772476
0.3466816
-0.01783629
-1.042975
4.805682
-0.154488
3.211341
5.179492
-3.444108
-0.3808985
0.8544722
4.516588
-2.100361
4.566865
4.16754
5.393775
0.7988843
4.581359
5.505397
1.045175
4.546686
5.17615
4.410262
1.880513
-1.292796
-1.220622
-0.1990018
1.479813
4.113065
0.06482467
0.2343568
3.96502
5.66135
5.897386
3.324895
0.620408
-0.05109115
0.690083
-1.66674
4.386045
6.244083
-1.521846
5.542923
0.3690491
3.068252
6.632091
4.461772
2.105948
0.1173371
-0.01518104
6.891634
4.619316
0.9901567
4.43343
4.526345
0.2685375
4.153102
4.694065
-1.632784
0.553673
0.08244634
4.433461
6.636514
7.096604
4.4846
3.827206
4.65086
-0.02120926
1.876973
-0.2323951
5.764582
-1.242223
-0.9648675
4.380304
5.51643
0.6630318
6.248114
4.03594
3.894314
6.048671
0.4908761
-1.691855
-0.6839947
5.106102
5.13217
4.148044
3.519619
5.210233
-0.2983161
5.778411
1.103995
-0.5364004
4.52573
5.073438
4.213158
4.286294
5.432733
3.519045
-1.12062
0.5301605
4.389483
5.473212
1.393766
-0.5657633
0.604835
4.1929
5.853763
4.84127
-0.9598354
3.832303
4.612334
7.956398
3.934745
0.09105511
0.2946148
0.6183217
6.439163
1.076559
5.098652
-1.410401
1.009414
1.138585
5.177675
0.5710432
0.7629271
0.09741862
6.00797
5.24754
1.623019
4.757588
4.530744
0.9638075
4.431398
4.233554
-2.061326
-0.9841836
6.169953
8.904652
6.099291
0.4336712
5.110517
0.3021227
4.714493
5.036768
1.196625
0.5089978
0.7844194
4.720668
-0.749604
0.09831286
4.166142
-0.9042878
0.1546642
4.880688
5.302694
5.527951
0.2226592
-1.533866
1.548767
5.01799
5.784832
3.940724
1.360769
6.718297
0.4952827
5.244416
7.422749
5.461718
-2.733505
0.7803672
3.587355
-1.049376
4.408849
1.712819
3.821501
0.6410533
-0.3429359
-1.740561
5.490595
6.542102
5.318228
6.099722
0.6828488
5.964273
4.172976
6.952176
0.9697081
-1.188595
5.679722
0.5675733
2.075673
4.37399
5.258864
0.08369318
-1.276063
1.895758
0.847876
6.810339
2.994801
-0.8931749
5.096011
6.821728
0.4286633
7.289402
5.759509
6.26293
6.61506
5.575767
-1.543011
5.88373
0.6908099
-0.8688925
-0.3539653
0.6483523
4.655554
4.735995
4.670005
5.586694
1.404735
-0.7699382
2.475259
0.2780759
-0.1424171
5.686843
-0.3052318
4.943912
0.9288611
-0.2703873
4.312762
4.236863
-0.3165296
5.11723
-0.8064157
4.679691
5.75077
-0.5035199
1.520743
3.90005
3.127415
5.175256
4.313893
-0.4832523
1.143811
0.2133319
11.66669
3.31691
3.383949
4.192561
0.02807371
1.01302
5.482218
5.443802
4.718024
2.089893
-0.3165254
6.97558
4.619688
5.236085
-0.6106752
5.199281
3.447699
-1.095081
3.391604
-1.350822
-0.1738525
3.834452
6.591398
5.645703
4.547516
3.971293
-1.179981
-1.275853
5.501553
4.216877
3.686876
0.09614993
0.1766826
0.9200467
4.306357
2.829983
0.01701926
-0.5842191
0.3062985
-0.147517
7.113111
5.932552
2.530647
0.818711
6.302097
-0.7768561
0.3821564
3.58723
1.480402
3.712284
2.845648
0.1953197
-0.6428718
3.559458
-1.010871
4.240523
6.476337
4.475158
5.287335
0.3720944
4.149667
2.674423
4.871241
5.776652
4.981391
-0.1426774
5.446397
-0.8394844
-1.390093
6.620417
4.083075
5.226325
2.543556
-1.601225
-0.4627051
4.579034
4.996027
-0.6826133
4.326616
5.359877
0.4127632
5.816294
1.320473
5.482788
4.607515
1.50994
-1.337563
3.935905
5.395625
7.294491
-0.06991783
4.622699
5.357565
5.197278
4.785671
6.105601
4.814336
6.082089
-0.6567574
-1.830039
0.8590363
1.499924
0.9935561
-0.1496997
1.036103
5.358865
-1.71865
4.071706
5.664882
3.542009
9.323093
-1.634173
0.5514375
4.965684
0.2475842
-0.7394739
5.612939
4.306976
2.675206
2.51047
4.712026
4.332065
0.6068804
0.5440796
4.021629
5.989733
-1.709405
7.327313
6.049489
-1.012167
3.179062
5.590593
-0.05514357
1.626594
4.510725
3.696831
5.079508
4.862866
-0.6518461
1.503873
-0.8751569
-0.08673421
6.672572
0.8829995
5.687735
5.306388
5.270976
3.892097
5.320986
3.607663
