0.4379221
1.609759
4.76474
6.27857
4.263483
4.924941
0.01154797
6.147348
3.706301
3.603849
1.036589
4.658299
4.303739
0.5897956
1.115715
5.593812
5.963358
-1.308686
4.748421
5.663363
-0.6068466
1.173843
4.451249
-1.513681
5.902272
5.792166
-0.1381303
6.676971
-1.391425
4.34689
4.859354
-0.4571689
5.790192
4.806648
5.392298
5.400188
1.192767
4.36954
5.035141
0.02147565
-0.6834413
7.282932
-1.591187
4.372812
4.87363
0.6313646
0.1668733
-0.08858391
4.409365
6.463685
1.890968
5.836053
5.59398
4.61201
6.107468
-0.857504
0.09544629
-0.06509787
3.224699
5.828407
5.579044
3.053722
6.208519
4.592825
0.02957138
1.239738
2.846099
5.828472
6.760022
-0.1475257
6.215949
-0.392894
5.538333
5.247081
-0.714285
0.8772555
3.572605
5.317073
-0.5151025
5.734834
5.275296
-0.6207377
-0.7922733
5.270516
4.92975
3.503515
5.111342
-0.4550359
6.73604
5.76669
3.268456
5.506354
4.336228
5.404855
-1.304593
-0.3574122
5.863519
0.5251809
4.450652
0.4789743
0.5687248
4.095254
1.476948
4.519063
6.935885
6.275351
5.359561
5.802192
4.002132
8.167868
-1.098989
6.14752
0.1048801
1.157802
3.2225
5.015578
-0.5806311
0.03842015
5.531621
4.472523
-0.1145007
0.4902241
0.0253102
-0.2228403
-0.2209891
6.48122
5.498146
9.225377
5.583463
3.369953
5.16609
4.885461
0.386067
5.067521
1.493418
3.566759
4.757454
1.569276
5.8238
4.701558
5.397226
5.067661
1.238748
5.888902
-1.461025
-1.477746
7.434924
4.775647
6.568062
0.3586892
5.167144
2.890392
-1.35614
-1.69146
0.1530516
3.809861
-0.5547683
0.7957191
1.191418
-2.502536
3.855684
0.6303973
2.352264
4.655012
4.542893
5.058386
4.609447
0.8637243
6.962085
5.314583
5.145318
4.794694
4.490043
4.172756
0.5119412
3.486419
4.059586
4.315826
1.549556
5.884713
6.617113
0.2465038
4.940244
4.99251
6.299687
2.828096
-1.929622
1.916336
0.2448039
8.348498
3.944684
6.013037
5.086932
4.982431
5.136425
-0.08906752
0.4892539
2.427321
0.4938809
-0.7443329
1.456039
6.044963
0.9385355
6.126161
5.868683
3.494443
-0.4342787
-1.284211
5.17688
-0.08564575
0.4023448
-0.2815008
0.6284961
1.182408
1.036622
3.260784
4.549129
-0.2797913
4.422966
4.654392
3.974676
2.037173
1.341706
0.005001293
6.626445
5.246229
0.3074035
-0.04381512
-0.1567159
4.813448
4.432536
5.99649
4.375451
0.5120153
6.033446
6.34453
5.90665
-0.5853473
-0.2810507
4.326206
8.794646
-1.640222
-0.1535218
-0.005616155
4.626486
-0.6065528
3.766757
6.910206
-1.789601
1.632521
2.365334
5.832553
0.06878738
0.3912152
5.013681
6.095605
0.4452014
3.790575
4.586288
0.310839
0.4470793
-1.095477
-0.5273394
6.582144
7.159232
4.405361
1.097284
3.287455
4.253535
0.03581157
4.148353
7.590317
3.781401
-0.8399662
4.578923
5.339818
-1.530821
-0.06790799
4.306947
-0.5846289
0.8098752
5.167342
6.57782
-1.140101
2.718908
1.180321
-0.354818
0.02092241
0.6491549
-0.3121051
5.850749
3.251204
-0.1463514
3.244504
0.8220281
5.824082
-1.124144
0.04344961
4.012035
-0.957925
0.4628591
-0.5594016
4.482708
-0.3639902
5.352918
0.08732455
3.845484
4.807783
4.442719
-0.3859234
4.358982
4.154601
5.269313
1.344936
0.189007
-0.07081056
3.611114
5.076224
3.33764
2.026422
0.08219028
3.461923
-1.397482
4.853153
5.843705
5.890547
5.990839
-1.17267
7.010004
5.652531
5.294791
0.608992
5.784141
0.3236123
5.195046
4.438992
1.396661
0.5662411
5.335201
4.165611
4.477097
1.142342
-0.2438998
3.033481
-1.170141
2.89924
-0.02618445
0.03530867
4.58036
-0.118674
5.416069
3.419424
1.868606
4.432761
3.600365
2.308306
5.364811
3.590527
0.1405879
5.060903
4.946546
5.90697
4.603417
7.871051
4.285423
3.215401
-0.1052188
4.562185
3.887276
0.1174337
0.6821796
-0.3410938
0.3649792
0.07002746
-0.7316953
1.122784
0.5871325
0.08889912
-0.7935397
1.305309
-2.804584
5.510691
5.941288
5.813465
4.564793
5.142756
6.531284
5.534531
4.590518
0.2063395
2.538712
5.816273
4.552394
0.8771827
5.484802
4.890188
5.110078
5.248919
4.830237
4.816901
3.646553
-0.3398492
3.920649
4.396115
6.442123
6.739824
4.153795
2.203374
-0.2351733
-1.055761
3.730679
6.124162
4.532519
4.968021
5.296071
0.4867642
6.517212
4.855186
-1.124214
0.005558054
1.58985
4.804177
5.219063
5.169348
5.476498
-0.1049536
3.672206
-0.1743854
0.06064719
1.137834
5.488795
-1.703501
5.316776
4.890674
0.1359196
2.281587
3.423208
6.976577
5.927334
-0.03010454
-0.4732536
5.816157
5.38928
5.73151
5.308458
-0.01019318
-2.22557
5.851955
5.572182
4.796016
5.972106
5.910177
4.634957
6.153204
5.192885
6.399773
0.480685
6.222251
1.937157
0.8123309
0.7918135
0.5994448
-1.5418
-0.06262862
5.544195
-0.7096395
4.387577
-0.6327732
3.333695
0.299173
0.9555638
6.182144
0.706327
9.174609
5.909534
1.492515
-1.034351
0.04476051
4.163056
8.889483
5.935858
4.777385
0.0776619
-0.2521103
1.066174
-0.2678458
-3.042207
0.8423185
3.909995
6.147257
5.246045
5.206575
7.875179
1.714987
7.334292
-0.4377633
-0.5659026
0.3636492
4.22342
0.2729931
-3.251221
5.109208
5.792888
0.1748617
4.435866
-0.9210615
5.476242
4.996303
4.760405
4.894102
1.47132
2.949878
1.149831
-1.492588
10.02299
0.6736281
0.3042599
0.242887
3.611471
5.04306
5.973749
0.1990817
5.594281
6.821723
-1.675516
-0.176681
4.928011
4.273633
0.7334804
-0.2295083
2.577499
3.500134
1.825097
5.553848
0.3893974
4.064582
3.91048
5.194933
4.636956
6.704169
-0.9868014
0.188935
3.960865
3.21575
3.150752
0.9991071
6.051307
3.701037
4.098525
6.385105
4.652491
3.30294
0.286389
-0.3586942
1.249912
-0.2717533
7.74832
5.260346
-2.433104
5.190583
5.101316
3.961786
3.953931
5.660557
-0.1256343
3.306448
5.557263
3.794597
4.299849
3.370636
0.6740283
3.935819
-0.4471281
-2.28123
5.402559
-0.5269307
5.72892
8.60157
6.803482
4.825545
4.012497
4.975967
5.20763
0.1962098
3.945769
-0.06525619
0.9011311
3.935291
1.186937
0.1907487
4.846906
-0.05041164
-0.6026464
5.111748
6.283246
4.357607
-1.293393
4.977075
4.668638
1.069198
4.573055
3.772067
-1.215832
10.33174
4.50326
4.98988
4.46405
0.01379295
-0.7029173
4.822602
7.417212
4.849801
4.941909
5.78874
3.782491
10.06035
8.004527
0.9374759
1.217825
-0.9847603
0.8039815
-0.4318213
4.558762
6.950452
4.123567
-0.7948521
6.078265
-0.3273409
5.476298
1.219719
4.875517
3.890394
5.463307
4.291612
-2.205464
0.7767535
4.901985
1.437941
4.306953
2.21996
-1.744572
-1.388413
-0.3223116
0.02995597
5.834035
1.108308
6.317919
1.467699
5.67111
4.374633
1.300696
6.00197
0.2666346
0.06292764
0.4991323
-0.1056418
-0.8939625
5.91584
4.484741
5.251294
1.217047
-0.02020074
4.134267
-0.8327467
5.309219
4.565855
5.559931
-1.761083
5.967109
3.773512
6.50598
3.038968
1.890528
-0.3625528
-0.9052594
-0.1280054
5.417929
4.90307
1.038764
-0.110899
-1.544937
3.494125
4.012485
3.998771
5.115721
5.351032
5.559495
5.982831
-0.7001261
-0.4876341
1.511982
4.211397
6.269854
0.3842831
3.810456
3.906304
3.155005
4.996333
4.266451
-0.3710249
7.521356
-0.3473653
-1.126247
0.2326706
4.073188
-0.7489709
4.075489
4.903311
1.441075
4.343069
-0.9856354
-0.03897562
6.413048
-2.299541
4.362242
7.649776
4.304236
-0.4384037
0.6436652
5.337036
2.605492
4.375706
5.003964
5.593986
5.720802
3.53004
6.881378
3.452283
5.965658
5.638074
4.442652
6.323985
5.335292
-0.0506491
4.572444
0.5144098
0.8930046
1.21353
-0.07744078
6.323643
5.578347
5.503437
-1.222723
-1.004345
5.008097
1.24414
5.666896
0.9553965
5.83302
5.233289
-2.023192
4.114252
5.505118
5.157018
2.626445
-0.2203211
5.991948
8.037982
4.565015
4.902177
-0.3660465
6.39173
-1.428947
4.683193
1.577892
4.730223
-0.7494808
-0.5125888
5.367879
0.4759376
12.54645
-1.226988
3.220628
6.462064
5.162211
-0.1933748
0.5795406
0.5455084
4.604403
1.288583
6.30903
0.5506
7.645117
4.134829
4.367305
1.492414
5.843713
8.929316
5.742436
5.613301
-0.5300729
0.5677183
6.986433
5.620375
4.822529
0.3436592
3.520656
5.267365
5.986495
5.774971
7.397763
3.943733
0.3726106
1.034236
1.657258
-0.3685583
6.515702
3.024525
0.524408
4.300965
4.007242
1.565844
5.442509
2.236591
0.09235449
5.997154
6.684169
-0.7138918
-1.2146
4.724909
-3.31405
4.659049
3.922845
6.457453
-1.146878
11.73751
-2.009897
6.351445
4.379273
5.672035
9.033123
5.650955
5.703938
6.251375
6.085045
6.654565
-2.108675
7.146111
-1.182859
5.281781
4.409243
-0.701899
5.358687
-1.574519
0.4072394
4.908937
0.9388961
5.534074
0.5457701
7.293327
5.158203
9.005909
5.981708
6.263465
4.745356
0.01058594
0.1465295
4.859267
-1.841781
5.418955
4.070604
0.2687286
2.04754
1.004448
5.59481
5.398656
0.8784787
1.415999
4.000505
4.524271
5.01693
1.200463
-0.9146267
5.501251
6.506485
1.427808
3.399796
0.03191229
6.512823
6.6164
-0.6103356
5.031672
5.168077
-1.054018
1.21
4.684352
1.193341
5.661623
4.121406
-0.2331292
0.1319878
4.185927
5.130845
2.176497
-1.639308
4.306486
-0.5583968
5.558467
4.691637
2.819753
-0.7167574
-0.09249748
6.362621
6.771754
-0.6634324
5.265148
-1.41222
-0.5949693
0.5104114
-0.1034364
6.955304
-2.930165
8.012515
3.823832
4.921765
0.9260352
2.639452
2.684431
4.093822
6.225205
4.540571
5.145713
4.179604
5.47333
5.791679
0.2548802
0.6014991
1.558987
6.400587
4.904972
-1.16923
0.9757862
-0.6234224
-1.247602
5.96931
5.105703
4.681607
4.368971
3.951124
4.951103
-0.195075
5.085493
4.548773
1.827262
4.664151
0.03537668
-0.4394564
5.513525
5.641448
-0.06432021
-1.100976
4.451676
9.470554
4.436895
9.067679
0.5618574
-0.6228536
5.445885
5.659302
5.755233
1.003409
1.043681
3.906941
4.824372
-1.20579
5.610814
5.788313
0.9022866
3.299889
0.03682952
5.203537
0.3699653
4.465241
0.8394127
-1.582264
1.074272
-0.322004
0.8202218
0.2880028
4.833553
-1.301407
1.000642
4.826167
4.992615
7.101287
1.060084
4.590429
1.404132
5.156144
6.025024
0.4711228
5.203716
6.111408
11.03916
0.769472
-1.007055
5.672404
0.4221148
1.311028
3.883211
4.597339
-0.2994871
4.648604
4.301022
-1.004506
2.508981
5.266735
0.6644517
-0.7038612
5.483626
4.776551
5.807501
5.929227
4.827263
5.813557
4.850874
5.731495
-0.34302
3.178429
6.769879
-0.4339802
5.630911
0.3537452
4.10648
-0.8209963
5.825025
6.634074
5.885605
0.3654051
2.625703
5.755529
5.656903
4.569402
0.01519908
-0.9409297
1.315808
-0.1609027
1.47358
5.936019
5.31198
4.357818
-0.8025105
0.0004114252
0.1441186
4.733944
8.780195
-1.136938
-0.2325867
-0.8419226
2.800239
5.333163
5.109727
0.2541963
5.364057
5.090562
5.877243
-1.479353
4.134348
4.183415
4.656701
6.422013
-0.8113344
0.9035849
-1.093328
3.867168
4.469627
1.324419
8.284276
6.072168
3.659366
4.402735
-1.209753
6.118796
-0.1236292
-0.4390322
5.797361
0.8479412
5.975787
5.664466
4.231515
0.2883677
5.227564
5.075536
-2.693198
-0.3840212
4.920534
5.283773
4.765147
-1.410029
5.495644
3.821533
6.439915
-0.2919669
0.4836726
5.725712
7.167322
-0.5097733
0.4170077
0.2471442
1.431831
-0.4593541
6.387962
0.1447795
6.598632
-0.1082215
-0.278234
4.317996
0.2915163
3.18616
5.100347
4.89049
-2.409311
-0.4462974
-0.6535228
3.865526
0.1782896
1.558466
0.1252927
3.944288
0.5064701
3.850305
9.835571
0.4165567
6.489663
2.249982
0.1680953
0.9547105
-0.5701658
5.600836
4.607323
2.281305
-0.2791589
3.461774
-1.132574
-0.7393702
-0.1150636
-1.004618
5.464897
0.6439261
5.593936
7.26763
-0.2009322
0.4571895
-1.124114
4.681745
0.4346247
6.736028
-0.7950158
2.209066
-0.8764489
5.334061
7.070679
-1.709628
3.333891
12.54446
1.711208
-0.8720478
4.412662
3.340748
-0.2582117
-0.9907843
1.548612
5.370221
1.213267
5.672687
4.767757
4.544066
1.18221
-0.6532712
4.833018
5.059475
-0.1516792
0.5928114
5.237952
-0.9412815
4.703132
4.526059
3.379317
5.328004
2.079309
1.755835
-0.3819756
5.477009
2.039183
5.781416
2.775081
4.766322
3.02192
0.8681776
5.728468
-1.264567
5.768111
6.614166
0.8581986
-0.4486669
2.132151
-0.5095374
0.5597964
-0.9958344
0.2850589
8.2334
-1.739348
2.159796
6.320025
3.90292
0.5134744
5.584077
5.325063
0.8077728
5.645661
-2.488135
7.973791
4.829525
7.982793
3.553155
3.019685
-0.4883377
5.095695
4.075807
0.3442622
-0.3942441
2.126263
5.57755
5.32564
5.637335
-1.004099
7.779047
4.882156
-1.149918
5.575776
4.300152
4.391138
0.06109996
6.987853
0.6254356
5.039577
5.437331
4.870692
6.163177
0.05897397
7.882686
3.670783
6.124228
3.583008
1.025323
7.276216
4.350099
0.6210132
4.622288
0.3921247
4.550379
5.489408
6.639765
5.484355
0.002792457
5.603572
-0.2587015
4.347697
-1.457333
5.586282
5.711872
4.642613
8.686648
6.269031
3.869799
7.447808
6.845926
5.465909
1.268496
4.362442
0.0536728
5.286881
6.798679
4.941001
5.17318
-1.409495
4.497466
3.993085
4.965709
5.995529
4.883786
0.1241476
3.4389
5.046334
0.7733465
0.04545651
-0.3125924
4.406767
-0.8729557
0.7582062
4.410566
-1.5993
4.980278
-1.227854
-2.544956
-0.258364
-0.1872818
-0.06452051
6.859169
-0.03507026
1.093056
5.213637
0.9577002
0.6110057
0.1205752
1.31744
5.596375
4.962397
4.469168
0.4902473
2.233994
-0.2951791
5.5598
5.006756
-1.067272
4.856291
6.063133
4.757657
4.680998
-1.016081
6.749017
0.7398089
4.233203
6.277409
5.166615
4.806681
0.2645012
5.631302
6.299774
-0.5952155
-0.2252482
1.618258
4.097235
4.772976
0.9059281
4.741084
-0.2284146
4.889693
1.563239
4.567412
2.715533
5.034649
3.672295
0.4416947
0.821085
4.395354
3.36522
-2.420324
0.8508937
5.52278
4.429677
5.204517
-0.1287534
-0.2114941
0.2305091
5.702715
4.897042
4.746472
4.778274
-0.07550681
5.123486
5.485069
8.183779
3.727801
5.525023
3.134558
-0.0587641
6.687702
-2.003093
5.014131
2.8542
6.085758
2.853436
5.085364
3.484664
3.90362
-0.4254057
-1.320927
-1.991987
4.901053
5.749324
5.447726
0.7318127
8.087966
4.894455
6.158793
5.184227
-0.6180352
6.496862
5.660908
3.595172
1.060034
5.554786
-0.3115532
4.349127
4.670772
5.140504
3.625261
-0.7331432
4.183919
4.420193
-0.04578716
4.717675
6.184775
4.526729
-1.411955
5.459289
-0.8780162
5.428975
-0.2204111
4.729288
4.323599
-0.6417721
4.518485
4.465459
6.546267
-0.1765932
0.902344
1.618259
4.740204
1.654438
6.035395
0.3064387
0.2262811
4.788419
3.211467
5.452484
0.3731207
1.675323
5.88999
4.149813
4.250114
5.658411
5.857556
1.678974
5.181632
5.378334
6.617187
1.447159
5.235112
4.681867
-0.2642213
6.256811
0.2304644
0.1118664
-0.3044137
3.050555
4.690531
5.062709
4.712195
-0.5068627
4.903193
4.898958
5.438766
4.685941
0.7199982
5.819141
-0.1948811
0.3660801
0.2915979
3.72612
2.167401
-0.3583453
3.258726
5.668177
-1.066378
2.672616
4.386868
-0.3164241
-0.4571564
5.223206
0.1004671
4.119829
6.825282
4.697288
-0.248305
5.383179
-0.3936608
5.597318
0.8748902
4.361564
3.953457
0.2415042
-0.6150576
6.064946
3.817768
-2.756512
6.311701
3.747766
4.335042
5.3607
3.93188
4.463082
0.1628171
5.285977
-3.040772
6.521581
0.2164394
-0.4288548
-0.7421478
4.26244
7.378281
5.915163
1.536841
4.940812
5.786901
4.879808
4.822419
-1.94705
3.54831
3.916248
4.808335
7.054057
0.04476362
-1.031991
5.47039
5.447905
5.196128
4.514438
4.925448
1.58582
-0.6154682
-0.4040567
3.19814
3.856122
5.754082
5.829472
6.2339
7.620242
-2.354777
4.262842
4.061729
5.734627
5.499969
3.912188
4.014373
0.5532932
7.819919
3.79009
6.32088
2.516222
0.5483502
-0.504485
4.744402
5.486885
0.5962242
-0.8557007
6.28443
5.50764
5.696207
3.938771
4.698509
-0.1559571
1.776805
-1.375959
5.716195
4.905749
5.783956
4.939648
4.874448
10.7937
5.273924
6.216022
0.345924
0.01571103
5.93976
0.578357
0.5290839
4.828161
0.229639
0.6405776
3.753105
0.2245953
1.096651
5.401544
4.878756
5.779858
4.480061
5.125883
-0.5776502
4.183973
1.932827
4.402984
0.3695167
6.382317
4.542812
5.563325
3.407815
0.8804172
6.169351
4.162751
9.230576
6.575882
0.6895384
5.296439
0.005921983
-2.140913
4.501987
5.304628
5.336369
4.804972
0.5352754
1.434263
5.721276
4.098855
1.562645
4.369354
-0.4897062
2.2879
3.034548
0.4566591
3.704293
1.030271
1.441854
1.215765
4.70845
-0.7621894
-0.2029987
0.3442622
-0.02497028
5.45187
2.513315
5.108709
8.765911
4.778739
4.061544
6.174716
3.758317
2.624946
5.943782
-1.857795
-0.1707123
6.23377
4.766521
5.996577
5.306844
2.862189
5.063294
7.074227
-1.141406
-2.286941
-0.3690155
4.973057
4.980964
3.309651
4.578444
-0.4255374
-0.9926674
3.3385
5.196512
0.5734601
6.112507
0.823631
6.247676
0.6817656
0.01884673
4.343992
1.297281
-1.11335
2.873738
4.388701
4.52326
3.374044
4.479484
0.9062801
-0.5056383
5.502803
5.20242
1.30824
1.023527
5.724682
5.401865
5.862394
4.72902
0.06654254
1.338889
-0.6002827
1.386055
3.754925
5.669734
3.720976
4.888722
4.10493
3.491447
4.470428
-0.5678206
-0.7746068
4.762311
6.731855
4.938589
4.666956
0.6550644
-0.208783
4.540857
4.186761
5.890626
5.885805
-1.534841
4.955389
5.212869
0.6029543
0.02591912
0.3388194
1.651343
0.5314735
7.647672
6.700519
5.381145
3.069817
7.418491
5.135626
1.339094
6.705475
5.137981
-1.426125
9.277533
6.158359
6.142592
-0.7346069
2.82605
5.176685
4.739457
5.681201
5.277793
-0.08955334
5.605449
6.903609
4.427549
0.5337447
0.8365184
6.517383
-1.276045
1.378536
0.7646676
1.889729
-1.216977
-0.3826022
0.2516213
-0.100023
2.349279
-0.3711487
2.52298
4.578359
1.24897
-1.297009
-0.1770283
-0.5746942
0.8648814
5.455015
5.157684
-0.3707529
5.729389
5.763325
1.942797
5.260407
1.652862
4.718952
8.18532
8.167887
5.005121
0.5853605
5.791381
4.091342
5.395307
4.760516
0.03695726
4.475737
4.634633
4.808994
0.7481261
4.28501
7.190365
0.7375966
-1.050526
4.726485
-0.8706233
-1.854508
-1.564165
5.490935
-0.5620637
1.6507
0.8761652
-0.8484059
4.739775
-1.945014
4.842695
5.157302
4.146163
6.41375
0.1852792
5.59953
1.445056
1.433193
5.362975
5.803802
3.859378
8.994572
2.652868
0.7737306
1.755347
4.68728
2.095648
4.887734
3.723692
6.725299
2.73468
0.3640542
4.656851
4.024626
3.844717
5.441442
5.820895
0.5744737
-0.7940183
8.521357
1.145971
3.691404
3.432185
-0.411277
-2.432774
4.559721
3.990996
6.018343
4.793241
-0.8637965
3.591999
4.526639
-0.3313442
6.250529
0.6591599
1.397361
3.290362
1.120132
4.903443
5.086024
4.876381
4.586629
0.1196239
8.979664
-1.797211
6.76743
3.691627
6.50543
4.855819
-1.441455
5.089619
4.862955
4.97875
-1.222331
4.077417
4.500222
1.074694
3.902305
3.945692
5.433946
4.688615
4.673688
0.1507045
6.421122
2.415802
0.4618899
-1.052377
0.9351889
-0.3250885
3.966133
7.0849
0.04307414
4.152339
5.816348
-1.407087
-0.5529629
0.1900953
-0.1097888
4.820707
5.324083
-1.47156
4.994034
4.177834
0.1021964
4.928137
1.474307
4.556602
4.074643
5.812532
-1.825408
1.952254
2.494794
-1.331795
-0.5553647
6.117334
3.549979
0.05835555
0.03945122
5.452012
5.76413
5.017615
0.3140381
-1.341528
4.88419
5.111723
0.1950217
0.07586179
6.136425
-0.04701826
5.323848
5.359443
0.4990686
5.697417
1.210027
5.781615
4.870224
3.272045
4.804955
5.4147
5.520516
-0.1317309
5.792237
4.043548
7.216193
8.035707
-1.98733
0.09280469
6.952191
4.54535
0.08457622
4.958484
4.065483
3.664303
1.830732
5.75855
0.647966
-1.48133
4.734234
3.363141
-2.359106
2.013761
7.495344
4.47697
0.434593
-0.04488272
0.2286495
5.764741
2.900971
3.330008
4.288544
5.994864
1.251801
-1.09033
0.1283772
5.09865
-0.190444
-0.1403236
1.67337
4.99264
-0.9419014
2.680589
4.139095
-1.213231
5.100968
3.693123
4.687165
5.307311
-0.6016566
0.243293
0.631062
0.61006
5.44562
3.077752
0.3517635
2.000811
2.282607
0.6051021
2.248394
-0.3808687
5.098656
6.132451
4.939984
3.025481
0.6817703
5.799851
5.651625
7.198813
-0.4432206
1.110265
6.26028
5.707423
5.649179
0.5295554
9.461269
1.403231
0.1380496
4.231713
3.959542
6.001872
8.462543
5.620496
2.998627
3.944671
4.028145
-1.082879
-0.5700051
7.641717
5.901733
3.724957
6.371466
-0.9948588
3.796139
3.449173
0.9111974
0.2950311
-1.034866
-1.327128
0.6068515
1.239207
4.720395
-0.3048648
4.330854
4.675491
6.118589
0.9202745
-0.3406714
0.2327757
4.88097
-1.554547
6.141171
-0.8735712
6.348786
5.755197
1.317898
5.695045
0.6120497
-0.6812305
5.478962
0.305877
-1.681614
1.91439
5.823765
6.358153
5.753011
5.581172
1.324458
5.483476
0.5521115
-0.9896086
4.735254
5.441109
6.500175
4.993943
5.197541
6.795555
7.866085
4.20187
3.639844
5.874173
-1.020852
-0.9910328
3.618806
5.556261
-0.05962752
3.899902
0.221662
0.01348601
-1.225973
-0.9890775
4.469846
4.815214
4.852335
0.7196405
4.283881
-1.72301
3.772183
-0.8204115
5.97256
2.572302
-1.006445
-1.010982
1.336529
1.58321
6.041384
-0.913056
6.600761
5.373596
-1.640516
5.243803
4.741343
5.041786
4.67226
5.027259
1.122393
-1.411791
5.740712
0.9856228
5.620842
6.669154
-1.328827
4.498717
6.429935
1.128205
-0.1091857
5.733385
1.293991
-0.05093108
5.741981
4.033527
-1.024248
5.919205
1.078838
3.574687
4.651466
0.6338953
1.418784
5.067943
3.668123
3.470438
8.437398
4.833888
6.081228
5.127475
0.6962074
6.402934
-0.1668419
6.578712
3.990986
5.595108
-1.747261
4.676838
10.39552
-0.5499915
-0.7795496
4.770175
-0.3924631
5.797804
-1.253946
-1.624878
5.613019
5.550828
5.279339
0.3860144
5.240732
-1.222521
4.451307
0.5089259
0.08311689
-0.924831
4.024569
4.621316
3.59601
-0.4465714
5.545821
0.44436
13.1342
0.3718157
1.077844
0.7265675
3.142731
6.385695
4.012135
-0.2478382
-1.091698
3.18787
4.833002
3.62889
9.153937
5.071914
6.247306
5.918206
-0.1914642
-0.4946199
2.385369
7.267912
-1.607319
-0.294053
5.802436
5.2658
-0.2634629
6.019829
7.058283
-0.682185
1.986999
0.3847963
0.7484321
-0.2737824
-1.481171
-0.3012146
5.594299
0.9860339
5.438003
4.403036
5.841692
-0.6036474
6.225667
5.251028
4.643848
4.291736
6.041889
-0.8094757
4.445372
-1.038939
4.19747
5.102366
5.235631
3.629684
-2.055771
0.1433197
5.270453
8.182493
0.4190405
0.01604771
5.785502
1.62038
5.04906
4.287566
3.525985
5.573522
5.697829
-1.437118
5.48506
-0.06455554
6.419233
0.02152784
5.742588
5.004603
1.000795
5.26668
-0.8189449
4.664518
3.965845
1.146763
0.03216577
1.35236
4.553807
4.22116
5.7278
6.543137
0.4227829
3.109768
0.3154946
-0.2739159
4.920372
-1.215145
5.121174
6.367013
-1.131523
3.303065
4.071102
-0.7406877
-0.6290705
-1.666187
4.923737
0.6131271
4.841957
4.597901
1.262519
3.059551
-1.178075
1.107016
-0.5512407
-0.853472
1.852882
4.865219
4.077336
3.818377
4.408923
-0.4406297
5.666821
5.998415
-0.4148079
5.311309
-1.169577
5.076366
-0.1480151
1.522462
5.570341
0.4102886
4.106564
4.676455
1.035512
-1.237265
6.439298
4.062408
4.411811
4.976007
5.049749
6.299524
0.6177104
0.1874705
4.433831
3.674543
4.906077
-1.586834
10.20884
-1.208364
5.522226
5.684003
-0.9488442
0.5851828
4.71662
-0.2170351
0.3273109
1.403233
-0.2518064
5.883044
0.1981672
5.70627
6.313586
-1.121025
0.7361149
3.609154
1.566384
2.242882
-0.1682728
0.860635
4.425249
5.434716
4.058993
9.67402
-0.5105515
4.88793
6.905464
-0.3332314
1.230489
4.606632
6.709276
5.466636
1.34815
-0.3661111
5.747635
-1.418594
6.537111
8.687375
5.718642
3.056984
3.827313
-1.121075
1.987062
5.748245
3.502012
4.936564
4.373351
-1.099561
-1.463553
4.4948
5.080172
0.6165873
6.761577
6.349105
1.110971
-0.8864203
2.227395
3.152118
0.4116632
4.485442
5.058041
5.728339
1.656509
-1.953786
8.354209
0.7275173
1.389641
4.926187
0.5512371
5.035305
5.960782
5.838422
5.557529
0.7713282
0.40998
0.7884826
1.085007
3.732238
7.155195
6.307406
0.1631219
0.1315031
10.74053
1.510996
-0.7216818
4.410477
-0.1025663
9.271564
6.282085
6.369541
3.369038
1.57547
5.676175
4.580693
-0.607719
1.786095
6.645805
4.281739
5.307506
4.272401
3.968934
5.551287
5.967939
5.475061
-0.8994785
4.173792
4.332919
8.482338
4.091111
5.761334
3.793839
1.928287
-0.1859
4.33579
-0.2949811
-0.3401795
5.489733
3.051774
3.586781
5.017503
-0.3982181
4.606192
0.04839641
4.481838
6.335135
-0.3563185
3.997223
-0.06907386
4.511177
1.327118
5.855019
11.99632
3.365749
2.521908
5.499794
6.781814
-1.088389
6.230599
-0.5717734
-0.02228823
0.4403905
1.117621
1.102615
-0.6505879
5.379267
5.614878
2.468276
0.4086901
-0.6967455
3.898826
4.079314
0.9512284
3.420709
-1.388547
0.2009552
-0.9970809
-0.3553863
2.896055
0.9903465
-0.9636577
-0.2200618
4.154852
5.998718
-0.006032322
-0.6614485
7.790276
4.282291
-1.020323
0.4144829
0.1050211
7.157396
6.823522
5.363259
-0.6555308
4.702191
3.069187
-2.221346
5.675874
5.616255
4.798877
8.018611
-0.09648442
3.050013
1.859059
-1.331962
0.4837637
6.209662
1.71641
8.3932
-0.2804275
3.470652
0.9731753
-1.577182
5.522435
0.5459483
-0.1657118
1.316031
4.461238
3.518211
3.793515
6.9087
5.65097
2.458685
6.001703
-2.003251
1.563546
5.903641
5.901116
0.554751
0.6475747
4.651449
-0.1816604
4.857447
-1.960464
-0.3033897
5.301344
6.131473
5.806595
-1.383826
3.754291
0.5330488
-0.5839018
5.82854
4.652718
-0.1163752
0.1794189
0.7532204
6.730433
-0.3451348
-0.02495081
4.670522
4.395225
4.679055
3.435353
0.6786899
-0.5415601
-0.006427158
6.424136
6.354077
6.467231
-0.5027926
3.584846
0.01928912
0.08899588
5.435871
5.030999
0.19209
4.627536
6.438145
9.874262
1.336488
0.7634125
0.4693749
6.666393
5.372254
6.188135
4.721794
0.157283
0.3824853
6.335512
6.083826
0.1266682
6.899612
-1.241951
0.3746849
3.876277
0.7747196
1.493011
-0.02583706
4.188424
-0.1962799
2.809684
-0.1326892
-1.183544
-1.685479
5.57944
0.6832045
1.487382
0.4927237
3.677671
-1.922212
6.012127
4.168948
5.460788
5.756951
-0.4249189
5.863016
0.7680276
0.4547656
-0.08635915
3.608143
0.1279163
7.53304
6.318617
0.8821802
6.30369
-1.351664
0.6837765
5.830595
4.404145
7.21649
5.132083
0.1518048
1.279315
5.220123
5.119425
5.234846
5.930824
0.2863517
5.613663
4.876048
-0.4519051
6.381459
6.809061
5.581359
-0.4717496
0.189666
0.445949
5.32516
1.409965
-1.630541
3.998244
0.210101
5.677335
5.724319
4.983861
-0.4740721
-0.06069933
4.938168
0.02744948
2.850995
6.196355
3.048254
7.007072
-1.791816
5.198643
5.466666
5.183549
0.4262522
6.546423
5.479735
0.3036974
4.183637
0.9910774
-0.05059771
9.565499
5.276213
4.796117
0.3213952
-0.2125352
-0.06810431
-0.07582175
1.113873
6.267685
4.686666
6.046995
0.09683374
4.332817
4.751055
4.308648
4.752183
3.002321
3.796603
6.040571
3.357081
3.232408
4.124286
-2.015378
1.450425
1.043386
5.546231
3.345173
0.8212001
0.8312738
-1.678306
5.769204
0.8191271
-0.8495381
5.094318
-0.4629789
5.044294
0.615003
6.36167
0.371339
-1.562577
0.7980374
-0.8724476
-0.7308634
0.401396
5.207579
4.125953
5.192557
0.2103569
3.936481
4.0586
4.66
5.616817
3.18041
4.110067
-0.8704017
4.054203
4.793377
5.109142
-0.6953608
1.825286
1.110819
-2.654171
3.805819
12.33307
5.71646
4.090629
-0.4616585
1.448017
3.667748
10.33925
2.319951
4.466622
-1.013947
4.00162
3.652706
0.001111095
4.559786
-1.783678
-0.7587554
3.466572
1.18963
-0.9103048
0.7134941
0.6855602
5.73498
1.643148
3.804371
5.914394
-1.666493
-1.899997
-0.5684765
4.496199
0.04314896
6.837427
6.108657
5.335273
5.063686
-1.045552
5.705723
7.819866
6.983924
5.024335
3.533754
3.820809
5.770848
-0.3985564
0.3913439
0.1333037
6.343637
-1.119463
-1.341328
4.017209
3.848541
4.830039
0.3219585
4.185129
0.4959772
0.8196503
-0.7618356
-0.3127737
3.508305
0.6350617
-0.9710411
4.39159
5.324842
4.387968
0.9064206
4.904449
5.876724
0.07631322
-0.1165777
0.353417
4.795307
0.4162013
3.876016
6.161525
3.023081
1.144762
-0.121951
5.00499
5.890094
5.498478
-0.3398924
5.407248
4.594811
-0.7832927
5.539401
0.774794
3.091814
3.917352
7.449
-0.164288
0.1154357
3.759081
5.116077
6.197549
0.2877865
-0.7183217
0.5913389
4.629166
0.5957647
5.124671
-0.4450949
2.825261
0.775557
4.674867
0.8070208
-0.1449485
-1.214596
5.565479
0.2135602
5.52188
-1.083926
-1.072307
0.6248576
3.612688
5.362542
4.057371
3.805105
3.895574
-0.3865556
0.434729
6.386232
-0.5361299
-1.665754
10.76426
5.485631
-0.1058008
5.510536
-1.854999
0.6212815
5.691779
3.214008
-1.280965
6.931547
-0.5579688
-0.4018384
4.145663
5.643459
4.675634
-1.911042
5.792072
5.111324
0.8214092
3.264419
4.794291
5.279083
5.62333
-0.02460413
5.730298
-0.4062009
0.03607036
-0.2433586
0.2708368
-0.02911599
3.957697
4.994138
0.1671534
5.150139
1.465954
4.456006
1.070623
-1.512569
6.062143
-0.1699141
3.862209
-1.182102
4.317155
3.962784
-0.1981208
-0.3970775
1.754321
4.597958
4.406261
4.820968
-0.4262378
5.131224
4.232345
6.190633
1.122221
5.62127
5.04458
-0.1275411
-1.607514
5.45795
5.417009
4.639955
6.387375
4.699212
0.6678904
3.420481
5.994537
0.8915338
3.555605
3.567475
4.169545
-0.7335837
2.708025
6.04148
5.06182
-0.027595
0.1835636
-0.07790806
3.609068
0.7739834
6.076236
6.15581
6.282166
6.188361
0.1308657
5.321931
5.883982
5.470017
4.229121
-0.8013049
5.081566
7.78461
6.043244
5.956745
5.520339
0.3460581
6.09042
4.718015
2.628815
4.486384
4.034604
0.3462317
-1.570642
6.086912
-0.2306583
-0.1761506
0.5093401
-0.5887478
0.3333645
6.133746
5.97705
5.397778
4.874716
5.211934
5.882471
0.1674107
3.465676
3.174272
2.20136
3.358018
4.953319
2.782339
6.411858
4.573108
4.576996
-0.09375889
-0.9815395
4.920892
0.4000614
6.718853
-0.3438962
5.465484
0.6879206
0.3850697
-0.2542029
3.999609
4.237088
0.7569689
1.029093
4.686522
4.441506
-1.640271
0.7214597
1.719117
0.505156
4.417227
1.302429
4.91901
0.04900285
4.218041
6.091807
1.50744
3.860756
0.8379909
-0.9248259
-0.8078547
4.891104
-1.146609
4.106651
3.394884
6.166388
-0.4864048
5.222719
5.769306
5.89276
0.54212
3.964485
-0.09908916
7.362636
6.37137
2.226881
0.3928535
4.700449
3.410801
5.373498
5.143871
4.990492
-1.789511
3.495156
-0.07952139
5.596352
0.6066385
5.026598
4.45091
0.3020467
1.541919
0.2962534
5.323343
4.581225
-1.161054
5.38205
3.294828
5.126341
4.724442
2.590516
4.905056
4.38242
5.086726
4.683346
4.450617
4.16919
4.954344
5.010641
-1.75623
6.753168
7.1998
8.56238
4.994958
-0.8339882
-2.732098
0.05797166
6.760562
4.63127
3.793619
0.5416036
0.3720215
0.9696388
4.03182
6.800271
4.876711
0.5879011
5.568358
-0.3617121
5.057731
-0.1903828
4.929028
4.066041
0.99633
4.276963
6.15611
0.2585465
1.723129
5.459554
-0.2169321
-0.2038951
-0.7356154
1.372713
-0.06024579
-0.9651238
1.297471
0.8073303
0.4990696
0.6960814
3.016575
5.650219
5.173208
4.230361
-1.358839
-1.297143
6.009287
7.269019
2.127217
-1.179883
0.7970263
0.4182481
1.059477
0.8778068
5.018898
2.864029
5.829494
1.549923
3.837013
6.24271
4.549101
-2.422988
4.869877
3.65896
1.153257
-0.9424116
5.145252
3.775208
-1.411686
2.626522
4.312024
1.545207
5.09719
2.759721
4.015861
5.309829
0.4769878
3.898543
4.843217
6.562413
5.153746
4.564484
4.594951
5.511788
6.195139
7.081622
5.00668
0.4626268
13.20733
5.263385
-0.5449726
0.3697826
-1.258717
3.639223
-0.6482785
4.199982
0.07255159
0.4321902
10.54532
-0.3441925
4.329114
1.550009
0.4659451
-0.7153443
4.373632
5.748982
3.600689
-0.9387117
0.03146925
0.9871333
5.162565
5.888687
3.75566
3.899787
5.855324
5.268875
5.30804
-0.3595597
-0.5472092
5.24009
4.547193
0.2040444
-0.2314203
3.600922
8.049814
0.9523845
6.696887
4.909918
5.111027
-0.7095137
5.5527
4.36338
4.665644
3.838856
4.894073
3.802899
2.993828
3.706484
0.620989
2.9586
-0.9310919
-0.3033399
6.729815
4.215232
5.608722
-0.9008377
5.189785
5.760759
5.810253
3.384109
4.179291
1.619872
4.223341
4.216887
6.290007
6.707232
9.285549
5.782629
1.814315
0.9385385
7.483076
0.7590258
5.316352
0.5634605
-0.4252643
-0.6384833
-0.04270069
-0.07574182
1.954806
-0.3177784
5.567223
0.1922215
3.591757
1.52233
4.873299
-0.9708503
4.864459
4.003369
1.363608
1.864174
5.054547
0.1218034
-0.6439085
0.9510919
5.37585
2.963711
6.027435
-1.445051
1.064641
4.804075
-0.09791918
5.650306
5.03221
0.4603405
6.294081
7.789218
6.574618
5.432292
0.1177601
0.6279075
1.313429
4.320145
4.533425
4.408467
5.151381
3.500108
0.4521479
5.789295
3.543096
5.857227
3.932067
4.784833
4.216701
5.666476
0.2713598
3.723919
-0.5044398
0.3898832
0.2830671
4.322924
4.009628
3.402147
7.144078
0.4019249
-0.8722471
4.227699
4.884366
1.809648
4.280103
0.5305491
3.536184
-0.4196588
-0.5695208
3.977558
4.783735
4.73937
1.647327
4.204568
0.4988303
-0.8202701
7.778539
5.041942
2.274499
0.03153526
2.255148
4.853144
3.870169
4.497486
3.695227
-1.167173
-0.2344942
5.077283
3.971354
5.888271
-0.3041378
-0.5994893
1.820769
5.149509
1.89853
3.903736
-0.638881
4.155247
-0.5349782
0.1450321
0.1585047
5.59044
4.349138
1.451949
-0.8828032
-0.1116356
-0.5324941
0.8262005
6.050429
0.9740934
3.535358
5.524305
-1.693152
1.416393
-1.062388
3.940849
5.985045
6.467693
1.796105
4.112816
3.927387
-0.2281158
5.260248
-0.03099511
0.8449109
6.268584
0.9408693
-0.4459609
4.615396
5.55932
4.50133
4.08314
-0.3352965
0.5522919
6.877418
2.170067
5.653283
5.14791
5.590781
6.375658
3.486283
5.738672
0.1746577
7.622215
7.137353
5.183565
7.269138
-1.482047
3.384317
-2.100334
4.66836
0.9459027
3.732364
5.172767
0.5723343
-0.06083798
-0.02426347
4.358443
5.238525
0.221418
5.218809
5.06465
0.09245766
5.474872
0.07981874
5.075051
3.518176
0.01414228
4.655201
5.141346
0.802011
5.415216
5.817794
-0.1465206
6.0103
6.244335
4.982662
3.676617
6.135686
1.674621
0.003464618
5.035635
-0.484468
1.154904
4.847239
0.05236577
1.042776
-0.6615301
6.169037
5.885857
0.3222826
1.012455
1.225585
6.395027
5.342539
5.69148
4.608136
-0.7006444
4.044647
4.984911
5.440205
3.42797
2.301456
1.618838
-1.013145
3.415157
4.014255
-0.1041131
4.986388
4.591164
6.641755
4.580578
-0.4918341
3.19896
6.492692
4.865352
-0.1441516
-0.5548699
5.709139
0.498484
-2.050921
-0.5038635
2.484311
0.253778
4.234674
5.629009
4.585539
-0.1094726
2.063959
4.638392
4.890767
0.6835586
4.50352
0.3789875
0.5522968
3.417064
0.8670366
5.081654
3.291558
5.700102
-0.8014241
0.7257442
6.236317
3.322819
0.1253564
5.456016
-1.988326
5.951756
6.403224
5.205793
6.69549
8.599382
5.407588
0.6460089
2.096428
-1.053699
5.410366
4.476635
-0.7452877
5.015684
3.505119
1.672144
1.213057
-1.703727
4.969029
1.720651
4.364802
3.994955
3.758895
6.140532
3.165648
0.0913679
-0.286004
0.9475836
6.105895
4.792471
1.758427
3.842145
11.34839
5.911531
1.665089
-0.9192883
6.023097
2.4254
4.705248
4.799159
6.195851
1.593446
2.884837
5.006788
5.467728
6.035569
1.188968
3.188021
0.05571129
3.168453
4.925573
-2.02713
5.638519
11.23144
-0.1765826
6.061115
5.508832
4.425485
2.620394
3.850974
3.403498
1.07686
4.162241
4.345684
-0.2770379
-1.581243
-0.7140136
3.347082
1.516122
5.377591
1.488236
-0.2187084
0.6664177
0.2970428
5.237537
-0.4810027
5.925686
4.294098
-0.01152255
-0.632599
-1.035854
4.730924
7.681254
5.922622
-0.3421268
5.335522
-1.73829
-2.32258
-0.6036447
7.075283
0.6486918
5.101919
-0.7985017
4.178412
0.9976468
0.6783276
4.531908
4.878014
4.847612
5.708377
7.118521
6.880373
-0.7891796
4.399765
5.672713
1.074169
-2.009567
6.119915
-0.0116888
5.689088
0.8594855
3.884604
6.064802
1.133104
-0.1118368
4.641228
3.08156
5.421771
5.229758
5.548008
0.7496773
-1.375852
4.430397
-0.771562
5.503415
-0.7197391
5.418345
0.4521616
6.17805
5.123719
0.6405354
2.019742
4.476776
-1.104512
1.343268
4.589273
8.125423
1.138129
0.7206342
-0.5841749
0.4138718
4.261872
4.908222
0.8416535
5.161371
1.259815
0.03648235
4.017367
4.525442
4.595261
5.140207
12.91896
2.45433
5.545259
4.382106
0.6123934
-2.540864
7.100167
-0.3958796
-0.8474852
-0.5066822
3.979429
1.436259
-1.476054
-0.2005204
6.127113
-1.220703
5.352907
1.926448
2.763478
6.124988
0.6376292
-2.737543
4.947037
0.8079128
-1.380608
3.581255
5.538821
0.8862956
-0.8247369
4.260417
6.098816
1.061121
5.799979
-1.609821
-0.573171
5.525153
-1.156291
-0.8331932
-0.006866233
-0.3325023
4.063463
1.346762
5.061925
6.040144
4.273619
3.139946
0.005521771
0.7252883
6.026771
0.2700272
4.342273
2.961245
-0.8044571
-0.6861687
0.9763547
0.9046221
1.220544
1.187057
7.371934
-1.029108
6.816601
5.680389
4.598598
-0.5066706
-0.71921
1.997573
0.04343218
5.75381
12.03198
6.435635
4.00786
0.8691551
5.08428
0.1394822
6.318315
-1.623196
4.635242
7.022164
4.585385
5.690966
-0.0807069
0.02923299
4.60248
5.367647
5.769987
5.143792
5.371102
6.214462
0.1301826
4.578204
0.2462359
-1.713638
6.687836
4.40062
4.444111
4.370996
5.959054
-0.8184725
4.752063
0.09348248
-1.193471
5.958413
5.191062
2.718798
5.04991
6.812647
-0.03289943
0.5262448
3.365744
-0.09554742
6.214276
6.948257
0.5927857
7.84146
-0.7581247
5.29937
5.985837
-1.802481
4.932985
-0.2686892
5.515167
6.025089
1.103047
4.478174
4.840037
-0.7775564
5.823156
4.711023
5.380426
-0.5969258
-1.245291
2.087745
1.864879
8.225055
1.202381
1.35569
-2.265962
6.486184
5.396817
3.834207
0.1520263
4.541874
0.1105299
1.416444
-0.3599492
4.434175
3.615405
-0.3276669
5.785871
5.275836
5.426316
3.580258
1.353924
6.015566
0.1970734
3.289406
-0.6089823
-0.949949
5.207745
6.040192
4.571686
5.66766
-2.05422
-0.5199444
4.22658
-0.1234136
6.936364
1.328988
0.4677631
6.782157
5.73776
5.057036
3.88168
3.91612
-2.009792
7.051304
4.792354
-0.496019
5.891089
-0.07007949
-0.5673747
6.929577
5.959105
-1.136581
5.019383
0.8124205
0.784162
0.4612898
4.981273
1.078322
-1.050262
0.6149413
0.1670925
4.112531
4.464343
0.8880773
3.851788
4.860112
5.173528
-0.4433801
5.680166
0.9191163
2.643437
4.030336
6.748847
-2.530113
2.555279
3.664049
4.884178
3.77563
1.338333
4.775929
4.627904
0.9196768
-1.473517
7.610074
3.815686
-0.4482939
4.250101
6.634657
-1.133569
-1.133846
-0.3752524
5.663937
4.420174
6.458749
5.215748
1.256305
4.316669
6.17449
4.505612
0.5287648
0.02792087
-0.4454971
0.7998156
-0.6074834
-1.028197
5.301545
0.1049112
4.895304
-0.6796166
5.216846
-0.1422564
4.921905
5.288187
-0.4763699
3.494518
0.8867781
6.884628
3.434621
6.535157
3.927997
0.5131769
4.677163
0.5389345
-1.067883
3.503866
4.115642
1.224239
4.614093
1.485392
-0.2976879
0.8821761
0.3880301
5.415632
2.035487
4.807509
-0.4171885
5.318148
-0.2218687
7.303555
5.56801
2.448058
8.49825
5.867682
6.102315
0.8484658
2.426431
-0.8742762
5.837863
3.211627
5.483089
0.3637291
-0.4679636
-0.5650775
4.583728
0.3487289
5.089216
7.365153
-0.8282276
6.799602
-0.7665784
10.16593
7.301603
4.961972
4.939271
5.100863
5.949591
5.446325
5.682916
-1.140372
1.523229
-0.5267455
5.880218
-0.5528498
-1.51798
-0.6025349
7.662156
5.642475
0.5014276
4.184014
-0.05439514
5.292252
0.1742776
1.312919
4.761247
-0.5564596
0.1025259
5.287025
1.189273
-0.8331924
0.2072855
-0.4562719
1.724839
7.098437
4.384173
5.055739
4.162339
5.243928
6.458186
1.536966
-0.2663158
-0.3763227
6.010282
0.1128743
1.200152
7.299912
1.028798
5.987496
-1.163013
5.52192
1.070997
0.2945643
3.161247
5.774923
5.685503
-0.07780051
4.776833
-0.7559025
4.446327
0.3355365
3.283154
4.754438
6.512906
4.210642
0.05155049
-0.1653075
5.428511
5.367966
-0.7026637
1.65922
-0.838341
0.1854279
5.864699
1.214674
6.270874
4.083223
6.346761
1.745781
4.377477
-0.2653595
4.447609
5.619084
0.3997465
-0.2559234
1.040203
4.939771
5.378204
2.15277
0.5470833
9.65181
0.2996509
1.048869
3.202966
5.127196
-0.05154164
5.18949
-1.038093
3.615484
4.549669
0.7133373
6.491858
4.052357
4.28387
-0.2358285
5.346555
4.12019
-0.2525276
1.484874
-0.08214272
6.569685
4.821373
3.820647
4.08167
6.506767
-0.2909576
5.814785
5.494004
6.032033
1.071714
5.81917
6.226169
5.948748
3.627357
1.528424
4.818358
5.975168
-0.8973894
5.158071
0.9995589
0.6700836
4.525805
4.98227
-1.939267
5.596709
3.878778
2.841395
3.629923
-1.073041
5.745602
0.1548096
1.158629
2.951741
3.032896
3.698331
-0.2011953
-0.3340657
-0.6249525
-0.1045236
4.57294
-0.2629819
7.739485
3.425702
8.045859
0.7457083
5.729248
7.803411
-2.395151
0.3510775
5.56879
5.654091
5.379985
0.366105
-1.524718
5.881546
0.5466519
-1.659148
4.828171
4.008441
-0.9528479
5.914696
4.166377
4.390567
4.112699
5.844417
-1.203044
5.467655
5.114538
-1.586025
-0.6380614
0.286839
4.100769
4.093506
6.419831
3.394076
6.489241
4.019962
5.691795
-0.2855571
4.746182
-0.8670851
3.897428
-0.4706725
5.589137
3.813304
-0.7382668
4.353225
5.601283
5.61874
4.836248
0.001868281
5.109536
-1.252831
3.815507
0.994171
-2.056585
2.115326
1.531331
-0.3999407
5.155794
5.291497
0.0389242
8.597518
-0.008949805
6.190295
4.15481
0.3473203
5.636611
4.677462
-2.594253
0.1259523
3.981997
5.18665
5.523512
-0.3253498
0.1462948
4.189297
1.244824
6.866673
1.019252
1.671774
4.204937
2.27989
0.0944895
4.650191
-0.06915869
5.350733
2.107487
0.3967198
5.746525
6.943435
0.1259444
0.4958835
5.725564
4.817559
3.607079
4.312965
0.7865825
-1.953584
6.682151
3.257192
4.555037
1.38388
0.6850804
-1.764713
0.8289425
-0.7021067
4.795064
0.8597701
4.921322
3.608654
-1.899884
-0.9671078
-1.343256
2.38093
0.1073559
5.104119
-2.033092
5.074258
4.201918
0.4525158
5.046229
8.085358
4.597211
-1.406394
4.905092
-0.09150093
-0.7142812
3.243629
-2.146024
6.729746
3.922602
-0.583665
5.141667
5.588495
4.456198
-0.7076916
4.273262
-0.5461652
4.81483
0.426655
-0.7614465
0.9687033
6.726206
0.5616588
5.836037
-0.1958002
5.911765
0.4628774
-0.2644358
4.017486
5.326446
-0.06635742
1.252005
1.023468
6.348392
0.2799918
0.251876
0.4764053
-0.2596475
6.487615
5.906836
-0.574455
-0.8223442
3.854624
0.5387089
4.559057
5.588035
5.810121
-1.753172
0.3530896
-0.4012285
4.18852
4.633995
0.04399452
-2.496593
-0.5164144
10.0214
0.7547073
4.76045
3.617771
-1.700017
3.774771
0.3878232
-0.6961769
5.241742
-0.02101169
-0.9043009
-1.45238
1.834344
5.416274
-1.01497
5.630615
-1.10952
5.341348
-0.1856254
5.270085
-0.3781294
1.869201
5.174804
4.617008
4.486173
0.6062389
-0.3975966
6.085637
4.200516
3.167639
5.890048
0.3305092
-0.5828677
2.976861
2.976147
4.269235
3.552024
-1.904656
-0.2168021
3.348968
-1.047523
4.653721
-1.954661
5.535626
-0.2144095
4.648459
0.124298
-0.5212685
6.251155
3.665866
4.633546
-0.9049752
-0.4993519
3.533217
0.6286312
4.258835
-0.2883734
0.2984398
-0.4312786
6.630676
-1.263407
5.239569
6.663326
5.439822
1.757112
-0.1843234
5.578104
6.247717
4.353759
-1.245572
5.975766
6.07732
1.644676
6.067381
5.606909
-0.1394174
2.53005
4.094109
5.157855
4.875692
2.575232
5.786354
6.987187
4.872334
-0.06328487
0.359798
5.876201
0.5348953
5.597053
2.873805
4.675186
5.190677
-1.203167
4.652074
4.756344
5.426082
6.066545
-0.6636937
6.102794
1.842267
2.503176
-0.6736153
5.327423
6.595115
5.23034
1.903098
3.908758
5.711443
-1.387981
-0.3354744
3.819422
-1.279312
1.223436
3.595418
5.94527
2.046463
-0.5866487
5.529901
0.05459837
-0.7132471
4.636282
0.4659188
-2.364773
4.550946
6.52116
0.08777521
3.676357
0.1917458
4.249318
0.2200928
4.37558
1.186142
4.904214
6.505181
-0.6784883
-1.024626
5.066177
5.85794
-0.0830912
7.23087
0.2519972
6.260989
4.889343
-0.3146412
6.13835
-0.5129013
5.150284
5.811474
5.800126
4.697745
7.149033
3.064342
4.62954
5.696119
5.177351
2.877645
5.774201
4.237704
-0.6936229
-0.3122371
6.192553
0.8664638
3.293742
5.28849
-0.1929235
0.1272669
6.048927
1.001214
0.6564637
4.948597
0.1742363
1.178218
3.82837
5.238945
4.884585
3.728896
3.838195
4.068708
5.602209
5.13091
0.917183
4.642325
3.233368
3.950527
5.34628
3.725782
5.974017
3.559184
5.70466
-1.90453
-0.6519236
5.143038
4.751116
3.588093
-1.347024
3.458517
6.003895
-1.087004
4.553467
5.173109
0.9095326
5.925558
5.346432
-0.4213424
3.732766
11.34659
3.639083
0.8139026
5.27467
4.743105
5.040249
5.548895
4.579303
0.3354408
0.6011765
0.2186846
-0.4227368
0.08765234
5.536869
-1.744701
-0.2929355
4.763196
11.82972
4.68416
1.701826
6.033779
4.735089
6.425466
5.288356
4.567229
1.077396
-1.794694
5.982274
4.947545
-0.4597097
-0.3424987
4.839582
4.465017
3.223918
4.454919
3.933971
5.524098
-0.9660885
6.260022
5.390623
0.206516
2.987484
-0.6268565
0.9297751
0.65584
1.85494
-1.042992
5.245113
4.599591
4.866871
3.606338
7.227429
-0.008860015
9.086901
-0.4975119
-0.005091785
6.047273
0.7188104
3.435238
-0.7931574
3.550262
0.4019674
-0.8651066
5.827067
-0.8451448
5.29974
5.896169
6.847595
5.550645
6.117056
4.866351
5.705075
4.751877
0.3117811
4.017008
5.437259
5.629572
0.5582703
4.0398
5.825635
1.862998
1.928332
-0.03867173
0.2394472
5.753335
4.580167
-0.8929647
-0.7240029
4.715129
0.1943782
2.523195
0.02727798
6.780129
1.06127
-0.8883718
-0.1150446
5.026156
4.580889
-1.612451
0.3393704
-0.9347098
1.173132
5.956084
4.731629
4.264982
6.522721
1.35244
-0.005896484
6.670523
4.371325
1.002567
-0.3473207
5.035439
4.906131
6.697857
4.341376
1.690501
3.98442
0.989668
0.01783172
-0.8840012
-0.4627207
3.236822
5.795968
-0.4722064
-1.236117
6.295939
-0.2551733
5.306268
0.5998339
0.2678447
7.47093
5.434217
9.540631
3.336512
3.907147
-0.884412
-0.1794033
0.8760935
4.750117
5.020241
-0.6974291
5.734589
4.931908
-0.6430343
5.304942
6.454756
2.943438
0.1764593
5.178503
-0.5173383
4.592927
5.395519
5.285768
6.457241
4.434793
4.805129
4.591976
4.436223
-0.5512291
-0.1419963
4.039584
-0.9918956
5.438177
4.911344
0.5161735
-0.4281959
-0.5581205
5.2285
0.5039963
4.640343
5.696733
-0.2804692
8.356636
0.591636
1.11161
4.473847
5.281638
6.238809
0.8974548
1.878033
-0.2553829
3.51787
3.921896
0.6010163
6.802177
5.010153
3.140024
4.510305
1.373508
0.9224659
11.00501
4.939927
5.291497
5.03236
4.81881
1.869959
3.979919
-0.9774672
5.41159
1.024429
4.931224
6.444034
1.894039
-1.737688
6.562265
-0.09252326
-0.8492008
5.18719
4.353779
-1.778061
5.249687
6.128996
-0.1207309
5.91989
0.1719252
4.691736
-1.03375
5.777761
-0.3624956
2.825701
-1.902999
-0.4717709
5.740891
0.2733445
-0.2925957
4.127799
-0.4754399
0.4142843
-0.931765
5.522625
3.648007
4.740926
6.179505
4.237687
7.019357
1.303724
6.124822
4.646463
4.247397
6.597852
6.008575
4.912658
7.229315
4.866489
0.4636252
2.157678
5.515573
5.45118
0.1099964
5.954036
1.679828
3.011769
6.254601
1.438001
-0.2935294
4.432871
-1.142633
-0.3513275
4.077583
-0.9715601
2.786021
4.128942
-0.01980179
6.331233
4.289502
3.940884
-0.0581333
5.44722
-0.3959611
5.628101
5.200998
0.2859952
4.759519
7.08122
6.438877
4.733258
0.3062938
-2.140119
6.333892
5.919539
5.825885
0.7418454
2.616753
1.888521
7.924252
0.3967294
-0.6319803
5.003568
4.467566
-0.7198735
5.383138
-0.4734827
6.318107
6.689775
6.364744
-1.28674
5.234607
-1.383452
5.130178
1.629263
4.727311
0.4546603
-0.03227053
0.1824925
-1.382064
8.265989
-0.2790795
0.04097768
2.955785
5.280277
0.4777429
4.54633
5.246126
7.684798
0.2709186
6.093793
-1.06111
-0.8139824
3.240368
4.406796
3.314915
0.9574357
-0.3061862
0.3865098
-0.03263315
0.03900312
4.643035
-0.7704237
5.41815
0.4172767
-1.462047
3.875583
-0.6648657
1.075873
6.090731
5.835181
6.538606
4.707688
-1.499954
-0.2676138
2.090791
6.200872
-0.9171236
4.905328
2.299927
6.844722
4.642736
7.302122
1.044213
6.857739
0.8268341
5.510768
3.284769
2.239431
0.2040276
3.825346
4.539055
4.922505
7.435505
5.840439
4.927835
4.151516
2.738201
7.805159
-1.054182
8.092302
5.183047
0.1237987
6.266774
0.3852391
-0.1308732
3.345292
0.4572131
4.988174
0.2164547
3.822068
5.408461
6.169565
-0.04435575
0.5694345
-1.561045
4.230519
5.919571
0.4960558
-0.07009329
5.361736
-0.8139816
1.230061
5.101946
-0.4494174
0.8179958
3.442611
1.208284
5.104781
4.822651
3.559084
0.417422
-0.1021837
-0.5695559
-0.4476418
-0.05859693
-0.8423244
-0.02929568
4.983191
-0.1467348
4.319422
5.087475
1.214653
4.33135
1.553565
4.640525
4.825398
-0.2964015
6.100764
-0.4968992
5.350319
-0.3924093
6.119809
-0.6044683
3.147209
4.77238
-0.6923013
4.765809
-1.644891
3.797258
4.788127
5.162981
0.0441208
-1.795764
0.4013569
-0.2410813
2.367306
3.426922
-1.364132
6.240249
4.751465
6.170387
6.900516
-0.360296
-1.336622
6.80152
4.722755
5.525453
4.267812
1.05897
-1.683711
1.077105
4.999019
5.953482
0.5958607
4.118225
-0.2513475
1.627735
5.016375
8.200771
5.791116
1.432134
-0.02970565
4.225226
-3.377016
5.055206
5.124959
0.09216727
0.6888344
-1.363272
1.151666
4.027464
4.141378
-0.3913869
3.749881
4.167563
5.783298
5.711125
0.6486067
5.525967
-1.425542
6.863842
0.4050874
0.4776554
0.4385392
4.679467
5.021984
0.1465271
0.3321485
4.781033
5.832973
7.271295
4.480738
6.214586
4.188063
5.848949
5.889453
2.858448
6.484539
4.694045
-0.6299261
0.8564737
3.833529
1.09591
0.1677104
3.957085
5.2305
0.01195928
6.576392
1.327497
3.803207
0.7281105
-0.7917798
5.093037
-1.042976
3.24598
-0.7194114
0.7182774
-0.4658528
4.362611
4.957837
5.1068
0.2634871
-0.6802742
1.183393
0.4527135
5.679693
5.574814
0.9302501
5.821161
5.401149
4.431876
4.984341
5.569474
0.8737035
1.653141
4.602726
0.7552301
5.05452
4.051848
5.294855
3.93608
-0.5956313
2.643528
4.067115
-1.328317
4.679135
4.960498
4.429794
6.143695
0.8043686
-1.296313
3.08297
0.07429115
-2.735763
4.257918
0.5906657
7.201864
0.2490764
0.04739335
-0.465495
6.578331
1.185945
3.71958
3.731334
6.898673
6.076913
0.6063085
5.709809
5.735274
0.8208407
-0.5583224
4.765605
5.320907
7.338491
-0.3317765
5.447135
-0.06167653
3.211911
5.240823
9.283715
0.1924023
6.591994
1.874516
4.774198
5.738229
6.208125
4.818802
1.012618
-0.920057
0.4453302
-1.301165
6.280404
4.063108
0.4911812
0.6266391
