6.039628
6.971771
5.109608
1.590658
1.003612
-0.8634369
4.248883
0.02771209
-2.588148
-1.038095
-0.7451079
4.663179
3.275551
5.780164
2.934301
-0.4071455
0.2647158
4.94187
5.158065
3.807394
4.656777
-0.1120945
-0.5135967
4.650565
-0.4344146
4.701764
3.910451
4.92739
5.000375
-0.2792398
-0.8432514
-0.9088133
5.201892
4.688316
5.295494
0.8469744
-0.2367998
0.5214277
6.29235
4.346692
0.7858612
5.891721
4.031954
5.597796
-0.06002183
3.640046
-0.4332717
3.702725
7.824219
3.937229
1.712692
0.3980246
5.552653
5.019327
5.353112
1.171645
0.3231422
-0.05696006
-0.1805654
0.1491904
6.497395
5.201188
6.679055
5.613171
0.3639712
7.120849
-0.642647
4.610233
-0.8710016
2.703825
5.830085
5.560137
-0.03790771
4.431507
-0.2261134
0.9156493
5.772137
4.487993
1.056095
6.875441
4.142878
-0.4475741
6.273691
-0.07669183
0.3128937
3.454499
-0.2414091
5.012158
-0.8124189
4.789445
0.4163304
0.4787006
1.279949
5.265128
-0.8500599
0.2327643
-0.7825614
3.810401
5.335853
-0.5137612
4.695622
4.651796
5.921162
4.386498
6.459892
0.1663877
4.785359
-0.3718148
4.458675
-1.50822
2.049844
6.331314
6.202388
-1.364776
3.410493
-1.048981
5.527832
1.741316
6.138841
5.783612
3.873683
9.539079
0.8723729
7.650422
3.033389
-0.8510746
-0.3616127
-0.3788281
6.231921
7.061693
4.624965
4.08614
0.4035443
-1.403537
1.41909
4.244576
0.3967041
6.664897
0.9838383
4.836813
4.237618
5.110687
6.295199
3.746726
5.489275
11.14662
4.458198
6.118047
1.431047
0.1177737
6.033497
3.155739
6.057461
2.936591
0.715833
1.500702
5.370171
6.397891
-0.3809472
6.426854
6.786421
4.893693
4.221263
2.75709
1.260636
4.233552
-0.1641116
4.165424
5.924859
5.798986
4.533268
4.74907
0.9030049
1.241983
0.4875767
1.487429
6.55783
3.721207
1.828278
0.7143297
-0.817635
6.087145
-1.310062
2.831504
-1.691516
5.935096
0.8212336
4.187659
-0.8677428
4.901061
3.292263
4.670668
6.009101
5.43551
3.197447
0.3568352
7.866194
4.825592
-0.7380355
-1.537195
-0.5059932
3.079982
4.326896
4.829423
6.706718
0.1626855
-0.4804604
4.234693
5.259609
-0.3797329
3.348273
4.921967
5.295933
6.489256
4.456721
-0.7842188
-1.301682
4.175192
5.414883
1.09021
-0.6133865
4.923877
5.653986
4.906885
5.292498
3.572257
4.611353
4.964463
7.610097
4.216739
5.499963
-1.152425
0.410704
2.60257
4.107948
4.55455
7.147758
0.8110936
0.7842002
5.675742
3.569222
-0.877525
5.278077
-0.3788348
-0.1509504
5.584246
-0.497927
3.896544
3.125834
0.02921771
