4.590379
4.492166
4.979458
1.460042
1.314541
-0.9468026
9.276771
6.546218
5.15437
-0.7520172
5.992667
0.2930896
5.199745
3.250339
0.3875135
4.314191
-1.125078
2.782633
1.272444
6.224918
2.825538
0.2539439
5.586579
0.01343262
3.327065
3.396554
3.218416
4.540601
-0.1603046
3.456844
4.942371
-1.458482
5.019744
5.055564
6.239695
5.444635
4.441982
4.640149
5.950709
5.657424
8.359021
4.012213
-0.2693107
4.55651
-1.900295
-0.6949767
6.185907
4.557383
4.859823
6.051603
-0.2999589
5.77131
6.248363
-2.107913
0.09666767
6.827385
-1.02032
2.929267
8.048655
4.980237
5.110231
1.968934
3.852085
4.263341
4.160959
4.189952
1.913109
0.3982061
3.857307
5.89511
-1.565761
5.042809
-0.3124926
5.75017
4.794467
-0.2645769
5.674487
2.831816
4.396972
5.135307
0.171042
5.407468
5.743913
8.800023
0.325713
0.7380303
4.997361
6.198492
4.860418
5.460246
8.567579
5.591455
5.422999
6.630778
3.666693
4.499358
5.508617
-0.3251572
0.8227766
-0.7976059
1.497494
5.717771
4.39317
3.969894
-0.3517056
4.438354
10.66474
4.918422
0.794984
5.346784
0.7807277
0.5026399
-0.06543576
0.8221802
3.849107
5.444376
3.056565
4.814572
5.051016
4.570842
6.719421
0.03016078
2.245784
2.679452
1.495564
5.32173
5.504205
5.322822
5.215206
3.813886
0.9840337
5.850695
6.590673
4.576302
0.1187459
3.627267
4.549259
0.3335801
1.148548
0.1899262
5.007847
6.119503
0.06482665
4.803254
4.55687
1.701565
4.93902
-0.08375099
0.6527992
3.915417
5.080604
-1.145681
4.216771
2.836403
4.937328
4.667574
3.537385
-0.5446785
4.48783
4.817407
3.362325
8.553343
-0.6589934
4.696754
0.9131581
5.040875
5.835306
2.894181
0.0163398
0.1048217
4.747808
6.707012
3.996414
6.067512
-1.285016
3.9817
7.076642
3.675598
4.341333
0.0749694
-0.3348342
-1.453219
5.244214
-0.0487618
-0.6593888
9.421202
4.753622
3.476825
5.417156
6.197939
0.2034518
0.4867175
3.510092
3.696028
8.756516
5.031048
7.774436
0.3211418
4.095583
4.108812
-0.2933964
5.823879
4.852182
4.652513
0.9062553
-2.696254
0.2232862
4.618171
4.70273
4.559401
4.684917
-1.00968
6.205254
3.595999
3.9371
-0.2248267
7.506497
5.560473
3.202747
6.239513
-1.844601
1.571226
-0.1434371
5.758674
4.188148
5.091008
5.579141
5.932521
6.773193
-3.699925
5.163977
-0.3177121
4.316711
4.365706
6.239752
2.644458
5.271066
6.912261
-0.1962878
1.160877
4.057823
0.8555143
5.829413
6.468259
-0.1938026
4.749619
3.226421
5.326274
1.407751
3.653528
5.416043
0.1330101
4.87007
0.670245
5.627849
5.867003
0.4352885
4.845304
5.88881
1.64768
6.150705
1.740034
11.02519
-0.3278917
-0.3241318
-0.03644939
-0.3134261
-0.7844419
-0.7869511
-0.5524616
-2.623423
4.670558
5.71527
-0.4205295
4.814487
0.649991
6.671203
6.089709
-1.542173
5.584132
5.104452
1.302327
-0.0559738
1.491512
6.389164
6.816218
4.652802
3.880419
5.94906
0.3740007
0.1818894
6.910023
5.410469
5.652358
4.790762
-2.009869
4.687082
7.519493
3.658561
-0.2060884
-1.038889
5.856625
5.281284
-0.6220233
8.144134
5.558215
4.339004
1.446227
4.090448
7.194932
3.531605
9.834972
-2.187099
6.186311
5.592933
-0.220706
0.4810455
-0.9103422
4.237887
4.996257
4.576875
6.650585
5.636576
-0.1161872
0.8550976
4.315109
-0.7748125
4.262433
2.604734
1.038679
4.842104
6.991263
0.7555976
-1.506204
4.691648
2.996984
6.132617
0.3153374
6.967707
-0.3147181
-0.07313585
0.281631
-0.1740142
-0.04703697
-0.1868859
-0.003572283
5.121253
4.555199
4.964765
1.372317
0.6750321
6.145155
5.222134
0.7147456
3.732985
6.357069
7.335766
6.285674
4.406402
0.7894954
0.2297301
2.495225
1.320576
-0.4483047
5.597107
4.101988
-0.6171286
1.130553
5.976545
6.698415
3.907919
-0.3207757
0.1152895
-0.967024
3.97534
5.709261
4.876734
3.234288
6.194249
0.611733
5.204923
-0.5653307
6.219904
-1.093378
-0.2294057
0.5938488
5.587125
-0.7804657
0.8723897
-1.355426
0.8544465
4.124925
5.619795
4.952114
0.2803067
5.831664
4.936799
0.6730185
4.961436
-0.01881993
5.6772
3.552102
6.197213
5.373798
5.071644
0.1993695
6.184738
-0.3510786
5.062274
4.388247
6.132432
1.291969
4.005507
3.38348
-0.5647826
5.24557
5.885674
5.808446
6.155986
-0.2806644
3.211419
10.58974
-0.5225043
6.68541
5.921921
7.54055
6.506572
-0.2525867
0.526676
6.408924
6.327408
5.223847
6.319537
5.295947
1.397592
6.01824
-1.007461
3.316405
3.926485
5.930157
5.666317
4.93575
3.964579
0.5633845
5.177334
4.695926
5.962855
5.788705
6.361957
4.97735
-0.3389243
4.30099
0.2761573
5.184875
8.640581
-0.07903695
4.573618
5.017863
4.836859
5.395092
0.7357399
4.219398
10.35845
4.528381
5.341462
5.301971
6.887207
3.741184
0.2510865
1.151142
-0.3273149
4.412489
5.749621
4.386174
-1.097537
4.993752
4.339983
5.652175
1.093201
0.08849603
-0.7176937
0.985765
5.191821
4.714029
6.113645
1.502836
-0.2117039
4.007919
0.2910479
4.470201
0.2488516
2.036561
4.475038
0.8050219
5.876634
0.8806553
7.914728
5.900693
4.28416
0.9435527
