3.434989
-0.6896472
-0.8454973
-0.8074763
1.047036
0.4524131
7.383096
-1.569517
-0.37495
4.599446
-1.382329
3.136756
3.745997
4.09692
-0.01571052
-0.4421501
0.08201126
5.539079
0.06390536
-1.510563
5.758558
1.900048
5.468365
-1.94898
5.754182
-0.4374364
5.624936
5.946766
-1.184384
7.313128
4.713448
-1.308958
4.824093
4.568094
-2.150903
2.177154
6.975846
3.660925
4.2789
7.417716
4.541705
1.994409
5.72964
6.575636
-0.06755404
6.749379
0.04820602
0.7738606
5.867304
5.959517
5.285661
1.334397
5.634684
5.048793
4.869276
4.976034
0.1201062
0.8221338
-0.6312797
-0.6306432
-0.3327615
0.5682706
5.276619
-0.3850209
4.225913
1.429881
5.919663
5.247593
4.406809
5.713786
4.767333
5.556037
0.03316184
0.4278085
-0.100838
0.7866748
4.745504
4.651931
4.893894
3.312183
0.7183163
-1.080583
5.895603
5.229975
6.405286
0.5628969
-0.5351587
-0.2777292
3.986748
-1.402412
2.75118
2.540459
-0.1439604
6.770269
4.251903
5.31471
10.07264
5.9959
4.435352
4.59239
5.990829
-0.1383525
4.507253
0.4092863
4.536614
0.6804097
6.068645
5.815912
4.280085
4.639907
1.277253
5.352658
0.1264122
4.634041
1.366721
-1.005928
6.265537
-0.4538687
0.4396131
0.9665956
5.459736
5.613079
7.599212
6.198082
0.1763722
0.430463
-0.699482
0.09599155
4.640034
1.074405
4.802699
0.340881
5.380474
4.965525
-0.6318037
4.951326
-0.03819908
3.431228
6.568133
5.04239
4.856365
5.574264
2.866897
5.085712
-0.8516214
4.986565
5.175991
4.33547
5.672096
0.627331
0.5119731
5.809764
5.426725
-0.01313404
2.386803
5.039087
4.773248
6.819144
1.629835
3.736042
-1.630926
3.961542
5.523381
0.3762543
3.990936
5.652239
4.937554
-1.78155
3.445338
-0.01076805
5.009054
4.77855
5.809752
3.449921
0.751894
-0.4815186
4.958871
0.325957
4.901633
7.346601
4.356348
5.399983
6.381609
6.420884
3.054989
0.7791921
4.845462
-0.7899478
4.486059
-0.6782859
1.696248
4.667582
5.626981
0.6940587
5.448809
-0.2008385
-0.4829645
1.235213
2.385925
4.8851
4.935574
-0.07626675
1.813843
-1.723439
0.05687313
0.8664928
5.030531
7.276412
3.604277
0.2859429
5.666688
1.317429
6.245606
-1.11361
6.392597
0.06648258
5.753039
5.890491
0.994732
7.146803
4.74674
8.239808
0.1369758
6.749788
0.02291949
-0.3163957
-0.3540152
4.769855
4.058543
-1.660741
2.623946
0.4300764
-0.3987642
4.076805
3.559189
-0.1377342
1.148571
-0.3118526
0.4207487
0.6359203
5.474156
-1.100292
0.1367982
5.329608
-1.243563
-0.2858008
3.616009
5.266753
-2.282697
6.7081
