2.855473
-0.2048301
6.555194
7.321919
-0.8912573
6.098989
-0.5755421
3.134559
-1.001701
-0.08561156
-0.04021966
-2.33064
1.680791
4.142066
-0.6023317
3.497507
0.7830795
-0.6666643
0.4711452
0.6694828
3.889937
1.963934
5.413598
4.244048
5.035994
-0.6362542
3.728617
-0.2722953
0.811751
3.474591
5.193596
1.409457
-0.7835629
4.665646
5.577147
-0.02213706
5.643122
4.902379
5.52082
-0.8126037
3.397292
0.8879668
-1.354124
4.500018
5.888697
1.365032
-0.1799189
-0.3940061
5.090597
4.568085
0.1907688
3.883074
4.152626
4.617132
1.093637
4.29778
-1.933083
6.659413
6.423005
4.357223
5.023264
1.325238
4.766985
4.399777
4.753477
-0.4381617
-1.997614
5.468015
-1.157123
5.825587
1.987344
3.960478
6.03867
0.14216
4.383805
5.283781
0.3201539
4.980598
5.226034
3.744316
2.22015
-0.8272722
5.548334
-0.8225192
6.806878
-0.1233341
5.009421
0.1739126
4.183541
-0.7697159
1.111
-0.8163296
5.898318
4.625695
3.014288
5.617215
4.858593
0.7489805
7.808788
4.119383
0.3687529
0.3468634
6.049006
-0.8774322
5.401923
4.548008
9.605805
3.091646
3.566103
5.675203
4.363621
6.767979
-0.6248011
-1.577548
3.375653
0.469978
-1.840555
1.190508
-1.183057
-0.4807944
4.793652
-0.08305909
-0.7265554
-0.9496162
5.615602
-0.4529937
5.149351
1.597597
5.276868
-0.70273
0.664556
-0.8064354
4.079429
4.569965
4.546411
5.475087
3.967335
-1.096257
0.2963963
5.748801
1.03296
-2.194691
2.315841
6.395119
0.60799
0.5954548
3.950455
7.729574
5.057024
0.6395002
1.223456
0.715716
0.180046
4.757671
1.403833
5.15404
4.988613
7.853082
4.75838
0.2239683
3.073859
4.979403
3.820906
5.322597
0.8153239
3.721167
5.793731
6.102082
4.182631
4.770069
4.678251
6.162644
-0.4824832
-0.3840152
5.872987
4.093802
5.100922
5.421648
0.903209
4.711292
-0.1348666
5.69307
4.348957
0.1956198
4.659616
4.073476
0.4564191
-0.6181868
-1.320146
6.02931
4.393601
5.966061
4.64649
4.993463
1.598869
6.208512
5.487219
3.607435
1.286706
-0.2342387
1.099246
4.785781
1.693598
4.869373
-0.7568592
6.311882
1.546393
0.0665408
-0.669361
0.9750244
-1.497822
-0.05649828
5.049034
-0.6670117
9.116968
5.522155
5.368444
4.338648
7.8829
6.708358
5.987065
0.9514476
6.110633
-0.9685087
-0.7159003
-0.04930024
5.166685
0.2143618
-0.6184211
4.999256
6.521828
-0.3091621
0.2275159
0.4711546
4.987687
-1.037801
-0.01799378
5.0173
4.53317
0.3638227
4.614996
0.6948559
4.92914
0.9598909
4.861857
6.734372
3.444657
5.548379
4.700746
4.011588
4.247246
5.044343
-0.3109628
3.123408
4.34576
1.882642
5.4776
4.926146
2.267161
4.868437
4.860247
1.111097
1.624216
-0.4205473
4.019072
5.853864
6.318681
1.346371
1.503721
4.666096
5.579837
3.095687
7.101727
3.629839
4.286465
-0.7773644
5.908809
0.1310598
5.463136
4.665375
0.2017283
4.022165
3.487214
1.479981
-1.432914
2.365784
-0.1465743
-0.01541376
1.779453
6.152438
5.956757
6.005009
3.286147
-0.459674
-0.4900851
-0.2106043
4.181437
4.461643
3.843726
5.909237
4.782755
4.295466
6.133314
6.243203
3.547775
0.4066586
4.32783
6.518381
4.694686
-1.342006
5.619075
0.6896103
6.600748
5.045235
1.213659
6.107005
0.04417321
2.549164
4.089722
5.276347
-1.419385
3.959228
-0.2686347
5.32924
5.273109
3.598466
5.717217
5.077893
5.155442
-1.395787
0.3908924
-0.5000242
-0.7477548
0.07730762
10.23201
5.211421
-0.6228325
4.194509
5.481719
-0.7051342
3.441838
1.177916
0.870657
5.674905
4.966082
-0.1492022
5.137597
0.5357794
5.232945
3.401247
4.261986
6.296592
6.043333
0.826466
5.844121
0.0586092
7.538551
5.445044
3.080149
4.648663
5.117275
-0.5182468
4.927208
4.0171
5.995563
-3.587018
3.943705
6.27695
-0.0003197445
1.316744
0.0418161
3.877676
-0.7056871
7.489943
5.758415
4.304401
0.1894033
6.035507
5.998249
4.399633
0.4580345
1.175415
5.505018
5.297158
7.517314
6.016137
4.027783
5.789066
-0.2804835
-0.2960302
-1.561527
-2.512564
0.01866597
6.434156
1.559778
6.13864
-0.942694
-1.625817
5.277253
9.675385
4.022847
3.568618
4.742244
5.724742
5.102448
6.106925
-1.123397
5.423648
0.9212348
4.808551
5.778339
-0.4858625
-0.7646164
3.818257
5.0941
1.745727
5.250026
3.878076
4.145377
7.094412
2.80877
-0.0274238
-0.3868331
-0.4716088
4.444846
4.330887
0.1445368
4.111578
0.7275532
0.6418407
5.053691
4.790527
4.218028
4.161126
0.0005692514
2.805739
4.292857
-1.280485
3.514388
3.916331
0.422255
6.055941
-1.535666
5.248359
3.942246
4.273416
5.927817
4.324751
0.1686766
3.8087
3.875061
3.607248
-2.175584
6.456123
-2.204451
1.02859
0.1083084
0.8997384
0.7134804
5.12709
6.049262
-0.6691218
-0.01214951
0.04495893
5.113481
3.532172
4.865796
5.370414
4.936426
4.623563
3.11592
-1.945824
0.7034699
2.061208
3.738738
3.091992
5.695562
3.541889
-0.2096664
5.333515
6.31059
-2.913714
-0.99405
1.025999
4.598319
3.631243
0.09359224
0.9066459
3.63239
-0.5663476
5.607927
0.5220087
5.819563
5.859627
4.838888
2.273288
3.316336
5.69201
-1.306036
5.629094
