7.14986
-0.06926413
-1.594024
4.703412
4.169186
0.659674
-0.1078834
6.05436
0.3916738
3.876399
4.096232
4.910093
-0.709496
-0.8607369
5.608713
-0.4357627
6.476686
5.536725
4.756097
3.174382
1.651133
0.9458082
5.639023
6.951824
4.594511
-0.5778164
4.465356
4.897876
4.595363
-1.644532
2.343782
0.4314293
0.05952195
5.198427
4.639711
0.1053688
5.293554
4.878121
6.678407
5.066722
4.302964
4.931048
1.633423
0.3165551
-0.6923968
4.692292
3.284982
5.659379
3.008425
-2.126413
-0.2127732
-1.428455
-0.07893182
5.519455
3.671419
3.763271
4.841242
-0.1947835
5.607086
5.240973
4.812388
0.994129
3.373839
5.309847
5.766625
0.3557694
0.2777756
5.753963
-0.06587791
-0.1602021
0.4438145
0.2831945
4.068901
-0.5663419
5.882041
3.210884
5.439024
4.590473
0.499653
5.678526
3.747928
2.96034
1.069458
4.205969
-0.3176777
0.6296798
6.044693
4.637937
0.9308616
4.467663
5.162006
2.990407
3.97553
0.3895792
0.0614605
1.49255
-0.8085286
4.978776
-0.8850383
0.7829383
4.483278
5.086801
6.001163
1.066115
4.032622
3.589032
4.785101
0.7300519
2.607271
5.630052
4.818451
3.859631
-0.1522285
4.460701
-0.9555721
5.596419
4.899248
-0.6729218
-0.06638517
5.372933
4.565766
5.643258
6.234493
0.1011032
4.965871
5.609385
4.52218
4.324656
4.796048
4.459964
-1.239069
6.452741
0.1289765
6.082067
6.188608
3.734768
-0.4118948
5.541074
3.645872
4.171484
5.080557
10.4186
-1.161564
4.510484
-1.638889
1.984489
-0.7834059
4.695114
1.702497
5.56899
4.916325
4.520054
-0.3740971
3.317245
4.649283
3.40469
0.3301026
5.563804
-1.643226
5.936816
-0.9171966
-0.5424494
-1.13951
5.229508
4.516561
1.548393
1.277798
0.979777
4.859351
0.9085284
-1.234748
-1.131267
3.89129
-1.408139
4.499504
5.651723
6.10744
-1.024535
0.9408486
-0.9084573
4.332451
5.908143
6.669587
6.093407
-0.4808707
-0.6778523
-0.8597822
4.933265
5.302421
6.439067
-0.1127362
-0.007100539
3.630741
6.215522
4.449654
4.983163
0.09327082
7.19476
-0.7015526
6.325201
-1.089217
5.894495
4.231038
3.911752
4.723351
-0.525847
2.097902
0.6277663
5.310867
8.357753
5.221337
-0.5784091
0.5643456
3.920351
0.240984
0.1060859
-0.1457726
4.882062
0.9743036
0.002273905
5.496667
4.470282
-0.1370197
5.506702
6.14746
-1.57759
-0.2076786
4.648764
0.5491304
4.643518
2.840889
3.441483
0.4570246
5.373436
3.7584
4.26448
8.188368
3.898882
-0.5892308
4.648747
-0.9736562
-1.561291
-1.610036
4.867291
4.490397
-0.68392
0.4569524
0.07396243
5.432748
-2.884345
2.119445
7.905666
1.872201
5.385786
3.021641
0.386176
-0.0572695
4.850112
1.445355
0.06588761
4.093034
-1.006395
1.305606
5.06697
2.480346
0.7010963
4.856698
1.302855
5.924319
3.335427
2.075547
-0.7535761
4.60746
4.15926
-1.176648
4.313386
4.96592
2.06057
0.7827424
0.3194173
5.28241
5.819122
4.533922
6.007
5.66607
-0.7124196
-0.2485124
0.1800599
0.4761828
0.202693
4.681377
6.113076
7.263511
-1.008569
-0.1495016
5.70179
0.761115
0.1271707
6.594064
6.879682
4.255616
-1.938817
5.221278
-1.039913
0.7137651
4.012385
0.3166448
0.04272036
5.320512
2.865908
-1.628472
6.840961
0.4881596
3.944656
-0.3772266
4.161477
4.457217
0.7946566
3.854152
6.792827
-0.1704788
-0.434632
0.7192104
6.917549
5.163434
5.924083
4.604548
4.084563
6.077836
4.360568
-1.017064
-0.143153
0.5375216
5.009497
-0.8182012
4.960529
4.469922
5.450779
5.719117
4.874385
1.041578
4.675537
-0.3980534
-0.123412
-0.7759097
4.117874
4.512248
3.557678
4.151933
0.7443604
0.805967
4.865418
5.033012
5.717663
-0.1959555
5.256617
-1.183646
4.064175
-0.6474657
6.514395
4.967973
4.011865
-0.06896994
3.67125
4.14112
3.805699
0.274952
-0.2491042
-0.3499635
5.252688
-2.243896
4.367792
6.480737
1.691819
0.7228014
4.465067
4.629605
6.162759
5.878407
4.976099
4.543834
4.335545
5.613221
5.809439
4.611937
3.446838
2.938544
0.09646857
6.373352
5.442164
4.222514
-0.5692332
6.412892
5.131885
4.470904
4.54308
4.639153
5.247005
4.553152
4.809624
0.1830396
1.352407
6.898811
0.413971
0.5368071
6.518227
0.3799469
6.114655
5.379845
4.760266
-0.3747709
5.378514
0.7592292
1.171435
-2.38645
3.429511
5.15121
6.281502
5.232382
6.830402
5.602066
-0.05324118
5.259675
7.627545
4.637039
-0.2163137
4.867703
6.359963
1.274606
-0.7190768
5.679147
-0.6997429
6.293265
5.59461
5.574864
0.5001406
-0.5564706
4.991406
-2.149818
7.661977
5.49761
3.134381
4.252308
6.66569
-1.535189
0.002766475
0.3319795
0.4435291
-0.960865
4.674186
6.448294
3.775457
5.454679
-0.9204304
4.88815
4.636378
5.396945
4.822232
4.7471
2.167148
5.591147
-1.807019
4.856976
-1.239424
5.220976
-1.986008
3.612518
1.071339
-1.630478
0.3510291
0.6813332
5.18928
0.3868066
4.629087
0.121286
4.911842
5.692264
3.689137
3.67953
5.236643
-0.3740764
6.106465
-2.053009
0.2063053
-1.054395
-1.487745
3.554668
6.092314
5.382255
5.35088
0.07812859
4.860582
6.862624
6.450262
1.802776
1.008611
-0.4297984
0.5592049
0.2899631
1.412547
