-0.8164736
2.498353
0.4385353
4.443855
3.784493
3.769177
3.05634
0.5981677
5.063653
3.922289
3.701952
-0.9574288
-0.9948216
0.9804643
4.086478
5.030567
0.1910928
0.3877017
5.300957
3.727924
0.4450553
-1.011133
3.874538
3.862465
5.830336
4.572934
4.84231
4.352929
4.907521
-0.2537595
3.35904
0.396433
1.70974
-0.2139831
5.939233
-0.2185027
0.05975347
-0.3874557
-0.008750929
4.494483
4.475218
3.390982
5.112838
-0.2783144
1.073712
6.447452
0.5900272
5.244051
1.009749
5.037402
4.329636
4.455014
3.505613
4.592727
-0.5719426
3.512567
5.176847
3.659477
-1.237811
2.096576
-0.07598565
-2.025258
4.362338
3.86369
3.974816
0.005299008
5.343961
0.9716798
5.13458
0.7244691
3.62491
-1.595262
-1.094194
2.923177
-2.100153
5.191853
5.994411
6.427498
4.500769
7.392359
0.5606829
0.0305741
5.022549
4.537392
5.276685
5.620961
3.536908
4.397071
0.4731818
-0.8655078
-0.5816994
5.740388
0.09584216
5.60954
1.069333
6.076459
5.778557
5.326385
0.1292548
6.348102
-0.3380538
7.104387
-1.529647
4.587165
5.137676
0.4453955
6.192182
0.2841682
5.721531
1.357535
-1.520328
-0.923688
4.333906
5.845309
4.018918
4.862104
-1.948496
6.179742
6.715417
5.144391
4.309681
5.737474
0.0267585
-0.887951
4.716821
3.394549
4.787766
6.281869
3.74936
0.01004915
5.93224
4.364953
-1.097592
-0.0275356
9.143343
-1.079932
3.103875
-2.104175
0.2360337
3.902349
7.203734
1.27132
-0.5638044
-1.615504
4.62279
1.930208
4.904908
0.2910182
3.003105
-0.07232947
-1.342096
6.191119
4.710867
10.61292
-0.5127491
-1.047117
6.707726
6.076237
1.283236
-1.149594
-0.4313281
3.663299
2.444439
3.355004
5.377652
5.792272
5.44202
4.905468
5.37233
4.645695
0.0366085
-0.6760957
4.680847
6.470782
5.800614
4.527928
7.533753
4.629407
3.18408
5.454498
6.787514
5.66701
7.076749
7.175156
5.000036
9.758372
3.889653
4.38204
4.307652
4.224583
4.456721
1.050123
4.926664
-0.1533072
0.3498229
0.01526163
-1.165287
5.538392
3.93458
5.745596
-0.4507955
5.926226
4.917215
10.05687
5.601116
4.420643
0.2585504
5.319092
5.293053
0.5073382
2.671604
3.55972
1.236837
-1.804423
6.641463
4.320746
0.6277738
5.426952
6.192667
3.820709
1.419366
4.495675
-0.6155386
1.334645
5.358265
5.518446
0.9758617
5.924833
4.75999
4.80706
0.594301
4.976521
4.118251
-0.08587853
6.689764
6.316281
4.06973
0.3339646
5.315945
0.6350544
6.067423
3.824379
-1.058989
0.4612743
4.139518
1.1218
-0.1805225
0.5741859
5.644042
4.2786
6.015913
3.104695
-0.2102316
-0.3689975
4.464932
4.75004
0.7077871
6.680992
-1.56208
1.034485
-0.2093482
-1.042173
5.1196
5.599774
-0.6015974
4.995224
6.090998
5.961698
4.631597
4.55825
0.7279352
1.362621
1.175436
7.779495
0.9444355
5.820276
5.16355
-0.4879298
-0.6710217
6.0599
4.594876
5.84627
4.20788
-1.311925
5.38495
-1.698957
6.85155
7.703406
5.766375
8.115817
-0.3569392
-0.7680521
0.7949553
-0.7031685
1.934948
4.815268
6.56699
3.732718
-0.5712322
6.402219
1.621607
3.659572
6.345116
4.967907
6.002103
4.528067
4.312717
4.673698
5.621832
3.638336
0.253579
2.501756
-1.567305
4.866795
5.585741
0.9693315
6.024061
5.397457
5.778361
4.943121
0.5550019
6.159362
-1.711875
5.506807
4.858216
-0.05843512
-0.8668504
-1.035372
-0.1918658
5.482478
1.561722
4.383357
4.104526
5.859984
3.918772
-0.7756713
4.708179
4.923
-0.04823948
4.635355
6.555071
3.092749
4.926563
-0.5248184
-0.02613738
5.564161
5.7429
2.740622
-1.93346
5.210089
0.7671513
1.737394
4.832777
-0.1962534
2.477054
-0.3135303
-1.034911
-0.1170567
4.50615
6.382326
-1.418798
-0.4822128
7.066086
0.522589
4.817292
4.55474
0.2073541
5.380892
-1.112601
5.024799
-1.61187
6.049362
4.327537
0.2567284
5.267769
-1.380167
4.189839
9.330161
1.76429
-0.00149088
4.542712
4.081385
-1.487517
3.239769
-1.502025
7.263748
-1.236358
5.639044
0.05358263
4.272792
5.069661
4.387963
4.299355
-1.179082
5.859873
1.635036
0.2106599
5.040223
5.800039
4.995032
6.53771
5.046017
2.6724
-0.4300893
-1.059168
6.245219
3.292388
-0.1656099
0.4870031
4.488366
0.539962
-0.3554264
-1.725701
6.361703
1.107866
4.417038
4.119374
5.779874
-0.8166801
-1.295207
2.515668
1.488735
4.431102
5.593571
6.961377
5.223695
5.43094
4.410198
7.838905
-1.304675
-1.124425
5.666124
5.40264
0.9820735
0.8658114
0.1704449
4.78091
5.114665
0.1165185
3.231682
4.643944
5.578084
-0.3820641
4.494756
5.084244
4.516958
0.5540397
5.736732
-0.9389442
5.318358
0.3288568
4.153429
-1.530395
-0.5215805
0.7276155
1.296242
4.528578
5.928289
5.607783
6.439334
-1.040588
6.49197
4.813568
0.4415096
4.049614
0.5410677
0.151008
7.356293
-1.586634
6.325008
6.199524
4.294118
4.30969
5.506112
4.930601
0.422298
-0.7501358
0.1728589
0.1021215
-1.074175
2.222637
5.016507
-1.343357
0.9774571
5.755461
6.059733
5.669491
-0.619588
0.2849016
5.680641
4.581697
4.960623
6.082328
6.568575
7.165731
4.450261
-1.12602
-0.2105431
-1.280776
3.804675
