6.356397
5.597332
3.2608
5.322806
4.417004
5.675173
5.451183
5.250288
-0.4264191
1.38689
5.057106
7.934116
5.194196
5.547103
2.996983
-0.192747
6.211996
4.48158
0.5914624
5.894957
-0.09093323
0.2081058
5.22541
5.653172
4.305979
6.685036
-0.1095462
4.272323
4.852293
1.474253
4.945261
0.3341254
4.410788
5.526575
-0.2872376
5.4408
2.010143
-0.5653508
5.017872
4.870708
4.953281
4.231881
1.964201
3.231316
4.529108
3.428378
7.909316
5.158737
5.141282
-0.1387567
5.803846
11.37068
0.03035718
4.341932
0.6258574
4.115632
1.390019
0.6655938
-0.3858677
0.07767616
5.394881
5.584634
1.12096
4.091844
-2.1904
0.6786568
0.2694682
4.634911
12.13966
4.093637
5.958683
-0.1690073
1.026449
-1.753599
6.353903
5.541216
5.663104
5.879253
-0.17079
5.069881
4.7428
-0.5027224
7.543581
5.27528
4.224176
6.966515
4.248687
5.878021
4.908592
5.871962
2.194633
5.973028
1.332197
-0.04995662
5.337583
6.206587
5.259109
0.6702853
-0.8510908
4.748315
6.660736
4.737012
5.34776
3.324344
5.471978
7.108835
1.30433
4.653092
4.284826
5.095742
2.688498
4.948829
0.2970957
6.07589
0.8206495
0.04682136
3.034076
-1.68976
3.612942
-0.6793388
4.989954
0.2427394
2.5576
0.3890811
-1.188595
1.291376
2.726099
-0.3468027
0.7410604
6.153772
4.94556
-0.3367981
0.4982707
0.04992715
-0.2065796
4.079977
4.779606
3.600538
4.696023
4.521597
0.08350349
5.664006
-0.2364918
4.606776
4.112781
4.807979
3.544869
4.501872
-2.217537
4.216684
3.590047
5.83475
-0.6569271
1.043718
3.564983
4.011235
2.642535
1.950417
-0.4575523
0.1860316
5.461892
0.07279147
-0.4721714
4.510749
-0.4464988
6.623205
-1.107476
6.218813
-1.519064
-0.2976201
0.6907705
-0.6378664
-1.757513
2.495823
-0.7712491
6.49144
6.530204
5.004963
4.218109
3.74997
5.00747
4.562783
4.439789
1.708314
4.32734
0.8736212
1.318136
4.789518
6.107832
0.1247756
4.053245
-0.2425573
5.087732
6.991216
5.441237
4.560434
8.05238
7.678309
4.695199
1.475846
6.414903
3.984986
4.866467
2.454814
6.126353
7.042282
-1.172614
6.063592
3.873009
-0.6222497
3.204878
-0.9661733
5.198502
0.649911
-0.3104866
-1.724786
0.07027708
4.570733
0.4068308
0.1194952
4.836557
5.489765
-1.740143
4.524228
0.9745222
7.418453
11.46675
4.090731
2.073132
1.213556
9.458731
-0.0405569
4.428163
5.245912
2.114843
6.237539
-0.2463194
-0.08575881
4.879502
4.086745
1.426259
6.20099
5.871208
4.852029
4.307845
4.607989
0.1696342
0.3989241
-1.021912
-0.871049
1.776839
4.409229
0.6709545
-0.4368304
5.654586
5.065544
5.613418
0.4789704
-0.4189686
-1.314205
0.9947019
0.05412779
-0.5882618
3.905485
5.82081
5.618591
5.196016
-0.9387598
4.488579
6.184245
2.665714
4.269203
6.420608
4.946672
8.087793
5.968296
-0.1141329
4.676982
5.376379
0.9571549
-0.5470081
0.04224229
-3.18133
5.644994
0.04405001
6.107472
2.773365
-0.4127876
0.6002032
-0.6104869
1.077777
5.979909
4.380681
4.934894
5.819455
0.7803825
7.817415
0.3545288
-0.2702255
0.6196549
0.4953844
3.76466
4.809271
10.56005
-0.9245228
5.411002
5.808475
-0.55374
4.067857
0.2696389
0.7952807
6.036906
3.105724
5.46679
4.239341
0.1147684
0.04000709
4.639562
3.769131
3.558227
3.919571
5.513244
0.565688
4.516991
-0.3639476
-0.04096528
4.898021
4.295407
4.851098
3.427461
0.3993301
0.5911464
4.852578
4.986117
0.9465905
4.873918
1.018241
0.179638
4.004271
5.080754
1.436496
0.2055228
0.007711781
4.997065
-0.8971871
4.743381
5.221677
3.542246
5.711003
0.6581033
-0.4295557
-0.4256376
0.3822779
4.120246
3.608157
6.225619
5.4911
0.0195857
-0.5398543
0.532025
5.022733
4.375502
5.66991
4.035002
5.698869
3.157666
3.570328
4.019894
1.459925
3.761527
-2.111329
0.3228033
2.213204
0.09227538
3.583621
5.25853
0.8478686
4.031873
5.798754
9.612931
5.601611
5.027906
4.404738
-0.3660133
4.592918
-0.554208
3.008662
4.976769
0.1171248
-1.016116
4.748201
9.368982
2.653037
-0.4390242
5.478044
5.973676
-2.103194
5.572657
-1.325379
4.824687
4.366844
4.205294
-0.2779426
4.99804
5.74535
5.25336
1.91918
1.414066
-0.3313687
1.611533
-1.281176
-0.1767517
0.6676594
4.842217
0.490073
1.096125
0.9927962
-0.2725218
4.520357
4.957923
5.296768
5.952595
4.859383
-0.384379
2.508306
4.335358
5.57657
0.7972838
5.820555
4.179651
5.41046
2.624618
5.581056
-0.2947405
0.8103473
5.1151
-0.9574792
-2.714056
4.490913
5.755182
4.079173
0.2711427
3.234047
0.09409765
-0.04723087
-0.0254398
4.98746
-0.9645921
9.001797
6.145076
4.204897
-0.1568918
5.868912
0.5068753
3.304293
1.288074
6.617035
-0.4743055
0.2962159
0.8619866
5.206558
1.817682
-1.268948
0.4123553
4.144803
4.407653
5.68011
1.046007
5.089193
0.6910991
6.10318
0.5970649
0.3172505
-0.1028879
1.741477
0.9076659
0.8713752
0.5799565
5.757342
5.604704
1.180116
-1.26363
8.745142
-0.6231174
5.813223
0.8522868
6.73718
-0.1638387
-0.8976272
0.07019611
6.936575
0.1529705
3.995653
3.096056
0.3418841
5.530375
0.131872
6.464111
0.07762809
4.313126
0.07373629
-1.135521
-1.192526
4.839756
3.82851
2.235465
3.834417
5.027998
-0.7598635
0.7962477
0.120481
-0.3919045
0.8038246
6.944704
6.686006
0.6195698
3.981433
4.333692
0.01129976
4.736713
9.075449
2.868381
2.524237
4.598094
-0.0151947
-0.105162
6.335363
0.4965252
-0.5707429
4.630205
5.014496
5.516656
0.507623
6.084139
4.726539
5.547809
8.263176
0.130596
4.730894
1.196289
6.01897
5.821072
6.499678
3.989554
6.860819
3.567156
5.867463
4.641691
6.789139
3.748897
5.906843
5.027397
5.671839
6.47082
6.783288
3.730851
5.520825
3.055209
-0.3730764
5.310492
2.067723
-1.487554
0.6365181
5.130769
3.483795
3.345226
6.926707
1.060287
5.537958
4.936884
3.711792
-0.5323353
6.590686
4.46901
1.231369
-1.059177
5.681058
1.105257
5.136092
5.793352
1.686803
-0.04369671
-2.361255
5.942699
0.4767594
4.325327
2.919067
4.994605
5.101382
5.963542
5.790638
-1.786227
-1.987514
0.7461476
-0.3031531
5.339682
3.587471
5.606128
4.818909
4.687388
3.59491
6.627239
9.383768
5.294746
-0.2108202
4.587293
4.713248
-1.44011
7.243586
-0.2534145
4.058396
-0.5946005
1.758016
4.766893
7.309891
-0.1376695
5.500284
5.445097
2.947241
6.183731
-0.1345903
3.51019
6.186408
4.323264
-2.199398
4.805335
0.5743767
3.577874
0.2203065
4.166621
5.283907
5.255178
1.261692
6.021118
3.965388
5.496377
0.1772712
6.358667
5.981631
-0.7717223
3.516055
5.297528
-0.05375055
0.3666375
4.975543
4.041063
-1.211184
4.216767
1.079061
4.692763
4.346951
-1.981657
4.273153
5.605724
4.583155
7.222997
0.3535591
5.109996
6.011049
4.3398
5.460778
-0.1136026
-1.456641
5.290568
4.901959
-0.951064
4.341861
0.180084
-0.3804794
5.535703
-1.041408
6.372014
1.907451
0.973314
0.3974577
1.021874
0.5892124
1.1521
5.882821
-2.032397
5.073095
0.5838772
6.685961
0.06876469
4.712846
6.157372
5.948004
0.5098479
-1.209278
-1.152907
3.512234
4.405426
1.013592
5.322096
1.586104
0.2542838
4.826215
-0.9631768
5.362203
9.529214
4.949824
5.791235
4.888309
5.421952
6.047742
4.440031
-0.6995521
-0.05753242
2.128452
1.595932
4.130143
3.56299
4.852312
4.177116
0.3296058
-0.1939971
4.538101
4.523491
-0.4417671
3.314191
-0.05368612
-0.107517
5.806819
4.284535
6.215052
0.1774297
0.2200653
3.858149
-0.004238952
6.00996
-0.7618478
4.366459
5.797197
0.8017695
5.595682
7.363348
6.227177
0.07536289
5.254917
-0.2182998
0.5743555
3.824015
5.904508
1.043773
-0.1860881
0.6891102
5.330895
5.151312
5.661908
3.611593
-0.4262391
8.570711
5.746438
4.939665
4.689889
-0.8750289
0.1123981
-0.3971601
3.903457
8.938968
0.3832714
5.753161
5.584646
3.780706
3.697421
4.229347
4.566531
1.493422
-1.563038
-0.4028097
6.262347
2.390883
-0.2802073
4.783571
5.225695
6.010427
5.655808
6.119931
-1.698308
6.719242
-0.6301093
-2.076383
4.425248
6.309932
0.08017704
5.651451
5.34876
4.528311
-1.974148
4.434622
5.039561
-1.540212
-0.5034393
0.9067048
6.580188
1.231029
5.112421
0.4660056
2.244273
6.412259
-0.3885402
5.06579
-0.06822487
-0.1566441
-0.0102371
5.473289
4.06749
4.372514
-1.746919
5.265537
5.264793
5.582562
6.639984
4.759523
4.59203
4.177764
4.085735
4.434301
-0.1722887
5.567721
0.9294876
9.276249
5.769218
3.272423
1.524404
-1.757857
3.903789
6.131275
1.423096
5.772156
-1.131454
0.1183874
-0.8496333
3.741251
-0.4365913
5.514745
-0.2283996
4.109078
1.088505
-1.820832
3.917153
-0.3517999
4.416818
0.05488167
0.3656614
-0.0550751
-0.6161609
4.53399
4.654439
5.070076
3.181277
0.3381721
5.964919
0.5243025
5.456993
-0.02938739
4.970335
5.744741
4.401959
0.3529724
5.200073
5.562196
10.06354
-0.757412
1.883278
-0.4295991
4.265286
3.122505
5.640687
4.171109
-0.004067
0.258874
5.361203
3.853227
5.189516
4.562124
5.993863
4.677143
5.51528
8.33312
3.249329
6.248167
-1.853935
5.147418
5.362961
1.622594
0.7384737
-0.9714415
5.059677
4.752353
4.70362
4.530322
1.697689
5.9141
5.028062
0.8349315
5.980144
5.107826
1.927439
7.372398
4.511234
4.487826
-1.143621
4.98577
3.395907
-2.38043
1.228428
0.6896444
-3.266762
-0.4893981
5.376498
-1.910183
5.364898
0.9865681
5.964254
3.535394
6.038455
-0.005048432
5.448215
-1.112767
6.183954
6.040076
3.79015
5.90367
4.729794
4.376601
4.328743
-0.2163853
5.132035
6.209794
5.183653
0.3546134
-0.2260157
1.15565
2.396187
0.8869152
1.928193
4.219837
5.880868
1.431876
-1.82855
0.5651653
0.8754435
5.635826
-0.1705953
4.95534
4.297959
4.641364
5.461635
0.3527465
6.676096
1.294185
3.437057
-0.7492094
-0.3938104
6.85673
-0.5262828
-1.076802
5.232362
5.059742
4.294477
5.048296
5.386061
1.291075
-0.5381469
4.881198
1.463824
-2.823091
4.594625
4.198967
4.802913
-1.247794
1.429086
5.716903
3.163228
0.4843437
6.209641
0.09538832
-0.2469955
-0.3996475
4.904253
3.477694
0.525155
0.8105953
-0.6981232
3.947196
-1.866741
0.7269144
4.36388
6.770367
-0.5522104
3.655672
-0.03703204
-1.654856
-1.189078
5.315401
6.825231
5.281713
4.498992
5.920512
6.525378
3.818693
0.9487728
-0.9617965
3.496062
5.568814
1.497195
4.347619
7.585423
-0.8727251
0.8877076
4.474619
-2.017735
5.517097
-0.4344804
-0.4255953
3.878812
0.2749594
-0.3257556
4.627619
3.846737
4.076918
2.397024
1.109424
5.291805
0.3086384
0.5290267
4.914465
4.945857
4.358911
4.180136
9.471367
0.988352
8.042525
4.185773
0.1527763
1.953239
5.611934
3.949839
-0.408449
0.4119018
2.888043
-1.986246
-1.270373
1.673845
5.449292
5.527086
4.81559
3.290843
0.1477448
4.778189
5.439187
5.922249
-0.1634563
-0.1203539
3.67987
4.550881
-0.4789743
4.845005
4.507272
0.1606705
0.7751153
0.1209223
6.395825
5.56234
3.77824
4.541654
4.604523
-0.886815
-0.5701222
0.6576158
4.963268
-0.607244
-0.3672782
-0.6480388
6.287836
3.468626
1.139996
-0.6955269
-0.4120228
3.677671
3.915073
-0.5137072
3.27424
4.559353
5.063425
0.2267107
5.804166
-0.4400149
4.619647
4.72836
-0.08077926
3.505718
-1.424059
4.997038
5.19821
0.4995952
0.8068385
1.13704
3.133852
-1.574563
-0.1300903
4.716205
-0.386007
-1.08233
7.251099
3.908223
0.1264349
4.569641
-0.6630397
-1.028454
0.05403937
1.427995
-0.09756712
4.69533
2.627292
5.654169
5.008511
-0.3376491
1.03786
-0.4946025
5.702233
5.775175
6.982729
-0.451406
2.190176
-0.8312408
5.273884
0.01893458
5.061141
0.2216678
5.440924
4.18291
-0.08230134
6.515774
3.583193
4.152026
0.8472486
5.516263
-0.5735817
0.5958253
0.09414423
-1.866668
5.769317
8.338685
-0.4314768
7.419317
4.923528
-0.5784403
0.08790474
5.017641
-2.020061
3.213893
1.148243
4.638357
5.933532
4.0978
5.380135
-0.7261479
2.584675
4.567917
3.867859
-0.2536645
3.242317
5.575759
5.552118
-0.3875125
4.697218
-0.05960617
4.861628
4.112959
5.518238
-0.5602305
3.387366
5.050506
4.267694
0.5300769
2.507789
4.191856
5.423908
1.139714
3.058628
0.2795429
0.268189
5.759723
4.988345
6.755185
-0.3278493
-0.1106478
1.043094
5.070452
1.489881
5.761272
0.9155819
5.47904
1.28806
-0.9533491
3.986699
5.540283
5.259331
5.149168
1.899485
4.199184
3.385925
1.421287
0.195563
4.318241
0.0540492
5.069177
5.273411
1.146639
-0.4753239
5.939627
3.267335
-0.2966459
4.153325
-0.426279
5.78199
1.081289
-0.3451133
5.419517
5.012362
-0.5675512
6.054975
5.665708
-0.9998753
6.023661
-1.113184
-0.6264216
6.4109
-0.1547584
-0.12171
0.7293474
-0.997217
0.1189585
4.585726
2.06979
3.21178
3.615741
1.781064
-1.407878
5.116857
5.162499
1.115371
-1.035795
6.563924
3.98523
2.309743
9.475813
-0.3564501
5.796789
-0.7124943
-1.008422
1.089513
4.842147
5.211674
-0.4389382
5.385523
4.624934
1.133823
4.067909
5.560852
5.001414
0.2836312
5.922917
5.782546
0.844837
-0.06010499
0.8230921
3.96771
0.3083891
0.8133296
3.967679
2.726184
5.405909
7.523728
4.081101
3.15619
0.2709739
1.201618
2.966745
5.84964
3.99028
3.581669
1.767427
5.911123
1.520877
-0.9594748
4.472791
3.319514
-0.6028082
-0.5609364
1.231959
-0.8391084
2.25991
0.001958749
0.5451604
0.8969292
0.7067697
5.841197
5.369284
3.840859
3.047124
4.717741
4.66439
2.589268
5.845972
0.5960202
-0.6712476
-1.135712
5.162123
-0.9806317
0.4344765
4.16511
0.8227033
-1.341695
2.680502
6.546987
4.775653
2.539203
0.2386709
4.947857
-0.1459668
0.07374001
4.358311
0.1228115
4.339126
4.005341
4.745246
-0.3548741
-0.3295396
-0.4372335
0.8282611
-1.412985
0.120921
4.058753
4.793904
-1.141346
1.973014
1.090285
1.843411
-1.725949
4.22115
5.313951
4.177714
0.6790249
5.964828
0.71124
-0.04305472
1.270025
1.277228
-0.5720154
4.85007
0.3764473
-0.7891823
0.803171
5.591181
3.583808
4.866141
1.911918
0.2412859
4.227423
1.583806
9.954464
0.7033096
-0.2241966
0.733091
0.3845252
4.749248
-3.313466
6.054022
8.796801
6.306377
6.597913
2.247236
1.900242
0.02383613
0.004661201
1.900064
4.031075
0.5571324
6.156266
-2.025728
4.424648
3.068407
2.78967
-0.688527
1.09874
5.5701
4.534217
3.656968
-2.825919
5.086663
5.001477
0.07032679
0.2811899
3.738741
6.553647
3.558641
5.631859
0.9338477
-1.406213
-0.3735588
4.94668
-1.43012
4.530426
1.916802
7.046381
5.175625
5.12605
-0.9069091
0.3464379
2.43458
5.499525
5.503418
4.140395
1.203033
5.802854
6.899386
5.641661
7.131083
3.989561
3.545847
1.221565
2.76763
3.733737
5.75642
4.810693
1.407094
3.965002
5.43593
6.162734
-1.308596
4.48524
7.506223
3.540291
6.12004
0.6774437
0.7436851
0.5860347
5.389885
1.100079
6.688555
3.983472
-0.3304218
4.194581
-0.1494298
-0.8020208
1.718823
4.652254
6.28025
6.277005
7.833084
-1.389348
3.616187
4.490064
3.994849
3.405419
0.5401124
4.115251
1.385352
2.690068
2.385535
-0.9423961
4.718973
4.398741
4.545886
4.812869
2.024561
7.690925
1.803494
-0.3308154
4.152812
2.712928
-0.4563337
11.9518
2.143038
5.019956
3.456885
3.957757
4.739898
5.67722
-0.2558232
6.684789
3.113746
0.6437049
5.37507
-0.9177495
1.561279
-1.286119
5.032706
1.158755
0.943029
5.530427
-0.5628068
-1.112383
5.219877
3.236046
6.393535
4.064754
5.281705
-1.797338
6.789586
-1.026858
4.229944
3.98433
2.670146
6.870498
4.944201
5.336689
-0.4816979
-1.36556
5.497224
-0.5791311
0.7204397
4.387969
-0.01759029
1.994944
0.7388381
5.337282
1.160609
0.6953931
5.024977
4.631333
-1.003761
4.139783
4.551596
0.058966
-0.2170375
4.901321
6.164226
1.424715
4.434836
4.106914
4.365538
4.429085
4.491791
-0.2962626
5.784404
4.616248
4.931332
4.491297
-0.9389532
-1.404521
4.523361
6.188809
3.542695
6.340464
1.277543
0.6300849
6.16648
1.483114
4.197002
-0.3714165
3.820294
4.935353
1.868263
0.122408
6.086138
4.214127
5.022962
-0.5977981
0.3990402
4.460853
-0.146334
2.442848
4.201048
-0.3333778
5.13237
3.467756
5.649845
4.509882
4.69374
4.09223
5.790613
2.711037
6.005797
6.034844
3.499595
11.35559
4.712386
6.488974
5.263268
3.843739
4.813673
2.42154
-0.1824592
-2.433543
6.534088
-3.885997
5.034719
4.317916
5.828843
-0.9537443
4.082345
7.097058
5.054192
0.01565074
6.548171
1.34037
-1.230957
5.224761
-0.9366868
-0.005569992
4.110009
4.930681
-0.809671
4.013654
4.869157
4.317468
5.270296
4.826806
4.958874
0.4450534
6.359079
5.892817
4.466285
3.614809
0.3275115
4.528524
2.408871
4.978664
6.142031
-1.818263
5.744733
0.2970225
5.101518
4.645028
0.964526
4.111481
3.493554
5.107074
6.199839
4.368295
7.596137
0.5007979
3.66263
11.04856
6.380215
4.264845
4.244295
4.182578
-1.409668
-1.00769
0.4784651
0.341976
2.747114
0.7795169
5.051395
-0.3718396
-0.4566556
0.6544555
5.877254
4.921103
4.647734
-0.9261892
-0.03220297
-1.416003
5.873152
4.697866
3.960907
0.1538697
-0.1917561
5.068011
5.239271
4.146075
7.267921
5.972943
-0.7830268
-0.7243571
3.572765
5.139239
-0.8444484
4.422691
4.670297
5.111486
0.6748086
5.28021
4.974604
3.994267
-0.8075451
-1.381826
5.394226
-0.3328484
1.481217
4.712848
-0.2649783
5.307481
5.42774
-0.3095076
5.99632
5.5194
3.606003
4.746791
1.31901
7.058317
8.354195
4.347801
4.091154
6.30008
-0.2169675
5.559893
-0.1271791
0.9710985
3.924225
0.6736773
2.931432
5.290008
5.941162
0.5315001
3.995206
4.603066
3.882664
2.053909
3.880743
5.551584
11.00737
3.665399
-0.3230203
7.33207
1.329556
-0.6252953
5.476578
7.166761
12.48958
1.216179
6.724358
4.280054
-0.2891153
1.695478
5.538561
4.120523
8.666575
8.471994
4.604293
-1.380705
3.471392
5.069259
4.214733
4.473547
6.758494
4.053416
5.749315
1.068032
0.2259889
5.098182
-0.3553151
2.260122
4.97722
6.236984
0.1020533
4.867243
0.005015569
3.208025
-0.2400878
4.801518
-1.52058
4.564059
1.097054
-0.3547279
2.277638
4.516662
4.966844
5.251858
5.158165
3.906941
4.813028
6.284878
5.352622
4.877348
-0.3711688
4.345135
4.784846
-1.689105
3.751932
-0.1337648
1.003567
3.918548
-0.7888005
5.471242
-0.1257857
-0.3176056
3.224331
0.28636
4.483235
3.905247
5.914621
5.801647
4.827729
-0.2831655
-1.211744
3.587585
4.849699
0.1319098
6.186721
1.153341
4.346194
-1.233237
6.296467
2.324054
3.820311
5.24887
4.583923
7.814837
3.937738
4.538714
3.64947
0.2625605
-0.746894
0.02885936
4.721781
4.755635
5.342301
4.489702
0.004012214
5.77295
2.046546
4.14279
4.724146
-0.6373774
-0.6761064
6.992369
8.589995
-1.107941
5.148583
6.222975
1.383829
0.9435174
5.123949
4.722858
4.286554
2.23898
4.14062
6.049418
4.170924
2.681395
6.165746
5.453469
4.647378
4.436293
0.4822397
3.208682
5.235264
5.035886
3.87742
4.732311
6.668935
3.873174
-0.4048214
3.151585
-0.2422019
0.7935781
3.78662
-0.02689971
0.1692145
1.85538
6.03612
1.698214
5.431232
5.508191
-1.519589
0.191536
0.8819873
4.78335
4.093352
4.7368
5.94156
-0.8698919
-1.879648
-1.827381
-0.6654745
-1.191748
3.880867
0.6261364
2.151457
0.3294606
-0.9680259
6.702374
5.905513
-1.432005
0.3012466
-0.1482985
5.799429
-0.8132614
8.800623
2.119544
0.4385143
0.3237504
5.148177
4.053285
4.060815
-0.3605326
4.046915
4.435569
-0.3769446
-1.614381
5.450094
0.8131828
5.320599
3.754777
1.811731
0.07675107
5.710944
0.1524259
-0.975307
-0.9505557
4.958274
0.2325172
7.375806
0.2397154
-0.5022731
5.979375
3.423862
2.220121
6.052628
1.056141
3.941748
3.976464
6.469524
-0.01348259
4.514864
3.638908
0.4683288
5.617429
6.252745
6.145642
-1.510985
-0.7940153
7.292362
1.183658
2.197765
2.279034
-1.421958
0.2212109
0.06011537
3.77681
5.578682
4.453117
4.089794
-1.208243
-1.043503
4.447798
6.264723
4.763175
5.350837
6.630346
-0.1559625
5.252449
-0.8969526
6.176788
5.982463
-0.2091192
5.495215
-0.2548153
-0.2586763
5.306854
0.5521644
5.176496
1.007736
5.040395
-1.29027
-0.7157739
-0.2392149
5.758668
-0.8133326
3.878738
-0.1646393
4.922436
5.750956
5.452063
0.02527059
2.282161
4.611275
3.587625
5.639558
6.558953
7.146611
2.315975
-0.3956433
5.844865
0.01359015
7.556266
2.338946
5.165562
-2.143652
-1.510272
5.002759
1.768408
-0.7418081
6.138349
11.49513
7.117972
4.216276
0.3583944
0.6113801
0.1322801
4.247242
0.4392557
5.108843
5.746645
0.2082132
7.376677
6.063484
4.100142
-0.1631883
-0.4507379
0.1980507
5.050351
6.362625
3.838605
5.165378
3.797823
6.065572
5.188915
-0.3487093
-1.277813
3.118813
9.770938
1.017022
6.725911
5.39861
1.047781
-0.1672617
0.08700784
5.534908
5.330923
4.426654
4.650331
-1.629877
6.310878
-1.565535
-1.420697
2.596072
4.137836
-1.056794
4.038526
0.6876986
4.375967
4.231453
5.697454
5.315424
3.811987
1.019273
0.2657652
5.220694
4.340806
6.138639
5.564446
2.885945
5.755324
7.32906
-0.3018368
6.234453
4.52716
5.113968
4.839895
5.888147
1.165307
4.219739
5.270622
7.373132
1.018496
0.1565648
4.153437
-1.353526
4.018992
2.463908
-0.2712304
6.645022
-0.8721247
-1.720217
4.293694
0.6823655
0.1048048
4.858719
1.962354
5.283273
3.965309
-0.8361195
0.2111464
-0.1859103
-0.6578695
3.513314
7.391952
5.211524
5.123021
4.394171
5.444982
4.25016
6.637276
3.503325
-2.239936
4.64403
1.178693
5.452456
-0.3673079
0.963064
4.336015
0.6850606
-0.4432617
0.08913781
6.11325
4.843617
-2.150706
2.582261
4.530852
0.2007623
4.092341
4.7716
6.55633
6.050004
6.674466
5.489754
-0.2163981
2.984262
-0.1431731
-0.2740558
3.975235
4.681298
1.318059
1.232932
0.007983218
6.584641
4.839864
3.733453
6.537507
1.029993
1.023695
6.897032
1.782625
1.080063
3.761549
5.721886
5.276167
-0.2932396
4.24377
0.2867184
3.402709
5.529153
6.744363
-0.9623622
2.467485
6.26742
5.387605
5.668632
-1.537145
-0.5789527
4.989274
5.086636
0.217415
4.828548
3.747861
5.675813
4.291291
4.430117
5.734174
0.7310935
-0.1707922
4.957246
5.743539
2.405332
5.35842
4.67906
6.157254
3.248233
-0.2612866
6.359324
-1.378666
-0.1908528
6.363995
7.373748
5.629487
0.008599188
4.33093
6.075641
0.9664078
5.980844
-0.8038197
4.651657
-0.1803568
3.925412
7.078773
4.384341
0.8013301
4.28051
3.478084
-0.3317221
0.7736243
-0.1100747
-0.7894258
3.003718
2.40301
-0.5689484
0.1249565
5.543668
2.103331
-0.0197752
4.360622
1.234916
4.993332
5.945237
6.494064
5.360216
1.605241
-0.05998762
4.874051
5.520485
5.124174
-0.8534049
3.990658
-1.929812
4.382789
4.906263
5.449237
-0.4068786
4.68037
0.4241744
6.64113
6.934579
0.618499
5.257821
0.661039
6.483108
-0.8435673
3.990103
7.058926
1.011808
3.952188
-2.602384
4.015024
-0.6874159
-0.5211341
4.134184
4.794478
4.897079
6.624024
5.56104
5.825813
4.396368
4.94432
6.477458
4.355959
12.11439
-0.4634641
2.375382
-0.8008624
7.368355
7.618384
2.896444
3.911342
4.039684
6.04656
0.8630685
-0.9834245
-0.4386008
1.780744
7.242556
5.603839
6.033724
2.841179
4.678684
-0.9721624
6.245082
-0.4480112
-0.9549108
0.5158301
0.08331839
3.45553
-0.9366117
0.2643215
3.850922
0.8559489
0.4210656
4.492339
4.254029
4.420127
-1.25682
5.149397
8.181362
-1.008236
-0.180955
-0.7484903
4.559272
0.4911992
5.356563
0.2036814
4.082672
5.272139
-0.3182839
5.528131
-0.493171
6.752613
5.761842
4.516429
-0.5629793
0.05496017
5.511651
3.818232
5.54691
3.990536
-1.568025
0.6827933
2.490696
0.934816
3.659214
0.1991143
0.03798048
4.435476
0.1449384
5.046956
-1.205025
-0.1440625
5.647929
3.96982
-1.062562
-0.1233711
0.2546891
3.895961
5.325106
2.371645
-0.9733943
4.148462
-1.079034
4.288852
4.8573
2.063518
3.419244
-1.042017
-0.5770247
7.076133
0.1318359
5.90845
5.247478
2.491943
-2.039496
4.270421
5.381927
5.181986
3.100864
4.184208
4.798802
6.515367
1.254371
1.314621
4.492912
6.489921
5.415057
4.542275
-0.704913
0.2807788
2.198415
6.323658
0.7655509
-3.138113
-0.4298523
1.839678
6.672143
-0.1525674
5.672367
4.815802
1.580807
3.167879
5.106385
6.441992
-0.6064375
5.006344
5.588334
3.695645
7.053791
0.9530028
4.215244
3.812421
-0.9667527
-0.4010105
0.7036043
5.774135
0.1328121
0.4857755
3.672518
3.514409
6.045452
4.277918
1.009358
4.038829
4.63783
6.305431
5.300097
6.47847
0.1815703
-1.189067
0.4178897
6.295625
4.700635
7.636192
5.174214
4.088301
0.2522727
4.604
0.018929
3.890913
1.453137
-1.303547
5.266244
6.91349
0.214966
0.8621588
5.389235
0.9977413
0.1104867
2.024049
1.018132
5.914462
-0.03592572
-0.05078619
3.049266
-1.708768
0.911794
6.64514
-1.470624
-1.419525
4.592881
-0.8767473
1.107732
3.876581
5.051001
1.631145
-0.216229
-0.706563
2.431748
1.226738
1.277816
6.076585
1.134219
5.131165
5.027133
4.010484
0.8733676
3.738878
1.174309
3.892366
5.504582
6.435594
5.082024
-0.001086135
5.692331
2.940035
0.8521574
5.182526
5.162572
0.9300855
3.839973
1.863616
3.843519
-0.357065
6.750404
-1.517777
0.373469
4.426387
0.3870057
5.128428
-1.148543
0.4584117
6.38473
0.8962673
0.1104795
4.550685
4.146045
-0.5147834
-0.08021412
1.279326
0.0879452
1.466533
6.557864
4.340048
5.964591
6.173052
0.3709974
5.590996
0.08586397
2.547561
3.21846
4.928646
5.102723
4.976452
3.886752
4.754869
4.668555
4.672872
0.3555758
1.096351
3.684768
4.042591
2.239252
-2.092386
5.251622
3.021876
0.07563988
3.021687
4.978019
5.142112
1.697911
3.674877
5.517555
0.7332348
4.311174
4.241383
5.508568
4.232728
4.315276
6.796838
4.584544
3.6308
9.3111
1.667317
-0.1997779
3.320357
2.000122
1.442177
5.358863
5.708369
5.649595
4.30915
6.296334
4.812574
4.282501
5.317759
5.184649
5.094866
-0.8514067
2.370319
4.88626
-1.062109
-1.091664
-0.8436848
-1.351108
7.149734
0.03751625
0.09500616
5.755987
4.878753
-0.2176936
9.392459
-0.2179262
5.851205
5.5084
5.876012
1.114042
6.209175
-0.5132318
-0.4355054
4.49503
0.4618282
6.032321
1.170529
4.347711
1.446387
3.334984
3.043164
5.846448
0.6601297
5.010286
4.225812
2.454838
-1.039932
5.118395
6.400129
1.077796
0.06805869
0.2678513
6.24564
-0.1712026
4.899391
3.39272
5.037338
-0.3666748
0.8107728
4.974172
4.987713
4.462358
-1.942317
10.59556
5.737687
9.57487
0.829909
0.4383504
0.7430714
7.225026
-0.03326787
5.168696
5.97042
0.1246335
5.085245
7.486617
-0.6083909
6.452018
-1.522708
4.092146
5.373032
0.0699294
4.995966
4.907463
-0.3722352
4.73188
2.890341
-1.217953
4.118292
5.768461
6.878023
-0.9034427
5.292632
8.399262
3.886902
0.08124219
4.46979
3.566169
-0.9575007
1.63871
6.204287
0.2163535
3.002082
1.697947
7.134172
2.490206
4.353612
5.145171
1.022439
-1.527751
6.932874
3.830851
-0.7380487
5.832106
6.994351
-1.523717
0.7215844
1.514535
0.6179672
5.894101
5.009461
2.743384
-0.2284662
0.6621523
-2.326528
6.79148
3.227823
0.0119988
17.04235
5.089163
9.90226
2.877061
-2.274466
-0.2414217
5.140949
4.708266
4.256266
5.165219
6.135329
5.849651
8.253582
5.334591
-0.4859724
1.006845
0.2788251
0.8522871
6.366733
5.659676
1.533502
0.005415728
4.522725
0.4788269
4.51598
-0.4370538
-0.6600749
11.93204
4.892234
3.1129
3.56311
-1.54159
0.3578787
4.789336
3.435797
5.560797
6.473026
0.5161148
3.313676
5.974694
6.435329
3.583625
1.126051
4.196023
3.410783
-0.08759397
0.9886334
0.1013985
0.2274227
4.870179
3.184023
-2.026446
6.252314
4.265428
4.366696
-0.2083618
4.447317
3.157103
6.119535
6.158939
-3.073479
1.625426
6.677029
0.3098461
0.1509805
3.270214
4.671811
4.918064
3.815731
5.237923
6.841234
-0.7659437
1.331343
-0.5040867
4.769751
0.1399047
-0.9320532
5.304226
5.435681
-1.851542
6.037894
1.246646
4.485678
4.890508
-0.9068612
3.765203
-0.3125335
1.214759
3.662208
6.144107
0.4850353
7.11786
-0.1869629
-0.0002698616
0.2477859
0.1623644
0.8291477
0.01365929
4.847351
3.152294
9.207186
0.9128943
0.668233
0.2846687
5.269229
-0.9361556
-1.333996
4.648219
4.460627
-0.5794495
0.9776781
-0.4022464
-0.04482043
6.425409
5.721353
0.1737489
5.810922
-0.07132796
4.763664
6.467578
4.611906
1.954814
0.9816591
1.080721
-1.998382
4.096604
0.9617604
-0.162686
2.509846
3.914385
4.7712
-0.2386898
0.6508705
-2.073244
6.299525
-0.4148021
6.772367
5.914745
7.73007
4.972956
4.175176
5.225645
4.230643
5.390577
3.930095
-1.01065
5.969239
6.414703
-0.05654916
7.696161
0.5496324
-1.695069
5.915374
0.1009022
3.323916
6.905075
3.866384
1.13103
-0.5132148
4.005323
1.181252
6.429802
3.382648
6.870699
-0.8407234
10.36058
4.443976
4.01783
4.901257
3.013504
-0.335837
-0.1760094
5.438816
4.416853
-0.1994033
4.140304
5.906832
5.321314
5.624434
3.341374
4.182253
5.134141
0.8104869
4.63016
1.072784
3.877687
4.196196
5.937212
1.624538
3.946469
6.486375
4.879926
-0.2654764
3.409865
-0.8442183
-2.39637
4.493373
5.009721
5.812291
5.881883
5.617111
-0.2120254
-1.156319
-0.5743324
-1.00582
5.496147
-0.8564461
4.759677
-2.38851
4.387603
5.099647
3.895297
-0.2928821
-0.01462158
4.789765
0.1789068
0.8021786
4.757797
1.34356
0.6219395
-0.6557571
1.270908
-0.7948338
6.441
0.4441488
1.074762
6.575306
-0.2875112
0.730263
3.973968
0.2379916
4.450683
4.659399
4.512363
1.543448
0.7097443
4.997705
6.125105
4.038083
5.488044
5.797869
0.9251208
4.621023
0.9383947
-0.4361436
-0.6101293
4.962549
6.435399
4.847242
4.186135
4.083404
1.240299
5.17333
-0.2891333
-0.3707723
3.314654
7.700577
3.744975
4.520945
-0.281313
3.233709
-1.924331
0.08273429
4.333526
0.8045139
5.534582
0.3611866
5.945658
-0.656619
4.487945
4.673115
5.395204
-1.628827
5.189648
5.610777
0.00590908
4.815726
9.660728
5.1129
7.625528
0.6037352
5.955563
3.049002
-0.2739107
5.059942
4.977342
-0.5382489
0.1871699
3.901025
4.927639
5.077661
5.00991
5.452651
-0.3355837
6.411003
4.150825
3.45391
0.2622367
4.926636
5.362958
-1.579561
0.7851636
0.6214616
1.458639
5.412856
0.1577854
9.949135
5.384222
5.236513
5.6516
1.810362
4.420294
4.68752
5.047654
-0.2815781
0.1105882
5.632426
7.900701
11.07306
-0.02165731
-0.8009261
0.2807128
-2.453738
3.667936
0.2736166
5.706789
-1.605592
-0.2186378
5.168854
4.732976
0.8138203
5.601664
5.218927
3.475692
-2.518237
1.553553
1.564465
4.378454
4.940475
5.445265
4.482334
5.660916
0.880728
-1.429841
7.352467
5.491885
4.368786
7.623279
4.486422
-0.3661469
5.072934
4.602377
0.3344841
5.2194
-0.245875
5.043254
4.799232
3.974356
4.372306
-1.705279
-1.904413
-0.4358364
-0.437204
3.625863
5.185378
0.4239177
4.711023
4.435996
1.467971
4.799742
1.809347
5.723821
5.675901
5.674628
-0.01044088
3.195013
0.7182282
0.7259669
5.12249
1.03766
5.184071
6.61571
4.912304
4.714273
5.409994
0.01681961
3.4035
5.579217
8.741238
6.153213
-1.619165
4.212889
4.40657
-0.8285796
4.756037
6.070226
3.180837
-0.6943427
-0.4306432
-1.192784
5.156214
1.381368
5.338428
5.593016
3.574662
-0.3847924
2.670911
-0.6208257
1.367861
4.373016
0.6464898
3.630334
0.6654193
5.606742
5.210232
4.702966
-0.4443663
5.136361
-0.1364261
6.620848
4.198297
5.365684
-0.5792724
-0.751942
-0.7696486
1.389006
5.381762
1.190294
4.808633
5.866222
4.236052
-0.3301542
6.895607
14.19965
6.799724
-1.308964
0.8162015
7.255412
5.152673
6.709637
0.4301448
3.85084
5.336623
1.004449
4.016916
0.8387505
4.943252
1.897911
-1.173282
5.710706
5.471496
6.116838
-1.248762
4.16586
1.977897
4.280989
0.8239214
-0.3260578
5.123525
5.015696
0.4667559
6.718323
6.341935
-0.001109697
5.610695
4.933806
3.922642
4.005816
1.047232
3.255789
5.43455
-2.006412
-0.5307833
0.9830259
3.303757
3.612057
-1.171908
4.414346
-1.077556
6.03452
-0.8004223
3.828151
4.932038
5.104464
-0.8420663
3.209705
-1.915785
0.4373825
5.616629
-0.004540685
4.419903
8.505178
3.762387
1.596882
4.774937
4.347311
5.013009
6.483968
0.4935887
-0.8071842
3.371955
0.4067467
4.691392
4.528721
-1.318236
4.784029
-0.4620956
6.764548
-1.132449
6.793671
-0.4006678
-2.050166
0.3322674
4.153505
5.257314
-0.6036629
-0.406422
-0.7038057
0.1005125
-0.7352316
3.548925
-0.2769606
4.189468
6.14565
4.809981
4.44897
4.662241
0.892352
1.904524
4.440281
1.756613
0.6734701
4.670683
-0.5190163
4.548368
1.911394
0.599485
4.088611
5.468038
1.895942
-0.9686168
5.647926
-1.370399
6.703042
1.80497
5.351984
1.522472
3.945212
0.898286
9.153777
1.651237
4.176968
5.000392
4.706366
0.2246886
0.2727437
1.010026
4.367744
3.571326
4.529597
2.822562
6.746318
-0.1676395
4.645297
7.228976
-0.8374345
0.5085381
-0.4314002
1.842046
4.474001
4.195667
6.585298
0.3900547
1.392085
5.141085
0.2355762
4.182211
-0.3637604
3.728827
4.367601
0.7731281
1.172414
-0.4709749
4.805564
4.38572
5.114222
-0.710922
0.2588172
-2.742122
5.29888
0.6195652
-1.227737
-1.117947
4.440461
6.887488
-1.536999
3.996165
7.00994
-1.033142
4.032854
-0.0929612
4.9512
3.616809
5.601146
5.836563
4.363784
5.595144
5.650122
4.574056
-1.031278
4.507683
0.9348798
-1.591652
5.28404
3.880841
-0.5165184
0.02292558
3.911873
-0.6131466
3.524181
4.824396
-0.007211328
-0.6735743
3.367135
0.3513421
4.649601
6.14258
10.23812
3.997341
6.413737
-1.000834
2.779462
0.9772535
-0.07847338
-0.1796109
-0.7929746
0.08085637
5.477956
0.2715361
-1.89135
-0.8829363
4.24844
3.771496
3.873142
-3.584808
0.3492872
-2.164788
-0.5695867
4.961914
0.0176442
4.726931
5.695515
4.719357
-0.002409777
0.8017661
6.140565
4.808645
4.246896
-1.307497
4.66961
4.57695
6.172342
0.1944408
5.328274
5.087568
-1.125496
-1.829308
1.913944
-0.2611671
-0.2570445
0.2862229
-0.05374295
-0.5980893
4.188001
5.113978
5.355647
0.1417853
-0.1836742
-0.9783271
5.89584
4.382905
5.2219
-1.355437
4.599267
6.754944
4.807762
3.572959
10.70517
1.215549
0.1547569
7.020554
3.839387
5.915635
8.810901
0.7553806
5.516746
5.424823
4.694905
6.664542
-0.9232953
4.751408
-2.088279
0.5494982
0.7498558
-1.406359
9.981581
3.716954
4.251228
3.207409
7.070032
-1.240643
3.938808
5.059716
4.089392
4.525486
5.54003
-1.357181
3.597173
-0.1618099
-0.3528696
-1.195461
5.452707
-0.5789441
6.420389
3.804949
-0.2769371
5.193041
-0.6883335
-0.7492009
3.817098
4.80743
4.137019
4.642382
-0.6885277
0.7736731
5.928309
-0.7758832
6.219639
-0.711146
-1.107234
5.448627
0.3848918
5.417006
-0.06281281
7.112597
5.370476
4.046986
4.403955
4.342377
-2.908693
4.422819
1.820098
5.919398
0.8283936
2.979972
4.507811
3.475642
6.153557
5.579709
5.894977
0.7106282
4.63151
5.054312
0.5033766
4.209638
0.09895775
5.295834
4.644798
0.1631592
-0.3402117
-1.258152
5.253748
0.7809213
0.356517
4.942057
5.217859
5.436366
0.2919667
1.357223
5.690526
0.633135
5.845651
0.3358358
0.8061536
3.781535
0.7354271
2.482785
5.577682
-1.801745
5.477787
2.911814
0.1262672
0.0242384
-1.288267
5.544292
1.564122
1.454308
-0.05299679
-1.512136
0.02450022
3.969723
5.559106
4.553341
5.458413
6.128192
4.450507
5.551541
3.903365
6.093534
4.263094
6.837222
-1.209209
2.493437
5.492911
3.828896
5.74278
11.25317
-1.320788
-0.5130079
1.128882
2.574218
-0.1428915
5.654954
3.464218
-1.84425
5.278341
5.583358
-1.224183
7.231499
-0.6787983
5.515643
8.188925
5.769995
4.047002
-1.498445
7.217101
5.410013
4.074567
6.122116
5.187183
0.06409201
-0.7234869
1.247551
-1.799803
-0.7265731
-1.423948
3.841162
-1.658484
4.795027
7.7823
4.127917
-0.2886721
2.334467
7.751225
5.035343
4.538198
4.847643
5.262006
6.096148
3.7903
-0.05052853
5.291779
-0.01053071
0.2124166
-0.2369269
0.6039107
7.286802
-2.021477
-0.5732409
4.537281
7.58843
5.556199
0.7181158
5.051887
5.303584
-0.2830037
0.3142604
4.702399
3.319066
1.111077
5.125168
1.101505
5.485982
-0.2412029
1.581446
4.823967
6.067876
0.1998779
4.417265
0.2828436
1.840608
4.405732
-1.440688
5.404235
5.627721
5.270756
-1.115048
-3.165694
5.794475
5.147609
-0.4912323
5.449887
-1.788209
5.571227
4.99112
1.148809
4.574879
4.790894
-0.8914162
-0.004833001
5.875456
4.297771
4.007832
-0.0073199
-1.306647
5.351523
4.748685
5.644256
4.75099
4.670512
4.951204
4.429782
4.568165
5.140681
5.264643
4.103648
5.827814
6.832937
1.317859
3.684732
5.896503
-0.1505861
0.6138395
4.674071
-2.833983
0.01110741
-1.422953
4.483327
1.013026
-0.08718317
-0.6992755
0.825739
-0.7171044
6.250515
4.568999
4.929902
5.117608
1.255851
5.214252
6.556451
1.474596
3.751698
4.21396
3.909204
5.47589
6.693241
5.690428
-1.170418
-0.2643324
0.2534376
6.126771
5.107994
6.162411
0.02061135
6.072988
2.704129
-0.5927236
4.263601
0.6673417
-0.6094943
4.804818
2.192244
5.327138
0.2260302
1.418107
0.6062864
5.532683
-1.00741
5.98364
4.74851
0.7673989
6.456953
-0.5653421
3.713633
-0.5646452
6.173677
5.477767
3.788262
4.041531
0.8721239
0.2589615
2.127683
4.62107
4.985234
5.482753
8.67476
4.859227
0.4094928
5.212533
2.522951
4.382448
2.510896
0.5988734
0.4070869
3.815499
0.4149637
5.726597
1.320872
5.493933
-0.3541502
-1.064937
5.415775
7.302572
0.6567242
-0.3350383
-0.7221492
5.803864
-1.228139
3.666928
4.773349
5.46459
3.981788
5.264871
1.082702
6.243082
-0.3745668
0.1461611
1.864196
1.312635
-0.4717437
0.1297853
-1.29671
5.398308
-0.3474336
1.652639
-1.02719
5.099838
2.575157
6.629949
4.363399
4.371096
0.6286048
0.7812225
4.44883
5.6476
5.061593
1.142538
-0.1116351
2.767013
3.422023
-0.3770196
6.19607
3.388789
-0.2628273
0.829562
4.153219
5.901086
5.067243
5.491155
-0.7167971
1.096407
-1.215701
0.7406461
4.7912
4.365807
4.091515
1.323436
5.305273
1.897287
0.01012551
6.904937
3.117245
6.036112
3.986105
4.446059
-0.6897223
4.998441
5.33059
4.476496
4.839622
4.79156
2.64594
6.184624
-1.257536
4.724347
-0.4769419
0.3051756
6.315687
-0.3334518
0.8324192
3.847597
4.216859
4.759689
5.834355
0.09004172
5.745419
5.091131
5.855135
1.278203
6.47477
-0.1527189
5.281483
1.075276
5.479705
0.576479
6.468982
1.228239
4.726796
6.329893
5.724635
5.612629
4.446222
3.350395
0.03287647
5.372571
3.979975
0.8471384
1.354814
4.235221
-0.5505693
0.3887505
6.408991
5.521328
1.210501
5.649002
3.350149
4.751264
6.258277
2.312616
5.9281
4.737656
4.422761
9.465504
4.859629
3.543528
-0.3820984
4.636914
-1.202327
0.2600172
2.689192
5.430411
0.9185171
3.753825
0.08403779
6.178245
5.589696
4.425756
-0.4624074
1.694612
4.70686
-0.3762645
1.017862
5.043732
0.447545
4.667987
-1.208072
5.61553
5.075694
4.956434
0.5835667
-0.5636042
0.4936368
5.034304
5.200202
0.3631152
4.014299
5.559813
-0.6318003
4.605278
2.205104
4.787476
2.534716
5.957006
0.4939278
4.542752
4.717725
0.840869
4.508773
-0.4436872
1.191335
5.190046
4.255646
4.609164
5.632131
3.967332
5.549854
4.403641
1.808362
0.8459486
6.639182
1.132949
4.849547
0.6691634
0.9854484
3.528754
4.091025
-1.015423
3.728322
-0.2509068
0.6444499
4.363348
0.792336
5.542157
2.952232
5.793265
4.732321
6.869239
5.862811
5.403497
-0.5355736
1.670931
5.121847
7.268563
-0.9975576
6.465805
4.220246
5.551833
6.971005
4.32712
-0.5680992
1.328128
-0.7578124
5.749206
4.153914
-0.6853197
3.508228
4.305486
0.4279594
4.733186
-0.5014884
5.216189
4.97906
5.814126
-0.6844006
4.900399
6.427141
6.683947
4.610102
0.3513212
5.676368
-0.5517294
5.170956
0.5747519
-0.5704941
0.1294093
0.6432797
5.974558
5.198569
2.125772
3.186368
0.818903
6.381397
0.8007512
4.60074
-0.2376132
4.328225
5.618161
4.875155
5.061737
0.02157841
5.076759
6.320394
6.432
1.210823
1.418486
-0.3552221
0.4841461
5.520384
6.455987
4.239005
4.655508
5.27379
3.240517
-0.02602944
4.025377
-1.773538
5.196117
5.032145
5.041634
-1.789161
5.436747
2.819213
4.638978
5.097376
4.628456
0.01491844
3.743292
4.266536
-1.61234
4.500854
5.404183
5.658684
5.896104
6.362582
2.271616
2.175328
3.647931
4.862172
0.3825082
5.266436
0.1195294
-0.7613198
0.1265989
6.326432
4.691535
6.25085
-1.320241
5.626863
6.639926
-0.2869826
4.947368
4.616438
4.894332
1.236321
0.7392934
3.291237
0.5326834
-1.195496
-0.2230189
1.007439
5.456904
-1.66272
3.241522
5.394446
4.838031
-0.982279
-0.9913378
5.435205
5.149429
5.131071
-0.3617626
4.978054
5.264607
2.173819
0.8970129
4.327262
-0.2772846
4.227487
6.944277
4.08643
5.693169
-0.5281856
-0.08107937
4.666984
3.259687
4.049317
-0.4200077
-0.438786
3.922194
5.309315
1.636981
0.7184586
4.102247
5.084289
-0.7716228
3.867916
-0.4483312
4.441984
0.5970207
-1.329319
5.528705
4.956223
0.9545116
-0.4640204
4.79095
5.229983
7.333395
4.72308
2.462429
5.461457
5.867508
4.14346
5.100941
2.371026
4.991992
5.572249
-1.052373
4.088888
4.013723
-1.064632
5.540909
4.995223
4.154124
5.27126
-0.3668002
-2.183686
5.561157
5.97904
9.481593
5.317004
1.221893
1.435118
5.593374
0.543049
0.602169
5.927682
3.238473
6.117471
6.170667
0.07442164
5.727878
5.899782
5.62314
1.371805
6.63886
-0.4211543
0.7786773
-0.5620072
0.6937655
4.511267
0.5928699
-0.3854876
0.5990348
0.2808002
4.337714
4.680438
-2.030082
0.5167325
5.671914
-0.2584008
5.904221
0.1399946
5.733213
4.334599
0.6076253
7.623078
6.043689
1.423078
4.141616
3.854626
-0.3473297
5.88912
-0.414381
-1.583193
-1.305358
0.7065282
8.390954
0.53724
5.38088
3.208922
5.750132
-0.4492743
0.2691084
-2.280784
6.447484
5.176132
-1.331855
0.7600483
1.057962
2.884558
4.552865
4.384697
0.751517
0.9169875
4.647189
0.3922206
1.866673
-0.7216483
-0.2052525
6.820249
1.310915
5.140059
6.950759
2.541706
-2.077819
13.60982
0.4062679
3.001673
4.459827
3.977667
5.440986
4.929379
0.5433787
4.569435
-1.077486
-0.7592842
5.275423
2.249407
-0.9111726
-0.1421365
6.863856
3.346108
0.8372645
0.4272638
4.025164
-0.07530332
2.66861
7.257993
7.288844
-1.20428
5.821068
-0.8741198
4.64577
6.333308
6.620703
0.1974575
6.158962
-1.254215
4.003743
2.511051
-1.109506
3.458436
3.11761
0.4369668
6.929064
4.784097
2.020314
6.384743
0.7758151
5.355722
4.59652
5.308613
3.966952
-0.220502
4.321613
4.607702
5.414826
4.807354
4.64591
-1.610058
0.08311953
0.9866942
-0.335107
-0.3680276
-0.3250971
-0.6623504
4.927909
6.84105
-0.2364894
6.351374
-0.5530221
5.491915
4.770027
5.556079
4.820627
4.1143
-1.04039
4.760932
5.884857
0.9533359
0.8096527
-1.591098
4.43612
0.474553
-0.413118
5.593536
6.336374
5.086914
5.3408
-0.003093022
4.90149
0.7485422
0.5073254
6.321049
9.321344
2.553383
6.258288
0.6772248
3.866941
-0.1346388
4.525541
-0.5737285
4.134628
4.827564
4.234539
-0.3662745
-0.2481411
2.179831
-0.5190126
5.619461
-0.3953204
5.321678
6.414986
-0.9379866
4.034475
-0.2488611
-1.260863
-0.6388587
0.6169594
6.403058
4.807816
5.24092
5.421108
-1.279215
4.556357
-0.7019486
4.897353
2.207004
-0.2453003
-0.467352
0.7268058
0.3614888
5.489486
-0.3375682
-0.04895414
-1.052931
2.239452
3.544825
0.6291724
0.1851458
0.05630581
4.261832
3.281048
4.67934
5.150213
6.043466
-2.021458
3.681642
-0.4521311
6.058706
0.04405771
4.937661
4.693754
0.6430038
6.318482
0.4883034
4.224335
3.765062
-0.8628407
-0.03517996
-0.996338
0.009425383
-1.101927
5.722083
4.94574
5.739857
9.162805
-1.26895
4.465799
0.6998704
5.688989
4.791238
-0.3612711
-1.243486
6.34109
4.364507
5.45487
0.7724558
7.365821
5.365586
4.532127
3.969089
-0.5940653
3.634788
5.253449
5.150782
6.905643
1.497642
-1.870418
-2.617758
3.392192
0.06285212
-0.7723847
4.063289
-0.3199441
5.077865
0.1000682
5.914437
6.040057
1.096294
4.710537
-0.6686269
4.663936
0.00208343
0.1659015
5.930644
7.326626
-0.4915276
4.980197
3.304849
1.07811
-0.3381698
0.08629873
4.271943
4.780055
5.173038
4.847671
4.645582
4.68528
4.660732
0.1180064
5.793823
-0.9090282
6.435438
1.774615
3.939253
-0.4630232
6.08902
0.4825327
0.8035091
5.623814
1.473784
5.95013
4.689501
-1.36171
5.462213
2.783971
5.528529
5.726289
0.7948914
1.613828
2.80183
4.236321
0.9309532
1.147427
4.854978
5.011664
5.628323
4.479776
6.939882
0.7076458
1.004545
4.72926
4.271485
5.411765
-0.9803819
4.770892
1.153763
5.066538
4.488564
4.101462
-0.7126852
0.8824277
3.442721
-0.9178962
-1.016526
-0.4788245
4.423901
0.8863471
-0.9926079
4.321745
-0.2957281
0.718787
6.589642
3.486855
5.306096
6.787004
4.193214
2.74046
4.425321
4.432196
4.63307
-0.7002921
2.742833
1.510076
-0.2203913
4.417194
4.672356
4.936145
4.608516
1.447502
0.03560515
4.740458
-0.04471173
-0.7867037
3.63151
4.832851
3.292829
-0.1678872
0.6386673
5.257701
5.743216
-1.68191
5.158859
4.4106
1.089306
5.285671
4.657115
0.5025309
2.661214
-0.08598507
5.557831
-1.192488
4.932596
0.5751855
3.477356
1.815776
-1.482622
0.1537751
3.868139
4.473723
4.154998
4.443432
7.120254
3.822834
4.032313
-1.499093
-0.7169794
0.1328979
3.909958
0.251011
4.364217
5.467405
0.8567614
5.354903
5.466462
3.127508
5.690446
6.32355
0.05149773
4.44298
0.7091239
5.537859
4.595377
4.519282
2.559743
-0.2483955
0.9614414
-1.111744
-2.983523
0.05890552
-0.04561148
5.053699
0.2737311
6.435571
1.45602
-1.309519
10.26819
-0.9234887
1.867274
-0.9925811
5.380567
0.05459696
5.053273
4.578101
4.623229
5.513152
-0.2354813
0.61218
1.25263
-0.02712827
4.156754
4.309625
5.157345
-0.5950116
4.679503
0.0002491923
-0.2370639
0.5798733
-0.4136053
4.097204
5.2267
-0.2855648
4.995893
-0.2296666
2.342415
5.391905
6.385854
7.377994
-0.4815873
5.214417
5.015735
4.904708
4.882757
-0.3824989
5.827032
-0.6284921
0.01781496
4.039456
5.285084
4.57694
-1.797249
4.976508
5.798734
4.912368
-0.2504235
5.183075
7.027372
0.09876595
5.421223
4.341931
4.467951
0.1404781
6.077129
5.238024
4.640333
0.07158918
5.165098
5.478216
5.967225
5.325255
5.183229
4.065478
-1.426963
-1.470286
0.5165656
-0.2154967
3.941017
5.520679
12.54925
3.642534
4.773626
-0.1242161
4.312154
4.199331
0.7457481
-0.604944
4.263238
0.5433552
4.046535
3.842286
4.655443
0.6524735
-1.407541
6.028172
-0.3838156
6.24228
1.46758
3.255248
-0.2031206
1.075735
1.643591
6.168971
-1.640497
3.194247
5.770823
5.404584
9.90749
-1.384525
4.922958
0.7297022
4.269893
5.792925
4.262221
6.219353
4.480927
3.963579
5.861838
5.547402
5.335042
1.132507
5.401514
5.131252
-1.284082
4.330894
4.710998
0.7199062
5.596327
4.089381
7.275827
4.737214
0.2393749
-0.2645742
-1.788605
-0.0590434
5.053474
3.389639
3.82679
-1.574116
3.412076
0.2756463
1.76819
0.4898722
5.511558
5.334555
0.8469059
-1.358565
-0.7422407
5.624626
4.580299
4.043383
2.082796
4.889105
-1.700927
1.605718
0.1951601
-0.8301819
10.56447
1.30894
-2.267398
4.499509
3.653435
4.590592
15.06123
4.82032
-0.8025495
4.759232
4.757361
-3.631117
5.785879
2.774808
4.076795
4.612961
3.970766
-0.3585533
-0.2109734
-1.441557
6.083868
11.90159
1.429098
-0.705266
-1.216436
3.813671
5.507702
5.977538
5.792055
5.399338
5.346292
-0.143805
5.322829
4.916886
6.179425
5.743955
3.528304
0.5665114
0.7521295
-0.7592807
5.341353
6.606202
2.369289
-0.5815177
5.53738
5.947171
3.858189
0.5513424
1.175959
-0.4316042
-0.5574746
6.646241
3.865436
8.425877
3.770547
6.140493
7.058649
-0.9441072
5.548867
-0.2059215
6.210132
5.885989
-0.7021236
6.432795
0.4242362
5.204969
7.508221
0.2452917
0.4254634
5.783683
5.426205
5.575189
-0.8498048
1.616568
4.825167
-0.02497
4.00102
7.454254
5.126431
4.452853
-1.240276
-0.3790373
5.502415
2.922261
-0.728902
5.328524
4.135771
5.658892
4.759476
0.6105739
0.2848465
5.354129
-2.004772
4.243025
4.575243
-0.1348092
0.6449776
5.088532
4.36823
4.921797
4.368779
-0.03213261
4.557527
4.989759
0.1835945
5.854654
1.841215
-0.5886887
-0.8331937
5.139718
0.04965634
0.7227197
3.641253
0.7566831
5.095362
5.417854
5.757484
0.5264512
0.6525041
5.116256
1.136242
4.926512
3.519337
-0.2283173
4.25663
2.774286
6.535365
-6.210907
5.457036
10.49084
5.455063
0.118872
7.182551
-0.1939345
1.760479
0.9919689
6.113401
5.615346
-0.8727759
0.7825193
0.3957726
-1.590703
5.924398
3.200149
6.497976
4.74665
5.044921
0.3889628
4.370929
2.142086
5.528112
-0.5327836
3.666895
5.048756
4.120855
4.924647
6.18279
3.218291
3.313224
0.4083425
3.755492
3.93513
3.657943
-0.1474464
1.777506
1.031594
5.188772
5.61209
3.650579
5.171106
0.5972143
-1.085345
4.376254
4.8133
1.082519
4.720631
1.187212
4.503718
0.8798743
0.7160276
3.846688
4.54724
4.399608
0.6623582
4.686523
8.66794
5.463013
5.273393
5.460439
5.517113
4.705109
0.8390537
-0.66985
4.413159
4.64061
4.823819
6.602464
0.7585334
4.598495
0.6910348
4.40638
4.839657
5.273961
1.357021
7.387333
6.192776
-0.01208507
6.519782
3.448081
2.234734
-0.7224082
5.785065
4.348444
4.303801
0.05928374
1.994974
-0.1915432
-0.6405658
4.430424
7.074905
4.290971
5.090285
4.463667
0.6234864
5.511024
0.585032
-0.8844307
-0.03708701
4.469762
-1.160649
5.490212
6.226343
-0.771659
6.293927
5.123026
1.368974
2.378307
5.983275
3.091816
-0.8976934
5.767222
4.985178
1.134897
3.978024
7.051955
2.602001
3.14941
-0.323418
6.3874
4.197173
4.42113
4.245265
3.570499
6.289288
-0.7036789
-0.8351741
-0.3394755
5.731064
3.815694
8.983839
3.388414
-1.900634
5.734442
6.710735
6.584429
0.4817442
-0.3318098
5.94779
1.31734
4.052811
3.362485
5.416363
-0.1815956
0.8316708
5.581962
1.841095
5.743268
0.4618825
-1.464883
-0.3744917
5.230058
9.622082
-0.2638366
0.7552328
3.873258
0.2854928
1.301412
5.230986
4.617629
0.9818364
8.083338
9.977047
-0.01498058
5.457527
-0.4978585
6.417833
-0.8526988
5.195715
5.564842
4.883572
5.885144
4.876988
0.3935483
6.175182
4.35294
-0.6558101
-0.1136402
4.706754
1.028141
4.533694
1.067274
3.765422
5.430386
4.835564
-0.2143047
5.067459
5.777128
0.7064418
1.336296
-0.477452
-0.1907046
-1.336483
5.849324
4.278833
2.748592
6.228149
3.06257
5.323757
5.132116
-1.317034
0.05920873
4.761122
-1.035804
6.431926
3.689507
4.491456
0.273163
7.38158
5.438449
-0.02538729
7.442056
-3.044296
4.354093
-1.12041
5.224333
3.760686
0.2537575
4.377548
-0.1553543
-0.096206
0.3450074
5.547552
6.223032
5.057908
-0.4195626
5.161051
3.819413
5.228244
-0.8713925
6.878014
6.671126
4.943041
0.4525153
3.236454
0.6652395
3.159009
-0.2375306
5.45376
4.929591
0.850175
1.123854
4.085486
-0.1675551
7.289575
-1.181718
5.035327
6.102142
0.900615
-0.5568926
5.668435
4.09559
5.576616
1.563858
-1.043738
2.667318
4.666465
2.835528
3.889363
