-1.760643
3.874047
-0.2764324
-0.1108358
8.454743
-0.1075426
5.327624
0.254123
5.093311
1.268066
-0.4696885
4.875458
1.289111
8.041544
2.209896
-0.8757118
3.78096
0.9480906
4.988635
7.224661
3.888888
6.220152
3.474411
0.5496379
-0.34811
3.439436
6.173732
4.339998
-0.8019361
5.700254
4.629393
4.167517
5.419474
4.12682
6.955685
-2.034195
0.7541278
5.870445
-0.2925527
5.051816
5.624178
5.380797
-0.9768999
0.4035959
3.433952
5.520671
3.868469
6.474015
6.200533
3.649322
4.1003
1.121427
3.269608
5.277048
4.177221
4.417544
3.651193
3.946641
4.762666
6.045595
0.7872313
0.9341756
5.021456
6.360844
-0.6603728
4.517784
0.8820114
-0.2558841
-0.4592606
2.78792
5.024076
3.748206
4.914161
0.5620949
-0.5410287
1.089922
-0.9941256
4.530586
0.5011719
4.842576
3.453025
0.6206532
0.2167845
4.017427
3.540251
5.625673
5.159337
1.656105
6.464049
-0.8328485
5.950407
5.049086
6.193095
-0.1095651
4.106312
5.815309
-1.235629
4.038001
6.020246
3.997538
0.5773564
5.028205
-0.1988789
0.1297944
4.553802
5.390325
5.439519
5.624416
1.728952
3.408944
-0.5269603
-1.45833
5.485755
0.2413664
3.803504
4.14745
-0.1117247
4.752222
1.312917
4.005725
6.533346
0.7651777
2.640503
2.968662
0.5162574
-1.261448
4.989648
5.153047
0.2981501
5.278898
3.583489
5.989708
0.3045454
0.7222146
5.523747
0.447171
8.40827
5.813663
2.760783
5.70498
4.081187
5.607175
-0.6220486
4.460108
4.659205
4.144215
5.391739
0.6583798
4.279291
1.127067
5.646593
4.364743
5.014882
1.278441
-0.6393729
5.168403
3.508605
9.595494
5.048155
5.890759
5.380701
5.214948
6.162966
5.837556
2.176849
0.07593857
6.545437
-0.5567467
5.95048
1.20727
4.37675
6.229123
4.639572
6.564867
1.336779
5.628747
-0.3347257
-0.280554
0.9937555
5.280046
0.5049788
-0.789495
4.764873
8.886823
3.731906
-0.3835208
9.391159
3.914212
4.121179
1.662156
4.803877
4.584182
1.725363
-0.08497934
3.799356
-0.1759801
5.249723
5.536276
0.001564818
1.513047
5.729877
5.884484
3.844445
3.992665
3.687799
5.088504
4.761645
-0.3023428
-0.5683672
-1.33531
3.713577
5.464212
5.727664
5.114628
0.568514
-2.180778
0.08594945
6.812153
5.046634
4.388529
4.918835
-0.05387098
4.812246
5.225589
0.8450638
4.511388
3.28947
5.945315
0.2014927
-0.2899803
0.8979809
3.825331
2.286104
4.206616
4.91837
4.468985
0.4748859
5.513067
-0.9701522
5.081508
4.615154
1.230598
5.551577
1.664243
-1.004617
4.54668
4.084903
2.975662
-0.4861776
1.394585
5.134953
3.903788
0.4375994
6.582355
4.120883
7.648753
4.164229
-0.8555425
-0.08335689
0.1989297
2.380759
4.564725
4.398609
6.448577
0.5765971
0.6572266
3.397023
4.899457
0.2443447
4.426224
4.039521
-0.06090199
-1.070475
5.864433
5.858063
4.295049
5.783202
5.760094
6.103336
-0.9619117
1.086464
-1.489103
4.731509
0.1253042
0.9460903
-0.9163386
2.066933
4.512834
5.840349
0.5759572
0.1238962
5.473086
4.743857
-0.1565022
4.481422
-0.01615562
5.699766
4.940388
5.481661
-1.483215
4.874755
0.4143776
6.101421
4.44352
3.562269
0.7938668
4.030956
5.432454
4.600116
-1.441062
5.057384
0.1100962
-0.2380988
1.166296
1.360533
0.2131303
3.363357
0.141389
-0.5262809
3.699163
4.518206
4.36304
4.946825
-0.6422917
3.872852
3.894166
6.022595
-1.091269
0.4238714
4.309148
6.250301
-1.173961
4.081588
3.676818
5.307584
5.231326
5.858914
4.897225
4.121823
4.30428
5.486581
4.70212
4.664501
8.670225
-1.359143
6.661969
4.544702
-0.3472818
3.702777
4.988604
6.526955
-1.416888
1.972364
4.843706
-0.245467
-0.9908436
6.43972
0.7313125
-1.535763
1.160298
5.926687
3.64091
5.562259
4.882639
4.737831
0.340365
0.28448
2.06616
4.215725
-0.120138
3.202674
4.441873
-0.4175729
5.179666
6.316013
4.711952
5.554734
4.833115
4.697738
5.029656
2.218419
3.348025
0.9222567
0.4223161
0.1089362
0.6906579
5.010121
0.1223637
5.62473
-0.721543
-0.2311248
-0.07654763
3.443642
-1.304482
5.230618
3.686438
-0.6927577
5.273765
0.7430761
4.389542
2.005551
0.462379
5.036913
-0.4565325
-0.5696094
1.558027
-0.8284917
0.3634331
4.894067
5.699532
6.007306
6.791689
3.705778
1.105153
0.1702469
0.9592073
5.378097
0.7776803
5.390489
4.204914
-0.2241318
0.7336179
5.539271
7.055031
6.473514
9.012997
4.757924
4.151347
4.867898
0.8726105
3.608817
4.864351
4.816756
-1.166885
5.864344
4.406035
6.791183
-0.7396965
5.146896
4.552109
-1.365282
5.327588
5.0887
-0.7703863
-0.3422992
1.556156
4.16539
6.328715
0.332507
9.536917
5.832819
0.2361743
1.969262
5.172751
9.13245
5.160006
-1.684855
6.903203
5.953302
1.177565
-0.7575708
-0.6584266
4.823449
0.008484496
3.56632
5.240141
12.36451
0.3994217
1.794088
1.410214
0.1225825
5.040517
5.181532
4.525814
5.716489
7.078886
0.6340733
6.137568
4.066169
-0.2624727
5.685696
4.115742
4.426824
-1.955344
4.669875
1.314458
-0.8707247
4.376416
-0.2250688
4.322654
0.9409415
0.04197656
4.769474
6.113415
5.850555
3.461004
4.83305
-0.1364768
5.926531
-1.661111
