1.301066
4.408505
0.3649721
5.03236
8.640437
2.490691
6.405369
0.941021
0.3047828
4.10651
4.996869
-1.325654
-1.138094
-0.4917091
0.1303395
5.096431
0.04464092
3.467591
0.974055
0.9653841
4.011303
5.410273
-1.433356
5.100485
-1.152662
6.805339
5.201631
6.383791
3.967038
4.295632
4.247762
-0.1442357
5.83736
0.9174996
5.044333
6.148119
4.300496
4.326497
-0.3482798
4.726344
4.647332
5.735567
4.476058
4.609385
3.047312
9.622661
6.054016
6.347228
0.2792623
-1.96766
-0.09909132
2.110378
0.2353299
5.189465
6.290614
-1.706161
2.216209
4.896132
5.685389
3.877928
5.435838
2.903457
0.2335582
-0.48806
0.4855684
3.56583
0.01905289
6.297401
4.028605
4.062535
-0.5997436
1.303774
6.706141
5.323717
0.4500995
-1.2471
0.1822275
-1.51734
5.267264
0.2102513
5.219653
0.03706564
-0.6936864
3.254189
-2.201162
3.85124
0.2360506
5.650372
-0.9924978
3.493935
4.267613
3.686737
-0.8178592
0.4140889
3.937407
-1.133827
-0.544044
0.4882829
6.786941
4.373724
5.130102
4.100151
1.503482
-1.376932
-0.9275888
3.727203
1.529851
4.669962
1.074653
6.523399
-0.4812786
3.59501
4.2563
4.047086
-0.1254862
0.01485549
-0.3757781
4.379987
5.980861
-1.69373
5.236223
4.48872
-2.83781
4.3716
5.43545
-0.2266113
3.502198
5.632938
5.572099
-0.5588757
3.262221
-1.115081
0.6360534
-1.019071
5.191486
4.287513
7.239899
-0.4054244
-1.188906
4.747723
5.581018
1.910198
-0.625048
-1.32536
0.9722888
4.099862
5.269297
0.2405488
4.516642
4.281012
-0.9023227
0.5279168
1.719517
-0.1411493
6.677332
1.161322
4.607979
3.198749
3.451117
1.509995
-1.10696
5.568434
4.806318
5.476606
4.108422
-0.4135576
-1.024641
5.448735
1.612429
5.482035
-0.4465795
-0.3365802
5.091381
5.845089
3.663417
-1.32842
0.201518
-0.07924743
4.597637
-1.179314
1.572697
0.7378488
5.313332
6.165623
4.93515
6.612923
6.438941
4.562219
5.50841
5.257751
4.16362
5.616342
-1.451466
0.5676451
4.950865
5.005298
-1.532706
7.267263
-0.6354772
3.638337
6.621273
6.978479
3.69333
4.458204
6.686464
4.991785
3.624279
5.308805
-0.1117129
3.970129
5.616186
0.3823028
4.83955
7.186817
5.322533
2.82052
5.410983
4.021022
4.095618
-0.5061659
5.686444
4.663673
-0.9692777
5.854693
4.763343
-0.5955029
-1.606267
4.240005
6.671943
6.310648
4.543994
0.6526548
2.375296
6.41188
1.351092
-0.6201817
1.877532
5.544964
5.572049
4.830119
7.846938
-0.4607691
5.481949
5.002828
6.646862
6.476438
4.463506
5.91002
4.406977
5.364865
