2.802991
5.915336
-0.07547187
5.604149
-0.2980432
4.571086
3.984293
4.52224
5.046878
-0.1449552
-0.2719455
-2.083474
-0.2823462
4.681678
-1.502736
5.491031
2.974189
6.380271
4.188589
0.6409646
4.884903
-0.8198199
1.217411
5.409892
5.516575
4.950036
2.07467
3.8415
3.577103
-0.8166701
5.114438
-0.0232155
0.2326859
4.800676
4.870188
1.019232
-0.1292545
4.695864
4.640111
4.411035
4.861785
0.2741546
-0.1482224
1.157669
-1.857336
-0.4461373
4.569928
2.851153
4.727986
0.6239249
-1.365749
6.802435
6.99866
4.79108
4.517705
-1.098563
10.34239
-0.7170693
6.055552
1.443386
1.169629
4.755882
-0.3485395
-1.028955
6.578181
6.404433
5.271827
7.226708
5.310865
3.423048
5.440006
5.406671
6.396027
0.6234715
3.380352
4.860716
4.63203
4.63008
3.803262
-0.5943448
5.131178
-0.7901699
6.124353
3.598144
4.916963
-0.1237787
4.164497
-1.643613
5.877169
4.410843
-0.1857818
3.664752
5.466636
0.5107598
-0.00038482
1.505109
5.230052
4.101775
5.898889
3.133401
4.566144
5.249308
4.239127
5.374033
-0.6530013
4.304923
0.7889406
4.999071
0.4427031
4.709543
6.511341
4.70855
-0.2829641
0.7741815
4.516372
-1.272157
5.156395
0.5323167
4.4732
3.755679
-0.6813672
6.09461
4.299469
6.84706
0.8929319
-0.6429329
-0.4122024
-0.8245725
6.409147
5.138752
4.853008
0.3659311
-0.8622091
0.03346752
-0.5816727
-0.9724736
7.09003
-0.2293572
6.375639
0.5079377
10.20372
0.8594393
4.165386
0.7178171
6.063405
0.09334416
4.235561
8.951221
0.2553694
-1.011242
-0.2091206
3.444584
3.571763
6.179203
7.082954
0.7996226
6.179329
3.565019
1.785761
1.037384
5.64754
5.053488
-0.0414893
6.043472
4.565936
0.6834967
-0.9843305
6.685217
5.949105
7.440445
0.4855858
6.661078
0.6810909
1.537155
5.011605
4.45564
-0.1603501
2.03603
5.64544
5.495134
4.845404
5.795156
6.505279
4.401364
1.197986
6.335597
5.977916
5.557469
4.612012
3.715979
4.508479
-1.436122
3.713393
5.001706
5.890634
-2.359357
-0.6063626
-0.2035172
5.364023
-1.518633
-0.9629672
4.759687
6.395986
-2.894764
1.585751
-0.1037498
1.75491
5.941133
5.961142
6.150725
0.2463193
4.764895
3.197846
6.382665
1.114935
5.473667
4.595196
5.294734
4.977904
0.8682522
4.080013
4.000313
6.222987
-0.7010185
-0.8228654
5.93722
0.5008614
-1.863414
3.841078
-0.7072085
6.486615
3.997828
0.3478253
4.505372
5.170788
-2.060626
4.306361
-0.3012598
5.790036
-0.5230872
0.6697946
-0.7009399
2.188143
0.7771342
5.470089
-0.2402552
4.686021
5.173657
5.721994
-0.08946947
