4.543923
-0.6835054
4.518871
2.160904
-0.5291114
5.774835
4.418829
6.220484
3.508731
5.867105
4.083749
-0.1132998
3.901119
5.56175
-1.558959
-0.3813346
7.734119
5.538656
4.832244
-0.5258095
2.630199
6.60454
4.002161
5.078555
1.054401
5.563217
6.691619
0.513325
6.33351
0.09953684
0.5344768
-0.7429909
4.945076
1.26508
0.6207798
0.447013
6.784199
5.358718
1.071069
0.9984199
-0.3161728
-0.7330115
0.5811339
5.590059
4.883739
6.670188
-0.007505886
5.073417
5.67693
5.436699
0.4891534
-2.225244
-1.427833
-0.6843576
6.659037
5.903296
-1.349834
4.77106
6.562374
-0.2885652
0.1711151
0.9319586
5.515053
6.618099
4.258657
0.7564914
0.7357296
0.6742684
6.149742
3.126091
4.560746
6.394937
5.509689
3.639766
-0.3291326
5.097137
0.4035846
-0.1020189
5.012337
3.6552
4.050438
-0.5052841
5.680147
0.3759189
-1.565293
4.735596
0.02183816
0.6683297
4.413634
4.660268
5.678323
0.9042394
6.030359
0.7136832
-0.01392836
-0.7466197
5.577847
-1.73499
1.647366
-1.177146
-0.09865919
-0.6565182
5.116868
-1.606021
-0.6695057
0.9977393
0.9698896
3.131229
-1.082417
4.784909
-1.696115
-0.6979158
3.875872
1.121624
5.652507
5.187109
7.870749
-0.6923884
-1.43517
6.455052
5.307284
-2.776921
5.421093
-0.7181236
0.3247524
-0.7463231
4.684896
3.874514
4.645892
4.589125
0.1967745
0.6392363
4.229514
0.148244
3.205674
3.825515
4.262943
3.736628
5.925104
5.618118
2.138798
4.140459
-0.2747636
-0.6517957
4.8605
5.655447
4.948744
3.906479
4.347427
0.007352124
3.21643
7.426467
5.123219
0.5221138
3.528595
-0.1313358
5.265464
3.520111
4.793681
6.873252
6.530532
-0.09178281
-0.1851554
5.276793
6.084341
5.679643
8.629349
5.9199
5.445148
1.097674
4.923619
5.739377
1.398649
-0.2302982
5.756847
6.013126
3.011268
1.55207
4.834267
-0.6986135
1.185876
5.919147
4.621406
5.178931
0.6563396
4.018536
4.324634
5.926716
-0.3369197
-0.06495903
1.078395
6.099378
4.839081
6.370637
-0.8441251
1.559117
0.6193882
0.4024504
4.563333
4.678008
4.378523
6.552043
0.1519427
-1.318943
3.41177
0.9057893
5.357177
4.740651
4.354406
4.251809
4.580852
0.08934682
-1.85943
0.2478479
4.310386
0.05877578
-0.4890926
0.7723352
5.367028
-0.9872057
0.6982294
-1.187348
6.447745
0.3785736
0.2300875
1.429371
0.5616803
-0.6192528
3.76638
5.200633
6.057282
-1.315473
5.816353
4.536468
6.348279
7.72204
-1.560202
1.462879
-0.6193716
0.9256283
5.572798
-0.3152751
4.940936
-1.335068
4.945344
5.515178
5.846386
6.248079
0.05933495
7.293152
