5.372781
4.141843
4.691847
-0.4994049
0.3747083
4.236303
4.370065
4.437095
4.984831
5.614283
5.371236
-1.722726
5.863647
0.6317049
0.6945149
5.088902
3.923666
0.5450673
1.688598
2.497256
6.644473
4.870879
6.896904
1.768122
6.12978
8.556544
3.308811
4.196957
-1.137086
4.327913
-0.9510074
4.904628
-1.624447
1.968322
6.239118
0.4082945
4.742454
4.69788
1.143992
-0.01858079
0.8955498
0.7308091
-0.7957357
7.675418
3.708703
1.641483
6.664416
5.223089
-0.6798889
5.215043
6.373472
0.02171492
4.61928
-0.1010346
6.777782
1.558758
5.064297
3.490299
0.7087209
1.251857
0.4225
-1.350309
3.918358
3.963034
5.586304
5.195407
5.849196
-2.253839
-0.2304355
4.816882
1.263033
-0.3525216
4.84609
3.961279
2.276587
5.192869
2.934369
4.752474
0.3483856
4.835692
1.417563
-0.3225864
5.834167
4.791844
-0.9299788
3.888711
-0.4098061
0.3930559
1.588306
3.380648
-0.09698724
0.4349789
4.267267
-1.341371
6.01579
-1.242782
0.3489244
5.289621
4.900702
3.61995
-0.8405347
4.276268
6.475046
0.3039843
4.326514
3.911552
-0.5950634
0.5726918
5.464851
2.900623
-0.8853046
-0.6752433
2.907626
5.848235
5.401512
5.828075
7.115254
1.117928
4.307248
3.192064
5.864616
5.955103
4.054842
4.278406
1.785212
4.541933
3.804801
6.371188
5.977855
-0.5516138
7.317293
4.610611
-2.104331
4.01362
3.860617
-0.9433989
3.897152
2.925638
2.321916
5.893854
0.9294138
-1.316237
2.265786
5.303426
3.779947
5.532112
-1.071035
4.90282
1.132514
2.689279
-1.69954
4.619668
4.933031
5.614992
3.837289
6.212622
5.675077
2.809486
5.106195
5.628998
0.001425116
4.051871
6.489465
0.5178731
2.220071
0.8736809
3.944804
5.553157
-0.4238105
3.492616
-1.144042
11.03912
0.08755226
0.01825828
1.115405
-1.435688
4.911892
-0.1775158
4.456923
3.561749
4.259627
6.046822
6.003135
-0.2851805
4.433139
6.705028
0.7262036
3.04981
-0.9566616
-0.03849762
-1.43927
-1.280652
-0.4530833
4.990705
5.296819
0.5537658
6.295932
0.2372056
0.077395
4.135063
3.818152
5.002914
-0.3275368
0.08194079
4.447719
4.667947
3.948452
0.9151754
4.168682
-0.1699194
-0.225142
6.016162
5.599557
6.066398
-0.2062117
3.351339
5.317453
1.090168
-0.4469231
4.803076
4.209967
0.9906268
1.329328
-0.00169166
3.325704
0.8951753
-0.5475196
4.37302
-0.6546189
3.417912
4.890847
6.246248
0.7878748
1.287186
6.969086
4.982814
-0.7561709
3.738239
5.487002
4.891026
5.407742
6.748426
0.419319
1.362742
5.181463
-1.290523
-1.393043
3.586367
5.614466
6.114472
