4.047512
6.814293
4.914204
3.932813
4.755409
1.605887
1.029826
3.513576
5.028424
6.035733
4.194327
-0.09415055
-0.09148847
3.460648
4.865429
2.563154
0.6388625
3.263675
4.464289
5.669856
4.158121
6.82138
5.199403
1.464877
4.401286
-0.8821503
6.207105
3.996439
0.084704
4.442121
0.470531
5.658983
5.194286
5.521142
5.052092
8.2561
5.430744
-0.08563136
3.057281
0.5851759
4.963389
4.91315
1.201505
5.821884
0.8608492
-1.041411
5.899105
4.385169
0.05577607
0.9070749
0.3655288
-0.3557195
5.477444
0.614714
4.921676
10.3634
-0.2064161
4.643513
4.21681
5.652215
1.796298
4.747421
0.1466289
3.466338
1.550012
5.530082
0.8397176
5.385197
7.112335
4.635208
5.755998
0.7517603
4.258672
5.818751
4.466272
-1.158804
5.7272
3.97573
4.490463
6.615813
0.2628052
5.207915
3.639043
-2.347023
5.278244
0.1683272
-1.867878
5.285314
5.351658
2.047546
6.459389
4.684612
4.93629
0.368007
0.9137938
-1.344932
-0.7334531
0.3251951
4.914253
6.525121
1.34693
10.27206
3.42947
6.013379
1.375989
6.199737
0.7255166
-1.65471
4.025329
0.63343
5.387072
5.66442
-1.599638
6.735859
6.050801
-0.2069148
-1.153537
0.1998203
0.03577504
6.01334
4.838369
4.003613
5.087446
4.713098
-0.4666052
3.49747
0.5584649
2.811059
1.071106
-0.1132531
6.617433
5.307178
4.595368
4.067279
-0.5052383
6.480057
3.775207
-0.7298011
7.242436
6.128906
4.87295
4.868712
0.907017
1.009851
0.7464888
4.990055
5.056866
-1.347499
-0.5783429
-0.5551883
8.576019
0.3783355
5.792891
5.045439
5.399358
-0.83592
6.287514
0.3291986
0.2359477
5.652039
-0.3089912
5.245298
5.210392
-0.94589
5.501225
5.110652
0.9917885
0.7151773
3.910557
3.882339
3.187113
4.652067
4.258117
5.637047
5.336888
-0.5700809
-0.9288211
0.1621514
-0.2414309
4.850291
2.764416
3.901924
5.163707
0.4256989
5.385141
3.034935
5.500586
-1.085302
4.818456
-0.7420823
4.594439
4.587525
-1.240749
4.367477
4.530273
3.197423
-1.397994
9.59801
5.404202
5.935122
-2.960998
-1.171162
1.098226
5.070036
5.87423
5.455144
4.096284
7.337342
-1.339572
4.626844
5.11169
6.078982
-0.341629
5.173124
6.717619
4.202408
8.241389
7.157796
-0.2159337
0.2835225
7.554923
-1.087709
6.336876
5.081174
5.444452
0.874117
3.968134
4.580236
3.444759
-0.7871598
0.993508
6.272218
-0.05388855
4.344239
4.022095
6.418651
4.761158
5.372976
-2.434724
0.07926087
3.931137
2.054644
5.407788
6.83541
2.500073
-1.613005
3.319582
-0.01998394
4.204824
6.951459
5.447706
8.108057
5.444525
-0.2688477
4.07744
0.3739512
-2.465546
4.777912
11.47396
7.487866
5.671313
-0.3554075
3.515562
7.457219
6.326476
3.005997
0.9893663
1.100947
6.636436
4.008331
4.327498
4.765141
4.638165
5.135945
0.9476837
-0.1755326
5.169116
-1.279904
4.165771
9.15606
4.502521
-1.265939
1.113127
0.6118079
6.085658
3.193066
0.6408265
0.4418771
3.858321
11.50906
-0.6674574
4.835639
4.627646
0.2201832
0.4342257
5.206512
1.143708
4.036779
5.636407
-0.8305341
4.187279
6.345687
-0.4509866
1.402965
5.127036
-1.072779
1.218712
-1.066821
4.79796
-0.8562162
5.217139
3.99762
1.028627
1.52076
1.519403
5.471028
4.462128
5.011878
-1.024112
3.212692
0.8164143
4.255385
4.777097
-0.8753384
-0.4801152
-0.5076323
0.7273122
1.54219
6.785604
4.743155
4.320438
-0.2436006
5.209342
5.096498
5.062634
0.5083542
-2.763381
5.47814
1.387914
6.466715
0.8828916
4.580032
4.881527
-0.4300516
3.02883
7.21384
6.17457
-1.431247
4.973113
-0.9601518
3.901706
-1.044256
-0.5727188
0.07008412
5.294834
1.291136
6.041871
-1.024026
3.751101
5.619099
1.141653
0.270542
1.824549
-2.009358
-1.028111
5.602638
3.878151
4.790734
1.158235
-0.1141044
-1.559622
0.6842228
4.964691
8.397661
6.371449
4.490781
-0.06627188
0.2093145
4.924121
1.190469
-0.8325458
-0.4787385
4.670147
8.95946
0.7753628
-2.294174
4.988669
3.016474
4.947038
3.633708
4.515028
-1.858702
1.07202
1.407365
2.302115
5.504257
-0.14721
4.78217
4.067364
4.002641
5.975827
5.245814
-0.7779512
-0.5231414
4.970702
4.77459
-0.4635664
4.665414
4.029404
-0.9224185
6.319926
0.9942098
0.6335488
6.286398
6.927949
-1.598681
5.060708
3.042089
0.932751
0.6218931
5.400528
2.63094
-0.1958289
4.276096
6.294484
4.428131
0.8852324
4.554758
5.534746
-2.503547
-0.2102034
3.350142
6.463056
0.6409928
5.324889
0.8313892
0.4679065
6.412558
4.796751
6.239406
4.189628
2.727503
6.116366
3.697303
-0.8899561
0.4115557
-1.049662
-0.2772369
5.225209
3.337118
3.624058
0.6574211
-0.4637219
1.583703
4.688516
8.041466
-0.8280877
4.574702
-1.716055
5.535532
-2.490164
0.3053097
8.49592
0.268334
6.906431
6.378997
1.439687
-1.03342
4.371397
6.722763
1.76458
-0.2829996
4.923992
-1.149143
-4.869559
4.43001
5.063913
4.715241
6.354703
5.775759
1.786403
4.874731
4.423591
3.477304
3.969176
4.195022
5.375064
-0.9887581
6.030708
6.919249
0.7948847
0.3676466
5.693233
5.154298
4.69197
4.583432
6.16585
5.126653
0.8727429
-1.370238
