4.237354
-0.1557453
0.8553607
7.713729
0.3517435
7.188503
-1.534954
5.336299
6.196305
5.678181
2.03854
-0.9454876
1.029014
4.898493
5.124092
5.822304
0.2921607
5.248973
3.012
4.64409
6.594668
5.695568
4.774512
5.795846
5.993347
3.3761
4.664036
9.787862
3.100753
4.272384
4.073277
-0.5705804
4.898146
6.761365
4.431081
0.3233411
4.346576
1.358372
0.7637836
6.16118
2.61153
3.838926
0.3196493
0.7201182
-0.05923966
1.180254
-0.5762187
3.715031
-0.0056917
4.252406
4.853435
0.03070858
-0.01292092
1.362411
4.897169
-0.7385861
1.071496
-0.1121812
7.785091
4.354935
1.081913
3.95835
5.998296
-0.1929755
-0.4490325
3.718136
1.02424
4.972881
7.248004
0.3306227
5.667118
7.92949
3.988047
4.311072
6.921826
1.22177
5.501883
-0.5762866
4.14868
-1.480107
-1.502744
4.670761
-1.836483
3.939187
-0.8330197
3.599592
5.346333
4.089399
6.133742
5.029337
4.931877
5.889006
6.501906
4.479819
7.748
6.030751
0.245454
3.985261
0.9880423
4.65432
4.578205
-0.2485512
-0.03687583
5.556361
-1.816687
-0.239664
6.241063
-0.5842403
3.992622
3.987662
0.5157067
5.840036
0.254884
-0.9247746
3.144838
5.466137
4.727523
3.799025
6.851312
-1.040518
6.84955
0.4720351
0.3802369
2.891351
-0.7629372
11.31605
0.8602039
-0.939481
1.1761
5.479172
4.38831
4.531508
4.259828
-0.1624174
5.185774
1.782812
5.253199
-0.0490175
1.060979
5.26516
5.000225
0.7618256
6.011788
3.022593
0.6064074
3.549561
-0.1571759
5.661884
-0.00343897
5.489755
1.337301
3.898451
0.4468653
4.467666
0.2024544
-0.8672713
3.810161
0.3956828
1.142509
0.09526414
4.35142
-1.446159
3.574801
3.698656
5.734156
5.174501
3.650948
4.405465
3.321517
8.034477
5.231105
-0.8955085
5.34993
0.3046579
4.709883
0.3023452
5.104851
5.21546
5.072422
-1.575311
0.6044448
5.419438
-1.306173
5.444312
3.278811
5.767487
5.953321
-0.8351826
4.975925
5.685481
7.908704
6.175096
4.812674
0.9196181
4.058271
-0.1725383
1.425853
5.620205
5.00694
1.948137
3.083805
0.125571
4.721097
4.685543
-0.3308772
-0.6455777
4.466627
5.467575
1.979922
0.5442606
-1.226608
6.851464
4.099921
0.2809149
-1.182868
-1.183933
-1.322973
5.082079
3.448115
7.224383
5.358263
4.076739
6.015057
5.755101
1.07933
4.165733
3.579434
0.4118246
5.040509
0.7147209
2.577713
5.335227
5.176115
6.038598
5.800517
-0.4960481
0.04515856
4.329825
6.663745
0.4705515
0.385532
5.68439
0.4434511
13.07206
-1.678481
1.190158
4.916662
3.440023
6.878013
0.7901998
