-1.55927
1.841478
6.112817
6.144492
5.636617
1.399661
-3.048254
-1.700878
4.294909
4.077032
0.6650196
-0.02218839
5.624169
4.653345
5.555816
6.011227
-0.7349408
5.481547
0.04585994
-0.3004318
-0.5839063
5.237197
4.082177
-0.6155728
3.364069
6.008473
4.067417
0.7069231
4.257056
-1.483729
5.68655
4.817178
5.363927
5.795251
0.5563474
4.992566
5.006582
4.83669
1.016673
0.2231048
-0.5692194
4.964393
5.320943
8.753614
4.331845
-0.9982093
5.736083
1.559213
5.028135
6.738369
4.11163
-0.5641555
4.22585
4.81683
4.523796
-0.1105702
0.7544429
0.693025
5.672058
4.954872
-0.4958345
5.118713
0.4963863
1.135077
6.447225
-0.07645967
0.5369225
5.756411
4.577729
-2.376651
-1.91557
7.354294
6.498965
4.772067
7.145614
1.531826
4.646719
0.8793401
5.660729
5.696573
5.053444
5.641666
3.9321
-1.007122
4.834446
4.131444
5.046946
6.165523
4.542421
-0.3260998
5.818725
1.959555
3.851296
5.90824
0.2647191
0.4917661
4.143169
4.612646
0.6700018
5.630142
0.7003874
7.634192
2.216639
-0.2606322
0.5222895
6.877754
6.745566
4.381344
4.502771
4.1174
-0.9229077
4.65794
4.669811
3.499366
-1.111079
4.222006
5.867299
-0.4156301
8.594291
4.411678
4.41443
5.833856
5.67052
5.193676
4.111932
4.620733
4.017138
4.122279
5.822256
5.888606
1.795835
4.646225
-1.231213
6.315845
5.634618
-0.263494
-2.14426
-0.9812647
6.536082
-1.393169
5.096678
5.619689
5.227906
-0.4062898
6.236084
6.92721
4.915914
3.926587
-1.22306
-0.398045
3.984346
1.212925
4.540626
2.722174
9.701238
1.433992
6.048897
5.682973
5.06272
7.107414
-0.4914856
-2.036524
5.167019
-0.9286709
6.132487
4.866126
1.246206
5.359764
5.311867
4.758838
0.3566375
1.614216
1.476926
9.480703
-1.46993
5.27454
6.316895
4.606367
-0.2464343
4.557622
0.8679748
0.4565413
-1.170563
-0.6959996
6.008969
1.512035
5.784312
4.381807
4.457512
-0.3811328
6.417141
5.43015
-1.283333
0.6033949
5.333527
0.4436299
4.106818
1.419465
9.732957
6.578736
5.373562
-0.6709338
0.9614003
4.07259
5.095683
4.779073
0.6802452
0.05047511
6.181256
-0.08541656
4.471787
6.07075
4.416574
5.86912
6.222278
8.376263
3.420615
4.108404
1.203881
-0.5418482
0.9372228
0.7899733
7.62947
-0.01604811
1.100597
4.988744
0.6013298
4.522811
4.798898
3.635593
1.40055
2.018827
3.765804
6.291503
6.804467
3.577969
2.539474
4.524801
-0.0471175
6.726558
5.141313
-0.3011953
-0.2906613
4.728833
5.658179
4.190844
4.96373
3.976026
4.407934
5.948292
