-1.255494
-0.142273
6.107524
5.825544
0.05413059
5.060624
0.4633246
4.34112
5.333883
6.014936
3.193473
7.095054
-0.02475235
-1.541792
0.8350018
0.3031419
0.1052461
0.4196462
-1.736157
-0.1642455
-0.5636544
6.293844
-0.02951032
-1.595566
4.346192
6.1207
4.38974
4.739702
4.144964
4.722428
3.24669
-1.943387
2.095212
0.3912139
0.254075
-1.261537
2.209392
0.3594522
3.420078
-0.6529727
-1.128669
2.535475
0.3235171
5.888361
-0.6494928
0.4813929
1.240798
4.335926
5.01829
6.404429
-0.2731957
2.462246
-0.0336925
-0.1070183
-0.07087185
0.7232524
3.42472
0.1617368
4.893923
5.455798
8.430108
4.063554
-0.1340321
3.966617
5.423606
-0.4899619
-0.6886287
5.094287
-1.708026
1.241993
4.422437
-0.9447451
4.626981
4.694301
4.466526
-1.90982
4.355899
5.085767
0.531295
4.067089
3.401471
0.3653133
4.310382
3.638163
3.69682
5.777045
4.826142
2.17753
5.87489
5.30517
0.04548615
5.374594
3.599151
5.476297
-1.441956
0.2937525
5.51288
5.075669
1.192139
5.05515
5.385108
1.516226
5.365643
0.1728173
4.705775
4.631622
1.053823
5.811618
5.044756
5.863935
5.294714
4.823524
-0.3564988
-0.5467168
1.108367
-1.844858
5.259726
4.358596
-1.799051
6.384116
4.57843
-1.304105
-0.1622347
6.092622
4.819006
5.331286
0.6870967
-0.04552944
4.274102
4.57038
5.305686
1.489444
5.39066
5.028188
5.920029
0.8623386
3.145589
4.832218
4.375732
5.682221
5.82413
4.841591
6.55568
-1.69574
4.306259
4.896328
3.639121
4.376684
0.1311745
5.372492
-0.3573601
-0.5394893
-0.2779391
5.216361
6.134355
0.3210126
0.9683645
-0.8615082
1.011545
1.82359
6.610927
4.995751
4.168214
4.215326
5.257151
5.954211
4.484435
4.15893
4.022686
-0.1925587
4.140924
0.3159733
3.752384
-0.7383698
4.740024
4.966331
5.105474
2.03433
4.712304
0.1429494
-0.4749576
2.08177
0.4851862
-0.1761637
5.941183
5.056128
3.274797
0.6714413
5.136642
-0.7814917
0.5999785
0.6112872
0.8557997
-1.507897
-0.6046615
4.669875
5.079915
-0.2033015
0.01630427
3.331822
-0.09786629
-0.7917495
-1.95337
6.936703
5.542867
4.501592
5.650003
4.886106
6.294385
4.040528
4.951906
4.234422
0.7524583
4.553019
5.762262
5.719493
4.646962
4.638502
1.08598
5.786306
5.800155
1.349763
5.637317
8.042853
4.457064
5.368611
4.687082
0.4054309
-0.6053164
5.271781
-0.9527073
-1.234349
6.010393
4.56496
5.222458
5.098523
5.589262
-1.034638
4.731805
1.773914
4.488271
9.865045
-0.6557843
-1.039036
3.841683
5.848671
6.142701
-0.1372661
5.772783
6.130283
