6.690166
0.3038713
3.912639
1.674975
0.6126758
0.04286975
0.06960586
3.690761
1.514352
3.439027
5.717804
4.618995
0.9690939
0.04814372
4.662132
4.722227
6.519468
-0.1942631
-1.59307
3.537863
4.193615
1.057806
4.812558
3.561838
4.692712
4.832105
9.409196
4.978896
1.174315
4.15028
3.126774
-0.07647716
1.254674
5.891962
6.243293
4.176156
1.099172
5.614335
-0.7654116
3.522499
-0.1765031
6.593939
4.099862
-0.8656815
0.8578356
-1.401765
3.964423
6.788478
7.131337
5.259629
6.068916
3.371073
2.024536
1.79184
-0.459744
0.08888856
0.4737564
1.11943
2.476219
0.6476002
4.822933
5.130919
5.814412
-1.701826
-1.047921
4.332132
5.721909
1.090487
0.5447369
-0.1147709
6.604143
4.794857
3.991126
8.764482
0.6978768
5.415588
-1.032874
-0.06770798
5.275819
4.62853
3.601031
2.138801
5.386401
4.888197
4.582452
5.830249
3.365158
4.244002
-0.2206487
4.631601
6.453742
4.13453
2.616408
3.724547
0.22037
-0.2157547
1.945333
4.839228
4.619359
5.657344
6.174985
1.707721
5.339957
5.130703
-0.394592
5.665105
5.390441
5.091453
4.879243
4.438906
-0.8366865
-0.8977222
3.938491
5.208133
0.3541054
4.831472
-0.7871836
-0.8772785
4.890905
6.307618
-1.792325
1.237667
1.013323
7.114183
0.5968142
8.350644
0.9898455
7.030768
4.850171
-0.6760802
4.347066
4.27167
3.668523
5.222689
3.807087
3.913482
-1.298488
6.578819
4.070562
4.774773
2.245097
5.623072
-0.1387855
0.913693
5.902231
0.4541765
-1.020872
7.021361
0.1751592
-0.747705
4.898257
5.444577
1.651778
0.2086354
3.789879
0.2955646
4.995216
-0.7763225
0.0212603
-0.3695177
0.01170289
0.4035519
2.883467
-0.7878796
5.642672
-0.04729205
5.145026
-1.991679
6.230963
-0.006295889
5.860693
-0.663343
5.742167
7.77157
0.15709
1.887827
5.008111
-1.024493
0.9975555
0.1583677
5.374558
4.097017
5.285605
5.471071
-0.3097938
-1.815478
3.816781
4.509478
6.867276
4.286374
3.423859
5.718129
-1.626525
4.540281
5.618779
3.773642
4.520249
4.155002
5.966472
0.1532141
-1.001979
7.004165
-2.555071
5.294047
4.828241
-0.1051346
0.2833607
0.1440644
-1.238225
0.6719721
0.8000615
7.220981
4.832906
3.20994
7.438211
3.649217
-0.8615774
3.711647
-0.4724595
5.691901
9.403074
3.699472
1.5908
3.433882
5.976868
0.8608444
6.024352
4.585391
0.004451359
-0.1755185
0.07299009
-1.174318
4.635932
4.581449
4.987898
0.40047
5.263
3.940687
5.071521
0.9220163
9.874129
-2.627672
4.408028
4.135801
-0.8893538
0.1016926
6.838044
5.293702
4.990384
5.674711
5.390466
-1.163947
-0.2001349
0.3571491
3.979649
0.5935235
9.521141
3.397322
-0.7782918
6.291947
-0.4188957
3.564033
1.247089
-0.2513632
0.3610073
0.5397255
4.024229
4.349719
3.653307
5.586689
4.808792
-0.4093828
5.47328
2.676387
4.591949
0.8422258
5.238044
4.387072
5.829205
4.916282
5.459342
6.1581
4.029152
-0.02461987
1.341313
0.9852741
3.864418
6.364546
-0.3387279
4.822626
5.427983
0.1317293
5.731369
4.999838
5.611651
6.088167
-0.4845208
6.340988
0.856501
4.732005
1.19736
5.478295
-0.9662179
-1.907301
6.210522
4.053338
-1.741781
4.183532
5.603123
2.835336
-0.7267824
4.444693
0.9857195
-0.5020003
5.191899
6.499721
-1.000921
5.97888
5.076797
-1.08716
5.384099
0.6198412
7.68197
6.28568
4.902499
-0.9390472
4.527537
9.844244
6.162564
0.416253
13.37058
0.05201446
5.032894
4.350481
6.988799
-1.075256
5.09316
4.122745
4.99459
5.293972
4.606079
3.875935
4.926772
-1.78358
-0.3135564
4.327662
5.119484
0.6556072
5.627596
4.435719
6.910373
5.516383
0.8490463
-0.9701012
0.7558765
5.628472
0.7767265
3.94448
2.013356
-0.4564663
4.715793
-0.1173512
4.024747
6.023655
1.448691
4.92495
5.307918
-2.365234
-0.867283
4.003126
-1.407651
5.338286
-0.6825609
6.988207
-0.4491214
0.4505076
-0.2530291
0.6240909
5.766261
2.863513
4.443457
4.720694
-1.709795
5.164358
4.165708
0.2596853
6.655668
6.461188
4.614902
1.059447
0.8032268
-0.2231514
5.647872
-0.4951379
5.08044
0.2246476
3.266252
-0.09404703
4.898382
-0.04802824
4.936865
7.468544
4.929942
3.31495
6.272377
5.256055
6.000892
4.459106
1.60891
4.308864
1.257989
4.086701
-0.5747963
-0.6787123
0.6307087
9.869544
7.319437
5.480266
5.20131
8.693196
1.093396
4.216945
2.22302
1.830674
3.776414
-1.850858
3.197997
-0.5516857
-0.828724
5.155199
2.6261
-0.892877
5.275972
-1.85709
4.971019
1.132662
-0.2408135
-0.7272459
-0.6367166
5.904954
-0.1359899
5.392909
5.123405
4.476171
-1.075223
4.011385
-0.5780687
4.380673
6.009124
4.36483
9.935879
6.260539
5.442857
1.917361
1.163632
-1.278454
5.185092
1.118058
0.6603448
3.828303
0.3002627
0.4488654
-0.6631864
4.891945
0.3631055
-0.550783
4.067013
4.184181
0.6581609
5.181339
4.422719
5.127123
4.585218
-1.535083
3.845792
-0.5727351
2.632053
-1.343164
1.06383
6.711952
0.6295101
5.395663
0.7399952
-0.189538
2.983839
-0.9498555
4.957242
4.588936
1.278988
-0.4435972
1.691868
4.841038
0.07375903
0.5817663
1.945081
2.941921
6.55779
-0.2748394
1.055304
7.412341
