1.01393
5.746755
-1.298329
0.4323512
4.09021
-1.908859
5.30268
6.793921
1.3698
9.252342
-0.1691269
1.611243
0.4761576
4.252951
-1.207132
3.762282
0.9538723
1.087193
4.973651
5.608105
4.985901
-1.43244
-0.225657
5.318476
5.215378
5.287615
0.114198
0.6917946
3.774617
6.622865
1.146273
4.082003
4.303638
8.385063
4.150959
5.041219
-0.2736213
0.787116
0.9360298
5.274017
7.070601
-1.608057
5.688277
5.422525
6.440076
1.794328
4.055247
-0.4963168
5.671785
5.687645
1.491169
4.132884
1.146483
0.846916
1.324923
4.040466
5.734403
6.373105
4.272006
0.8163035
-0.8718833
5.067964
4.647727
0.07004582
4.264842
5.044045
-0.9941673
5.844705
4.378023
5.070139
-0.5592563
1.242014
5.209553
0.8033036
-1.427002
3.247194
5.271732
2.933046
3.256335
4.50785
5.397978
0.7479297
1.154012
4.64439
1.700705
4.68121
5.587467
5.214867
5.947007
2.941395
0.3849317
0.1389485
-0.08460281
2.969467
1.0436
-0.664137
5.659614
4.577153
4.755226
3.482768
2.72889
-0.6336182
4.755666
-1.73235
0.2614925
6.885073
0.4814345
4.24765
-0.9752594
4.400149
-0.7061041
7.039024
-0.560207
4.562894
3.357848
0.1514606
-0.1942289
0.03960039
0.9089226
-0.6414546
5.741208
-0.2051697
4.078937
-1.378427
5.575784
2.269108
4.691198
-0.447187
1.705899
4.55471
0.09422007
0.4161012
6.838788
7.637967
6.045191
-0.8037832
-0.5969179
4.357072
3.941408
-0.1698097
5.25189
5.973561
6.609689
0.02793362
5.611075
5.639433
-0.4909129
-1.214139
6.029334
4.655094
1.269814
1.785558
5.290071
-0.8717218
-0.04335403
4.098576
-1.430304
0.8956776
-1.431264
-0.9233707
6.011877
7.363433
7.907496
5.504675
3.378646
0.8204716
0.7579225
2.507152
4.221356
-0.2822802
0.3592938
-0.2076119
0.5704843
0.0550726
-0.9762674
6.349943
5.940169
5.638769
5.586262
0.8235144
3.854134
6.194859
5.107909
1.716092
4.643774
6.267091
2.820092
-2.00461
-1.062859
5.989354
0.02894041
0.713318
5.276496
1.304173
-1.006757
0.5328814
0.3175567
5.192243
-0.411068
4.58719
6.707277
5.265636
5.11605
3.959756
4.535903
-0.9676998
1.001871
6.25741
4.628775
2.908628
2.220857
5.583169
4.38976
5.313939
1.977997
7.990431
0.02015256
6.06253
3.539095
1.081227
4.105945
0.2176611
-0.9925059
4.269624
3.675199
0.0691767
3.050686
0.6980462
4.893918
5.416778
-0.5148798
4.251585
9.00687
4.865123
5.836583
-0.7834407
-1.521993
2.620523
-0.8448525
0.01239304
-1.509906
7.103964
4.996051
5.368293
6.174678
4.124471
-1.470553
3.145343
-1.110058
-1.432766
