0.1380081
-1.330159
0.3064641
4.811224
6.82063
1.438977
4.75271
3.055898
4.746596
6.448899
0.5772375
-0.7869834
6.665739
5.811625
4.332282
-0.1100777
5.891389
0.0284702
-0.6063944
-0.4560599
-0.2307823
-1.099986
5.428257
4.355117
4.33214
5.362099
0.5015115
4.905273
4.53336
-1.326277
5.942151
0.253836
0.9342548
3.965184
4.267374
2.903691
-0.01332685
5.174539
0.3796988
4.493254
5.66322
-0.4156381
-0.9893452
-0.7939455
3.718966
0.1454162
2.70202
-1.491259
9.948908
-0.6108677
4.267194
0.6653091
4.881004
4.632283
-0.8631859
5.696478
-0.2674952
5.600623
0.2881658
3.712049
4.025893
-1.461514
5.578044
6.093082
0.7088361
4.726902
5.44675
5.12394
4.765426
4.653841
4.657228
0.3242633
3.561492
5.250318
4.101104
3.735609
-1.791444
4.619894
0.1631577
-0.2143033
4.199375
5.674278
4.732157
5.367637
-1.387706
6.524191
4.213849
5.279938
-0.09260211
0.5124008
2.266898
5.695203
0.5385969
6.307157
8.787444
4.186669
3.608184
4.374741
1.396752
-1.259051
4.197166
4.791377
4.113073
4.439645
0.9161326
6.500138
3.759965
-0.7951947
4.685383
-0.5991319
5.794933
0.4610246
4.745556
4.78278
4.141882
5.206715
7.000337
4.202644
4.020441
5.325147
3.693247
0.5388186
0.4081204
6.729641
0.4987359
-2.046429
-0.5815802
0.210316
-0.2984955
5.661927
5.333631
0.4691964
3.882489
-0.325188
-0.6232389
2.000239
4.963038
1.84855
0.02477025
7.4102
4.990826
5.688136
5.323949
0.4043695
3.233514
1.010298
6.431634
3.779636
5.35551
-0.3964603
-0.6970631
5.409758
0.8125889
3.818432
7.191591
5.740246
3.567839
-1.56567
0.2902224
7.209359
-1.262318
-1.624987
4.931884
3.749792
3.817003
-0.5498445
8.08476
1.646571
-0.4285931
0.04951479
-0.8447764
-1.713066
0.4566734
1.334682
0.2606433
-1.666841
4.443442
0.1707826
4.148147
-0.9407176
-1.063196
5.708912
3.52129
8.601094
3.78796
0.007954623
4.727305
6.246268
5.659466
1.02099
5.255397
1.730733
7.395666
3.990957
5.179687
-2.156512
5.622287
1.241942
4.070107
0.2506341
-0.2921342
5.449936
4.199801
-0.2084252
0.06578045
0.6639697
-0.2264345
1.710667
0.4986468
-1.298273
4.578558
-0.7189321
5.13805
4.11262
-1.14651
0.5339279
5.363216
0.8554865
-1.201491
0.4323459
5.152499
-1.668162
5.278208
4.329058
2.726276
5.26234
5.312028
0.5094579
6.942189
4.364085
-1.539243
1.790694
-0.3800076
0.5603194
6.7799
5.180988
6.204791
-1.385253
1.282894
0.1248735
4.406977
7.781119
1.076925
-1.964427
6.966972
5.359023
0.4938652
-0.8830889
3.081271
4.268534
6.119101
0.6943529
5.68279
0.054823
6.305592
4.541697
7.046567
5.316304
6.038441
0.4202298
5.871044
8.024847
4.807276
1.243414
6.57781
-0.7156024
4.987758
5.325624
6.484456
6.24297
4.381094
4.204328
6.775517
-1.641825
4.543609
0.4824726
5.851367
0.6394903
6.683154
-0.3614805
-0.6227529
0.4108762
5.592497
-0.1406897
6.009455
5.146343
5.250872
1.331285
-0.778987
8.038546
0.5830302
4.757695
5.648568
-1.466641
5.122647
6.556278
4.931274
1.791604
5.946205
6.864089
4.993003
5.795933
0.7181699
-0.1647308
8.682689
5.821116
5.039496
1.15825
-0.5103195
0.648139
4.925931
-0.02612826
3.972551
5.657417
4.801015
6.307565
4.972016
-0.01017878
4.836445
1.717248
-0.3758204
-0.4272418
5.104747
3.979639
6.029815
2.229534
0.4117354
-0.6735792
0.001445684
4.873125
6.208885
-0.3310017
4.445561
-0.551293
3.712264
3.68793
2.367508
4.633281
-0.7485884
0.4372204
3.910975
5.172385
0.3861909
-1.028077
5.099256
5.943221
3.509425
6.37618
5.23631
5.134398
0.05573379
2.867338
-0.6778607
4.435882
-0.85846
4.538283
-0.05966965
0.7942714
3.627366
0.1398217
1.966987
4.645362
-0.5335239
0.8654851
4.877888
4.700384
1.312363
1.181752
4.767296
5.098362
3.535565
-1.609312
3.00047
4.776916
3.599581
5.016362
-1.079503
4.383464
2.475384
5.418207
-1.965016
-0.4830113
1.143288
-1.172109
4.033508
5.20021
1.342164
4.168581
4.978788
5.151302
-0.03872226
-0.5258322
5.400723
4.611698
-1.152904
1.927002
4.060754
3.497474
5.338361
-1.074982
0.5747121
0.3442871
6.911908
0.5694778
-1.179267
1.322661
3.612971
3.455819
-1.259002
4.737326
3.634913
0.2948134
3.835027
0.9715528
1.076884
4.619959
5.963479
4.489335
-0.7941125
4.579413
-0.8177315
0.1690509
3.813935
5.023067
5.713036
6.266648
5.233742
4.411261
1.151248
5.088612
4.701115
4.366182
2.134481
5.972197
0.7762492
7.392476
6.076462
5.426399
6.632809
0.9066828
5.217141
3.590862
0.02369997
5.092571
4.246609
-1.968004
0.9282467
9.097368
0.8402256
5.740653
5.248457
0.3871687
5.220291
-0.6678638
4.177691
1.843409
1.907965
6.245824
6.482212
4.600838
-0.09900213
-0.1300444
7.481571
0.4256027
-1.459424
4.77835
5.392796
5.314206
0.5250578
-0.1588106
7.222742
-0.1029714
-1.616801
5.270219
3.563505
4.459048
4.767597
7.851325
6.861356
-0.08769703
5.246375
3.554543
-0.3267775
2.693378
5.929645
4.950539
0.2865468
4.54724
6.223855
-1.979245
0.2461687
3.632812
5.143605
4.390724
-1.005754
0.6095107
1.089611
4.255087
5.231553
3.886322
