-0.01986572
4.363042
5.691286
6.153845
0.2138192
6.458848
6.155995
3.959092
3.622119
0.07410399
5.000003
5.862997
-0.2992875
9.885579
5.357688
-0.168602
0.006411604
0.7256838
-0.1969237
4.405341
-0.7316295
1.636843
0.8112367
6.441867
4.008234
-0.8409308
5.693911
4.365845
0.8754305
2.401948
4.721071
5.302139
0.4379858
-0.8818711
-0.3260166
4.647178
5.172148
5.69486
-1.563299
5.939109
6.017415
1.457799
5.712625
-0.3048481
4.224513
4.173863
4.529051
-1.268464
4.832831
1.255149
-1.719923
5.059104
0.596185
-0.2155961
5.419216
5.000064
-0.4027423
0.2617994
-1.468383
2.985915
0.371441
5.009144
5.604155
0.2714638
-0.2463775
5.875488
4.73376
4.842463
-0.6239374
6.317587
7.570155
-1.138126
9.50559
5.150963
4.880872
5.319804
5.375552
0.5237142
-0.3872383
5.688174
0.1324505
5.198301
4.380014
0.6924004
1.16991
0.0612051
5.19884
5.528287
5.812426
3.570793
6.325073
4.726692
3.874405
2.495583
5.198459
0.08259748
2.844423
0.3954316
6.028616
4.539061
4.687246
-0.5859635
5.447739
-0.3101584
5.996756
-0.312306
-0.933638
-1.073712
-0.3247002
5.068776
-0.04147673
5.09853
7.641442
4.923843
-0.21883
5.31782
3.57822
4.170027
5.28716
4.583934
3.58707
-1.923746
3.929846
6.376193
2.006676
0.522826
12.12739
-0.5734741
-0.9628224
4.771982
4.405821
4.891089
4.977127
4.787791
2.917252
1.081535
0.5484808
-0.6185949
7.092297
-0.5874555
5.086468
-0.8842358
3.001232
1.326818
3.606281
0.357244
1.127753
-1.122852
0.4635967
5.591317
4.203623
5.220952
-1.404375
4.315632
5.667885
3.777986
1.224991
3.244071
-0.2304732
-0.5368446
0.8066589
-0.7350582
4.860186
2.061485
8.731015
5.951431
0.9298903
5.949746
-1.53806
0.6976198
5.133302
0.1356762
6.060055
3.382931
1.198941
5.610615
1.386785
3.554941
4.740595
4.550844
-0.8606484
3.28407
0.6940313
5.33229
-1.58377
6.106852
0.5590236
3.821538
3.829459
3.653039
6.053017
-0.1756724
5.423381
-0.2515305
4.854326
-0.325964
4.280375
0.579932
-0.4781368
0.3714537
4.452829
3.457721
5.055883
4.744458
-1.173205
4.032961
0.7346929
4.169197
7.671669
-1.892094
5.359899
-1.385011
0.9678802
0.841027
1.063416
5.276748
5.492976
5.495207
5.530592
5.951441
-0.06462085
-0.5147656
3.786431
4.072797
4.541141
5.263941
5.270792
-0.05677519
4.980454
-0.9877212
-0.6698097
10.02664
0.7322805
4.239675
4.722138
-0.7638178
-0.1012751
-0.2431969
4.678257
6.14324
5.157574
0.126625
5.615989
5.44291
5.26062
4.734107
0.4152745
0.1392869
1.602126
0.5504967
5.059013
2.242167
5.380938
5.44489
5.588708
0.9473259
-1.103332
5.032014
4.370402
3.517445
-1.339556
1.97046
5.6765
3.441208
3.833011
5.451518
-2.147484
-1.242134
4.803973
-1.380267
2.178011
3.796002
4.298097
5.718377
6.435572
1.059428
4.382947
5.729777
-1.348539
-0.7679953
9.416707
2.481689
5.070201
0.07475356
5.224822
4.940677
-1.41888
-0.1139614
4.880348
3.804154
-0.4020345
-0.662387
-1.375687
6.472256
4.024883
1.259458
4.824173
1.188057
0.07381373
-1.109187
4.89649
5.116433
5.45999
0.1941625
2.242041
-0.8118732
-0.9069823
-0.6066539
7.119765
-1.223889
0.1258162
6.214011
4.698339
4.488959
-1.686811
0.1136124
6.073621
-0.07538538
3.728435
5.749112
5.194063
5.459696
5.339376
6.85738
5.223317
5.525009
5.86882
4.874031
-0.06106526
4.238666
5.62941
0.9290368
3.653813
-0.02880544
5.685397
1.223171
5.821933
4.690796
3.272602
5.165293
5.292093
4.523189
3.930514
4.813195
0.004240499
0.1420321
4.334198
6.366399
0.4129028
-1.00936
2.557969
5.23054
1.325643
-0.08075372
5.526401
3.798744
0.167683
4.457726
4.480259
-0.203667
4.344919
3.630498
5.346786
4.776982
0.2005588
6.084606
5.355898
7.339716
0.3990672
0.4184348
5.810424
1.479617
-2.045129
3.198457
0.0935924
-1.169086
4.340055
4.793029
-0.06452929
1.178515
4.849721
0.5517171
6.03736
4.693789
-0.4245469
-2.195277
-1.215696
5.495807
-1.046284
4.835007
-0.5244466
0.2585578
7.155824
5.333135
-1.911677
4.328411
4.581055
3.054061
-3.345743
3.907619
3.674476
3.398843
5.3947
2.872173
2.980088
5.947438
3.24424
4.887798
4.099733
4.656465
5.029504
6.04963
-1.198999
5.976429
13.27314
5.132021
5.35409
0.1084092
6.911701
1.95137
4.749426
1.099601
5.536166
1.086755
-0.4438448
0.5962926
-0.644237
0.5286348
4.144659
3.988853
4.626221
4.812756
-1.327082
4.295213
1.770205
-2.569667
3.790164
3.222403
0.02648204
0.6178885
0.06714711
6.317676
-2.454325
5.590053
-0.8372456
1.107713
8.714636
4.216516
4.381254
3.598328
1.34841
1.273725
4.288855
1.01348
-0.5129188
4.380527
0.04006947
4.53586
4.330547
5.859078
10.16305
0.3040788
-0.1297211
7.515517
5.262737
0.379573
4.67151
3.18651
5.16884
5.543156
-0.8463098
5.898257
4.346881
2.107177
5.36766
-0.4126327
0.1889237
1.497567
3.600655
5.667477
4.100751
-1.172248
3.59782
5.727128
4.724619
-0.1810905
1.063008
6.258609
4.770191
4.854831
-1.071205
4.100109
4.225983
-0.2936082
-0.5142054
0.1912017
4.099052
6.091501
1.303172
1.785994
