4.555975
6.017131
-2.228913
5.534636
4.009446
4.891815
5.63093
-0.05885804
3.823541
6.105663
7.614717
5.256371
3.93409
5.903685
6.200942
8.547909
4.985397
6.034766
0.596619
7.026258
0.6646887
2.79123
-0.2490496
1.164163
4.53658
0.1417197
6.183345
5.831031
-0.04824463
4.487109
5.754708
3.36645
6.72885
7.621782
4.394001
5.673039
5.839077
6.367227
0.3448497
-1.473305
4.069619
7.071367
4.884111
5.21606
5.288699
-0.5541604
-0.2420127
4.118492
5.832334
7.068931
6.736035
1.328142
4.13738
3.797876
4.18678
-0.7973833
-0.8230591
5.494336
5.177902
6.075853
8.643575
6.464556
4.157422
-0.962718
12.09037
0.007477335
6.686437
1.821139
5.962779
0.7831851
1.035678
8.121679
6.147204
3.391946
1.073083
3.307175
4.035949
4.061154
-1.683805
0.1480871
5.134807
5.600673
5.076176
-0.8435714
4.950595
0.7930422
-1.240243
0.794109
2.099994
0.09804408
5.646197
-0.8456718
4.008694
-0.8121987
0.2740163
6.231359
0.1808133
4.579019
5.706208
6.16448
6.277609
3.63294
-0.1524001
5.772645
6.353921
4.630048
3.009168
0.4815661
6.538698
5.580072
4.148313
4.745565
-0.6965071
6.083246
6.589806
1.501502
0.9568843
6.113385
0.8421994
0.009751793
-1.165257
4.215501
-0.3917484
2.577038
4.008903
5.393798
-0.817168
2.938714
0.7067716
-1.028788
-0.9976038
5.952039
-0.03173334
5.398111
5.001573
-0.9296077
6.834139
2.959901
3.142715
3.707867
5.812281
4.414455
4.344693
0.4061691
1.49348
6.215788
0.9017563
5.365998
4.674706
4.663506
1.659869
5.610068
0.4703018
1.03069
5.172599
-0.03388291
3.038695
2.503759
5.583387
0.9700629
3.568338
-0.759097
-0.2460114
3.768973
5.106051
5.077818
6.012287
-0.00438006
3.715157
3.852096
-0.5963554
5.52611
6.262987
-1.423075
5.755439
1.028907
2.545807
1.019236
-0.4099352
6.059614
7.270855
5.734965
4.577786
1.682617
5.114822
0.270512
4.071865
-1.023739
1.434199
5.952012
4.626937
2.127811
4.54637
0.06216339
2.735656
4.353007
5.313961
5.734937
5.281671
0.3035329
0.4911737
-0.6464442
7.099652
0.12657
5.409354
-0.1182805
5.110548
4.217312
-2.565834
-0.5185924
0.2772872
4.706354
0.9320509
5.27733
3.08626
5.531266
5.353082
6.115607
6.893289
5.611922
4.094434
4.890198
4.294565
1.382713
0.6197839
1.56929
5.23843
-1.009873
3.736073
-0.2556154
-0.5926572
4.576828
5.362571
2.691456
0.3717396
-1.266027
0.4202592
1.567005
5.664474
0.2354699
5.221951
6.346883
5.15378
1.742003
5.131453
5.270795
-1.248806
4.717295
2.4263
5.482232
