0.178495
-0.5927027
6.40772
-0.580547
5.221753
0.3096822
-1.125643
5.319957
-0.5764331
5.228166
5.612093
-0.08235965
2.212244
-0.9049752
4.680607
3.558309
0.2925104
0.4467974
4.619574
0.7604139
7.512215
4.361928
3.319271
-0.2160631
-0.4809209
5.287286
-1.291392
3.998874
4.76503
2.719449
4.718137
3.980607
-0.5360945
5.468631
3.045913
6.447997
3.031082
5.345144
5.301847
4.640044
4.194241
3.886949
-0.3605849
4.273153
0.08397342
4.002942
4.179202
9.473789
5.179052
4.625623
-0.4370789
5.639937
-0.6160966
5.883413
3.668108
1.291414
6.899464
4.997654
0.2371867
3.822972
-1.066393
4.027039
6.62672
4.353075
-0.7630125
9.748958
6.354304
4.731896
0.4475248
5.41652
-0.9507302
5.283876
-0.6653688
4.623607
0.359676
5.35638
5.163944
6.70937
4.740413
3.649771
-1.545483
5.814045
0.04508426
5.402687
4.646075
0.6002658
4.172167
0.3279808
5.932513
0.4327146
3.879716
0.02063334
-0.01200083
-0.7130618
1.182704
1.578107
5.039752
0.7755505
1.076383
5.071892
6.606504
0.4270862
3.711915
5.822189
-0.5712995
3.402016
4.400538
5.050487
0.7011601
1.245534
0.4651326
3.692614
0.1412678
-0.6656681
4.701949
5.652999
2.739667
-0.8755951
-0.02586861
1.594079
4.426843
5.707279
4.903444
-0.1859684
4.911778
0.558004
0.9057397
1.100587
5.837035
0.3136253
3.390588
4.094732
4.171959
7.708671
1.591303
1.170507
0.1681141
1.949022
0.7767319
8.04234
8.727448
1.674252
0.1160611
1.576093
4.398803
5.604401
4.925642
1.125669
4.425789
-0.4679746
-0.1549534
4.050984
3.949828
3.644793
4.922018
6.809251
0.01973502
1.623411
0.1265066
4.774658
5.160701
0.09074361
-0.4477039
5.13475
5.132245
3.514952
4.259093
5.13968
4.355455
-0.1750462
3.514216
-0.6341612
0.8297744
5.522423
4.036722
3.686155
-0.9515494
1.055635
0.7785496
4.108983
1.016214
9.864255
4.763443
-1.876282
7.351278
7.086227
5.048065
4.170642
0.1942779
0.09015729
4.241868
5.84363
6.24866
0.9895712
-0.1285793
3.875454
3.826014
-2.879611
0.3181578
0.6543133
0.4676608
-0.008597137
4.810017
5.213703
1.454747
4.804868
5.216341
4.678535
0.1142204
3.961474
-2.312528
0.1880638
5.203531
5.815524
5.074688
3.950612
4.723453
5.890664
0.9354564
5.62077
5.212719
7.515472
-1.101569
-1.880628
5.014283
3.954425
-0.331095
-0.9626832
-0.8764014
4.275383
5.023416
4.394204
5.324472
3.759869
4.266497
-1.059973
6.884966
4.796172
5.32276
5.692225
6.024016
4.224669
0.4482422
1.022084
4.932146
4.511207
4.02423
0.2282506
-1.712359
0.6404043
