-1.137568
7.312108
4.818069
7.605413
5.48471
3.626393
5.24596
0.7827039
-1.239917
1.161547
0.5562155
-0.3135578
1.240856
0.07807272
4.047977
5.330378
1.476227
4.876238
6.540112
-0.115183
1.365127
-1.212169
0.4450718
4.631995
5.674565
2.679402
4.217691
-0.5485657
4.119929
5.138818
1.004218
4.702379
6.732619
4.64413
3.50814
4.081366
5.654894
-0.2879968
5.01139
0.6120068
3.384615
0.3208418
3.759272
2.518871
4.657897
-0.7423087
-0.1145474
5.667635
-0.83131
4.064469
2.165684
6.432484
3.51663
0.7141863
0.08326055
4.379444
3.797897
5.763823
5.356885
0.2634879
1.09445
4.939862
0.2013442
5.564782
-0.748548
5.561964
5.332429
-0.4913852
-0.7953508
1.393745
3.298737
3.457611
6.137186
0.02107196
-2.246897
4.646245
1.765069
4.6043
4.073475
4.091494
7.269854
3.925527
4.70398
5.777918
4.12398
1.366077
3.059243
4.074896
-1.314678
4.906123
0.5112254
3.838777
4.903666
0.1103693
4.852883
9.773823
6.80931
3.090875
4.375316
-0.9634214
5.452279
5.586085
7.402859
8.42295
1.401397
4.2158
3.414644
6.341239
6.202598
6.037808
0.0466536
5.258194
5.975666
5.029466
-0.0601991
0.3517269
4.882032
1.10584
3.954308
3.362093
-0.03549849
0.8360475
7.454259
4.922222
4.626522
0.4008358
7.548249
5.784687
-1.426708
4.523743
-0.4018544
5.314605
4.488132
5.377653
-0.1929938
-0.326532
4.34461
4.959402
5.556531
4.163225
4.113694
5.530267
0.4678587
5.556928
2.095144
-2.657827
5.532248
6.469225
0.2130178
6.209842
4.252823
0.2656341
4.361106
5.659594
3.919992
-0.1191137
-2.436616
6.248035
5.114547
2.821049
-0.1483705
5.853797
5.082149
6.093264
-1.041719
0.8905984
3.769174
5.65795
-0.7977876
8.191997
5.176123
5.458179
3.577677
-0.09194226
0.5425204
7.297206
5.327987
4.224408
5.875315
6.557425
0.1889488
0.9624792
6.70367
-2.189153
3.96776
6.006186
3.813202
3.992408
6.734477
5.318304
7.776395
3.911219
0.6294325
7.088932
5.17024
6.448361
5.146974
4.768315
4.578496
0.4616716
-0.7590419
-0.6478996
1.686526
0.5056604
4.18418
4.195669
3.298437
3.357414
4.231078
5.526122
-1.434512
5.83553
4.701285
-0.6330451
3.937061
4.844184
5.582869
1.291234
6.649355
4.380026
1.225579
-0.2919332
3.233506
5.164356
1.078751
-0.8266415
4.796464
-0.890358
0.9122413
5.185408
5.433246
0.2370442
6.057068
5.970009
3.109654
0.3716141
2.183233
5.831286
4.455969
7.019499
4.002423
0.2888756
1.928571
4.305516
5.502414
5.749534
4.113072
4.185319
0.687191
5.54488
0.8553224
1.258622
4.437599
4.343944
5.194278
-1.445756
-2.091293
3.993914
3.175197
6.177424
4.552195
6.650085
3.495983
4.348011
-0.04727791
-1.050742
4.456453
-0.8925942
-0.4385948
7.040855
0.5449691
6.38954
-0.9505783
5.534782
4.534385
4.87138
4.281356
0.6590507
4.846984
4.803479
3.80536
-1.076249
6.100951
5.18194
4.226911
4.759192
2.752298
4.114095
4.922636
5.614136
5.673741
4.986283
5.103993
3.888303
1.234316
-0.4833946
2.726504
1.201513
4.580829
5.412521
0.5832249
3.977477
-1.177352
4.649908
7.176795
-0.1201078
-0.4382354
7.601875
5.226655
-2.866496
0.7052176
4.893454
4.231894
4.517112
3.257997
-0.9666652
5.301353
-1.572055
6.158281
6.255662
5.051124
5.297461
0.4347373
3.253419
5.047596
8.2757
1.855595
0.5863786
5.705294
6.348786
1.179081
6.790035
6.32879
-1.460675
-0.68071
3.822779
5.963484
3.311431
4.901308
0.9633231
-0.4317693
4.791868
2.932979
1.311925
1.796015
5.530368
4.166235
-0.388761
3.905547
3.208972
4.58662
8.563815
2.892926
3.015058
5.132132
1.049366
-1.489609
5.042328
1.590447
0.5303569
-0.1109987
4.481371
4.177316
0.6786374
3.888773
0.4210455
3.62802
0.3780541
3.927382
0.4330902
1.298886
4.824588
5.297208
5.058264
3.43753
-0.04093872
4.126568
4.872323
4.596568
7.257792
5.521587
2.825103
5.390459
5.561496
2.83637
0.5089613
5.714015
1.163496
4.738613
3.381455
0.7908189
1.073673
5.196993
4.698146
5.067751
1.223461
-1.692979
7.848703
5.179512
1.240842
0.6077818
3.674781
0.4167146
0.30733
4.805332
-0.06642705
5.569805
5.811969
6.161388
-0.4064861
-0.2287547
6.030807
-0.6451771
6.727166
4.746881
-0.6188843
0.7648993
5.311812
3.387088
-0.899741
2.780989
0.3657443
5.81879
1.35805
4.920532
2.926874
6.641374
5.401202
4.583025
5.431207
4.759248
-0.1774358
-0.2371813
5.386112
-1.959005
6.505266
3.142006
4.143258
0.7223058
6.565888
-0.8909526
5.689801
5.793424
0.3719832
6.451434
4.534105
0.2682049
-0.2910901
3.783354
0.2537798
0.6753384
5.513611
5.127025
6.620929
5.018658
-0.7605618
0.7082627
3.832455
3.563939
-1.194374
0.9058843
0.008124064
5.762295
-0.072497
6.079377
-1.770505
4.5778
5.584677
-1.443531
0.4900523
5.619344
-0.07202868
6.278631
-0.3658042
1.534459
5.203388
0.07385461
4.164249
4.424728
1.379762
4.991574
5.715867
1.8035
-0.2162123
5.717839
6.210451
-2.148072
-0.9124864
4.647468
0.7223863
3.221591
-0.737072
1.704234
5.243434
1.081589
-0.2165272
4.774237
7.352024
0.09086151
8.611635
