-0.7009035
5.622032
3.240979
3.704849
-0.09605409
5.638031
6.008628
4.950063
3.968671
0.2694339
6.120162
5.108511
5.843887
3.458148
-0.1190783
4.648894
0.5582433
5.294485
1.048919
0.7795263
5.906733
1.410435
5.468905
0.7252845
4.998377
-0.4502319
4.28955
0.7943016
-0.09537407
4.275367
5.624448
3.760098
-0.471264
3.237301
3.381844
5.001656
5.784444
3.45013
1.248159
3.774471
0.2671078
-0.1436865
5.787801
3.78943
-0.6619906
6.023723
1.399836
-1.608189
1.508137
3.489384
3.93526
9.50712
0.8107302
1.477553
-0.2321178
4.289428
3.692898
6.042628
5.64527
6.313
3.270486
-0.1765276
-0.4735232
-0.2020876
-0.1973585
0.6638962
4.291097
-1.701472
-1.464871
6.98666
5.563816
7.448223
1.979626
-1.248377
4.964345
4.574212
0.4039421
6.771415
0.1409321
4.505773
-0.9241857
1.078361
6.076303
5.778011
4.953578
0.6805514
3.270489
5.574866
0.980652
3.943286
2.44256
3.891773
-0.9307938
4.371875
-1.879392
7.303582
-1.554345
0.9375411
0.8657759
-2.093638
6.595963
-1.219646
6.089454
1.180094
-1.012332
3.567097
4.239062
0.6790653
-0.9093007
6.448717
0.03124797
6.338339
0.104531
6.06222
-0.1607127
4.561595
5.145496
0.6148303
5.550888
-0.9065021
-1.447515
1.117186
-0.4651393
5.051239
7.344311
1.455906
4.50757
4.243664
4.980849
1.239605
3.208631
-0.3997812
-1.272247
-0.1250674
2.12822
0.3524021
7.053701
6.360009
4.728492
-1.248727
-1.56229
4.053077
-0.1650907
2.805548
-0.7569654
8.241531
5.444815
-1.501642
3.912683
3.226609
0.3527414
4.814265
5.946445
-0.8106499
-1.161501
4.147671
5.072965
4.091655
0.7591204
4.816032
1.021365
-1.031013
5.900349
3.415199
1.073492
5.357007
-1.008886
0.001320865
5.861531
6.545281
3.046448
4.916222
0.1080748
4.73219
5.3178
-1.059249
4.934519
5.548749
4.879628
-1.098671
4.122013
0.06505297
4.815321
4.76594
4.793314
1.911979
5.484003
-0.08436731
4.448179
-0.7923174
-1.176597
6.192162
3.078623
-0.7527971
5.597725
-1.08832
-0.8274587
6.160294
10.68485
4.487851
5.770118
1.090022
6.180911
4.191785
-0.4114853
-0.07873831
1.337441
4.556831
4.496036
4.106034
5.144486
3.883419
4.921163
3.93665
4.952855
-0.7763488
-1.167899
-0.01687087
0.6471279
1.171518
-0.2736177
0.8532352
-0.1127847
5.22652
3.585256
5.854176
4.507196
0.2770612
-0.9574161
0.6168933
5.679499
0.2840314
6.262198
5.135951
6.074322
0.1048369
0.9954402
3.033538
2.269764
0.8679311
-0.1701621
6.14394
6.243243
0.5184544
6.248453
5.028258
4.971389
1.720281
2.895172
-1.844857
4.026564
3.835331
7.265171
-0.9813326
1.392148
6.058471
6.023825
6.202757
2.970872
1.181551
6.208548
5.453976
2.489733
5.183464
4.414721
0.1587229
0.1766686
4.401142
4.684308
7.260914
-0.4166647
0.3458919
0.116173
-0.7277946
4.514856
4.726152
-1.311171
6.246535
3.52015
5.635653
3.948573
6.18754
2.268064
11.00867
5.741763
5.731645
3.940968
5.938323
3.483281
-1.316007
8.730858
5.820084
0.2655581
-1.818369
6.704318
5.504896
-0.6042732
6.17919
0.2182729
-0.445231
5.643435
-0.9251339
4.285141
-1.004459
-0.2246653
6.114076
4.489719
4.763509
5.036871
4.812258
-0.0512088
0.9563975
5.587808
-1.878852
0.3250786
6.268699
5.638138
5.181754
-0.2094141
9.346563
-2.227198
0.3274921
5.954755
4.772812
2.04758
5.105365
-0.5072923
6.216075
8.086645
4.990858
3.142738
6.639071
-0.367314
-0.3364506
-0.4320574
1.231088
0.9434174
6.162558
-0.2844967
-0.03015938
0.5116222
5.371422
-0.5934069
3.946167
5.38123
5.665684
1.345338
4.190975
5.188954
4.152923
0.913336
-0.227755
3.101214
4.689292
3.992221
5.134721
-1.415952
5.367956
4.14752
5.048866
0.5508901
3.506042
6.738575
5.788418
7.855137
2.103267
-1.722801
-0.8884591
5.687355
1.176539
5.296317
-0.1483866
1.655836
0.4399821
5.75038
5.21487
3.436502
8.104843
4.85789
0.5581805
3.644544
-0.7870808
5.742657
4.781417
0.4433306
-1.416417
-0.8107963
4.836133
7.337532
3.093488
1.424938
3.528332
-1.317557
4.092489
4.960038
4.95309
-0.5560996
-1.485792
0.7929545
1.053038
-0.07958051
0.7097383
5.451101
5.521059
4.905644
4.676649
4.774588
0.6882256
-0.6259664
4.081602
5.218888
0.1992543
-0.06271147
3.607295
5.719859
5.373273
-0.7513301
4.14529
3.707041
-0.9412384
1.097187
-1.784179
4.788145
5.327329
0.3566811
4.311465
1.091035
-0.9852196
-1.32405
-0.3548211
5.1633
5.304012
6.424035
7.577109
4.985413
5.893328
7.226224
7.646296
4.463664
3.849524
4.408789
1.191552
6.669428
0.2806652
-0.008756181
0.2674822
5.705803
-2.243052
-2.324045
3.516888
6.182763
-0.7517341
2.985126
0.7836906
5.103586
4.634825
4.144722
4.106912
7.764913
4.913792
5.604306
7.054084
-0.2699123
4.367231
6.047594
-2.297216
5.125719
-1.122261
-0.08345425
6.826187
4.868706
7.553167
0.7582993
5.810845
6.532976
0.3406183
5.193243
10.15324
-0.06333397
4.922239
0.5920422
5.720902
0.9729397
0.7115838
3.167931
-0.7599712
3.294578
3.676357
4.31339
-0.3207105
4.050511
-0.3210787
4.192551
4.067068
1.011811
4.048518
5.39482
6.073968
0.9502902
3.950634
