5.125941
-0.09847068
1.604992
0.1177803
-0.7199531
0.07933789
3.144164
-0.08747685
3.202717
5.094811
5.329767
5.068317
2.906835
5.584755
4.283576
5.335396
-0.9703533
5.351312
4.534894
6.185792
3.51478
-0.2528522
0.6983771
4.064836
-0.2716467
5.295912
10.25834
0.6400572
5.675189
6.26052
-0.7392679
4.478139
6.143804
-0.1067749
-0.184379
4.610015
5.06884
-1.630834
4.490149
-1.425829
7.746453
3.868323
5.84182
5.366335
0.494584
0.8849053
0.194105
-0.9693293
-0.0008148545
-1.596329
4.837406
0.7932184
4.935108
-0.2792484
1.270745
4.73872
-0.2259772
-0.5937027
-0.3370572
5.148808
5.548793
0.3512185
5.015316
-1.236165
3.734867
1.79656
0.009101539
4.051389
2.557004
-0.7119125
5.934201
-0.3748266
0.01502294
0.6521911
0.8818233
3.64366
-0.8879662
-3.004963
5.547961
5.362549
5.547785
-0.4957102
-1.059367
5.685053
4.407387
3.64187
0.605368
3.580761
-0.05936451
5.951189
3.692273
3.772893
5.148994
3.783202
0.8517373
4.760941
-0.6002513
1.433328
5.409522
0.757561
3.042487
3.900566
-0.3571569
5.861647
4.485711
4.488503
1.25163
1.051881
5.022999
-1.14115
5.807246
4.327111
-2.473396
2.01581
0.2377847
8.560908
-0.6402366
0.2448708
-1.082053
-0.1885281
-1.284759
3.908768
-0.2580205
3.919312
-2.585979
0.1802441
1.175832
3.403757
0.7642224
0.7771682
4.433459
-0.4792083
6.216793
0.9682354
5.843384
7.552705
1.029204
5.206499
2.00514
5.75458
4.976342
0.1426232
7.608325
3.621711
5.551897
6.497127
4.206892
7.335194
11.15371
4.923951
5.382264
5.603995
-0.517055
5.813362
9.363542
4.550469
1.44873
0.9270956
-0.8007863
0.3097311
-1.238224
4.024477
1.218025
4.023383
-0.6199959
4.305734
6.355936
1.160686
6.244858
5.700908
7.286023
3.774935
2.404353
5.51905
6.867743
2.511345
5.006356
-0.2983457
5.248927
-0.9695931
3.608973
-0.7711974
5.088036
5.153079
3.891912
4.933284
-0.2150071
5.90876
5.494407
4.597654
0.3026922
0.1455377
4.397813
4.504833
4.187139
3.636715
4.999999
5.337747
4.914537
5.970853
6.31423
4.615999
6.645528
1.641202
0.7303137
0.4534755
5.209419
1.163434
6.189536
0.4746895
3.862469
5.013237
3.794346
0.2660133
-3.510574
3.11549
5.416026
5.058839
3.216971
5.415899
1.164861
4.427601
-0.389239
-1.655169
6.201413
5.534687
4.188208
6.207616
-0.4468496
4.772308
5.742007
5.377756
5.587293
6.050883
4.746132
0.633438
5.271057
5.220701
5.375984
0.5801176
3.787363
-1.092399
0.1689949
4.671322
4.30486
0.6563634
0.03730471
6.417107
6.744703
3.063606
4.840912
1.969859
1.093793
6.893571
6.767334
6.799409
5.645206
0.2204173
3.682276
-0.7591141
6.268266
6.059064
0.8352942
4.283965
4.951896
-0.1078826
3.999481
4.884096
7.425247
3.531206
-0.1784222
4.593028
4.025601
-0.138651
0.2779013
2.949109
-0.1641441
-0.8648555
5.222004
-0.13735
5.975972
5.860933
5.461744
-0.4275252
3.304888
5.718983
4.214602
1.45075
5.579765
5.801946
4.935263
1.231851
6.124669
0.3946883
-0.459787
5.034037
5.094903
1.270075
5.738712
6.664709
4.819767
0.07740208
-1.939813
1.475101
3.778216
0.7101581
5.363861
-0.5685193
6.794771
4.219218
6.224071
-1.42854
5.125531
-0.05710771
4.136602
1.517218
0.07931358
4.837569
2.869225
4.590076
-1.06309
-0.9428043
5.953799
5.485628
-0.2875938
4.541642
5.180782
6.314442
3.582955
5.431154
1.500645
0.4889506
4.916813
3.274337
6.080609
0.01230886
5.355063
0.1775539
3.186083
1.196293
-0.6198176
5.427816
6.173472
4.688808
-1.336245
0.1192968
4.632721
6.557471
-0.7595626
-1.437509
-1.154235
5.583559
7.592475
-1.104207
-1.38748
4.156004
7.54543
5.29359
0.7653725
-0.8712775
-0.3377722
7.125825
-1.527211
4.648368
5.79135
0.4167856
0.4415398
0.8924341
0.3746627
-0.5792112
4.202744
4.012968
1.285498
4.458134
5.635901
-1.857403
-0.7092153
-0.4686858
4.736311
-0.117493
-0.1607798
1.336039
-0.7217353
0.7846617
5.577578
5.597119
4.709822
-0.7206227
2.52389
5.44879
1.027398
5.795752
-0.3175727
2.167305
1.199281
0.1137623
-0.3259074
0.668474
-0.3086115
4.656239
5.709633
3.96481
-2.596765
3.939886
-1.132846
0.6656068
1.876259
-0.0246099
5.207304
-0.0219755
5.668704
4.394046
0.2019825
-0.3117484
6.195769
-1.130707
-0.1427001
6.16806
4.085169
0.316282
5.31916
3.328194
0.8765199
6.097773
0.4792421
2.075437
4.713285
3.585868
1.304671
3.633992
-0.5474627
6.779719
5.20364
8.667215
7.211621
4.373808
4.062131
2.570975
5.247884
4.138934
6.117021
3.710102
6.662785
4.956291
3.735251
0.7012092
5.641505
5.185828
-0.78553
0.9950449
5.428255
-1.132508
6.619131
1.081295
6.264561
6.512051
3.403948
11.32452
-0.5890045
4.922129
-1.55193
5.844044
4.297736
6.180319
0.7939313
9.354502
-1
4.286545
0.7403148
-0.4093672
5.794852
5.225071
-0.2349257
-0.3509922
4.843508
1.528884
-0.9952474
1.001287
4.663503
3.297079
0.2027432
5.282041
1.143794
-1.403489
6.009902
-1.315953
0.5364339
0.2737715
6.506755
-0.4385632
4.970726
5.321516
4.669393
-1.23127
6.460997
4.745478
4.865759
5.42003
4.600064
-1.190663
