5.70619
4.72365
-0.7168875
-0.4642697
0.363635
5.484259
-0.9459999
5.529619
6.79521
0.07691024
5.734826
5.69788
-0.4160052
1.594886
4.997501
0.07636357
-0.4819141
0.03056131
0.240638
3.981441
8.583525
0.8680311
5.802898
-1.185708
0.1932279
-0.3729688
-0.9259488
3.340746
5.210101
4.261384
5.763054
-0.0427792
7.683278
0.5126555
0.4106786
1.243521
-0.7557965
5.939093
5.125889
1.328621
5.032188
5.770614
0.9392458
4.171022
-0.3132336
4.775737
3.491713
3.55392
4.004048
7.132511
4.02007
5.171309
4.171389
4.650972
-1.273065
-0.7226749
0.726156
4.755905
1.532627
3.886521
2.364266
-1.123227
-0.2958029
0.1110794
0.5867994
4.87544
4.011194
-0.02543442
4.447337
-0.5130819
-0.4705085
5.847104
-1.052802
-1.541439
5.331611
4.697169
-1.788382
3.064779
5.148202
1.120721
4.766502
-0.4035459
4.237423
0.4260723
-1.196045
4.329518
-0.186053
6.350166
-0.4384309
8.581739
6.577567
4.173265
5.265593
3.888054
1.218933
4.710124
4.905451
-0.5058786
1.267591
0.6940239
4.675274
1.932442
-1.944034
1.567181
-1.529462
1.225484
0.5144821
4.916076
1.683674
0.9364093
7.070654
0.6982794
5.46996
-0.1237944
0.5165935
0.1819086
6.284412
5.249202
6.483598
4.036641
-0.09317003
1.15318
1.744401
-0.2404239
-0.7312238
5.530216
4.080736
0.1420032
5.067925
-1.017097
4.279156
5.486684
-1.180056
5.050697
5.377442
-1.536031
4.888139
5.863424
4.714042
1.149209
4.959024
4.190373
5.141662
-0.2121861
1.933365
3.86272
9.015504
0.8086933
1.385116
6.621064
4.876977
4.115708
5.351472
5.775675
-0.3601225
-0.6105909
2.579521
4.483218
-0.9620737
4.587092
2.074962
5.299655
4.248511
5.228572
7.532772
4.807607
4.939442
5.74429
5.902483
-1.820715
5.650771
4.216975
3.911508
4.259699
4.811756
0.3735936
-2.670011
-0.5401073
-1.013028
-0.7751376
4.113305
5.378807
3.841916
5.278929
4.43239
-0.8055411
4.767308
4.132852
5.498802
3.62986
6.159654
-0.0736874
4.145287
4.780575
6.510872
0.9570614
4.849596
5.0812
6.617412
5.605229
6.677094
0.908483
3.990074
-0.7873528
5.825193
5.804206
6.037978
-0.36197
-1.005218
4.425792
3.018786
3.921536
3.82707
5.310675
-0.6974021
0.5718036
6.018577
0.7522942
-1.508904
-4.184137
4.998491
6.052979
6.730604
2.754593
4.623066
1.093465
3.149088
5.469113
0.1950877
-0.8626404
1.544008
5.512887
0.3329616
5.729734
0.8777549
1.471253
-0.4964667
4.9003
-0.9394601
3.459271
-1.651296
5.355923
-0.5715794
3.88632
-0.9434691
0.06983644
5.736823
5.847937
6.478218
4.618513
