-0.7542784
4.900275
5.945178
0.6404695
2.864321
-0.9635576
4.613811
4.217497
4.230522
5.983278
0.4223853
-1.196104
5.151572
2.559555
6.086171
4.387515
0.6934103
0.2960555
5.251468
5.499521
-0.6783736
-0.2399572
5.179296
-1.900577
0.8405173
0.1879982
-1.300168
0.5224082
0.4746563
5.247645
4.807537
4.465803
4.951962
5.000924
0.67174
4.813948
-1.129719
0.4323666
4.666126
6.627859
1.839016
3.808884
-1.091747
0.2010088
-1.131264
0.06308546
4.177051
-0.00317229
2.933606
-0.3041812
0.5918859
5.919421
0.9428925
4.729393
4.595542
2.096017
4.703664
4.258468
-0.4701614
-0.2919326
0.2328965
5.570589
7.564404
-0.1798973
-0.4694492
5.796467
0.1397408
6.237946
0.1307629
6.269229
5.001599
-0.3797911
4.962599
2.085875
4.627066
-1.158718
4.228613
0.01550008
0.3386043
-0.7842178
0.8071654
1.475305
0.7140923
1.046184
4.165063
0.7706935
0.7112675
4.755334
0.4786951
6.48447
3.011459
5.145709
-0.9478205
5.072564
4.308807
4.624634
9.977234
-0.8813399
-0.4148434
0.4230211
2.005317
-1.709592
1.375821
4.350834
5.197293
0.5721031
4.222115
5.180058
5.581435
0.5013666
2.249396
-2.032147
-0.4432521
-1.857309
-0.6377875
4.24884
-0.6625792
10.85932
0.861198
5.22148
1.764297
2.154533
5.215892
1.378078
5.209594
-0.1790704
4.959422
4.940878
6.650558
3.67223
1.578485
6.015165
6.325699
4.710902
1.382916
0.0007165031
-1.077406
0.6718211
-0.1359931
5.685279
0.7329239
5.117451
5.006103
-0.4022358
3.153938
5.108299
4.458649
5.237761
0.3808683
0.6880705
4.896547
6.044095
5.296946
4.038435
10.9972
5.21251
4.806265
4.253457
2.977544
0.1997671
0.8423599
6.434955
0.947458
4.283501
5.831948
5.119626
-0.7311212
7.229242
4.577599
-1.462075
4.607132
-0.4754476
4.758236
2.494958
6.065531
-0.6331414
3.805391
0.230875
4.360109
4.317679
5.494464
-0.4329796
2.378642
0.4534118
5.025195
4.737645
5.182702
5.445585
-0.1396415
1.183651
0.5953805
5.327772
11.28866
3.78907
0.1811255
4.029855
5.606735
-1.039742
-1.896487
5.861204
0.7037803
5.339133
-1.743581
3.165915
0.9224619
4.586888
2.013634
2.349264
5.350257
8.022465
-2.175058
0.4265374
1.089472
-0.1567936
4.813783
2.427438
4.276439
-0.389055
1.624062
6.435601
4.74809
0.4118692
-0.09158701
0.6364438
-1.080645
5.44626
-0.02424384
0.3032417
4.517806
1.541222
-0.9420613
4.057347
5.066591
5.02015
4.905098
7.220414
6.90365
5.421576
3.679474
0.8621791
4.46795
1.51166
3.594311
4.156572
0.8835738
3.466482
-2.816788
4.734613
4.898356
6.572751
6.185913
0.2176439
-1.592994
6.580965
9.549397
5.110538
0.6829822
1.365345
-1.831042
0.6093874
0.1278514
-0.6110786
0.5573479
0.7430412
9.263082
5.595766
0.8621936
5.656313
-0.2854802
5.729786
5.22657
5.852779
11.31422
-1.718945
4.325583
5.267406
5.748419
5.994394
3.883191
4.358153
5.538567
6.479312
0.5402804
0.1465544
5.915302
4.938832
-0.600671
-1.219974
3.873686
5.003076
-1.204869
-1.809011
-0.2307991
4.184642
4.653695
5.095351
5.03568
5.515277
-0.9606639
0.5184418
1.293387
4.588026
-1.918908
7.335901
4.998378
11.51058
3.827997
6.136533
5.208903
5.007943
0.01677377
-0.8110904
4.574053
4.076064
-0.3430527
0.372144
5.974702
-0.5460595
4.44312
-0.5769887
5.599349
0.6269154
1.881766
0.8605612
5.142812
4.797737
-1.776826
9.103825
4.794011
-1.306634
1.296664
-0.7052335
0.5725494
0.7057551
3.743501
5.105699
5.511614
-0.1642858
5.349558
5.04798
0.2378509
2.924783
-0.2111
4.578773
5.452897
6.655186
4.563947
1.648692
6.181582
5.642331
0.9486923
-0.4856122
5.0517
-0.05768987
7.256377
4.519786
4.871536
0.7435125
3.908578
0.1306162
1.433762
5.682524
3.689822
-1.135365
-0.2003496
7.226548
-0.799765
3.357602
-0.0795039
4.43083
6.010173
7.513324
-1.713177
2.100954
-0.8961399
0.1335815
5.166234
4.25358
7.166043
5.188044
4.647772
6.009939
-0.5379883
5.870309
0.5896055
4.78294
3.939949
5.108096
0.4704791
-0.6999451
-0.1148917
3.780101
5.610081
7.167345
6.485703
4.770061
3.084834
-2.134878
5.25368
6.929215
5.365632
5.911221
5.826897
2.839125
4.613105
-0.1346151
3.783695
4.40612
4.016796
3.736175
-0.1573794
-0.1314221
4.457686
5.065463
-2.449826
5.31341
2.8371
-0.007514324
0.5037575
3.556188
3.245543
5.87621
3.27203
4.317895
6.372338
6.625284
-0.3311517
5.34152
4.202336
1.159777
5.919067
0.2145304
0.08646304
5.303394
4.299054
0.2853582
3.836978
-0.3680955
-0.1352523
0.7833769
-1.180138
3.969816
-0.184471
-0.1299327
6.681972
-2.235592
8.429456
-0.7720901
0.9162261
5.753046
4.631174
4.92199
-0.7009767
2.301147
4.47514
2.49796
5.014406
5.22034
4.299346
4.915835
5.057556
6.095755
0.05918302
3.949482
-1.770316
4.822704
0.8036936
4.237438
4.418891
-1.235275
5.050849
4.209447
5.36221
-0.3144571
4.883036
-1.911627
1.524944
4.486359
4.801749
5.849481
6.211753
1.233317
5.095545
6.096225
-1.568789
0.7812354
3.730376
0.5612411
4.327061
5.274259
0.1776519
5.34583
3.621608
4.552138
5.842432
5.387408
0.2951918
6.335264
4.59997
-1.109592
