3.841294
4.943513
7.989362
-0.6383425
4.73741
3.828836
4.269953
-0.05136581
4.657465
4.899433
4.047627
5.28706
10.55255
4.223497
0.2758086
3.892399
-1.521987
4.631635
0.899856
1.432581
3.854459
5.818237
0.2215218
9.343495
0.8139941
5.348035
5.263217
-0.9689616
1.16764
6.171954
4.617656
-1.60797
-1.088544
5.320743
6.06179
-0.8797702
-1.088747
-0.7884553
3.800716
5.459432
4.958088
0.567745
0.3436049
5.313483
0.7385409
4.403525
-0.2833129
1.395541
4.056018
3.741401
5.051004
1.241405
0.401359
4.957766
7.028539
5.49426
0.6247809
3.483765
4.602192
0.9568791
3.777579
4.690232
-1.164365
0.08604114
5.837995
-1.064039
-1.268537
1.280936
6.184882
7.200032
5.957016
-0.4546972
5.730788
-0.2840384
3.699102
3.309592
4.516011
0.4639534
5.025617
-1.344138
4.035669
9.215772
1.279466
4.088949
0.9218027
-1.003714
-1.241451
5.219077
5.635776
5.337593
4.987788
5.24073
5.81315
5.317456
4.899157
7.508058
1.824916
0.05265302
4.601982
0.4005902
5.139618
4.007692
4.343614
8.497928
1.731589
0.4645478
4.421656
-1.752305
-1.41866
7.089803
3.145003
-1.331863
5.079864
-0.6499926
5.68856
4.966076
4.071672
0.07964701
3.864517
-0.9850191
3.533699
3.992419
0.2179468
-0.3019015
5.075643
-0.4190788
0.6436028
5.866976
4.38251
0.2411516
-0.142515
0.5256993
3.906012
0.7435791
-0.8978955
4.274316
-0.2346179
-1.575124
1.01678
4.04406
4.316767
2.498815
6.254881
4.767567
6.304116
1.548077
0.05629177
0.5943328
0.1762089
-1.131721
5.132955
6.240522
5.262473
5.476635
5.772998
3.592367
4.067839
-0.2885927
4.939946
-0.6072961
6.499189
5.751802
5.570357
-0.2047213
0.05929976
7.84773
5.046054
4.609644
1.955668
-0.1564648
6.353681
0.84135
-1.136841
5.275701
-0.5540846
0.07637979
5.874169
-0.3590579
5.618737
-0.8834995
3.612234
-0.006461838
0.2742062
3.473807
-0.8925171
0.8258833
4.567475
-1.004172
-1.249542
0.9146955
0.2232073
8.241236
5.06588
-0.3259384
5.151131
6.535749
3.828174
5.023367
-0.9634199
0.3527378
2.355549
6.647793
0.7189303
5.555373
5.253159
1.373167
6.0943
-0.05864835
0.1631147
5.581814
3.978287
-2.621626
6.197937
4.262962
-0.7090279
4.844498
5.696926
-0.1788419
-0.5361974
4.361398
0.5471258
-0.9304694
5.441187
6.030275
-0.1361396
0.1652905
4.949555
3.828687
7.685251
5.391016
5.136341
4.07429
4.306307
5.001036
0.004765183
8.716769
3.199795
6.907934
3.589983
5.058473
5.071007
5.863625
-1.648367
4.537074
2.610091
4.465814
7.397973
4.816913
0.2940905
3.897636
-2.563804
-0.499156
4.260279
-0.3311459
0.2360371
3.656005
6.821851
-0.6289214
4.086397
-0.1435133
-2.083915
0.1182791
0.259348
4.926216
9.468241
5.111093
4.671954
4.016043
4.675829
-0.1673012
5.381617
5.163942
5.067901
4.782478
5.803121
4.339029
0.5837855
4.627717
6.238012
-0.1882701
-0.3866806
3.058325
3.360932
-1.440299
5.585489
5.752769
3.28481
3.996117
-0.4223901
0.5664968
0.8871678
-3.050153
-0.341328
5.102272
0.4601013
4.444236
-1.59387
6.151798
9.110964
3.313002
3.053875
0.7654154
4.121672
-0.4393171
1.354393
4.864498
-0.1807571
1.079941
5.651701
4.386422
4.754053
-1.13662
0.3732482
-0.92542
-0.9767387
5.192749
-1.713577
-0.5788609
4.809652
2.116908
-0.3258822
0.3838292
-0.4703307
0.0007818356
0.3744569
-1.167647
0.3001938
5.33045
1.398552
6.24732
5.994326
7.343065
6.552406
-0.1809679
-0.09479135
4.857386
1.185678
-0.232256
1.869807
-0.6659671
3.920154
4.511869
5.98128
2.12695
-0.4129322
1.06349
3.733816
5.266662
0.7574434
2.72745
4.698466
5.080214
-0.2174228
10.04442
4.896081
3.901824
5.921952
4.277453
5.717583
8.490005
-1.040429
6.937074
3.981244
4.024755
-0.5279085
6.228761
4.815195
1.286905
3.758936
5.416116
4.20619
3.823362
3.437921
-0.7309555
4.251043
-0.3289142
5.401509
0.2566628
3.734515
0.7780428
0.2685693
5.283222
0.01177088
0.330199
5.477926
-0.03142455
1.062894
-1.047113
9.941002
0.3672881
4.554671
5.381498
6.472948
5.227217
1.624358
5.89888
1.561374
0.0870684
5.990231
3.391213
5.661849
-0.5633407
6.957806
9.302788
6.372256
4.035089
-1.141026
4.421356
1.42146
-0.05763037
-0.3647956
0.05813891
3.841348
4.672574
6.313376
5.077436
4.680516
0.9357327
-0.8137734
4.402683
2.240814
-1.392059
1.187843
0.9615267
-0.164756
5.00886
6.906264
-0.116142
6.565676
5.697753
4.868949
4.717534
4.83192
6.326534
3.068696
2.970059
7.407272
-0.7652676
6.28552
10.70095
0.65317
0.3679258
4.821346
1.195823
3.509132
0.6449906
-0.9694726
-0.2334399
-1.123869
4.975074
4.241251
-0.1772029
3.919924
0.7978989
0.5343301
3.290939
4.539616
4.927118
5.706211
4.500609
-1.042053
4.52659
5.764873
-0.2574705
4.542475
-0.04509635
4.953599
4.372053
5.91642
10.72626
0.1708847
0.3017786
0.05636209
5.385797
5.381311
5.05948
0.4475624
4.370762
0.3326911
0.3918078
4.891665
5.438872
0.2879399
3.312604
1.883961
-0.1826561
1.875247
3.612124
0.6263686
6.171646
5.628433
6.19584
6.006998
0.08275482
-1.311695
-1.10218
6.175644
3.177974
4.350408
5.419187
