4.383574
5.202297
-0.2905744
4.286586
4.995938
5.732694
3.469936
5.486455
12.85806
-0.3551987
4.813887
5.658025
5.118667
4.312254
5.323781
4.491687
-0.7407377
1.629675
5.538008
0.9037224
-0.478935
6.556171
0.3051714
0.9686428
-0.7220368
3.909939
-0.5921646
7.801209
-0.4414542
0.966241
3.343884
1.789612
5.298504
-1.236938
4.544554
7.926242
1.710753
1.251624
5.838893
4.080557
0.2324497
6.422362
0.3472669
4.731572
5.569846
5.536715
4.446719
7.17297
0.3578942
3.249658
-1.908225
3.783232
5.698587
5.4168
-0.01241651
0.4222613
4.098133
6.78436
-0.2203261
4.932739
1.304
5.205724
4.647476
3.813517
-0.8104066
0.9670354
4.485877
2.956893
1.201096
5.041162
1.237869
4.322724
-0.7738625
-0.9051144
-1.909684
-0.2952327
3.223418
4.963495
3.12204
4.128722
4.84536
5.442498
6.367688
0.3764278
-0.1925688
5.907645
0.6399925
0.7976333
-0.014615
-0.09687201
-0.1692347
-0.5869732
0.7072907
0.04082217
0.63794
4.127213
-0.7372921
3.728614
-0.9095122
-1.055944
6.098354
0.424458
4.122429
5.992625
5.64778
5.483065
2.219012
6.398767
4.532786
6.591134
0.1613233
5.01843
6.135974
4.262655
4.503565
5.505652
5.270341
0.4936123
-0.06845284
5.454554
4.98807
-0.07773345
-1.381631
0.727931
-1.16722
0.9036344
5.371649
3.061663
5.176229
-0.9024989
5.320469
3.606165
1.408864
6.818537
5.308453
5.359595
5.306546
7.678417
0.9341811
5.047156
-0.7965444
0.3683952
5.659792
0.660732
3.452251
7.128
5.172667
6.011317
4.434061
6.310345
-0.6362299
1.138449
5.325674
7.006126
5.298246
4.683571
5.932902
4.245146
0.2019318
4.365328
3.721561
5.365952
6.34306
-1.870828
-2.070819
-0.9817787
4.617261
-0.5804851
6.144291
9.961356
2.200465
5.113902
2.532712
0.5743631
-0.5702874
5.685644
0.09307856
4.749456
0.5199362
1.166671
4.985962
1.208276
5.010353
-0.2472191
4.7999
6.501954
0.3602728
0.4408653
-0.1189057
4.065746
4.230837
-1.721315
5.565874
-0.495897
5.690752
7.233884
5.7404
-0.809842
5.061478
4.70128
-0.3100341
7.09347
0.1291129
0.3064147
0.1840134
0.5176495
4.528136
-0.5086068
5.891504
4.388035
4.694409
3.99986
3.53804
5.709534
0.3043616
-2.689901
8.230672
4.600903
4.33148
0.5515352
0.2236167
-0.697087
4.265561
2.968328
5.841397
3.552273
3.681154
-0.6913612
-1.473663
1.170264
5.364305
1.986873
0.2570966
3.109658
6.44934
0.1475535
5.036534
1.277124
5.717451
-0.3596666
-0.3239742
5.601249
0.6856657
1.592264
5.257979
5.70772
5.951646
-0.6112045
-0.7785832
5.983312
