-0.02692846
1.176576
-0.2624054
1.481394
0.0930679
5.464972
0.9071537
1.338764
8.001329
4.520722
3.492155
4.776406
6.439989
4.768976
1.509668
5.474442
-0.749209
-0.2940448
5.317265
4.859556
-0.8521959
-0.7742161
-1.125768
-0.05010243
0.7536644
-0.5499104
5.592049
4.031394
5.999359
4.309863
5.562841
-1.194074
0.9390298
7.243458
5.119164
0.6380039
0.4786561
0.5498427
4.490986
-1.261352
4.391518
4.27909
0.2714218
6.40378
-0.3055839
0.7044239
1.131575
5.219367
3.970184
1.95541
5.65697
-0.4556815
7.180563
-1.146857
0.3866259
0.9560737
1.468905
2.152389
4.370945
5.358396
6.790817
6.675021
0.9189608
5.574699
4.500367
2.216952
-1.234031
5.30506
4.373828
4.122856
-0.09999735
4.478084
4.605971
0.3001303
6.891176
5.326644
-0.1600205
0.699316
7.361571
5.713706
5.642274
5.424582
-1.875773
5.208567
1.626976
7.262933
-0.4463051
4.303036
-1.116626
-0.5387244
1.080063
0.3348138
4.538692
1.257841
5.302619
-0.4992547
0.4118366
4.542015
4.146721
4.778313
1.93216
1.432311
-1.204537
5.337141
-1.237088
5.662757
4.911853
3.241792
0.7281164
3.934179
9.418914
5.661213
3.63108
-0.1946726
6.966482
5.800627
5.192399
3.959784
4.038488
4.234371
6.549437
-0.07996933
-0.5448593
4.1205
4.186556
5.551994
0.9747362
0.8066679
9.149252
4.255402
5.661885
-0.4270088
-1.720201
1.738583
-0.05227352
4.701363
4.50716
6.349335
4.401733
0.1745322
0.3540732
5.569342
5.343125
0.02497245
0.8299711
-1.552084
5.299853
4.969844
6.484579
-0.9909082
5.869102
-1.281657
-1.510175
5.268437
4.83492
-0.3746168
5.667031
5.011342
5.414394
0.9957786
4.469885
5.65616
7.131157
0.5140998
-0.617754
-0.7691628
0.711098
7.157583
5.319878
-0.7604572
1.442259
6.171071
-0.3797122
5.472574
2.440831
5.282648
4.320653
4.850808
4.344282
0.6233737
-0.04966835
4.738771
6.432283
-1.065327
4.957055
3.581477
4.55249
5.629594
5.071532
6.672756
-0.7757323
8.352243
3.903268
0.1427444
4.793029
0.492257
0.08553687
6.34308
0.1555126
6.167332
5.764003
-1.511423
3.242235
4.555489
3.870234
4.599533
4.502796
4.967068
0.5656774
5.641774
-0.459361
5.749208
4.794062
0.7688716
4.156913
6.174811
2.83392
-0.4511026
4.915448
0.360831
3.480746
-1.001304
3.866895
4.099048
-0.341778
2.9063
0.1646386
4.329376
5.430077
4.881203
0.6274354
2.223966
0.4629819
-0.3039373
0.4598053
1.821935
6.100429
4.837959
-0.183557
5.317698
4.415166
-0.2596404
0.1930597
4.605989
4.269799
-0.9234632
6.348956
4.912287
5.72314
7.074843
4.397609
0.9207615
-0.7152723
-0.05882631
3.950291
6.282377
7.319254
0.125709
0.4669109
-0.4615655
1.301849
1.253848
4.954938
-0.6845629
4.119121
5.36778
0.7427119
4.567484
5.751554
4.769229
0.7150279
-0.2762725
6.095246
0.4433457
-0.2913629
4.636768
5.037627
6.107435
0.7033735
0.7144411
0.3268217
5.758196
5.556104
3.990477
8.037465
0.8228969
-1.080852
6.065259
-0.5474457
-0.11864
5.53344
5.20386
4.202891
3.615087
5.118459
3.186521
0.03979318
1.130616
0.7669095
1.083959
-0.9467723
4.186007
4.267964
-0.0189483
-0.2808174
0.9626581
3.06583
0.3788613
6.838055
5.200543
2.212757
4.860285
5.051415
0.4399621
4.169291
3.802009
6.046247
5.286563
-0.05815166
5.128952
1.493936
0.8268734
3.992186
-1.090668
-0.04711824
7.24431
-0.02336551
-0.1815862
5.665847
-0.6727342
2.838309
4.726333
-1.000761
1.000291
6.68245
4.46121
-0.3073618
3.152446
5.872777
0.2364898
4.079068
3.993218
5.091257
5.177994
6.338823
-0.6774895
6.75605
4.183193
3.736805
1.009096
-0.1267291
3.36609
-0.00297212
5.938568
0.8911563
5.409601
6.004926
6.061688
-0.1460395
3.868105
4.848346
5.449951
0.2802504
4.541937
-0.2292901
5.63213
0.4897637
3.05038
1.690509
5.34307
-0.046701
5.473385
4.436288
3.897107
1.520128
1.390315
6.807618
2.085144
0.07070206
0.4625023
3.463198
-1.283541
9.717453
-0.3477917
9.286612
4.32225
7.057018
4.35596
4.155288
-0.3029244
4.451263
4.345488
4.842524
-1.00179
2.196434
-1.806905
4.64404
-0.5966389
-1.212583
5.559919
5.636771
0.288762
3.036473
5.894428
4.691651
4.663158
0.9745477
6.116385
-0.1940435
0.3966521
4.886469
4.812517
1.418498
10.38407
10.10516
6.303505
5.046105
-0.7676156
-0.23989
-0.9505523
5.550912
0.02624556
1.79549
3.998019
1.304039
5.81006
6.150053
4.637366
-0.8093844
7.523679
6.023538
6.347076
0.1342977
4.213151
0.6997471
4.20869
4.981164
6.338709
4.568088
4.551858
4.056622
2.895702
4.818055
3.702357
5.634572
-0.7944318
4.745214
-0.06845337
4.087315
6.428772
6.32379
3.02898
6.240294
0.9450633
6.187187
-0.5333031
7.146513
4.048062
5.298136
-0.2610944
-0.4054566
-1.441343
6.415862
-0.7986401
5.900839
6.087914
5.099712
4.862501
6.384707
-0.4583781
6.562934
4.823048
5.428938
1.203379
7.281939
1.831692
7.006228
6.176801
-0.2884976
4.45183
0.481318
0.05565768
6.172714
-0.7225019
6.067382
3.525471
8.328535
-1.189182
0.5926606
4.022999
4.730345
4.482413
0.3594763
0.3214682
-1.291684
4.145087
1.078934
0.8685306
0.1786632
5.189529
