5.576064
4.411432
-1.396873
-0.1860568
4.406192
7.102414
0.8814191
4.747544
1.363741
4.50077
1.291487
4.376889
3.182066
5.345986
-0.1433597
5.411674
-1.375479
5.027811
6.158586
5.905214
-0.594097
5.155553
-0.3612419
0.943309
-0.451295
4.510649
7.673046
-0.3222319
5.703183
5.473229
5.391134
6.38575
0.324986
5.007762
-0.8142839
-1.192143
-0.297596
5.972565
6.348862
-1.113346
-1.197854
5.04539
-0.06407622
3.775181
4.422782
0.8592963
3.829684
-0.1274828
5.231657
6.729861
0.07351331
-0.5076749
5.580381
-0.4786545
-0.2172397
0.1282441
5.743994
1.15379
6.777603
1.797789
-1.121069
4.842796
4.747661
0.8788599
0.3448248
8.933298
5.02784
5.41442
1.345639
0.7205998
1.512591
-0.03115349
8.569613
5.667502
4.923931
12.80134
-0.5606679
6.210987
4.068901
5.833434
4.672424
1.096609
-0.02479951
5.14414
5.470593
3.275969
5.326937
6.75097
6.604137
6.585807
0.108651
5.53304
4.581371
3.568647
6.212836
4.024455
6.840026
-0.713497
0.3771721
6.152746
0.1129862
0.004900672
0.5575087
4.625773
6.262822
2.997652
-0.8112275
4.148452
4.244297
0.6909257
5.739566
0.781818
3.728862
4.16741
1.403707
3.960882
5.909065
4.301377
4.454996
4.994274
-1.167749
-0.04673139
-1.501625
5.060108
2.85661
2.633914
2.771782
4.580663
-0.8175735
-0.3070105
5.659978
1.650276
4.959731
-0.09808048
3.709208
1.785146
5.061348
3.623384
1.926579
8.180715
4.491453
6.957573
5.361631
0.8389747
-0.05196945
7.506161
5.742628
5.116372
5.490684
4.92556
6.455161
-0.8672716
-1.782972
5.538313
-0.4021457
5.431591
3.954092
-1.349236
0.3442801
4.9716
3.412976
5.155218
0.5390493
4.235853
5.087352
3.914422
10.03304
4.565364
0.3846549
5.700051
2.71326
-1.511805
-0.497664
0.8041015
0.841319
5.905602
4.580152
-0.9890028
-0.06578095
0.1640814
4.38921
5.963671
-0.609662
-0.935197
-0.3584023
0.579964
4.565918
3.782144
2.835719
-0.09293998
0.9026221
5.092696
-1.520138
-0.5644156
2.428051
4.548162
2.166762
5.354343
0.6388057
5.261495
5.504254
4.906546
0.3954651
0.6123692
-0.4283991
4.657268
5.260926
0.7079706
-0.8618414
4.556475
0.1608199
4.72605
5.867832
9.133905
3.59787
0.5905885
0.4638612
3.336786
5.573785
0.2391921
6.370663
7.230021
1.343778
3.302514
4.352708
-0.7797564
5.299092
0.3679947
5.603314
0.2050248
-0.9713219
6.630679
0.4248968
7.599092
0.4404368
3.714307
-0.6560772
3.727663
5.530659
3.113829
7.323825
5.059119
5.731252
4.800696
-0.3256248
-0.7891599
0.3162233
4.185255
5.992616
3.006885
0.3377611
3.006808
0.2645207
-0.009039185
0.3972045
4.515982
3.041238
-0.1826842
5.033909
-2.969289
0.05281334
1.375929
3.176074
5.739926
-1.27163
0.6326581
0.5896004
4.640673
1.108741
-0.08753815
-0.6242118
4.051897
-1.716671
-0.7009497
2.381263
0.131118
-0.3976922
4.890429
-0.2606569
4.682226
-0.419659
0.443159
8.776651
6.055147
4.606591
3.609658
3.511155
4.281698
5.231548
0.5478773
3.479333
4.651499
4.876141
3.321689
2.202717
-0.03140133
0.2016442
0.02658176
0.2316858
0.5763182
1.459095
0.7991158
4.235374
4.552939
-0.4070782
-1.019466
3.298334
2.048634
0.8188637
5.184557
7.625401
6.106002
0.6100672
3.322618
7.016496
4.320473
0.08940579
5.766887
0.269983
5.730968
5.530307
3.729412
0.6804908
5.318642
2.58304
0.4361479
3.891813
0.8186381
-0.4160093
4.80615
0.3198577
5.28698
6.921714
-1.533412
4.696198
6.389371
2.803111
1.281739
5.729056
-0.6519197
0.3679562
4.017297
5.63469
6.173643
7.379818
5.628275
4.265445
5.869542
3.536057
6.94733
3.8384
5.225283
1.375109
4.487306
3.159194
4.61406
1.948484
0.2970201
-0.902848
-0.3247617
5.503049
5.538145
2.410432
5.52767
0.291776
-0.6197118
3.294
5.282758
-0.134537
0.782127
-0.6399717
6.191529
0.3795954
4.013813
5.27065
-1.124774
5.095965
0.623933
0.8144648
-1.181155
-1.020515
1.226704
6.55221
-0.4265138
-0.3558783
4.117792
3.738943
-0.2907609
6.049285
-0.8506309
-1.30321
0.8406569
-0.4527357
4.915924
0.1045888
0.5010384
7.08517
7.521853
5.967658
5.359437
-0.7654581
4.81027
-2.094802
0.8691255
5.013484
4.279483
4.785269
10.80794
4.861044
3.417299
0.05188394
6.727608
-2.4072
4.94847
3.685952
2.991763
3.574546
4.719587
0.5020756
0.3517484
1.934663
-2.307899
0.8479318
6.26027
-0.1197524
6.184707
3.882244
-0.168723
-0.0276407
-0.6601879
-0.7668682
-1.056014
0.1444437
-0.6487
-0.8575834
5.79428
8.378118
-0.08964028
3.504248
1.782586
-0.7000558
1.724673
5.838202
7.13737
0.3746853
-1.862655
-1.610096
0.1681207
-0.4223998
-0.8949922
4.077961
5.017005
4.787617
-0.4249913
1.182139
5.657884
0.1983
-0.1157061
4.023572
4.845099
5.165042
0.8011232
11.98208
6.619329
5.216337
5.600677
4.418637
4.714075
1.163247
6.775533
-0.1625725
0.2543035
-1.079071
1.345991
5.123956
0.0659755
5.028696
6.42341
4.368462
0.4249962
4.277706
4.746232
3.305137
3.759688
3.446311
0.5379116
0.5397647
1.991618
4.320975
5.217009
1.730138
5.397701
4.870362
-0.5814196
0.1469123
5.745619
1.696553
5.027427
6.206722
0.09134684
4.081021
0.3649813
-1.250819
4.686289
8.058309
5.053669
6.419576
-0.609964
-1.51624
4.345904
5.279594
0.101935
-0.3349799
2.621232
3.797302
5.475715
-1.175157
0.3174275
5.10349
5.668952
-0.6866562
0.5003209
6.702053
-0.1754407
7.344595
4.421437
-0.7647561
0.4854425
4.830864
0.6579169
3.667781
3.551921
0.9248467
5.332644
0.1363396
-0.5901684
2.429537
0.5101339
4.662182
7.733882
0.289545
4.55906
0.4629375
5.757543
4.886303
4.054553
4.558717
-0.5732506
-2.924528
-0.1789963
5.272327
5.367499
0.855397
6.387135
1.392819
6.778723
4.057942
0.5021361
3.623231
4.831855
8.899901
1.087676
-1.730651
6.227879
-0.1623224
0.006987285
3.862542
3.785736
5.32471
5.287581
4.316029
3.413051
2.643716
0.3872548
-0.1122068
0.5860034
6.62478
0.1088982
5.199355
6.226753
4.686178
1.827332
0.7883634
7.988268
0.188171
5.313177
5.386121
4.723971
6.245401
-0.7405786
-0.1968677
6.325755
5.225681
5.852934
5.485362
3.133697
3.791432
4.087171
-0.3943727
1.083115
5.023491
5.908184
6.192007
-0.3309496
0.3119545
0.5387692
5.182343
2.407738
4.342752
4.308845
5.883449
5.798443
6.874382
1.713267
-1.094105
1.757759
4.632599
0.01035389
4.892599
0.3904178
5.056058
-0.2671895
5.623
5.06057
5.260931
5.485679
-0.952106
6.864812
-0.1610862
4.108994
5.887538
4.199631
3.206854
-0.5466087
-0.9371402
-0.2534003
-1.994723
-0.02960923
6.097082
5.844198
-0.6512559
-0.04698312
0.3768559
4.979803
-1.743872
4.324448
5.869825
0.6074845
3.981235
0.7148532
4.612366
6.393136
5.376589
6.81649
4.910001
10.35759
1.237456
5.939479
-1.026947
11.14499
5.205357
4.484092
3.995265
5.055983
5.067893
5.998625
6.504061
5.815503
0.2642671
5.887333
4.747255
3.976981
0.4788794
4.230165
0.1022538
4.313369
5.772552
-0.6199178
5.031122
6.329275
5.45673
5.567067
-0.6755223
4.262415
6.034423
6.169378
1.708226
3.840093
6.497629
0.5610221
4.601776
-0.09912922
5.421803
4.087929
-0.9497685
-2.286911
6.151742
3.748286
3.37862
5.499322
-0.01021092
4.595525
5.399399
-0.458099
-0.4803297
-1.458109
-1.388769
3.683022
3.590051
-1.46064
1.12631
0.07515203
5.900564
4.510193
5.972277
3.724442
1.931482
-1.460463
5.814666
6.663249
1.206411
1.034522
-0.4567645
6.028958
5.24525
7.011183
3.919719
4.188609
0.2215023
5.232522
5.051019
0.3646794
4.527146
2.752431
4.931333
-0.6039885
4.390739
-0.4692253
5.486915
5.017901
-0.6572227
-0.2307256
0.925502
-0.743509
-0.1491121
2.99511
0.4294992
5.3613
-0.4826115
4.463873
5.072573
-1.693467
0.3854868
4.438726
5.52837
0.2288916
4.932257
4.69926
7.819285
7.4733
-0.4365714
3.681027
0.3397763
0.3639627
0.6322986
5.058714
4.49267
6.33545
1.531557
0.7358527
3.729125
1.336973
4.442996
5.847853
5.331644
0.3065796
0.821353
-1.814927
4.341556
5.857227
4.244685
5.133595
8.128514
6.679585
-1.307855
0.22087
7.204874
5.581471
5.460634
4.243124
2.433403
4.934775
-0.6238899
6.547998
3.614233
-0.1108862
12.12881
7.30035
8.928476
2.376692
-0.3789357
-0.1364363
5.421679
5.516558
0.817672
-0.1008496
5.295592
6.32549
4.331355
1.429439
6.448062
5.482024
2.657184
0.5421337
3.574413
5.035365
4.720947
0.4879481
0.9169191
3.416869
-0.4845535
3.833606
5.245912
4.257552
4.033704
1.927381
4.810495
4.260474
9.67586
3.704395
0.1137196
5.598837
4.842837
-2.369182
3.839982
0.7878194
5.877521
5.02332
3.756506
2.942896
-1.794759
2.229107
4.897215
-0.05080868
4.653595
4.511682
-0.0992006
5.790413
5.838036
1.271692
0.4332178
6.306443
3.701466
4.830636
-0.1879713
0.6635322
-0.9323815
0.5940854
-0.3347348
1.062546
-3.3298
5.406885
5.948952
4.128346
5.910682
0.7086342
5.761846
3.91531
-0.1593542
4.645839
6.071643
5.281413
3.703528
5.502307
1.214736
5.309121
-1.869363
5.462453
3.788667
6.818025
5.531108
4.991091
9.755711
3.980842
4.198198
-1.416064
0.9762764
0.9587572
1.085444
0.4218315
5.826501
5.36962
3.02094
4.530835
2.686295
4.568275
0.06093424
6.07729
5.727065
3.881537
5.602617
-1.227121
-0.9019023
0.01262258
4.990867
6.84588
0.3634322
3.442666
0.7800213
-0.2792354
4.586319
4.236468
6.557233
0.04504364
5.63811
5.528325
0.1670758
-0.3059558
6.711344
5.188289
-0.02485001
-0.3001871
6.696552
-1.146356
0.2426409
-0.6714533
-0.4713067
-0.4450349
5.898891
0.2050298
0.007875946
1.684829
-0.4980677
3.832053
1.907256
5.809284
4.864067
4.898704
4.387512
-1.038638
3.965443
2.815093
5.17799
4.846673
4.31731
0.3597975
5.134088
5.312227
0.3245762
5.050352
3.781235
0.7548335
4.220782
3.698929
6.027418
1.39324
0.544448
4.199921
5.51762
2.110452
5.788127
6.457386
1.182442
6.515201
4.035877
5.051576
0.02434522
3.691378
5.063006
6.070167
-0.4323726
5.357101
4.566513
7.100798
-0.9175691
4.313116
5.816932
3.76385
4.742453
-0.2421931
-0.7033447
3.9661
2.935435
6.217481
-0.3562811
-1.245411
5.060612
4.097313
4.76282
-1.038937
4.806013
4.361061
-0.05822519
-1.612493
3.97905
6.02767
4.618757
-0.7848306
4.362122
4.098037
8.276453
4.546572
5.728193
4.029557
-2.027779
0.6851121
1.129442
1.034456
5.43212
8.025781
-0.4339101
0.1983184
-0.8875909
-0.470094
5.299232
0.8363032
-0.1474614
-1.092897
0.5413488
0.2854507
6.93934
5.491409
6.240733
-1.160428
0.7264254
4.947239
-0.3304915
-0.9483614
4.695898
6.035239
1.85928
-0.1224785
6.530388
0.3584353
-1.035161
10.1668
-1.57774
5.220315
3.833215
3.607362
2.430528
4.239375
-0.7289949
-1.041134
5.269529
4.917708
4.769074
5.501752
4.016666
1.548558
3.571942
5.570273
5.018414
2.679412
0.7216676
4.764642
5.706544
5.779888
4.221677
4.876024
5.895575
0.1665272
4.162982
1.280853
0.36409
7.344294
4.741173
5.514821
4.428697
5.006036
5.865194
3.914107
5.98693
0.4866363
-1.894565
-1.177144
-0.08447562
4.659049
0.7904411
5.202395
4.198689
4.565501
5.060936
1.740718
-0.3949162
1.111657
4.474501
-0.5593086
5.437323
0.4614753
4.314997
-1.425423
-0.2804222
1.578403
4.328786
1.283293
7.335747
1.315081
5.343045
4.421699
4.983259
0.1537056
0.65626
0.1294408
3.804329
4.376399
3.189386
4.732912
4.804878
5.558626
5.300028
2.045854
5.855223
6.103282
-1.123108
-0.3854521
3.554928
1.351319
0.2363471
0.8415131
0.4369061
-0.1405561
-0.02246449
5.242328
4.8047
-0.819221
5.416101
0.2487153
5.438014
5.258121
4.074105
7.334369
5.343068
3.884745
4.501429
4.702957
4.998716
5.017513
0.5654945
5.052224
0.1481946
2.804905
0.4335389
4.453962
0.7713963
0.7699282
5.569565
1.539318
2.767413
6.257392
7.569188
-0.2689552
5.352364
5.103458
4.946658
4.112035
5.653598
-0.5518705
4.56126
1.272705
0.2111899
2.985589
-0.4250942
5.782581
-0.1850727
9.318831
4.254115
0.3809999
6.286108
3.688435
0.1467587
5.705472
-0.08878179
4.231249
5.799483
-2.85203
5.256088
5.007917
7.819209
5.872797
5.39127
5.238101
4.600446
0.7482694
4.388341
-0.02662453
3.662669
4.455526
0.5232686
-0.1249488
5.83964
0.002354915
5.024003
4.377588
-0.0427574
5.825192
3.39537
0.5420909
4.163181
6.389775
4.793514
1.10445
2.981002
3.886778
-0.2237864
5.594938
5.001721
4.482475
-0.05257292
1.025923
3.915529
4.682483
5.137838
4.377491
-0.2878793
-0.3878043
-1.752997
-1.273082
5.091331
5.269079
-1.023702
4.633836
3.640551
5.159921
-0.6534144
5.948409
4.87299
5.284151
5.779798
-0.02564772
5.357944
11.80855
5.197878
5.299558
-2.754143
0.6611063
5.251055
2.191309
-1.170936
-1.468384
5.006951
-0.6641625
5.785497
0.6584662
5.900964
0.6788522
4.654936
5.422723
1.42974
-0.8124489
5.776567
4.631236
3.850518
4.93575
4.404977
-3.220325
0.20756
6.066582
4.764416
5.033259
4.708705
-0.6981265
-2.32196
0.1052433
2.436448
3.261902
-0.3321263
-0.2093629
0.4757152
0.9370845
4.580967
0.981395
6.8317
7.221453
1.426337
3.681697
-0.308702
-1.4265
3.981617
5.34071
6.691354
3.406496
6.699799
6.53277
2.790959
3.895328
4.614084
0.8014461
-0.5462684
-0.4978312
5.744295
4.420622
4.092116
0.4021118
1.547825
3.988037
4.897883
-0.2984397
2.771932
4.143735
5.209733
9.156325
3.773186
4.348305
4.790034
3.99564
-0.241559
4.278043
2.765574
4.406877
0.1756937
-1.057648
-1.474912
5.74938
11.13476
4.368511
5.562035
-1.19304
5.020471
6.671177
2.219934
0.8767201
5.087462
0.4665374
4.790544
5.641236
5.326339
4.531411
5.527509
6.428574
-1.478053
4.260487
0.3026544
5.277309
4.990129
4.72291
4.258366
5.12938
-1.890878
0.1198553
0.219376
6.006783
4.116424
5.229708
-2.333933
-0.8562517
-1.476534
5.440069
4.629537
2.892779
4.938696
6.262864
0.5716563
3.229859
1.510825
0.8356702
-0.9841269
4.15742
4.429182
5.47415
4.638143
-0.1899555
5.917773
1.823328
3.770926
5.394757
-2.257767
5.759347
1.653036
3.253389
-0.4595243
4.433495
2.633465
4.107081
4.690061
6.433433
4.005341
-1.704104
0.1781456
0.9896746
5.33132
3.783935
5.610754
3.986206
4.34696
1.146366
6.018528
3.889971
4.982384
-0.7095504
2.767486
1.147154
5.585294
3.610504
5.093372
2.055048
0.04831955
-0.1665899
5.085225
5.644732
2.790155
-0.8489655
3.259922
4.551601
4.021438
0.8094889
5.719043
5.392635
4.854405
4.903593
1.166585
3.029321
4.972535
6.15105
5.591008
3.872373
4.40703
7.707634
4.944229
0.2651159
3.35935
5.886834
4.604387
4.537145
6.891514
2.74519
5.755829
-1.989755
6.482627
4.077478
4.94691
5.233529
8.680489
4.289221
5.842432
8.978709
-1.104982
7.537865
0.2379511
0.6015225
5.540396
5.059673
6.590048
1.710211
1.236386
3.632027
6.522674
5.26777
-0.2785167
5.681445
4.348339
5.446724
1.058812
6.635315
5.220273
4.719848
6.278416
1.402202
1.100671
0.2840929
5.370733
3.709128
3.964427
6.278698
3.584871
1.608446
-0.5816611
3.737713
0.2682801
0.2741147
3.858569
2.184615
-0.01762833
4.918977
2.503313
5.757585
6.184149
4.496186
-1.131561
-1.105554
0.315496
2.422341
-1.113459
5.962387
-0.8650646
4.318409
5.16048
4.706437
0.9335424
7.126211
9.113053
3.971921
0.1454783
-1.491083
5.980872
6.744875
6.017505
5.584091
3.03435
7.015894
6.143716
4.599554
-0.1865172
5.647158
-0.8079166
3.589808
6.784419
4.051416
-0.04475799
5.334592
-0.01523444
4.544071
2.970079
5.173962
-1.660262
-0.7593498
-1.403673
-1.481243
5.470914
-0.6978927
-0.2324762
5.23588
-1.41726
6.612532
4.451519
-0.31223
0.07193476
5.799121
3.918562
6.050176
5.661721
4.305025
4.881044
5.32826
3.524713
4.169985
4.981783
1.079015
4.23603
5.509569
0.7284868
3.644645
-0.2579584
6.11797
-0.7989471
5.868064
2.469914
4.361775
5.463494
1.038605
4.750007
5.491274
7.073604
6.658521
0.6850965
-2.600109
7.443252
-1.010883
-0.681626
5.316857
1.680877
4.243709
4.69696
-1.2094
0.6017849
4.551323
4.998975
-0.5271955
-0.7516231
5.7343
-0.5470204
5.077227
4.50131
5.337477
5.020876
0.7377369
4.110321
3.008054
5.501601
5.04601
3.87443
4.104975
1.393664
0.1464765
3.662878
0.7976444
6.682728
-0.174497
-0.3446887
4.527317
5.312112
5.477087
1.123359
5.618092
4.5837
3.480514
6.442293
6.213103
-0.3817023
4.757962
4.528833
-0.2819447
4.642695
3.924177
-0.3179157
7.24224
-0.6019027
5.340163
0.272516
4.827602
3.596238
4.479986
1.229997
5.552911
5.112693
5.197661
-0.1673031
4.556792
5.086274
4.487581
-0.1165623
6.278259
5.653509
3.699189
-0.737461
5.15611
-0.1561435
4.747958
4.533123
5.451242
4.835904
5.350267
3.908981
4.544813
4.951996
-0.5122535
4.106569
5.265998
4.253154
4.979532
-1.3998
-0.3598426
4.517893
7.383095
0.9947219
4.218455
5.671831
5.298936
0.6990607
0.5673437
0.2270665
0.01715375
-1.38441
5.591626
4.965069
6.714676
0.579424
-1.517299
1.685107
3.439598
4.770289
1.202303
5.078287
0.09236597
6.028245
5.314567
-0.4455359
3.720922
-0.4083955
3.942319
-0.4525647
-0.07591467
4.733481
0.1035617
-1.16946
0.3930455
-0.3055144
-0.3195856
4.198019
4.719373
9.595437
5.039263
-0.4714103
-1.798474
5.22853
0.2264429
4.169492
5.571758
3.161257
-0.01741204
5.354917
4.143033
2.052249
0.6725122
3.120402
5.630741
4.810686
5.274677
-1.079964
3.206459
4.681449
2.063418
-0.042324
4.378555
-0.8114396
5.660986
3.86968
3.028448
5.280876
5.533827
-0.1047134
7.272358
1.043352
5.634105
6.07981
-0.1767758
3.881919
1.021366
-1.412723
0.03244984
0.5187055
2.620449
-0.161162
0.4904661
-0.8639156
4.214885
-1.770296
-0.8153737
3.675886
4.951174
1.080848
2.178096
0.1118113
-1.48778
4.893267
5.214243
2.990873
5.506857
3.262941
-1.640828
-0.1353841
3.977472
4.19764
1.155448
2.955256
2.030476
6.124541
2.914254
4.84986
1.039125
4.149871
-1.068002
7.497505
-1.119704
-0.04355459
5.65109
4.826541
5.338462
1.776485
0.04229932
0.5555907
-2.014948
6.219994
6.124089
5.448132
1.396701
3.357898
4.971233
-1.094816
4.412064
0.02049115
-2.573947
2.002631
5.27423
5.388057
4.88304
3.635527
1.617224
0.5172326
5.326846
-0.1619862
5.481765
-1.311497
3.198548
7.923847
5.674209
4.993915
6.086719
1.478517
6.303628
0.2152108
-0.6302794
0.999541
0.05121605
1.123665
7.23901
0.5447212
0.5206179
5.074184
6.156242
4.249445
6.481343
9.315561
1.146681
-1.530624
2.412233
0.874608
5.374004
5.500781
3.625828
4.309439
-0.2993034
3.897729
5.296705
8.450755
5.890134
6.202337
5.247895
-0.4699467
5.836708
-1.129853
0.424529
5.200459
4.491785
4.086127
5.373176
6.576866
-1.292056
5.10612
4.472489
0.1788864
3.871004
4.320418
-0.4901668
-0.694781
1.346096
3.348927
4.204092
3.702084
1.56211
0.6149648
0.4664097
3.48506
5.63276
-1.399034
-2.537011
5.561573
1.774143
2.722682
4.278732
5.249175
5.541391
1.074711
-0.570609
3.700733
0.8272247
-0.7951848
-1.134384
-0.1691032
2.582342
8.375895
-1.115611
7.304483
7.352464
-0.03400317
0.7622177
5.3622
4.551888
-0.9735618
5.926976
5.616807
-1.292343
5.21612
3.736888
11.10223
3.801694
-1.402245
5.109082
4.678805
4.575274
3.64084
4.923767
0.009382035
5.927345
-1.037698
-1.188493
4.044402
0.6400132
5.346443
0.7310281
4.202683
-0.04266288
0.2592323
5.530254
5.327307
5.537093
1.180461
-0.4509714
0.6351111
2.20908
-0.8986009
2.579744
5.757851
1.390861
3.486539
4.809099
5.553375
-0.1748829
6.599565
3.796195
3.914814
5.55605
5.856809
6.161092
2.925478
-0.8306645
5.437967
0.5880794
-0.9342296
3.579047
0.3213568
4.028637
-0.5709913
-0.6563214
6.245274
3.786335
0.5973409
0.6633227
3.651775
4.904658
4.353081
5.024321
6.042715
3.222416
1.774308
3.739148
6.02491
0.145481
-0.1212321
0.3698078
9.687346
3.577365
0.6000513
3.181593
5.208845
4.807243
4.263614
-1.370595
3.524538
0.4760314
-0.5895033
4.219476
5.171302
3.475096
-1.305002
0.5175934
6.374842
5.521691
6.171622
5.308294
5.273937
1.149212
4.983288
0.8012207
4.780275
6.222047
5.145976
-1.073002
1.6212
7.618469
4.305975
6.600172
-1.628691
1.012534
4.169228
5.57707
5.218045
3.523573
-0.9339715
6.868488
4.809796
0.07614969
-0.1093567
5.850094
4.778118
-0.1875815
1.563016
-0.6068526
5.51096
7.754786
-1.969008
-1.095661
0.2392521
-1.580383
5.511238
7.481069
1.987819
5.015122
5.489676
-2.368324
-0.9664869
3.928774
0.2362875
1.271086
4.769937
3.543038
4.625652
-0.8250318
-0.4476154
1.019185
-0.2114036
4.101809
1.32867
6.024743
4.305284
0.05374452
4.870961
1.839685
5.809977
3.197651
-5.627559
3.997959
5.68468
0.1015091
1.694699
-0.4867019
5.522916
-0.05664113
0.6246745
4.769053
1.143146
4.834516
-0.5618904
3.659336
3.804644
0.2979692
3.694706
4.675732
4.206915
3.865825
0.127443
2.211465
0.8146151
5.666523
-0.6249927
5.214423
-0.5554852
0.07281071
7.188471
4.936253
0.9764631
5.374365
1.564068
1.029133
1.155483
4.043385
2.286357
-1.809594
0.6480844
-1.712878
0.7928175
1.021277
6.144479
1.529846
-0.137695
4.977678
-1.637743
3.278009
5.877452
-0.2002563
5.291749
4.468022
0.1243327
5.423417
4.517251
-0.3168133
0.0623449
2.145341
0.3965005
-0.1526473
0.6875514
0.3584603
5.246811
4.010383
6.370076
1.023303
0.4590892
3.682182
5.498757
6.075796
3.285138
5.558604
-0.2829004
-0.5237557
5.112002
6.50138
6.766014
5.55448
4.95364
4.453864
4.789904
0.8743604
3.937622
0.6019263
0.832076
5.113395
-0.8488331
5.372617
0.5843287
4.254132
4.777415
12.23211
6.764849
4.49988
-1.005507
-3.50269
5.1319
3.796398
-0.3160212
5.868884
-1.367732
-0.4734519
6.437346
-0.3372185
0.8155959
4.492956
6.632573
5.119201
1.73246
2.821877
5.779501
-2.628293
3.218567
6.413127
-0.8422543
5.944983
-0.6468729
6.007942
1.024112
5.855395
2.896229
4.671408
5.47901
5.292946
1.113911
4.85519
1.979388
0.6185362
4.280867
4.972071
5.565228
-0.1702566
-0.08207981
0.2573319
-0.2030938
3.752915
5.119124
4.462321
5.441446
0.3834705
4.629525
3.89491
2.446949
0.161307
-0.2726302
4.744444
-0.1587188
0.7160239
5.579152
0.4034243
0.1675473
0.770293
5.016434
4.113056
-1.473902
3.676544
-0.6158953
5.299635
4.288418
6.214219
0.6385861
-1.214089
4.875897
3.413263
7.680409
-0.2029805
-0.3405839
0.709318
1.723501
0.8287099
6.838829
3.480471
-0.1058745
-0.2286102
7.989675
5.495923
5.986328
5.42239
4.438038
-1.40547
3.799899
-0.7929408
4.897741
4.856236
3.487201
5.423842
0.9758059
0.1424587
0.3960832
6.202096
4.825246
0.6577682
-2.025712
5.731471
6.478287
3.613996
6.391408
-1.35937
6.981079
5.287356
0.7596596
3.774985
-1.056544
5.644633
-0.1774804
-0.02350278
0.01203223
-0.4380249
5.260712
5.524976
4.699234
6.219456
6.517108
-1.368485
-0.205734
0.3441961
4.396859
5.64576
6.775418
4.360174
-1.122004
5.86464
6.69819
3.568012
-0.707879
-0.1185128
4.313472
-1.731064
1.410969
0.4468814
1.382952
5.588501
5.19391
9.970758
4.606683
0.1438969
0.1506338
3.452753
6.033815
5.721163
6.169055
3.797097
3.613572
-1.482437
-0.8497438
4.663136
5.321915
0.1013652
5.494459
2.430858
6.515738
4.570137
-0.1252741
-1.416049
4.765701
0.8810305
1.525649
5.962055
7.317466
3.200557
4.278137
0.4664335
-1.352206
11.50485
4.987704
6.719675
0.4121626
4.197275
5.995872
5.178526
1.808743
5.469892
6.423469
4.843884
4.363676
4.546524
-0.3382874
5.043018
6.334666
0.537407
4.932096
5.428892
4.86929
-1.050662
0.3624921
5.137015
6.285468
2.074703
-1.484509
3.277903
6.81571
4.243869
-0.7545874
6.200204
3.63089
0.7215173
5.043785
5.320136
-0.9576151
5.040078
5.075589
4.015245
5.223966
5.811639
-0.1657487
6.056167
-0.9457292
6.718322
-1.284678
-0.5725341
-0.172917
-0.794326
4.181424
5.605661
-0.7959404
5.860777
0.3857714
5.891553
6.250109
5.540187
4.097979
4.067455
-0.2774174
1.402178
-0.4072586
5.580876
4.241783
3.276088
3.605317
5.415406
-0.2514743
1.3734
-0.7448336
4.20108
-0.9977735
4.549841
-0.3290073
6.975162
-0.02265649
3.868809
5.880469
0.9220194
4.724548
-0.3370728
5.39859
4.253235
3.232893
4.867412
-1.562176
-0.05673546
6.150889
-0.007334454
-0.232198
5.798269
3.388914
5.155418
-1.081057
4.034018
-0.1910569
3.691309
-1.549947
4.1895
-0.7327504
3.57118
4.836796
0.9249707
3.620725
3.669903
6.331334
0.4282733
0.4669831
3.272594
4.679215
5.920899
5.833855
4.023248
1.382346
5.112656
4.558587
7.42272
4.570101
3.622346
6.036178
4.990244
5.673918
1.840425
3.558703
4.155368
2.539401
5.763134
4.839189
4.529696
6.125999
4.228935
-1.413408
6.614416
-1.119889
5.601211
-1.946658
-0.4471014
-1.288935
5.035062
-0.6264512
-0.4918801
-0.1382975
1.39336
0.4945506
4.673703
3.875561
-0.5863824
0.2009646
0.5792702
5.299174
3.449563
6.539677
1.056353
4.162129
3.862395
0.1484591
0.005918139
4.276963
5.245765
5.937689
0.7714797
0.1103591
1.612355
9.681933
4.405719
-0.2263557
-0.6688242
4.580819
2.889576
5.391225
5.230666
3.668769
0.6870958
4.879188
5.129365
1.065108
5.487582
11.10485
0.9297649
0.1814595
0.4324211
-1.177047
4.634647
-0.8068718
4.170049
-1.917666
4.794424
0.03757777
-1.978709
0.5676115
-2.088268
5.894548
7.048486
0.4376801
-0.8499066
3.537969
1.044686
6.052512
4.678977
4.844927
5.814214
5.432365
-0.07850453
4.832648
3.90137
5.802356
5.536942
4.443803
0.8789335
5.511126
0.3052729
-1.155673
0.5217442
-0.4511626
-1.458514
-1.4377
-0.05774364
-1.51278
6.585201
3.354902
5.482237
1.041019
7.882051
-2.130702
6.252033
3.946688
5.510419
1.74787
5.760274
3.571631
0.009618711
-0.9360816
3.036435
2.751216
-1.491072
-0.6968643
-1.920619
-0.1690006
2.121557
-0.6309367
5.573008
4.412404
4.279187
0.5023735
1.133796
1.618758
3.965186
-0.1842846
-1.031533
7.311897
2.780103
4.219131
5.20452
-0.2695111
5.412557
-0.06973567
6.099006
8.574518
6.526311
-1.620824
3.163582
1.305748
2.455343
7.081549
-1.547606
5.967663
0.657208
-0.3597215
2.141311
3.650611
5.389575
5.303138
5.065919
4.514396
4.087975
3.988997
2.688086
0.9328417
4.7912
5.635988
4.403001
0.1139726
-0.1195944
-0.1611064
3.321761
0.484052
4.546751
0.9602898
4.660556
4.20041
-1.636135
4.99872
4.957381
5.303986
-0.3359329
5.159335
4.678906
7.212446
4.842908
5.024829
6.078969
1.211841
4.681824
5.901779
-0.5962641
5.093192
4.52277
3.994264
3.779178
6.038351
0.9886935
6.655488
-2.936717
1.2707
3.918026
-0.4363464
3.614845
4.217556
0.491184
0.5801257
-0.9544607
1.051358
5.048518
1.47557
2.151417
8.824457
-1.442291
0.7946362
5.138774
4.340358
4.849266
6.488749
5.738549
5.569463
5.454587
0.7095249
2.990923
-1.483436
3.504516
4.535157
8.383938
-0.7906746
4.839337
7.353751
4.989951
7.981469
-1.018384
0.5489239
7.106746
4.695558
5.314702
6.922978
0.9905794
-1.747369
-0.1570371
-1.027343
4.299631
-0.2690664
1.089076
6.156037
6.175803
4.155189
-0.1695916
5.347835
-0.6980382
5.733653
5.070095
0.5033043
6.199092
5.442508
4.981165
3.978912
6.721366
4.93804
6.245587
4.527283
7.702656
4.721449
5.372899
-0.8329454
0.909986
4.681198
3.34066
5.710789
0.2528711
1.312883
6.65489
0.5256428
3.620597
0.9435062
4.757837
3.850087
0.6945256
5.116003
4.507641
4.003687
5.654572
-0.1852227
6.164766
4.096664
3.206048
-1.514114
-0.4883156
4.349655
2.759028
9.407729
-0.3838181
6.195589
6.810166
0.5044623
-1.466559
-0.9393072
5.742237
4.138633
6.751999
3.551319
5.347215
1.306732
4.880747
-0.2739762
-1.507285
5.322798
4.624401
5.172217
0.1248731
6.297014
-0.7488874
6.393224
1.20918
2.519559
5.540619
1.536591
4.303368
5.154873
4.812174
5.811737
4.290854
0.7647908
5.466569
0.3650959
0.2602651
3.117813
5.436077
0.6354528
-0.8599391
-0.07317281
-0.3349069
0.9734265
5.388684
-0.1534016
-0.3546465
5.00411
-2.321788
5.964335
-0.7291183
5.297344
5.860774
2.993496
0.4162845
4.132802
1.688191
-0.9925654
4.876456
-0.9346906
4.845301
6.134961
4.65572
-0.1857905
4.873927
5.546089
-0.4908571
2.332981
-0.7464162
4.230353
1.174004
0.5273098
4.64186
4.769955
4.428435
5.639896
5.412377
7.484577
5.758707
-0.312885
3.74245
4.914995
4.154006
4.319792
0.7058814
5.051343
6.218082
2.000607
6.541926
4.530898
5.409228
-0.3059662
1.734386
5.499041
-0.1797407
5.122499
4.893375
5.47091
5.551586
-1.652898
5.779325
4.817921
-1.329859
5.785121
3.350803
-1.835964
4.551482
4.669312
4.510419
-0.7661996
3.631167
7.379359
5.678442
-1.757358
-0.310283
3.971501
-0.5832959
0.004838427
5.445438
-2.077227
3.991385
5.933134
-1.158547
6.298334
6.191976
-0.1807166
1.115602
-0.2457297
3.995828
0.7704114
1.081722
0.937937
0.6327372
3.334494
5.416314
5.848077
1.238846
1.192833
1.549056
-0.4765589
0.2887311
-2.51893
5.042447
5.297464
4.418204
0.2994945
6.135807
6.997824
1.632093
0.5910283
4.485217
4.86319
-0.5103643
-0.09209906
0.9199282
5.048534
0.8455582
-0.3035424
5.789396
-0.83887
5.952366
-1.158405
0.3681427
5.646156
3.970895
-0.3912214
5.664526
2.615207
4.646017
4.657843
0.101362
-0.1773684
5.308105
-1.144073
3.914105
6.385347
6.364724
5.247888
0.02643524
6.025966
4.372216
3.485201
4.635681
5.129374
-0.524026
-0.1787737
3.449695
0.6572041
-0.9473907
4.688524
5.920678
4.026752
0.4560814
4.263617
0.6763016
5.538241
5.733542
3.911969
4.224949
4.299644
4.994383
4.999952
-0.2077172
4.557495
7.782527
4.594097
6.723063
1.700701
4.367145
5.063929
0.7623733
3.347898
8.346448
-0.4770123
2.787485
0.9939986
6.395763
5.166722
3.78354
-1.822078
-0.1203343
5.757764
6.925135
6.610585
-1.870257
5.466446
2.667588
5.300192
-0.2831007
3.134468
1.135331
2.073045
1.384322
4.76415
0.03703614
-0.1205116
4.111523
3.409826
-0.04324589
4.030408
4.772234
0.1496935
-1.051273
-1.663153
6.446917
7.546282
-1.079383
1.039531
6.213243
-0.5835393
6.880599
6.03176
2.522886
-1.12266
5.668187
0.3225751
4.392247
-0.8335277
5.28039
0.8858942
3.691618
-0.5524017
1.754344
0.7796646
9.764249
5.145187
7.598004
4.812241
5.051536
1.237021
-1.827092
-0.5402226
5.233099
5.627302
-0.5833612
3.624923
0.6182657
0.04839833
4.166182
2.949684
6.23157
0.05704579
3.650395
3.76343
0.04532009
4.430237
6.257826
5.730576
7.405869
5.486753
-0.09205063
-2.096415
5.462719
-0.7561553
6.62196
5.28228
-0.3389347
6.283858
4.270149
0.7199976
5.273174
2.953322
6.659099
-0.461145
0.1606403
-1.547077
4.72045
4.890941
1.058293
4.697768
1.083586
3.655548
0.5858776
4.152867
0.8370975
4.671545
3.351995
6.370931
4.525499
5.519981
-0.5784203
4.624577
3.974867
5.037524
5.52746
5.973279
4.47938
0.5904378
4.708641
0.4180354
4.741817
5.551928
4.277033
7.035593
0.02294474
4.819399
5.415601
7.506629
4.668195
-0.05971019
6.030919
-0.4611614
4.940751
3.323631
5.799659
5.387703
2.766651
4.647906
5.231822
8.751086
5.205107
5.193654
5.056216
5.621171
5.802893
5.257987
4.101919
0.7761787
0.7426606
-1.284272
4.514363
-0.3655596
5.415963
6.200577
-0.7893153
2.993588
6.181772
-0.5500673
4.870973
2.79228
0.7762516
4.632575
3.730984
2.464651
4.330354
5.685927
-0.6786625
0.5005183
6.752269
-1.109279
6.620628
-0.5112934
1.250172
3.214118
-0.7230224
2.295034
-0.506425
-0.548682
2.719377
4.095148
3.887224
13.81849
5.105641
5.141669
5.598098
-1.164568
-0.8276656
0.5242128
2.162765
-0.9501818
0.3496451
0.06260721
3.956872
-1.226443
-0.4911221
2.99273
5.234861
5.346697
6.879708
0.2108835
4.920012
0.6047676
1.519167
4.962825
-0.7300867
-0.3365591
-0.407684
5.922639
7.962489
0.256205
0.6761111
-0.1508066
4.115912
-0.7695795
3.072741
-0.3573995
4.681713
0.0877382
-0.3616436
4.555671
5.939103
4.685407
1.434367
4.793936
3.620341
4.186731
0.01463729
3.281075
9.24259
3.875236
-0.6185513
0.1821975
5.710252
6.905448
0.5451913
-1.18663
5.442206
-0.2255243
-0.8962125
1.902067
0.02604693
4.063366
4.784671
-0.2163642
4.958237
3.936992
5.466193
1.555717
6.894639
1.951661
-0.6750427
5.332193
5.475117
5.916774
4.124713
5.092083
-0.5983778
5.773222
1.325881
6.254973
-0.7284303
6.052896
0.5858719
5.80803
4.762267
-1.032118
5.558601
1.296358
6.476961
0.1722834
5.648652
-1.343163
4.923381
0.3652851
5.092212
0.1182262
-0.737923
5.47708
0.5733323
10.38639
0.3153037
0.2082839
0.07977977
5.315927
1.1741
0.8987191
1.247343
5.930671
5.554047
4.892645
5.646862
3.091064
4.582332
4.330466
0.2571267
5.762758
4.751349
5.36778
5.163498
7.598963
0.7544026
-0.2341345
0.4386768
4.755733
3.621102
7.9454
3.032446
0.3334664
0.4791678
6.20076
5.65378
3.804736
6.204799
4.109751
-0.3624949
3.332623
1.621964
5.639103
4.299984
4.887318
3.525688
6.247119
-0.5416322
12.84057
5.140296
7.120234
4.5515
5.418712
-1.061519
0.2066752
-1.730669
3.821315
2.234091
-0.9742007
0.1543451
4.786612
0.4767619
5.982521
-0.03102509
-0.2234122
-1.025498
4.44361
5.093422
4.689829
0.9991703
5.923898
4.428597
5.269138
5.060572
5.096702
4.259628
-0.1828238
6.625423
1.148411
7.071781
5.380173
4.58161
3.690852
6.690257
5.500304
-1.344577
3.161872
4.409204
-0.7953489
1.394665
4.0499
6.227309
-1.677539
5.409507
0.4755657
7.007358
0.860088
-1.630805
6.717759
5.423133
3.314691
3.989976
5.999639
0.80573
5.085471
-1.275263
0.8150127
0.4797492
3.157876
-1.650917
8.162306
5.447333
5.759059
0.9257394
5.60814
-0.375069
4.521861
4.3887
4.166381
-0.6725265
4.508617
5.99602
6.262687
5.340485
-0.1091625
5.095197
4.821089
4.560799
7.501337
-0.4518369
3.970231
-0.690853
5.933937
4.625052
5.010883
4.555346
-0.05428259
-0.09700314
11.88117
2.309408
0.3426498
6.069893
6.720517
5.114988
6.189057
6.539562
-0.2393806
-1.142839
-1.824165
4.233747
5.055968
6.210615
5.083215
1.769161
6.194927
-0.4415744
1.093461
0.06354495
3.636746
-0.2014235
0.4653397
5.448704
-0.3974047
0.5881445
-1.674827
8.775005
0.03917365
-0.3548007
4.455991
5.493224
4.657938
-0.6400045
4.226825
1.886695
-0.6708867
1.483095
4.725107
5.63421
2.572566
4.994587
1.145447
1.137068
5.654145
-0.4775012
-0.6338569
3.645865
5.27007
4.447559
-1.392065
5.307478
1.010782
0.5069882
5.97317
5.515015
4.018767
0.09939558
3.035263
1.729382
4.875183
-0.6966263
6.014062
4.597456
4.258472
-0.7007126
5.618269
-0.1607456
6.695284
0.6499988
0.1048065
-0.988172
5.181161
5.14253
0.05473576
1.473428
5.404615
4.751294
2.246541
4.660012
-0.5423329
-1.29315
5.515794
4.821741
0.6564038
5.696246
1.421313
4.585149
-0.3684428
0.9867266
5.991475
1.064215
5.735085
4.186413
-0.9356618
-1.212467
-0.3997892
5.238
3.147292
-3.04259
1.081919
0.3259977
-1.326496
4.925767
11.45651
4.873003
7.646348
4.916068
4.203397
0.1960629
4.969699
5.427883
4.288592
2.456416
-0.469777
0.04504166
0.905492
3.159629
-1.660526
-0.2632149
3.289792
5.534829
1.679582
3.428377
6.344143
4.350471
6.506082
9.388837
2.815904
6.673166
12.95065
4.640982
4.165632
4.939822
4.418446
5.146667
7.057035
-0.8696326
5.902342
6.536828
1.310232
0.2831918
-1.363381
4.347593
4.484531
4.533342
1.072966
5.494764
4.440305
4.808628
4.653966
5.22221
5.937319
7.715252
0.4441379
-1.236566
2.809299
3.819877
5.530775
5.603384
-0.1366535
-0.3969918
5.543078
-0.2173513
4.141725
5.81008
5.676824
4.494707
-0.08274267
1.190251
5.909034
-0.2370248
0.835781
0.1379558
5.296489
4.837726
-1.052643
-0.3058582
-0.8335478
0.1368469
5.831043
1.654383
-2.041301
-0.8388236
-0.6305893
6.115969
4.087653
5.278426
5.284796
-0.7384687
5.939258
6.171408
5.695136
5.259453
8.030725
4.648648
2.946068
0.2003481
3.99339
4.829605
0.2322999
5.921585
4.222201
3.414308
4.269365
-1.454421
-0.3991468
4.258044
4.678849
5.788924
4.891554
4.346204
0.9986021
5.255082
6.193255
4.26244
5.1439
5.247672
4.593672
-0.9137193
5.146977
5.625733
0.399517
4.083451
3.457559
5.377162
0.8072773
4.554623
0.3740504
1.057748
0.9751334
5.903976
-0.4528412
10.58916
3.874691
-0.3040444
6.566737
0.3205397
4.947382
-1.49799
-1.860864
4.387415
5.752161
1.797713
2.883748
6.353228
4.928053
0.6086849
4.060131
6.21601
-1.091635
0.06969442
0.1256681
5.017053
3.931954
5.250374
5.128523
8.680641
6.61397
6.125066
3.292871
4.834358
1.265858
4.158111
6.545201
4.937124
-0.2356295
3.846829
4.863959
4.462402
4.68356
-0.105406
4.806281
1.732886
4.772113
5.446209
0.5033124
0.7712765
3.48585
3.418101
5.107378
4.6514
5.545795
4.069496
5.728052
4.708665
5.162894
4.569731
-2.084203
5.560758
5.579411
3.270151
1.002203
0.6116845
6.083751
3.178973
4.165381
3.65528
1.905472
4.578153
2.000138
1.053388
-1.788098
-0.128874
5.64848
0.9998773
0.7999459
4.503651
4.074806
0.287113
3.606382
5.235991
0.06201794
5.792475
5.152354
-0.913606
6.492015
-0.3618418
-1.509653
6.320432
-0.8719507
0.434455
4.917213
7.159287
4.456124
5.413463
0.4793918
5.943682
7.055944
3.706618
5.696409
5.450201
4.452214
4.168278
3.794047
0.5718795
3.477041
4.760321
-0.3337525
3.894415
0.2154405
4.437344
4.535722
-1.784426
4.64442
3.089517
5.457219
-1.269786
4.886137
3.189267
4.360579
3.045395
6.443087
4.08557
1.272556
10.09681
0.5193878
-0.5549386
-0.6317414
4.230961
0.1526376
0.716872
4.970281
-0.1272754
1.378241
7.672803
5.014394
-1.416103
5.277737
6.065694
6.609958
-0.1839158
5.119473
11.35227
7.903288
-1.198954
-0.351384
4.869535
4.992739
4.890354
3.875423
0.6338675
5.782083
1.358686
5.219781
-2.057237
4.75632
3.972584
1.819927
0.4726055
6.52249
5.281676
0.5014637
3.793359
6.832137
4.470775
1.949727
5.233315
1.136127
5.29737
0.4330674
3.659415
6.45957
3.983061
5.616398
0.1068736
-1.479069
4.592547
0.6784601
5.743336
3.267718
5.273043
6.030203
8.994885
-0.2088981
-0.3588862
4.788551
4.923058
4.569601
-1.559563
0.05940835
-1.623051
3.489486
3.952602
3.935652
4.996603
-1.3934
0.5001567
5.180561
5.630725
-0.02243022
-0.08852756
0.7380085
4.82761
4.493239
0.526093
0.5622437
4.302996
-0.4126206
6.601821
-1.745925
5.304333
-0.8317999
5.784615
7.009429
-0.4887864
3.402749
5.62676
0.3995323
5.859457
-0.1279589
-1.552981
4.48401
-0.8101055
5.710449
5.989636
-0.9632575
3.635723
-0.3434711
-0.1854275
4.80117
4.950803
5.363018
4.921512
0.3024098
1.698647
-0.4349444
3.452903
0.9922698
-0.5354448
-0.2624333
4.641377
0.5238699
1.085477
1.188556
4.749875
5.631603
1.406088
0.1893126
-0.3001756
0.2680375
-0.824919
3.858246
-0.4877352
5.408662
4.911361
1.350761
0.2330371
2.994972
-0.2103733
-0.7298603
6.231161
4.271222
7.356827
5.416579
5.135971
-1.189922
6.501099
3.202525
5.559879
4.633987
4.258102
3.838171
5.857771
4.687592
0.6531917
6.159013
4.231456
6.436241
1.091564
-1.301469
6.940896
0.8959997
-1.281381
0.2246358
1.116229
4.416794
5.38441
5.349168
6.61246
4.261288
5.136514
4.240961
-1.346493
0.1493304
6.84829
-1.037555
-0.3764204
4.419889
-0.4157196
3.9475
6.342639
5.376813
-0.1148813
4.27979
4.591023
5.202309
-0.3908373
4.948414
4.106122
4.23401
8.77621
6.778049
5.521874
3.57575
0.05412791
6.609335
6.918412
5.168298
3.487421
4.198897
1.417862
-0.8540068
5.822599
4.980711
4.490451
-0.2672964
-0.0609529
0.4710898
-0.5646935
4.437759
7.511254
5.115346
-0.6152286
-0.8478645
-0.3072968
4.987715
6.83803
4.709777
0.2010938
0.2212845
6.294004
-0.8823996
-0.7788213
-2.560922
0.701237
5.653772
6.947479
1.055051
-1.111124
5.440063
6.683924
-0.3107999
-0.9083393
3.201104
0.8364129
0.4883551
-0.52745
4.487637
0.5992916
-0.8038267
2.292656
-1.393991
0.3392732
-3.027713
2.415008
1.779517
0.272189
5.306751
5.0718
-1.499652
2.182132
5.219043
3.912728
0.3457995
5.228249
5.159066
6.245342
2.653341
4.245286
4.079888
5.763843
0.6386123
-0.3165149
5.262906
6.670173
-0.2702492
4.510608
4.76533
3.814518
5.873894
5.132002
4.245317
0.4319034
6.370232
6.543569
4.011532
1.148767
6.731313
6.66348
0.6600163
1.253417
-1.956762
-1.362013
4.999632
3.632901
4.50065
5.912791
4.843513
0.04998005
-1.514374
4.797115
1.040872
5.545155
1.38621
-1.169788
0.0288724
4.784248
5.1824
5.665998
1.183396
6.150076
4.081081
5.670205
6.03501
7.815435
3.36192
-0.5321625
-0.8474103
0.1505576
-0.4142731
4.547515
-0.5403441
3.443847
4.959064
9.088593
5.433454
0.5036355
-0.3121191
4.860581
5.702749
6.437454
-0.6374143
6.801623
-0.003252913
4.612754
4.156838
3.532814
4.340025
2.405052
4.875503
6.250631
4.254067
-0.8935099
-0.005368169
-0.789243
0.7791909
1.452379
1.593315
7.330671
5.358878
4.925327
6.328705
-0.914773
-0.9938651
4.772491
-0.4645592
4.937822
3.549199
6.136574
4.682067
5.20468
6.553956
1.855421
-0.04618429
-0.8122076
0.1484147
6.694549
4.361373
-2.615371
4.933961
4.215817
-0.4383545
4.986907
6.17195
0.180696
-1.343921
5.85941
-0.9736914
0.08381263
3.087161
3.932438
-2.34199
1.985253
6.320676
-1.38885
-0.5393759
0.2601235
5.503417
5.507122
2.428599
-0.2240638
0.3325674
4.507258
2.579082
-0.4862416
0.2595532
-0.7796209
5.209889
3.471414
5.183997
4.588891
0.2202589
0.8600436
4.300465
12.95877
4.667049
3.704785
-1.400216
5.549927
4.755812
4.504784
5.96882
-1.363073
-0.9771506
3.897861
1.02646
3.703735
5.258825
4.794846
4.636504
5.801283
4.392469
-0.9678501
4.584734
9.068107
7.34538
5.328413
5.093881
0.09161137
1.622499
0.06121086
0.114217
4.456433
7.016775
4.997003
4.638951
1.667728
4.281582
4.544363
4.315904
-1.056216
-0.4114986
0.1481302
3.041405
6.210595
5.632396
0.3333676
4.19444
5.223122
4.594824
1.329098
5.349786
4.575931
1.735366
6.068414
-0.6793572
3.567281
9.717409
0.05639096
-0.5794966
6.094375
7.08819
-0.2278128
-0.9084553
-1.315842
3.842859
6.34293
4.090273
5.162124
5.933129
7.903554
5.046683
5.870217
6.955552
5.805869
5.355302
2.961857
-1.681917
6.188798
-0.4829935
4.680119
-0.8786402
-0.6280348
3.044593
-1.104554
0.3305861
8.744443
3.113827
5.081678
4.474639
2.984412
3.920651
4.688069
-0.9211671
0.3232529
7.288829
4.427692
5.143327
5.074627
4.616318
-0.6323107
5.490043
3.940213
-0.3786353
0.3036192
5.48684
0.88292
0.6643883
5.891938
4.422688
6.354685
-1.837921
1.78658
0.2945506
0.2593929
4.113728
4.830471
0.9171867
5.780534
0.3609524
6.867435
4.936827
3.301602
-0.4444166
4.216197
5.241018
2.183489
8.938476
-0.07782007
4.134974
-0.4814124
-0.3328465
0.4460834
10.65929
5.072285
-1.758486
4.876547
-0.6640323
4.768808
-0.9767697
4.346336
4.216472
-0.1615199
-0.2792184
3.26654
0.4369454
2.708319
1.462297
3.974337
4.135791
3.123022
4.147784
4.866821
-0.06433229
7.370533
1.746428
4.10897
2.688817
-1.18132
4.500967
4.893605
1.105186
4.757909
4.973296
4.687107
0.3760101
4.778776
0.02215819
5.445221
3.722212
5.334263
1.785062
0.1041528
3.720277
4.84239
4.440643
6.882582
6.438019
3.553387
4.945592
9.364345
6.095101
-0.1325429
3.689394
0.7557114
4.19056
2.950985
4.729145
-0.5524437
-0.8620033
5.794387
6.195545
4.783242
4.446156
4.655776
3.574603
1.920255
-0.5607821
3.502159
5.493686
4.973674
-0.9814574
-0.6231241
3.060008
0.6286967
-1.665853
-1.659725
0.7926402
3.821027
6.967513
4.619024
1.296402
6.37318
4.77353
6.249884
-1.930065
6.915267
5.837083
1.705732
4.211316
0.2465835
0.7711527
-0.4404804
0.07028154
9.899733
8.702062
5.006457
0.8910814
-0.1541454
4.618145
2.782101
1.130474
1.26608
4.539687
0.8970134
0.7675841
-2.336216
0.2074827
0.4721996
-0.9934914
0.7908297
5.567884
1.25128
3.96295
4.900913
4.390201
0.2608389
1.630176
0.1974725
3.590445
4.144878
1.411913
5.211035
-0.2202652
3.058179
5.855103
-0.02188305
6.13223
-0.2282806
0.6669703
0.4163103
-0.9809931
3.442441
0.7300883
5.909776
1.748591
-1.47648
-0.06752067
0.6007179
6.738795
0.8306298
4.413259
1.144088
-0.679954
5.754617
5.158158
0.09807283
-0.2174317
4.443203
-0.9855063
2.25878
-0.3853322
5.504794
5.421629
0.5148831
5.267093
3.71281
5.022205
-0.8909664
7.515322
-1.018057
0.3822688
4.550069
5.150421
5.272475
-1.181318
0.5288508
1.16157
1.025179
-0.5731691
4.553601
0.33887
4.12652
9.545226
0.6089807
0.1477641
5.504725
5.942496
2.416697
5.091172
4.534949
4.657222
4.579014
3.866674
0.7596144
4.96942
11.23778
5.914151
-0.7126595
4.863765
-0.5979652
4.489032
3.73222
3.994149
5.700324
2.916192
0.9303085
-1.399584
4.474669
5.730732
7.368532
0.07830463
3.025482
5.292115
5.207166
-1.343294
0.2379034
5.234068
-2.111279
-0.3071127
6.56661
4.090695
0.4330659
5.756033
7.018979
3.184374
0.8776441
5.163342
2.734823
5.190056
-2.342308
4.578809
4.846328
0.6997013
3.9015
5.870376
5.494452
-0.9679113
1.387246
-0.01632265
0.300429
-0.474067
0.4542161
5.946354
5.271908
8.058905
0.9801596
-0.2648417
-0.5314028
4.999351
5.720818
4.110533
5.176826
0.6850604
4.79239
4.125326
0.171386
1.276159
6.928715
4.766156
0.5558911
5.960031
1.37491
-0.4916542
4.954047
10.58411
6.158062
-0.04232854
-0.8233688
0.2757128
4.388713
5.198919
0.07980317
0.8807578
-0.9196386
-0.4456114
4.866122
6.192746
4.394835
1.097954
3.740354
6.017566
6.164289
-0.05857147
2.930044
6.870654
6.216454
4.326739
4.73074
4.490662
4.044106
4.94237
5.181592
3.668166
1.288672
6.529479
3.324841
5.364738
0.3283366
5.318973
5.412859
1.967038
4.16554
6.376157
0.3475426
5.832861
-0.4593489
-0.8868807
4.277003
-0.8151278
3.644512
-0.9253681
-0.4503801
6.342149
6.276188
5.899954
3.734676
-0.978434
6.279793
-3.29909
5.025657
-0.4276533
-0.2617263
0.5442544
6.10919
1.050104
-0.6227007
-0.03927955
-0.7165229
1.399601
5.076725
0.9438665
6.225573
12.53539
0.1854744
5.761322
4.93139
6.935194
4.529641
7.7138
5.004818
1.828508
3.898862
-0.5372804
-0.2085103
3.398368
4.243717
-0.1910933
5.455116
0.04277901
4.466909
0.5014402
6.375924
3.778135
-0.2990803
4.072952
5.608202
-0.597333
5.797545
5.036024
6.465401
0.679786
-0.976392
5.110498
-0.2275977
2.761515
6.962034
-1.347786
5.485573
6.157573
0.9649326
0.4914162
5.842442
5.240091
5.6852
2.864811
7.555272
3.938345
5.539711
0.2113326
3.02305
3.874839
3.729221
0.9336474
5.055078
0.3547303
5.938002
4.986854
1.949245
3.500107
-1.811415
-0.8603662
5.387031
4.513109
1.927815
1.091246
3.738732
0.6653907
-0.1726708
0.7012636
0.6102625
0.3805918
4.628513
-0.7412861
4.390631
3.389812
5.792006
6.08396
2.711891
5.405722
0.7526593
1.077124
4.369264
5.756469
5.465145
5.204242
5.230647
-0.8679395
4.775656
-1.934006
5.559087
-0.4666009
5.157027
2.821745
2.722147
0.2116105
3.729574
4.910283
2.882542
4.386704
4.745291
0.002655271
4.668262
7.878399
-1.865015
5.095395
4.647466
1.105545
4.99724
5.416302
-1.076163
4.973594
4.586462
4.98425
5.505368
0.614143
-0.0141629
4.626398
6.520181
0.9045653
4.304595
-2.603652
5.899428
-1.164884
0.939932
6.478107
5.450672
0.4432004
3.062726
4.304788
0.06357182
-0.4130036
4.105765
5.02189
3.460277
3.371648
5.941214
-1.074307
5.81767
-1.019985
-2.118283
5.549513
1.010393
1.304282
6.744127
-0.3578838
6.180455
4.554939
0.6248797
3.807551
4.66628
0.8729097
5.775696
1.438121
5.244854
4.357459
-0.06702676
0.4177667
4.457051
1.415267
5.727047
3.868353
-0.837842
3.849524
3.525487
-1.354901
1.370184
0.5999322
6.142742
8.235074
2.032624
-0.867468
0.1559099
-1.29328
4.061357
4.598154
4.737575
4.723666
4.292464
-0.718293
0.5572773
3.241356
0.6186068
-0.39451
0.9002461
5.208727
6.832804
-1.700642
3.973312
6.071728
5.007423
4.816995
0.09659246
4.347744
9.444538
2.598936
1.348764
0.4123439
3.916131
4.986551
-0.3461249
2.894798
-1.771988
0.2573348
-0.9255324
-0.4320103
-1.945552
-1.012417
2.736149
-0.5437099
0.189726
5.908056
5.405912
0.9414735
4.401799
4.979987
5.678789
8.428832
1.152002
-0.1324381
0.504143
-5.117815
1.482896
0.02120802
-1.684272
0.8797369
-1.18066
6.89313
1.977306
0.3039304
-0.278753
4.947243
3.903438
3.006292
-0.3810647
5.696805
0.3751084
3.73801
3.98032
-0.2785166
0.1980339
6.007175
4.420551
5.833439
0.7400031
2.801165
6.215835
-0.3884892
6.801713
-0.1565507
4.820992
2.349835
4.666127
0.886047
4.029601
0.4430533
1.176846
3.788679
5.734775
5.142217
0.5092126
-0.1326648
1.127152
5.863433
5.921018
5.203627
0.7106916
1.589434
4.819593
0.7732222
3.824776
6.064773
5.651332
0.6658369
3.631019
0.9598642
4.680664
3.008368
0.8758268
5.003416
5.108655
4.913208
10.76063
-0.3009411
-1.938759
6.347445
7.584189
7.361892
-0.640438
-0.02239729
7.572414
-0.5768419
-0.5245945
6.072596
6.369037
4.106351
3.731215
5.728351
0.9674097
0.1055747
4.545147
6.194282
-1.056144
3.728345
5.715173
0.3761372
4.762262
5.227091
3.774283
6.244869
3.791332
0.3259702
6.003655
5.728358
-0.6519914
0.3755557
4.24628
7.002441
-1.005098
1.055426
5.975506
3.99347
3.273716
-0.3687946
4.694265
6.296401
-0.1924434
6.368259
-0.5469894
5.622126
5.176461
-0.4676185
5.362957
5.326599
2.283679
-0.1213178
-0.4241893
6.340679
4.16259
3.939813
0.8604418
6.435992
6.752275
3.394807
3.968649
-0.1037534
9.307413
4.987422
6.324587
-0.2541308
-1.001736
6.829651
-0.2785222
4.282447
4.191793
4.05329
5.767788
0.02093059
3.505714
-0.1805287
4.17221
4.935817
0.2478034
4.011809
5.54965
2.125486
0.4907467
0.4105726
5.820878
1.027805
1.211537
-0.2427865
4.190167
5.090783
3.968887
4.481605
0.2463862
5.374329
4.88039
8.942114
4.916326
-0.9661887
3.956348
6.010195
0.6532517
1.583203
1.034302
-1.624633
-0.4869377
4.093921
4.327242
4.89943
-0.6329757
5.073636
-1.443179
4.680558
8.004082
0.445391
4.87091
6.615858
1.299708
-0.07137224
4.572174
-0.6325776
3.912411
0.1492301
4.678633
-0.1492339
4.925585
3.605511
-1.499701
0.4816841
5.584369
6.499631
6.33965
5.575155
5.265
4.869573
0.9001246
4.679769
3.688915
-0.3153849
3.924363
-0.05447175
6.415618
4.200448
5.562763
6.954462
4.995319
0.1774292
0.0621821
4.735707
4.593891
1.07836
3.975887
5.665553
5.811265
0.2689107
4.788931
6.327401
1.255279
7.100241
0.03750806
4.48258
1.540588
1.328796
5.751567
-2.368792
-0.5469896
5.234287
4.146021
5.904746
0.9240712
6.989745
3.692954
1.864356
0.4561159
0.9095245
6.73274
4.494236
0.6362679
-0.1941504
4.140407
5.390789
0.01869026
4.939613
0.7024864
0.1970107
-0.4144304
5.314141
0.2679534
-0.4194089
4.966897
-1.343768
4.418181
4.566316
0.272433
5.793476
4.828329
-0.6079506
3.889113
0.04238872
1.040418
3.942373
3.812908
4.29036
4.260352
3.830826
5.996255
0.3804555
-0.8547263
0.1403382
4.933157
5.95477
3.40982
0.6385564
-0.7601188
4.677805
0.2926927
