-0.08440754
6.067451
3.773777
-2.007982
4.680427
5.33562
4.271916
5.216159
7.625286
0.6801169
6.150656
4.512399
0.9741566
6.275993
5.796217
0.2701373
4.452783
-0.1687233
0.2895112
2.397899
4.484361
1.412575
4.343332
5.733537
5.114441
6.03869
5.271506
0.882994
7.04864
1.168914
1.071889
1.007508
2.629895
5.338237
4.135111
-1.764033
-1.221941
3.322206
-0.1450613
2.662771
5.144846
0.08012049
5.988728
0.07720264
0.2065208
5.224327
4.423289
-2.338348
5.144099
4.099411
5.611121
0.0932317
-1.681218
-0.7260404
-0.06759984
5.215113
-0.09640156
4.692344
6.515755
5.795708
7.245376
4.459684
4.696063
5.257928
-0.6038324
3.179775
5.403853
6.947303
4.214167
-0.5973386
5.17255
-0.9040178
-0.206988
4.307738
-1.058297
4.688802
0.2267179
9.030225
-0.9714762
4.551952
-0.5659689
0.8062209
6.651061
0.7706759
2.714474
-0.2767061
4.277782
0.9941651
-2.609632
0.05293747
3.322207
4.081912
6.840322
6.331985
6.601353
4.511165
1.336107
4.980731
5.649651
-1.459651
2.666622
4.598264
-1.552855
1.304717
0.3244319
5.912801
-0.3483644
6.129847
0.8159293
6.184565
0.02791968
-1.178934
6.202651
0.06060761
3.688752
1.481995
5.679234
-0.6313627
0.04313787
3.300555
2.989738
0.5236877
0.1860753
-4.112795
0.4381815
5.846518
5.113485
0.2309424
7.392124
5.28652
0.6280643
5.258936
-0.4772048
-1.522477
5.7168
4.621008
0.4870098
4.907216
4.512362
2.454408
-0.0555392
4.351414
0.2093196
3.617483
5.002691
4.876051
4.502139
4.703024
-0.5980263
6.175782
-0.14971
1.630775
4.869328
4.058476
4.66736
0.2458712
4.186628
5.59535
-1.350144
-0.8811068
4.380581
5.147983
5.929539
-1.466504
0.6261001
6.384719
4.054033
3.995875
-0.1684103
-0.9744483
3.444135
0.1648481
3.945904
5.603529
-0.3009181
3.863675
5.10525
6.253777
4.901597
6.48385
0.7955229
3.991247
1.201428
0.5360161
-0.846354
4.644037
2.306744
0.1703081
-0.5318953
5.575349
4.357102
4.644905
-1.08429
5.29513
-1.649204
1.35388
-0.03725928
5.480879
0.7546119
1.924002
5.075181
6.073961
-1.268975
3.176397
-0.08009108
4.892692
3.46677
5.002942
-0.9104707
1.11875
0.3391673
5.847201
5.588298
0.09842705
-2.635049
6.591123
1.73022
5.252507
-2.104903
-0.1432357
-1.272623
0.5796524
4.848876
4.517606
0.5779784
-0.7933848
4.187332
-1.651128
4.834781
6.125069
4.010142
0.710749
-0.4418691
5.415244
10.27557
0.5607357
4.388348
6.295392
1.059646
4.694571
0.8396852
4.112253
5.319908
0.4303922
4.416209
3.039218
1.463341
4.050596
4.719792
3.100253
4.262038
4.877374
6.76565
-1.400363
4.375642
7.733612
5.865805
7.150578
0.5109013
-1.057236
5.172106
3.107775
3.84914
5.888726
0.2422383
0.1462536
0.6681141
5.004308
5.371006
4.421795
5.506213
-1.054847
1.014282
-0.1147313
-0.3691859
5.938801
5.488656
4.15565
-1.1684
6.520792
4.723159
-0.08704944
0.3779399
6.021524
6.473803
3.98049
3.474244
-0.2053007
0.4946886
5.866273
0.8621423
6.871646
4.863372
1.926516
6.622305
4.34962
4.306584
2.226446
5.625334
5.883637
5.244253
1.749098
5.495423
4.446311
10.21032
1.30714
6.401336
2.67136
4.914365
5.021652
0.4934109
3.000198
0.2388906
5.446283
0.9099641
4.960939
4.107894
3.955811
-0.1142364
-1.393515
4.467453
-0.871152
4.059102
5.438099
4.391574
4.641228
4.85524
3.998993
6.647535
5.521262
-0.7954063
-0.8941308
4.141118
5.478523
1.948812
4.502286
0.6910342
7.82672
0.1389427
5.10676
-0.6631844
6.107412
0.09082157
2.471308
5.017115
5.192191
-0.9715892
6.567666
5.414907
0.2293667
4.67226
5.195567
4.391185
-1.223211
-1.880416
1.204056
-1.382133
4.618943
-0.8687068
2.713209
4.962132
-0.8533767
4.507146
3.782813
-0.6612203
3.489596
-0.2543797
-1.788126
5.613763
3.802522
-1.915328
-0.1850384
4.695218
0.05098107
3.550212
5.135624
0.1495483
1.251407
5.190426
1.100191
-1.69485
4.963947
-0.2371234
4.438259
6.518179
4.655128
5.530855
5.856962
0.3754344
5.274447
-0.9032634
6.494391
5.401116
4.37158
6.673703
9.583436
5.846419
1.276851
4.896903
0.9372111
4.661466
-0.01120786
5.806451
0.271381
-0.5239389
-0.5933324
4.844427
5.81036
-1.580393
6.416498
0.9720481
6.853382
0.7134143
5.452431
3.739917
4.79154
-1.564747
0.4074885
5.400358
0.2967661
-1.550531
-0.05023556
0.9494404
5.957471
1.442714
5.360084
5.805707
4.556416
0.649912
0.9567517
5.933285
-0.3716559
4.025041
-0.2966438
-0.5651389
0.9397168
2.991737
0.2628417
-1.41955
4.733527
5.537813
4.372167
5.881457
4.958802
-1.176434
4.510604
1.664403
6.157671
8.136129
6.594337
-2.003935
0.08478611
0.4449066
-0.3431085
5.354188
0.6925043
-0.3110218
5.03288
5.047473
4.275978
5.734647
4.549268
10.5877
4.559985
6.70599
8.076629
0.9927545
4.06081
4.599936
-0.9274408
4.669027
-1.018377
4.052489
4.010741
-0.3106177
5.132227
5.57489
1.082741
3.500776
5.255225
5.091663
-2.318787
5.096116
3.095895
4.675401
3.894232
-0.5737603
-0.05700379
5.180492
0.3192652
6.718213
5.314277
4.103296
5.429224
5.587159
3.223423
4.771557
-1.054792
5.240004
5.96684
