5.599544
0.4473574
4.540476
4.346724
0.1266601
1.170899
8.43973
5.379887
0.9537771
-2.316245
0.2146449
0.539128
4.86241
0.410019
4.490458
5.028076
3.971775
6.220797
5.696925
1.221311
4.491243
0.2705165
1.440971
0.5541002
6.544925
3.51983
6.73314
-1.007955
6.258538
5.176836
4.555805
4.019062
-1.36928
0.2975236
4.143888
5.989229
6.880981
1.284519
4.964017
4.778851
0.701346
-0.7966425
-0.1053998
-1.008371
-0.3726235
6.343369
-0.3219973
0.2506195
-0.2511099
4.19394
6.114756
6.16832
7.501306
4.399077
-0.9408861
5.06462
5.903929
1.493549
5.842375
6.222848
1.087411
0.3336823
0.6984931
3.543718
4.433547
2.780232
5.41453
4.252743
-0.9069508
3.721072
0.1744666
6.694785
4.721413
4.441452
1.009482
0.7386209
1.835729
-0.1477417
5.131016
11.2819
-1.740114
5.50279
5.285998
4.13484
3.550644
-1.250255
7.225215
-0.2070791
6.366096
1.201685
5.97659
6.308239
4.528084
5.341314
4.223195
6.699908
-0.2328672
5.115348
6.062764
6.810072
0.1375877
0.4365552
4.922536
5.290005
1.060514
5.476056
-0.4511995
1.034254
5.287946
6.440896
5.984442
0.3718501
6.652294
6.098035
1.816489
5.908989
-0.02571568
5.743275
0.4838415
5.311538
-0.1733748
0.12274
-0.106414
5.770032
3.203603
1.921073
-0.04264696
6.505454
3.523459
0.0684593
2.954628
5.219815
-0.611271
-0.6863513
-0.3512204
-0.2018962
0.6967089
1.744018
6.318354
-0.9197716
4.526296
-0.3523735
4.223874
5.344847
-2.246276
1.341961
6.20258
2.457228
5.828692
5.809971
5.107038
-0.5447634
4.747919
4.869562
7.18083
3.509589
0.7180342
-0.137935
0.8615204
5.116882
5.575553
-0.1997276
-0.2296458
5.437878
4.149968
4.498843
4.461661
5.540754
3.17654
5.200852
4.773274
0.1769083
-1.136518
-0.3531488
2.30479
4.180488
0.6145291
5.871015
1.188121
8.013471
5.174428
6.022162
-1.550661
0.619221
5.984074
6.247021
5.504269
6.498117
7.090791
1.467624
5.410145
-0.8278568
5.682011
1.037939
0.346265
4.402992
-1.053461
0.726259
1.918544
4.001914
4.008489
0.2550374
-0.705976
4.011739
4.896798
0.9060383
6.836501
0.9137393
3.951696
0.9648208
5.391621
-0.3977469
-0.9576351
6.065647
2.68137
0.7131644
-0.7007205
-0.2977627
7.038289
2.436242
4.620928
0.7375808
5.762411
1.702795
3.857978
5.904626
6.234843
4.55513
2.462201
5.618235
-1.173319
-1.125334
-1.067184
5.437577
4.622082
6.654704
-0.1387231
0.6700272
0.9406617
5.710447
-0.7325915
5.402699
5.417448
5.040693
5.35752
4.432976
-0.03751552
5.295829
4.507607
2.275249
4.75206
0.319028
1.25255
3.363976
1.186825
-0.5318058
1.603939
9.856638
0.1582666
-0.9854462
0.9576305
0.5718174
-1.052069
5.722464
5.051978
5.031361
-0.3618471
-0.5509591
5.069617
9.459116
0.06859621
4.426171
4.785425
2.983337
6.177746
-1.919271
4.025171
-0.03568226
4.869669
4.619372
5.699334
3.657115
5.737475
4.737622
-0.6391699
6.54391
-0.06518534
-0.998239
6.128694
0.1184265
4.382468
5.087857
5.699799
4.998177
5.497644
5.154704
5.28588
6.479115
1.201941
3.860933
6.352094
4.425754
4.564078
5.086728
7.26717
0.4698456
5.684042
6.936287
3.64261
5.338919
3.310255
1.303436
4.768967e-05
-0.5620638
-0.814037
-1.582395
-2.068939
5.165465
4.572314
1.535633
4.311304
2.655334
0.232073
-1.758058
5.029193
-0.3031466
4.501939
2.39385
2.842999
4.863394
1.430762
5.69566
4.95742
0.2503572
5.197018
3.925135
4.435884
8.431395
-0.03170767
6.363405
0.03152642
5.10456
5.356234
0.8840509
2.955226
5.585177
-1.328601
-0.008074939
5.63353
3.781417
-1.832301
5.044067
1.120111
4.899804
-0.3540679
3.372788
-0.800804
5.964131
5.205572
1.276269
0.9927454
6.511507
5.178996
0.507378
0.2365849
4.571745
7.316106
5.553929
5.14727
-0.1245615
-0.5395117
4.979919
4.741739
4.435312
7.647426
0.1994364
4.319845
-0.1166937
5.769292
0.5434273
4.679631
0.1611082
0.6181928
0.3456691
8.622362
4.828459
0.2762296
-1.193571
-1.757335
7.246393
4.162472
1.897327
0.09733229
4.665912
0.1401579
5.016917
-0.1994372
3.776227
-0.6290984
5.572399
5.811085
4.865295
-0.05117183
0.7911312
5.849988
0.1172371
4.462895
4.024423
4.275007
1.249112
4.911228
4.318783
3.434743
-0.2120528
4.115611
4.723056
5.157554
2.954518
10.81463
0.5047106
5.017739
5.054316
0.9248094
4.073569
5.334367
6.00322
-0.5912226
5.279072
-0.6803009
0.9106636
5.385779
-0.3192021
4.105451
-3.060537
0.4704554
5.6823
-0.2055439
4.681146
0.773894
0.2694475
0.4169633
0.7080309
5.264173
3.256565
4.037439
-1.210212
-1.052546
0.5293447
3.810029
5.201124
6.81566
6.872029
-0.304893
6.373708
4.707447
7.762954
0.8872529
5.715107
0.4395024
-0.56202
5.386946
0.5184892
3.40039
-0.8838118
6.019015
7.664372
0.4188822
1.653316
-1.756931
5.655208
3.756799
1.009849
0.3424846
6.911174
3.27766
4.415862
4.909244
-0.4134337
4.365416
6.78193
5.169536
-0.7771345
3.501048
-2.049101
0.9854124
5.065375
0.9579461
5.699982
4.04706
5.615437
6.106164
-1.320866
3.418526
4.124453
0.3742456
5.493366
-1.671452
4.543707
1.122115
2.709085
