3.295931
-0.3590421
6.34934
-0.4482383
3.794891
5.556901
3.662379
0.9165193
-1.588156
6.791559
0.3846642
4.937299
4.617209
1.511096
2.449511
-1.345655
5.660286
-0.740263
-1.115054
7.400209
4.742029
0.08207116
-0.4033508
5.260203
5.499972
5.643216
-0.790196
-0.9396388
-0.1772688
5.80922
-0.9546826
5.332912
4.479252
4.667599
-0.4619772
1.015831
5.950745
5.918301
6.540737
3.754642
6.244852
3.011763
4.597524
-0.3953194
-0.3579759
2.886324
-0.04498848
4.701837
4.050468
0.9589609
5.038673
3.371921
5.255706
0.7407111
-1.111768
4.025607
-0.8886621
-1.487538
-0.6374913
4.404013
-2.093977
0.9178737
8.017046
4.124947
4.560012
0.7776053
4.082438
-0.2430269
3.87542
5.451015
3.899883
2.792024
6.233087
5.974847
5.248028
-0.8625473
5.469447
5.809209
5.369655
6.525871
3.825031
0.7215756
3.762361
9.536994
-1.166169
4.830424
3.78667
3.498791
6.291949
0.3323716
0.8372086
5.065265
4.240803
4.752103
0.5730226
0.4708326
3.984177
4.500863
5.036528
0.6450107
4.432191
-1.342559
3.948372
4.718293
6.959549
10.03628
-0.6429544
5.233474
0.6167057
3.622897
-0.5312226
0.8348826
4.476607
7.218242
0.6024617
0.5842813
4.875541
4.179505
4.666774
0.4159954
3.994759
5.556627
4.81828
-1.228972
3.685848
5.60023
3.091229
0.8827847
2.839344
0.4801144
0.2642558
5.499867
3.837741
0.4956585
0.4703161
-1.92799
3.856865
5.60604
0.2361346
4.941325
2.378281
5.38251
-0.9006872
0.05175039
4.425633
5.424977
6.083426
4.710129
-1.561762
0.8909644
5.879067
4.821062
0.5933489
-1.80034
3.874145
0.5513206
5.117538
1.75008
4.868798
1.277942
5.559454
3.459963
-0.5354725
6.45357
-0.7119367
0.04674831
6.07198
3.580484
-0.4287585
5.630861
5.641047
4.709064
5.779203
3.25654
-0.2665976
5.46063
2.819741
6.736402
-0.1582463
0.4358422
-1.239075
4.04588
-0.1217875
-0.2465363
5.32426
3.40048
3.50745
5.645716
4.477404
7.495406
6.672493
0.7792762
0.2144951
4.322575
0.4808098
5.308644
0.09112098
1.047698
-2.135897
-0.2163072
4.60991
3.995873
0.3814845
-0.7707568
0.02584647
0.1318564
-0.8117687
2.950528
4.759863
5.242159
-1.548807
-1.327088
4.283734
-0.09705058
3.23217
-0.4381601
-0.1593876
-0.7632386
1.006122
5.170693
-0.5279513
0.841157
0.5368575
4.323267
4.678012
4.428843
0.4207102
-2.029653
-0.07948045
0.5925546
4.599669
8.720153
5.835187
-0.08799963
1.953425
4.28881
5.433498
4.753787
5.116995
5.723562
0.7957433
6.380692
6.044775
-2.180722
5.757861
1.821801
5.901039
5.642438
0.6398062
6.009358
-0.4827941
-0.7587556
0.599113
-0.4364551
5.382582
4.202795
2.412611
-0.2685071
5.399052
-0.7318641
3.878495
0.5902806
3.879754
-0.04840468
5.839973
2.051736
4.787451
-0.6608088
6.05059
-0.8656897
4.778152
-0.261951
5.845779
4.271347
-0.3011326
4.816061
0.03566877
4.183172
0.3249035
0.6190258
6.884023
4.539225
5.300754
5.092788
3.490701
2.199655
0.7202704
0.06321033
0.1767465
0.9484212
5.589256
5.473148
5.792542
5.486214
7.882956
7.858573
3.837013
7.000032
0.4978133
5.543614
-1.366369
-1.974017
3.74786
-0.8755559
3.640357
0.382358
-3.228334
4.987313
5.351654
-0.2151404
1.769189
6.13351
4.105671
4.666641
0.7238205
0.1168378
-0.1457699
3.826234
1.105125
4.324903
-0.5212758
-0.5289301
3.288142
5.574356
0.4670539
-0.4639091
5.415986
3.706348
-0.3414636
5.072424
4.816299
6.382637
5.331657
-0.1058119
7.199288
1.167344
1.042293
5.499846
4.846122
5.568564
4.941657
5.91183
4.283351
1.961026
5.590307
5.495191
4.371907
0.2354548
-0.2922873
1.421045
4.486654
5.341012
4.90397
0.2196634
2.973014
-1.176561
4.83048
-1.057661
4.26923
0.4527951
-1.400084
1.766165
3.638959
-1.778933
0.4440615
2.099342
-0.8182457
3.447942
1.016432
3.274389
5.369553
3.122475
1.08779
5.138801
2.490797
5.924042
-1.63722
-0.1293977
-0.04758398
-0.1961982
4.948991
4.67993
-1.792308
4.452157
5.032153
0.02882161
4.582667
0.4942683
4.11789
4.131434
1.436014
-0.7337201
0.07810154
4.829398
-0.9927438
0.707133
5.810243
-0.5262647
0.5814731
1.431614
6.373645
8.50834
3.931918
0.4194867
4.598876
4.33665
0.02411064
5.799199
3.890605
4.941657
4.072335
4.17402
5.024719
-1.363677
5.484402
3.176389
0.6789134
5.223936
5.386357
1.214105
5.559506
0.5957532
0.1568042
-0.4467858
1.195918
5.681899
2.869114
4.106866
4.183723
3.366844
0.7933615
0.8607527
6.754178
5.662695
4.581679
-0.6803351
-1.328139
6.345331
4.122929
5.074359
3.887536
7.115374
3.490485
4.145677
0.5296669
1.752011
4.902194
5.852549
0.5553922
-1.690959
4.750983
5.260754
-0.3149428
6.192423
-0.6482718
0.626603
0.4355594
8.556345
3.239747
0.2075478
4.112692
5.069403
3.47588
3.836437
1.401189
4.697442
-3.268899
0.4371739
-1.341288
6.571825
-1.217027
5.665091
4.981204
5.475458
6.15764
-0.1350962
2.75999
-0.307373
5.588426
-0.2424972
-0.7588493
-1.059541
3.76907
5.288885
5.767918
3.681119
5.13895
1.599729
5.297138
4.35121
-1.089449
4.405586
0.8244669
0.746366
3.074161
6.318997
2.817
1.662775
6.292348
6.644014
