0.0715273
4.745982
-0.3364207
-0.1290538
-0.2548512
7.619221
7.824784
4.652016
-1.462878
4.695438
5.359209
-1.041279
0.2205529
-0.4161319
3.279653
4.748218
1.092601
4.500234
-0.8847391
0.4840416
-1.177201
7.111249
1.411508
0.07762888
1.454501
5.946779
4.959217
3.698384
5.048024
-0.03792061
-0.8332284
6.53486
-0.827924
2.431891
2.553356
5.231461
1.97769
-0.839441
5.082397
7.31271
-0.9782642
4.412616
1.305113
5.569333
5.760792
2.117208
4.75893
-0.5430106
1.019688
-0.9721302
1.886916
1.440618
0.9832765
3.974345
4.491195
4.692076
-0.1499323
-0.901996
0.9483039
0.8558891
4.706868
0.6184307
5.288653
0.1572469
5.017552
3.887757
-2.705748
2.997208
0.3031845
4.0152
-0.1861834
4.219977
0.5095126
3.474206
5.981356
0.3192914
1.014453
5.429743
4.268684
1.862379
5.268547
4.355549
-1.191037
-2.155152
3.951173
4.391495
5.709217
7.116575
1.733989
0.2118774
-0.9128313
-0.7676166
1.27836
0.6600266
5.323379
4.708231
6.467025
11.00215
6.972713
1.105042
4.83132
-1.122248
4.325038
4.980331
5.338936
1.549634
4.417155
5.099534
5.563551
0.4226621
4.733349
8.400102
-0.472584
-1.26433
-0.6004361
-0.4493663
5.678179
0.05895366
-0.03437699
0.6851733
-2.026015
4.595092
5.5523
6.117625
5.83571
-0.2317971
-0.0440257
4.55844
-0.1371513
3.2236
4.334568
-0.2007089
4.955406
6.453732
0.2573896
4.054667
0.8525013
4.741718
0.005082979
0.3253941
4.009296
-0.8010047
5.504325
-0.1630674
2.595097
-0.08479836
7.424889
-0.2541551
5.627555
4.987466
6.617363
-0.4919863
5.48619
5.759472
4.523798
1.768882
5.63906
5.598606
-2.368341
-0.8771493
4.871977
0.1321478
5.284233
2.899813
3.949618
5.832138
-0.5110307
-0.6403461
3.334433
5.361358
5.811551
1.394798
6.87292
4.811905
4.457331
0.8427969
0.1118486
-0.1221289
-0.830495
1.516655
3.888537
0.4234838
5.161131
-1.384171
3.489338
4.006059
4.934975
9.761979
-0.45737
7.866983
4.109109
6.102197
-0.8913119
-1.825701
-1.643033
9.775666
5.254957
0.1918227
0.02520711
2.4342
6.024404
7.002669
6.06369
0.277968
4.770785
6.349747
-0.04860591
5.325701
5.503722
5.198809
4.029829
-0.3507819
4.570041
-1.000667
-0.2445089
-0.0617921
0.3809221
3.598752
-0.9212858
1.910616
1.421887
4.816172
0.3928896
5.74141
1.009014
0.7595885
4.146582
4.479947
1.663254
6.276904
4.418974
1.470108
7.110017
5.037478
0.8053327
5.370332
6.069867
0.5048329
4.938853
5.62408
10.40279
6.278582
4.974992
4.953826
7.752695
3.586567
5.899769
8.524433
4.94782
0.2348216
3.740628
5.496508
4.229783
4.695111
4.239022
6.131507
5.939831
0.6344326
0.009993166
4.625357
5.507075
-0.9341201
5.27395
3.934827
4.014853
3.173168
5.353897
6.975115
4.486431
5.67009
4.770572
1.500818
7.753367
0.8778634
5.003283
0.8287403
0.5580715
-1.765957
4.945749
1.654042
-0.3785311
1.300853
-2.245675
-0.1123272
3.812797
-1.93896
5.572601
-0.1004341
-0.2260771
4.228017
5.276308
4.475625
0.399171
2.057407
4.743695
5.067125
1.4201
4.804727
5.043437
3.632895
4.22527
4.436048
6.816352
-1.124592
4.468489
6.5132
0.376345
4.482774
6.25589
-0.4541247
2.272379
0.06384484
5.503792
-0.9126407
0.7018937
6.231754
0.1289224
4.954368
4.245828
-0.1740991
4.521687
3.101651
-0.7102258
0.566578
3.311753
3.60048
0.2293973
4.965127
4.008673
2.622136
0.2051925
0.2877465
6.179976
0.6897335
-0.5468951
5.681995
2.691386
1.272018
4.512883
0.09060568
-0.4927347
5.829154
6.390556
4.228617
5.645563
5.056517
11.03271
6.01873
4.85918
5.266791
0.3366312
-0.771862
1.165515
-1.622994
4.178484
5.64885
-1.993192
4.803388
6.325602
5.931708
-0.1054112
3.557559
3.702425
-0.5746925
7.289445
3.816252
5.89976
5.877094
-0.6392312
3.958986
-0.2591891
5.907272
-0.01698888
0.1603861
0.1669094
5.099279
1.52868
4.985255
6.12957
0.1555256
0.3743077
-0.4478386
0.1023843
3.639147
4.590337
5.43353
5.252381
5.115984
-0.395221
2.315857
6.479333
0.2443177
3.888755
-0.06864863
4.125664
0.8146522
4.479527
4.28833
5.685036
3.825422
5.004959
4.488139
5.524416
0.7673469
6.292851
4.029489
5.444804
6.121818
1.495714
5.176081
-0.8956469
4.577087
5.73317
-0.2546925
-1.70335
5.107216
6.648133
4.819915
-1.22233
6.050639
-0.846132
0.461214
5.974865
7.644576
4.352833
4.364829
1.560301
-0.3144911
5.888679
5.90005
0.9557981
4.271621
-0.8458171
4.673953
5.939386
3.825594
6.758517
0.8645247
3.544954
6.636154
2.492228
5.357552
4.505146
4.7835
0.290951
3.358046
5.511746
5.181286
-0.9999934
-0.9320985
-0.4042031
3.040572
5.360622
4.58155
-0.4546105
5.306016
5.576858
5.059764
3.224036
3.86024
5.770901
0.09296036
0.2457802
-1.03539
-0.5464894
1.58789
5.777395
1.0644
4.074681
5.840822
8.607894
6.168656
5.44667
2.277703
1.248599
-0.05327502
-0.2976396
0.6731634
4.741109
0.7079767
5.481386
4.798433
6.550238
8.721361
2.786506
0.6440121
3.537267
0.6168985
-0.3462613
4.031289
0.1146435
5.802369
5.881172
5.473604
-1.013829
5.143899
4.869889
5.675152
0.9979576
5.836734
