6.661464
0.7576941
0.5586387
4.128116
0.1532065
10.64071
4.958638
-0.8793476
4.226778
5.168263
7.149566
4.499727
7.501038
-1.394512
3.836421
-0.3937947
-1.405839
4.789827
3.228164
8.384503
4.705961
7.075382
4.735363
7.966846
4.965596
0.7252933
4.459577
5.646783
6.233
3.897832
4.623146
5.237189
5.147092
-0.5365375
7.724494
3.960526
-1.279067
4.126245
0.4593578
2.266439
5.931527
4.585419
4.405314
1.860434
-1.12565
4.710892
4.097541
5.008967
7.046798
5.361931
0.700479
4.567883
5.230744
4.507018
1.956717
4.783892
4.594636
1.918448
6.306133
4.957401
1.913299
0.2283001
6.105063
3.131251
1.357415
4.949331
4.022831
2.458424
5.309309
6.504488
-0.6647758
2.035998
5.527432
-1.276567
3.5309
4.803252
-1.517235
5.55693
5.455132
-1.259895
5.859005
6.306081
5.296606
4.263473
0.4672836
0.2139527
-0.95609
5.038
-0.9317475
6.309358
5.065278
0.7484931
-0.5078572
1.308282
-0.006565203
6.191548
2.718107
0.6148589
0.6654645
-0.806338
7.082702
4.06233
3.54032
4.214247
6.217546
3.247225
6.62922
5.340119
0.3528844
-0.4449057
-1.035754
-0.7318255
5.069834
0.3248005
0.9837307
-0.9494878
4.903718
1.241297
7.299821
7.505354
0.365443
0.4637475
5.445405
-1.342364
4.822864
1.570675
-0.2452191
4.152528
6.997111
3.794625
4.744381
-0.2706272
9.988738
3.925182
5.185266
-0.2216611
10.65082
0.1009967
-1.33135
5.819958
0.6351375
4.695928
6.795665
5.17985
4.384891
-0.9670389
5.415903
4.340542
5.430682
6.83564
4.245635
-0.3887587
4.671495
7.402472
0.6033757
4.045426
0.4454323
5.36042
2.884092
5.403113
-0.4091076
4.325742
5.99264
-1.170047
4.443426
4.309286
4.568947
0.91436
5.975232
0.3444552
10.95735
0.9699329
7.660162
-0.6491263
4.457572
-1.498228
6.26072
-0.1334877
4.51326
-1.25087
0.5212882
5.570399
2.730945
-0.7395289
1.703846
6.32202
5.177963
1.041588
7.890853
6.781662
4.783453
6.95757
4.712605
-0.5227616
5.637387
3.768945
0.6183293
4.98473
-1.204306
5.561704
-0.3612226
-0.7200901
3.83817
-0.2964347
1.170878
3.72332
5.723593
4.58627
-0.2451874
-1.626134
4.432179
5.936269
4.02111
3.616352
-0.3345972
0.4807212
0.6692312
6.219166
4.056142
0.1539775
-0.9708034
0.3426252
4.395207
1.077769
0.3347418
-0.5385871
4.173239
7.270826
0.544666
-0.01069429
1.185511
-1.696039
5.709975
5.776708
5.094444
6.733155
5.70229
4.01178
5.760904
0.6729149
0.1618053
4.753999
5.490585
-0.3312728
-0.9697793
5.395444
-0.3512922
-0.02068936
0.4942413
4.860562
