0.1053717
-0.5609722
4.515463
3.429924
-1.077365
4.247844
11.8384
5.911997
0.07590334
4.620075
5.091999
-0.3970603
-1.350381
10.81755
4.041401
-0.9499349
5.867579
8.978685
0.4617677
0.0056924
-1.187249
5.403204
3.131092
4.44675
5.76805
4.804219
5.004964
-0.3688598
2.290482
5.658981
6.271683
5.174565
-0.4391047
-1.191271
5.979835
6.333342
-0.3628395
0.2645661
5.772714
0.2577919
5.473755
5.904407
0.03536698
3.991462
-0.5209917
-1.022056
5.605822
2.450687
6.101013
-0.4795672
4.785801
-1.313451
0.5252866
5.140819
0.5285354
4.130464
5.092996
-1.291075
3.171283
-1.784742
5.498884
0.2282511
-0.219056
4.39619
6.955113
1.977101
5.231907
-0.1668092
-0.06646722
-1.580397
0.08581056
-0.434715
-0.2434244
1.542095
7.347187
4.816777
4.782194
-0.08057496
4.831457
6.069449
4.143413
0.363838
-0.144534
4.036648
6.710849
6.940081
6.584805
4.788704
4.934609
0.1108005
4.942766
1.298715
4.576043
-0.5147215
5.640044
0.09125232
-1.097563
0.4379488
4.635263
5.302153
7.189201
6.438785
0.6170252
0.01253836
4.264935
1.125507
4.552099
5.071179
0.1570535
-0.1165653
5.611251
-1.240013
0.4089394
5.708502
4.548366
3.104917
4.358376
4.10692
4.703343
1.547297
-0.3046057
0.4171223
1.998464
1.955613
0.01599132
4.014251
1.373326
0.9806891
0.2505799
0.1700627
3.388346
4.369983
0.6444655
6.097958
4.328528
1.230174
7.466792
3.410274
0.5229315
6.118685
1.970436
5.212879
0.005654576
1.964423
5.061062
-1.791336
-0.6715779
-0.3974788
4.134845
0.406679
-0.2236469
-0.1368849
4.110352
4.690187
1.169773
7.500559
-0.1354945
-2.149556
4.590278
-0.1035241
1.479155
-1.929926
0.7633274
-0.4320817
4.480522
-1.345246
0.3542509
3.735632
5.914931
4.159313
0.6685897
3.132478
2.085283
-0.8623831
0.591578
0.08919381
4.780857
6.171844
-0.809144
0.3087985
6.712256
4.727538
5.515786
-1.363318
4.762053
5.176807
-0.3402316
1.477007
3.492843
5.855213
4.738761
-0.1182661
6.086504
4.944828
4.876276
4.840759
5.125486
4.431803
5.064385
-0.4224785
4.707359
5.517425
5.786518
3.921779
4.362967
-0.9043031
-0.1092267
-0.6951179
5.901058
3.294486
0.8782534
0.06802475
4.3712
2.141974
4.319198
-0.8760228
6.318768
4.908424
0.06705183
-0.04056481
5.321956
6.279514
7.31681
8.299923
2.726942
5.267138
0.6919548
4.726591
5.480431
-0.4270352
5.467951
0.2721443
-0.1770832
5.532388
7.694922
-0.868139
-0.3811942
5.874334
-0.08885328
0.3581522
4.027184
1.601578
4.587895
0.5497178
4.519061
4.97231
4.320099
4.702454
4.816623
1.094423
5.584608
0.8100049
1.462879
-0.9568157
5.300026
0.7033919
4.962508
5.624432
1.330315
-0.07645233
1.460257
-2.523932
3.393467
2.977793
0.5553761
5.897338
4.624301
5.751388
0.8388633
4.808248
-1.071756
5.365512
4.455807
0.6295511
0.3803881
-0.6226124
-1.527108
7.371534
-2.507455
4.054666
-0.1246533
4.202365
0.870907
-0.3056453
6.799601
5.248699
-0.5381987
5.096397
1.184897
-0.3790627
3.581772
6.488701
0.1398415
6.575085
-0.1062772
5.171445
0.6076846
-1.089816
-0.8327117
1.18013
5.097304
5.102542
-1.421515
5.393258
2.260392
5.160407
-0.4355965
5.880221
1.546229
4.029234
1.20403
5.226581
4.986351
5.614458
5.519839
5.357557
0.3148555
0.7682589
-1.051158
4.443154
1.066065
4.771884
1.340189
3.884825
5.829978
5.101802
5.23115
3.771784
-0.02876875
5.058475
-0.4929636
0.1616341
4.639706
4.262563
4.561467
0.3978243
5.966091
5.720314
-2.651943
4.893887
-1.369226
4.665725
3.530562
0.4480621
4.447184
-1.626652
0.9385232
6.375323
-0.5249218
-0.11823
-0.02732737
5.803848
10.4374
-0.1814878
7.050693
7.531765
3.590017
3.542642
3.807057
0.4530939
5.518273
4.687761
4.958951
5.715754
4.107373
4.345652
4.184409
-1.844762
-0.362148
-0.1362193
4.404607
4.66332
0.02030004
-0.3302092
0.5375832
2.058673
-0.1443717
5.266936
-0.07613815
-0.9849619
3.13378
4.430279
4.840825
1.615373
4.63392
4.102554
1.15268
-1.059733
6.575571
2.466123
5.297337
2.099402
-1.551207
-0.8292366
-0.3195622
1.990832
0.3266064
0.0288483
0.190223
4.756747
5.083272
-0.728569
5.762281
4.802643
6.006221
5.449945
5.900798
0.1112198
3.873196
-0.2303178
4.876721
-0.4256321
4.801475
5.788711
4.408618
4.974025
-1.235314
0.006746374
3.078702
-0.1608689
0.9519179
6.367819
1.702093
-0.5128405
4.886563
2.277956
4.161822
-0.839768
4.97103
5.628834
-1.119144
0.00217247
5.411789
6.113534
6.084869
5.34595
5.132698
-0.02258076
4.76003
5.64557
4.132251
2.490584
4.443777
0.9282519
3.288303
2.263384
0.8985395
-0.1446301
0.6761069
8.11162
3.320156
0.6038014
5.074401
5.427718
5.403956
-0.4250508
4.595102
4.593735
6.738402
-0.02561345
0.200032
0.4730421
-0.8757398
4.603456
-0.6770141
-0.9513613
4.92103
5.457709
3.917025
1.398549
0.8765016
4.409162
0.5268436
5.921955
5.85066
-1.030033
-4.392763
3.141482
2.221478
-0.3269326
4.966411
-1.763253
-0.1585769
0.7720099
5.961669
-0.5198781
5.524651
5.810582
3.56759
-0.1366987
5.889468
4.14918
4.819371
5.587867
6.606987
6.046085
6.049106
0.8286275
-0.4824499
4.635567
3.892108
6.004404
6.556035
4.664185
1.134016
5.322974
0.3201421
0.009528222
-0.6213686
4.185109
4.363445
5.910443
4.48641
4.138308
4.567215
6.614592
4.390616
1.272582
3.510392
2.748435
0.03397028
4.527829
1.693554
2.733958
1.070796
6.703999
4.812608
4.975649
6.689092
-0.5389495
4.75161
3.57236
5.697102
-1.524837
-0.201956
1.036623
4.733652
4.060308
0.3520132
5.688109
6.115628
1.759075
0.3753224
6.105154
4.695603
1.511874
4.899736
5.801774
4.117636
-0.1503232
5.624409
-0.5158464
5.537668
9.298624
0.0167415
-1.256642
-1.137898
2.619332
5.828365
2.216619
0.4177423
-0.769921
-0.1865027
9.341391
6.533713
-0.501405
4.303399
5.921652
2.867229
8.997199
-0.01664786
0.1310975
-0.8155533
5.288035
1.331903
4.482981
-0.4354116
4.364177
0.06628453
0.9825796
4.700338
6.884863
-0.1524529
4.234721
0.7405843
4.324836
-1.185251
0.5209088
5.022895
4.460018
4.049493
0.8805901
-0.1874398
6.451533
0.6329921
0.5730471
5.148688
3.497244
0.8459298
-1.599034
6.076891
-1.09163
5.372894
5.821454
-0.6042147
-0.8629548
2.835124
1.358297
2.995017
6.960253
-0.9666969
1.884227
4.398073
6.437229
5.230878
-1.050932
4.411521
5.947369
6.769566
3.156002
5.713942
4.690535
1.485453
4.294217
-0.3411626
2.337699
0.5081819
2.755767
3.812226
5.07291
6.082367
5.187264
0.6777671
4.739074
4.667524
6.603492
5.171406
-1.074101
3.203438
7.126549
5.721103
0.144006
2.575032
5.873732
2.260921
7.031666
0.2784361
0.3005806
5.088912
0.7385925
5.469438
5.193951
-1.884459
4.12638
6.627934
0.8741108
2.3242
6.181187
-1.459726
3.608309
5.561425
6.388718
6.389722
1.161942
4.012101
5.800794
5.504841
4.904023
5.012375
5.199013
4.43575
5.705483
7.476861
5.239493
5.268732
-0.1283298
4.590635
0.2730941
-0.502522
5.38091
4.719707
1.600618
3.307602
1.079601
0.1744407
0.5751216
-0.1767899
1.318726
4.559396
3.555822
3.140631
5.325475
5.619005
1.162657
3.416291
0.2733909
1.194814
6.7091
-0.566883
-0.1274479
9.784355
3.551157
0.2746432
-0.01344917
4.156137
3.351726
5.011486
-0.07335561
-2.524993
0.01519456
1.329939
5.787092
0.6291084
-0.7632606
0.7301125
4.589279
8.507981
8.375321
0.6440193
-0.2026628
4.473389
4.805141
5.708817
6.014246
4.927492
3.198191
3.777359
4.536464
7.013269
0.5271707
-0.5668642
4.658866
5.405674
0.0538348
4.575572
5.856553
4.814168
7.12003
-0.7817573
1.176798
4.116727
5.882631
1.237484
5.104488
0.9599198
-0.1366587
0.4222148
0.1791394
6.45079
0.7138136
4.464018
6.886021
-1.176628
0.5663305
-3.049995
4.46458
4.096375
-0.7048199
5.99089
3.128065
-0.7826206
6.256296
-0.5798163
-0.3959309
-1.247078
4.289347
0.613133
1.746812
-0.2579882
5.883959
0.6656845
5.289157
5.841925
0.9256562
3.578226
6.503214
6.300436
4.363209
1.007183
3.729876
-1.581449
1.191226
-0.2225569
6.233793
0.1969846
-0.05026708
0.3024527
5.33261
0.1540958
1.457039
4.278755
1.498812
5.163254
1.097565
-0.1932059
0.524862
0.08363552
4.218398
-0.2716628
0.06722
4.043973
4.977466
4.805196
5.22004
5.109724
3.392785
4.397699
4.566365
5.867884
7.077585
-1.117668
-1.109892
0.5983037
5.749158
6.002801
4.810603
5.529284
5.215089
1.839671
4.566666
5.318214
-1.013126
4.46579
0.06282829
1.288991
-0.2626439
-1.093348
4.928239
0.4651822
0.7017082
0.6476815
8.722984
4.376222
0.1237408
1.003281
4.42779
3.446003
-0.02338215
0.871711
5.291021
5.843114
-0.8444978
-0.5350857
-1.104492
6.031733
5.425658
3.27713
4.607299
4.34732
4.768446
2.788342
0.1766388
6.1847
4.13936
6.547877
4.62489
-0.2312402
-0.6654912
3.818734
-0.8597041
0.8122781
1.957663
4.78559
-0.1619066
1.420585
0.05583337
7.994088
0.4335654
5.692552
-1.182856
5.776175
2.797643
3.831231
5.852338
4.864175
4.971185
1.265867
6.008671
-0.9036562
0.6385545
4.475251
5.674475
-0.7482821
5.246552
0.6521797
-0.1368865
3.475562
5.545205
0.7817072
0.5589652
5.010277
2.587644
5.954305
1.490018
5.394596
-0.9281903
-1.365342
4.656056
-1.38104
0.1882111
4.985701
0.7550295
6.600555
5.568252
-1.367735
0.2173084
4.384062
5.354678
5.515317
4.344615
5.466306
4.260019
5.965275
7.867651
-0.3519906
1.849794
5.961433
9.753815
2.774425
5.104987
2.923624
4.10287
5.033182
0.3881606
7.333791
3.462476
5.651376
4.659393
3.654955
-0.7401895
4.268957
5.435642
0.2569557
1.029636
2.306368
-0.2270428
4.386413
-0.228753
3.980839
-0.8072275
-0.4869962
5.800126
-0.5152231
4.677419
4.798242
2.715271
-2.104317
5.950385
1.174321
4.935237
4.807513
4.963837
4.33059
1.20432
4.971072
6.25142
4.982916
4.965451
-0.3412901
5.786243
0.5405762
5.737261
2.878474
5.041339
-0.9246074
5.113594
0.9539542
4.42312
-0.06746638
5.490121
1.954723
8.307245
2.076316
6.286481
0.2026957
4.193339
5.442657
6.133746
0.9295628
5.434383
5.694941
5.387115
5.036255
-0.8679522
-1.030529
5.784945
6.384445
0.1858378
2.02574
6.12831
5.699368
4.06987
0.7227441
0.2823312
-0.2531301
5.365792
5.893815
1.076189
4.699255
4.385462
4.889191
5.412289
4.235433
4.779429
-0.7916839
-1.113474
7.186088
3.708514
4.629248
2.967363
6.604106
1.300247
5.800328
5.248379
3.77867
-1.765201
5.397182
0.01741854
3.902323
6.272737
-0.2741583
5.865409
4.786087
2.943925
4.997423
3.247126
-0.2771031
5.754222
5.25989
3.914952
0.6291532
5.94715
-0.9366681
5.484238
1.266444
-1.161593
5.417207
3.97794
-0.01437057
5.619232
5.244795
4.871475
5.479477
9.49588
-1.264621
1.281823
0.7067274
-0.7978039
1.010718
7.580136
3.914352
5.062006
6.435546
1.435546
-0.8521893
4.381413
1.131686
0.03348857
4.637933
-0.9681065
4.830905
10.90262
4.063409
3.317069
-1.513976
0.303962
1.033425
0.6354109
3.472345
3.789001
5.066449
4.530112
5.700229
5.258552
4.13685
5.774682
-0.7936381
1.492927
0.7342456
5.676117
6.306499
4.693073
6.992805
5.51645
4.596868
4.177505
-0.8986936
4.920975
5.788386
0.7632755
-1.273788
7.192798
-0.153586
4.412338
4.330415
3.68903
5.242565
3.700447
5.292767
-2.419058
6.208383
4.927953
5.876725
4.393338
4.128269
4.077768
1.979627
-0.7453713
5.125888
3.051882
5.472867
0.3911017
-1.839912
4.343806
2.623762
4.970429
0.4526305
0.3957308
5.554942
3.193306
0.3988507
0.08392833
8.546325
-0.2899718
1.495932
-0.0518373
13.12398
4.583256
0.7564223
0.7086471
0.6608106
6.834717
2.340544
5.289181
2.98354
3.553611
6.867968
5.993087
0.3755385
8.390172
4.233853
5.550077
0.2128446
8.467578
1.913857
5.991048
-1.291918
6.158083
6.635511
4.701538
4.207934
-0.04471455
3.858558
6.56132
-0.9544954
-2.267389
-1.60283
5.139408
0.399573
0.1359412
5.58332
3.748778
5.450874
4.896186
1.10287
5.616304
6.701207
0.1608766
0.2755248
3.906078
4.612967
4.289184
0.4902116
4.827549
5.885672
5.284174
4.777847
4.520689
6.591021
-0.6391278
5.248646
-1.670883
3.267898
0.8884486
7.864806
1.633267
5.648853
5.008381
1.737067
-1.085183
5.225047
7.002039
7.206472
6.776622
4.578102
-0.5728272
-0.5758869
0.5302274
-0.9704343
6.542568
5.09877
5.615244
4.460994
3.62299
5.746543
0.7605339
5.582154
4.031407
-1.217443
5.016963
6.107971
-0.9977166
-1.010808
4.824235
-0.6157279
3.464131
1.738381
6.960241
3.650734
-1.16446
6.485707
3.48779
5.790034
0.4694874
1.100683
-0.3594405
3.582428
-0.4929753
2.219226
-1.116469
5.341771
0.7301757
1.266981
5.953312
4.956084
5.738414
5.760199
1.232805
4.713647
0.2455031
6.090089
5.126602
8.844715
-0.791186
0.4186059
3.591045
3.963435
3.505014
5.207707
6.994997
4.230355
6.05443
1.346523
1.577438
3.847019
-0.8870636
0.05527405
5.317073
3.354224
-0.6809195
4.592606
1.568036
5.749828
-1.609795
3.138499
0.6543829
4.902839
6.710762
-1.265436
-0.2900867
5.372523
4.841257
7.640797
-0.7786435
1.498123
6.877822
-2.583126
-0.2510384
7.361245
5.372761
-1.514787
-3.019533
6.551211
-0.337671
2.187032
4.939759
5.820207
-0.7370157
0.7771721
-1.166932
-2.177341
4.450834
4.462266
-0.3017903
6.636298
5.472191
4.725557
-2.667575
-0.199544
1.065109
5.948195
6.141162
4.749232
8.470727
4.650647
0.8690747
2.843802
-1.447671
0.7131599
4.948485
0.896358
-0.825611
-0.7565216
0.4947435
3.999282
3.128003
0.07674971
4.198241
5.680497
4.525536
0.04931429
3.533488
4.661066
5.611417
0.4683425
0.2058118
5.820013
0.08923599
4.330004
6.438441
1.028247
3.743409
3.79698
4.084665
0.5473473
0.4941757
4.13128
-0.8731705
5.231652
-0.6093675
-1.381758
4.809995
4.595611
6.48579
4.572051
1.162946
0.4174164
5.196243
1.018378
5.187065
6.926554
1.731536
3.637484
-1.642266
4.866948
5.757392
6.68135
-1.341568
-0.9907647
4.117585
6.158035
0.6248017
3.708417
4.600358
4.424327
3.765275
-1.459841
0.2571487
5.359508
6.062343
2.426494
1.313485
-0.1451582
5.990114
-0.3128495
-0.549887
3.279553
5.208342
6.978947
0.2531717
5.852651
4.355632
3.781237
0.1160595
5.017275
4.520939
6.258072
5.488508
-0.7149166
4.32389
5.08167
-1.063207
-1.130117
0.6071243
5.80895
-1.512647
0.9743226
4.870533
4.408808
-1.006986
-0.09714642
3.909054
4.489878
5.280363
0.7153546
5.332909
-0.7595671
4.539537
-1.154627
5.895179
3.982609
0.8162524
-0.7001203
0.5997811
3.925648
1.722751
3.416077
7.21814
3.593982
4.430896
4.450763
-1.004153
-0.2206343
-1.187474
2.132759
5.681571
-0.004388737
-0.06652871
4.705664
5.113089
4.029246
3.936236
0.4597679
6.212824
-3.763001
3.849471
4.135033
2.922248
-1.590983
-1.062023
-1.507348
5.385756
4.670279
4.742543
3.007994
5.797969
0.3056745
1.23476
5.290559
0.8417106
-0.2369124
0.296342
2.45963
-0.5475739
-0.5486517
5.763202
5.51185
6.347732
-0.6025191
6.56346
-0.2915856
-1.995054
0.5696094
0.3037013
5.098593
5.204653
4.324908
1.999895
-2.340196
4.478379
0.4943013
3.285426
0.4960898
-1.278911
5.682306
4.28876
4.503716
3.913244
1.138217
1.350346
8.523267
1.234362
-0.008086198
1.206343
4.748138
0.785452
1.017797
3.32691
4.569909
5.763672
6.411878
0.6540818
5.829405
5.802616
6.556937
7.119867
0.6982746
4.475035
0.84036
0.9552471
0.1554897
-0.4963887
4.491575
3.43547
5.999823
4.537922
1.523071
4.247989
4.119135
-0.9024146
5.43318
4.06099
2.435411
5.815714
5.28286
4.031516
2.451386
0.3561963
6.575902
4.184751
6.139787
5.197069
4.820261
5.637415
1.055967
-1.084524
3.001022
-0.7555344
0.2888724
6.089388
5.093934
1.514894
1.539237
4.102412
-0.848613
4.703577
-0.9380541
3.017884
1.54765
-0.4285907
1.813909
0.3652196
11.64561
-1.696588
3.834615
6.128265
3.573714
-0.5192783
4.553052
5.694775
-1.171823
6.061356
-1.02587
-0.3610439
4.830871
4.644315
6.356476
6.741233
4.771864
5.413304
1.374336
5.378987
5.651025
4.260675
-0.5072554
0.8793552
6.144335
4.320583
3.808176
5.021726
5.150077
0.6331172
6.546752
-0.5431781
4.923629
-0.5489375
-0.3625653
5.445802
6.688615
-1.333734
5.201803
3.346064
3.933796
4.371795
-0.1685126
-1.812493
-1.075686
6.478352
5.681725
7.09816
5.379285
1.072953
-0.4623803
-1.047989
0.4204035
-0.1876088
5.59952
-1.453316
-0.3023474
6.066348
4.577871
-3.783552
-0.5775557
6.614389
4.878299
7.65022
6.412003
0.1904019
4.051133
0.7806401
4.795412
6.094322
3.38258
4.515323
-1.017822
4.782814
5.544754
5.706564
4.030279
-0.8163541
0.6819603
0.4387406
-1.644126
4.044071
5.074007
2.062661
5.467988
4.194323
1.032608
5.862393
5.050591
-0.5208153
4.58193
6.364556
-0.7716399
0.1948789
6.023147
4.754963
9.03814
4.711224
-0.5723716
1.061647
4.372281
3.944523
3.543712
3.703252
4.730831
5.138083
4.786153
-0.6137341
3.65141
-0.4444126
3.517411
5.747402
1.216004
-0.3708232
4.092497
-0.5311215
0.07613407
4.185684
3.504993
5.162798
3.393564
6.496344
5.486159
0.6696359
5.251123
4.319356
6.793987
4.57701
0.8530907
6.022414
5.039319
4.171439
0.8314999
5.700533
-0.6640512
0.2784327
3.126467
5.004888
4.738894
-0.5480947
-0.7852464
7.799736
-1.336919
4.400485
4.332123
-1.074493
5.929138
0.5467794
-1.55993
-1.81622
-0.3478593
6.64101
1.602023
3.023991
7.070274
0.824485
3.819083
4.818198
4.332377
6.005737
-0.1565667
3.511744
0.2052109
3.459788
-0.1470274
1.761561
6.57564
5.931449
1.167297
3.293449
-0.4784795
2.197137
5.911487
0.3912277
-2.390125
6.025793
3.785841
3.45628
5.612582
4.948755
1.437862
4.397791
3.988394
3.720807
0.5980793
6.217169
0.5077642
-0.512131
1.007324
4.946374
1.244156
0.6156071
-0.1968926
5.365582
1.229472
4.185864
0.1481727
0.1666491
0.381293
4.602388
2.698807
4.749002
-0.4844571
4.923824
5.369045
-1.306194
1.874268
2.552477
-1.340612
4.052594
4.174747
4.773758
5.598725
4.44237
-2.504095
5.310784
-0.2457742
0.5971133
-1.984783
5.380392
5.228931
-0.4681655
3.261571
3.090593
-0.2613068
-1.494455
5.151971
5.306532
-1.247212
7.320125
6.940664
0.08005219
4.888046
0.2434935
4.519247
0.1015052
6.479171
0.2168175
4.31778
0.1745435
10.35023
5.756503
4.266147
0.7373191
-0.8506943
3.092983
7.177285
-0.5478883
5.433414
2.739909
0.5263566
1.984736
-0.01690531
1.874157
0.9682581
-0.3319718
5.369815
5.896367
4.835491
5.8008
0.421936
7.057216
0.9892215
4.903842
2.971552
-0.8461122
1.114685
7.255687
6.484873
1.150122
4.840384
5.877603
4.305798
5.958697
4.428004
-0.9164688
4.346862
1.236393
-0.7819382
4.373108
5.275052
4.283579
5.481247
-0.3453981
3.90041
6.235192
-0.4579476
-0.1044443
-1.146284
0.688813
3.579349
4.586864
5.65314
1.104117
0.5578352
5.611137
4.884116
3.415054
5.105971
5.38213
5.484103
-1.170331
11.31162
8.822675
0.1149668
5.02799
0.04838735
1.53856
4.700434
5.725956
-2.351253
-1.148582
6.177823
0.01059158
5.300024
5.054142
3.545797
3.928479
6.167661
3.034577
1.668293
2.241406
4.629776
5.321636
4.478765
2.055339
4.351847
-0.4067466
1.268479
5.338289
2.170499
4.317853
0.9394592
2.146636
-0.04271991
-0.4526908
7.819975
3.154668
-0.2287314
5.521976
2.722028
8.405776
3.254294
0.6919613
4.359287
-1.194824
4.003981
1.798143
1.44916
2.203748
1.100454
5.793971
6.596113
5.413414
3.642368
0.4035725
0.9231124
4.569064
-0.1790713
5.786176
3.881173
-0.6822806
5.303358
6.249889
-0.1337533
1.301974
4.899556
-0.1624574
7.391502
0.6172225
-0.3243026
5.68879
3.911246
5.006724
5.078639
0.655768
-0.2503755
-1.525747
4.682246
3.686877
4.567771
5.078465
3.954847
4.329594
5.927008
0.2117883
4.94148
1.725542
0.7979008
0.3909461
4.147762
2.162713
6.133681
5.065476
-1.761845
5.375653
5.25297
-1.705324
1.011261
3.949922
-0.6673086
5.14021
-0.2479065
7.275662
4.748935
5.243783
3.056001
-0.1169835
3.055176
-1.563007
4.767361
0.9474423
-1.195606
0.6547082
5.001146
6.7538
4.618137
-2.619931
4.98105
4.789857
0.8724675
4.747979
3.881923
4.162043
6.003031
-0.478908
-0.8335965
3.986172
5.192691
6.836005
7.290853
0.2705786
0.1179604
0.03609123
4.589007
4.270368
-1.095136
5.163764
6.241877
-1.588064
1.242512
5.691983
-0.9779484
3.977786
4.767381
3.866244
-0.8245241
4.941624
1.44368
5.347368
6.100483
0.4435695
5.013751
-0.4479628
0.4919764
6.471102
1.562891
-1.095341
4.310765
3.297477
3.919483
5.313638
0.5205247
5.688642
-1.892334
5.092841
5.604163
5.106102
-0.09197577
5.524239
1.224407
-1.420317
5.925447
5.273243
5.04489
5.13647
3.64262
4.284214
6.657865
-0.5760254
-0.7655112
4.78958
0.1849907
-0.3201918
4.31932
4.198671
3.542083
-1.327369
0.1975758
0.2037847
-1.842499
5.336012
-0.9296525
4.634381
-0.5464943
4.527695
4.561347
-0.5712594
0.4776427
-0.3264859
4.646698
1.361999
5.824648
4.435967
5.273026
5.80338
5.767668
5.443127
4.126918
4.84767
-0.9620506
-1.041997
4.668079
4.430932
6.744573
0.7280509
5.414734
1.398916
4.946872
1.471766
4.095235
4.785754
1.796049
-1.436471
-1.512679
0.8605447
5.639428
4.575734
-0.3676218
6.030218
0.9694668
4.590485
5.245447
-0.1607426
6.198126
-0.05172517
1.574181
1.001704
6.312059
-1.310187
3.197523
3.128864
1.416003
5.246061
5.159588
0.2191843
5.27723
2.831579
4.946856
6.510812
1.0893
4.854398
5.411717
0.5053198
5.725789
0.8897712
-0.7097493
-0.07468203
0.5839171
4.438983
4.610433
-1.281522
5.279384
2.523991
0.300853
-1.086852
1.365603
4.292241
1.222188
0.07049428
-0.5622814
6.92131
4.321381
-1.191862
4.535722
0.2097121
4.77146
4.593214
5.307153
5.016282
0.8538334
0.2475082
4.153031
5.377226
-0.6056212
2.785516
4.362578
1.04799
2.93799
-0.6052366
1.285056
4.426141
6.290278
-0.7292352
4.805109
6.157753
7.626212
10.63289
-0.2944059
4.998327
4.428655
-0.001485923
6.195696
4.106374
3.719561
-0.7913386
0.8153681
0.08390179
-1.222503
-0.6406639
6.599881
2.885452
0.1458894
4.982504
4.186628
3.619638
4.059
2.426361
0.8183782
-0.5498915
-0.2106398
-0.2156709
4.85853
0.3872966
4.557016
-0.6672979
5.101037
5.194809
3.061676
5.610497
-0.7473704
6.204571
1.018915
4.391193
5.906596
-1.532218
4.924789
2.788078
1.414845
-0.756958
5.358123
4.750217
-0.1260123
5.858968
-1.175049
0.7278797
1.548342
-0.01232799
4.154552
-1.66722
-0.5006385
6.344628
-0.6687205
6.217912
4.55426
0.5013382
0.4281604
1.34579
1.157823
-1.280344
5.028162
5.403693
-0.6062465
-0.2489979
-1.481993
4.873613
1.373507
4.322594
5.700062
4.137996
4.194855
-1.003069
-1.013653
4.387966
3.497806
1.399464
6.980641
4.895728
0.2377729
1.129395
4.633577
0.510996
4.545723
5.156923
-1.499265
-1.488809
3.149457
1.100429
0.5081008
-1.189717
3.549353
-0.1235813
4.880326
4.828784
5.577895
4.647117
5.779407
4.014456
3.620236
-0.6494531
-0.5147166
8.470553
-0.4498843
0.4124679
0.8295089
8.834027
5.254045
-1.875115
0.8955616
4.443588
-0.1519278
4.006853
0.663814
4.634457
1.015296
5.386454
-1.244436
3.121046
-0.1444122
5.901392
2.278191
5.101607
6.742462
8.619827
0.2969717
3.09851
-1.420428
-1.015398
5.22008
5.260543
6.112623
-0.1875615
4.470545
0.7212277
7.625079
1.997399
-0.1919188
-1.396783
-0.1923941
5.992336
4.735777
3.191875
3.45614
4.311425
4.102831
4.160547
3.723393
5.693913
-1.808918
4.557711
1.451519
5.580716
-0.1706465
3.49686
5.9333
5.582374
-0.4223389
4.980981
8.858391
6.036975
-1.413385
5.603415
6.713761
0.9616601
0.9430204
5.351194
0.3965768
5.009247
4.333056
4.667491
0.6627011
4.53888
5.258981
2.788718
4.360422
-1.535333
-0.8109822
1.840444
0.3161111
4.979372
2.935783
-0.4849723
3.750756
4.263903
2.34467
3.723669
-0.05325448
5.194318
0.8221463
0.3082718
0.8127196
3.465454
-0.6249748
4.00108
0.6726095
-1.443474
-0.4869874
3.836954
3.664476
5.94538
7.104656
-0.723719
3.978967
6.821792
6.305532
0.640989
5.820069
6.92708
3.78508
-0.0111708
4.907094
5.368024
5.741316
4.439054
-0.4441483
4.941386
6.013224
0.5573038
5.478739
-1.668604
7.869875
1.65048
0.7234593
6.497782
-0.5394048
5.321806
6.943808
5.272268
1.704815
4.79997
-1.350203
6.355076
-0.1334772
-1.658858
4.642364
4.99916
4.702692
5.47009
-0.8699917
2.968111
4.974965
5.654889
4.660042
5.100865
4.355813
5.551397
0.2756476
0.6102743
1.60988
3.336986
3.779739
3.257256
0.5581255
-0.1597701
6.495533
5.099578
4.517745
5.176397
3.943287
3.503437
5.042837
8.973585
4.039635
-0.3395746
6.044027
10.43889
2.521419
4.974737
7.230814
3.529736
4.884985
3.231677
5.182762
4.662537
3.779407
4.824702
1.036683
4.365974
-0.3707906
-0.4296952
0.7305553
-0.178321
4.690086
5.412602
4.164839
-0.2889292
4.609651
1.821569
4.302513
5.438088
4.807704
6.675609
11.39842
6.106319
-0.413497
4.334228
0.6731509
-1.961065
4.060838
5.646155
0.5684009
3.901461
1.205544
0.04335471
4.535824
4.137152
5.05058
5.465605
-0.3168978
5.722569
12.62742
5.005713
5.679849
5.352967
3.707037
3.702358
4.586013
0.3830096
6.380786
1.547854
4.780538
6.26124
5.272298
6.418298
-0.5199853
5.636313
6.007057
4.296079
0.8545001
1.433945
0.9023387
1.140281
0.4981957
-0.3851026
0.3610013
5.923836
1.549828
3.149174
6.882326
2.285722
7.756905
5.561864
5.531674
0.651705
-1.592098
1.276676
2.584284
4.668592
-0.01788013
-0.1508609
3.220212
0.5311783
4.776109
6.261989
-1.0202
-0.6732917
5.526289
3.634534
3.009239
5.080708
4.778988
8.047543
-0.330296
0.975491
5.920723
6.991139
5.026809
0.8741466
-0.5203922
4.86282
3.570906
0.3001122
5.106797
4.022592
-0.6361987
5.473974
-0.0923249
0.4776521
1.495377
4.235779
-0.5408906
-0.8530796
5.694022
0.05628596
5.438385
3.9315
4.208019
0.7099431
4.555725
2.866234
-0.4251988
1.228769
5.233897
1.485242
7.323559
0.05793414
5.038382
0.5131691
0.5792416
5.121343
4.308839
0.4787185
4.062998
-0.08070264
5.401448
9.207021
4.056858
5.330559
-0.3345329
-0.08205823
1.167461
4.44275
3.28373
3.900779
5.254761
5.19525
-0.3998797
0.5002434
4.009137
9.11986
5.521856
6.313854
4.99987
6.429163
5.995085
-1.58497
-0.6605271
-0.1370633
0.2885982
0.9757066
5.693078
0.2218526
-1.339517
0.7569446
5.104445
3.631008
6.301451
-0.03638879
5.629443
5.339737
4.009726
-0.4537873
1.591424
2.165486
5.450072
4.687675
3.835602
4.607363
5.766594
5.339954
5.332381
5.309979
6.488084
4.080467
6.147828
1.582389
-0.2956054
4.295464
6.175334
-1.258471
4.233565
-1.408933
-1.024987
2.032592
5.316635
-1.766834
5.414439
1.117617
0.5367567
-0.291733
0.3787345
3.62006
0.5597021
-1.356184
8.761662
5.537412
0.1466306
6.389909
4.798911
5.705201
4.349289
0.4514339
0.02833852
0.008953009
5.178154
4.88106
4.198714
5.514189
0.3749809
1.81326
-0.1685318
5.228092
7.182442
7.448651
0.003057835
4.069742
9.568408
5.270471
-2.27518
0.9784648
-0.04048874
4.030274
4.200335
0.1354537
-1.124382
-1.930961
7.822797
4.420037
3.341735
9.225694
7.013653
7.076858
6.126815
4.724099
1.990977
1.949902
3.431595
-1.426006
1.132357
3.606694
-1.162198
5.862098
6.289302
-0.559067
3.059148
0.4572806
5.981806
6.448599
0.4623406
5.023229
1.119529
0.8084064
4.117704
5.358231
-1.04101
0.0752955
3.340453
7.179121
0.3718967
-0.0006421523
0.6484898
4.862581
4.636977
5.592983
-0.4122938
-1.320711
3.097346
5.735483
6.262858
2.557188
4.109429
4.555738
4.455637
4.478262
-0.08595227
6.996376
5.149712
-0.1209147
7.864321
1.069572
4.547723
0.2571028
5.806354
0.3108925
4.632951
-0.1658158
4.795508
-0.1904434
4.262799
-1.03374
-0.07204984
5.184544
0.6452848
0.4365498
4.287219
4.66419
4.702135
3.989053
5.034045
-0.03516521
7.876774
5.625389
-0.338304
3.915738
6.561167
1.511797
5.612689
7.143691
5.078929
6.930191
3.913821
-1.414718
4.3286
7.571875
3.338799
4.990418
-0.6915171
4.857253
-0.2246222
-0.2518711
5.345356
3.239284
3.649177
-1.696929
3.962025
1.077481
4.867022
-0.4544463
-0.07544044
-0.3445876
-0.7159915
5.067449
1.95972
-0.0338941
0.5991198
4.153316
4.547483
0.3936997
5.447385
5.102055
4.886159
4.086051
-1.327635
0.3029947
4.319739
0.8443328
-0.1762289
-1.126099
7.02529
5.45813
-0.0737432
0.4649686
5.229217
1.503386
5.730786
-0.1856378
6.020327
5.417811
1.776908
4.605197
5.248268
2.577528
5.494026
0.1149993
6.426236
-0.5575467
0.3302854
5.281105
0.2238313
4.714609
0.92471
4.40373
4.742543
4.337173
-0.05452197
-1.342417
4.8334
0.9851933
-0.4615948
0.994555
5.529635
4.045432
2.539203
5.504878
4.658937
4.35671
0.2243276
3.249997
5.329818
6.988055
5.265098
0.07388003
-1.193234
0.490134
5.765507
5.177859
3.932711
-1.585256
6.189069
3.549758
5.682553
-0.2801264
4.449593
3.389704
3.918185
0.03321633
5.265223
1.599601
-0.926661
4.658912
4.972736
3.369794
8.379429
5.669907
0.6480421
5.180973
-0.1546439
4.487894
0.5878585
6.254433
4.720649
3.478817
5.105223
4.484776
4.015757
-1.522626
4.480708
1.950332
6.45663
5.417995
-0.04920572
1.04614
0.6280099
0.005168698
6.373763
2.872686
4.620567
5.159463
0.6027822
-1.251658
6.072779
-0.2079196
13.00394
5.051037
3.73014
-0.148556
4.92975
4.657267
4.856396
-0.04583803
5.803492
6.180065
1.417897
5.580967
1.281447
6.723824
3.213978
5.582212
1.731552
-0.9494152
-0.3427768
5.848152
-1.102354
0.280586
5.072226
5.237235
2.796551
-1.043223
9.495393
3.732367
4.878736
4.31177
4.920866
4.956076
3.884164
-0.975638
3.96327
4.658331
5.492646
5.439638
4.894636
5.870351
-0.526944
6.411713
4.437336
-1.08215
9.039773
2.613394
3.760378
1.227337
-0.1186527
-0.02956135
5.433393
3.294567
1.461163
4.809803
5.884682
4.436032
0.6685793
4.642029
5.447893
-0.06530815
3.15104
1.873566
-1.972699
3.911285
3.520064
-1.420298
1.204681
5.011838
-0.8013152
1.667024
1.193165
0.1288771
2.482108
4.945749
1.187412
0.9718787
-0.06869456
5.583723
6.181799
-0.1304967
4.818291
0.2514516
5.501361
4.092516
4.405258
-2.159506
4.528141
0.56761
5.14466
-1.201134
5.789529
4.701625
0.2841677
3.510781
-3.218378
3.67001
3.875685
4.973416
4.483333
-1.246784
4.767813
-0.7715937
-0.4120225
6.428793
2.377881
0.01485532
5.154958
7.153379
5.29021
5.478465
0.06072484
-0.07533062
-0.5485205
3.965673
5.03512
3.983212
-0.2431329
4.937585
3.149006
0.3463836
-0.1039207
3.827638
6.450068
0.3528223
1.82808
4.179919
5.964613
3.826881
1.639207
4.328274
4.502141
4.67537
0.840677
0.9321691
3.709253
4.390719
-0.7760925
6.177585
-1.008439
1.492567
-0.6055196
2.726035
5.207394
3.424342
-0.1322808
0.978041
6.383203
0.1430384
0.8126072
6.214746
5.352243
5.286562
0.8810427
4.659218
-0.05552031
2.261911
6.309507
4.489335
-0.26121
4.076546
4.212528
3.914638
5.893967
5.714864
4.813577
-1.228548
-0.9362762
3.342019
6.622964
4.724887
5.280887
4.823995
4.695364
7.916723
4.748097
-2.929893
-0.1477678
4.72041
5.089599
5.411385
4.629282
4.588177
3.864405
0.6529241
4.259127
4.793579
6.163508
0.2478227
4.189154
-0.4364587
-0.1020698
-0.09406394
-1.100806
3.372994
-0.3874622
6.279889
5.667632
8.62899
1.542161
0.1726098
3.879219
1.024536
0.02063235
0.656393
-0.7935831
2.39771
5.438759
5.408355
4.87782
-0.4238084
6.259323
0.9627704
3.308448
5.586778
-1.26806
1.949283
4.409517
0.1195452
5.320503
-0.8702699
3.581578
4.801917
-1.667318
5.06882
-1.647174
4.506481
4.34433
6.962491
-1.802108
0.9704731
5.45387
5.152459
7.437623
5.192498
0.1645614
3.110343
-0.5715661
6.100213
3.984271
-0.3522987
3.827966
-0.03690028
-0.8296242
-0.657872
5.484571
4.291764
-0.0329974
2.97276
3.161751
6.105897
3.081579
-0.8851026
0.2568332
6.297793
-0.5599896
0.7249502
4.496623
-0.2821465
2.841364
4.5077
3.802584
0.002535342
-0.3885241
3.382608
5.177919
-1.127475
3.109886
-1.689665
-0.6373943
-0.302932
4.085913
1.078657
6.211822
0.5421227
4.947531
6.562378
0.4582761
5.389372
-0.6361779
0.1533416
-0.7829848
-1.036345
4.88211
4.730295
-0.710252
-0.8368847
5.003516
-0.4624806
0.9394888
3.376086
0.6795079
-0.4105168
-1.092922
5.997093
0.5189801
5.323424
0.4426449
5.017556
4.222777
3.432522
0.8944157
4.613142
4.016478
4.498431
4.518346
5.494745
-1.251876
1.224433
4.909835
5.581049
-0.1679318
5.821014
-0.07334671
1.380098
4.534984
3.344207
3.714999
6.406513
4.497126
0.4921988
3.326602
3.597386
3.877976
5.348961
-0.3255813
5.775039
-0.4224429
4.976648
1.772284
5.684777
4.782021
6.764134
-0.719911
3.48903
4.229967
7.017101
-0.9309598
-1.2802
-0.2054794
5.821896
-0.9813899
-1.732293
-1.135335
4.442328
1.945429
5.209699
2.805992
3.4958
-1.482019
0.4411218
4.86277
-3.462839
5.028918
-0.4578068
4.332614
0.195715
-0.9333331
5.28921
-1.02775
4.538456
4.420653
5.371615
1.362304
2.914728
6.630388
4.191976
-0.8920519
-0.5289141
4.249385
6.919907
4.738342
5.345501
0.01999705
-0.7682962
-0.7244219
-0.6154543
0.9408164
1.138119
-0.4273507
0.7037104
0.2341123
6.899676
1.743372
5.271933
-0.09637606
4.92059
5.574134
-0.7037067
0.2656925
4.512688
-1.258926
5.67905
3.553548
-2.246075
4.521689
1.165938
-0.8122322
5.626514
0.6377247
-0.858146
0.1530961
-0.2402286
3.4189
5.230165
0.0870917
6.622294
3.164738
4.271039
0.2998457
2.032395
6.408208
1.09861
6.133174
-0.06489922
-0.01264997
6.823456
-0.1868079
6.099595
1.033
5.428435
0.6450573
4.134505
5.572377
5.343574
5.287615
0.1996856
-0.5625196
0.8105828
0.4960208
6.490946
0.6550594
0.451193
4.535653
4.413774
0.6104664
3.738291
-0.03495886
2.781026
-0.5505653
5.319397
0.6755673
0.5121589
-0.02530118
4.500791
5.789976
1.147573
0.4864524
4.959837
5.787082
9.027672
0.7403874
5.624333
0.3940017
-0.3763359
-0.2549536
1.785489
5.294451
0.2199122
6.471891
-0.2277055
3.365943
-0.9966549
4.020389
3.685141
-0.4227315
-0.5243812
3.699817
5.401325
-0.5736417
2.288073
4.303685
5.63021
4.354334
5.444315
0.001635595
0.812085
1.085885
6.305483
0.9402715
4.949886
4.771711
10.3067
0.3789251
-0.2075728
3.471253
5.487468
3.624694
0.7448733
6.01423
5.787699
-0.5757111
3.412512
6.943189
-0.04129913
2.321113
-1.86939
-2.186003
4.400883
5.474315
0.5144756
5.938669
5.420896
4.011214
4.508494
4.030104
-0.7680791
0.1913452
-0.008816643
3.898683
4.335433
0.1726235
0.6651937
3.846125
6.050208
-1.081272
5.620599
0.2484026
-0.95471
8.727888
-0.2709236
1.54443
1.995616
-0.2407973
-0.0156216
1.391577
-1.262673
0.6540429
5.129249
5.731978
5.52193
-0.3079589
-0.002884479
-0.3085891
4.986249
0.2028085
0.9476687
-1.084013
6.331644
5.387144
4.095734
3.083244
4.488628
4.798712
-0.0008017449
-0.102748
-0.6888246
7.694478
12.08097
5.020426
4.823542
-0.3295535
-0.6438378
-0.323002
7.829799
0.5099319
7.680481
4.626342
5.360573
-0.2114546
0.804395
4.874514
5.500114
7.970939
3.488517
-0.6215427
3.387743
6.415327
5.359237
-0.7334019
-0.3435892
0.4065866
5.285402
3.941627
-0.4753316
0.7687576
4.488751
-1.674351
5.170522
4.68824
-0.8443124
-0.551534
5.524035
5.510566
-1.525057
0.1501404
8.259995
4.737465
0.8119896
5.461426
5.690773
-0.009783023
3.212676
3.763957
8.03164
1.831758
2.897585
1.147097
2.984791
5.747388
4.132249
4.387751
5.584757
4.542066
4.15509
0.05331401
5.398019
5.399468
-0.127039
7.690358
1.080527
2.886083
4.569622
4.485761
2.234861
4.347615
0.1032293
4.221214
1.191397
-0.3451253
5.048254
4.760235
5.613593
4.266638
4.441014
4.548449
5.609275
0.2642367
3.957666
5.654988
11.27601
0.3156714
5.125979
4.868872
4.443694
4.387601
3.955923
5.217314
0.1005362
2.624108
5.652841
6.357291
4.738849
1.674894
4.212256
0.52025
5.409525
5.497578
4.809314
4.994736
-0.6957746
-2.217567
-0.1465454
4.270891
2.022021
-0.7175816
-0.4388805
-0.7909098
-0.1389608
6.461508
5.510039
-2.537052
1.004795
0.02228429
-0.006370876
3.376734
1.332722
-0.3520795
5.817352
0.3396191
6.887053
6.245845
4.287999
6.440939
5.823971
6.460208
6.021599
4.633835
0.6071694
0.447541
4.72777
3.032154
5.033195
7.321326
5.332637
-0.7584297
-0.07255192
0.06797037
-1.278864
3.70678
4.925822
-0.4154757
0.9840956
5.089349
-1.389891
4.838941
-0.6337213
6.547626
2.756077
3.899825
4.38661
5.468761
5.616652
-0.5694128
1.464796
4.880282
5.061603
5.753093
0.982371
3.553377
-0.7508085
3.289802
4.358513
3.61241
1.298706
0.1765551
3.857594
3.021701
-0.967238
5.210733
3.027833
7.433908
4.886898
-0.3960273
4.940621
4.164223
0.3921114
5.311124
5.99043
5.022367
1.421489
3.51073
-0.5401361
6.183419
5.313868
1.720446
0.3542153
4.43242
4.235833
4.438266
4.709131
-1.397907
6.507029
3.411692
-0.1635402
6.935614
1.364951
0.9747826
5.834078
2.463991
-0.6913531
2.959149
3.566348
4.055164
0.2059334
5.079506
0.1435728
5.251417
-0.4200399
5.106528
5.83319
4.878544
0.02076475
-0.026899
2.176278
3.337896
5.256991
7.02804
0.2832278
4.551909
5.240502
0.2147502
3.343108
-0.2929794
6.85353
0.8449122
1.684864
1.73913
8.002324
5.305349
0.03123507
5.222863
-0.9359975
0.264044
0.2338265
5.941387
3.82501
5.130217
4.193435
-2.008153
-0.7546902
3.799155
-1.588115
5.432145
0.794786
5.051617
0.2259389
3.956353
4.893972
3.952687
3.746254
5.366619
5.499538
0.8509673
9.830651
4.939831
6.235219
5.02019
5.113402
4.491528
3.910277
5.040467
0.4185312
9.380819
6.516138
5.190171
8.180095
-1.151839
2.74113
-0.8220765
5.337603
5.077124
4.761097
4.313919
0.626444
-0.756011
5.372857
0.9387283
5.434346
6.076877
0.4798312
6.104106
4.555502
5.872087
-0.5156649
-1.211822
-0.08426219
6.663838
-0.02823241
6.622391
5.021138
6.281944
4.478736
3.582797
0.2006035
-0.2102604
5.010889
6.982525
1.833504
7.326084
-0.1695646
4.228324
5.176628
4.472128
5.532574
0.2624091
0.158737
1.594214
-1.081584
1.251256
1.064953
-1.415002
3.784138
5.362725
5.781502
6.250569
-0.1383735
-0.009269545
1.392072
4.773823
0.3332982
2.592838
-0.735339
7.038843
-0.5225995
6.172604
0.9501193
5.222529
5.039838
5.823939
0.209704
-1.636613
-0.3775997
3.108715
5.305827
0.8419301
3.566061
5.45988
1.050174
0.3093273
1.80828
5.352119
3.054175
4.388912
3.117255
0.1112048
-1.129057
-0.5205086
-0.4919029
5.155765
5.206758
6.567315
6.406977
-0.8104932
1.102815
1.489399
4.834969
5.106866
3.734252
-1.100014
5.12024
3.155724
0.4780881
0.5187094
6.576556
5.03181
0.06118827
0.7426555
5.833514
7.263024
6.881686
4.997499
0.716995
-0.8357828
4.600567
3.738115
5.13718
4.425824
5.105257
5.474455
-2.295078
4.704538
0.7431035
5.303867
5.231997
3.871915
4.52644
5.320249
0.15711
4.530915
3.597701
5.123417
-0.8416842
0.1900746
1.526093
1.472322
3.415403
-0.9599615
2.392239
6.792552
-0.4994667
-0.7639808
5.932687
4.39581
5.471482
5.213109
1.184163
-0.1040124
-1.210018
5.091824
4.332662
4.277672
4.494068
5.15494
4.066678
5.764536
0.6533344
6.343417
4.661562
3.442848
6.07395
4.74431
-0.2776123
3.088823
-0.3827482
1.839812
-0.2870407
0.6760463
-1.397634
0.3587749
-0.9982211
6.184908
5.370954
-0.1546616
3.324604
1.70243
-1.641689
5.403512
5.255728
6.483159
4.456184
4.038851
4.638204
0.1311307
0.1223287
4.345461
0.35837
1.761853
3.706534
5.638219
-0.7122399
3.114173
-0.3955679
7.779198
5.181141
-1.676181
4.714396
-1.148055
-0.1237757
5.751037
-0.791632
5.402931
2.12403
5.260648
7.11563
0.06572174
3.640661
4.921893
0.4986394
6.370099
-1.251459
0.05265183
5.443669
4.98353
6.272747
-0.2557235
6.963697
6.621075
0.9808265
0.9998578
3.864669
5.642637
2.444865
4.156704
4.987189
4.454685
1.492905
4.630553
1.352891
6.535213
0.3587498
5.220249
0.09306829
5.124299
-0.467919
3.024686
3.763624
4.73659
-0.784633
0.6144214
1.29179
0.9704839
4.678851
1.124333
0.3366825
6.694825
1.030615
3.655238
-1.555951
-1.377873
-1.297499
0.3871176
5.446904
-1.624066
4.253234
3.526019
1.678944
3.54667
-0.690115
-0.5162428
3.246008
0.09730378
7.31683
5.065567
0.9324703
0.7842233
5.776527
-0.07250532
-1.631714
6.04006
3.472967
-3.098146
3.692329
4.169642
5.725982
1.42665
4.830829
6.005294
-2.396894
4.154875
4.021513
6.211826
-0.2891009
5.37653
4.263349
2.265504
5.285171
-0.6909856
6.436823
0.189209
2.531955
5.908763
5.080204
1.109723
4.597784
-0.1811786
4.952523
5.719341
4.71895
3.29685
-1.319884
6.704303
3.909155
6.298535
3.050565
-0.6388861
5.593724
4.400767
6.248243
4.230301
6.54421
5.983609
6.190862
1.0328
4.615997
4.52928
5.40286
-0.566539
1.320881
6.220875
5.589633
6.532926
1.135684
4.854341
6.648647
3.990187
5.120156
5.952204
0.280368
0.5607279
5.767028
4.920412
-0.1684115
4.292137
4.850893
4.049951
0.4983942
5.19181
5.947464
0.008621155
3.455708
0.8595661
6.466269
-2.265321
4.106914
1.08976
4.638622
1.156903
-1.039752
0.4604544
5.248659
4.186079
-0.5309784
5.896948
9.762782
5.568199
3.831781
5.890895
-1.470497
5.036451
-0.7679698
-0.3174252
2.919963
-0.0216421
-0.2664617
4.752927
0.9178799
5.369541
2.08231
5.648101
0.3274258
1.483986
3.556086
4.911836
-1.766471
-0.09927252
5.231186
5.974654
4.32393
3.528235
3.042388
-0.5240799
8.956892
-1.491677
6.822911
-0.2346516
-0.1842622
0.04030569
0.7729898
3.668321
5.177095
6.043082
5.031102
2.703977
5.486302
5.456938
5.072499
3.805355
5.810695
4.453063
2.938296
4.856238
0.04802185
4.835278
-0.1124354
4.638821
2.843767
2.82072
-0.2451076
1.0485
4.981529
4.58656
5.086514
4.492943
4.840553
0.1067353
4.882013
3.578955
6.176989
6.234667
5.889666
2.723556
0.04393244
5.18786
7.293831
-0.3737362
4.197773
-1.660248
0.5033531
6.904963
0.1377408
11.31385
0.6493148
4.256061
5.542181
5.203965
0.8775208
2.707302
5.471919
-0.03459534
0.4540167
1.702673
-1.043204
0.1797754
5.399032
-0.864536
-1.739578
3.551422
1.014133
0.2495438
-0.3627688
3.336761
5.471781
4.98801
4.780975
3.056192
-0.828308
-0.485187
1.090497
4.897668
5.110797
-0.3758811
2.836782
0.9089542
-0.06166199
5.82023
2.028356
5.372042
3.939431
4.376632
6.829845
3.478092
-0.1784952
4.451909
6.074808
8.286896
4.435223
3.648776
5.148414
5.252151
4.349666
6.025427
8.179531
5.009359
5.904623
0.9478346
3.76146
-0.4961697
6.320865
1.112171
4.453483
5.541095
5.116395
4.836471
5.180809
5.133626
-1.12776
6.298281
0.7561031
0.3944385
6.481584
-0.4605712
1.177062
5.651631
-1.567906
1.633773
2.219766
3.557933
0.4914312
6.110778
0.4128
5.164188
-0.5934389
-1.901567
5.076256
0.129895
4.55358
4.912001
6.176287
5.069955
4.24487
4.882506
5.40645
5.252144
-0.2949795
3.932708
5.183371
-0.03374131
0.06177014
6.038612
1.072054
0.4428763
-0.4330572
5.331442
-0.9598822
-1.475727
5.600593
-3.113044
1.963152
7.18643
3.527315
-0.661387
0.7892092
-2.627812
4.695582
-2.406166
3.55912
5.483699
0.3720595
5.117477
3.207927
-0.2362293
4.094696
4.743433
0.9072991
6.772369
4.760488
4.705904
4.228935
0.2539079
5.131716
4.637739
6.999934
5.1475
-1.117902
5.316791
1.095011
0.6801891
0.0381369
1.206087
0.02663418
3.81471
3.381798
3.744242
-0.4121371
-0.2427714
4.575644
4.337934
3.424734
-0.4129014
6.222564
6.824286
0.8131876
5.36193
3.875488
2.731233
5.623561
0.3173427
-0.2393176
4.621802
0.07209861
0.1845088
4.794695
-0.509623
4.487385
0.6790334
4.661496
5.48211
7.253363
5.692217
-1.987449
-0.2597221
1.394593
9.975636
5.877673
-0.02954002
0.3411284
0.2705252
0.3748274
0.4804965
5.375259
5.583485
3.812329
3.222747
5.120177
5.708821
3.755626
6.063304
5.124948
0.130164
0.8593737
4.961163
6.652722
5.538025
0.4646793
4.489644
-0.2896782
2.521177
2.611842
1.231281
-0.3877253
0.8314172
4.931738
5.75962
3.996964
3.900509
5.256618
1.036486
2.975485
6.020788
3.025478
4.081236
4.767101
4.598313
4.053738
-0.1791565
4.452135
5.199819
0.02029143
5.506172
5.67111
4.128119
4.364913
-0.3884089
-0.1469364
4.383113
5.070892
4.381416
5.462508
0.8558935
4.253625
-0.4139039
4.76318
5.177014
-0.783766
4.439318
1.621473
-0.8521836
6.541942
0.06537318
4.755216
-0.4040502
0.3236302
1.453668
2.067806
0.1132892
0.8546999
4.741822
5.928107
0.534295
5.832703
0.4057093
0.2144758
-0.1431682
0.2793998
3.756278
4.411518
0.3024628
7.672329
1.135066
0.5736117
-0.2827818
0.08248479
4.335088
0.09456796
-1.343572
5.964592
5.066725
1.025718
0.4511394
5.288352
0.3937962
1.037327
-0.1122052
-0.7470881
-0.3750074
4.793108
0.7600104
4.810827
1.097493
-0.2051678
4.493601
-0.07245741
4.156539
4.176764
5.199424
0.2460684
0.2605692
8.588385
3.393607
0.4654284
2.292658
3.354202
-0.4436749
0.757101
3.521158
3.218648
3.663685
0.6279235
1.937684
-1.070511
5.73484
0.5925847
-0.3456925
5.65739
5.047191
6.152269
5.145906
5.443819
4.839994
5.413821
4.88785
1.347088
1.255588
3.280201
4.374781
2.080469
-0.7907228
0.4488155
-0.5137468
0.9990709
5.015055
-0.6415253
-0.3503379
5.501397
1.354688
5.487414
4.545189
-0.1405308
7.098846
0.7273806
5.647965
0.6536053
3.998092
0.4076982
3.069224
4.114686
5.079435
-0.5474649
5.905781
-1.317966
-1.519123
0.5754631
4.841107
-0.4803853
4.376623
4.57375
4.974851
0.5999982
1.988312
0.3077718
4.040673
1.312101
5.58842
7.991393
5.072261
4.140436
0.944794
0.795783
1.597955
-1.175437
6.489135
6.066741
5.823741
5.079639
1.757212
6.25985
7.143104
-0.6050568
1.060435
3.32951
6.777278
2.933886
4.041201
1.355725
14.06715
5.806166
4.343032
4.772872
-0.9967775
-0.06920742
4.69553
-1.415388
2.375631
3.433952
-2.246348
8.704575
1.223423
4.427635
3.921253
5.346786
0.6773177
6.798534
0.3639757
-0.7010989
4.071266
4.794147
6.011659
5.500409
4.199374
0.7589497
0.3503289
4.549925
4.605345
6.415702
6.636945
-0.598184
7.818302
-0.3836969
4.146977
6.171765
0.8629943
4.995321
6.376466
1.370454
5.83926
4.168464
1.126161
4.903233
5.828867
-0.1679946
4.02874
-1.200742
4.134908
-0.1955791
6.114374
-0.5249625
5.753504
4.798596
4.689257
3.56137
5.006128
6.138692
4.013646
-1.297193
7.240076
6.686321
5.449844
5.452526
-0.4844864
3.434532
-0.1499037
12.70023
6.483352
5.229961
2.217042
5.002407
4.316038
5.308187
4.214408
4.211776
7.310943
-1.075542
3.447787
-1.152419
5.604075
-0.006605589
3.989322
4.902053
-0.08266404
0.1830109
0.5314582
0.03737767
5.926783
8.92496
4.022965
-1.203661
-0.8309719
4.34351
2.77031
0.485189
0.175346
-1.006394
3.51598
0.1085988
4.800085
4.101678
5.84647
4.096806
4.821659
0.3022592
-0.93901
-0.5098193
4.672395
3.521371
5.301189
5.771581
0.8415742
9.788551
-1.470189
5.928123
4.283105
4.18467
4.629899
3.644867
5.442625
-0.1594383
5.273701
-0.7524651
5.29465
3.17021
2.154982
1.292543
0.5754277
5.156373
-0.7295999
0.7209027
5.463932
5.13133
1.438456
0.7315067
5.171539
-1.029226
-0.8273445
0.6045529
5.636239
4.612467
5.949277
3.215378
4.518633
4.014678
5.697439
3.836743
9.242312
5.488597
3.68275
-0.1810971
6.070978
6.307681
5.462154
-0.01971154
3.82401
0.8358811
-1.410093
0.7713336
5.050927
-0.3921348
4.018858
4.706489
2.957787
5.059247
4.806391
0.4236051
-1.063841
3.197114
4.606524
5.133112
4.8994
5.45168
1.245141
-1.183304
-0.6112609
4.376709
5.683888
6.365143
5.972311
8.09967
0.6367196
4.821706
3.861703
0.8369914
-2.737075
0.9190109
6.413312
-1.226002
5.486747
-1.266215
0.06059407
4.78002
4.595123
5.189644
-1.329284
6.268418
5.425862
5.946082
3.33828
4.659923
2.861854
5.230839
11.24
-2.506823
3.312443
4.621523
5.167627
1.994324
-1.122206
0.3112133
5.123933
-0.6513726
1.017367
6.558243
-3.036425
4.37682
4.850255
0.05765526
4.434582
4.297123
5.485415
-0.7457625
-1.512881
-0.3987085
-0.7988571
0.8782056
4.178567
4.629639
3.565031
1.54663
3.27627
0.3403132
0.754366
6.21657
4.078092
0.3896996
5.087595
-0.7963356
2.916354
5.442616
4.946501
5.038088
3.836047
4.5525
3.24486
1.306917
5.033032
-2.990665
0.7488041
-1.56506
-0.01025681
5.797978
4.026383
5.941144
5.175189
4.872949
-0.5043894
3.815033
5.519001
4.814604
1.914111
0.7882573
5.485001
4.893709
4.438643
-0.8603795
-1.072189
-0.7364847
6.374326
0.02813605
5.682672
4.654873
6.958288
-1.101535
-0.4502179
0.3705258
5.019421
5.355255
3.391722
5.160012
6.642827
6.526412
4.431936
4.974805
-0.2875655
0.5378581
3.580276
4.997628
0.4313214
0.9932705
0.9974131
-0.1060439
-1.023401
-2.195558
5.620303
-0.0799199
0.2464016
5.114595
3.176353
4.829905
5.482757
4.686143
5.353386
0.1974102
3.576014
5.393134
-1.799472
4.252594
4.652513
4.610085
-2.779751
3.848204
0.09240748
2.317898
6.17934
-0.5058846
0.05708865
-0.1496931
5.079154
8.587913
-0.7719427
5.651388
-1.086391
4.312349
-0.6179334
5.826446
5.12293
0.5380209
5.142442
0.9015333
5.091942
5.085106
5.664197
4.83015
0.6560269
4.35569
0.778049
-0.5890096
0.4074356
-0.9213352
3.93124
4.092524
4.664412
5.710323
4.32046
0.01715648
-0.9407222
4.271576
7.254436
6.074234
0.04460584
5.076219
-0.7218318
4.325528
10.70156
-0.6226027
1.710812
0.1629759
6.38132
3.87729
4.639836
4.968263
6.20512
5.432838
0.2543343
0.4624762
6.06507
0.6705882
0.5369964
-0.8210122
0.3070412
-0.4468925
7.743035
4.494636
5.412385
-0.0903067
5.021437
0.922323
4.204205
-0.2276518
4.217441
6.755449
-0.2903427
4.63986
-0.5948399
0.2606133
6.889813
5.045718
5.587087
0.3981804
4.000526
4.991343
-1.095859
6.834183
0.1099735
4.285346
3.908775
0.7889108
3.622667
-0.9762862
3.691128
-0.7373967
4.287498
3.152312
5.931265
4.492074
3.379111
1.798084
6.948285
4.0644
6.381853
6.013663
1.14562
-2.010494
-0.4646145
-0.006738375
6.529875
7.295284
10.50444
7.971062
4.147609
-0.5562912
-0.01239343
5.407074
4.280754
5.878848
5.447051
0.6030653
4.412516
5.839146
5.703452
0.1932083
5.433589
-0.9583943
8.936084
5.038883
5.243545
4.803804
5.855292
4.752397
1.025431
5.67835
5.099218
4.56572
6.474938
-0.191747
5.08694
6.045717
-0.4586307
-0.59507
6.723641
5.53529
-0.2644905
4.180167
5.988564
1.071793
1.783746
6.119778
-0.4547909
3.374018
1.321577
4.78773
0.3735349
-0.700586
4.686302
4.612716
0.912425
5.337659
0.5218823
1.700381
-0.5054165
-0.2011238
4.462269
7.165886
5.1184
5.683629
-0.07256914
0.6525991
0.2726219
4.534312
5.538239
-0.2053706
1.326969
4.172659
7.440816
5.683949
5.437727
0.8381723
4.749007
4.937
2.202496
4.33141
4.096859
-0.1296409
0.7887623
5.963969
3.876351
5.555972
-2.023392
5.980744
4.315253
3.466702
4.580615
4.010975
0.5074748
1.531942
4.887266
-0.3211559
4.671386
-0.7966176
5.269857
3.556512
5.620534
0.1747403
5.263328
0.2529394
4.300014
2.786161
4.066113
3.570542
