5.645534
5.347321
4.583571
0.2143194
5.64344
3.573151
6.529877
0.1252156
1.846649
1.051011
5.250836
5.01454
0.8420656
4.658351
4.804889
-2.602353
4.21569
-1.430962
6.331798
4.82098
4.525941
0.7717311
-1.279671
5.685443
0.7210773
-1.956163
4.848059
-0.9200595
-0.4019973
4.747535
-1.276628
4.988782
-1.369378
4.583557
5.432562
-0.2008327
5.366695
-1.507256
0.4128611
-1.967905
3.450468
0.06040502
2.895733
-2.227925
0.9630736
5.615628
1.570715
2.619355
-2.074977
3.866884
0.9749689
7.947956
-0.7628699
5.500127
-0.1448766
6.2634
1.357551
-0.1053224
0.6593054
0.5266325
4.039821
4.866667
5.370769
6.074851
-1.122879
-0.1285672
1.112919
5.889997
-1.09228
-0.6535562
6.845479
8.283675
0.5838176
5.04389
4.945656
5.112848
-0.4870125
-1.180872
4.945518
6.260413
0.5822174
4.212558
1.290175
3.518124
5.017062
6.148022
0.5551442
-1.141148
5.628223
1.030842
4.613102
0.9405358
-0.1111332
3.577511
2.490665
-0.1946814
4.724147
5.22267
0.9811883
3.534658
5.5983
6.450988
1.876088
5.663762
-0.9461849
5.026707
-0.8682875
-1.310654
1.685837
-0.1368133
-1.510262
-0.2368863
5.233445
4.617801
1.344828
6.835673
3.806959
2.560488
3.788265
5.910748
4.586238
5.123114
-0.5229227
4.820909
-0.5984314
4.052221
4.939504
-0.4279008
-0.306203
1.163184
5.940898
-0.339469
5.204834
0.1336102
3.778116
3.684663
3.627303
5.557903
-0.5495164
6.050791
3.252552
5.532329
4.863613
0.3649029
4.525176
6.208345
1.733744
7.369024
4.984979
1.847403
6.075466
1.547374
-1.646281
5.105106
4.516012
-0.2587068
4.427637
0.16097
5.951692
0.03933474
3.921429
10.22258
4.44203
-0.1243087
3.703012
0.9362419
3.897636
10.69384
0.2237652
4.874268
4.609692
1.253355
1.820108
0.6084564
4.466373
1.06859
-1.794096
-0.4532984
-1.264377
4.559736
-0.3898821
5.113018
0.5248015
4.867762
6.644474
0.08497298
0.2550387
4.863994
4.773617
-0.7781532
5.968996
5.990274
0.09754649
7.32067
4.808208
6.085534
6.225106
5.22752
5.53188
5.550668
5.145015
4.827728
3.456591
0.3266318
3.936961
6.420486
5.99099
-0.8762806
5.740879
5.590423
3.610269
4.815942
-0.3719102
0.4510454
-0.04744735
9.301986
0.6427369
5.375748
0.3651201
-0.2705406
3.957481
5.88057
4.064997
3.027605
-0.1572268
3.773766
0.3804797
4.182679
9.015965
5.400011
5.624125
-0.4989429
1.268241
5.453179
2.780718
0.3482512
6.834981
0.7739177
4.696149
4.714277
3.643407
-1.76224
8.343865
6.550483
4.630669
0.4966887
-1.967064
4.642034
3.959487
-0.0336614
-1.605091
-1.801853
6.718543
0.5440817
-0.8136379
4.381048
0.4987033
4.923634
1.335979
7.126919
-0.8473612
3.280063
1.767704
5.939405
7.050459
4.698403
-0.8034714
5.708766
3.717087
5.21991
4.983335
6.273229
-0.2281888
4.678571
5.476302
0.7198207
4.002588
1.744231
5.400768
0.699917
6.8906
5.837049
5.559823
5.586894
6.648542
0.5554581
-1.882261
4.205712
0.03297153
6.156487
6.114326
-0.07489153
-0.6745798
2.494546
1.284607
6.575517
4.372652
5.34122
4.007385
5.800748
5.318441
3.555395
5.207959
8.303954
4.696639
-0.5723816
-0.5925885
-0.7479978
0.1253167
0.7671391
0.7155943
3.936061
3.688808
0.2552249
4.566839
6.350434
5.537985
4.846665
4.925242
4.752851
5.160526
0.7378929
4.260083
6.115632
6.832705
0.09220466
-0.3227599
7.17027
6.221401
5.499007
5.700192
5.063607
4.463556
-0.7940375
4.663953
-0.6895431
5.842666
0.7316156
4.584185
-0.1372882
0.9413476
5.309449
10.94159
4.935717
4.863964
0.3818542
6.365922
3.58161
-0.7881808
-0.6829922
5.949522
5.878463
4.189402
-1.777683
5.251426
1.633192
0.2050789
4.499325
0.7411112
1.171292
0.8517067
4.803155
0.7494811
8.334202
0.6931735
7.007601
5.975038
-0.1043113
0.2618879
4.555117
1.493825
8.217364
3.576911
1.198152
6.154806
-1.487247
3.126647
5.22218
4.72638
-0.7600972
6.093983
5.037343
4.69387
5.189461
0.06475864
6.85692
3.990386
4.467344
5.050378
0.6740396
1.141212
2.939584
5.029592
3.638525
6.187977
5.668074
6.313201
4.320235
4.697325
4.808802
1.278313
8.15556
1.685733
4.871832
4.923509
0.9947275
-0.9887851
4.992203
4.713375
-1.671178
4.434031
-1.021238
-0.5682961
5.80477
5.780683
2.140166
-0.2465365
1.049101
5.668034
-0.4844411
5.360647
-0.4797086
1.314784
3.820835
4.615418
1.156039
-0.2990583
-0.2069186
6.639417
-1.474621
4.162673
6.105197
2.175063
0.8096543
0.70034
5.607698
4.397799
-0.166166
4.351232
5.600817
4.226559
-1.229739
4.690165
5.070657
3.822087
0.1499031
0.007058745
1.533382
5.117019
5.229838
4.962765
0.9512589
5.113912
4.234426
5.654624
4.350847
5.945669
0.396575
-0.2105965
-0.8041826
6.242824
5.263036
5.713437
-0.2475808
3.118642
4.621458
1.221023
5.429746
-0.4986401
4.467584
6.344792
4.363986
-1.029479
4.151682
0.6783868
0.423533
-0.03094533
4.767035
4.110095
6.000943
5.579507
5.925084
3.881988
-0.6071179
0.8060594
4.943841
1.412961
3.767579
-0.3945587
6.876958
6.446024
4.860308
5.278241
6.081024
7.889171
5.537617
6.623308
2.809405
-0.7348091
3.553388
