3.785778
4.115678
5.881346
-1.426269
9.92869
4.405038
2.98646
4.18278
-1.213686
-0.8108904
-1.95423
4.537605
5.473135
3.420563
0.8072459
-0.4629045
-0.3780957
4.492332
5.034096
-1.327604
-0.01202778
-0.2434231
5.290345
4.823982
4.924662
2.008157
-0.9396501
6.228882
-0.09829883
0.4475495
4.541919
-0.07028835
3.089705
8.387884
4.373665
9.323096
0.3573411
5.776545
6.621215
-0.5372205
4.802477
0.4834291
3.146582
5.789841
1.371267
0.917387
0.2605046
-0.3213707
4.712667
4.889024
0.4515541
0.1476435
5.845369
4.484909
5.414684
5.817531
-0.2142216
4.636973
-0.0929322
-1.109101
-0.8968402
4.302447
5.525833
4.981279
-0.3176083
3.864898
-0.9977396
2.070347
4.853804
0.5828647
5.297674
0.3360765
5.218811
6.221297
-0.5564866
4.80617
0.4301643
-0.9141464
3.182336
-0.8634366
3.563101
5.811647
0.2955391
3.856182
6.862701
4.131429
5.166333
5.824388
5.224538
4.575993
4.799936
4.887699
-1.221543
4.020719
7.205859
6.288299
5.270318
0.3518117
3.105051
5.685804
-1.22396
5.495849
4.490702
7.295206
6.002389
-0.355635
6.769646
0.6824403
4.487263
0.4701748
4.067696
5.3349
1.599251
-1.256882
0.05127931
0.0447488
4.658374
5.114272
-0.4874859
-0.9633186
5.349833
-0.06035891
5.610799
1.061024
0.1300539
-0.5428396
7.373792
0.1982728
-1.250309
1.266146
0.8734415
6.370641
6.165513
0.1073496
-0.2920476
-0.5004237
5.237056
8.853144
-0.9685046
8.934132
-0.9888436
2.432311
-2.201832
4.004992
5.320456
5.86035
2.351962
5.475951
3.870085
4.521705
6.406598
0.8447273
6.362498
-0.4023535
-0.1607644
0.4020544
5.374168
5.639913
5.832543
4.942272
1.626899
4.393056
6.703313
5.153049
0.7987294
-1.731819
4.841243
-0.06511713
0.44217
6.533386
-0.8676972
4.600311
-0.6401035
6.647381
7.227079
3.329952
-0.3010496
5.69467
4.810173
3.8895
-1.850331
-0.145744
4.856693
5.695285
-0.8913791
-0.4980364
0.5226525
6.477717
0.03122276
5.27992
2.925596
-0.1590727
5.977586
-0.2508509
4.556191
0.3735414
4.320529
4.049921
4.751063
5.088842
4.317992
3.260234
0.588967
-1.137376
5.933747
1.895755
5.190197
1.199482
5.960487
-1.260616
9.904188
4.500145
5.712655
5.339835
5.63467
0.6465321
-1.574809
3.512242
3.332085
5.666911
6.825734
1.114888
0.2321621
4.84742
0.7673406
5.736419
-0.2598827
5.220755
4.215356
4.854444
0.8791292
1.504876
5.310306
6.512315
5.769737
4.212271
6.518087
4.673208
2.105131
5.358721
10.67183
0.3894406
5.863725
5.968073
6.657244
3.281036
6.711152
4.869786
6.16417
5.07117
0.007055476
5.48789
3.134226
0.04489384
5.091394
4.084811
6.163045
4.737027
-0.2151475
5.24462
0.4339299
4.087064
-0.7907972
6.010551
-1.582776
6.633042
3.97384
0.4856833
4.38757
4.529398
0.1592361
4.936153
5.372008
0.222274
1.670792
3.273287
4.269092
3.332458
-0.711565
-0.1028825
5.088154
-0.02270183
1.666354
-0.9156895
5.929188
8.123178
4.27788
-0.7724612
5.086809
-1.092201
-0.116557
4.326726
0.8768097
6.487922
5.371506
4.908712
4.183963
3.569479
0.6499104
-0.8585961
-1.22741
2.565963
0.07287526
0.7725903
-3.504214
4.879952
0.1522252
3.917237
-1.352865
6.126278
-0.5656155
3.523987
0.2877856
4.989877
-1.121963
4.619111
0.8780555
-0.1307338
6.012744
3.755758
0.01800761
-1.097849
6.120475
5.334204
5.66477
0.2841267
4.924561
-1.283592
-0.3534735
2.00263
0.9689493
5.052762
-0.3539193
5.937975
3.715904
-1.34931
4.434154
4.653605
0.9646042
4.01612
4.586445
0.432574
3.746715
3.084074
4.759483
4.849415
4.204866
5.465578
-1.281254
5.906127
5.220915
-1.47307
4.975995
2.948612
5.703613
0.9544214
5.73832
5.289162
4.759071
6.306281
4.399359
0.3134491
5.014833
0.08327181
6.958053
2.667307
-0.944297
0.1945598
-0.8591723
4.532891
4.262657
5.479622
6.165887
4.96648
4.127533
-1.77938
4.527691
1.065519
-1.003631
1.482709
-0.5559229
5.410306
5.379724
5.450984
4.235138
4.310212
4.648462
0.0244949
4.297125
1.913622
6.115511
5.61232
5.478746
0.6700265
4.89607
4.574052
5.170639
5.01434
-0.7455791
0.2019856
5.642631
5.409245
5.115753
4.743659
2.157698
5.33269
0.208755
4.64855
4.557331
5.154147
5.75285
-0.242521
-0.4971146
-0.03738873
4.567685
-0.05730531
-0.3974979
-0.67335
-1.30745
6.793625
5.670659
1.379211
5.767155
0.3199691
8.789664
5.452995
1.518798
-1.733917
5.693522
0.4505052
5.40614
0.9463765
0.2955379
-0.6526157
-0.08996473
-0.3558072
6.777023
2.183988
4.993072
7.588884
6.321967
4.70739
-1.327708
-0.6461911
9.384889
5.402242
-0.09608322
-1.073
1.167596
5.734239
1.415914
4.035772
2.992682
5.183294
7.33088
1.362609
6.649957
-0.5885619
0.588272
4.100846
-1.501325
3.086476
4.183884
0.1944125
5.16057
4.227671
4.373018
3.526473
0.8442614
5.450535
1.13124
4.355352
5.482104
3.434131
0.764446
-0.6233085
0.2784048
5.456871
2.773807
3.942246
3.725276
4.839861
0.806642
-0.6982125
1.234572
4.612056
-1.192837
4.557303
4.572642
6.315114
-1.519566
1.021707
0.6601289
3.821718
3.766634
0.8028523
2.065677
7.608872
0.7179093
4.345454
7.7382
0.5082721
3.846367
3.887942
6.783879
-0.1010258
-1.855663
-1.017908
4.601107
0.7804264
-1.207658
4.365345
5.012016
4.061
-1.306736
7.887131
1.47314
-0.7105272
0.6234619
-1.442306
0.02123944
3.278384
-0.03399037
5.279595
4.179982
-0.8114406
0.2765475
4.560668
3.992209
4.926811
3.972976
3.844381
-0.4978119
5.423132
-1.305262
2.999163
-1.307737
-0.7102236
0.05646978
5.102829
7.646717
4.818797
0.1326175
0.1545543
3.680265
4.765285
5.995366
6.132709
-1.335903
5.119226
0.5324653
5.291101
4.282543
0.4618274
3.853321
2.059942
1.446724
-0.7091752
3.260079
1.980115
3.851536
-0.9397752
0.05877557
3.821048
5.517389
6.518594
5.962775
5.203133
5.932423
4.229232
5.252756
5.128771
11.07058
-1.036
7.975232
0.1473527
3.401037
-0.880132
4.521854
5.012556
5.074522
6.571985
4.940785
4.923402
6.69304
-0.4994143
3.741451
0.6288876
3.887199
1.347153
0.6885576
4.479689
-2.039041
-0.6918329
7.042327
2.570786
-0.6533127
0.7721863
4.756701
-0.7771392
-0.7150757
5.557613
2.285066
4.733095
0.1541906
11.30316
-0.3022465
-0.7508761
3.442894
0.6979272
6.404939
3.731169
-0.3381847
-0.01532468
0.09727148
4.921978
4.325042
0.6005094
-0.3293678
-0.9849166
0.1629552
0.144415
5.517678
3.28165
-0.0740323
-0.003638622
5.655991
4.448202
6.204696
-1.385933
-0.04967644
-0.8473996
6.102805
0.9951814
3.113861
1.864202
6.002726
0.8942181
4.304287
1.422853
7.34156
6.263756
-0.674005
4.407003
4.195826
-1.111961
4.184363
4.701163
-1.439279
4.843222
0.07101335
4.464079
4.337726
3.614533
6.864731
-0.8220513
6.76622
4.871818
-1.484006
0.9822065
0.2472498
3.516642
4.447147
0.05816566
3.83123
5.636672
0.157074
0.2392965
3.604629
-0.2570519
5.01016
0.9693805
5.908818
3.608688
-2.097001
5.001017
5.799482
0.6198983
-0.3414549
-0.7649362
5.235172
5.091721
0.5316811
6.837577
0.2142978
4.912273
7.036928
0.926118
4.660852
-2.273833
5.051419
5.647434
0.722556
-0.07495444
4.290851
5.987879
0.979614
-3.091348
4.684582
3.82093
-1.426305
-0.3883807
4.11702
8.106468
7.533031
5.386068
4.512646
0.2912973
7.092215
5.387103
-0.8481248
5.315751
3.36431
4.038637
5.382796
-0.05311168
1.080677
7.151566
5.614397
0.1571725
4.765841
0.4459315
6.124527
1.855927
3.729848
0.4857846
6.828101
4.537816
1.346126
5.726257
6.424778
5.263734
0.09812118
-1.764583
0.1935386
2.675343
1.642259
5.621399
-0.04112262
0.8246821
1.049937
0.9283762
3.509162
4.787916
4.393276
3.295365
4.622724
-0.9422204
4.162774
-0.8982896
5.079657
-1.094116
4.571493
-0.747515
4.734021
0.3486997
1.723413
-1.510444
-0.1484602
0.4241254
2.01957
4.825571
5.628089
-0.6145934
0.5770411
1.801761
0.2993772
4.015085
-0.1074781
-0.8532933
-0.6066613
-0.6031721
4.059846
2.459803
4.583054
6.300115
4.983129
4.577154
5.905181
3.835837
2.825527
0.7958169
5.034767
6.484121
-0.4990616
3.656591
6.162036
5.106524
1.572658
0.6171392
2.022776
5.223506
4.407873
1.125555
4.561848
6.280846
0.730365
5.352247
5.236954
-1.72864
-0.2596169
-0.088003
4.923945
2.827467
0.5952644
5.969665
3.364562
-0.02229888
-0.3787806
6.193048
1.122834
5.124418
4.668793
0.6497275
4.442487
3.738377
4.65873
4.318078
3.648184
7.854021
1.668331
0.2703895
4.640176
0.5253576
1.48368
0.06182535
1.061675
-0.9187944
-0.2777333
-0.232043
-0.1436746
-1.58749
7.217139
-0.945431
3.35904
5.700296
-1.40967
5.612633
4.496978
7.345637
7.017753
-0.01322218
-1.139002
5.475774
5.381527
-1.286619
-0.3233029
6.120953
5.383953
0.7030609
-0.752367
0.732806
6.206003
5.594696
0.1236313
10.22058
2.535483
4.782103
3.566839
-0.2200087
4.167869
1.386823
8.721981
0.05320053
2.090037
6.544219
0.8143188
2.656765
4.431133
3.349397
4.638935
-2.603755
-0.8311117
3.176987
-0.3019673
6.756193
4.867711
4.73205
1.449371
-0.09065084
5.985075
-0.3421149
0.1481986
6.278102
-1.71531
5.267525
4.430234
9.510687
-0.08148027
3.985269
-2.031344
-0.2457881
0.6269083
0.05767942
0.6734444
0.1635232
0.2555976
5.233719
6.169476
4.599559
4.670821
-0.5572045
1.286747
1.676618
-0.6938669
0.625208
1.550267
-1.607926
9.723408
6.490092
3.56981
-0.1770589
5.550677
5.244227
-0.07319727
4.567681
4.713038
5.994972
3.046997
0.3806077
-1.130508
5.618288
5.243265
-2.734614
-0.4779942
-0.3098358
1.685021
0.1378218
-0.1634657
-1.105975
0.1460412
0.8474021
0.606882
-1.92866
7.581095
4.519283
4.924071
4.394914
6.209678
5.030632
6.253776
5.853739
2.057482
4.186738
3.306714
0.3589759
6.44911
11.5387
-0.9169121
0.7194377
4.912806
1.222538
-0.3173496
6.426437
0.1470854
-0.08004451
5.507041
5.258821
-1.126577
0.5457175
5.367792
3.706862
-1.262527
4.409043
-2.61755
7.094701
-0.2529988
0.7101677
5.288649
-1.109633
4.707126
5.183843
4.801254
6.27237
0.1109784
3.96137
0.5254067
5.333699
3.013446
3.410731
3.593376
4.663035
5.88369
3.640177
-1.823883
1.319858
4.757894
0.6714131
7.356995
6.742456
0.4964371
2.353972
-1.456015
4.310344
0.9088862
4.725859
5.086584
3.504048
4.221443
4.983981
5.977112
0.3791124
-0.2439843
5.186101
0.0291725
1.028951
-1.203025
4.443847
1.738371
5.410921
-0.5754046
3.570724
7.775747
4.85443
5.787288
5.747183
5.051427
0.08323201
5.087803
2.418843
5.630988
4.121026
6.202361
8.399419
-1.492073
0.9481293
6.062422
3.365003
4.336052
1.120935
6.13728
-0.4717887
-1.19846
-0.0796457
0.7506517
3.028703
-0.468173
5.883074
2.04611
5.100109
5.113439
3.781694
-0.1584514
-0.4257648
0.7948116
8.7422
5.285009
-0.4533255
4.657222
0.6493745
6.907104
4.465885
3.852011
-0.6362223
4.283271
0.161125
0.1280018
4.2813
6.012969
-0.7069054
3.007485
1.535728
1.183396
5.613716
-0.5468296
5.789895
-0.2871416
1.824478
-0.943285
8.41423
4.349105
4.204676
0.326714
3.250663
1.321115
6.464267
4.809892
-1.110516
9.123495
4.354074
5.623084
-0.5899142
4.870947
1.136737
5.69636
3.282907
5.580867
-1.002897
-0.820862
1.727342
6.882586
3.303709
1.92877
0.2806233
5.5052
4.807175
-0.3004822
5.773505
-0.1270051
2.03577
-0.1403946
4.868
4.973256
6.52659
4.037278
4.260423
5.652607
5.62476
8.394627
3.811355
4.809004
-1.437721
4.334374
0.1080714
0.1843467
2.402323
6.754742
5.568776
0.3096237
2.151795
-1.278913
0.3192624
4.920092
3.564762
2.303158
5.142677
1.018493
4.797235
-2.62438
0.511044
5.154398
-1.124985
1.306761
1.395738
5.792299
8.087711
4.952644
-0.4812693
-0.08639461
1.032079
5.895704
4.317266
1.397641
1.556142
5.053625
0.2048713
3.466147
5.882524
4.929219
3.688504
-0.8929549
1.239729
1.171077
6.228731
3.672148
0.7179532
-0.7695103
6.051672
-0.1388081
5.988344
6.378058
4.616875
5.733564
3.927811
5.793794
4.883714
7.828911
-0.9156439
6.088126
-0.9604611
0.2300612
1.14948
4.05391
8.733032
4.561677
0.3250839
5.037928
-1.454962
3.995112
5.376602
4.511803
9.572885
4.793014
-1.258718
5.268085
-0.8185676
3.868102
4.071502
1.25378
3.417246
2.69652
0.4038472
-1.443428
-0.01777489
-0.2188045
5.653059
1.26103
5.099457
-2.209831
4.346513
5.657488
4.473958
-0.6338759
0.8096742
0.6665175
6.879137
6.456838
6.234775
4.722753
-0.9699916
0.6211604
0.6868687
4.74806
6.862256
4.793842
4.506843
6.682892
0.9097497
4.629711
5.949939
7.2615
-1.338788
4.31455
4.888746
5.419435
6.271277
4.032275
1.941201
6.361025
4.506941
-0.6245991
4.976233
-0.7640549
5.314228
-0.1407663
0.4817335
4.568998
-0.6186652
4.437501
1.038985
1.68547
0.8463241
6.055708
5.033781
6.064692
3.594342
-0.6517796
4.659653
9.217987
3.730431
-0.6719066
-0.2871445
3.127292
3.677661
4.347753
4.364202
3.91167
6.735346
6.163043
5.026022
5.613541
0.6099636
1.856686
-0.3320968
-0.1252722
-1.341541
4.433911
-0.8394059
-0.4929486
9.634585
5.866386
3.952677
0.249616
0.3166408
-0.2672808
-1.410807
0.4088738
5.973404
3.605079
5.051945
3.78971
6.300476
-1.324961
0.9895223
-0.2706105
6.644723
5.965415
6.465982
-0.01239634
5.324952
0.3836264
-1.139738
-0.5763738
-0.5634058
4.185454
-1.29918
3.857707
-0.3745071
5.815251
0.9050001
4.312967
-0.7875801
1.549994
4.133916
7.853846
5.079716
4.9969
4.698861
6.454815
-1.02359
4.168122
6.657921
-0.4944716
-0.2942476
1.274517
0.2343306
6.829119
0.4872778
5.512666
0.3217712
3.447303
4.392034
5.243673
0.1702819
-0.3992012
-0.6292424
1.128012
4.809416
4.764088
5.882944
-0.2034971
2.97044
3.962886
1.083348
1.705019
-1.044728
0.2605673
3.224523
5.629878
0.05737143
4.907826
4.30817
0.006373178
0.7235153
3.23362
-1.80781
3.952631
6.462609
-1.673826
-1.216395
-0.6339382
-1.416585
6.078128
-0.7814917
7.672418
-0.5256046
5.286663
5.451609
4.916778
6.047044
6.087586
4.438063
3.624302
3.37722
5.741489
0.5533139
5.39127
5.15927
10.25634
1.048582
5.483845
9.101067
5.870381
5.413403
1.824512
3.309532
0.1631231
4.500517
-0.6034788
2.503593
3.961179
4.489331
-1.215594
4.295252
5.025409
7.222474
4.447602
3.836376
5.243343
0.127854
5.772105
2.732784
-1.516453
4.786781
-0.4127867
-0.7294792
4.653245
1.96466
4.088005
0.5072148
4.323197
5.323653
4.049026
1.237819
6.600918
-0.5714392
-0.2790699
0.4903936
6.921137
-0.1746459
-0.2410402
4.542517
-1.283665
6.491577
-1.415832
4.76815
5.361277
5.733438
1.73366
4.303069
5.769911
6.36877
2.28737
-1.411602
6.428101
3.052421
4.751773
5.877183
3.569414
1.21577
3.950075
5.828488
5.43079
4.988681
-0.1787174
0.4248713
-0.8891584
5.407628
0.2397827
3.873492
0.05961667
5.444249
-0.942431
0.9225803
2.942253
0.7273682
4.192937
0.1749841
4.125151
4.194976
3.880593
-0.4970708
0.1297676
1.320694
2.088078
4.383264
6.852217
-0.05642443
4.401246
4.278396
-0.170716
1.900828
4.458259
3.677434
6.558734
0.8924192
4.437031
0.2699794
5.396352
-0.08110397
4.636068
6.361202
1.462429
3.792247
3.910982
-1.445111
4.513241
1.770602
-0.3267069
5.664539
0.8930331
0.6204448
6.510346
5.995337
3.912934
0.2835148
-0.1960681
4.930463
-0.8810922
-1.814604
5.895319
1.021657
5.22169
4.255748
6.444464
5.447053
4.905869
-0.7345053
2.568255
2.493357
5.986509
6.994953
4.248798
6.039541
5.794251
1.869472
-0.3549943
-1.651792
5.034245
-0.5648894
4.864953
6.025594
6.599887
3.988196
6.124567
7.05429
5.715694
-0.1254777
1.646592
-0.3175448
2.534178
-0.3386371
4.855822
5.195894
0.1727621
2.792157
-0.8775276
4.977617
-1.286858
-0.1343587
4.964244
3.003617
-0.2509143
5.104131
2.98514
3.993146
3.891225
4.209169
5.978253
-0.4438882
5.334369
-0.7448304
4.24245
-1.330348
5.693084
-1.088396
6.903344
3.238334
-0.3636598
0.4631981
5.683479
4.374607
5.653113
3.174401
4.658191
6.623303
5.699113
5.444338
0.05579291
-0.1565647
1.418727
4.646947
0.3161613
-1.04399
0.755264
5.961626
5.114548
2.224336
5.107328
-1.082827
3.548264
5.201947
5.587739
6.103161
0.3586035
0.5829184
4.878031
0.7459505
3.241164
0.5672572
5.934167
0.1533229
5.781349
0.3623892
4.317699
-0.607425
-0.1979427
4.916645
3.476763
4.389413
1.517101
3.670232
5.378693
0.4982257
0.5452173
4.982253
2.738924
3.82621
-1.600646
0.724343
-0.07250057
4.287855
4.450537
4.090574
6.909393
5.70234
0.09900294
-0.45698
5.171084
8.752177
3.867356
-1.217902
5.853281
6.298417
5.26505
3.063416
14.04404
5.487307
4.612077
1.577325
3.125221
0.06276279
-0.5141234
1.054067
0.5033556
5.009264
5.79102
4.055268
-1.239098
-2.001251
4.423698
6.215926
4.751055
4.707425
0.05721633
5.197908
0.7405456
5.831098
-0.06598297
-0.7834976
2.244129
0.05616167
5.642742
3.322301
-0.7911239
4.973481
0.002768598
-0.4734378
3.504224
4.524573
-0.879906
0.1623086
-0.8853811
6.202336
0.7988523
6.00384
5.651189
3.910756
4.908968
6.056917
6.216485
0.2649509
4.842164
3.759669
4.050757
0.03877363
1.184743
0.5877299
5.674082
7.79477
-0.1435251
6.36172
3.924584
3.480962
6.179312
-0.1854919
4.720127
3.535459
5.127669
5.013816
4.836275
3.484546
4.478071
4.938261
5.033358
5.353735
2.375022
0.1068842
0.410546
-3.00402
3.575453
5.830245
5.053347
0.6427073
3.761711
5.903069
5.546242
4.068013
0.01059038
6.551107
-1.299734
6.459746
4.834678
-0.09048026
-0.9102818
2.023283
5.471482
4.219553
0.2478301
5.195881
1.044079
6.066168
-1.820963
-0.3806448
-2.371063
5.307156
4.609931
-0.8038575
5.937218
7.030866
7.507715
0.09470281
5.493702
0.907661
-1.839434
1.154418
1.716358
4.549758
6.064491
-0.5809737
3.208347
0.9918781
2.843159
-2.177986
4.485131
0.5349921
0.7769891
-0.8580569
4.071234
4.102708
0.710383
-0.8892563
-1.086544
-0.8776794
5.522709
4.106406
3.230172
5.006096
10.2871
3.810364
5.406211
-0.5043275
4.860318
4.501991
0.4037155
6.048338
4.597854
7.145646
10.2976
-1.281765
4.644858
4.295322
0.2580978
0.3518339
5.432387
1.188982
3.424186
0.9672986
-0.657156
-1.534796
-1.018537
-0.8632542
4.660644
3.743933
5.297611
0.04899776
3.677846
4.22295
-0.2240469
0.1175696
5.489602
5.272341
4.21322
0.8599154
0.3865849
5.137234
0.7954409
13.05311
6.020139
0.51877
5.919166
-0.3622584
0.181186
4.426831
5.554293
0.639224
0.3298412
1.997873
4.715167
5.042672
3.948749
6.793784
4.501009
5.353869
6.234588
1.278535
6.098313
5.322781
0.7675122
0.7879624
-2.15194
4.970145
0.41466
5.007544
7.228053
4.729711
5.827017
4.805411
4.504757
4.809778
0.6003812
5.166612
4.200032
6.465019
-0.1476754
-0.4766904
-1.322305
-1.549862
3.801242
-1.296622
4.8108
2.793361
5.154578
4.021749
5.855761
2.290484
5.784819
-1.588452
0.1780983
5.712326
2.282443
5.180802
0.3989557
-1.097102
5.877203
5.367148
0.9225088
0.7768195
5.006329
4.311006
4.767799
6.846582
5.821664
6.29386
1.606348
4.209441
1.877207
4.254669
3.868399
4.069873
4.199821
-0.877576
-1.127892
5.598515
0.7269342
-1.908429
7.167214
0.5623494
3.86491
5.232896
1.486953
5.777298
4.448136
6.705373
0.5813036
-1.639698
-0.5238641
5.370672
7.763127
5.727196
-1.656854
5.664631
0.8306317
4.843361
5.567589
-0.7004046
5.151394
-0.03700445
5.387331
6.851772
4.427835
4.183651
0.08831361
4.475533
-0.01010411
5.547283
5.916387
3.356986
0.1952386
3.838873
3.278383
-0.2492715
-0.2431612
1.71714
3.971528
-0.3073367
2.712825
5.458052
3.907267
-1.512697
-1.212045
-1.216793
5.304527
0.1665473
4.51147
3.992065
1.534346
4.295167
6.355986
0.2113652
5.235804
-1.087484
4.140496
-0.4517561
1.525023
4.901152
6.062929
-0.3895529
5.038556
5.26444
-2.152392
-0.5224185
3.719029
0.004615738
-1.634254
-0.2455135
1.418256
4.383098
-0.6733993
0.2268935
4.85509
6.188017
3.934917
4.540614
6.08242
3.244148
4.360631
0.1944581
-1.413371
-1.111668
4.082689
-0.8495029
7.024891
9.31508
0.02344139
4.521221
6.793451
0.3409488
2.490851
5.706476
-1.217979
5.784886
5.016962
6.807955
-1.137037
5.001956
-0.003842204
1.473105
5.660372
0.2119618
4.84313
-0.180749
6.317571
9.907765
0.6374894
3.977619
1.053256
6.113364
-1.493297
5.548539
5.934572
5.343224
5.970655
4.1548
5.451703
-0.242688
0.9278185
3.641284
3.889638
1.686988
-0.4215172
1.025084
4.993467
6.063818
0.8079432
-1.070796
5.444014
8.709675
0.06285872
4.331784
1.049733
-1.239357
5.447706
5.211949
1.18988
3.639075
-0.2770924
-2.243071
-1.343553
0.03531916
4.911494
0.1548023
6.791207
5.041863
5.093271
0.4938781
1.180681
6.440154
8.018932
5.225828
4.518553
6.033932
-0.2288504
4.801431
-0.1485189
-1.478642
0.8101215
-1.880846
6.280251
7.337952
3.937747
4.809163
4.705239
-0.5220988
5.787236
-0.9106501
0.3329828
0.752671
4.200996
0.004998599
5.610889
5.871247
-0.5210181
1.599154
3.154207
0.08523647
-0.1719896
0.9441315
5.859319
4.669779
-0.818426
-2.328926
-1.283286
4.090035
5.114428
5.403473
-0.4441356
5.206141
3.611051
-0.4737555
6.109159
3.459557
1.837582
0.2844179
7.958013
5.830438
1.305089
-1.066859
-0.2380172
0.776914
5.169096
5.087987
-0.5351145
-2.329325
3.503288
6.14423
5.647987
7.092378
5.602967
1.742967
1.112551
4.524143
0.6141978
0.1364007
4.316395
-1.735456
4.964993
5.560007
-1.357365
5.093808
-1.728679
2.164981
5.485206
3.931235
0.2670653
4.319987
7.552485
5.574812
4.406962
-0.2544143
4.460578
3.753414
4.072914
0.9023685
4.770518
1.135402
5.132323
5.700524
1.645496
4.377855
5.649283
6.445669
3.92031
6.665211
0.3109349
3.104495
6.010065
-2.132655
4.942114
4.730419
6.00963
3.75343
-1.139321
5.415684
0.1428585
5.183389
4.592376
2.435088
4.834658
1.794831
4.360819
5.264543
4.462979
-2.243711
11.49213
4.094386
-0.3480174
0.1463238
-3.19336
5.038326
5.319708
0.2522841
5.498321
3.800806
-0.6794759
5.12142
5.947259
4.336222
-1.154049
5.506547
5.857405
1.074446
5.156117
4.112993
5.973129
1.14047
2.69403
0.213444
-0.4900283
1.330078
0.2103318
4.586204
2.350977
0.243295
3.742093
-0.09911602
5.630507
0.5856793
3.65281
4.47442
2.522045
3.338395
6.111199
0.6107405
3.554248
4.748553
3.783954
-0.5541115
-1.646501
6.912294
6.987092
3.03402
5.678982
7.105938
4.779052
0.3324118
3.55614
0.3652375
0.08114998
5.946008
0.7382672
5.01605
1.358219
0.517546
-0.3461495
8.666636
0.3633683
4.658312
1.028007
1.623848
7.016847
5.473476
0.7919352
-0.6139172
-1.007292
0.1217855
1.52035
5.818141
1.488659
-0.2731651
4.913215
5.80475
6.235405
-1.200195
4.319618
-0.6370272
-0.8814111
-1.832022
4.949626
-0.01136877
3.623318
-0.186364
-1.008816
4.682752
4.130497
5.258627
5.054763
0.9135054
3.654816
5.388435
-0.9426223
1.242851
-0.4317489
6.586524
0.4857089
2.920616
6.777615
0.9170991
5.518539
3.754586
4.225785
5.193882
1.424488
0.04497652
-1.662315
5.147215
1.246225
-2.45064
5.733675
-0.150272
0.9267037
4.10867
5.517117
0.7470515
0.8900317
-0.6472384
10.24854
0.1096116
0.07701917
0.3229382
4.068111
-1.233053
5.709356
1.447622
4.764401
6.338196
-1.569764
-0.5771209
1.399871
0.4883636
5.242127
5.447071
5.377415
-1.01042
4.985399
1.049029
6.474066
5.289846
3.525072
3.806175
5.308393
4.866821
3.569855
4.396567
5.421273
1.785384
0.9293214
5.142025
1.748785
-0.2197971
6.15871
4.698974
-1.622703
-0.06652056
6.625263
-0.4425674
-0.5689088
5.717518
-0.8843923
0.3184289
4.224165
-0.08019267
4.78054
3.628933
-2.174474
-1.682392
-0.431608
6.153098
4.53442
-0.6361759
4.793136
6.455049
4.703497
4.524585
-0.07025873
4.954445
0.9111651
-0.8731341
-1.956092
4.153042
7.641639
4.821406
4.416079
-2.088963
-1.360864
4.604487
0.5057594
6.937827
5.926749
0.8566878
4.630447
-2.444299
-0.9088879
0.744269
3.419837
-0.7851631
0.8195832
-2.092012
5.450358
7.217184
-1.345252
0.6963554
1.098028
4.184363
0.2807207
4.950293
5.7124
-0.8477437
-1.374615
-0.5916988
-0.09207933
2.110216
-0.5930053
5.468584
4.773734
-0.4706967
5.237451
5.329127
0.09465519
-0.5705608
5.13159
3.792995
1.159702
5.050368
7.119297
5.10811
0.9144468
5.885803
0.9719785
0.1037479
1.571315
5.060067
0.1352775
4.737101
-0.7702909
0.00246914
6.347197
8.235358
4.564632
5.138797
5.579412
2.30522
6.174178
5.798408
3.275767
-1.430371
3.839851
0.5572057
5.069144
1.686075
5.449662
4.42175
0.03007175
7.437257
0.8351933
5.909739
-1.445203
8.080101
3.842677
1.109169
4.505333
4.444458
5.066615
-0.1595708
4.306462
4.316744
0.8579948
1.569286
4.07103
-1.576914
3.725099
5.218822
5.089497
4.712414
9.611939
6.350943
5.207871
0.1651201
3.354783
0.5571068
3.691545
6.502482
6.794119
4.536477
6.812212
0.6281037
-0.6735655
5.693266
4.826313
5.299461
5.136334
4.824336
-0.3808136
1.274658
-0.3299363
-0.2622814
4.234383
3.496575
4.281092
1.130447
-1.757491
-0.677325
0.2363682
5.707084
-0.666334
0.7570534
6.709053
0.05569761
0.2804975
4.879834
6.212647
5.311362
4.208994
4.218905
3.682509
-1.693305
4.514389
-1.208442
1.561778
6.627978
4.809256
5.47039
5.146424
4.930705
-1.341204
1.355219
4.753863
5.424158
-1.918304
5.271931
0.488524
0.7046091
4.109983
4.187453
0.1081636
5.16791
-0.1443395
4.171965
1.573197
2.574743
5.40871
5.275625
4.800396
0.4542776
0.08977925
4.103818
1.701726
5.369241
5.730918
6.166749
6.170438
4.682991
5.374391
3.580399
5.283597
4.677237
5.838463
5.314833
4.253669
-0.1127064
4.625402
-0.3119266
3.671123
4.761713
4.555189
5.79549
0.2581229
6.638742
0.2609963
0.5974244
10.95471
3.818419
6.258474
4.12516
5.974268
2.359958
3.879229
0.7014073
4.384826
-0.4736597
4.617255
3.936544
5.714538
2.090224
6.614293
4.579778
0.4993832
-0.349693
-1.688589
4.010552
0.5223135
-0.8931789
5.328493
3.43252
7.19166
5.434221
3.968487
6.849188
3.336603
5.774168
5.9082
1.0072
-0.2953927
4.124239
0.6493231
6.484136
5.237087
3.495954
6.055825
0.9641858
-0.1722239
-0.8504138
3.913271
-0.03354756
-1.366852
-0.2266622
-0.4512752
0.6704324
7.412416
4.120657
0.9297911
5.603153
5.175184
5.079795
-0.6464323
2.581598
6.431932
0.7624149
0.1841885
4.53256
-1.418196
0.1060921
4.797083
-0.6457163
5.483953
1.762689
0.6251353
-0.09601618
5.697759
0.6657465
4.321123
3.761693
3.906692
-0.009786523
1.99644
0.4240862
-0.2299471
7.814272
5.630893
-0.9157311
2.252449
1.54231
-0.7387817
0.02206412
-1.29448
5.016221
1.141525
-0.2646544
1.64573
3.073309
-0.2762896
0.288154
2.256179
-0.4233344
3.953292
0.5141232
4.900021
3.303264
5.956957
5.309845
4.018985
6.380706
-0.3804965
5.444576
0.2384837
6.85417
-1.440253
0.5348438
3.192919
3.479148
-1.157755
-0.3035576
4.046572
4.449066
1.639246
5.049407
7.540622
6.065917
1.79745
2.97337
-0.1611332
5.591002
5.934407
4.991488
5.623617
9.068345
5.683662
5.666244
-0.4530354
5.340596
0.5653119
5.954785
-0.001839318
5.944873
0.3388618
5.111288
6.285375
8.827067
5.911086
1.210033
5.296857
-0.7128472
6.84861
4.150687
-2.067548
4.498095
-1.374641
4.780818
4.181175
4.574471
-1.025571
0.4019822
-0.01759131
6.095792
1.732527
-0.3458907
-2.14307
4.429806
6.75887
4.89623
4.623888
-0.03810831
5.732571
0.001637857
4.74119
4.562422
-1.548942
10.10401
3.483252
4.25902
-1.829551
-0.09025876
2.495371
4.453583
-0.5457506
5.325503
-0.804454
5.045745
4.557235
-0.4400437
-0.09237062
1.490427
-0.2448276
7.332628
3.576339
0.6818037
4.888334
5.555196
4.779947
5.419695
5.601393
5.168848
5.453642
2.281264
0.3849605
5.637478
5.01006
0.8492407
4.488007
2.20147
-1.347456
5.449516
4.735331
6.636492
1.709353
-1.559865
-0.04418281
4.506675
4.447878
0.5723384
1.226442
-1.026634
5.056939
4.317288
7.722202
3.424735
4.787989
4.136014
3.761675
3.746984
4.781047
5.265351
4.947703
-2.291974
5.5693
-1.192599
5.953072
4.819353
5.740248
0.2790613
5.976283
0.05455452
3.563954
-0.3700559
4.302077
5.909379
5.044598
2.801139
4.033668
2.678627
4.212127
5.855492
5.383366
3.699248
3.811363
1.409381
5.219243
0.4911758
5.949589
6.40215
-1.50033
-1.046383
4.683113
0.2924649
5.930241
0.4655784
-0.1035372
5.9734
6.220929
6.147378
-0.8304273
7.110909
6.158155
-0.4314832
2.193004
5.517634
6.232906
5.414989
3.944024
-1.401454
6.017811
0.4710026
7.043513
6.655697
-1.016718
4.650224
0.441516
6.832793
5.578727
5.146098
6.002864
-1.567802
4.865271
5.499248
4.289132
1.01564
2.054198
0.4878008
0.3434059
5.333815
-0.1289314
-0.1537317
5.34282
0.3535519
4.151935
4.51522
0.0883635
7.732923
5.123852
1.929204
0.7391828
3.701824
4.271986
-0.1296184
5.853695
6.094387
-0.5490683
3.552552
5.718486
5.208309
4.574455
0.2624927
11.36627
5.268129
3.844284
4.426451
5.15647
0.6444494
-0.3997062
3.928318
5.007522
1.5244
-0.9490071
0.5331418
-0.1377245
7.332994
6.594629
5.26838
5.4167
0.1254534
4.74989
5.636538
0.6191699
-1.597729
5.074261
-0.4254925
0.8989632
-0.9813275
-1.728147
5.050315
5.824967
6.270855
6.220027
-0.1517211
3.812201
1.254283
-0.268571
5.841914
2.82468
-0.4141769
5.805555
6.252068
-0.6157943
0.0410708
2.03953
4.524107
0.6649378
0.185583
-0.3554619
4.213061
-1.291635
-1.114609
13.56332
5.144498
1.369506
4.697428
2.912786
6.476796
4.796552
-0.1012997
3.541857
4.508539
1.95001
5.545894
-1.322352
5.5886
3.930633
6.389983
1.424397
-0.7701443
3.046695
0.3609391
5.123566
5.312076
3.499076
4.286475
4.336346
-0.4963491
-1.776834
0.6737144
5.96744
10.45544
1.076812
0.07906368
4.432391
6.273787
0.5612184
0.7981574
4.834509
5.561202
5.944503
5.96164
4.93415
0.6116129
5.63846
0.5032307
3.402767
5.089817
1.111598
0.0312986
4.439431
4.997353
3.754015
-1.749829
6.180969
5.124395
5.522239
4.740263
-1.490834
5.013801
3.432692
-0.6757718
5.998862
4.052475
7.043944
3.770726
5.291478
3.978693
5.395209
6.690963
5.090323
-0.1842888
0.3633224
-2.209733
6.273309
7.124031
0.5371393
4.804918
5.7104
1.550241
-0.598396
3.654773
4.768039
5.549374
6.033055
4.392005
7.7196
3.47142
5.94172
4.4526
-0.2519856
0.5692896
5.255746
-0.5687103
4.979954
0.4254482
5.628826
0.7966652
2.930011
5.607141
-0.314614
5.68813
7.462205
5.61736
1.804523
1.445163
4.782768
-2.485607
7.614644
3.789524
0.9136526
4.452779
4.692963
4.225068
3.952179
4.860009
4.064659
-1.560945
7.070969
5.359905
0.6354043
6.889817
4.132469
5.71001
1.183256
0.1380046
-2.266476
-1.983
1.253428
0.5568198
1.162322
6.134234
1.415312
4.881401
4.030573
6.508873
4.632266
3.753236
-0.2162796
7.085086
5.163962
0.3764027
8.436125
3.683245
0.03903615
5.888788
6.043024
-0.4791581
4.465855
5.830716
0.4575506
6.344736
-0.9282609
5.533418
0.3136974
6.183264
4.217399
5.132037
6.654823
-0.3305211
0.009489566
4.927957
-0.5658926
0.02122827
-1.482985
3.323356
5.384311
3.718271
5.444841
3.680579
-1.455132
4.502331
0.9148828
-0.7889318
6.075141
6.122159
4.642362
4.610717
5.378656
5.032714
-1.393965
0.5337414
1.232705
1.948059
5.478291
-0.6945363
-0.2123259
4.120317
1.121464
4.527519
3.933268
0.9292287
-0.7232519
5.170223
4.663805
5.5371
5.178166
5.185606
6.224149
5.166066
5.92204
4.870887
5.310086
5.863938
0.6505943
5.87928
4.980907
0.3308903
4.840672
3.872754
0.989897
7.973529
0.6479246
6.058824
4.801896
3.144317
-0.26838
-0.467162
0.3098745
1.639612
10.57143
-0.1991332
-1.354245
3.831856
5.969016
5.04441
-0.2097232
3.315124
3.803078
5.357292
3.863281
4.39323
5.431669
5.532577
6.682985
3.36031
-0.6537183
0.4578201
6.541161
1.504311
5.999222
4.742502
5.570706
6.301944
3.439008
-1.059758
1.9495
6.270253
-0.4685597
5.161299
-0.764168
6.497435
5.30456
4.302231
-0.5790305
5.705671
0.1912676
5.175582
1.77487
1.438314
-1.358737
2.565163
0.4719592
7.335861
0.2174633
5.42735
0.3199752
1.51802
-0.6233156
-0.1945419
5.851496
-1.241625
3.90679
-0.9117026
5.134032
4.42389
5.144593
4.620917
4.689193
1.316634
-2.25371
4.115496
3.979415
1.92725
7.803434
0.8750988
-0.7719078
6.051686
-1.088542
4.023543
0.3973943
5.029577
3.798496
3.791226
4.437994
1.593067
5.153324
-1.735495
3.944877
-0.424304
3.876499
1.169247
3.462843
8.754655
6.204603
6.293242
-1.20255
5.079507
5.793319
0.2106187
4.286565
-0.2088106
5.342909
4.045298
-1.280994
-0.2447034
4.924318
5.264411
4.154772
0.2300954
5.075545
-1.317178
-1.144745
0.6192918
-0.4638954
-0.95294
-1.86553
3.027879
-0.6676914
-0.5282764
6.30119
5.447279
-0.8884181
1.4225
4.397952
-0.1784353
2.773805
6.293635
9.711688
-0.002952916
4.502348
0.7096173
-0.1440826
2.515212
2.49634
4.413439
5.612631
0.1821382
4.103168
-2.464087
-0.2910418
6.280557
3.262738
4.606091
7.567792
-0.2686778
-1.002927
5.160454
0.5115891
0.1597409
4.561417
-0.6867617
1.762667
0.3084632
-0.6776265
-0.398042
0.9952469
7.130867
3.387837
4.393161
4.415351
9.434228
5.207956
5.787705
5.312353
1.090445
5.21425
4.886975
1.147965
4.809366
5.221495
0.3411532
5.881661
4.167791
6.099999
-1.432132
-1.186663
3.17176
-0.8218612
4.083729
5.464758
4.063582
3.812499
4.772567
3.595441
5.168101
3.994634
1.913625
5.788362
5.657563
0.1557869
5.311063
3.555695
3.111789
4.8717
6.717454
1.337283
4.677488
4.514783
5.825882
2.486099
4.747911
5.986508
-1.019703
7.539635
0.9740376
-0.8434216
-1.142908
4.879136
5.727767
5.509249
0.3328855
11.16825
0.2804735
2.268877
-0.6278988
5.939802
0.636059
1.736874
-0.6757314
-0.3324648
6.430779
8.953491
4.984626
5.628827
5.709782
3.639523
-0.2581466
0.6200164
-0.6157872
-0.002347513
2.243562
5.454781
-1.071763
0.9103092
6.11356
5.946986
4.242023
0.8172539
0.4227898
3.901897
2.657763
1.638839
-0.9396028
5.642908
4.531358
5.500368
5.332645
2.719204
4.506211
5.099248
3.414849
1.702123
-2.889201
-0.2869588
5.861517
1.496224
3.208267
1.441428
-0.5279627
0.5544115
4.820681
3.546991
5.464569
-1.027971
1.10606
6.045396
4.365071
4.329187
-1.391205
0.1840432
-0.7226727
4.257897
4.704125
4.77775
-1.313356
5.33982
3.524452
-0.4430058
-0.4941206
6.448338
6.156473
0.9082891
4.225145
0.2277126
-0.2184139
4.809064
1.62553
4.652022
-0.1034433
1.215355
3.45951
0.1264075
5.197648
-1.188543
5.502417
6.203672
6.400266
5.623112
-0.02542963
5.014403
6.745106
-0.511484
5.986837
1.19469
-0.6997743
3.819814
4.094875
5.778261
-0.6602445
0.4319995
2.896126
0.1934548
0.8466059
5.359828
0.2746203
1.192532
0.7139178
6.049184
6.469317
4.439293
5.192154
-0.421833
-0.8640517
-1.135165
5.134415
0.6968605
0.2230235
5.646049
0.1714758
3.447932
7.100317
4.010284
4.165355
4.862702
3.747455
1.185545
-0.3681206
-0.4693037
-1.334199
-0.4547544
1.662376
5.824409
-0.3374932
4.600723
1.023484
3.924675
3.237122
0.03698106
5.774593
4.741437
7.054794
-0.1391559
0.6269179
-0.9302724
4.330984
4.388952
7.301246
-0.06686717
0.7206402
4.699531
6.611221
1.560058
-0.2080357
3.879666
6.50702
4.593447
-2.229852
4.210401
5.042956
5.051256
5.07631
3.010702
2.247624
6.326319
5.032759
4.91784
7.011079
4.667202
0.7099716
-0.3778231
6.989246
5.057752
2.329797
4.211188
5.062746
-0.7727256
9.24223
-0.8916593
5.812084
-0.7589942
3.791121
5.437969
6.267099
4.440156
-0.1925127
5.498586
4.816307
0.9692289
4.729163
4.946253
1.135273
-0.1484414
-1.830504
0.186948
1.292225
-1.487177
-0.313109
4.854377
1.230487
-0.6897709
2.149027
6.07538
3.599067
4.792934
0.7935117
-0.2691113
6.389435
-0.7531456
4.236812
4.317997
5.615978
-0.1509851
4.163572
0.03222385
0.1361983
4.39631
0.5183232
4.625002
-0.1908195
9.561655
6.715145
4.918298
4.336491
0.196249
5.302031
0.309726
4.667488
0.3792796
-0.1072931
0.4351252
1.88975
4.151038
0.5034332
0.4314425
4.451048
3.491451
-1.692886
2.762878
3.975236
0.1336439
4.638051
1.096268
-1.941145
5.059583
5.185102
-1.116668
-0.228959
0.5850096
6.278709
0.03221302
4.76343
1.03394
0.6382318
1.384649
4.026394
7.997706
6.650947
0.9654938
0.7408819
-0.6522363
4.82194
0.3300556
1.650111
4.794116
4.671231
-0.331922
5.053191
-1.793187
-1.035386
3.373159
5.314749
1.110884
6.44495
5.541171
2.032867
-1.297812
5.246721
7.847043
3.688049
5.653403
-0.72634
0.423106
0.3820441
1.905364
5.439197
7.764919
8.00419
4.741767
0.5235445
10.25254
4.037949
4.182441
-0.9039879
0.1665032
0.735438
1.907351
5.757083
0.7311975
3.919789
-0.9223185
0.1811406
3.254923
0.4383463
-0.9229793
4.664911
5.454494
3.846206
-2.081575
4.728942
6.370586
0.2867698
-0.3664622
-1.228046
4.502427
1.18482
6.121761
-0.2601849
4.03344
3.548912
4.427241
1.730614
0.6000388
-0.4632712
4.606618
-1.363157
5.513068
-0.185207
4.709595
2.985295
-0.1779573
1.395964
-0.8294673
4.927455
5.015052
2.720061
6.539425
0.4986906
5.944294
-1.043155
-0.604289
4.233333
-0.3576307
0.4454251
4.658886
6.445314
3.233455
3.324108
1.544258
0.3251397
5.040984
7.041492
-0.7476391
4.677309
1.549625
4.624147
1.325262
0.255924
8.569117
5.019352
-1.618257
5.453053
5.655134
-1.516912
-1.112555
5.529677
5.014526
-0.3864786
-0.4490552
3.903109
-0.1029134
5.882464
-1.034205
2.655552
3.887665
-0.2029446
5.562214
5.61746
5.119083
3.941257
-1.157458
-0.41451
5.189893
4.637814
-2.168945
4.762683
7.076443
5.810149
5.620508
3.59291
-1.99737
6.366702
0.0989792
5.329033
5.326603
5.671455
5.472714
0.665317
-0.09132653
0.2651841
5.456393
5.105837
-0.8930985
5.417304
5.808945
1.830548
5.236937
4.127678
0.1615691
5.594134
-2.538504
0.877913
4.159171
5.871792
-1.673116
-0.4674378
6.550464
0.6260725
0.03479345
0.05290042
4.079822
3.930519
-1.236306
1.463119
3.54886
0.7108812
-0.5847969
-1.242761
4.029796
5.196757
3.921795
-0.1811543
-0.1345012
4.2025
3.850972
4.558232
5.149857
-2.38184
4.384802
4.914529
-1.809349
4.204759
-0.5058018
5.98839
0.3387005
1.060616
0.7047674
4.365606
4.101597
2.788124
5.622022
0.2673339
5.506347
3.350529
5.324242
0.2518858
5.79746
5.104303
7.022226
0.3605204
4.498238
-1.729283
4.953973
5.460873
0.4933669
0.5789222
5.696683
0.8761049
-0.7473757
-1.879153
4.187437
6.484232
5.382254
-0.166003
5.758652
1.556418
-0.8403023
6.329815
-1.216148
0.004192709
3.739284
6.445746
-0.03355642
1.268372
5.04419
5.185748
5.180322
0.3538238
-0.5986319
-0.4744723
4.668163
-0.04727972
-1.274013
-0.2341498
5.788688
-0.2138277
-0.07578785
-0.1276297
5.489261
0.4241003
4.494845
-0.0599911
-0.4583862
1.056534
-0.3763546
4.350961
5.882283
4.662817
3.980309
0.5383409
4.81257
4.62929
0.3168559
3.91469
6.614543
-1.482325
8.619877
3.559788
0.1510832
5.932143
-0.6016748
6.247986
6.091135
5.924058
0.1023575
-0.9975604
1.707015
-0.7653758
3.550193
-0.8899737
-1.021672
0.008764737
-0.8671962
2.022212
0.7695772
-1.215188
0.02252705
-0.3784047
-1.023197
0.8791058
0.1500301
1.097179
-0.7297922
1.480157
0.04989588
-0.0521781
0.2896355
5.454641
0.5151488
5.494766
3.127174
1.606132
1.361118
5.373197
0.3324865
4.393672
6.217307
0.9872868
-0.1130675
5.470102
4.737498
5.5127
1.467673
4.094863
5.559659
3.933796
0.4985673
0.9128278
5.683584
-0.7575
-0.009156508
-0.205738
3.37867
5.106771
0.5771921
5.191913
7.070556
-0.881092
2.429005
2.614866
-0.8612077
-1.131696
5.998787
6.15828
4.627228
-3.453055
1.236713
5.417694
6.472141
1.181519
-1.266244
-0.6483037
4.383546
-1.882234
5.263684
5.644892
4.364959
5.169084
0.1261363
1.83542
4.378861
5.852964
5.70285
0.8840299
4.905746
1.362802
0.8739907
5.300273
0.01312701
5.839314
5.361696
-0.7088512
-1.698285
0.04012099
5.588261
4.752096
-0.8289782
-0.2594596
5.359383
5.463459
0.7492552
6.050373
5.429328
3.232558
1.328398
-0.3463904
4.350381
4.916949
5.276869
0.5408835
1.217924
6.407687
5.37645
-0.9634532
4.410546
-0.4504565
3.801664
1.514189
0.2933189
-1.383976
-0.5521587
4.977981
1.298487
3.691145
-0.8043162
5.631977
5.001337
0.7539358
0.5497463
5.620574
4.587267
5.41313
5.20373
-0.8888426
1.518572
-0.01753103
0.9334381
0.7698729
4.099979
-0.6718218
5.057109
3.109548
1.085781
-0.1739066
-0.5446713
1.058106
4.632264
4.434297
1.45865
4.351481
4.446477
5.087558
-0.4516025
5.024923
0.2233037
-0.1726799
5.768263
6.583744
4.43772
-1.658617
8.306744
5.369174
0.1970493
-1.135894
1.037316
4.076038
-0.5197063
-1.534499
4.348616
0.260682
7.181007
5.610797
4.51838
0.3723773
4.904728
4.29764
-1.174665
1.273754
4.90913
5.771194
6.47269
-0.06635816
5.006236
5.340794
1.108983
5.584773
-1.008668
5.118994
0.3151253
4.625762
3.816781
4.800923
2.058954
1.670137
-0.6848042
-1.558598
3.375097
-0.07926416
-0.2056098
6.296624
5.29896
-3.049926
0.5278917
0.1234595
4.795226
5.051985
4.483598
4.637899
3.36195
6.528108
4.768726
-0.7655061
0.1937025
3.313565
-0.06611026
6.643765
-0.9531571
0.8325458
4.56484
4.869299
5.222599
-0.5073705
0.7700039
5.560429
6.394219
4.856043
5.070005
5.990523
5.19085
5.767457
-2.265979
1.243988
7.108617
0.1260802
0.3679188
3.332366
4.046532
3.554247
1.100838
4.824828
4.766627
8.82311
1.854957
6.478504
6.833819
-1.109171
5.95686
-1.555165
5.7275
1.627154
6.429067
1.571341
5.80026
-0.07321316
-0.5559292
-0.4262028
4.922861
3.907383
-0.111358
4.96273
-0.008263361
4.919127
0.3450556
-1.136926
0.9169404
-0.5672232
-0.2500937
0.8921746
4.69292
6.608986
0.17094
5.454218
-1.700085
4.527225
5.482667
5.83586
0.4429527
-0.3150117
6.456157
8.779958
5.084942
-0.3398572
7.513935
4.321062
0.1265749
6.157851
5.088323
-1.073459
5.177649
0.3263546
2.14523
5.737642
-0.4583707
1.359675
-0.1264431
4.693204
-0.03540459
6.673117
5.299642
5.230347
-0.4978278
5.845541
4.995067
0.5670994
-0.3668464
4.065763
0.1615999
6.311882
3.676443
-0.3128366
-0.3528377
2.703733
-0.1105481
5.404912
4.645716
4.734156
4.015111
5.252298
2.954997
-0.40072
5.47304
5.412807
3.943802
0.01804582
2.561122
-0.8254762
3.688507
-1.058113
5.014378
0.7595797
4.01039
0.9773562
4.724633
5.818847
3.766897
4.706769
5.834405
-0.9768129
0.1453822
1.306565
6.18507
4.911121
4.703893
8.450191
-0.2808702
5.433973
4.066243
6.761553
0.4546461
0.8552835
5.359168
1.117086
0.2106813
5.216983
0.9608957
0.3983777
-0.1440549
4.268204
0.8053793
5.213133
4.428382
-0.5184026
5.661449
0.02825768
1.226612
-0.6767777
5.638916
-0.6305059
3.652371
0.8744717
4.606717
-0.5528078
2.472184
4.794948
5.697682
5.811203
-0.7179131
2.463722
0.0314946
4.202548
4.671898
3.874283
1.88011
-0.720917
5.542941
-0.5423251
0.4818749
5.020404
5.907839
4.929047
1.33116
4.765095
-0.01634799
-0.1598765
4.844192
5.508965
4.333521
4.786206
6.067974
3.669063
5.558341
4.290445
3.64104
6.419059
0.8118435
0.9723328
-0.2494557
5.674119
-0.2030958
5.312303
0.04244001
3.663434
5.210848
9.954475
5.760913
4.057982
0.9037338
4.387585
6.121783
6.025672
4.409189
6.826723
5.019701
0.2399501
0.02875628
4.110775
-3.002674
4.435725
4.211809
-0.5833257
4.436779
4.879026
5.275734
4.650729
0.3975892
4.434658
2.801964
6.19394
-0.7809261
5.912735
0.5638026
5.636825
7.210729
4.695619
4.093857
4.677242
6.051987
4.865127
6.352099
6.905735
5.858232
7.104055
-0.04952953
6.183403
11.28677
5.446329
5.542614
5.530859
3.904193
2.103289
5.208804
4.571708
1.291385
4.148514
3.762927
6.545931
6.13183
5.585106
-0.2873857
3.898008
0.3941734
3.612828
3.205648
4.89607
2.755296
5.191103
4.820079
-0.7245784
3.96663
5.333901
4.770688
5.642882
6.829793
0.4149686
6.473764
4.735383
-0.4920202
0.2432745
-0.3152429
-0.1652545
0.500669
-0.8356189
7.061059
6.914201
-1.596524
6.157497
4.896923
4.762541
3.861257
4.397511
0.1624262
5.444456
-0.05139947
4.872259
3.889948
0.7308798
4.109014
5.678499
2.126417
4.210298
5.779542
7.780877
-0.2087098
4.75079
6.154413
4.78724
4.908869
-0.5976868
5.580922
0.2084581
5.925893
4.802269
6.541946
-0.5033677
5.385201
6.098105
-0.936587
-0.5226499
6.04697
2.15378
-2.004184
1.465235
0.2556248
1.00303
-1.188161
0.5829002
0.2477448
-1.456484
5.73229
-0.6785481
1.699379
4.319294
5.283864
2.322109
0.9873664
6.544196
-0.1850764
1.26587
-1.112291
-0.3702387
-2.027937
3.876112
3.348328
5.304227
5.4853
5.082061
4.603435
5.464196
4.430124
1.12696
-0.3807173
1.411702
-1.033698
5.299733
4.286229
0.5337148
5.03393
5.509631
5.250341
1.651174
0.3917798
-0.06240778
5.154137
4.188129
0.1133411
-1.089589
4.333939
-1.088034
4.534525
5.241231
0.6057441
3.573703
-1.29695
1.048301
-0.1737846
-0.1366438
1.414813
-0.05917951
4.750554
1.09332
0.3918802
5.962121
4.993015
4.604304
0.1985748
4.299765
6.102867
7.017542
6.544767
-0.8608045
-1.406754
4.716113
3.999943
4.758052
-0.4167913
4.972295
6.679838
-0.08575209
6.259845
4.571116
6.116149
-0.2326807
5.674239
1.194315
2.001997
3.056269
5.401446
5.500936
6.310972
0.9604366
0.7707004
5.379082
6.874677
4.306496
4.229944
0.5109017
0.7491277
-0.936627
0.426895
1.588643
3.54006
3.601395
-1.618037
-0.05312874
5.171312
6.614305
4.868238
2.513973
1.194268
5.134524
-0.1029588
4.821597
0.48623
-0.1039373
4.048979
-0.0232098
4.335197
1.77261
2.995404
-0.04303458
0.8816211
5.86804
2.234419
4.058907
-1.53965
3.492185
1.054202
5.291373
5.297664
0.2973716
4.712421
3.850713
-1.398574
7.716665
-1.080371
5.616601
4.863601
-0.2036
1.106932
1.032386
3.666538
6.029028
3.665492
5.115363
4.048525
6.423998
5.394552
4.09073
4.085464
4.493346
1.633071
1.04784
4.008059
-0.1051208
6.532104
-0.40964
3.989613
0.3763701
3.812068
5.288522
-0.4181716
4.705432
0.825147
0.411518
4.88318
1.849315
6.932937
7.168267
5.256714
5.396876
4.206879
5.018336
0.2357239
3.635168
5.288174
4.485289
0.4032685
4.69214
3.710307
-1.412709
2.90318
6.508341
0.7417803
6.176317
3.634229
-1.367306
6.830602
-1.368796
-1.153427
0.4494116
4.99052
6.163351
5.620471
-0.7261361
4.973158
5.560522
3.437421
0.2571084
-0.7387296
0.2587135
-0.1604706
0.9871311
0.5757781
5.470428
4.450938
-0.9841306
2.662687
3.525223
6.301866
4.961978
5.191879
7.411487
4.615235
-0.2871242
3.591563
5.597708
5.506992
6.040615
6.133038
4.152224
4.350039
-1.187294
6.063859
-0.993788
6.695641
-0.1049019
0.5354632
6.058057
4.722518
-0.2931663
5.991484
5.692849
4.489149
-2.464433
4.346041
4.520892
6.349369
4.694252
6.028258
5.004203
0.00655803
0.7848777
4.97635
0.516666
1.50045
-0.1918829
4.070125
0.568318
3.270183
4.283562
3.406699
-0.07426685
4.706888
-0.5451485
0.3210225
5.181927
1.546846
-0.6956765
0.6376793
-1.192536
-0.9198823
1.771901
-0.8671503
4.587121
0.3700909
-1.82013
2.438883
2.289818
6.337631
5.251937
5.081417
1.34778
-0.220294
0.04147046
0.6466606
2.792614
5.553861
6.935326
3.331327
-1.165023
0.2627948
6.902187
0.6566271
5.714168
4.680573
-0.0198004
5.889609
-0.602697
6.596965
6.552604
4.049254
5.301479
0.854805
1.256259
-0.7696149
-1.2377
3.81026
-0.2085351
5.565005
4.853668
3.519249
6.01845
8.309864
0.1535762
1.303826
5.291195
7.392135
0.6498085
1.081371
-0.4226578
0.5598038
4.985276
1.006326
6.605414
-0.3551131
-0.02331904
4.36343
-0.06689228
4.567894
4.156029
1.581616
0.8167642
5.648169
5.36069
6.552402
-0.1143256
3.951058
5.826374
6.853155
0.2829248
-0.6150907
5.783743
5.372421
3.219651
5.529949
-0.7538258
3.669184
-0.2140418
4.736699
-1.028651
4.090095
-1.024346
-0.1822177
5.549909
4.256894
6.346471
4.126546
-0.8392008
4.17281
2.875279
1.900998
0.258043
4.56077
4.849966
5.280856
5.826076
4.462294
4.460083
5.719163
6.191264
-0.2677764
4.246479
4.417537
4.958782
1.06133
4.998482
5.019737
1.8132
1.438095
-0.6021697
3.822009
5.163781
0.8599772
3.327848
6.254106
4.407617
4.3661
3.650884
1.281744
4.629726
-1.047809
4.90842
0.4488594
-0.1940023
5.298438
-0.9260728
-0.3638053
-0.5424554
6.05635
3.572524
5.309616
0.7060888
2.577111
-0.292754
2.287876
5.767757
5.250201
5.576418
0.3255107
0.7047567
4.36222
-2.97093
3.600765
5.47094
0.4278477
5.385257
4.290496
6.659168
5.985449
1.169922
-1.990237
3.661273
1.125965
6.075949
8.780004
0.4275916
4.841926
5.225924
-1.035671
-0.1399632
5.763631
-1.571828
0.9790105
-1.775902
5.612899
5.769057
0.2392232
4.743083
1.594666
-0.2145485
5.781202
1.12545
3.721162
3.80891
4.492656
3.967299
6.006314
5.334591
-0.8862412
3.812136
0.9641529
-0.2361211
4.324389
-0.1776975
4.21686
-1.652719
4.170442
4.401636
0.3023999
-0.9093988
3.663981
1.101735
-0.8207805
0.1094146
0.6167204
5.072445
0.1714927
6.297862
1.045122
3.827476
4.66101
9.707083
0.7455132
-0.3608804
6.573576
5.602463
3.113249
-0.7141807
4.274079
4.520345
4.668221
1.076756
1.099662
3.351594
5.004602
5.414572
5.232116
-1.013512
1.639762
0.6072919
-1.732194
5.826676
-0.03853618
0.8124459
1.968593
5.09467
5.225834
0.3860628
4.554505
5.990093
1.048607
4.963622
0.1333579
-0.1365791
4.684605
5.498729
6.895521
2.951563
-0.01304238
4.883467
7.336898
6.430485
5.570272
0.7501159
1.069218
5.476279
0.4470565
0.009440427
-1.319642
4.349584
5.80262
0.2025691
0.7281409
4.359174
4.955349
5.069768
-0.6554025
2.668244
6.712099
6.524824
6.521551
-1.941637
-0.7983195
1.267478
0.7354375
0.8291247
3.004566
1.681361
6.33554
5.7569
6.846992
5.405622
7.351552
1.04726
5.000319
-0.08043503
4.805019
0.08452082
5.082075
6.372159
2.889519
6.206628
4.969768
5.492805
4.81151
2.899741
1.352051
4.957993
-0.410883
-0.1308782
-0.860088
4.172802
1.645152
4.164413
-1.409064
4.242223
-1.163335
5.29083
0.6020548
4.481817
5.03529
0.8376727
4.758038
4.132608
5.417428
6.811362
3.841992
0.07471655
3.248142
-0.7405189
-0.8051801
3.986279
-1.522404
5.815507
4.867121
3.484921
2.487005
5.320296
5.17346
-2.119357
5.896723
0.3140588
-0.7425021
1.041216
5.230516
7.471368
1.241685
5.330124
0.2943718
0.6218633
4.262596
-0.9778838
2.08206
4.235176
7.026765
3.062343
-0.7268088
-0.6305635
12.42425
3.331791
4.486527
-0.1934663
3.29489
3.131944
4.940329
4.614643
5.331678
-0.6959182
6.422639
3.523483
5.405194
1.022039
0.9363866
3.251475
-0.5793654
6.13238
-0.6046818
3.469015
5.703239
4.337871
5.830967
-0.2423651
-0.982602
-0.2847245
0.09009244
7.904553
5.702744
6.179887
4.505455
5.302952
5.413421
-0.6077435
1.892171
0.1682378
4.468857
6.899438
5.187966
-1.407095
4.563351
3.657897
0.2399237
6.134302
1.944186
5.729725
1.415436
3.486711
5.963952
-0.2028928
0.1735285
5.176883
5.87063
1.573019
3.966753
-0.07090372
0.0711626
0.2399283
1.319149
4.858179
3.804989
1.117477
