0.262218
5.698815
4.055363
6.41695
-0.5688792
11.73425
4.491214
6.269965
-1.017013
5.130951
-0.3502907
5.249188
4.645135
-1.016579
1.054204
4.520695
5.703196
5.528952
7.73652
5.032932
-1.234015
6.155436
-2.683644
8.118362
5.697156
6.703768
-1.237054
4.717456
4.533242
6.041585
4.970455
6.05677
5.778708
5.503625
3.743596
-0.1453031
5.351303
-0.1117655
0.4494763
-0.5535106
5.325151
-1.589534
6.453084
-1.410985
3.117089
4.52083
-0.6053533
4.460312
-1.898582
4.335501
6.633088
2.648136
5.336948
5.231648
-0.7964694
6.891993
-0.4855065
4.8615
4.032873
3.101466
-1.68854
-0.2373708
3.334181
6.365769
5.637228
7.175196
5.238078
0.3947152
5.632223
0.1636908
4.163623
4.200676
4.793959
4.813836
4.778199
0.8450817
1.428459
4.694614
0.2390473
5.928367
4.783823
0.4326933
-1.107158
4.165872
4.537731
4.782823
4.551386
5.429557
6.308134
-0.4189395
1.360264
0.9017228
-0.9690214
-0.005839802
6.999601
-0.3020262
1.06096
4.634005
-1.097541
4.85566
4.963519
5.508852
4.844846
-1.097824
0.02386871
6.089393
6.269835
3.970469
5.683075
5.046145
5.723997
0.1933942
6.291595
-1.179737
0.8393753
2.083689
-0.09013998
-1.578407
-0.3547719
-0.18818
1.977078
5.227051
5.167251
5.286291
3.755726
5.704794
0.1041099
-1.791908
1.271016
-1.451283
4.715888
-1.073454
4.624875
4.458815
4.744724
0.5913909
-0.7570565
-1.649918
4.25838
5.864997
0.4875974
3.510225
0.7548802
-1.115541
3.617272
5.785948
0.7464473
4.643587
5.492172
-1.610326
0.2014078
4.642529
-1.164237
1.380174
-0.3160422
4.80541
3.354241
3.614978
4.154013
5.217462
5.576754
-1.140919
0.02834548
4.30036
-0.6341835
6.419914
1.279707
6.535894
3.939916
4.865307
-0.3226813
4.972239
7.274992
5.541348
5.165951
0.172388
3.860564
6.274808
0.4000667
4.672077
0.05228467
1.731574
5.432311
-1.298531
4.686498
-1.017954
4.489599
0.5112219
5.311026
-1.640073
6.2204
1.092455
2.326127
-0.1680013
3.606298
4.455993
3.961632
3.290334
4.885902
7.116223
4.069191
2.072953
-0.5567219
3.725608
0.08394857
3.937432
2.133602
3.460625
1.755393
0.1305511
2.981983
4.583015
-0.4403138
-1.312273
4.434882
4.253261
-0.4537807
5.4883
3.66546
-0.1305867
-0.437154
4.36927
0.2852247
3.208189
6.488293
4.801829
0.7750961
2.809254
2.833255
-0.1600582
4.610906
5.273163
4.156741
-0.2098801
4.359155
5.746401
-0.5219909
-1.362893
5.259424
7.051504
4.574538
6.045034
-0.1121227
1.002871
5.315718
5.158412
5.384484
5.590817
5.346355
5.188255
