4.627371
5.00316
1.774159
4.752015
4.125041
-0.6207823
4.281012
5.190745
5.540936
5.932001
2.981266
1.747185
3.83986
-0.04043039
5.03947
7.238752
4.298024
0.4667256
5.476606
4.647665
1.206024
2.818233
7.405084
-1.136685
4.492056
4.835056
8.059481
3.427407
4.69712
4.573838
8.478702
-0.86681
0.9801814
3.941107
-0.8236143
0.6207088
5.707868
0.7949654
4.780977
-0.9421688
1.681065
4.476783
5.83084
4.144055
-0.9086544
-0.6004405
-1.478446
-1.766962
4.004629
3.050879
-0.5148578
5.506316
3.705421
4.094021
4.879601
-0.731343
-0.876295
5.679334
6.009095
4.553845
-0.8372628
4.503845
-0.2924619
-0.3105594
5.662951
0.5316463
-0.160489
-1.541298
0.9357719
5.425348
1.818459
1.104659
5.811044
6.362204
5.885306
3.989918
5.298079
5.391389
-1.898663
5.097254
1.533514
4.3973
4.608843
-0.004729709
3.146055
4.594577
5.52151
4.186374
2.551279
0.5688098
3.743514
-0.3243555
4.33594
1.913527
-0.9830829
4.159806
5.572433
0.5905796
-0.2631899
5.768978
3.841437
-1.771144
-0.7190969
0.2661312
0.1358183
6.973556
5.894483
5.000013
5.499869
-1.415879
-2.590501
5.267262
5.90628
3.891928
6.667147
3.908822
2.927648
4.698774
-2.128118
4.161412
0.510104
7.962224
0.5613181
6.174753
5.160121
4.149263
5.695966
0.2057402
3.995821
1.025455
-0.9181293
0.06497275
0.06480239
6.764641
6.458373
1.479239
5.053293
-1.157698
8.102004
6.214622
0.5104435
5.31974
0.9296618
-0.4142568
4.595666
5.899069
0.741623
1.063255
1.52681
7.298481
0.06174373
-0.6533187
-0.8325603
0.3364809
-0.4787134
4.996321
0.1924907
-0.1495671
4.102295
5.756467
3.381642
1.072317
0.6267764
6.68126
3.688316
4.730808
4.340659
5.143642
5.894171
5.64704
0.09802997
6.208481
-0.6394448
5.446186
-1.564951
5.649554
6.428808
4.32951
5.765102
4.563058
5.34206
3.915282
-0.1787674
0.9625232
3.107125
4.408772
3.835172
2.158159
0.3483214
1.721475
5.024414
5.317202
4.270932
4.783683
7.258977
5.447903
-0.9921815
4.113696
6.041153
-0.1791607
4.875307
0.6420544
-1.563768
5.094506
-0.6490102
2.897028
4.424491
4.287459
5.20233
4.685804
5.350813
3.975615
2.968749
-0.05893833
-1.237432
5.524153
4.363456
6.052624
4.497394
4.504717
3.348928
5.464812
0.36684
-1.922668
3.897779
3.392682
-0.1750175
0.2077838
4.934634
-0.4871333
4.474772
5.414806
4.15509
4.397678
3.735185
3.327317
4.880922
-0.5050574
5.304067
-1.235806
6.023181
0.1137782
0.727972
4.427727
1.025798
5.162551
5.40099
4.636852
6.446335
-0.5342951
-0.1090742
5.105756
6.83763
-1.426848
-0.2957458
5.715473
-1.419738
0.6611309
5.13461
4.97401
4.615234
6.205825
5.70847
5.636265
-1.127907
5.133384
2.446074
5.13536
4.551648
3.247515
3.465973
4.245008
4.806341
8.643056
1.129861
5.381532
1.283628
-0.09298952
1.635241
0.3508073
-0.07239799
4.514685
4.029745
0.9775435
-2.350627
0.9753024
11.88926
0.5020401
0.5205421
6.280471
0.8346495
-0.6103818
-0.7095896
5.915756
0.6242458
1.366846
1.814378
0.5859988
4.622214
1.347924
0.2740524
7.855856
3.428323
-0.1594911
5.519648
-1.330949
0.6377336
4.731316
4.756228
0.4367966
3.280926
6.025377
3.542541
6.197957
5.269391
5.108124
-1.41426
-1.949684
5.449863
5.137969
7.054267
7.605017
2.492016
-0.271634
7.416186
0.2607413
1.165211
5.32474
2.68965
0.01780704
4.800091
1.117776
6.325747
3.900401
5.047173
0.3132512
6.122161
0.4369542
1.810869
6.411059
-0.04044566
6.190724
2.91005
-0.5509932
0.9586063
3.869151
4.771753
5.793864
-1.390395
-0.8878275
1.289325
3.70743
1.359321
5.677252
3.646415
6.327222
0.1535921
3.260987
6.334951
6.268758
5.900395
-1.536368
6.242244
4.682902
4.727083
5.399089
10.27318
0.08907418
3.315976
5.428522
-0.1276956
4.10449
3.04343
6.374349
4.417213
4.655997
0.3247614
6.024747
1.196065
4.77642
4.655642
4.182216
-0.01946313
-0.2598446
6.912047
5.494323
5.530486
4.921685
4.13179
4.88897
-0.2780453
5.052515
0.5125125
5.734379
0.7520872
4.488442
1.980735
0.4370493
-0.4689228
4.107537
5.771344
0.1408209
1.827176
-0.481903
5.863238
7.44051
3.185626
-0.8000223
4.607338
5.603522
-1.106231
0.3025852
6.245101
5.469878
4.556927
-0.4954826
-0.8151337
4.877986
0.6200493
6.227173
-0.2349954
6.482013
4.711029
5.499683
-0.4020556
5.165031
5.883112
-0.8501252
6.607479
4.506568
-0.2695849
6.026664
4.735785
4.210453
0.6236925
5.34336
5.684421
0.344866
-0.4580153
-1.482376
7.268902
6.495171
1.182726
4.221791
-2.77676
5.874685
4.230513
-0.8725702
4.187949
0.4630227
5.512932
0.1447558
4.332171
6.990332
-0.5621286
3.948453
5.211481
6.153285
3.942797
0.6929282
-0.9218126
5.821051
5.789775
5.110629
4.740137
-0.6877275
5.743958
4.944753
3.583926
-0.638211
6.333188
5.258747
5.845622
5.321933
2.036409
7.435431
-1.776174
6.416788
1.325663
3.77192
5.875591
0.02905284
0.02935518
-0.1869022
5.535162
5.703595
3.618545
-0.6597732
4.829367
4.66225
5.776428
1.623981
0.1765967
-0.2682191
-0.2033979
6.230971
4.247847
-1.414351
5.752521
-0.7416427
