-0.3011443
-0.3828219
3.907598
4.801417
2.620876
0.2845701
5.572516
4.940776
-2.380317
4.985175
6.199452
2.243783
3.656849
-0.5669448
5.712732
4.041103
3.85737
5.305963
0.2611834
-0.8140152
4.79752
-0.544639
0.8587888
-1.989711
-0.2402247
4.241607
4.8112
4.592388
0.3306315
6.286584
4.279465
-0.230245
-0.4932912
0.8749651
4.226244
1.648285
-0.6805934
5.496507
9.890236
6.343098
0.6289104
5.080043
5.766428
4.544508
8.533452
1.026642
2.791603
0.1760815
6.205745
0.05597929
0.3031055
-1.016831
3.194935
4.716982
4.332453
4.900717
5.209485
5.914322
-2.193614
3.117966
-0.2519682
1.397077
4.368908
4.192518
4.064719
3.477152
3.87284
4.638143
-0.09232887
5.701147
-0.5198683
0.869217
0.4373873
-0.4049377
-0.08131383
2.429082
6.593123
-1.735868
4.522692
4.063286
-0.01386709
0.2628109
4.245452
2.18593
-0.7336323
4.074595
4.477103
4.432942
3.190134
5.998528
-1.063092
0.5529334
6.579355
-0.1163787
0.0992504
3.70781
4.355413
4.262472
4.787066
5.797256
-0.7455661
3.087124
-0.7338448
-0.2351853
7.09043
7.950008
4.719063
1.098889
3.996215
6.208691
5.915916
0.2718974
5.505978
5.316126
4.778182
5.941774
5.596473
0.02248408
0.342904
5.060244
7.790395
5.870123
5.560943
-0.7691501
4.02326
6.075914
3.774872
1.638283
0.06412045
4.579615
5.982122
4.222375
-0.2967958
6.483087
5.008749
2.922158
0.1214167
6.634689
4.964635
-0.6485305
-1.38787
2.768856
5.198084
5.549715
3.967758
3.95782
4.532801
4.932319
3.940144
4.613126
5.035111
4.577943
5.270145
1.273483
7.428453
5.19042
5.367247
5.401895
5.440834
4.820221
0.6783983
6.084065
-1.00355
5.563383
4.881543
0.7933873
4.4022
6.54805
4.203021
-0.8340864
1.528567
5.203834
4.583345
-0.04039475
5.970153
0.3748862
5.49374
4.321211
5.787326
0.5237127
6.041972
-0.9475292
-1.080302
4.95565
4.006276
6.411533
2.933553
4.882225
5.299653
5.167889
5.506915
0.5004822
-0.4758947
0.2171308
-0.3809816
4.900381
3.969728
-0.8679305
0.6803724
-0.8038275
4.292463
5.473373
3.394384
4.380203
0.4448642
0.2228989
-1.212989
-0.04722388
-0.7935641
7.97088
-0.06643422
4.217314
5.360332
0.5951997
6.957115
-0.06244561
-0.4023189
1.973623
5.695148
2.586628
-0.2182684
5.301171
-0.4408579
4.646931
-0.5418607
4.330432
5.547637
1.432065
-0.6468243
3.326073
4.738149
0.1735628
6.121542
4.860292
-0.1937555
0.9264161
1.391553
5.834673
5.024229
-0.05801464
-0.2677951
1.759869
-0.8613244
-0.1887072
6.516145
-1.413344
-0.3160483
4.585461
6.61184
5.950255
5.466683
0.2128513
6.504226
-0.8226531
-0.4846982
4.812102
6.769549
5.176684
-1.735592
5.024254
11.04743
5.455807
-0.3029824
4.874332
4.521322
0.1307347
2.692255
-0.6198897
6.108709
5.120401
3.375607
5.504203
-0.01276094
0.4397848
5.742444
1.43785
5.657308
-2.093088
4.581648
6.153583
-1.916827
4.10348
1.069671
5.413332
-1.395564
-1.01447
5.254918
-1.33535
5.744873
4.401205
4.305314
1.210115
5.225791
3.422625
-0.9781154
-1.299047
5.980525
1.143795
5.530239
4.927705
0.5764412
5.004345
-0.1670441
0.6814597
0.5704698
4.495622
5.415114
-0.4844379
5.926167
0.147849
7.008146
0.820561
-0.2867664
4.467881
-1.866884
3.975405
-0.2546332
4.352991
3.820882
0.2954015
5.536939
4.736199
5.712834
3.125726
5.688125
4.161377
5.689877
-0.03730195
0.5581193
5.597369
2.881731
5.129107
-0.9229097
1.217925
0.2341659
-0.468763
10.29146
1.662719
2.00769
5.663632
-1.62753
4.5224
6.127614
5.43513
4.466274
5.357429
-0.8680217
6.856168
6.016957
-2.092837
5.312143
3.310513
5.722642
0.3138514
7.38757
6.022107
4.844508
4.582253
5.306683
5.388582
5.67732
5.91864
6.477799
7.114339
0.6360312
7.736507
3.554337
0.1427949
-1.153511
3.321021
-1.8239
4.114059
-1.544859
0.5614394
3.89926
-0.4765817
5.4354
-0.4082271
-0.9592228
4.31131
-1.107285
-0.1241632
1.214801
4.56658
1.344153
5.093531
7.255636
3.652438
5.192655
-0.6690544
4.307039
7.024201
1.992568
6.915594
0.6788302
4.790364
0.9215718
4.86811
0.04450716
-0.2289294
1.288915
1.507503
-0.2939987
5.724319
-1.407962
5.518112
4.682415
6.993477
5.104483
4.534343
4.106483
8.163638
3.89933
3.860171
3.901694
3.726069
-1.728429
4.713823
0.6623935
3.739561
3.80962
6.527804
5.392241
2.482713
-0.8763406
0.2805632
3.443872
3.008136
-1.27941
4.441391
6.938964
3.472089
6.187092
0.3760402
4.010535
0.26613
-0.2605655
4.337315
6.089015
16.80058
2.73024
0.9233705
4.290761
5.43589
3.955813
0.4977946
2.289354
1.297535
-0.6882409
6.561699
-1.665378
5.693466
4.858791
1.125644
0.4199219
3.348516
4.891194
4.885564
-0.1789577
3.778686
-0.07536394
3.339141
4.610722
3.5169
-0.6699624
3.801283
4.578532
7.949133
0.6563328
0.5218339
5.073069
-0.8077026
0.2290769
5.675863
0.6852953
6.889124
4.359956
3.234977
-1.37778
4.795733
0.2735853
6.224208
5.658354
-2.035904
5.804038
-0.2735359
4.7045
0.4903091
2.627849
5.366368
5.751488
5.203363
-0.2551876
3.79139
0.2642277
4.676903
1.672798
4.255087
3.98606
4.340981
