0.4276759
5.155107
5.277522
4.778129
-1.837044
5.123445
-0.674151
-0.2959945
5.049351
4.919278
2.207311
0.4082367
4.7681
0.8790145
5.855651
3.375807
5.084878
5.427965
4.641536
5.976721
-0.6122694
-0.6868457
-1.481606
5.836904
5.240178
3.47702
-0.9229305
-2.373495
5.55785
-0.8770738
4.598064
5.99546
4.355346
4.227084
0.49717
0.3199501
6.593578
4.215306
-3.211897
0.8497272
-0.3576799
-0.8421149
-0.08192479
5.042609
-0.8294116
4.590555
5.09013
3.456801
4.914896
6.371145
0.5671734
0.6777871
5.846093
5.480766
4.772839
-0.7001913
5.376884
0.8460764
2.838643
1.029706
5.009892
1.329876
6.181952
1.361873
0.7161127
-0.1228405
0.04883243
10.18552
-0.4345995
1.072723
3.042558
5.305177
6.161124
0.3945735
-0.514168
5.287662
6.345578
1.376569
4.292334
0.1057358
-0.1692984
0.8622274
5.724808
1.161444
6.244203
0.5120403
-0.01271246
0.7922635
-1.855742
-2.140597
-0.3117248
-0.7733961
4.203244
-0.9460065
5.229963
1.960662
4.683515
-0.4454445
-0.7205836
5.751274
7.14146
5.313213
6.184867
5.651729
3.895609
0.8325788
4.089621
0.4675476
5.376977
-1.137806
0.2423243
5.528431
6.740397
2.86882
0.2295565
1.007818
2.845254
5.415822
5.288779
3.087084
0.7623442
4.220658
0.7286364
3.736354
4.800439
4.571694
-0.9504445
1.879293
0.3590247
-0.1272982
4.874179
7.228036
6.672655
0.9914498
-0.2530703
3.965957
0.9888795
5.526768
4.901191
-0.4159985
5.43297
7.132181
4.786967
5.859459
0.1662295
6.904041
5.062895
4.987993
0.483753
4.305283
2.830024
5.584916
-2.24027
1.109738
5.999568
-0.3048497
0.2046725
0.1660549
6.101547
-0.521185
5.683675
0.4347923
6.611693
4.972848
5.386737
5.815822
6.190195
5.39274
4.419589
-1.467908
0.5492176
4.690095
4.629008
0.002150002
2.607601
5.771366
1.348478
6.000515
3.270984
1.021263
4.749549
3.732279
-1.598617
4.57575
4.466998
4.863903
4.892326
4.941856
-1.510807
-1.565843
0.1024761
5.279722
3.676207
-0.9339462
4.891478
4.353998
6.283263
-1.607163
7.380756
6.330225
4.658775
5.244717
7.982023
1.203356
6.328869
-1.525966
5.399287
4.557206
0.2848918
0.449213
9.165732
4.487195
0.00839832
-0.6650412
-0.8726438
1.253538
6.763793
5.24348
-2.074941
4.92313
3.029754
0.3371148
0.2996613
4.850506
-0.3179106
1.10108
6.949323
-0.4496081
3.556731
0.2908822
5.843353
4.295096
7.178514
5.560241
2.129101
-1.097196
2.134893
5.828151
6.309316
6.878378
4.843565
-0.4917411
0.4249178
-0.2877725
5.678731
4.441828
3.770196
0.5364812
6.532251
5.406485
