-1.44122
0.6778555
0.04673699
5.569474
4.852815
6.147868
4.388556
-1.131165
-0.3184016
4.706313
4.204979
3.030992
4.956917
-0.4382076
5.221412
0.5985088
-0.7734855
7.080851
1.044447
4.301507
-0.000780861
4.380946
4.974178
5.728491
1.039097
0.4043235
4.990457
4.969493
-1.179512
1.28667
3.674145
4.057015
5.629146
1.40239
-1.102419
4.343401
-0.7828219
7.504763
-1.64068
0.8992169
5.415092
5.660665
1.274781
3.672582
5.067277
-0.1877728
-0.5662628
7.546739
4.448778
-1.108888
0.8716769
-1.11979
1.83253
-0.6678921
4.924843
6.184334
-0.8344839
0.6243564
0.4231186
3.285663
3.810969
5.332352
5.681395
5.698965
4.71358
1.44827
-0.03079617
3.196413
-0.1421854
5.752789
4.736784
-0.03996843
5.558445
0.3894628
-0.1220256
5.725457
5.476938
-1.147968
1.720951
1.037265
4.830247
6.169603
6.618384
-0.8276578
6.205596
4.259475
0.2296747
-2.660157
6.565977
1.035208
-0.9475007
5.537523
8.188967
-0.9060466
2.815973
0.7334285
5.63113
4.266504
2.404583
2.76282
0.6171621
-0.1174576
3.861275
0.4746501
4.117305
5.033058
6.929622
5.470014
4.803947
7.693909
0.7448416
5.132967
-2.253654
-1.252876
6.791971
-0.8695828
4.441129
3.734517
6.681235
5.023657
2.371335
5.996967
5.348643
1.309253
-0.5447092
-2.084148
2.842851
10.01367
5.099522
1.286501
-0.4552664
5.207468
1.118087
3.323349
0.5213078
5.14019
-0.3010455
8.016247
0.5211897
0.02986864
-0.3709874
0.5807311
4.662042
6.865118
5.081388
-2.457762
4.1929
0.8092276
4.435363
4.755296
4.279929
4.069957
0.2842709
4.972666
-0.2045054
-0.5070092
4.307242
5.329082
2.901983
3.08198
-0.8609989
0.1574442
-0.05066444
2.881175
4.1338
0.9584085
5.186759
6.360371
6.136898
-1.022045
5.383379
5.006722
-2.194302
3.786284
3.366873
-1.821723
5.003904
-0.1277372
4.881756
0.1500659
3.551325
2.345466
3.842464
4.27748
-0.5327071
3.428983
-0.2599507
4.825385
3.996927
4.745095
-0.9521895
0.2255274
6.630742
-0.5047021
0.3032497
0.8807165
7.266463
-0.671957
3.970166
3.05207
4.93063
0.1890654
0.7161856
3.95785
-0.4000914
-0.9032166
6.326388
-0.8010917
4.640136
4.038376
4.099854
0.4815148
5.869172
-1.532138
0.4830349
-2.144974
3.05066
5.358313
4.529995
5.525763
0.07793492
4.391656
-1.001522
0.5669324
5.960049
5.833982
-0.3330425
0.05164657
5.433989
-0.7782313
0.746909
7.243404
5.323747
4.835093
-1.916272
0.8570257
2.947419
-1.672893
4.139996
-0.4107029
6.53796
7.067744
5.286867
4.219277
5.41588
4.171918
-0.5084027
5.436127
4.676267
0.1390645
4.270989
5.757976
5.428299
4.474122
6.853096
3.78509
2.373362
6.373574
-1.088857
-0.9090988
-0.655005
4.704452
0.2928955
-0.7670616
4.569837
5.921196
-0.9953373
2.604573
-2.494547
6.10157
-0.09579065
5.800352
4.976397
-0.3134363
8.991468
-0.4741917
4.288875
-1.261785
0.5610577
3.881971
5.297983
3.285271
3.851019
0.3866789
4.783577
5.26759
-1.151502
-1.346468
4.109609
-0.1272708
5.724327
3.471115
-0.6883021
-1.332989
5.487468
4.6897
5.873004
2.542033
-1.847303
2.562951
-1.381847
0.3686471
0.1622449
0.2368528
0.8428881
4.127578
0.3402616
5.968713
-0.4723524
7.265552
5.970854
-0.03742743
5.288739
0.687756
4.857485
3.520485
-1.402526
-1.192888
0.1971957
-1.844645
3.435872
5.229085
8.725639
1.883507
-0.1487779
-0.2013132
3.84432
4.405042
3.843294
0.1703479
7.390231
5.077023
5.57176
1.866309
-1.214147
-0.2023266
5.284926
9.85998
0.6472637
4.786901
-0.5993115
5.478602
8.938034
11.21794
5.203265
4.697356
4.844948
-0.458842
4.86776
0.8481681
5.238346
9.487607
1.204735
2.110324
4.016706
3.641553
3.940157
3.160674
4.569784
3.594377
4.896705
4.047651
4.988242
2.596364
6.789434
-0.7591359
1.236159
-0.3052101
-0.5352347
0.8595496
4.870281
3.940755
4.835083
4.175256
2.858875
2.671603
6.220061
0.7467727
0.6643498
2.000808
6.434317
3.784366
-1.923123
-1.012295
3.095531
-0.03615591
7.064889
-1.837954
0.3386034
5.34461
4.269002
0.06089835
-1.007133
3.714114
7.376812
4.208148
5.079014
4.779535
1.732107
-0.1348086
0.9996972
5.443586
5.246542
6.028394
0.3666276
3.750506
-1.023287
-0.8925997
4.997309
6.653285
0.3028567
0.1542735
4.099709
4.704089
5.817806
3.729859
0.3673237
5.33055
-0.315093
4.713882
6.086487
5.943862
4.643692
3.418866
5.676473
4.683582
6.920925
5.28859
4.826453
0.7827903
4.400504
2.783989
-0.2549555
4.899135
4.368744
1.899008
2.128265
6.469425
5.234281
-0.2126227
3.979029
8.078497
4.252647
1.243486
5.956853
3.331954
4.567966
0.2950998
-0.4625001
3.271871
1.692053
-0.08057656
6.551801
4.425409
-0.4015174
5.512151
-0.8715089
4.242683
5.694206
3.941218
-0.3162313
3.058645
4.068099
-1.242844
4.029034
3.417625
1.178966
3.504622
4.673071
4.099327
7.137481
3.938246
3.851275
0.04261638
0.5241063
5.845485
10.14697
0.1083056
4.965976
3.590364
-0.09193593
5.949859
3.492964
0.5053309
4.701049
5.752036
4.889304
-0.5089991
4.0239
-0.493233
6.450268
-0.2276252
3.09451
5.083313
5.696311
7.536493
3.295641
5.57591
6.976375
-1.464688
