1.137132
1.80376
1.990965
7.202745
1.016209
-0.1181763
3.444096
0.5484889
-1.32274
1.276842
4.097851
-1.199266
3.236053
5.133695
-2.578923
5.566308
-2.149776
-0.07689901
4.438915
6.81697
4.717966
3.595675
-0.7812427
0.562739
3.600878
4.100639
3.999005
6.221267
4.170386
4.254679
4.77113
7.082204
5.574497
4.772791
-1.755452
-0.3290171
5.700476
4.461565
3.462212
-1.551548
5.184115
5.737888
-0.2033295
0.5484753
0.3904265
7.757648
0.7459236
4.380408
10.82898
0.3256879
3.990994
1.22219
-0.03867614
-1.963363
5.306631
4.905728
4.417935
3.239408
0.3910036
9.941159
-0.7507899
6.182725
5.357367
4.521674
3.865424
4.868005
-0.2168349
8.987135
5.295326
4.611648
0.5810908
4.746216
5.154663
4.397043
5.076429
5.494065
4.40543
6.641806
-0.8371463
-0.8324893
1.369022
2.030413
-0.1227186
0.2251846
-0.07905806
0.1870909
0.3830252
4.794476
3.119758
1.051763
6.0343
-0.4886842
0.7266714
0.8316281
5.910785
1.332933
-0.5875472
6.943249
5.784836
1.412125
6.261035
0.04747598
4.76131
0.5850574
5.424953
4.678904
5.841962
-0.7355387
4.902602
4.907077
5.612142
6.145347
4.719682
5.108598
0.2638339
0.2853173
3.177215
5.329542
4.447212
4.604478
4.244478
-1.06067
-0.6172504
6.072293
5.364477
6.136637
3.380822
0.7915508
4.758656
5.235935
4.933172
-1.80788
-0.5211823
-1.310959
6.707913
6.209519
-1.205299
5.229309
4.154866
6.358582
4.974924
3.931709
5.531557
-1.261712
4.73942
0.1393009
5.122493
5.378122
-0.5101733
-0.1522608
1.307058
5.719809
3.66966
4.453071
4.879876
4.061255
3.64128
4.27478
-0.2958907
4.555079
5.654788
-0.04855578
-0.5055512
-1.127704
0.2771925
6.017753
5.108576
-0.2501748
5.833127
5.535373
6.361911
0.6333757
5.61125
-1.92431
-1.254869
5.280901
0.9488868
-0.3169188
4.958102
-0.01570333
6.079764
0.07306004
0.749776
5.009746
3.780105
-2.221788
6.114786
4.554149
6.627097
4.599326
-0.9073016
-0.6196997
-0.5274345
5.527151
5.597928
-0.8064471
1.769929
0.8083877
4.785615
0.571257
-1.57949
-0.8961387
-0.08090814
4.644669
3.933841
5.254879
0.7936044
-0.862356
5.678738
-0.8987183
4.498924
5.074617
4.463686
0.9296258
5.125305
4.239787
1.436094
3.604292
-1.126428
5.576567
-0.7264533
0.9406445
3.888223
-0.8854902
4.8091
0.8081818
4.786914
4.00275
0.04505427
-0.7303567
0.8037067
4.791822
5.560173
2.863553
-0.2823079
-0.8878771
5.122719
-0.2626063
0.8258503
-0.6566587
0.3095351
1.498627
5.690886
5.856633
-0.1147941
0.4591696
3.690499
5.228256
3.213597
3.664915
0.1698877
2.833025
1.197329
5.255152
4.671513
5.299345
0.5200589
4.533151
0.1770536
1.333995
-0.4949815
-0.1477184
4.097085
7.638507
-0.1421594
-1.766586
-0.648705
4.356331
6.40906
8.455045
2.07417
5.071839
7.035686
0.1867419
-0.5661132
7.593384
5.333354
9.002449
6.189195
-0.194664
5.699079
-0.1895185
5.591953
2.893864
4.808595
-0.8810612
5.374989
2.980522
5.211332
0.0351322
4.510344
-0.002331486
1.398807
4.803103
4.790896
5.344222
5.754226
0.5040193
5.70203
4.064191
5.845183
5.564749
5.135416
3.213876
6.053897
6.11746
1.076628
1.075588
5.393696
-0.6324068
4.143694
-0.4947526
5.424488
3.799472
0.4852821
0.6874697
6.010103
5.191045
7.293341
2.439795
2.755509
6.260535
5.8836
4.189742
-0.6405577
1.018288
4.574401
5.957047
5.473045
6.154791
9.609533
3.009406
4.261038
5.139113
1.426185
0.1570684
4.156001
4.376299
-0.173307
-0.5928577
5.410475
2.643178
4.971605
6.520577
0.8282535
3.103462
-0.7731527
6.020247
3.667284
4.063344
3.760012
4.485379
-1.130525
-0.06282997
-0.9558814
5.020564
3.607252
5.750164
-0.1553537
-1.065012
5.032808
-2.415515
3.519053
7.070222
-0.07097046
5.636872
4.100547
5.78218
-0.4359077
0.9332399
4.676263
2.332428
1.256284
4.087468
4.807974
-0.3332432
-1.093028
-1.136576
4.315727
5.635219
-0.6833059
-2.185048
5.987875
-0.62515
3.430226
4.297828
1.005908
2.484996
-0.504569
6.03829
5.836212
6.837769
4.418552
6.062283
0.8184259
5.228212
7.012884
3.729976
0.2939828
5.228045
2.451361
4.545521
-0.3436308
4.042177
1.521294
0.2685761
7.650637
-1.256545
-0.03106536
1.554787
-0.6668494
6.758828
-0.2022855
0.8598278
5.819502
-0.5268187
2.589144
5.135849
5.673683
-0.2565579
6.485156
5.065453
3.144483
2.703549
0.7729587
2.761887
1.394403
-2.079774
3.097538
-0.01509791
5.418656
0.1115978
4.504736
6.014508
4.52657
4.641873
4.085546
4.784594
-2.744906
6.07614
4.451022
4.446434
-0.1651009
5.518718
-1.151175
5.576882
4.442085
4.219279
4.147234
0.3997831
4.725825
5.726274
3.540595
4.528457
1.229481
0.5777464
3.940429
-0.4913378
0.1687899
5.653543
4.139165
0.9815188
6.893983
-1.468346
-0.4364081
0.5371518
1.790375
4.412876
0.6387744
-0.8346671
6.018201
5.719424
4.730265
-1.130121
0.216206
8.700524
5.103311
0.3796714
1.927
4.292004
3.773596
5.926942
4.460751
5.477837
3.410826
-0.6903832
2.259412
4.028393
-2.057425
-1.269264
5.366064
1.272472
3.448331
7.714738
0.1573579
1.368272
4.365933
-0.7389059
0.8034762
5.361336
4.238706
0.6560156
5.347247
-0.5800205
0.09866777
-0.1836317
4.12431
-0.4877189
-0.4722939
6.12818
0.8550527
4.203354
2.700574
4.114528
-0.4054392
0.3486863
6.513875
5.590072
3.575262
5.860083
0.2930121
-0.8570405
5.402394
5.816955
5.222455
-0.3227931
4.181277
6.568835
0.2925452
6.007323
4.796169
3.498299
6.084105
3.360303
0.8117573
4.221185
4.596937
-0.2407006
5.313814
4.669881
4.663109
5.212509
6.020214
-0.4929091
3.659566
0.7957876
5.126556
-0.3242608
2.852402
4.986064
0.422125
5.164013
13.74158
4.422143
5.839912
5.025055
1.737157
4.616159
4.758614
1.2952
6.100909
5.686126
5.368557
4.154304
0.639795
3.441857
7.807669
0.3804572
4.766455
3.453822
0.1111595
5.77899
0.266175
0.1507079
-0.741541
3.254521
-3.333866
-1.502262
-0.7189906
3.244288
-0.82541
-0.6570759
10.61407
-1.244435
4.098448
1.939446
5.412188
5.381678
6.442119
2.013517
-0.7557219
-1.880623
-0.3951276
1.983685
-0.197154
5.281982
5.068103
6.918693
6.101255
5.594991
0.7601361
0.4114005
5.70838
-0.3129455
-0.1039397
4.892159
1.330459
4.420264
3.935446
2.563327
-0.2497217
4.589418
0.3404537
4.945445
0.3764464
7.285833
5.221912
5.910464
6.17542
1.191903
5.301941
4.465404
0.7893606
5.153454
-1.092531
6.137869
0.1077454
0.4456967
1.721551
6.111847
5.311346
4.374853
7.646801
-0.5213092
4.847617
5.119936
6.044134
-2.396649
-0.8383858
5.33206
3.623927
0.7047499
4.940178
5.789012
4.650207
3.778695
4.601511
5.005788
4.675078
-1.098243
5.679314
3.254311
0.1145013
-1.293886
5.337095
5.6809
1.045385
-0.6995372
-0.5060792
5.754044
3.630675
3.745649
5.538546
-0.2518169
0.7629281
0.02688584
5.019708
-1.309191
5.295901
0.31053
-0.7991424
4.920747
5.128511
7.518868
0.03784166
5.603297
7.757518
0.7857249
3.968838
-0.5483938
4.779711
6.894383
5.524077
4.375355
0.0371631
4.354023
-0.4397117
6.134021
5.616548
2.219686
3.624359
5.166442
-0.6685968
8.472699
4.521907
11.52242
-0.6469037
0.4168311
3.907874
6.31979
5.031141
0.633947
4.315014
6.929484
-0.5986171
0.828297
4.613313
5.796307
3.420947
5.881066
5.385176
4.732619
-0.4431088
4.799358
-1.037684
4.640938
2.402597
5.781126
5.452679
5.328354
5.126077
0.9810212
-2.024622
3.897147
6.642484
0.2137
5.745067
4.922714
1.468809
-0.6745022
-0.01869677
4.280513
4.165671
5.491456
1.274676
5.490644
3.390388
0.8138318
5.708397
4.85165
-0.382787
5.53112
2.629613
1.01929
4.600244
4.739847
4.751244
4.271377
-0.6035141
-1.170761
0.4497716
0.1211588
5.159016
0.8004484
5.052086
5.859536
6.984354
3.885319
-0.6730329
2.823384
4.946367
0.1736762
5.238079
5.977604
4.974011
3.133418
5.795907
4.294404
0.5736351
5.090601
5.811793
-1.549481
2.311229
-1.579506
4.540068
0.01470069
5.396704
-0.3548097
0.8032389
5.160934
4.179131
4.155374
-0.2111926
4.638763
1.500487
0.723431
5.09675
5.712958
1.059049
4.590603
-0.05293818
1.785037
4.782872
6.35146
0.520258
4.132588
2.651999
4.236419
3.760636
5.959863
-0.9551291
0.2482784
5.287305
3.823367
0.7042679
-0.8019518
8.1203
5.521333
4.900961
1.261374
3.034905
3.425865
0.9553681
4.778834
8.493799
4.677197
3.861207
0.1516463
-0.649488
0.2251682
0.04990403
6.083946
-0.1787896
5.090786
3.377568
1.356815
6.101423
5.974058
4.114118
4.161388
0.7576387
-1.533203
5.885362
-1.600646
7.542517
5.645706
4.841135
4.688149
5.640117
0.5775954
4.086785
6.26461
0.4573731
-0.4357782
0.8102852
4.952431
5.172971
5.788395
-0.3127051
1.414542
5.944659
5.196127
4.39153
0.8941666
4.58073
-0.284056
4.375266
4.432971
4.983478
4.241029
4.641429
2.832346
5.901761
0.5107953
4.651763
6.105861
4.318662
-2.047417
4.646527
-0.04540512
-0.5267654
7.879139
5.651928
0.1903119
0.8571669
-0.1468088
6.364196
0.5225042
0.974959
-0.077025
-0.8623867
-0.3723433
-0.3500301
0.6516361
4.991227
0.316692
3.541881
10.91252
4.260528
5.408337
0.9041845
4.475884
0.7003478
-0.01400647
0.2411263
6.083831
4.711632
5.838859
4.710277
3.88881
0.3517936
6.063931
4.706277
0.5968818
7.29001
7.315108
4.443236
4.844627
5.652733
-1.705172
1.442119
-1.755065
4.248171
9.632789
6.57897
-0.6218734
5.35985
1.032987
0.7220914
4.391196
-1.042041
3.618589
1.951864
5.36745
-1.56319
-0.5010519
-2.039368
3.956253
4.00942
5.170839
4.089932
2.763129
0.4757586
3.852579
3.2399
5.740703
5.839446
4.352438
4.428112
5.364308
5.941995
7.317211
5.51593
4.990008
7.365746
5.529626
3.902695
4.752142
-0.3477584
-0.6417591
0.6670247
-0.8835133
4.322289
5.532744
4.911977
0.7590898
3.840505
4.767575
5.33274
-1.11805
5.874805
5.320066
6.640563
1.454015
0.1070328
0.631888
5.800273
5.868879
8.053948
6.575751
-1.244461
1.857984
5.896875
3.833344
4.69405
1.798927
-0.4243402
5.012016
3.988719
-0.8276624
-0.2455753
4.712053
3.119887
3.72299
5.262695
0.8654952
0.234906
-0.2215726
6.140712
-0.6558331
4.913562
-0.2439663
3.864665
3.538623
4.61518
0.2445519
0.6548456
4.813195
5.358301
4.312641
9.228714
1.934993
-0.6919697
4.196812
4.716953
5.747221
-0.566455
4.010355
3.058857
0.867884
4.832127
-0.02109329
5.141074
8.390058
5.226828
0.5134973
-2.090623
6.194324
5.689495
0.2632069
-0.5938581
5.433351
-0.2800026
-0.7552577
0.8556362
5.655882
0.2448762
4.912863
5.846553
-0.7091029
4.4266
3.284687
4.466367
4.592401
4.407989
0.008571769
4.376511
4.417408
3.254641
-0.4856206
0.2482239
5.58515
0.4440325
0.1923079
-0.2675727
-0.5130752
5.337176
-2.6433
-0.4524293
4.88307
1.915697
1.665264
5.752538
-0.4252543
0.8574857
0.4243595
1.502121
5.820538
5.360843
5.116562
5.891057
-0.5479653
0.06701609
4.63533
5.624066
5.267874
0.5963969
6.323262
3.418186
0.1929276
6.337787
6.251931
5.395817
0.05027939
1.284153
0.6141961
-0.1630938
5.311401
4.6181
5.643521
5.229612
4.971253
4.021401
-1.830901
6.396849
-0.6619775
4.912496
5.396938
1.23711
0.3581915
0.5104108
6.447514
6.129426
4.5328
4.097375
4.195704
0.2830038
4.99202
5.569108
5.44993
0.8364454
5.651408
4.933981
4.844872
-0.1242322
1.445999
4.853719
3.501809
4.96816
0.8555657
1.295357
4.076374
4.645012
3.59015
3.477665
0.384704
0.6376162
3.263571
6.353059
4.353602
5.384983
0.9165432
0.4390321
5.680727
-0.2272813
3.230112
2.631787
4.336752
1.454927
6.935937
5.024619
6.513431
-2.131627
6.172441
-0.2050906
6.192374
0.3070418
0.4578802
4.102732
4.483961
4.126265
-0.6794032
-1.094336
5.775891
6.453679
-0.9538224
4.505453
2.07801
5.862363
7.487166
5.131852
-1.041592
3.543569
0.7170553
-1.394019
0.4265846
3.247114
0.157542
6.155664
-0.008028112
4.293524
4.205466
5.786834
-0.08976431
0.08435706
1.334574
9.87485
4.977534
3.375472
-0.9000835
-0.6329843
-0.6548322
1.080697
5.715915
-1.174398
3.364971
0.9595054
2.959166
5.388797
-0.6834368
6.033347
-0.2298675
0.4420171
5.744926
3.346859
2.464786
4.312291
4.75414
1.223299
6.756891
14.23986
3.662191
-0.3665508
6.430321
6.094723
5.306275
3.220982
7.908089
3.956239
4.724294
1.278154
3.658465
5.851257
4.797605
0.9346691
6.21574
-0.3148091
4.510669
4.142685
6.37557
4.979915
7.053895
-0.9257983
6.226973
-0.8599303
0.2804754
0.7557551
4.006235
5.866521
4.623386
-0.3066299
3.847417
0.8807751
-1.006257
3.183897
2.699562
-1.090348
5.794698
1.798345
-0.4903168
4.045334
4.424857
1.163713
4.697829
5.023716
-1.083639
-0.4681145
5.556289
3.951745
1.523934
5.552048
-0.06093934
0.8623398
-0.3238457
-0.7490082
4.167151
-0.295602
6.336976
4.528368
-0.5745961
7.663767
3.77633
0.9771551
-0.7263658
-0.3333265
6.450823
6.493679
4.896922
1.065574
-1.83378
7.161439
-0.737938
3.932202
2.360617
0.2357666
4.431653
5.938701
5.865626
4.363193
5.415906
3.023366
0.7843947
0.7520244
6.470342
-0.125105
6.078821
0.1529418
1.133226
0.3068457
5.223081
6.801225
2.612627
5.163414
1.328865
4.94275
-1.429008
6.356305
4.277682
4.729943
-0.361834
1.666435
6.578767
0.281548
6.435802
5.688228
7.578012
-0.8295025
5.470491
-2.43246
6.681961
-0.7254948
5.841942
4.996245
7.863648
-0.430587
1.334244
6.261894
3.950845
6.157694
-1.176489
5.31588
4.650396
1.177282
-0.1285554
-0.2739923
4.857006
6.643589
5.654385
0.9113733
4.942031
1.133795
4.962229
1.496886
-0.02405666
4.934777
-1.036213
-0.07767072
5.945711
7.70614
6.659119
-0.4263376
-0.9976024
4.348533
0.1123754
5.439205
2.58186
4.821646
3.676578
-2.891925
1.092709
0.9328226
5.678602
5.176972
4.814084
5.835302
6.015864
3.149764
1.351032
4.377444
-0.3881687
5.815671
8.689479
0.550016
2.870834
4.807702
4.970772
0.3492431
-1.098493
4.596278
6.31328
4.439967
-0.1350038
4.939448
5.954544
5.100187
6.671912
5.465594
2.378743
0.9238839
-1.448112
-0.915944
-2.14372
-0.6360167
-0.199062
3.713496
4.743585
-0.4871485
3.603787
-0.1334132
-0.6018171
2.583147
-1.436848
4.254554
7.381387
-1.356497
7.321298
4.279021
5.084839
-0.3823822
0.2341552
4.637396
0.3839281
-0.3187797
0.4578111
2.896662
3.640534
6.039003
5.541119
1.795053
4.403895
6.822713
-2.828035
3.771223
-0.9145882
5.275126
-0.09290746
-0.6685669
-0.111301
-0.5931225
5.202749
-0.3041995
2.280386
5.273204
-0.5910703
0.1742079
4.829824
5.199233
0.04756604
3.056042
6.817869
0.6362416
-0.3443426
0.0870798
2.999021
0.7649257
3.080895
4.587787
0.5342617
5.973319
5.002572
-0.2575477
6.949137
2.28988
10.91399
3.81395
1.340316
1.088589
3.584155
3.382551
1.093039
0.5396913
4.054692
-0.3141705
-0.5757353
4.206688
-0.5704982
-1.266211
-0.4358
-1.095785
5.898978
6.147719
0.2885643
6.865596
-0.1895527
-1.640809
5.894328
5.919807
6.978774
7.540509
-0.8361324
4.05663
-0.4271672
1.433609
1.121172
5.379471
0.682679
2.513396
4.986208
-1.146263
5.484005
5.535241
4.650275
-1.376914
5.044529
3.95455
-0.07233476
5.529026
1.331858
3.099204
2.003351
-1.13686
1.879252
4.080134
10.37771
-0.8267775
6.827806
3.764362
6.618704
3.92987
-0.2220049
5.179346
5.316941
6.127394
4.605417
-1.717383
5.97721
3.473795
4.354474
5.350329
-0.8243566
-0.1102956
3.533035
-0.665916
-1.651165
-0.3118319
5.125857
3.19669
4.963536
-1.44021
5.549146
11.14862
0.2093818
4.892417
0.5710418
2.932673
4.705542
-2.19665
2.53489
-0.8288592
5.93893
1.300464
6.071346
1.308015
0.5211271
4.795498
4.17406
5.338893
1.084916
6.217683
-0.4525544
-0.4959622
5.222156
-0.1774749
5.222444
3.768409
4.572001
-0.5839623
0.3048463
4.187629
5.366243
5.694902
-0.7906223
-0.2606917
-0.1152389
2.934859
-0.8964197
5.174096
5.810492
1.10758
3.917276
4.457172
3.546195
6.321799
5.841002
8.619657
6.210928
8.143288
1.796285
5.724278
5.722357
6.151985
-1.155025
3.918833
5.097461
6.052608
5.379082
-0.3260062
4.478622
4.458948
5.254744
1.285715
5.005628
-1.558412
-0.7571127
5.292242
5.461614
1.156025
5.111157
4.893842
6.829196
1.379668
3.298936
-0.3607957
9.804326
0.05900344
4.318226
0.6524364
0.7416528
4.636199
6.39263
4.496129
5.550484
-1.195931
4.773175
-2.182775
2.896764
-0.8015377
-0.4012244
-1.96695
5.661495
2.028857
9.266502
5.961302
0.3438505
0.4798759
0.9246727
-0.7842133
0.8428993
-0.5392107
4.887839
1.217268
3.866231
-1.135298
5.071803
4.548397
5.860186
5.554982
4.367308
-0.2170396
5.253531
-0.9879349
5.684853
5.027294
4.713756
5.052587
5.40628
1.067567
0.152305
4.337648
3.941264
-1.747767
5.855031
4.851002
1.202897
1.750538
5.878494
5.581748
0.5559333
-0.7653961
-0.5311873
1.503124
3.309609
3.953835
0.04442808
5.224459
4.496619
5.862995
6.021503
4.788545
4.062197
2.039123
7.213631
7.450253
1.309497
0.2848754
3.420677
3.28595
5.362022
0.6601289
-0.5069046
8.706965
4.792602
1.20414
5.51305
4.365324
3.562488
4.084215
5.316886
0.09597268
5.88979
5.598002
-0.8222686
5.108149
-0.9696893
5.087358
-0.8007406
4.394336
0.6328895
3.157496
4.754198
0.7576435
6.482739
1.310296
6.176873
5.861868
-0.6195572
6.917935
0.1347685
5.294082
0.1038842
5.921816
-0.6440937
4.20917
0.3542533
-0.6531077
6.430594
6.141888
4.587514
4.421567
5.315124
3.913861
5.043054
-0.4053867
1.122903
4.3825
1.459634
-0.1675409
1.054606
5.297982
0.1563108
0.4508676
5.132166
2.917312
4.964662
5.221597
5.165796
5.11782
4.858704
7.187824
0.03738933
-1.868436
5.684074
0.9791302
4.529862
0.8471551
3.89134
4.905138
4.075259
3.191026
0.8365609
4.447272
4.192195
3.208998
1.436908
-0.9950809
4.739139
7.179049
3.816649
0.6393481
0.2018643
0.07103961
4.885515
5.246218
5.051864
4.446272
-0.3348289
1.369319
5.342111
-1.029706
1.167494
0.06172443
5.360068
5.833349
5.208871
4.790501
7.696719
-0.3177296
2.975819
3.998762
4.706266
4.026462
1.424044
5.106483
-0.1301184
6.87701
0.8821382
-0.2711181
4.141425
4.04717
4.021071
-0.1372161
-0.02520943
-0.1848572
4.807051
-0.8331177
-0.5675972
3.71744
-1.867561
-2.048414
5.151105
6.833706
4.82075
-0.9265562
6.377218
5.390233
5.863081
4.989185
0.8597212
-0.8844747
4.911485
5.536119
4.359134
0.3093123
1.215643
6.219196
5.123428
0.9489768
4.17031
1.095598
4.214735
1.09691
4.670178
4.594726
4.001003
4.549868
-0.8460333
3.918659
4.345192
-0.3720287
1.477697
3.961809
-2.01964
4.669985
5.912166
1.34217
5.631803
5.557069
0.618078
5.30448
4.978256
5.291682
-0.5424001
-0.4930653
0.8502782
3.301188
4.305529
-0.0266852
8.646706
0.5730725
5.00343
-0.6473356
6.10859
0.3379807
4.101652
-0.7602752
1.47052
4.13238
-1.25979
6.659905
1.136695
4.727221
3.507312
0.4208131
-0.3949934
5.72603
0.7087317
6.301306
4.448124
-1.560009
5.981095
0.2351532
-0.7739597
-1.043366
0.65876
0.3427179
-0.09879636
-1.668033
-0.01401169
-0.7761766
4.891959
3.006412
4.993929
4.267461
3.283929
-0.6347928
5.58748
-0.1884063
6.517179
4.082229
5.286852
-1.571505
-1.532208
0.5419064
0.2347426
-2.222137
5.305049
0.8061218
3.651131
-0.6388447
-0.6053339
3.962567
-0.2398947
3.840942
1.275437
5.759279
-0.6454174
6.081725
5.917039
4.083528
3.901419
3.533478
1.233031
7.098159
3.406269
1.225145
6.058408
-0.7088529
-0.6706925
-0.5196197
1.099288
5.303328
1.493412
6.595869
-0.3410245
5.948233
-0.08442
0.07813708
1.013325
0.8026697
3.142909
1.912744
-0.09511125
0.05779678
4.309703
-1.911455
4.501716
4.275341
6.092305
4.831885
0.5288317
4.014103
4.714988
-0.4826555
-1.147072
5.399227
5.626994
5.727038
-1.509591
6.541519
3.926763
5.60106
6.748062
4.204339
3.377442
5.721433
-0.932154
5.259751
2.790766
4.189627
-2.01203
5.464268
-1.391091
1.141506
5.337531
2.097335
3.628305
1.1137
3.879607
0.6831689
1.892486
6.651696
5.397609
2.264544
0.01609939
3.050867
-0.901662
4.619403
6.776012
0.2994363
-1.852512
3.984275
6.670326
5.806412
10.26859
0.2333738
6.351921
0.2290858
0.1696227
5.150453
3.263499
-0.5038357
-1.213514
-1.353361
0.3448011
6.487392
0.7815393
0.7704348
-0.5766462
5.939415
5.724135
-1.177031
0.44196
6.044102
0.8155613
5.809507
-0.1888932
5.16471
4.602186
5.522773
3.370879
4.917964
4.097904
6.260274
2.13915
0.0717644
5.349391
1.347189
7.081532
4.374335
1.910032
6.40366
4.557379
1.256056
0.9626835
2.971856
4.557647
4.470768
-0.2705772
3.742434
4.492223
-1.609307
4.065682
3.867849
1.925036
-0.09911151
6.18713
0.3629044
4.147791
4.834353
6.457805
5.434093
5.32554
-1.028916
0.4013201
0.9935902
-1.045609
-1.665037
3.48645
-0.6209306
1.240489
2.826866
5.876001
5.167036
4.024481
-1.269629
-0.2880002
5.92249
0.7445459
0.3565018
4.802914
0.3974149
4.937482
-0.2418667
5.155221
4.774108
5.567492
4.464839
0.0120321
6.236287
-0.5746801
5.424272
5.219972
7.165312
0.495594
0.5066115
4.668392
-0.4324038
5.870337
5.365564
8.137892
2.548242
-0.2445062
5.302599
0.7458711
6.772289
-0.02531418
2.966819
1.270864
6.148551
3.943675
4.686892
6.306026
6.450287
5.4605
4.174643
3.565518
0.05045028
4.882756
3.054925
4.352706
2.321657
4.242645
5.957176
3.353506
5.17164
-0.1153413
3.629657
-0.1225573
-0.280592
-0.6537767
3.565946
-0.7897636
0.6065799
-0.8060561
1.862937
4.586981
5.869183
1.427914
4.861438
0.8330997
5.623769
4.916904
-2.440738
1.960217
-0.6305181
4.453796
5.969507
-0.6246656
2.706515
1.043327
5.706989
0.1313165
1.064115
0.9078859
5.422107
-0.7765103
-0.8331739
3.326907
-0.7176712
1.382746
5.53238
4.875336
-0.5551743
5.487778
1.638867
4.956462
5.519159
-0.7980741
1.61265
5.663711
-0.2853787
4.588097
1.321021
-1.14095
5.872837
3.660255
-2.4046
2.481538
2.512953
5.820092
-1.000324
5.472972
10.8038
5.25031
5.611614
-0.6050856
1.059956
3.97446
-0.3732206
5.057032
0.02460121
-0.3989335
0.3111281
-0.4342152
5.697851
5.679579
3.592104
1.025829
1.019715
5.688191
3.511636
6.725038
0.5789677
3.156974
-1.278407
4.300345
4.377319
3.618667
0.6431774
-0.8034516
4.227283
1.032007
0.1710346
4.246481
-0.9206614
5.290483
1.249293
6.648922
4.18661
5.48366
5.192131
-0.1502528
-1.022226
4.883554
3.232602
4.508623
3.015588
4.666115
1.10509
4.991128
-1.132511
4.801552
5.111786
-1.744384
6.31466
6.911236
4.799968
4.909985
6.500963
-0.416322
1.704763
1.703505
4.857465
6.213975
3.237736
-0.7023047
5.84838
0.5947999
0.9880298
-0.849764
-1.669029
6.743865
-0.7513415
4.217106
0.4959256
4.400913
2.915271
2.086826
3.614805
5.314919
5.814302
0.3115033
2.292983
4.976068
6.059762
-0.208341
-0.5762669
1.187849
8.244689
-0.5784002
0.02425378
0.272546
5.411118
3.894038
1.462127
-1.064031
5.505848
5.301803
4.225026
0.4430052
5.965008
2.037343
0.7329743
-1.500403
3.513165
1.324097
2.772526
0.06348464
4.92238
-0.8325379
5.979405
-0.7416261
-0.6352185
0.469259
5.407899
3.299432
0.182277
4.753652
0.8978657
3.724214
-1.230263
1.346021
-1.097475
-0.5606119
-0.1301742
3.268158
1.573119
4.371187
5.807277
3.8914
5.449856
5.323593
0.6652509
1.692402
-1.003305
0.4351928
5.941074
5.970671
3.964618
1.048822
-0.1701771
3.437539
-0.6788673
4.172968
3.247258
4.946272
2.691758
3.462276
2.34307
3.93371
4.560418
6.471743
4.379236
8.538016
3.799956
-0.8505362
5.992086
5.084585
3.262169
7.317759
4.665441
4.900049
0.04495879
5.593173
0.6662787
3.769003
5.622763
6.717365
5.071622
5.916705
6.483863
6.393801
8.659773
0.6522502
3.847444
3.961189
5.000359
-2.072215
2.111526
3.404773
6.701955
10.9206
-1.023592
1.955825
0.1600921
-0.5367892
3.804511
2.820665
0.03650836
4.546145
-0.2088614
4.289608
0.3491749
-0.6797556
5.760012
-1.837986
6.854207
-0.5973286
5.493157
5.47151
5.064667
4.749094
3.045762
9.238519
0.02215674
5.035761
8.644669
1.264589
1.539165
6.228784
4.416132
4.936746
-0.386816
6.241006
2.430263
-2.037793
-0.1092375
5.51539
6.003095
-1.374227
3.769705
4.451504
-0.1792345
4.308753
-0.8244873
6.577934
2.626766
-1.082978
4.908609
-0.001911475
6.453463
4.080907
6.720953
4.5075
-0.9232102
2.284162
6.272726
0.3297817
-0.6028463
0.5419348
5.720638
0.8136927
5.302674
3.68389
5.967438
5.116512
-1.182455
-0.4601615
5.363407
5.960558
0.08372165
0.8999038
4.010452
4.501364
0.1856473
4.490665
2.802476
1.243656
-0.2431425
6.728083
4.263099
5.728436
0.6158725
4.298453
-0.9374232
0.235255
5.898126
0.06755515
5.029158
4.292644
4.099281
2.730685
4.978176
5.183869
0.006306561
6.648504
4.189051
4.826171
8.797283
5.774194
4.922285
1.509277
0.7478418
6.963417
7.539513
4.366093
4.594141
4.335275
5.836783
-0.1430765
-0.0305223
5.252024
0.4686308
5.248205
0.2014936
-0.4399862
-0.7941477
5.020531
5.824474
5.361825
1.83533
3.823457
-0.1665207
5.503581
0.3310106
5.877839
-0.386524
0.9246269
0.7488184
0.5024141
7.322859
4.660278
0.7692172
-0.7389688
7.07539
0.7455708
-0.734425
5.734242
0.8247859
5.132007
0.005015607
5.295387
5.091143
1.299589
8.953866
-0.1026245
0.2018343
4.523523
1.017568
5.838854
3.962129
4.699265
-1.123393
3.283153
-1.757758
4.450088
5.465046
4.305656
-1.812672
0.03800932
-0.3609695
2.06098
5.586876
5.452161
-0.9156575
5.769638
-0.6465138
5.017674
9.924108
5.637334
6.052752
-0.856148
-0.284321
5.352197
5.454677
5.311385
-1.246061
4.523103
4.275125
0.4456414
6.97853
4.064019
3.133166
5.107868
4.153226
1.119288
5.101433
-0.5131429
0.8119476
-0.1422704
5.121418
6.179281
4.606707
8.050011
5.84181
4.520768
-2.003384
0.901554
-0.2843951
6.586512
-0.7331024
1.915307
-0.3089032
5.885848
5.798153
-0.5176725
0.05229359
4.328521
7.118102
6.533172
0.2105668
3.678624
0.2664791
4.341747
6.032677
7.550436
5.32284
1.351982
4.968954
3.604118
4.734398
1.331193
1.319437
3.572913
6.706028
5.310379
3.373454
4.75378
5.180021
7.821934
-0.7651477
3.566831
-0.5349243
5.988252
5.672358
-1.080209
4.049813
0.2190484
4.025537
3.393699
4.380542
-2.205959
4.30359
-1.441131
4.864667
5.683636
5.22882
3.782602
5.690216
5.898941
0.499631
-1.295662
4.091124
4.940317
4.294164
6.059366
3.082109
6.293144
-0.9190078
5.603509
5.361505
0.6552221
-2.346651
-0.30606
8.697131
5.432298
5.35395
5.549461
3.606427
7.756959
0.8739963
5.756498
-0.03058053
5.565145
4.704343
-0.375108
5.042252
6.464441
-0.8436625
11.15749
5.625784
-1.087485
3.324455
6.207348
10.548
5.740601
1.359541
-1.028168
4.453929
-0.08423918
5.161268
4.621091
0.125786
5.720394
-1.590357
0.3619974
4.217956
3.056272
-0.9134339
4.820829
4.614842
5.089675
0.2390871
6.528153
5.810402
4.159653
5.21607
5.86696
6.113635
-0.9722937
5.028632
-0.6076251
5.452179
1.876961
5.961942
4.719394
-1.02101
0.1195984
-0.1223138
-0.2994093
5.258951
0.9292661
-0.2652513
-2.252421
-0.01081708
3.332827
-0.8704338
-0.4310413
4.397383
4.767528
-1.593856
-1.047899
5.550531
5.831486
4.453175
5.505854
-0.4027803
11.96575
0.5578875
5.386457
3.552601
-1.273069
4.547562
-0.941416
-0.1527106
8.619642
7.137129
3.633023
-0.451895
5.460196
0.852196
2.444492
-1.773473
0.2767179
-0.3437115
-1.087578
0.9357472
8.280478
-1.031732
5.222304
4.246643
5.622165
5.015558
0.6933065
-0.5591811
4.118424
6.14921
5.286658
5.675779
6.493703
4.934909
1.126909
0.2940411
0.6903994
4.204572
4.15733
0.8520587
-0.4462017
4.775089
-1.176268
5.827048
4.81978
4.642391
0.4129335
6.515939
2.237028
1.29751
0.284322
2.202575
5.250513
2.53946
5.977332
3.935956
1.100943
2.237143
4.335483
4.228133
-0.3496304
0.9413767
4.131919
-0.1480233
3.321535
1.608749
3.702787
6.54765
1.419246
3.08453
1.10126
1.066894
5.098239
12.78042
-0.7338848
4.464502
5.757875
8.307571
-1.302817
-0.07325035
-0.8125078
8.496315
-1.088288
5.463741
2.66958
-0.04687598
5.670229
3.600177
5.449468
5.752938
-0.1040738
3.876461
5.667543
3.807136
5.563905
-1.922298
0.2282178
4.99732
4.091516
2.971797
6.401682
1.183939
3.694101
-0.8268724
5.20536
5.028012
5.71475
3.927368
4.990983
-0.3552162
4.443181
7.694848
0.6834013
6.165927
0.4316469
0.09882104
6.039413
0.3771309
6.882701
4.973511
-0.8360377
5.462762
5.444099
-0.7212928
1.360449
3.406213
5.235242
-1.424373
7.174563
-1.11064
-1.12246
5.277536
6.163768
1.598289
0.5104499
5.653528
3.328334
4.467629
7.227826
4.629144
4.498226
-0.6966525
-0.1597276
5.116982
0.001803974
2.874213
5.755757
-0.1109234
5.499823
-1.090278
-0.03388098
1.5438
-1.049911
1.916568
5.063256
4.155552
0.4630307
4.435923
5.686299
5.882726
6.627569
6.482218
0.2601008
0.03832772
1.368566
3.781149
5.139995
0.2982298
4.316078
5.01068
0.04445952
8.410478
4.646682
2.562551
-0.07567669
5.024497
9.722987
5.618828
6.980833
0.1073389
-2.710686
4.118003
-2.455191
5.325891
0.2140453
8.68277
5.403203
-1.903446
6.179233
5.060563
6.178605
3.448761
4.321819
-0.6511228
5.995604
4.971759
-1.178492
1.197273
-0.8428163
3.851249
-0.2570124
-0.7749955
-1.297869
4.660826
-0.4847897
-0.8565427
4.328521
5.702442
7.261062
6.555777
6.696206
0.7806701
0.1572288
1.074461
4.53716
1.335586
5.744002
2.065394
3.361799
-0.06687948
7.277053
1.101388
7.025409
5.435727
5.389596
5.838198
5.698577
0.4544863
5.400016
5.628287
4.905306
6.342998
5.524424
4.409917
1.615649
4.468546
0.6713729
1.141696
1.991813
3.832111
5.244146
-0.1585389
3.069725
-2.09729
0.0723566
-0.2817997
1.326593
3.116303
4.494767
10.18359
3.662151
-0.639146
-2.57884
6.178038
0.6192934
-0.5918186
1.983168
3.414157
4.940601
4.778526
1.208636
4.715383
0.1783851
5.480484
3.06099
-0.7299256
6.060076
-0.2260593
0.2099266
4.765087
-0.7456919
5.303263
-1.740855
3.059572
0.4550654
6.534977
-1.426647
6.979202
4.850278
4.226935
4.370771
5.249717
4.616778
2.168536
3.961639
5.382553
-0.967992
-0.5019506
-1.773905
6.608108
1.349865
4.661127
3.699766
3.325065
-0.5811474
4.500431
6.637407
-1.020302
3.755744
5.092853
-1.11431
-0.1275733
6.021445
-1.895609
5.576719
-1.635932
0.3860099
0.09761668
0.03663851
-0.7382093
4.729401
0.3151563
5.723536
5.7367
0.1857475
4.78522
4.927141
3.871596
6.347281
-0.6519876
4.547992
5.73717
-1.082883
0.3794605
5.966994
-2.235034
-0.7133402
-0.04673509
6.831788
-0.6574917
3.218209
1.103826
5.988721
6.920333
5.219993
1.39698
5.01748
1.320827
-0.1254285
6.459212
6.15385
4.291531
-0.9765294
2.403941
5.335453
0.4019494
4.598735
5.156884
2.229132
5.168355
1.310718
6.431197
1.072934
-0.8887386
4.883804
-1.542258
2.467992
8.793052
4.454617
0.1339147
0.712114
6.76596
0.4339469
4.2027
5.671515
4.89763
6.70979
7.246009
4.653756
4.264296
-1.313641
4.906367
0.3831666
-0.5926096
7.065547
6.041139
0.2520699
4.177763
4.025313
0.3321183
5.248156
-0.471944
5.055247
7.960258
-0.2294484
4.011258
6.929219
8.059072
5.787546
3.983841
5.39141
5.708565
4.238425
-3.067847
0.4847542
2.737248
6.385822
-1.747013
5.789745
5.911332
4.403957
-0.9556429
4.143404
4.982693
0.01410904
5.037383
-0.9837882
3.713547
5.905707
0.4247484
-1.088611
6.345112
4.598445
4.292218
6.468138
5.559534
4.866887
8.043737
0.08840336
4.70485
5.759429
0.299552
0.742203
-0.2898307
0.7886159
0.7744444
6.56803
0.03106677
0.6780066
-0.2698062
1.796189
3.778205
6.551002
-0.156717
-0.4311079
-0.7849274
0.2260667
7.095275
5.585577
5.705869
4.725277
7.860976
6.594683
-1.519467
4.153607
4.511162
3.277126
1.541335
3.311577
1.215068
2.099786
-1.23623
0.3461838
1.496305
4.625369
-1.238681
3.367373
-0.5269973
6.565736
0.1149793
6.336872
5.497144
-1.084512
-0.08845287
4.054581
4.852204
-0.6114921
4.941855
-0.6801898
6.575696
-3.358807
-0.4339728
4.882577
6.532547
-1.119039
4.878068
-1.683612
1.915231
0.1245291
0.1753638
5.109409
0.2009869
5.708601
4.479416
4.21419
4.586327
0.2745665
4.277179
-0.6157134
5.378475
4.393491
4.937564
0.3378278
0.900692
0.5270754
5.60186
1.311757
1.758978
5.165409
6.107869
4.276306
-0.6525459
4.932078
1.469754
5.433318
-1.122688
1.558239
6.628248
6.045672
1.098399
5.593112
-0.1315622
5.501565
0.3860068
5.095097
5.598887
4.89258
-1.850968
-0.02179004
5.36416
0.5109532
5.390406
5.112624
2.828775
0.7425816
3.964931
-0.3497076
0.7620041
-0.410823
6.2091
-0.3897758
6.103094
-1.679757
6.088748
-1.185142
5.437553
5.0649
4.389726
2.297395
6.24398
5.325736
-0.6894015
4.151822
5.066662
-0.5924842
5.11342
6.67576
-0.2350512
-0.0007554826
-0.6737651
0.7118706
0.2133329
5.298916
4.597927
5.248129
-0.8371619
0.2106225
6.127953
0.9647681
3.867558
0.5428504
5.312643
3.902717
1.643547
6.856476
5.237389
-0.5783132
1.725236
3.52134
5.20958
4.765631
5.638104
-0.2540556
6.32701
4.684611
5.182818
5.335242
0.8689189
-2.132065
1.480684
6.009956
7.235381
5.977849
1.383812
-2.164012
7.629331
1.369101
-0.1808963
3.755385
0.3713154
5.201478
6.468195
-0.5966584
1.019109
-0.4316046
2.560226
6.105262
-0.3242601
-0.5691022
7.39118
-0.09863585
5.729393
1.179558
5.755402
1.293802
-2.391579
-0.6799568
0.168525
6.705666
5.34103
0.918627
5.791498
4.358541
5.302879
-0.8573578
5.517104
1.169586
5.64272
4.168363
6.686956
-0.2960877
2.246265
5.738506
5.514292
4.375798
4.725468
-1.008161
4.633872
3.169301
4.32999
-1.195177
5.698864
0.5666226
0.5931592
-2.074729
5.611089
-0.6662886
5.177771
1.461709
0.01053852
-0.9986862
5.440166
6.422154
3.643798
5.056298
5.590586
4.594635
4.525233
5.963684
4.888496
4.432529
-1.511367
3.824567
5.901724
-1.260768
4.432355
4.508602
4.448432
-1.048557
3.833604
2.632784
3.802324
4.467838
5.040943
8.680667
4.866593
-0.8306722
4.691699
4.225833
7.22288
0.8209814
1.512612
4.580152
1.478273
2.777315
-0.5723205
4.55955
-0.2645026
-2.417838
6.909291
4.567193
6.472619
5.592267
1.35624
0.3426571
4.047259
4.534391
5.508123
0.7394652
1.092997
3.71942
0.06945153
0.6824598
0.6407816
5.266135
-0.4349225
0.6873048
-0.7162109
0.8049773
3.32217
-0.8739348
-0.2341225
5.888653
4.255571
4.575528
5.506998
5.315235
4.416328
0.005051337
-0.1072844
-0.1401155
-0.7191097
4.889349
5.262519
4.253192
0.9458877
0.4128315
0.7507008
6.06769
6.558714
1.552269
0.797571
4.341458
4.861551
5.897207
1.47653
-0.3559297
-0.1023439
0.7354155
4.11095
0.5834172
1.370686
0.7023169
4.708419
6.859738
4.225161
5.816146
1.466051
0.3692337
0.08798878
5.065185
1.368269
-0.2507104
0.6761443
5.481155
4.94893
1.943081
1.077937
0.04150215
4.022378
-0.6456936
4.210462
-1.475959
4.607462
4.865915
0.2038342
4.566065
4.88603
4.198217
0.1285918
-0.5113644
-2.456381
-0.5500343
5.404148
5.426831
5.503925
5.162234
-0.9361155
5.359811
5.776806
4.825052
3.338276
4.448575
0.5262449
-0.2569763
-0.6407841
4.70117
5.981335
6.078687
4.06747
7.09901
6.918392
-1.988873
3.687196
5.880566
4.695564
5.288865
5.93919
-0.8873321
-1.223411
-1.429593
0.8910196
8.787338
-0.7061777
3.694727
6.30373
4.989079
-1.511154
4.576257
6.51464
4.110913
0.1532193
4.923672
1.345907
2.21394
5.411245
5.077996
3.49654
4.817647
5.464515
2.6531
5.45285
0.1437646
1.629356
5.046662
4.434965
4.961301
-1.925387
-3.111098
6.177525
4.695774
0.5071297
0.9658908
-1.001392
-0.2917268
5.595328
5.736487
6.351694
0.1212616
-0.215662
0.7291032
11.79288
0.4638686
0.01323947
-2.063545
6.323569
-0.238743
-0.002603018
-0.05260048
3.220273
9.483946
0.8934798
4.70743
0.4547975
4.46217
4.177109
6.72206
-1.791136
4.756359
3.57637
4.598989
9.927644
4.966747
4.123403
0.6066365
0.6454771
-0.4532321
4.965234
1.417375
5.018326
5.511919
0.07880451
3.742161
-0.9913003
0.9056473
0.2561706
-1.244226
6.220664
5.146554
5.92447
6.299433
1.159653
5.622771
0.610261
5.197155
5.267016
4.212715
3.438913
4.358651
0.8409647
0.5143414
3.347289
0.7364548
1.511678
-2.523022
4.983382
-0.3572169
5.701707
0.5804637
5.539059
0.3971166
-0.5454621
4.342633
7.344737
3.344635
3.265131
1.040422
1.134302
-1.248538
5.332176
-0.4601784
-0.839868
1.607187
5.064308
0.8178133
4.681094
4.799513
0.5457608
4.548114
6.222205
0.26475
5.983964
8.843947
-0.9394315
-1.60864
5.811331
3.996614
6.199255
1.85785
6.278976
3.532671
5.131094
4.706228
6.180983
5.268721
-0.2187276
-0.7307276
4.078955
0.9472552
10.10051
4.323628
6.718046
4.40303
-1.004789
2.829314
-1.275861
6.040068
5.435895
4.791341
5.807797
4.368696
0.1816926
6.666964
5.227325
5.51498
5.068974
-2.596738
-0.2605238
1.183407
-0.5079318
0.7968043
1.194337
5.159309
0.8152232
-2.230705
5.298557
4.875714
3.832601
0.3053887
10.0678
1.544104
4.733855
5.697121
-0.31639
1.304924
-0.07097574
0.2475777
-0.8275606
4.888459
5.869401
4.961797
4.846826
0.3845923
-1.399183
0.7160607
0.01626363
-0.3894259
-0.2647133
0.4066347
5.041079
-0.1266173
-0.8453242
4.309189
4.258171
4.717392
1.492412
-0.7402019
7.358964
1.212083
-0.1207789
3.85851
4.992595
4.892767
-1.995346
5.383981
6.028989
5.188674
-0.507832
-0.3771328
6.189532
4.474607
0.460998
1.355059
5.380115
3.573078
5.810417
-1.250523
6.820746
0.5767523
4.020396
0.647274
-0.0147931
4.331742
5.347569
2.968101
4.659158
7.693518
3.969388
3.115802
4.753275
4.38143
4.776724
4.241441
3.984456
4.794605
-0.996631
4.577469
4.937222
-0.8678425
0.7015038
5.083406
3.238725
-1.473514
-0.2967519
8.085169
4.693926
1.211588
-0.789565
0.5481913
-1.386764
6.192184
4.441382
5.404656
-1.049934
5.817693
3.777713
5.390061
4.642086
-0.8956717
4.602917
4.339975
3.921222
-1.158388
3.804195
5.063738
4.729719
3.153552
6.249028
6.070556
5.220429
-1.696274
3.803657
-0.6033791
6.362473
3.569073
-1.960524
1.682828
-0.387606
4.640327
4.539082
-1.061761
4.667005
5.007116
4.623841
5.794787
0.1614628
-0.03511831
-0.8857256
-1.987229
3.981097
7.53858
0.3050432
7.30462
0.5393552
6.078279
6.117242
3.135281
1.131852
-0.3620778
4.206193
5.833733
0.7514818
5.538636
-1.28852
6.755244
4.156763
3.358531
-0.635334
4.370777
4.401962
-1.805971
6.860937
0.8698346
5.069023
6.909068
-0.6672914
6.165051
6.394575
0.478765
0.4037413
4.190965
2.426769
5.020502
4.17967
-0.1842919
5.004263
4.55885
6.978431
-0.4670383
1.767783
8.088716
4.136665
3.754156
1.960986
-0.6971995
5.702572
-1.077101
-1.302843
6.053134
-0.8897878
1.857823
4.391372
5.475763
4.742018
4.892174
0.01212569
6.286431
-0.01703072
5.281565
0.1318037
0.09960285
0.8671624
4.781324
3.864453
1.088831
-1.514642
4.939586
0.5557914
8.324158
0.5306569
-0.815976
1.355046
4.335316
4.394631
4.96651
5.587416
-0.3281216
-0.1485496
1.920206
-0.8983677
-0.3648829
5.075441
1.225798
-0.1325746
0.0162609
4.770121
-0.6345286
-1.393506
0.6973934
1.160005
8.077323
-0.4173769
5.469308
5.540238
4.766148
5.713994
1.142413
-0.05065587
-0.6572478
-0.43569
4.755581
4.891649
7.102079
-1.316476
10.5437
0.3626821
5.250896
-1.150998
-0.6756006
-0.02384168
0.05920044
4.974871
4.678066
1.088791
0.5909295
6.064453
6.740781
0.3723679
4.928507
1.370798
4.690808
0.08806884
-1.160621
2.636098
6.259945
3.869448
0.5239253
3.776022
6.650433
1.792449
3.564471
6.322916
-0.4655998
0.9868787
3.623413
5.337039
-0.8149487
-0.4492776
5.55615
-0.5244033
5.040251
4.970569
5.803298
4.76908
4.677032
2.021008
3.833141
1.280815
3.663669
3.669324
6.08861
1.521145
0.4645476
4.918678
3.387979
5.831407
-0.9059068
5.395935
7.113055
3.082511
5.135658
-0.7522341
6.077018
3.866791
-0.6014372
-0.2323421
7.885648
0.05051143
0.7001015
0.913976
4.687886
-0.6532773
5.440535
-0.4923745
5.424661
-0.6682677
-1.276915
4.210104
5.022123
0.1448763
0.1551989
4.592944
6.973756
4.896325
6.346673
4.598904
4.73366
-0.996575
-0.019901
4.537447
5.252841
2.873665
4.390681
0.3759437
4.47671
4.350336
-0.572963
0.4813611
5.029808
4.980993
4.116433
-0.1919717
-1.130226
1.682415
3.965549
5.193675
5.629338
4.954745
4.222395
0.1463485
4.841966
0.9353796
-1.825411
0.4340713
-2.068946
3.564863
4.880899
6.65492
3.999602
-0.06882063
4.470474
3.719559
5.240121
0.08246682
5.268079
4.912887
2.544889
0.8101872
4.848054
5.098041
3.641138
-3.048521
0.8101546
3.521334
4.538203
4.848455
5.261552
0.9004957
3.436878
3.849395
-1.097079
5.774136
-1.255405
0.71041
-0.6424157
0.6014784
6.703312
-0.5504022
-0.9346538
-1.28135
3.61172
-0.9076098
4.884227
-0.4120447
-0.655194
5.017889
4.285051
7.586525
5.083691
1.040576
3.468558
6.242052
3.336168
0.9309379
-0.3552043
-0.6775725
0.7809004
-0.07601538
1.668486
4.290111
5.677973
-0.02348439
-0.5465448
4.546226
6.355325
5.728593
0.2341402
5.100278
1.370848
1.357911
-0.3776591
5.847105
0.9060493
5.804526
4.579967
1.823778
2.901134
5.535281
0.6838247
5.708489
3.084553
-0.06110468
6.14409
5.235591
0.02235257
3.555243
-1.340948
3.978281
-2.390537
2.42179
-0.1066139
5.579265
6.678843
-1.045931
4.828627
-0.5538226
4.182302
-1.004865
5.28025
-1.056966
0.1979614
5.579587
5.840555
0.7903032
0.6950935
5.118759
0.1489792
0.6293032
1.043638
5.326288
4.710411
5.372657
-1.490559
1.488481
5.61365
0.3072372
5.506161
3.047977
0.1707964
5.397005
5.591252
3.816715
-1.003265
5.928985
-0.8135841
4.314794
4.356375
5.096486
-0.4423979
4.340246
3.738251
3.954781
0.7065445
5.64504
5.242764
-1.077706
6.106673
4.319273
4.55668
-0.06036161
-2.255736
5.374069
6.571846
4.122706
5.404032
0.5669241
5.483717
0.954995
0.1558288
0.1519589
-0.627975
-0.906695
0.1974819
6.98269
-0.2753178
0.7070179
-0.7162609
4.47068
1.695704
1.76944
-2.080161
0.7535744
5.38581
0.8329973
6.008542
5.638878
4.099848
0.2809646
3.631993
4.28081
5.550684
0.7227747
1.199016
3.680313
6.005341
3.541727
-1.179145
-0.9634049
5.248243
4.397865
0.05540627
3.105127
-0.052161
0.5868269
2.993403
-0.1371577
6.228131
5.803189
1.240656
-1.584429
0.3449011
4.29892
-0.02300227
1.192579
9.482519
4.859039
4.15899
-2.462953
3.630184
0.3594272
4.549347
3.65969
0.7635302
-0.3806004
8.929387
3.64705
5.627889
4.065121
3.672655
6.026321
5.259866
0.9217896
-1.343641
-1.138695
5.441178
-1.433289
4.721631
4.737551
-0.3695119
1.100076
5.30384
-0.271248
4.123943
0.3283493
0.4920699
-0.9060542
4.280047
0.9275481
5.235795
4.389902
1.664875
3.991036
4.369599
-1.6985
3.806502
7.136566
10.3669
1.186289
5.837431
6.388887
7.591415
-1.571755
3.734317
4.820164
5.02189
6.031568
0.2949862
5.807303
4.719703
0.2006306
3.924654
4.791955
5.695472
0.4387999
-0.7070042
7.276683
0.08001107
3.317558
5.020195
0.2340598
-0.2276962
3.720689
0.8004868
4.961444
0.9201317
4.552964
4.147119
5.416563
4.344294
5.203146
5.407075
4.21087
1.368416
4.67652
6.335262
-0.06011496
5.843234
8.578046
3.952979
5.291514
4.651612
6.264253
-1.248902
3.841976
0.268845
5.515588
-0.1050319
5.249978
-0.897882
4.92653
3.681325
-0.8978854
3.822013
-0.009662447
4.565839
3.166764
7.189171
0.7602919
-0.08334695
0.5007279
0.5394406
1.546206
5.121159
5.305433
-0.9407071
0.4460475
6.339539
-0.9855635
4.366943
3.862695
-2.315749
4.429279
5.355337
-1.879528
5.301973
4.84467
3.995791
-1.062877
5.794814
1.544955
-1.672063
2.99356
4.937868
-0.9475408
0.535912
5.160979
4.346525
0.0733125
4.384153
3.767547
6.05757
3.749752
4.178459
0.1371694
6.641096
5.386329
1.08835
0.1777767
-1.768833
5.354146
5.021043
5.642318
-0.413741
7.057606
5.676157
-1.264552
5.549169
-0.3085918
5.641834
10.17857
6.376097
4.585781
-1.362319
6.310731
5.428472
6.038476
4.803582
-0.291539
7.513775
-0.9957283
6.517332
1.186101
4.30639
4.892789
5.296442
7.271398
6.171007
3.579535
6.504399
4.491793
4.822888
1.944516
5.50208
5.520464
4.469051
4.201775
-0.4413339
0.07932928
0.5653705
4.575737
-0.2579716
4.931051
-0.5801901
5.564358
-0.08983977
0.3189825
3.131848
6.683216
5.032905
5.510758
1.131257
6.881934
5.78279
3.328184
4.31416
5.905372
-0.374846
5.29805
-1.238991
4.554468
4.908645
-0.3526629
5.244394
5.754323
0.002186614
5.023056
0.1200345
0.5972373
0.3355281
4.956411
4.115067
-0.386942
-1.065587
4.158614
2.722681
1.547137
1.506996
5.611943
-0.5687515
7.485545
2.979427
0.8558057
-0.4565723
6.83049
0.268491
4.918376
2.307835
0.4933751
3.098647
5.15091
0.6269054
6.102426
6.501663
4.35846
5.782483
6.566777
3.980136
5.52653
-0.2964298
4.215334
6.133559
6.620619
7.845943
4.057796
0.6228024
4.513932
-1.125797
3.178431
0.4788543
-0.2236532
3.395289
5.855429
4.640174
0.7662522
1.038699
-1.169645
1.053385
-0.3950069
1.471313
-1.569339
-0.1741099
4.781405
-0.7323183
-1.567303
-1.861756
1.150106
0.360207
0.3277129
3.709671
1.247104
5.704492
3.863007
4.780843
0.06481318
5.251655
-0.3096527
-0.1176517
-0.4633866
0.294963
0.4779581
5.237059
4.712185
5.201297
5.785836
5.976172
5.042646
0.439901
-0.5143053
1.360662
6.878767
4.268424
0.02131956
1.422531
4.862576
4.135695
3.816779
-1.307708
6.414035
-0.9407082
6.988058
0.3966991
4.191912
5.423207
1.703277
3.37321
4.911056
-1.129696
-1.318709
6.559704
5.24808
0.1116545
4.630105
4.825554
4.981802
3.620936
4.155473
6.883585
2.505648
5.197978
4.72631
-0.05041604
2.745767
-0.693572
5.607785
6.541841
7.210813
5.380136
4.396262
6.9453
6.16262
5.316738
-1.301328
6.884702
8.027009
-0.0391579
0.1476407
4.093287
5.319235
0.01434359
5.512646
4.543465
8.790918
-0.7059348
6.587042
6.848977
0.870468
0.2550033
4.105885
6.769964
5.765772
0.451501
-0.3362732
3.229336
6.692541
4.771065
-0.5770915
5.930502
-0.2236393
-1.245833
0.2897914
5.161799
6.031661
6.765157
-0.05497682
1.062188
4.194414
5.468476
1.221624
4.309813
3.743867
-1.187908
4.470739
4.77091
-1.183507
0.976743
4.946417
6.618134
5.021946
4.789116
0.2934425
2.59558
6.326316
-1.080928
-1.539401
5.424867
5.810778
-1.62949
5.319096
5.869818
6.72745
5.958474
0.8178522
5.556108
4.592084
3.474575
-1.23465
4.128428
0.3021384
6.209948
4.793228
4.165731
4.301059
0.1590154
-1.431946
3.757831
6.006997
5.852574
3.791305
5.612943
1.399215
-1.214273
0.1038625
8.475065
-0.05188857
6.582818
5.602374
6.627516
5.256943
0.2782472
1.473249
3.67924
3.091423
-0.5827112
-1.292857
-1.265518
4.799761
0.5319463
7.994969
-0.640928
6.495206
-0.525348
4.949064
4.304453
0.1407412
0.6782561
7.145341
5.897789
6.659569
7.02997
-0.4104519
5.284661
-0.780158
-1.940455
-1.38681
2.21853
6.214226
0.5495946
4.289198
4.234472
-2.193097
4.815908
-0.6310187
7.388585
0.7110683
4.37999
-0.2573515
6.315695
5.499516
2.06516
3.434583
6.141997
4.314972
5.681401
5.180862
5.453205
1.133276
5.360614
-0.2617463
4.225176
1.680325
3.188457
1.18269
4.02407
6.733578
4.709197
0.2301842
4.468309
5.327767
-0.08728287
-0.0519227
5.399556
4.755003
5.260702
0.04834027
5.621075
-0.2843895
-1.794294
5.461157
3.262903
5.599751
3.907598
-1.495345
-0.6403024
4.250577
3.72513
-0.1800582
3.928932
4.988407
-0.3922874
-1.418334
-0.5450127
9.295567
-2.011374
3.19229
0.2912701
2.281655
-0.5819424
0.9791602
6.108835
0.470161
0.482552
5.325239
6.49576
5.625791
4.789119
-0.6217487
5.579036
5.733568
1.238722
4.535659
6.927701
4.765709
0.2265083
0.807222
4.118063
2.820912
1.563977
-0.01332195
3.877247
2.691804
-0.3403968
-0.2786287
-0.5671648
1.93445
0.03412751
4.184313
6.532374
5.247607
1.378903
0.03455947
4.281377
2.813531
-0.2650693
-1.715382
4.385231
0.6088602
-0.2175215
5.191466
3.021616
5.117838
4.597558
6.059121
-1.257026
5.548933
0.2236519
-0.7189399
5.134917
-0.2982788
4.031481
6.209853
3.494659
1.181971
3.833504
5.706702
5.102719
-1.036687
0.3041277
0.7161039
5.684774
4.813097
3.079021
5.571281
4.16278
-0.2678859
0.6984243
9.128995
-0.5530181
-1.215284
0.6214739
-1.34501
5.767963
4.46071
5.632807
0.2281081
9.758379
4.064043
7.599933
0.9308206
6.735483
5.793591
-1.706794
6.471413
6.781865
0.9963214
0.1540063
4.412299
5.955294
6.091245
6.120939
5.201101
5.981767
0.1364353
3.72146
4.461897
2.419419
4.438955
4.561229
0.907658
4.613235
1.804826
0.4425191
0.3553711
-0.9012449
4.533471
0.3321833
5.362019
-0.3877479
4.260569
3.479898
4.746686
5.342866
-0.469923
-0.2385425
5.16072
5.322965
5.573873
-1.942691
4.770661
-0.383515
-0.4016929
1.306625
-0.7104336
-1.640449
4.786458
4.428044
1.696405
5.701386
5.761928
-0.654006
0.6599112
5.294481
3.847146
4.713639
7.804534
-0.6942387
0.3209309
5.395005
4.421398
-0.2878017
5.084705
0.8898846
-1.224175
0.6768087
4.71989
-0.5424894
5.29489
5.531359
5.469872
-0.03726631
5.965278
-0.2739682
3.246019
0.1218436
5.01857
0.5753795
5.041703
0.6522382
3.858298
4.466243
3.577247
5.914595
-0.5556604
0.522996
-1.667839
-0.4270882
0.215263
-1.253388
5.953378
7.039511
6.415718
5.782764
-0.3618476
6.295572
6.366252
-0.2728161
-2.932496
3.517671
6.549033
5.71385
4.293694
3.998858
-0.101834
4.83475
0.9234317
3.548471
0.1271009
-1.173657
4.318716
5.128527
4.825505
-0.4577663
4.390845
-1.503514
3.647951
0.7289508
4.782989
4.717491
4.332582
-1.249046
-0.1818527
0.554178
4.520401
5.354409
1.051125
3.922501
-0.3345055
-0.3168012
2.115635
4.840785
0.9638787
5.686917
-0.04039592
-0.428476
0.8097486
3.503365
0.2526529
5.626666
5.120068
-0.3884369
5.441709
7.240234
5.422992
0.7871781
-0.3105734
5.479031
0.8682761
4.533394
5.289146
-0.6047051
5.336151
3.823641
-2.905609
1.825384
0.9829278
-0.1999115
4.093113
6.109165
8.600083
4.904542
0.6639003
6.809538
7.566712
6.288868
5.677582
6.563182
6.08345
6.291677
-0.4638879
1.809091
7.427874
0.8019788
-0.4331849
3.921696
3.853886
6.165107
2.743327
5.929288
-0.2175017
0.3424187
0.6946679
-0.1823297
6.114583
2.517771
-0.130252
0.5672447
6.672832
-0.3896278
4.247167
5.985085
6.287015
0.4784125
4.41466
4.274691
3.088897
-0.7355132
-1.04663
-0.5583089
5.928256
4.046214
3.590945
-1.584422
4.810358
5.901875
6.634573
-2.843964
6.102736
5.168297
-0.6642726
0.2637965
4.723499
-0.1602093
0.5458105
-0.6760512
0.02777237
9.883326
4.880738
4.635521
4.670341
1.339368
4.267145
-0.6006486
5.838164
6.732506
1.506028
0.8062622
6.634975
4.038362
6.16483
0.6278298
7.396138
-0.2079278
-0.5258346
4.812415
0.2552725
-1.143329
0.7747745
-0.5975432
4.007541
1.353921
4.309686
1.117232
3.142802
5.044552
5.667347
0.1678817
6.870337
-1.675135
-0.4654657
4.631577
4.864548
4.819538
5.654104
5.162757
4.890374
-0.04231386
0.6969688
4.257322
6.164565
5.587601
4.88068
4.42187
-0.3769058
5.077611
