5.676259
-0.2041857
0.5254953
8.815383
-0.9666197
6.875224
-1.033947
4.274834
0.5013668
6.23723
0.4173356
2.817662
-0.4885069
5.80412
-0.2117217
6.422163
4.250064
3.293146
2.972721
-0.1191805
5.694596
1.235288
3.202889
9.654446
-0.570036
5.052637
-0.1347089
4.899318
6.739535
5.077333
-1.466544
4.579375
5.385126
1.109781
1.518827
4.326266
0.6209088
1.635714
4.576655
3.687681
-0.7311403
-0.07705096
1.094406
6.477058
6.539671
3.826057
5.744791
3.982404
9.180481
5.527951
-0.4269096
3.713186
4.357489
4.511215
-0.1829001
1.08009
-0.2988058
5.246488
1.884041
5.178499
4.052264
3.895334
3.605757
-1.909443
6.57102
6.511015
3.278784
4.159075
3.675414
4.679373
-0.9368659
7.181169
1.651744
2.623928
4.639594
5.675438
6.201586
4.454655
5.130308
5.37598
4.286249
4.348719
6.867381
-1.176625
0.8085598
4.422314
2.877698
4.027445
0.07741721
4.675685
4.773281
-1.8332
0.02106363
4.330385
4.37658
-2.66993
5.562635
0.9066825
4.948024
5.183087
0.8682388
-0.5723006
6.744814
5.674524
1.006535
4.917473
6.200052
1.617393
0.8466592
4.501976
5.134091
1.930655
5.776246
4.426111
7.639726
8.779654
6.457962
0.1962676
4.318279
-0.8781052
5.962997
-0.6711726
5.176827
4.847782
4.018418
-0.1714064
0.2049224
-1.151528
5.832009
0.4175903
5.04727
4.79555
4.272329
5.419254
6.144378
4.696508
5.709262
1.417597
2.666768
4.870311
5.173587
6.256799
6.878913
4.323171
-1.942306
6.150779
4.160297
5.367763
6.907009
1.042251
1.64335
4.025689
6.585456
3.827035
-1.195649
-2.108267
4.772571
4.00629
4.839191
4.891689
1.466015
4.259233
-0.2235647
2.967143
0.7283113
6.546013
-0.1390856
6.012396
1.480561
1.301252
-0.3212312
3.311423
0.5658204
9.976948
6.7999
0.2676568
4.515706
4.776009
4.690605
-1.654509
1.089363
3.833652
6.641749
-0.2222677
7.850934
4.373018
-0.1270955
-1.018022
3.412274
5.175089
4.992956
5.693917
1.120222
6.252769
3.073562
-0.1954172
4.534949
1.288443
6.395851
-1.346925
5.308071
-0.1531576
5.373165
3.429021
-1.083353
2.616331
-0.7435689
0.02740476
-0.5765935
6.746117
4.814876
5.371014
-1.302239
-0.7326893
3.300445
4.666103
4.514662
0.1693734
-0.4285349
5.857397
-0.1472061
-1.293618
1.444139
6.179988
6.553231
-0.411381
-1.733388
5.578354
5.618722
4.848768
7.385693
4.59274
5.284869
-0.1825651
0.5596272
0.7119943
4.471009
5.437373
-0.7224579
-0.8175677
5.487279
4.737708
-1.413071
6.831004
0.5782534
8.598231
3.826067
-2.02317
5.95017
1.97513
