-0.03087472
5.544064
-0.6440153
0.3873653
7.168793
6.859052
4.69308
5.031806
-1.019668
-0.8244324
-2.417562
-0.3759043
5.894176
-0.504826
4.302962
5.566089
-0.5253016
0.0232535
-0.5605706
-1.954846
4.048703
9.35068
4.279676
1.406856
5.265191
-0.9501869
12.52685
0.9082431
5.045659
5.894414
6.10901
5.482852
5.383199
5.630763
4.557174
-0.5751649
5.176282
0.8163186
4.607727
1.459045
3.278589
4.481661
5.158397
6.382376
0.9529773
0.3295472
5.317819
3.976848
5.943796
0.02450524
4.943184
4.103432
-0.5208642
5.74835
5.053598
5.523683
4.925536
4.747232
3.161164
4.308377
-0.7802841
4.597648
1.233929
-0.008352981
7.511464
0.949026
1.497851
7.877208
0.4861729
6.80152
0.7034749
5.116454
0.4051069
6.123739
5.052112
4.883017
3.713896
6.230198
5.078762
6.25754
-0.4282049
4.727026
0.3511981
0.8020246
3.999629
5.368633
3.811911
0.7208394
4.849107
4.34549
6.173028
0.9371086
4.530899
0.07268413
5.594892
5.164137
-0.8170298
0.5029414
-0.2331206
-0.3443633
0.7247756
6.371481
4.279456
5.758323
1.712169
4.88292
1.520462
2.572995
-0.4478541
0.4423104
0.8168798
5.439084
-0.8498053
5.282241
-0.9116411
-0.6575567
-0.3949736
5.538413
-0.8470977
-1.461815
4.05354
5.389938
-0.9863699
0.1532657
5.435874
5.334702
6.150198
-0.8244347
4.130214
6.614567
-1.398229
8.537872
5.015655
3.349639
0.461477
5.0074
5.988874
-0.16569
3.665286
5.133056
4.146059
4.391147
-0.5024523
-0.4162576
4.915951
0.8148747
4.308822
4.587778
4.94378
6.588599
-1.613715
3.74263
-0.9641793
6.796935
6.093046
4.734386
4.717514
5.744023
4.033811
-0.4670844
4.660512
4.957702
-0.003892631
4.078656
5.435424
5.516536
0.8458475
1.312404
4.528444
-1.567809
7.927325
8.152282
1.907994
-0.9939301
-0.6142417
8.997635
2.708792
0.5915141
-1.061456
1.353173
5.826228
5.272877
-0.3491319
5.266218
6.277338
7.013965
5.326971
3.722132
3.651666
2.272121
-1.054422
1.791403
4.662405
-0.257408
3.5699
7.029965
5.19329
3.072118
4.210003
5.120162
0.7122188
2.224402
5.959502
5.43372
-0.4386933
6.311225
6.300885
-0.4329039
3.901474
4.379758
-0.7264857
5.171167
0.8914151
6.059232
-0.7028498
0.09441181
-0.7917509
5.821489
0.7515415
7.079344
0.9011492
-1.595953
4.828425
3.840006
0.3276151
4.820947
-0.2914002
-1.128869
-1.645986
9.474527
-0.5800239
6.072045
3.221751
4.975126
3.420671
5.418125
5.759174
5.470766
6.342243
5.841887
0.8612676
4.359067
-0.4834996
5.799722
4.984813
4.050119
-1.38419
9.773352
4.255092
5.167711
6.087061
4.929563
5.013231
-0.4622399
-0.3597908
2.307383
6.5273
0.0007826489
0.9368706
-0.4877139
5.986048
1.446713
-1.042877
4.659162
6.043456
5.682375
0.2633628
-0.1036376
0.1639672
0.8799627
1.06024
4.203993
4.753491
1.069291
5.234201
4.09102
11.9273
3.719014
6.24968
0.7834713
4.567697
4.329679
2.969212
4.422553
5.095604
4.898125
1.122303
3.480518
4.320343
2.744453
-0.9673542
-1.426344
3.789341
1.064481
5.382909
6.504352
5.311365
1.322245
5.210909
3.928919
6.532055
4.885688
-1.472634
-0.397364
5.519388
0.115465
4.974308
-0.3055886
1.30951
5.039605
2.395939
4.671317
4.158296
-0.1851021
3.546791
0.2631626
5.360023
4.656677
4.25869
6.114245
0.1231442
0.577753
6.560966
-1.425817
4.587952
4.750017
4.612651
4.925928
4.584698
7.166328
4.56354
4.816313
5.135949
4.342644
0.3366992
6.189871
1.993422
4.787427
0.4005385
-0.6452314
4.25879
0.4211461
0.5312324
4.368471
6.002086
3.947996
0.8439432
-0.5599211
4.717526
6.616638
-0.3364571
4.90393
7.723961
0.7112996
0.03987771
0.2880094
-0.5656984
-0.4531265
3.623813
6.354818
-0.4904067
-0.04795078
4.207843
-1.077088
5.379434
3.516207
3.954323
3.015781
5.114289
4.544137
6.663084
5.770678
5.19127
4.748951
0.267552
-0.2776462
4.678403
0.2996592
1.164502
7.337718
2.561892
5.676344
4.00896
3.992426
-1.902497
-1.613254
0.2729931
-1.585972
4.875552
4.831578
0.5260556
-1.64345
4.635891
4.396405
-0.9617903
2.637833
-0.235049
-0.6118927
0.0306663
0.8461737
-0.03449513
1.211502
0.1519884
4.080717
5.506044
-0.9074817
4.353608
5.188453
6.577148
6.248192
-1.613276
4.210606
4.899737
5.624385
4.881812
0.508271
4.336389
-0.09290103
5.372802
5.254652
3.577021
-0.8536985
0.08084967
4.255654
1.141617
6.233573
2.420805
0.1853964
5.426194
5.942895
4.727311
3.458069
-0.418014
4.378202
0.1295218
7.825976
4.033111
1.221271
6.054393
4.268115
-1.288626
1.163002
5.155189
4.532774
0.4223826
3.347128
5.050545
0.888331
-0.4572562
4.764392
6.012764
2.126973
0.009686218
-0.4991161
5.15423
3.721163
4.289491
1.461194
6.25621
5.371976
4.857777
4.065465
5.477152
0.3940947
-1.919469
0.7137311
6.838075
6.51689
0.1699064
6.039698
6.464166
-1.286971
5.269557
3.376666
1.924034
4.977392
1.401532
3.497474
4.273138
0.6532691
6.588754
-0.8837498
4.944044
5.091163
-2.477398
0.03005423
5.332999
5.417553
0.5868527
-0.05224923
0.007900536
4.508624
7.024537
5.595788
0.1629905
6.542984
-1.248333
0.1830325
2.922772
4.688461
