4.887406
1.154124
6.311525
9.245835
4.76725
4.624665
4.13134
6.360133
0.8562584
1.546047
0.8896366
5.364982
1.963908
4.325291
9.422948
-0.5288782
5.710071
4.475377
3.827563
8.75135
2.098442
-0.2457815
-0.2911558
-0.3211186
-0.8618018
5.471143
5.481169
4.657225
-1.901146
6.702265
3.724538
5.52299
0.6412375
2.573341
0.06325528
4.075016
7.274141
4.243986
3.921935
4.854903
4.575808
6.088211
0.8031256
5.597464
0.2202975
6.835293
4.740358
3.81424
0.2813488
4.132649
0.1220387
-0.2406173
5.707789
0.3924004
2.984305
4.685047
5.827548
6.786298
5.751085
0.2871615
0.03697094
-0.653767
0.3736006
0.6485405
0.4261871
4.755701
6.477855
4.830924
5.360326
3.341161
5.805894
0.4884027
0.2282352
4.772517
0.1007798
-1.117305
5.254466
5.066737
6.002597
0.2238462
5.171117
-1.003475
0.5670638
5.239483
0.9482796
4.856734
1.675069
-0.05510851
4.833805
5.181809
3.824382
6.068857
0.2775492
8.243306
4.915995
6.92408
7.171569
-0.7474742
-0.173533
5.052671
11.33543
-1.108777
0.7958742
5.645745
3.632235
-1.620538
-0.06366323
-1.256213
4.776078
0.2087643
0.05310728
-0.4082129
1.399116
6.764339
-1.933489
4.699278
5.429967
0.343807
0.01391572
4.775454
0.5286485
5.291528
-0.1295854
12.89867
4.080105
-0.02913673
5.084039
4.9681
4.78827
4.165426
5.8713
0.3528698
-0.6522673
4.75656
2.863429
5.030398
6.013641
-0.8646932
4.351602
-0.381599
5.172863
2.467636
5.236728
5.262797
5.611745
5.496961
-0.6086505
-0.3689496
5.084804
6.11352
5.623671
0.5901785
5.078479
-0.2079166
5.985218
6.53035
4.224208
-0.5886514
4.539869
1.030048
4.249786
5.670777
1.657605
-0.6443296
-0.7461201
-1.497608
0.9897684
3.337637
4.561639
6.183547
4.740566
4.861121
6.114854
-0.1000672
5.457286
5.347095
-1.770469
5.207485
1.535204
6.570339
4.312414
4.427853
1.734267
3.485096
0.1483914
6.324768
0.5654153
6.110811
4.787976
2.758823
2.075282
1.07826
4.033434
5.858593
6.223315
5.662189
6.715358
-0.5518121
5.25147
-1.549999
0.1820335
-0.391421
4.37445
0.3791552
3.593935
3.234199
7.018797
0.6722445
5.533965
5.142368
7.455057
-0.3370066
-1.281554
6.907393
4.496638
5.113407
0.5822562
-0.2235912
4.853193
-0.7801399
5.755621
5.671911
5.05291
-1.289347
1.652863
-1.044887
0.2088416
1.776555
-0.8734798
0.6059641
-0.9838021
6.941585
6.040149
5.97308
9.995787
-1.592696
-0.7601323
3.9751
-0.1059388
0.1019164
1.627768
5.591949
5.090172
3.630016
7.07954
6.87859
-0.9587159
4.556201
0.2123796
-1.823486
