-0.6190167
4.31517
6.639937
6.081419
5.758906
4.174248
3.100168
6.06668
-0.9135755
-1.456342
0.6118424
-0.1350187
0.4881581
4.614142
5.069009
4.073752
5.358886
0.1589843
6.400616
5.399832
-1.928104
0.1417944
5.182292
0.1045063
-1.14697
4.373206
-0.009718782
-0.4872092
5.20635
-1.200404
-0.5083928
5.832167
5.287144
4.075362
4.66495
6.095032
0.2274207
4.166913
4.689835
3.792364
1.665935
4.808459
4.681975
4.726852
1.390472
-1.117999
5.750547
-2.213838
4.153724
1.695887
4.543783
0.7168559
0.3649391
-0.28629
4.403171
5.453589
5.787175
4.223897
5.009501
-0.4896803
6.476433
-0.1149397
7.814832
-1.91489
0.11381
1.841451
3.997476
1.729042
-1.401073
3.903742
5.682556
4.144979
5.984893
0.8625598
4.179228
-0.8603992
1.746808
-0.6354316
4.848973
4.573579
7.651055
3.236209
4.957104
0.4300426
4.910563
7.302446
0.4222277
4.871813
5.032969
4.522732
6.868728
0.395593
3.865001
0.9879835
-0.8971838
5.515412
3.542383
4.883592
-1.101871
4.319398
0.03870385
6.093092
-0.9853997
0.7888565
1.109086
5.56334
-2.220383
5.22041
0.2389056
9.220994
-1.401804
6.099202
5.564185
5.160307
6.010861
-1.809964
8.057149
-1.678904
-0.4189196
0.1687741
-2.942624
0.4099596
5.743496
0.9208391
3.746461
4.18985
5.488777
-0.5514538
-1.24332
4.493623
4.484457
5.994158
5.26698
0.5343652
-0.5562891
2.203742
4.802793
6.333051
-0.1302298
5.192868
5.0853
3.99528
0.2279827
-0.3803885
5.397071
0.7153205
-0.7071101
5.697153
4.627378
5.290101
-0.2083013
-0.2603713
0.9584772
7.203225
0.3051964
-0.1991981
0.5596931
0.03192288
4.60759
0.4596612
6.006282
5.399287
0.5847416
0.1061958
5.384487
5.961657
-0.7160894
-0.7055217
-1.556734
4.36244
-0.1555335
0.1610739
1.593137
0.3579654
8.083674
5.167877
3.55862
0.6643224
-1.698121
5.202409
5.623867
3.505725
3.493467
1.308719
5.84584
3.407953
5.24338
5.942072
3.68155
3.855889
-0.8036993
5.622014
4.406087
-0.1367237
5.661863
4.637978
4.665683
-1.244052
6.274877
3.313454
-1.865814
0.04673587
4.800388
0.7917901
4.350933
6.805021
5.048108
0.8772452
-1.594491
3.091758
3.663382
-0.9100403
5.077453
0.3294317
-0.4665638
-0.7918734
-0.6062908
0.2395777
5.635218
-0.369163
-0.2577985
5.774312
3.951407
3.156486
5.630725
0.0843741
1.753405
5.137541
6.281708
-0.5327235
5.97103
5.257211
-0.06790447
5.048878
-1.691701
5.816567
3.606552
-0.07880264
0.6055377
8.039234
-2.641688
-0.009931695
5.866666
5.277589
-0.9530528
-1.654638
5.821453
10.67846
6.508014
-1.055102
