7.41403
5.100336
4.590736
3.022661
0.4264435
-0.614438
-0.2380708
4.971447
6.040835
-0.7687672
5.319538
2.924424
0.7236865
0.3970622
-1.270592
5.008587
-0.8953823
-0.6668595
6.966252
-0.5971911
5.209631
0.3138
2.857975
3.83389
-1.843724
5.348781
1.235085
4.9351
4.641041
2.961489
5.945582
6.109743
5.576021
6.037722
0.03039917
3.243656
4.719474
5.14043
0.3057486
5.497312
4.606533
5.166469
2.99789
4.74549
-0.526416
-0.9115334
3.756416
5.322258
4.313954
5.690072
0.4324638
4.861277
1.601035
-1.220672
5.031925
5.033382
6.610696
0.4130977
1.749201
4.649868
4.508741
5.054395
-0.3618094
8.29058
-0.7548803
0.6239157
-2.213068
6.243563
-1.670826
4.462593
-0.9906869
5.043041
0.7924116
0.5097036
4.790853
4.620548
-0.1320929
-0.4237564
0.5663346
4.21606
4.5807
5.378131
5.10989
2.976638
0.3549621
-0.1634425
-0.6491044
0.8836743
5.862014
0.07685257
4.036632
4.500346
-0.7562819
6.406627
5.077437
1.206234
-0.4507445
-0.5854463
6.078401
1.889228
10.97748
6.62331
4.617208
6.062543
5.299482
3.305783
0.3582281
0.2362229
1.142508
0.6220326
0.6406945
0.6812276
5.449306
5.229551
0.4500554
5.174201
4.372525
5.124078
6.685568
5.565979
-0.5715397
1.257801
5.041155
5.52249
-1.04494
9.048355
3.553234
4.296461
3.335868
4.500827
-0.3373124
4.118147
1.689619
5.829669
3.2619
-0.4731727
7.042441
1.92773
6.627067
5.562978
3.642231
-0.9819909
1.336333
3.76469
4.122774
-0.8810563
4.603501
3.359949
3.839765
-0.3846396
6.287404
3.466047
1.986883
3.803444
0.6005673
5.71182
7.979994
-0.03301487
4.266062
4.111968
0.2556883
0.4489939
4.726841
4.076195
-0.4488443
5.962724
5.069638
5.211087
0.5472501
-0.5723626
1.621251
5.648553
1.388903
4.942144
4.984278
5.78798
6.295672
2.795229
5.482551
0.5116458
3.783244
5.471056
5.166834
2.527053
1.995344
5.269377
4.409676
6.545315
-0.2563099
1.289706
4.490728
5.320209
5.827976
0.2300829
4.970972
4.279364
4.092866
0.2055631
2.145618
-0.09956578
3.469701
5.905964
5.720964
2.168416
0.5031268
5.237605
-1.772701
-0.0955157
0.4462165
-1.883228
5.797267
4.604632
0.9464082
4.728102
-0.1532181
7.260865
-1.188495
4.6924
-0.1353348
5.233071
-0.7034723
4.315623
3.411276
1.37405
0.6116302
-0.4065365
-0.9368742
0.5978582
5.585
5.205786
1.467367
-0.7466112
10.53606
-1.409617
4.142413
3.470249
6.455298
-0.1811552
5.934605
5.229316
3.981565
5.278089
0.6730662
5.950441
6.486511
1.965002
5.381329
-1.226324
1.973964
5.972516
