-1.450042
4.934718
0.01876666
6.884522
0.3377415
-0.5246124
4.883683
5.173889
-0.2466791
8.135913
0.04253748
2.459004
1.074599
3.876242
-0.4049723
3.940798
5.155597
-0.4673406
0.4548166
5.688069
0.00367517
0.7608412
-1.921847
5.582154
4.494997
0.8966959
5.691699
5.148887
-1.331813
4.368893
0.1745936
4.794511
0.03615813
-0.3115552
5.827768
4.700582
0.4885687
5.847504
-0.08680524
0.224097
4.829426
4.161624
0.507538
5.456729
3.428864
-0.04765565
-2.156502
-0.1891702
0.3651497
-1.116147
0.1453298
-0.9433286
-0.2745118
2.922512
6.023227
7.065612
4.566187
0.5187854
4.504414
5.194967
3.365549
1.088917
0.3147203
3.319227
3.121302
2.920276
4.733679
4.865814
5.696949
3.500414
4.378617
-1.469398
4.445323
-0.5437009
1.859855
0.495101
3.595835
5.670546
6.920057
6.103436
0.4995537
5.833081
4.942763
1.494566
4.10134
5.809496
2.172032
6.735159
-0.5311612
5.961775
0.9223772
5.833258
4.735009
4.069274
-0.306758
2.357411
5.587279
0.9203671
-0.09039182
-0.1838848
5.80931
5.823351
3.153806
5.432416
0.1410146
1.442616
4.351009
4.965533
3.299463
4.863505
1.051835
-1.128006
-0.5162238
-1.671699
0.1004791
4.216113
5.903873
3.752594
6.077839
1.028684
5.108285
-0.04442521
3.630006
6.992443
6.807465
4.885529
0.2097993
0.129867
4.505647
4.473991
-1.584668
-0.4405226
4.294175
5.585458
6.007194
4.920344
4.867917
-0.03974713
5.395955
0.6658114
-0.3537164
0.9017245
4.467982
0.5589007
5.473824
6.542761
5.39201
5.92843
2.28456
-0.7164227
5.504925
4.145846
7.995528
5.472838
5.703874
0.130291
0.2911096
-0.6304374
1.46147
0.6663411
-0.3264493
4.421253
5.68238
5.344852
10.36005
0.7632474
5.187503
6.08601
0.2191304
5.715148
5.140814
6.991791
5.025306
5.809492
4.453822
5.262722
-0.6484024
4.338204
-1.522732
5.07406
4.946021
-1.298532
3.343996
6.358109
4.771145
-1.543368
4.193047
-0.08619718
3.963615
4.646991
1.145612
4.833659
6.882995
4.15585
4.713959
6.175804
-0.1946502
0.2539364
1.537861
-0.6394056
3.929082
5.904656
4.411335
0.4571555
5.157678
6.416858
-0.9313132
5.365308
5.939951
-1.422494
3.555666
5.286417
5.180352
5.760109
0.5655721
-0.201862
0.3671328
-0.6156947
4.548822
3.585701
4.099067
4.959299
7.8572
4.265314
5.049622
4.800157
5.968668
5.405256
3.773387
4.536406
3.045898
4.944208
3.829856
4.045477
-0.3183378
5.296942
2.868473
6.161313
0.300533
-0.97688
4.365917
6.019423
4.432414
3.638834
-0.5394277
5.165687
-0.5283486
0.4966555
0.9925214
5.026098
6.23642
1.875814
3.693161
0.8644941
3.737749
6.440032
4.992085
6.535945
10.31627
5.472123
1.017978
0.2823537
0.4254053
0.01750289
-0.2944458
-0.3019322
5.243209
1.870468
3.513289
0.161368
-0.1429817
-0.5350644
-2.316251
-1.332455
0.3061495
3.345911
-1.968254
4.537006
3.678512
7.539802
1.700232
0.4001776
4.853635
1.54258
-0.8212428
8.34985
4.7622
4.50782
6.798954
-0.1932661
5.246147
3.59157
5.411271
5.671946
4.852622
-0.4394553
0.2979125
-0.1363262
0.6623249
-0.7879554
3.016613
4.398801
4.992017
5.48541
0.5784982
1.19543
7.591288
6.494541
0.7535593
0.3608514
5.107164
5.02046
6.25375
5.281064
4.507768
0.1287678
-0.9421296
5.40873
5.415718
2.012985
6.12222
4.183641
6.164596
6.15604
4.872356
1.31896
5.506794
-0.3171476
0.09127847
5.770757
5.179984
4.673954
5.432672
3.912158
4.404885
0.7731696
4.991333
4.417121
6.561502
4.503583
7.808421
6.229087
5.758398
-0.6654299
3.957053
0.002753262
3.750087
5.392242
-2.394862
5.124119
4.149313
3.747294
3.639517
0.8987347
-0.6629301
4.304069
6.388216
3.338338
4.771454
0.8166242
4.574315
-1.613547
4.170666
3.399084
6.302344
6.225933
4.780049
4.912842
4.749735
4.718506
-1.217639
5.81886
-1.524459
-0.9612756
5.229248
5.25175
0.4175656
5.691903
6.035082
4.692596
6.886102
5.132777
4.037101
4.278706
1.287757
0.5561947
4.997369
1.769778
5.271546
-0.3811085
3.685498
-1.074927
-0.1577523
4.771485
4.673864
2.600874
6.518432
-0.8071664
-0.9828833
4.022969
0.8707361
-0.03368265
4.812148
6.283819
-0.1987008
6.349635
0.1215802
5.240293
1.448828
5.41939
0.02284634
-2.081454
0.4233213
6.245675
0.5920076
4.832286
-0.4637298
-0.4484635
1.604903
-1.983499
5.881908
3.933826
4.106531
5.410576
0.1559568
5.232992
1.022348
4.557787
2.563132
0.7737511
4.204352
-1.424141
3.766278
0.07624415
3.978169
5.343123
2.07339
4.501035
6.685354
-0.6117433
4.487804
5.167318
6.797993
5.163907
0.8513861
-0.907544
6.426835
-0.6451983
4.576907
4.028107
2.153263
5.827997
5.138108
3.261089
4.161239
-1.231668
1.616754
-0.9164092
6.285952
5.443184
5.313405
4.974758
-0.8822139
6.749022
3.010033
6.046604
1.563232
8.395425
1.118219
4.444566
-0.7571628
1.272102
0.143899
3.766322
-0.2838641
4.21888
7.061987
-0.07213486
-0.531231
6.018558
4.647246
1.631332
5.315436
5.715304
3.724239
5.243798
6.596386
0.7298627
-2.366302
4.104914
1.346432
-0.6739083
3.494185
4.581866
1.184991
-0.6062527
5.436945
6.675563
4.447801
6.224655
