4.640449
4.955691
4.857307
3.415848
5.634787
0.5872048
-0.6912213
-0.07315491
4.612997
3.938951
4.471415
5.249407
4.60483
0.483327
4.963605
6.15617
0.3667566
6.83355
3.360621
5.724879
-0.9867108
3.717348
-0.3760978
1.870341
-0.6958055
3.597568
5.658513
6.168849
1.158095
3.199622
3.073915
0.9695719
1.502734
-1.113806
3.919656
5.05526
3.964521
4.404186
-0.5548921
4.543529
-1.652015
0.2069096
0.3553827
4.143539
-1.483785
5.240042
-0.1643846
5.355004
5.597427
4.271424
9.936285
3.634803
10.42301
5.299803
4.204671
6.329975
4.639449
5.104747
4.779524
4.541391
0.7481607
6.544673
4.47469
4.116783
4.299552
4.389349
6.341407
0.06904312
5.827747
4.730322
5.080486
0.3288428
-0.1767019
-0.6410432
3.681497
5.108175
0.9202951
0.4757278
6.392298
-0.1161712
4.165336
-0.3920691
5.859886
-0.1955356
5.300652
4.763598
4.353582
1.730787
1.54077
6.806917
-1.029635
5.427755
2.811381
5.580887
5.743493
5.53854
-0.2651124
0.3306894
0.186361
3.848686
5.446923
-0.6563055
-0.2604724
0.7784383
5.401926
4.34828
1.367607
3.657141
0.8075627
6.67211
6.139352
-2.136982
6.190835
5.732959
1.573937
4.894539
6.374872
1.116726
6.437098
4.726491
0.3381339
4.29647
4.822137
5.252684
-2.008205
3.417549
4.669734
4.860424
1.557297
5.017635
4.298584
-2.354643
-0.6025852
-0.2761333
0.7196556
-0.8414212
4.611888
-0.2314552
-0.400014
5.883953
-2.087715
0.3570384
-1.061565
5.246232
1.968226
0.5160234
-0.6908332
5.892208
3.27824
4.658106
5.493731
3.912409
3.949302
1.523314
2.965076
6.387389
-1.193346
-0.7811344
-0.7211398
0.08854692
0.6321684
-1.470893
-0.9763163
4.015785
4.681939
5.434244
6.796758
4.157034
4.450458
4.749523
4.960167
9.280846
0.2178836
4.82687
4.620586
4.847701
0.3560374
5.282182
6.118013
-0.4459015
5.236257
6.355831
-0.6980292
1.324195
0.5633216
5.603286
-0.527288
7.170285
1.445437
0.3764109
3.788556
4.590326
0.4514244
6.777993
-0.1605512
5.511893
-0.1575252
6.291912
5.595678
5.54107
5.044096
5.238619
6.291887
-0.1314535
5.351197
0.5765555
4.479101
4.867402
0.9941432
5.175172
4.969114
3.657976
7.136655
5.086619
6.665583
4.693029
0.7013299
4.081866
0.1954305
0.6802791
2.694005
5.456569
3.839346
0.4607976
-1.549652
-0.448456
1.304794
0.2899562
4.974793
4.168683
1.025109
-0.698146
4.897572
3.616828
4.976717
4.812589
-1.006927
5.356479
-0.9115846
2.968233
5.594782
0.6676409
0.7296365
1.002371
4.365832
0.8739973
0.3911657
4.010307
-0.510634
1.787539
3.746517
7.905244
-1.881262
4.498988
3.965341
1.725723
7.705928
-1.298774
-0.3102956
-0.2038059
4.973562
1.6999
5.515029
-0.9800547
-0.7447999
6.023432
-0.8034562
0.9582321
6.251028
5.721307
0.239909
6.154792
4.866573
-1.183838
0.763741
3.864374
3.10198
5.775275
3.324953
-1.545613
4.569338
0.9172538
-0.9777731
-1.367522
1.130135
5.440899
4.618554
4.870475
3.631126
4.769593
0.6473096
3.92775
4.03647
-1.37522
-1.851811
0.4427011
2.156927
1.191991
1.212247
3.758941
5.527411
0.01453498
0.5550193
4.819978
3.642269
5.304239
4.555601
0.2002096
5.500428
-0.05099877
4.0081
4.468195
4.929017
4.554484
5.781772
2.484918
-0.7648948
3.869713
0.4445766
-1.222472
3.669112
6.459701
4.94405
0.2621389
-0.451002
-0.5994658
-1.303057
6.425207
-0.3843943
6.5097
-0.8326569
4.352858
-0.300502
2.868593
5.826629
4.87125
0.9531513
5.081958
5.010756
5.805858
5.171497
0.7758684
1.125851
5.435245
2.437759
4.972885
2.526853
4.239067
4.361946
-0.6927518
1.688761
6.736605
0.2576814
-0.09037456
0.9859105
4.165243
6.329909
3.23258
0.5697748
3.902097
0.782262
-0.7244437
7.642387
7.323577
-0.1915787
4.099716
0.9262377
0.04060482
10.37758
6.118307
5.684144
5.486708
5.422715
-2.315295
5.19296
1.585938
6.740599
2.851056
5.054047
6.118161
4.542823
3.510188
3.541485
-0.04277745
5.48583
0.3820889
0.2581456
1.220374
1.10205
0.1436972
4.188203
5.810568
3.906793
5.009429
0.1488275
4.483264
2.808406
-0.1870286
3.571332
4.19816
0.7076759
-0.2760295
2.43968
-1.486904
4.315786
10.27421
4.596417
-0.2385853
1.596275
-0.5958197
3.62728
-0.4296819
5.988412
5.144295
4.557597
4.727057
3.215418
-2.110173
3.810429
0.9437934
4.707127
5.594677
4.763435
4.214806
4.420184
-0.2813511
5.598635
3.999294
6.675734
0.3774142
5.729545
-0.0555908
5.194174
-0.5282148
6.36581
3.601071
4.415905
4.195325
3.924971
-1.593178
5.254909
5.588245
6.147152
5.061625
4.780634
0.8474949
4.249898
1.120843
-0.8059378
3.558751
-0.9521447
0.5487376
0.5667901
0.6465817
3.507536
3.990125
5.201407
0.04517014
6.698926
-0.1109396
-0.7946113
2.181554
5.204149
3.841974
3.581408
5.60055
0.6537766
0.4815651
-0.5697906
2.680802
8.101138
1.356056
-1.277411
2.459031
5.133454
-0.3668856
5.674662
5.921629
0.01914047
6.15141
3.874364
-1.330417
5.35522
6.287167
-0.744169
4.82707
-0.6762617
4.294693
3.519394
5.508394
1.435969
3.844951
5.478429
4.731046
5.855783
7.161048
3.238637
-0.6371238
4.893676
5.87594
4.322592
4.840826
0.1447957
-0.9033247
4.158627
-1.632135
6.437901
7.15714
0.537568
1.563416
0.6802994
-1.601771
-0.7931292
-0.8943763
0.2886405
5.797942
8.650783
4.232679
6.28058
-1.541185
7.75641
5.54787
5.726501
4.699754
0.7430709
4.838579
4.59189
4.710112
2.162851
-1.0367
4.66222
5.324381
8.098644
0.2666675
5.631944
2.030958
0.3824602
4.834302
3.817292
-0.8535538
8.297883
6.254783
4.166328
3.988225
1.123491
0.2206796
6.120772
-0.6842962
5.490742
-1.752128
-0.4277678
-0.1356865
6.151205
5.441898
4.213434
4.480649
1.154848
4.681695
5.239237
0.3395055
4.782903
6.531006
-0.9265329
6.90346
-0.1189204
0.06512587
4.174122
3.243932
4.680806
10.63821
7.139174
4.093506
7.470977
4.19939
0.04455978
-0.446778
7.281486
0.06538759
5.072065
4.666749
9.688194
-1.879638
6.329591
-0.6524644
-1.229163
5.548431
-0.7219317
0.2153666
6.226368
8.237783
6.278935
-1.414953
0.7421238
4.919402
-0.1083892
5.648422
5.175678
6.173183
-1.374513
7.237372
1.934049
4.380229
-1.144302
1.116463
0.01440955
1.714629
7.196403
-0.2835
11.68782
1.625194
-1.182578
5.726699
1.057639
4.829851
-0.0509437
-0.04129068
4.535682
6.428758
4.850297
0.8720006
5.92507
0.001455395
-0.028495
4.490481
4.416131
4.913448
0.2211939
7.375357
0.07014978
4.137219
4.63664
7.704925
0.8959337
0.3332175
0.8640425
5.947994
0.3633043
5.242942
4.588177
-0.3897751
4.760413
-0.1763802
4.657563
1.375369
5.450936
0.4977562
-0.2880302
5.849929
6.146
4.823722
3.388309
4.900094
-1.733756
4.244827
5.228718
4.931028
4.764146
-1.523021
-0.02697392
3.262577
5.446202
2.676452
0.2076452
5.412872
5.801792
0.1888861
5.121622
6.197302
3.409135
-0.8773962
-0.009160904
5.4191
0.09210453
4.129453
2.500665
0.5805619
2.509854
4.076873
-0.465337
4.298869
6.181038
-0.6716051
6.105266
4.424466
-0.9351163
5.315394
0.1661143
0.7575969
1.225435
3.649845
-1.90061
1.157644
6.604371
0.6733512
-1.515697
0.6978044
0.2602321
4.593631
4.096298
4.48658
5.278052
4.487592
0.5576708
6.540484
4.216707
4.494864
-1.683825
1.832502
-0.2222289
5.516197
1.647274
-0.8243276
5.316894
5.973321
5.4137
0.1400135
6.72118
4.545014
4.317783
5.986882
1.276421
-0.5573442
0.2369925
5.868825
2.745529
-1.489802
0.6040426
0.5744189
4.895903
2.544171
7.372259
0.7214821
6.41423
0.07952592
5.771855
5.254775
3.923
-0.7312013
0.9263357
4.086742
0.760603
0.5737276
-2.243173
4.676176
-0.1611459
5.107804
-0.4571723
5.019631
4.657172
-1.831098
0.6467916
5.396288
4.162813
4.64267
-1.68658
0.6764891
0.3028068
5.045232
5.935729
-0.4400575
-0.2879168
1.680742
2.450364
3.940272
4.812957
-1.372832
-0.1522134
5.247804
1.516858
-1.35505
-0.4296793
4.233649
-0.6915792
-1.679632
-1.275717
5.837085
0.1322923
0.05801391
3.149341
3.183636
-1.594186
0.09432734
6.517979
5.339882
5.797489
7.320223
-0.1501512
0.2433739
0.776354
5.250221
0.1156305
-0.3446426
0.3681327
2.352076
5.147247
5.179778
-1.758302
5.983779
5.907302
5.4912
-0.416083
4.424851
4.461791
6.76615
6.141816
5.940802
5.895488
8.912432
-0.3399691
6.878421
5.855265
5.856637
-1.407523
0.05265761
-0.02953365
4.265361
4.601443
-0.692402
4.356654
0.1241821
7.242751
0.153441
0.2298747
0.1190726
0.3289812
0.4041306
-0.04969398
0.7413505
5.437084
6.20828
4.547965
4.570063
-1.45533
-1.402407
4.888528
4.032286
0.1527463
5.603848
-1.425887
-0.328633
6.859065
0.7249603
3.884735
5.274883
7.417835
3.437473
4.318495
4.716576
-1.690354
6.055798
1.423827
5.480751
4.79163
6.048891
5.274607
-0.1745763
6.386101
5.052734
2.672546
-1.648721
8.247894
4.075138
-0.6315277
0.7741398
-1.230897
6.57824
5.329378
-0.9442005
5.884146
-0.3297781
-0.5517526
5.218129
1.35655
0.2479449
-1.850799
4.020771
0.4256911
-0.9800485
-0.5570058
5.001987
6.583062
4.57929
4.157855
-0.5172388
-0.5303895
4.104384
4.057602
2.363875
6.526069
4.233347
6.102358
5.576436
4.759321
5.451418
4.616514
5.352547
5.02222
2.294915
0.802263
0.7056543
4.286013
5.369266
2.440259
3.201372
5.28458
0.7806391
0.2502281
0.5851889
-0.144159
0.495098
5.358712
1.24305
0.03796889
3.681869
5.261862
4.500606
3.692766
5.314007
6.139771
4.118572
5.99345
5.264543
6.214498
3.539977
3.073848
0.1888168
1.399011
-0.2815594
5.754689
3.94884
5.761366
5.048413
1.256469
0.9231493
4.026934
5.968375
-0.06817909
-0.1713565
6.122308
6.244891
0.2969528
0.6682008
-0.7334993
-1.769037
2.0776
6.654821
0.5063148
6.117636
5.515128
1.40753
4.151795
5.925106
4.35386
5.001115
7.058509
0.2321626
5.30209
2.851737
0.5950436
3.863657
1.654033
4.729067
10.35512
6.916659
0.7850082
0.1388428
5.304224
0.1599082
-1.294777
6.163973
4.279141
0.3972542
4.718665
6.15231
5.417443
8.862584
4.701874
-2.015131
5.460844
0.5507277
5.865446
0.253033
4.939553
5.039641
-0.9007236
5.066546
6.387861
4.621644
-0.9718004
5.373952
-0.1816021
-1.201737
0.7695195
3.307537
5.60351
5.200505
1.271349
5.495193
-1.840835
0.6900167
0.8171696
5.647453
5.827737
-0.4874223
-0.001568632
-0.5636242
5.780043
-1.481999
3.661802
-1.053817
-0.243151
6.619099
5.891829
4.901287
5.469475
5.99427
4.899466
6.393228
9.284249
5.597073
4.572224
1.602697
0.5554078
3.608391
4.531601
6.439111
0.120143
5.182338
0.749069
5.298214
-0.4821778
0.9383076
0.4206805
5.126786
3.518753
4.359305
4.475729
-0.6276793
3.727944
6.170024
0.7038433
4.666006
-0.2711654
4.848705
4.683291
5.617254
5.154758
4.441958
4.35634
1.245238
5.554814
5.924778
6.264693
-0.05606184
5.687363
-2.438457
0.4838915
4.361784
-0.3660008
6.043126
5.471419
0.2978416
-0.4695846
3.831153
4.911321
0.08213793
5.174995
2.85303
0.8087927
-0.04953852
8.91704
4.882791
4.621652
-0.2688463
0.6958507
-0.2539678
0.1487169
0.7186387
6.29412
5.550756
0.02368066
7.113022
4.854715
0.5774584
-0.8788672
-0.3514243
5.801242
1.072021
5.979975
-0.1174917
0.5568734
-0.4738207
5.697586
-0.5395732
-0.2148509
0.5747198
4.403166
0.5552841
5.605736
5.259864
-0.4487245
0.1947458
3.893562
-1.171193
4.058774
4.320954
5.324417
0.4652763
3.863051
5.556882
-0.06033275
-1.760995
0.3448043
0.4508084
1.126374
5.279104
7.460784
4.272291
0.3372449
1.523966
-0.7565399
5.857893
0.9844983
5.594289
3.965235
5.116454
4.476648
4.878781
0.3233387
0.8677149
5.777848
-1.193708
-0.4205492
5.062731
4.319341
6.674772
-1.822738
4.691761
5.948999
6.147014
6.904103
4.563489
3.516112
4.43344
0.3092994
-0.05096002
5.003804
-1.286678
-1.212087
5.389473
-1.172657
-0.5546504
0.7955762
1.658955
5.358363
3.745416
-0.07515529
4.912622
4.893498
2.027992
-1.127309
6.493262
-2.653718
6.029163
-0.8142704
6.839629
5.665467
6.150533
0.9955893
5.502276
1.140468
1.100408
0.6088943
4.173267
-0.4797609
-0.5857986
-1.355355
2.138984
5.874294
-0.8018526
-2.419465
4.540898
-0.006592311
-0.6994522
0.8290584
4.231081
5.578589
-0.2410556
4.292592
-0.1014174
5.334403
5.554411
5.258745
4.159114
4.6219
0.2916378
-0.1845035
6.500276
5.889057
5.167664
4.217069
0.1017211
-0.7570062
4.45197
4.162027
4.432211
4.956366
4.96281
5.447366
0.439954
4.836212
-0.01230138
5.477304
3.734188
0.722837
-0.2100144
6.872201
4.173314
0.9249442
0.6662268
-0.33372
1.579084
4.743354
0.8480229
6.14717
4.44038
-0.5396436
5.426814
0.004211152
5.85072
-1.574101
3.816492
1.564604
1.396744
6.316302
2.467971
0.8122204
0.4605895
6.025566
0.2674688
-2.073454
3.627759
0.2934037
4.843862
5.232015
0.04260147
-0.9253648
6.476913
0.4898449
-1.486096
3.701183
4.017544
4.358759
4.058139
6.230445
5.134079
1.258156
5.063983
4.932391
5.002884
0.3085662
5.795527
0.6327926
-0.7419626
0.06283331
-0.539739
6.047096
5.471107
6.155239
-0.7110801
5.247485
8.173241
5.642622
-0.742604
7.792725
5.217359
-0.1819474
-1.281506
6.401539
0.5442145
1.674784
2.94239
5.869158
5.402879
-0.2289937
6.430297
-0.7477457
0.7046684
4.827823
4.830159
1.727281
-1.949419
1.767075
-0.4294422
4.48636
-0.7667645
5.29654
-1.35202
5.439844
0.7404777
1.651503
-1.256366
-2.493288
1.088905
5.406521
1.125744
1.237426
4.39751
0.8150309
6.350866
5.881657
-0.03510126
-0.6145408
5.624435
2.910991
4.025204
4.963575
-0.694216
6.283372
0.9743521
1.799071
-1.715763
3.600898
-0.8892892
3.728434
5.845524
5.482479
6.070712
4.927682
4.209714
4.679287
3.970605
5.411348
4.232045
5.353619
6.848333
5.63975
5.202571
-0.5403875
0.887825
-0.08584023
6.769355
6.231887
9.178157
-0.2334477
0.9776996
2.136633
4.952694
-0.8735705
-0.7311314
5.635639
10.246
-0.05810833
5.326717
4.836885
4.999454
0.5881229
4.351113
-0.2953579
5.663209
-3.168615
1.713509
0.6263207
-0.8010788
2.654527
5.065983
5.620324
4.388054
-0.2595514
6.14219
4.341406
6.240134
-0.7692232
-0.539602
5.983519
6.645284
5.635411
5.95235
4.912832
1.380606
3.519471
10.54049
-0.1226273
2.920391
-1.087261
3.227754
5.244248
0.7562606
3.718913
4.365072
6.182232
6.280032
-1.34505
-1.70742
4.421033
0.7727817
-0.966369
5.083041
3.607517
2.960729
0.3969717
0.1536723
1.193802
5.139552
-0.04461096
3.737615
0.7854052
-0.9237264
3.218561
6.039262
-0.3996522
4.069426
6.364194
8.537555
4.734955
-1.259331
4.135295
5.381605
6.574136
0.05578198
5.562524
5.062514
6.789554
9.763175
6.251521
3.184507
4.539977
3.456031
-0.1565866
5.502625
3.995262
6.251477
4.511838
-0.3747649
1.180769
3.048374
5.858505
3.824173
3.478259
0.2903212
-1.126283
3.040588
-1.761204
-1.174293
6.742176
5.187044
4.651223
-0.3473722
4.509964
6.416651
-0.6074687
4.427594
3.592785
-2.069562
-0.3580494
0.5869758
5.169442
1.305448
5.509088
-0.9264972
-1.610594
-1.023543
0.02852632
-0.3881266
3.988361
6.215151
6.001755
4.025513
5.570021
0.240736
0.7253863
6.366496
6.297745
5.106547
0.6872429
4.695242
5.171068
4.383955
-1.260809
-0.7501699
1.834696
3.74546
-0.1215676
0.5321952
-0.6576602
0.8532071
1.342291
4.405252
0.8373597
1.164991
-0.02448951
4.258201
4.98778
4.855575
-1.750164
1.151609
4.43072
0.5126357
-0.9640826
3.790022
3.963315
1.013151
-0.07072297
4.294814
3.7379
5.744347
-0.6093011
0.07528621
4.432112
4.182186
0.2636797
5.655709
-0.7642783
0.5093801
4.714471
2.83007
-0.3538344
0.2319522
3.994056
5.116773
1.127089
0.5002841
4.183222
-0.1262008
1.726877
4.572328
-1.75757
4.507492
3.40061
2.333302
7.345692
7.176512
-0.4735003
4.110745
4.555196
7.988173
4.049646
-1.524058
6.76263
5.310138
0.06020018
5.651083
4.56363
5.431111
5.508536
5.190021
8.301788
0.05078712
5.857392
2.845916
3.055244
2.581636
-0.2374519
5.395442
-0.608561
3.558538
4.840659
6.544367
-1.065212
4.702465
5.713511
6.118629
5.464028
-0.2701977
-0.8556197
1.111248
0.1275976
6.371963
0.1612484
-1.279307
5.444058
4.015546
6.161018
7.333895
0.08565301
3.594323
6.841575
4.222709
5.4451
0.8408176
5.654447
6.216654
0.4492713
5.776746
3.766703
-1.101126
-1.651674
0.01865221
1.161948
-0.8466591
4.530944
-0.2413778
5.928846
-0.7435326
-0.316516
3.838112
5.290022
2.363571
0.00628736
4.510749
0.7157322
7.712615
-1.861574
6.253367
6.945133
3.218009
3.818502
1.378045
0.6876697
0.2362686
8.80017
0.4908709
-0.4701797
-1.860616
7.023939
5.059947
6.013987
-0.07018801
-0.7233557
7.169667
-0.1521178
3.976158
4.783371
0.5918249
-0.2481017
5.074191
5.650894
1.782986
-0.07755564
5.837745
-1.303234
4.509824
0.339205
5.335106
5.386344
6.581739
5.22382
3.642484
4.816426
0.417255
-1.245737
5.97917
0.1525443
0.3484066
5.497363
5.62382
-0.1185979
-0.5309612
0.66848
5.134626
0.7398073
4.368124
-1.911868
8.458803
1.13761
8.890826
2.740637
5.98571
4.51908
1.004323
-0.267622
0.1832356
0.04713325
10.18309
4.597311
0.05770214
6.400699
-1.245871
-0.8374676
1.937851
-1.310622
1.896617
0.7830819
1.311873
4.769921
5.210236
-0.5466836
-0.4346938
4.305325
5.326296
5.17811
4.297375
3.495956
7.645723
-0.06766071
1.043634
4.786854
-4.216455
4.459287
4.210377
-2.730016
-1.005404
-1.744174
4.576916
4.09592
3.406268
0.3520773
-0.3475835
5.237823
9.996638
5.308163
2.829215
8.696827
0.8465899
0.1948447
0.1145638
7.423757
5.244388
3.628162
-0.2914865
4.261032
-1.309553
-0.8594101
0.008066003
1.425158
5.918202
8.633457
5.195398
3.88173
8.71424
-0.04708201
4.394192
5.596512
1.306577
4.835717
7.407938
7.788671
3.812516
5.141651
1.833498
-1.710853
3.913507
9.463979
-0.5614819
-0.9563544
0.6565088
4.755362
3.200242
2.106158
0.4052065
4.163698
0.07298507
-0.4341145
5.311451
-0.764055
3.82828
4.206024
4.47762
7.113994
7.284686
5.196566
-0.1166068
-1.112794
-0.5036061
5.883355
1.483763
4.074133
6.106488
-0.03170666
0.8382413
5.5705
5.760537
5.41963
4.412366
5.209013
-1.010715
0.4108423
3.717347
-1.428106
0.4205756
5.85244
0.09598866
0.06271517
-1.214663
4.353304
0.1023957
3.770252
5.674899
6.356178
4.664746
4.458027
4.3633
3.98364
-0.1905292
1.323875
0.472392
1.698565
4.815214
1.849026
7.208847
-0.8355792
0.6811422
0.2007077
0.06146178
5.195634
0.6433883
1.411466
0.9028578
4.897452
3.579275
-1.22389
6.215883
5.617656
4.049488
5.305289
3.172144
4.537827
0.718431
3.800643
3.395791
4.007293
0.9743483
-0.8303536
1.108292
3.044153
5.778693
5.032308
-1.192538
-0.4193511
4.62107
2.400329
4.278301
4.902259
6.010724
-1.198603
2.949025
-0.4457536
-0.7934743
4.237005
5.647891
4.731672
0.06438219
3.986181
4.152146
5.246668
6.587594
2.350208
6.341832
5.460449
4.160697
5.113401
4.646058
0.3114141
6.117899
4.145346
1.216161
-1.707079
3.296035
3.242342
4.686351
13.99354
4.114999
5.696045
2.818953
6.260827
-0.4182935
-0.8054937
1.807567
4.750428
3.656452
-1.283353
4.745094
-1.124542
3.854828
7.486139
1.154473
-1.559813
5.656032
1.064495
5.981937
3.821138
-1.17296
5.218355
5.397545
6.252679
5.142146
-1.598519
4.64898
4.040126
0.4347104
0.3234115
0.6441127
3.880473
1.455717
0.687271
3.449772
-0.4022226
6.164858
5.03458
4.286659
4.785045
6.584585
5.680196
-0.7069786
-1.423482
3.409633
-0.2919434
0.7557674
6.160105
5.942835
5.752646
-1.091218
6.807033
1.889175
4.802825
3.230659
4.725838
4.556336
0.8426455
6.007323
5.377436
5.703318
9.726873
1.315876
4.469199
3.869528
5.524638
0.8739956
0.9786301
5.659056
3.035114
0.9670079
0.7195663
6.748066
5.639065
3.934569
-1.362561
0.8523032
7.18259
4.537602
5.944888
5.860491
0.4549386
4.411067
4.262402
-0.9543007
10.46791
5.581981
-0.3622205
1.683256
1.740965
-0.6181507
3.165791
4.77914
1.192458
0.06230471
6.556002
1.354743
-1.300516
2.856674
4.949557
6.140003
3.909526
4.377343
5.001803
-0.5682231
6.25506
5.245491
0.5224258
4.136074
-1.750022
-0.6472914
-0.8722923
0.03965121
0.5683303
5.915677
5.054414
4.01851
-1.387891
5.337655
2.983552
9.232833
4.138983
5.857623
0.6070961
0.7897361
0.2067394
1.378921
1.229734
5.69391
2.898991
2.295915
5.405429
4.166773
0.5793852
3.62818
1.469075
-0.02771126
1.847565
4.607903
5.57085
1.182272
-0.896621
6.110755
1.014891
0.2303067
1.531168
4.747706
5.046164
1.355598
-0.5937514
6.107444
-1.085589
4.983625
5.056488
3.333813
5.006905
-2.348462
0.8343138
0.5553847
6.333796
5.818145
-0.3284998
-0.7193481
-0.1120802
-0.4214804
-0.2026039
0.8643529
0.006374836
5.16193
4.610307
-0.09018576
4.134893
6.129422
4.652876
-1.620698
5.352486
3.946643
1.30711
0.3032688
-0.1147719
5.42681
2.10305
4.176178
4.236556
4.271024
6.01178
5.576914
-0.02444081
5.531084
4.438904
-0.3258344
5.829944
5.487649
3.725777
-1.235689
-0.07145055
-0.7826083
5.38981
1.274294
5.816367
0.4006919
4.476936
0.9752325
0.005820061
3.58914
6.430685
8.517491
1.148365
4.463544
3.992396
-1.198034
4.586695
-0.9809957
0.5446661
4.753538
3.908208
0.7571027
4.307361
4.688922
1.165131
3.99514
5.055389
-0.6542934
1.824102
-2.26801
-0.7797501
1.127168
2.347626
2.866762
6.003044
3.105072
5.821394
5.160205
4.83463
-2.106308
5.027917
2.437237
4.433397
3.10026
3.863357
5.923764
1.98157
5.023174
4.461006
5.147959
5.25746
5.417827
1.152672
4.709043
4.1393
5.252479
4.493895
-0.7901584
-0.01709105
4.049752
-0.04659178
5.104454
5.322933
-1.122185
4.358409
6.037082
4.861298
3.512639
1.515848
-0.1217106
3.814194
-0.488902
-0.5321878
1.327635
3.654941
0.507848
6.048325
6.101165
0.4711333
4.750202
-0.4538845
1.464407
1.760659
-1.242758
5.265074
3.348708
4.907605
0.2579027
7.383416
5.950685
-0.2539606
6.14485
-0.129659
-0.3588728
3.652025
6.160343
6.821648
1.717548
-1.842655
5.694302
0.4095708
1.309568
5.208892
4.922484
2.686678
0.2090694
-1.487239
4.232044
5.5999
5.659172
4.16584
0.6434684
-0.8053361
5.990969
5.250158
-0.4279509
4.43607
0.5589057
5.068403
4.191243
6.077375
6.375953
10.61282
4.063662
5.665944
8.667265
-0.3561937
4.070013
2.241462
3.968254
5.015481
-0.1408032
4.351189
4.672571
6.154384
0.2840761
-1.019841
0.9801677
4.646408
-2.299614
5.082627
4.789653
5.853128
-1.105571
4.658237
-0.6947976
3.034796
6.097048
0.09850639
5.19933
5.587661
-2.596458
5.435472
-1.51379
4.484213
-0.2831804
5.352618
5.590351
5.112881
-0.5916662
4.916611
0.3583857
0.965056
0.7168146
1.053961
5.83526
6.815134
-1.800045
5.08799
-0.06016805
-1.252379
-1.141447
4.408149
4.386688
5.08777
4.914921
0.3201046
4.851941
7.134779
2.288539
0.1026982
4.206639
-2.408974
5.609008
5.47174
6.318516
0.6962544
-1.119086
0.2661106
-0.4269485
6.195116
-0.9666619
3.612996
4.174673
5.077402
3.787402
4.682703
1.179596
6.01175
5.323427
-0.2554851
5.40862
3.181359
5.269686
0.6427397
6.871469
0.1608218
4.449251
5.108047
1.41708
0.2005197
4.076041
4.060148
5.561666
5.231937
4.212598
-2.345861
4.988482
3.981159
-0.2228934
0.4988293
10.70121
-0.02286253
0.9904668
2.069816
0.2514413
-1.897229
4.022101
6.658922
-0.1867418
5.459723
0.3330037
1.374923
4.615307
0.5475372
0.687858
3.359824
3.014204
4.919014
0.1746995
-0.4105879
-0.9240438
1.915241
-0.6184282
6.214563
5.836928
-0.03203477
1.255874
5.315124
8.699632
4.118966
5.156674
5.347802
0.05314568
0.9702252
4.585941
4.136611
0.4689056
1.455869
4.643549
3.94815
0.4594016
5.36649
5.689989
6.00806
6.009704
5.472345
5.263645
6.685927
2.041372
4.696314
5.020458
0.9793834
5.734089
3.943427
1.156646
0.2526957
5.450731
-2.408134
2.296524
6.000296
-0.7613
5.780129
5.141534
4.81291
5.766464
4.285723
1.147791
4.26917
6.014207
0.453407
1.206464
-0.3526641
-0.6613915
5.898433
-0.2389115
4.456583
-1.289138
4.74187
5.097784
6.129068
1.027722
0.8873365
0.5340012
5.619783
-0.6844095
0.6213521
-1.687054
-2.501971
4.998119
2.121254
-1.806564
0.8405567
6.016327
3.564653
-1.190709
6.316522
0.3391633
6.919848
4.445929
6.580866
0.01367576
4.846965
5.489193
5.944392
6.052373
-0.5484688
0.3516124
0.1039282
5.033409
4.954949
5.066925
-0.1849843
-0.2969991
1.56361
5.572294
5.55522
1.08089
4.119553
0.8650027
-0.0175071
4.065607
2.261103
4.948107
-1.938045
-0.9396237
-1.368831
2.202648
4.13504
6.216109
0.4272192
5.864879
4.524528
0.2710598
0.8569793
-0.5095007
5.075177
-0.2543929
5.614999
0.02220836
4.80265
5.42622
2.525883
4.979825
0.4396888
-0.4778457
-1.002403
4.922141
0.1789477
5.375941
0.6655766
5.419505
6.381727
4.947332
4.812013
-0.7142243
1.058665
5.156993
5.059521
0.1643619
0.378175
4.211398
4.932618
5.594489
5.080725
0.2751617
3.818254
4.761163
0.1011177
6.983032
3.619569
-0.03480958
5.768747
4.661957
-0.5860508
2.375993
3.403963
-0.7041201
5.602608
-0.4947484
4.10802
4.988339
5.62408
-0.8445135
0.4436827
-0.05051882
6.376812
0.2124449
5.995395
-0.9361613
-0.4472666
5.195943
0.7790802
5.066149
5.035933
6.938526
6.155139
0.4869508
5.455869
-1.089906
0.515013
0.4403314
6.568864
6.432375
5.381266
2.14222
6.238876
0.6552317
5.016244
5.468258
9.832019
0.1240463
-0.5123032
5.06708
6.026405
6.189407
3.65869
0.586988
5.309791
3.890919
3.104971
-1.961275
6.118577
4.471315
4.795709
3.536001
6.449118
2.042448
0.1828067
-1.949072
9.086255
4.299177
0.7375152
4.846994
-0.4105339
4.095909
4.330067
0.8962037
6.071689
0.1182962
3.309181
-0.6013543
3.727144
-0.3808404
5.381958
5.769205
-0.6866081
4.876532
4.957157
-0.4486482
2.962096
5.620544
-0.08125762
4.690562
4.911642
3.974099
-0.09607691
4.527981
-0.7708424
2.975144
4.106953
1.30005
5.184716
5.960002
4.867022
-0.02410956
6.920217
-0.9678747
4.448932
3.992573
4.258147
4.146919
-1.283581
3.914202
4.539391
7.840106
2.884882
-2.80392
5.550708
5.395968
-0.4591623
4.309195
-1.847715
-0.6741439
-0.2795435
0.1093244
-0.6169657
0.5128283
4.920816
5.259292
5.181829
6.061921
5.185492
1.023402
5.005241
5.542564
1.543452
4.74146
3.808014
4.474862
6.031057
1.631732
4.42851
5.491892
5.577747
2.089954
3.939272
4.762048
4.620254
4.289929
0.1572592
1.406536
0.4143976
2.738276
6.035612
1.453516
4.972475
1.618967
4.115392
-0.5152675
0.3927788
3.719629
1.712147
-0.579127
-1.243755
3.593897
-0.2072619
4.082891
0.2809407
5.521027
6.037484
4.591446
4.457193
0.5782094
5.98028
3.747856
3.001281
0.1682478
4.005597
4.873518
-0.2338131
6.455258
4.592299
9.769483
6.074755
4.433649
-0.3614379
-0.4878756
0.6175685
1.015179
6.598863
4.645029
0.2090517
6.62936
3.951181
1.164166
4.856049
1.134481
5.455396
0.6771085
6.613156
6.813339
5.726908
5.745551
5.199086
6.700334
-2.412573
4.014258
1.690015
0.1404184
-1.403317
0.125712
0.2999774
-0.3085254
5.629093
6.495485
0.1240542
4.588955
1.676701
-1.051663
5.393786
4.657089
5.024199
6.172951
5.6495
0.669558
2.178215
-0.4621113
5.985741
2.94965
-1.433068
0.3710592
4.499813
5.761383
-0.2971754
3.879882
1.797015
5.528408
5.508269
5.737456
3.522033
5.221035
1.177846
4.339294
4.884025
5.084902
5.407365
-0.8008896
8.99438
4.146528
5.286465
-0.5018744
-0.1491979
4.404459
1.938083
1.004544
4.169107
3.744015
6.810048
5.899627
4.961594
5.315059
0.2176026
-1.125548
5.605718
5.610266
-1.718861
4.245247
3.76961
1.003446
5.007834
-0.192656
1.3901
3.440301
3.970501
3.271959
0.279551
4.69089
-1.060954
6.529983
3.477833
5.846838
4.060153
1.50901
1.865762
0.1131334
-0.3623816
4.263432
5.019171
4.518231
1.043238
5.379067
0.1886391
0.6440766
3.544125
6.27981
1.522745
1.115956
5.582555
-1.88724
4.346555
-0.054666
6.148701
0.8776752
4.728973
4.427782
0.1981839
0.8658848
4.069818
5.296837
3.949636
-0.012593
-0.5485963
1.589806
4.350807
-0.03699735
-1.463849
5.201441
0.1010604
3.969519
4.994613
4.751593
-0.2664586
4.537104
5.793486
3.955838
1.741773
5.431742
-0.3952842
0.1970415
3.566299
3.865055
5.208117
5.340798
4.499934
4.108504
-0.5214808
5.501962
8.971146
-0.4044553
0.5725774
4.111546
5.558603
2.942299
0.6391248
4.842593
-1.033236
-0.545283
5.4716
5.772202
0.7065888
4.237638
5.691904
8.634135
0.2146007
5.095378
6.284368
5.031184
7.691778
5.360137
5.168705
0.9616076
6.755816
-0.3808675
-1.284081
0.6203292
-0.2567122
-1.485323
5.636098
-1.238834
5.02691
0.756163
5.967787
-0.5433475
1.546151
4.656967
-0.1874258
5.232433
6.212294
2.955935
-1.436948
4.894691
4.879696
3.528838
-0.9045231
3.544474
-0.04987572
5.787904
5.938394
5.513559
1.443246
6.080478
2.35211
0.9372686
5.333416
4.94521
0.812617
5.069347
4.978974
4.394971
4.306806
-0.06310239
5.079504
4.817786
6.948989
0.9361384
4.818584
-0.7221379
-2.418416
0.07611076
4.750923
-1.241738
0.8943273
0.1855292
5.722902
5.392329
3.389972
6.378909
4.761532
0.04728705
3.331888
6.111705
5.111709
1.379636
-0.143071
4.005438
1.616836
5.466648
2.645061
4.387197
4.249518
5.942389
5.934974
-0.3495972
5.420203
4.709037
3.451213
6.28929
4.807568
4.071841
2.126091
5.708706
5.206493
-1.704413
4.38796
4.553581
4.941335
4.940673
6.172776
0.7490016
5.689228
4.263023
6.159814
6.811716
5.050419
3.667724
6.658758
0.0257406
4.676595
0.567602
5.89858
-1.041926
2.909593
5.134221
0.9389488
4.579556
5.54974
4.992153
0.3580079
5.30617
-3.12246
5.490041
0.07264155
0.6104336
-0.4987088
0.3788898
2.441639
-1.104156
5.62605
4.882169
-1.056652
5.254722
3.637517
5.548164
3.77727
1.750011
6.250347
4.442194
3.462916
4.883721
5.171285
1.16482
3.40342
0.09632986
5.197124
4.207416
0.03699286
5.868525
12.28586
4.109665
3.959689
5.054458
5.127806
0.1894894
-0.4402598
0.6593142
3.691629
4.016975
6.973193
3.803721
4.991913
0.888367
5.57008
3.189379
-1.029117
0.2227359
4.835608
4.989012
7.980099
5.6084
-1.810636
5.539607
-0.08844939
4.935361
4.499184
-1.222539
-2.003161
5.15762
4.351778
1.012395
0.4451053
6.268052
0.3654627
0.683927
5.813452
5.245668
-2.595751
2.383379
3.991233
0.4450292
1.313821
1.394783
-0.0187845
4.243453
8.888942
4.368136
0.4717625
4.946255
-1.342227
3.696017
-2.017412
1.790882
-0.5593972
4.471162
-0.9604721
4.607452
3.866528
0.02497296
3.610959
6.759653
0.640787
5.99895
4.86424
3.644628
2.618239
7.244088
5.378279
4.881374
-0.03013382
-0.2403697
5.63587
0.6158375
6.410786
7.198639
3.303244
4.108152
0.2444074
5.554416
5.369265
4.693113
6.40019
6.223075
4.417127
1.263219
1.726354
0.5443081
5.30998
1.569222
3.891006
4.465711
5.445256
3.517692
3.566323
0.4703657
0.1946606
5.056304
4.804104
11.54202
-1.768605
5.890481
0.6475138
3.897167
5.144809
0.8064367
4.501795
4.543427
0.7362306
3.015233
1.213634
5.119255
-0.6841178
-0.110817
4.557731
-0.6173411
3.470672
6.3317
4.015117
5.579926
0.4189091
1.515426
-0.5781467
5.024305
3.566454
0.5366601
-0.3941343
0.7546211
0.1824355
1.784851
7.373632
0.5413761
2.844975
3.522608
-0.0447629
-1.027187
7.232229
5.302169
4.78834
-1.015788
4.717444
4.10938
0.4351437
-0.9427198
-0.7666309
5.87821
0.4988923
4.267222
6.272528
6.096632
3.584322
-0.1183652
4.716859
0.2797475
4.571263
1.246399
4.89794
8.175699
0.8993357
-0.7465304
2.0863
4.614148
5.018861
2.594563
6.528868
0.1174144
-0.4269452
-0.4353653
5.810787
-0.379421
0.3302201
5.583635
5.713022
-0.05566243
4.570191
4.837376
4.340034
4.900885
-0.934549
3.212332
-1.229056
-1.461314
6.28682
0.1360068
4.541877
4.660177
5.599392
-0.6632905
5.903832
2.817328
5.614921
5.584288
-0.1563282
0.1767181
5.393758
-0.9035688
6.902002
4.111008
5.101247
5.442279
6.138519
-0.3397087
-0.4364943
5.899099
5.677334
5.171965
-0.8979411
6.345878
6.172016
4.641754
0.5062015
-0.6363029
5.862006
6.237423
-0.9581872
0.07591495
4.395007
4.255733
1.181934
0.4779014
-0.1186344
5.741079
4.294147
-0.9405643
4.670661
4.006327
5.072524
0.9653725
0.3156403
0.4881959
5.2842
5.986695
0.4477246
5.09681
9.509272
4.408283
0.9963723
-0.5217532
4.146212
3.460668
5.321112
-1.871147
3.192237
6.121321
-2.34553
4.319306
1.16243
-1.223244
0.0703083
0.436433
-0.09614184
5.23059
1.180213
3.918774
4.102161
3.458639
5.112889
0.9220257
4.961306
0.7123213
9.337742
0.8390854
4.869149
-1.12816
4.516041
-0.8982258
-0.2921289
3.603773
-0.833831
4.188178
5.720054
1.170264
0.594999
1.937767
9.068839
5.893694
11.97251
-0.5123457
7.13579
3.639636
0.8570941
6.08932
-0.1245387
0.1073031
-0.05824555
1.862298
5.437856
1.214037
4.980989
5.010423
5.492337
5.521052
4.385732
6.456956
4.139718
6.899707
4.376071
-0.1403854
5.663051
5.398559
-1.256777
4.897929
3.749497
-0.1860121
5.865052
-1.27521
6.042046
6.497627
-0.7144008
5.08839
0.59135
6.569084
5.382232
0.4410679
4.463181
2.216257
3.953478
1.647676
1.816608
7.584406
5.348088
7.624202
3.631152
4.102932
0.4806253
-0.177989
2.81795
0.4021781
0.3671434
6.990149
4.377746
-0.9465461
-1.624389
-0.05437616
5.154008
5.277855
4.454951
6.338581
0.4234012
-0.6156251
-0.1775698
-1.96317
5.063737
5.006991
0.7982364
5.471133
0.7975936
3.900853
6.675472
-0.2233565
3.996963
-1.202115
-0.4007386
3.988282
1.885204
-0.06433988
-0.04654662
4.040496
1.853045
1.095781
6.443818
6.143367
1.043628
0.9052895
0.7326432
-0.9948208
0.592697
4.852764
1.594507
1.478488
0.6439682
1.005895
2.745579
2.589937
10.06103
6.77778
4.377393
4.771083
-0.129959
-1.68266
5.512899
4.123589
-0.9803731
5.811272
-0.9840341
3.991263
5.332896
4.377603
6.757576
5.725968
0.7073591
-0.1157417
4.914701
0.4998218
2.842984
1.10282
5.287555
4.188995
4.592142
6.877432
3.530433
1.052845
6.503032
4.897354
0.07650344
6.406866
6.393333
6.100124
6.018388
3.412745
3.6617
0.9530216
7.216885
0.523265
2.970217
3.635481
3.668451
-1.422888
5.18409
-1.52582
-1.058907
6.167429
4.53281
4.757331
4.560926
-0.1088319
4.368332
5.716268
-0.1106763
-0.6949375
-0.669281
-1.284405
-0.0535021
-0.1697529
1.129583
4.393742
4.705266
-0.6849544
0.2556103
-0.6564538
5.131498
3.91696
0.6789098
0.1704303
2.081552
5.388885
0.04287416
5.293934
-0.173177
0.8350275
0.1413428
4.204866
-2.363324
0.6576122
5.28082
6.008578
-1.302023
4.865408
4.801053
6.019496
-1.427195
4.653236
4.782186
1.621661
-1.5923
1.318544
10.55118
4.854048
-0.4932601
4.136311
5.225452
5.009377
-0.1366262
-0.7664833
-0.1855862
-0.7137114
3.78314
4.983619
0.1306112
6.313352
6.252748
-0.6113196
3.004317
1.424854
-0.6072854
4.36647
3.548366
4.628464
6.876184
-0.3234902
-1.910074
5.144469
8.328309
3.476086
1.432122
6.034422
0.6888332
3.90519
-2.736005
5.91547
6.260999
-3.301993
-0.366458
0.955974
0.2264337
4.207591
1.130505
5.604599
5.158904
5.667559
-1.28001
-0.19758
4.603113
4.643031
3.815493
6.836535
-0.1945392
4.265374
1.541298
7.543376
5.351712
3.624799
5.080086
-1.14604
6.987096
3.169104
0.6931473
7.873628
4.007025
4.809552
0.5055888
4.810028
5.278333
5.827625
0.5579599
7.336649
-0.1189502
4.653664
5.326252
5.244143
1.128208
9.896093
4.680012
6.910221
4.651429
-0.1312354
4.913908
4.524884
4.29214
-0.2293973
1.812818
0.8992034
-0.238691
5.956347
5.447107
4.428189
9.190087
4.428804
-0.1181239
3.370717
4.854488
-0.6104869
5.823871
4.358814
5.033004
-1.663391
4.601864
0.6427671
0.8384772
-0.6645776
-0.1613527
5.03331
5.687787
-1.755916
6.132804
4.019586
-0.2446808
5.039043
1.176565
-0.1202914
6.007238
5.813194
6.444293
4.026548
-1.183263
-2.128138
-1.312515
-1.260904
4.399395
4.155655
4.371681
4.733637
-0.006121338
1.429545
5.372423
5.218489
3.823401
4.534667
5.43706
-1.103022
4.108768
0.9809453
4.995851
0.8832534
-0.4086134
5.6226
5.985049
4.515376
4.077004
5.136424
1.779947
-0.3318135
-0.2630154
5.779458
-0.9410548
1.305487
5.986574
-0.9027154
-0.1725694
5.400578
-0.02458251
0.8535272
-1.793966
6.806705
4.630356
6.357435
-1.015882
-0.2316733
4.977705
3.932486
4.31487
1.911773
3.756846
8.763455
2.481746
4.377085
0.3250114
-0.3634003
-0.7239759
2.779703
5.764077
5.501263
0.8112483
5.83441
4.5435
1.085733
0.8883695
-1.676802
7.05509
0.1058745
1.297838
5.170452
6.67202
5.577812
-1.420717
1.088209
1.171248
-0.9124311
5.33328
0.4344677
-0.6581951
5.486799
4.814692
0.7015486
6.579125
5.552947
4.87067
-0.7204798
5.843281
5.386781
6.271111
-0.531467
1.144414
5.978242
-1.456873
-1.402943
5.142215
-1.292635
4.343752
-0.4120756
4.127255
4.292204
0.171222
6.212776
-0.01133531
0.894743
4.044005
2.003505
5.9193
5.886056
5.944082
-1.989614
5.878644
-0.3817687
0.7804642
8.166708
5.694389
5.700794
4.669606
4.176505
-0.4195938
3.747454
1.059569
3.501083
0.9506196
3.6331
3.109734
5.945243
4.92443
4.586249
5.652861
5.931608
3.469005
4.107284
-3.013583
3.956372
6.476331
3.456853
3.836024
-1.319179
4.736759
3.353683
0.5806566
7.131015
5.923148
2.912335
0.0720344
4.626107
-0.7393469
0.01004547
6.550937
-2.565122
4.586465
0.01967798
1.233108
0.2764541
3.392222
4.185588
5.028844
0.8695539
5.360107
5.25954
3.551228
7.36083
4.270815
7.062135
8.0818
1.514568
3.608001
5.011873
3.66109
1.326493
5.292292
4.402477
4.331423
-1.310739
4.837169
3.206744
3.881389
-1.235332
4.790715
5.188319
6.441453
4.930634
4.406831
1.182953
1.182541
0.1527919
0.9124154
5.151609
4.877909
4.376137
4.357076
0.09127579
6.51641
-1.324443
5.327957
5.562223
-1.075894
-2.357645
0.3141306
5.822246
5.690493
4.402929
4.355665
7.552953
0.5185428
6.331136
0.9053803
0.3775077
-0.2303778
-0.3779503
1.372867
-0.2598563
4.744711
-0.7111351
0.9931102
4.535486
4.960951
4.78089
-0.1309633
3.173553
3.057271
4.081906
0.2428434
5.297346
5.63232
4.151559
-0.4040256
-1.826365
0.1447922
1.542395
5.849566
4.969569
5.476694
0.1811851
2.106101
-0.1590556
4.118638
3.483254
4.720182
-0.878352
1.069526
4.85313
-0.345363
4.422984
-1.509961
1.097726
-1.036207
5.625863
0.04617773
1.188857
0.2598987
1.531299
-0.5019628
-0.04539652
4.961567
6.023469
-0.8854282
1.713946
4.961731
0.6627029
5.077945
3.514156
5.770055
0.5432569
-0.7398246
-1.245376
7.320953
6.49049
5.984904
5.379982
1.261171
-1.96471
4.560717
6.194285
6.148591
-1.037824
5.023334
3.71559
3.952141
-0.8544415
4.200706
0.4496191
4.668168
4.792562
-0.6073528
5.198632
5.566085
0.3027497
4.24358
4.696731
4.302179
-0.5269372
4.431099
6.22169
5.579937
0.7590532
3.802036
-0.5505649
3.94559
3.226973
5.077316
6.97013
4.702573
6.014543
4.287697
-0.1522797
-2.416022
-1.211675
4.140506
4.691385
4.763537
3.966925
5.511998
4.416924
-0.4056311
4.057353
-0.2740562
1.234611
-0.8519148
-1.088133
-1.309601
5.790125
3.452337
-2.463991
9.089417
5.420906
4.550615
-0.9103237
1.781562
-0.1621001
0.6895359
5.528377
-2.23347
-1.705523
0.4981515
-2.554968
-0.4714042
3.677761
6.730839
0.8573658
3.486205
6.513406
0.9501296
4.217454
5.485319
-0.9428577
-1.041245
-0.5205831
-1.450504
3.801248
2.397174
-0.6470434
1.243382
0.6023926
3.456166
5.109795
-0.7756174
7.141911
-0.3989061
4.079235
-0.8088958
-1.442531
3.95645
4.710684
4.759802
1.510994
-1.291517
0.2748022
6.13091
5.003819
6.086275
4.888781
5.466094
1.288784
0.7257132
6.126823
4.640896
5.2224
0.380123
5.14085
4.307218
-0.5899309
-1.024656
-1.457298
6.136941
6.146884
-0.1723423
3.418664
-0.8781633
4.16317
4.601441
5.791755
0.4829632
0.9504251
1.487328
-1.526992
4.399802
-0.2782431
5.521152
4.116255
6.566137
0.9803003
0.4861274
-0.2168776
5.177117
3.718064
4.872349
5.164285
0.3853238
4.616438
4.654891
-1.240733
1.13209
1.153524
0.4576593
-0.7110495
5.605378
4.626309
-1.392566
0.9656607
-0.5630523
1.801038
4.711414
5.471075
-1.383428
1.119722
5.400571
5.981218
4.686919
0.4306758
5.774154
-0.4256864
-1.315084
0.7256858
4.791797
4.097628
1.589011
4.784847
0.3576268
-1.896144
-1.922226
4.266943
-0.8521577
6.356481
0.3506947
5.617653
1.295814
-1.232301
0.9372665
6.426909
7.153951
-0.3833976
5.769523
5.172199
1.373438
-0.2000927
6.156985
0.7771269
2.702376
5.466473
6.828808
0.1347995
5.709023
1.173769
4.171581
5.102178
-0.4837496
0.4370308
0.9414539
0.1613978
1.184316
2.800841
-0.9436836
4.014208
5.803828
-0.1671252
6.286228
0.6541117
-0.6011327
4.445062
4.803473
3.809269
-0.3306158
6.033428
5.167505
4.133296
-0.7568224
3.708052
-0.7337571
5.813996
4.796866
4.182655
4.759706
5.102865
0.4773622
5.301169
4.995989
4.345069
-1.156716
3.481658
-0.4756347
4.517025
1.870401
0.09145405
5.054281
5.271265
4.808812
-2.123316
5.522573
3.091911
5.917865
4.349908
4.423284
2.282829
4.450126
0.2410927
5.655756
5.589777
-0.9411181
4.243278
0.753342
5.622486
4.118833
-0.0274634
3.73848
4.918769
4.961577
1.678491
-1.551045
2.061844
3.988568
1.053885
-0.5815031
5.071101
5.811847
4.658598
4.154362
4.765249
1.121577
-0.1117267
-0.8018373
2.230986
1.535604
0.2920887
1.125274
-0.6232839
0.843755
-0.7472794
6.074496
5.626335
6.006055
2.948389
0.1591759
4.946012
-0.8614451
-0.7881356
1.318543
0.239668
0.43962
-0.7155383
1.393504
6.328808
-1.001888
0.7228384
4.2151
0.3049418
4.369631
-0.5708089
0.5013332
-0.1542207
0.7117892
3.574263
1.648705
0.5719226
-0.4964847
3.662413
0.3235375
3.565515
1.399909
1.765934
0.3737212
-1.60243
5.605732
10.52313
4.425351
2.242395
4.292766
-0.7134375
4.109046
4.147723
-0.8573812
1.697037
4.119332
5.235968
7.204678
2.558749
1.227335
5.7199
5.090227
4.888316
4.181245
0.3424183
0.348482
5.527485
0.9175759
5.636267
-0.5964876
0.9288587
0.6469709
1.334327
0.3643913
0.02766463
5.555237
6.716193
5.876852
5.764098
4.435897
5.268956
6.781426
4.154218
-5.629302
4.592754
-0.03307467
5.055532
4.426425
0.01921693
-0.6297772
7.706924
6.735893
4.366182
5.653838
4.570584
4.588238
-0.09885875
1.173453
4.697136
8.968055
-0.277421
5.272401
6.494295
3.165369
0.6382348
-0.9873626
4.868183
-2.267206
4.874846
6.762229
-0.6597846
-1.121104
4.287664
3.8811
4.051771
-0.7787214
4.060058
-0.1741353
1.701649
1.172196
-0.7058109
5.894428
-0.865096
-0.2229409
4.696373
6.490642
5.822463
-1.43785
1.285553
6.322488
4.816121
4.210496
3.556624
4.963325
0.4388087
4.458875
1.319362
4.325544
-0.4091125
-0.9470798
5.115185
-1.143352
4.049516
0.3772733
-0.1904631
5.077617
-0.3977348
0.9295516
-0.65291
5.163457
0.1416683
5.75491
6.408814
-1.525031
6.229293
4.438063
4.849288
5.339118
0.5164428
-0.7011442
4.037962
5.617517
6.581661
-3.244596
-0.5069876
-0.3001271
-0.1208236
0.8788521
-1.559266
-0.3085629
5.407906
3.753046
1.399454
4.221711
4.04746
5.339972
0.1045311
7.302454
4.478577
4.976215
0.6989486
5.363014
3.345631
4.329746
0.0177555
8.438139
5.249571
1.350233
-0.2649762
3.898458
4.503509
6.222129
4.454074
-0.9502622
5.994126
6.115934
1.625753
5.583849
4.789195
-0.8047464
1.204167
4.391228
6.561899
0.8477106
-0.528107
-0.6120029
6.2545
3.140767
6.14043
4.641778
-1.68687
3.841544
5.137446
0.2743601
-1.432453
-0.5561991
4.812111
-1.613923
5.967799
6.850603
-0.6321424
5.867073
0.3344494
4.620712
4.208885
3.532984
0.3876989
-0.1836394
-1.698411
1.012397
0.4407689
-0.2806449
6.534741
8.474424
4.391744
4.393331
6.078542
4.702827
5.451768
0.8498687
-0.4641772
5.262976
3.815925
1.16318
5.328214
2.752964
4.749928
4.884891
4.242231
4.816627
5.502291
1.265039
5.68842
0.6828334
-0.6130136
-0.4436185
3.131362
3.695302
4.029209
-0.522218
6.153117
-0.5339986
0.2152188
-0.46716
0.2345114
-0.1979462
7.261988
-1.149978
0.9948254
-0.9697807
5.352069
4.824215
-0.6180512
0.5657743
5.564873
0.560756
5.458596
4.864998
3.467833
0.1809991
1.353287
5.015686
5.003066
4.91254
-0.175943
2.337983
6.259402
2.084979
4.197468
7.744748
4.69555
6.605809
0.5415572
5.139402
1.367304
-1.943874
-0.05833657
4.845761
3.330068
4.151985
4.969366
4.764868
-0.6787174
4.241239
4.900682
4.802707
4.140095
0.9590075
5.524504
3.89316
4.839838
0.2202032
4.90831
-0.5536389
1.755767
1.693047
5.389325
0.1610021
4.579715
5.373938
-0.006513532
0.5048352
5.156639
0.9859234
-0.4037517
5.324538
5.507088
4.517756
5.15251
3.691748
-0.02702873
4.429313
-0.09184265
4.355193
1.103304
0.09344443
-1.165869
-1.191473
-1.144525
4.490277
0.4079809
1.236658
3.948006
-0.01299768
5.850149
5.050335
5.044341
2.810306
5.206904
0.6670494
0.2342652
-0.7467469
4.997899
1.641371
-0.9608997
-0.3880539
5.832966
5.69235
5.52162
5.755863
6.386682
4.327376
5.974311
4.273789
0.9080097
5.653719
1.153512
3.493404
8.405049
-0.1041346
5.738516
-0.3228572
4.084894
1.545442
4.882179
5.103067
-0.4402825
6.3503
4.304838
9.102988
-1.131754
9.863255
6.107384
4.61373
6.344804
5.288305
2.064439
-1.144609
1.198653
4.804287
-0.4481178
-1.053801
4.886801
6.072986
0.04050822
-0.4765265
0.4281978
4.304676
4.275666
3.673746
5.560445
4.871337
6.599024
3.893598
5.87173
3.735428
-0.6529758
-0.3638145
4.677677
2.5946
4.634329
4.171321
1.538027
-0.7039962
-0.8952573
-0.08108112
3.240802
5.30569
-0.1945532
5.329029
1.18113
4.028363
0.05716145
0.6113416
5.006285
0.289016
3.820868
0.8043704
0.6525631
0.1402663
6.749962
3.927072
4.049669
6.041082
5.541291
0.1207641
3.946543
4.440665
5.316721
5.947997
6.128285
5.539353
3.924882
9.216531
1.410088
-0.7222406
3.431445
-0.1136537
0.7213107
0.268632
-0.6358302
3.673261
5.924496
6.416401
0.3410652
-0.3869791
5.270288
4.156642
5.449124
4.562126
-0.09298812
0.6642874
11.03879
-0.5796205
4.446497
-1.60796
0.3635791
-0.9071375
8.310853
-0.833821
4.418616
4.802908
-2.746204
3.114082
-1.092535
4.708294
3.778776
3.835506
-1.162856
3.658622
5.866747
1.549129
0.866855
4.715105
5.952549
6.038858
6.146447
-1.631887
-0.5752839
0.7952086
-0.1551766
3.557225
5.139484
6.15189
5.718624
0.3860801
-0.7646739
4.154265
4.911924
1.689411
8.067309
3.025625
4.115095
-0.2248502
0.2313411
4.408175
5.861461
5.411143
4.31283
1.656173
3.631715
0.6609947
4.853787
0.2615064
4.472629
8.24994
-0.5415957
4.631712
0.5954261
4.301259
5.079937
3.872077
4.615828
1.499403
0.6440006
-0.6255243
1.132827
10.69796
1.45017
4.500368
0.4549834
3.56844
6.588167
-0.4078306
4.042573
-0.8384129
2.601184
-2.288095
5.855377
5.676605
1.051163
1.629962
-0.9290552
6.85027
0.6749422
4.240878
1.51965
3.893384
5.774911
5.223838
-0.6835573
0.4889959
5.997651
5.242093
4.750621
0.4863228
5.240058
4.068527
4.636171
-0.5218973
0.05586126
-1.832637
6.361964
5.389813
3.868663
5.12266
0.05360891
10.75196
7.837992
5.954866
4.454928
0.8776267
5.369082
0.9454771
-0.6152823
0.6796166
5.34927
5.473735
5.373699
3.96943
5.631599
3.661174
0.08443283
0.8256556
7.502108
-0.00534391
4.44343
0.1349217
4.146333
0.2955743
-1.10949
3.629667
-1.878146
5.670519
5.134588
9.83453
5.323168
0.6222165
0.09108681
4.092715
3.057651
5.3629
4.867519
5.061989
-1.449819
-1.79686
0.607897
4.585995
-0.1476075
-0.1678972
5.098809
7.562545
6.080785
3.877828
0.0006478449
0.7465759
-0.3254655
0.774346
-1.065234
-0.08364389
4.725657
3.107982
5.499248
5.317701
0.3986566
2.180656
1.002269
0.8666776
10.05558
6.36432
-0.6526439
0.9401331
1.222969
6.105238
6.235746
5.312369
5.724334
3.645595
6.329501
4.09041
0.4345932
4.026492
3.444167
-1.425313
6.427877
-1.330355
4.649704
3.091471
0.4004057
1.18624
0.5755254
0.8742291
4.753529
-0.6343146
6.065769
7.932055
4.912318
-1.038278
2.195003
2.463792
-1.416502
2.325649
0.4189467
-1.107004
3.616938
4.5963
-0.09087234
-2.315712
-1.280053
-0.8444891
2.974929
4.84243
0.9506789
-0.09752613
5.363275
8.903529
0.2613892
-0.837581
0.6927296
0.6628509
-1.304135
6.265989
6.584503
-1.828873
5.061962
0.9763669
3.037638
-0.9549851
4.916013
5.586919
4.918382
-0.4383558
1.013338
3.742664
6.334175
-0.7746855
0.1245507
-0.1076841
0.3308907
1.149616
0.8431673
2.392517
0.4024727
-0.3969041
1.801778
1.380666
0.940837
1.831675
0.794917
6.400917
4.250771
4.131289
5.673714
4.782471
-1.051529
4.621618
4.94465
4.971811
-1.450951
2.736218
-0.4354325
5.082846
4.842096
6.775916
0.5536917
5.320646
-0.04128056
0.4803798
0.3574714
6.378283
-1.286498
6.344478
0.2004034
5.063197
0.1194848
-0.3375991
5.283145
-1.000875
0.497833
4.488743
5.263412
-2.193933
-0.4290602
3.889414
0.2559269
4.135707
-0.8411126
5.9689
-0.1535444
-0.6852327
0.1055994
-0.698702
1.752695
6.208792
4.40369
5.263754
4.466234
1.118617
-1.023674
1.376928
6.763492
-0.2983147
0.01902784
11.17034
0.2081602
4.350123
-0.4237832
0.7264797
-0.3189805
3.996076
7.313387
1.270262
0.2532137
0.04505515
-0.05362573
4.590276
3.276797
6.077856
4.047215
3.749534
1.444363
2.859784
0.03344962
5.529853
-0.9953315
-0.1377511
1.925005
6.187359
-1.092458
5.044392
5.663995
2.679155
1.537965
1.206108
-0.263323
4.102176
-0.4957525
4.825584
5.051221
4.45341
3.698394
4.512636
-1.054139
4.202202
6.463665
4.476885
7.604884
-1.447984
5.166671
4.738351
4.692758
4.859643
0.6847612
6.021929
4.337331
7.706494
-0.4110006
5.032713
-2.903631
4.990411
4.409132
4.885877
5.941356
6.783838
6.859038
3.547098
3.451859
5.792015
3.34773
5.80661
-0.2153328
-1.256286
4.773977
4.303613
4.889642
5.736898
6.016418
4.456141
-0.1370709
-1.868977
5.166873
-0.8250664
5.940926
5.071859
-0.5543779
1.413177
-0.2880304
1.010675
6.408676
0.7643106
5.524541
5.100545
5.582853
-0.07311931
-0.3022887
-1.039664
5.54502
5.923365
0.6986705
5.531198
-0.7009548
4.334441
5.98696
-0.9616534
-2.483338
0.3431537
1.120943
6.435487
3.877064
4.149308
5.191586
5.565934
0.4647983
1.30504
4.165554
1.698396
-0.7436983
2.906321
0.1068116
-0.2698119
5.738639
0.5474073
4.497643
0.4812198
4.151101
3.579196
5.454118
3.676802
4.645151
0.4494713
-0.8118185
6.166049
0.7178386
0.7216606
5.940104
0.2546527
2.111091
-1.314545
2.52114
4.365688
4.099445
5.49126
5.131849
6.313936
4.134046
-0.7667762
3.088504
-2.121774
-1.004721
5.245137
1.677098
1.727116
4.5313
0.4725933
5.829212
4.896284
-0.06824322
-1.887696
-0.1716237
-1.087795
4.681122
4.548018
0.2154608
4.040167
5.466878
6.556868
6.853594
5.069787
4.782187
2.288811
1.555356
-0.7032485
1.242316
6.105466
3.649694
3.667121
5.75774
4.437348
5.128203
6.859669
-1.056
-0.2439013
1.930726
5.98759
4.383062
1.398283
6.012011
5.96708
1.064225
-0.7890093
8.179731
-0.05979934
3.977885
3.19556
7.049804
-0.02829457
1.49192
