5.211046
-0.1997516
5.158698
0.6855034
0.5215341
4.689806
-0.7549335
6.074554
4.620534
5.29522
6.634867
5.822519
3.88396
2.063087
6.97359
4.670755
3.722997
4.68558
1.012447
3.615437
2.616136
5.078445
2.976905
6.546459
1.117835
5.037057
1.020918
5.711509
0.8474664
6.139959
3.645714
3.848681
-1.336375
4.807846
5.243198
4.832689
-0.1522478
-0.5826222
3.704003
3.948337
1.859026
4.900772
5.662241
4.896632
4.520333
3.749615
-1.598478
4.79103
4.468975
1.452348
-0.5794306
-0.5526577
-1.705392
4.485498
-0.9806021
1.461215
4.654924
5.198522
-0.3408208
2.996037
0.2717955
1.420123
1.491745
7.053658
-0.01453672
5.051542
2.071057
4.99218
-2.959988
2.768704
4.458768
3.881888
5.048009
0.9331283
-2.293683
-2.218285
0.1428599
5.168049
0.04525829
-2.264933
0.379167
0.5522102
-0.5471581
6.255159
6.108634
4.863715
5.815544
5.180355
0.408829
-0.2162961
0.5749441
5.714878
-0.2716597
5.877266
4.790774
6.247607
5.319388
3.730637
-0.328317
5.610056
1.432657
6.994457
0.4935178
0.1533928
1.311048
0.2429492
8.178091
3.201288
-0.7938604
5.518702
6.583272
4.142846
8.007345
6.365942
7.21563
-0.4882234
6.04479
0.7947992
12.41181
4.097863
5.794817
7.40693
8.150086
-0.4010551
-0.04338908
0.4827155
4.157065
6.370118
0.9523828
3.859215
-1.150957
6.440543
4.259584
4.541335
5.876342
3.397422
4.503748
6.683831
-0.06190804
0.6510249
4.00665
-0.6364217
4.879067
5.441889
6.142451
5.463763
-1.308961
0.5219824
5.871418
-0.8438742
-1.86436
4.043761
4.205831
10.0689
4.997878
0.5528142
4.844956
0.5055607
5.78577
6.140687
0.06049207
3.608968
-1.610534
7.677345
4.809376
5.108541
-0.8523214
-0.2820238
1.056873
5.544049
1.130288
-0.3397934
3.674935
-1.5594
3.994388
2.630239
4.050843
-0.491983
6.319165
0.2566769
7.130749
6.204037
5.369109
5.482751
5.170699
0.04015224
5.621816
7.362139
5.778719
0.83415
-0.1260553
-1.312173
1.161928
5.385046
0.07801026
0.2117146
4.77993
5.020796
5.876125
-1.355556
4.152041
5.02104
3.743105
-1.438469
0.1214389
-1.355083
-0.8933944
5.03792
0.3533799
4.562812
-1.065372
5.892992
4.722141
2.608484
4.643817
5.652774
-0.7262045
0.08685888
5.791194
5.627284
-0.1214053
-1.519502
7.756292
6.378487
0.3546167
3.359921
-0.1839707
-0.6860355
7.034657
5.689164
2.855188
5.014836
4.412218
5.210212
4.021007
6.063058
5.818112
-0.9696273
0.8019961
4.469341
1.684154
6.018428
7.58329
0.3879133
-0.2392912
5.466564
7.01593
0.5670573
4.287326
5.537718
