3.575099
0.3825449
1.265357
4.21441
1.303001
0.5686587
0.8003933
4.020942
-0.7736155
4.702173
7.505068
5.034521
5.094033
-1.302704
-0.3569529
3.733957
0.2108098
-1.019927
-0.2176107
5.751634
4.477683
5.59772
1.415034
0.7588598
2.53308
0.6074721
4.690473
-0.5043281
-1.750511
4.396478
4.694063
-1.707612
3.620711
3.217456
5.319811
5.0296
0.7713918
-0.1028518
4.878201
-0.5700117
1.36161
4.680364
5.493861
0.3607919
-1.33342
5.025178
0.9544827
5.777537
6.496644
-0.9206091
0.01538268
0.7823054
5.618258
4.792819
0.839207
6.490414
0.764697
1.42917
5.515716
5.973545
4.842172
4.321702
3.825077
1.067706
5.957209
5.744972
0.6481519
4.447349
-1.107758
3.954048
4.232456
4.292686
4.157829
4.664111
5.137376
5.092218
7.000827
6.117204
5.789105
1.153877
0.4904198
0.6028917
5.42179
4.611021
-1.581323
4.185331
0.1800009
4.341305
0.8933389
6.246115
-0.4063707
11.10622
5.530673
1.187573
1.596516
2.883166
4.646407
4.145821
2.185199
-0.4112701
-0.7658667
5.152607
5.362906
5.992076
4.365911
7.909215
1.325233
0.8316797
3.935848
6.445834
1.274901
-1.688032
-1.908832
5.505712
9.972962
4.533845
6.84965
7.220769
-0.6562849
5.079717
0.5593561
5.351688
1.983791
-0.3938638
-0.07205401
5.157408
4.762642
4.92751
3.812637
5.536858
6.319502
-1.634751
6.165217
-1.1758
5.21653
5.847349
6.129384
0.4858437
0.04165921
1.199531
3.510362
-0.5129449
0.9666205
4.58148
5.283607
5.29666
5.309443
0.6685537
-0.9709857
5.797929
-0.002637154
5.586397
0.01942924
1.007216
-0.6763937
6.003803
2.485705
4.774459
4.427693
-1.256314
2.049004
4.494106
4.263583
5.820849
0.2567595
6.060651
5.254126
5.368963
4.890152
3.716293
6.015722
0.3564646
-0.7827699
5.442841
2.15713
0.01101962
6.388485
-0.7533727
-1.204686
2.801135
5.616055
5.89314
-0.3046387
4.500506
4.903162
6.641289
-0.1764609
4.185309
-0.4649966
-1.333872
-0.2216369
5.327766
2.650575
6.21743
5.674531
6.703013
6.594312
4.255997
7.474572
6.425643
4.044746
-0.2464417
7.088968
-0.3660616
4.563309
-0.4329069
5.498877
-1.101499
5.441297
0.5413366
5.390609
6.336134
2.372926
6.562041
-1.808251
4.199225
2.447823
-0.2930946
6.438099
-0.886155
0.02891487
6.038058
-0.2793174
-0.4822855
0.4179057
6.134583
4.643433
4.854493
5.384591
5.518754
4.762243
5.309428
4.501066
0.4513577
4.620733
-0.341946
3.49492
5.118938
-0.5907732
0.9182578
6.241904
5.503545
-0.6830025
5.715021
-1.903485
7.348702
-1.516525
6.933387
0.3731354
-0.997275
