4.829396
6.475799
1.110526
-1.132654
-0.9220517
4.086075
0.100156
8.587075
-0.09833949
5.590341
4.957916
5.469828
4.11139
4.213
4.879674
4.256255
-1.287248
-1.609665
-0.5214303
-0.1782131
-1.208469
6.37533
5.025485
7.950123
-0.7084497
0.9995965
4.878229
7.230052
1.773341
9.79693
5.446366
3.69643
4.48443
-0.8223505
5.953339
3.790449
4.758471
-0.9205098
-1.644209
4.966861
0.9502272
1.477141
-1.150979
1.03571
4.337021
1.038373
5.141165
7.381055
-1.065483
0.1202752
0.7378645
0.6358806
3.498482
5.401639
-1.918347
1.356068
6.289037
1.536975
5.63485
6.16429
2.265253
0.1025196
0.1774015
3.351796
-1.418579
4.726844
0.1967553
0.9089552
-0.9881657
4.86874
7.654653
-1.055945
-0.2292037
4.850337
0.7754483
-0.8315984
3.980056
6.162921
6.373835
9.223683
0.587751
4.865444
5.118341
3.580482
2.146093
5.333814
3.596424
5.251545
0.5622218
-0.09107609
1.446215
-0.6301796
-0.2519898
3.59854
4.269843
1.28846
4.154505
0.6777921
-1.332833
6.420392
4.446719
4.209697
-0.3235618
6.327389
1.445169
4.118235
4.874671
5.640478
-1.077064
4.530473
4.622429
5.382961
3.647796
1.636186
4.861421
2.842319
6.5589
-1.800157
0.3112203
5.130399
4.927342
5.628811
3.889967
-0.6877828
6.828328
-0.1043965
1.683739
-0.9861874
3.911124
-0.1706013
3.320971
-1.956144
0.4439962
4.349418
5.751094
5.297257
0.7430558
1.112217
5.349555
4.749011
8.540503
0.09859233
4.318903
4.453337
0.08467883
-1.568467
4.175908
4.939998
4.205194
3.590147
4.836885
5.436368
-0.6146408
2.421032
5.447756
-0.7655401
1.59005
3.599708
6.324072
-0.4415866
0.4816666
5.880825
0.3494589
1.299044
0.09356438
5.569605
0.9984041
-0.2368131
-1.229894
-1.015683
3.757302
-0.185024
-0.04714671
-1.138939
-0.6658099
1.085055
1.567235
5.159688
5.867843
4.886766
7.7771
5.012254
1.50208
4.808579
4.839441
5.315398
1.225086
5.424186
0.3549572
3.517679
1.368632
6.502997
0.6440477
-0.05324419
4.344984
-0.6263757
5.786336
4.974156
3.731016
4.945937
-0.4420738
5.552991
-0.3245593
0.5279923
6.807902
0.7262871
5.22126
-1.039396
3.946944
7.225841
-0.3275691
5.095752
5.877354
-2.247509
5.246987
1.452854
0.08283037
-0.02251544
7.059098
0.1475701
4.838505
5.015175
6.330981
-0.8387682
3.132937
4.798439
5.289711
0.5970528
5.239646
4.436029
-2.892697
5.347441
3.791837
5.533957
4.35037
-0.4355864
5.396968
4.703232
5.183346
-1.494829
5.06185
0.3147304
5.793235
-0.5216744
4.305775
0.5132009
-2.365609
5.597058
4.931265
-0.7853193
1.908449
-0.3789434
4.387274
6.223361
4.475728
0.9096862
-1.283415
6.202662
1.774516
4.785271
0.07019427
5.381871
1.728303
4.152546
5.614819
6.95423
-7.152931
-0.1736294
4.996574
7.302524
0.919974
-0.3385821
4.59081
0.1325814
-0.3671223
0.1048475
5.162174
-0.6432081
-0.3272453
4.68703
4.680683
5.162883
-0.1195064
-0.7593335
0.9537971
3.604413
-0.5858791
1.390129
0.8119432
4.485835
0.7223182
3.828488
-1.20857
-0.6221721
-0.8338004
3.81776
3.150548
5.100085
5.098094
4.904753
-0.2802219
4.783256
1.477513
1.034494
-2.128123
-0.5470966
1.678701
1.378796
6.215038
-1.548457
6.802381
-0.7728736
5.409176
0.2223854
-0.2536691
5.425761
-1.16272
6.205259
-0.1380122
0.7533892
2.551305
4.284807
6.076415
-0.1266211
6.493814
-0.226073
5.735028
1.526947
4.157163
-0.1808538
0.5299591
0.789657
-0.4682746
5.762024
3.958
3.925119
4.68934
-1.155882
4.225387
6.736864
0.6719504
3.664864
0.02244191
4.923834
6.137978
4.033123
2.369696
1.389091
5.744669
-0.2006521
0.289026
0.6918762
5.596317
-0.4219576
-0.2203656
0.7114896
5.068735
7.191012
5.124928
5.749632
6.995746
2.599591
4.407961
-2.247946
0.4586663
4.234473
0.07414856
4.174062
-2.267449
6.293232
5.303195
5.815772
4.847647
7.545378
7.003828
4.25793
5.400365
-0.684342
6.412665
-0.7691878
0.8217342
0.03716763
-1.352658
3.710659
4.8118
5.391511
-1.32875
3.543075
0.8897412
4.644738
5.102198
0.1421019
5.468375
0.2520855
6.98227
0.438585
3.611715
0.6379489
5.203501
5.296576
0.7766723
4.958251
4.624551
3.899465
5.881381
-0.04270031
-1.869953
-0.66007
0.4522388
5.76976
2.772591
4.185486
-0.0811326
3.729482
6.390205
-0.9441198
4.949623
1.213547
-1.042809
-0.2294031
3.116404
2.388207
0.5024037
6.982614
5.768528
-0.8188002
-0.4858414
6.070403
1.617296
1.96467
5.324571
-0.349093
0.6851425
3.798541
11.18554
7.822176
0.5202277
7.759877
-1.644238
4.515326
5.941102
4.550476
6.887831
0.7891553
0.7571939
2.437671
5.518403
-0.3071568
-0.8349905
6.520606
5.520224
-0.9898742
5.668219
4.312408
0.9615783
4.445049
2.248968
6.287732
4.957124
-0.06221967
4.972586
2.609128
2.376592
6.902585
5.306675
-0.06594152
-0.8772991
3.144271
8.903191
-0.9348672
-1.462053
5.485991
-1.331317
2.288417
5.384391
0.08761233
1.197398
0.1470066
3.643241
0.1074418
-0.2047832
3.818792
5.702603
5.180787
0.5563348
0.7947592
4.079948
0.1958958
7.439222
0.6323695
5.412118
4.339994
-0.5281641
-0.1290404
5.348756
5.748589
5.819037
-4.411224
0.8462305
0.7120554
