0.3590061
5.36993
5.655142
-1.30329
2.405173
-0.796066
4.257051
5.308126
-1.003725
4.977392
-2.156899
3.716021
5.360552
6.174867
0.1553331
5.586543
4.246353
0.7635927
6.497259
4.668219
1.498261
3.113094
1.123956
5.322162
4.870716
3.426985
-1.335552
0.4832452
0.3970684
0.9261648
-0.2563472
4.85192
3.345435
-0.8738973
5.145381
-0.4873954
4.291377
4.75382
-0.1300308
4.039037
1.02023
-1.128253
5.332141
1.409499
5.674101
0.8138382
0.1008767
0.3637536
6.745607
6.581006
-0.7661993
4.201506
0.07153455
6.062279
0.9107832
3.955656
3.402144
6.037545
5.275274
5.080336
1.306204
0.3225306
0.7732443
4.73108
-1.217941
-1.432388
5.536281
5.361136
0.4456421
-0.08269267
3.941764
0.6841953
-0.00448826
4.079077
5.390771
4.561616
4.78781
-0.7945635
-0.6425686
0.8269705
1.140841
5.073343
1.699042
-0.2763708
5.125936
0.3309351
4.812804
4.484586
5.760125
6.696526
5.502644
1.643256
4.50027
1.374266
-0.4121304
9.110168
-1.085449
4.765853
5.681723
4.555099
-0.04718441
6.182239
4.577492
5.258218
5.948448
4.398666
4.641306
0.7215142
4.394436
4.655265
-0.9605009
0.3695473
-0.7204037
-0.8605814
4.459204
6.191643
6.485704
3.265938
5.637323
7.235898
4.985579
5.798573
3.643324
4.351144
0.7299416
0.382465
5.076726
4.389474
-1.371968
-1.026088
0.2751462
5.184638
-0.8297678
5.00854
-0.570323
3.708831
3.47118
0.04770837
3.383225
3.358573
5.350794
-1.904784
1.02123
0.09368556
-0.6423517
5.350168
-0.9664969
4.393853
-1.509576
7.14724
5.840392
4.632691
-0.2644834
5.077235
5.52559
0.9704676
6.086312
2.980073
0.6568909
-1.11325
-1.243646
-1.496021
1.404255
-0.5881275
6.758168
4.102356
6.301762
0.3718221
3.717471
3.55644
0.1020137
5.296989
3.787919
5.11311
-1.285667
4.760493
1.909002
4.87818
4.424802
4.609928
5.708564
4.436116
6.106267
5.680886
0.2793628
1.046753
4.880062
0.3521455
5.775644
2.993761
5.118462
4.592105
5.076891
0.803445
0.3248665
-0.7099284
5.273645
0.02174686
5.546312
-0.1257928
4.924088
-0.2563656
6.613819
3.51794
1.420313
1.013802
6.204949
-0.4303259
3.567993
5.283578
2.235039
5.965629
7.537723
4.686072
5.707224
1.210064
5.507767
-1.307193
5.421201
6.522733
-0.5037404
0.8377098
-0.5695795
5.176922
5.097547
0.5812451
2.428382
3.964792
6.522189
-1.534155
1.507391
6.810919
6.583624
-0.784243
1.959055
-0.5523673
6.349589
-0.6947594
5.913192
7.845487
-2.074885
5.721137
6.280897
-0.7196807
4.27926
5.530261
4.977801
4.684441
4.778309
5.163435
4.883724
5.344714
0.4791175
6.071903
2.158949
0.2946107
0.1392551
6.298842
-0.2123905
4.37961
3.957859
5.705687
4.073462
5.064739
0.7391514
-0.113196
0.6289573
5.550229
5.526705
-0.3733544
-2.153712
0.1957297
12.74262
5.001065
5.336122
5.495011
5.46877
3.649003
4.681288
0.9817444
6.434931
0.6698928
-1.98598
4.352178
-0.7904885
5.599586
2.374441
0.2775634
6.245154
0.5443635
1.785078
6.051573
7.274794
-1.573168
4.866019
5.489657
-1.179369
5.861144
4.337839
0.2677519
4.54155
2.797152
3.807193
-2.01875
5.890489
-0.1322297
-0.9458858
3.70629
-1.365223
5.706674
4.33731
0.6302521
0.6769966
-1.049865
1.446205
5.53132
4.357217
5.83611
-0.8241438
-0.5467701
0.7875841
1.430578
5.440777
0.4369617
0.07021343
5.28565
5.026655
-0.7107802
4.087228
5.954546
-0.5101584
0.03081359
-0.298805
3.626426
0.7741591
5.220872
-0.1033307
5.459499
5.313833
4.33742
5.904707
-2.479576
1.665958
3.425587
-1.786031
-0.5759389
4.028803
3.098225
5.290397
0.1178704
0.5159764
3.918562
0.03564869
4.691571
-0.1508085
6.926363
0.4776954
5.464541
3.925483
6.118365
-0.2006342
7.040631
5.578566
4.700487
4.333645
4.476565
0.2706494
5.306005
4.789278
6.951132
-0.03267986
0.4117926
4.006216
1.312381
8.164485
3.514987
5.283169
-0.6734967
0.295559
4.31117
0.04904664
0.4550965
-1.430339
5.120458
6.233157
5.661658
-1.409895
3.409585
4.436236
0.6517053
4.508623
-0.09934751
6.172124
4.884561
0.7898499
1.293056
5.84688
4.698708
5.7441
3.671626
4.166452
5.636896
6.528158
0.5925156
3.984715
-0.516646
8.19457
4.690819
-0.6352964
4.440628
5.442151
5.668986
-3.246351
-0.005706967
4.867885
-0.8672938
5.578252
0.4450393
-0.8406314
5.123622
4.292942
5.346055
0.4787373
-1.565912
0.470059
8.496433
-0.3739029
4.455543
0.3291203
2.955479
-0.5988218
6.039515
-0.03208613
4.19645
0.7308369
4.34966
5.801102
3.793076
5.04706
-0.5435475
0.2089727
3.808013
5.291363
4.762929
5.890896
2.459347
0.8018312
4.581738
-1.130499
-0.729054
0.6269709
5.106101
5.527342
-0.3399427
-0.7484321
5.929116
4.03241
5.322134
4.606554
4.785506
4.466241
-0.3964798
5.694828
-0.3655885
5.123761
0.2919104
5.599366
-0.4702447
5.275737
5.00169
5.135225
0.3717572
6.746063
-0.3244511
4.044173
5.466266
-1.28058
5.667532
7.364352
0.3814786
0.3613832
3.896319
-1.10511
4.886759
4.100229
0.7016436
3.981111
-0.8069299
2.195324
6.27233
2.920741
0.2025827
7.239444
-1.866116
1.005639
3.67263
-1.291655
5.215946
4.66055
4.80402
3.194864
1.620851
0.02733088
-0.110677
-1.574224
6.29771
8.300338
0.1952722
0.7835616
-0.4707922
-1.020655
4.69751
7.030658
4.772481
0.3038699
0.9125498
-0.3473635
4.218573
5.084549
-0.02267205
4.707295
5.896951
5.015995
0.4903552
5.872934
3.799763
6.563718
1.075433
4.250271
-0.3705554
-0.9421012
3.765961
5.268609
-0.9873165
4.563974
5.177961
4.556893
-1.11291
6.047935
0.2424478
4.935591
0.2128525
-1.341667
-0.2890186
-0.06552765
4.397048
0.1091681
0.6298119
-0.6683544
5.454893
5.028779
1.231857
5.340057
-1.100072
0.2185143
-1.404346
4.656949
1.480923
-2.53619
5.750074
5.545226
1.586471
0.1795947
6.204234
4.85416
-0.2319541
0.07136197
5.975665
0.5566356
4.636026
-3.676878
6.419288
4.981843
5.042347
4.083124
5.93069
-1.359177
0.916256
-1.151859
5.859752
1.607942
-0.9688651
5.682272
4.15226
4.749576
-0.566266
-0.5692625
1.828905
6.64518
2.512849
7.077249
4.353308
0.5832726
5.605509
5.371791
3.580287
-1.179658
5.479938
4.301409
6.6375
4.327311
5.747713
0.4461242
-0.4413704
4.053854
-0.2429714
-0.9119197
0.2188093
-0.9766797
-0.3492647
-0.8740011
2.943939
1.55542
6.635875
0.09136023
0.4237444
5.87458
-0.8555995
-1.655285
1.341842
3.18124
5.495644
-0.8525104
4.960089
5.902725
-1.12602
4.382331
3.643393
-0.1013251
3.012475
2.955541
-2.055529
0.2164479
1.160615
3.746925
-0.6282914
4.458215
4.558751
3.682274
-0.3257017
5.714566
2.559874
-1.734939
-2.195625
9.713419
0.2057219
2.21643
6.615287
5.068151
5.764243
5.287209
2.743008
0.6704889
4.519027
8.941539
-0.7352936
-0.5486305
-2.30366
11.08151
5.887892
-0.1276771
-1.770957
5.054701
-1.000552
0.8368729
-0.5834171
-1.416182
1.442742
0.07530585
3.046538
3.155662
3.808917
4.682959
1.650921
5.698193
5.781475
4.943685
5.095074
5.93891
3.504344
3.319687
0.7208446
5.048779
-0.3174494
6.107932
0.9630811
0.4680988
0.6358754
5.119639
4.281753
4.963165
5.375437
-0.2934276
4.39205
4.56705
-0.9700371
5.197757
5.396245
3.299193
4.621694
9.264158
5.360864
4.067256
-0.5977239
0.6405766
-0.3802113
-1.100493
-0.2899137
3.854688
3.894689
5.059053
4.904827
6.757777
4.53294
7.003528
0.7317712
2.774028
-0.3676195
4.527081
0.5900407
1.314342
6.147477
0.5528394
-0.681938
4.836585
5.667704
3.47959
5.309155
0.04799864
4.753763
-0.8181846
3.15828
-0.1069264
-0.4203955
-1.121964
1.16597
0.3662073
2.700152
-0.7493876
5.820945
-0.5911296
9.672581
1.091473
0.3777504
0.2825874
4.869267
-0.2058913
-1.672211
5.738822
0.9498209
0.4587793
5.6807
-1.015364
-0.1508164
0.923212
4.186621
-0.02132225
-0.09363588
6.154927
6.751905
0.2674272
1.091031
3.915516
3.927931
5.911147
0.8821603
0.5905654
4.633916
-2.009511
4.928439
4.765735
6.461546
0.3057145
-0.9019227
4.811176
6.894581
4.00904
1.295836
-0.2834969
0.05413148
6.954554
-2.250342
5.258984
4.343266
-0.9332047
6.938721
5.626513
4.11297
5.646216
3.697673
4.171816
1.131253
0.5179733
4.505121
0.542519
-0.846689
0.2052063
5.16009
6.42118
5.485396
-0.6967746
5.696263
4.365768
5.564622
6.820891
-0.5527731
5.586088
0.5784555
6.215157
5.168075
-0.8158917
4.022441
-1.468751
3.49103
4.945589
-0.7871196
7.193777
2.70853
-1.020932
5.464861
3.884828
7.288957
0.4292377
3.632573
-0.7464464
5.061863
4.023061
-0.6059101
7.205753
-0.3177035
0.286909
-1.35492
3.6154
9.031189
-0.1441954
-0.5582182
0.5883618
6.645197
6.907315
7.222266
4.198972
4.822249
4.13968
4.937699
-0.4030339
4.723743
7.93376
0.6083911
-0.5241815
-0.2264301
0.530083
11.7601
5.523651
5.291137
4.008354
5.242858
4.865291
4.450374
4.99469
1.718634
3.953079
4.793986
0.9174571
0.6796513
-0.8008298
6.183005
5.43062
0.3294482
4.795323
4.190563
3.304585
0.2284861
5.346159
2.144842
1.042916
5.786571
3.058434
2.526743
3.496197
6.727155
5.096482
1.564247
4.760198
1.345468
3.943259
0.1608076
0.3064509
0.7918568
-1.994985
5.995931
-1.739084
7.04767
-0.5965892
0.3852287
5.570831
-1.016895
-0.2739794
5.40009
0.2256097
-0.06460817
-0.9182618
-1.985086
-0.2198056
6.4301
8.226261
4.274881
0.006524157
-0.09908504
6.528864
5.91657
-0.9301637
4.135937
-1.780645
6.371395
-0.3655161
6.176918
5.576935
5.62913
6.15165
-0.1103899
0.5683452
-0.325013
0.7566995
3.441396
3.273488
5.142448
3.327629
-1.984226
3.802205
7.017294
6.185934
4.76603
1.126476
4.218073
10.78451
5.479547
8.003937
3.846676
5.062998
1.850831
4.558016
6.009385
-0.5038352
4.830611
-1.325248
0.7142687
-0.3491726
5.223
4.724453
5.993859
5.981875
0.316117
1.079257
4.655811
-0.03594618
5.840493
-1.10691
4.954227
4.415403
3.942676
0.9769961
0.2469138
-1.440597
4.355829
3.387404
5.329465
3.04005
-0.5083601
5.186448
-1.122585
5.397731
5.392483
5.912566
4.204801
1.59168
3.872433
-0.6245454
0.5825484
-0.4726381
4.45916
4.929402
4.186069
5.374182
5.420832
-0.2049236
1.545847
0.1426155
3.386961
4.421606
0.4614733
0.7242291
4.930614
6.582733
5.438099
-0.8644858
0.5328061
-0.8966059
4.502725
1.685906
6.431763
-1.375868
4.845509
7.39281
4.52239
8.256465
-1.422513
0.4879518
5.593699
0.4012912
5.335433
5.997697
5.021558
-0.5148691
5.272186
5.179591
3.684218
5.191106
-0.7464025
-0.2314308
4.78699
2.121625
1.20553
0.465525
-1.060431
-0.09951966
0.716983
1.409431
6.133431
1.462683
4.420739
3.977498
3.357897
6.922252
6.159
0.5535284
5.465902
3.789837
3.429791
4.235333
0.02738474
-1.426066
5.902115
6.528216
4.93195
5.313579
4.149089
0.2702464
5.339412
5.707593
0.914987
4.93091
6.418005
4.454947
4.697299
6.586567
-1.469528
4.208234
6.898437
-1.546041
6.531375
5.519614
4.239727
-0.2223035
1.436376
-1.44938
6.293672
7.444177
4.905938
-1.501602
-0.5242471
5.075745
0.341133
0.1369548
2.11686
0.72682
4.300233
1.442401
4.022446
6.591013
5.700059
4.25852
2.791327
-1.163196
0.5497406
5.158421
-0.740222
-0.3970633
7.820598
4.705409
-1.365633
-1.327866
5.796324
2.10885
5.011031
2.099854
0.1379726
3.80916
4.57861
0.1965461
6.061823
6.195347
5.900401
6.078512
1.30756
1.756075
-0.1742598
3.701095
4.846553
10.68614
5.305592
5.188621
6.291757
5.983623
-2.038386
-1.090674
4.347012
5.074992
1.03486
5.330984
1.273036
6.160946
0.4116242
3.589225
-1.733353
5.748044
4.641019
5.928159
1.658731
-0.1069036
6.208135
0.2733663
5.038854
6.388606
-0.9380645
5.182086
5.535319
-0.6893755
-0.08329075
-0.4406902
-1.510868
4.669862
-0.4406012
0.2247209
7.406528
4.960116
4.305635
5.585631
-1.663435
4.602479
6.845544
0.8133935
0.5095206
5.7126
0.3609957
10.95203
-0.8985593
5.100414
3.923043
5.064611
5.328165
2.407584
4.394156
6.280759
4.045448
4.773864
-0.3096569
-0.4347913
5.692873
-0.2835511
0.07246741
0.0003147073
-0.1132241
-1.593151
-0.1992042
4.825804
0.6872072
-0.6994153
6.393859
4.749763
5.245568
1.558892
8.35585
5.424642
-0.6328993
5.552223
-0.9425968
0.1372646
0.84153
4.031684
-0.03143951
5.248834
5.134607
4.074697
-1.704655
4.710354
4.835941
5.225933
5.012327
5.253422
3.378772
0.6161429
0.1980626
3.990741
4.326164
5.358123
4.241771
3.223651
6.426151
3.924203
4.712649
-0.8604362
5.795954
5.972714
-1.587462
5.149184
-2.893092
2.347879
-1.098813
4.422515
5.343185
3.948828
5.222324
2.070434
-0.785129
1.155513
5.829593
-1.864527
4.969655
3.225971
0.07941341
1.988628
6.281715
-0.1117619
4.360072
3.443547
2.400852
-0.4869648
1.105038
4.273385
-0.0002579809
3.514437
4.702723
-0.1460747
4.895589
3.43254
-1.186921
-1.247049
3.272388
4.959589
1.721894
0.351169
3.680485
5.773661
2.696902
-0.4196903
3.377179
5.352053
8.012335
4.399042
6.10834
2.627259
-1.420744
-0.08382696
-2.42698
6.939458
1.45645
5.997037
5.342292
-0.2560719
1.366215
4.128372
1.527362
-0.6445606
4.826764
5.408708
1.796216
5.212262
5.148585
4.059864
6.819012
1.234424
5.493389
5.112216
4.537223
5.659214
5.057692
-2.917136
0.6339094
5.409706
-1.313818
4.648429
7.072795
4.915529
4.368775
0.6175341
5.57609
-0.05292082
6.005328
2.464205
6.846032
-0.7554554
-1.814337
4.15956
6.82573
-1.141833
4.733441
0.9298989
4.413357
0.2809604
4.552283
-0.8424426
4.53106
4.624479
-0.0720865
1.476173
-0.2912855
5.435388
5.036289
-2.28302
0.1094232
5.05456
4.000446
3.806867
6.069566
4.398756
0.04293924
5.293245
5.297991
0.246429
-0.559138
3.688515
-0.5167239
-0.1605525
5.700712
0.4834453
5.967211
-0.1648673
1.82155
4.579811
-0.1552315
5.06191
0.3031713
3.578855
5.421617
5.231359
5.965101
-0.1364615
6.256336
3.931038
1.268562
-0.9033784
5.121658
2.898596
0.3190215
0.8835348
4.522826
-0.2087253
2.825687
5.49064
5.8685
-1.220963
4.656124
6.448889
3.207627
-0.4047668
5.575589
6.319493
6.973459
1.547955
4.747612
6.723564
-0.7636853
6.562359
5.978894
-0.5585653
0.4774291
-0.1347942
-0.05395017
-0.04333802
4.126703
4.613255
6.401945
6.583154
0.07808538
-0.9487471
0.910062
0.7998964
4.788659
0.6444208
-1.208015
0.5391024
-1.160434
5.56558
6.312533
4.410738
0.01509072
-0.7267191
-0.9784937
0.2449085
6.408451
3.568362
0.7143545
12.47361
5.202924
-1.16547
5.956272
3.900523
0.4471805
1.1161
-0.3713018
5.46251
0.415696
4.075928
4.80187
5.924108
5.957688
4.647232
4.601222
-0.3703118
5.359302
4.920897
0.1058101
4.50195
-2.384262
4.249285
-0.6092327
0.3890096
4.505185
-0.1859359
6.385599
-0.4116386
4.339431
-0.04815507
5.434014
4.594918
-0.9575527
-0.2240543
-1.441071
3.015744
-1.954971
-0.6105446
0.3403568
5.421362
7.320328
4.849104
-1.291412
5.565288
-0.0937636
6.116804
5.862454
1.32035
4.648092
-0.4341347
-1.576013
-0.2649532
5.116514
-0.2448689
0.4143796
5.766741
6.15178
-0.9936049
-0.5956199
2.575862
3.507104
9.022892
5.321059
7.516458
-0.303083
-0.9361934
4.53806
5.975258
0.7355535
1.841866
4.552196
5.667187
4.573893
5.134588
5.424519
5.258824
6.474166
7.027431
5.639183
3.347472
-1.254681
5.731255
5.723202
0.1956038
5.361944
5.386817
6.745851
1.172548
4.037824
1.21521
5.364943
6.644648
-0.02476439
1.582508
3.509973
6.684935
0.4347995
2.995189
5.286762
4.692789
5.011494
4.711454
4.872871
0.2352895
4.806482
1.020801
7.900271
5.149566
5.107272
5.252692
4.384756
4.636321
-0.3952507
4.584267
0.1958787
4.049408
4.614532
5.688377
4.951926
-0.7127575
5.505965
6.227948
4.980726
1.699177
1.767532
4.061535
6.945439
1.802313
5.455121
4.860814
2.662482
-1.549249
4.643466
-0.2925338
-0.07864929
4.007499
5.802484
1.119747
0.6836203
3.805405
3.23387
-2.449771
0.8129538
-2.458659
6.434075
0.9926534
6.324774
0.4692722
7.171704
2.971644
5.546699
-0.3763325
-0.7596291
1.608522
0.2695873
2.497735
4.859319
7.154036
4.185332
5.719763
4.579556
-0.8687189
-0.3699433
3.62656
3.926503
-1.84102
-0.2859251
6.982815
0.2462765
-0.650579
0.4100055
0.7495016
5.735268
0.2552454
4.85131
-0.9075264
5.689463
5.348133
-1.093146
6.462253
5.527046
4.447488
0.3661136
3.759206
4.956807
9.231446
6.157709
4.796352
12.1762
-1.213921
5.611816
0.5821233
0.2565482
-2.432036
6.44758
-0.5048175
6.775749
-1.002727
3.963736
4.86222
3.230033
-1.55321
1.938426
7.106952
4.346794
-0.7820023
5.119279
3.80303
-0.25602
4.153421
5.803838
-0.154072
6.503989
-0.1639099
6.26851
4.753773
4.174444
0.01904719
0.1548481
4.550462
2.83988
-1.800572
-0.5744385
0.8232849
4.179953
-0.1591324
6.456406
-1.44235
0.3417171
-1.013491
-1.103618
0.6321662
0.318592
6.433162
-0.4099878
-2.33437
6.372275
-1.47609
5.725986
4.79338
-0.06857746
0.7852662
-0.5590044
0.8755308
4.888945
6.938306
1.279425
3.379676
3.643411
-0.2520919
6.420019
0.09395348
2.934911
0.3360555
4.740507
6.131593
4.801299
0.6618225
-0.9404286
4.080323
4.194743
3.513869
-0.9470778
1.141536
-0.9438292
4.452306
5.727049
0.9147282
-0.2515237
-0.5298775
5.443431
6.412648
0.2264183
0.1100192
0.7553101
4.95447
4.242614
0.006348689
5.692862
3.917085
5.209161
0.6072409
0.03795791
4.918033
-1.031491
-1.257175
3.971329
4.591361
9.865745
8.929939
5.356295
5.542218
-0.9297624
4.939059
4.833137
6.771824
0.0675137
-1.3263
0.02392583
-0.3297603
7.38172
5.948006
6.432731
8.3343
6.033965
1.224181
1.172569
5.160712
-1.856635
-0.6341578
6.01418
-1.377483
5.211385
-0.1566154
4.767702
3.670423
6.337582
-1.091347
-0.4883172
-1.845766
-0.8181278
4.28221
3.963511
7.236753
2.978967
2.153129
1.297968
4.384306
4.90153
-0.05197132
4.292269
4.878782
4.39164
5.348706
4.776824
4.70758
2.197026
-1.649032
2.764224
5.879838
0.2431612
4.586314
9.378467
5.118226
-0.7182665
3.677404
0.4546086
2.520483
3.823456
-0.09624889
-0.1584143
-0.06678083
1.171744
3.745033
4.464502
6.094903
2.295498
-0.990614
4.570975
7.301411
5.527111
4.787147
4.960424
5.757062
-0.1091915
4.520342
0.1145643
1.084959
5.531236
-0.8429979
5.99617
4.5433
5.826044
3.406896
0.6907401
-0.07981757
0.8165224
-1.214756
5.420511
-0.5689899
6.469952
5.519682
4.501393
0.7153636
-0.8063958
4.420181
0.665211
3.709285
0.9896552
5.636857
1.347437
-0.7220904
5.946494
0.1791908
2.919979
-0.5420832
4.015671
6.200627
0.8689836
5.96458
6.062108
4.122651
4.657325
-0.5058581
-0.6205354
3.825121
0.9690906
7.138966
5.356582
4.057831
-0.2246321
1.516217
4.72097
-0.313414
1.108419
-0.752852
3.307196
2.691119
5.301531
3.722176
0.6670975
-0.5771123
0.06889626
5.335557
4.126293
5.853746
5.101842
3.846548
6.143279
3.586557
4.865921
4.243305
-1.030622
6.515419
0.1656202
1.587888
0.6142084
6.442577
6.053773
-0.2026342
5.074208
-0.2476827
-1.456047
8.045648
6.001602
11.29042
2.260832
-0.1086072
0.9564241
0.3842868
1.023488
7.607519
4.755381
5.703971
2.468956
6.480244
1.483703
2.577718
-0.6686856
5.2502
4.567799
5.146608
4.681743
4.490142
3.701505
8.315439
5.442384
-1.198837
4.887245
-0.2395691
3.804206
0.3286075
4.334357
4.095043
-0.374137
5.388933
4.078845
5.3182
3.434186
5.737116
5.222306
-1.616686
3.98704
0.2533778
0.585213
4.628512
5.828501
4.511469
5.949621
5.74559
-0.4387616
3.724998
0.1931758
5.424029
4.953234
-0.03187274
4.570722
2.851318
-1.60849
6.714717
5.44621
-0.7672568
1.15599
1.129066
3.080311
2.271804
7.603594
6.354855
0.8623124
4.812826
7.103493
3.320078
5.004833
5.742334
3.566642
4.312843
-0.2946507
-0.233388
4.929049
0.05103627
4.844931
-0.07450302
7.36934
-0.1056012
2.706689
-0.8021916
-1.001489
-0.07136699
4.734272
1.454712
4.113701
4.891042
1.194682
-1.633593
-1.209326
0.9489324
4.165806
-0.497494
4.675329
4.192574
1.521995
-1.390881
5.39745
-0.328505
3.891275
-0.1238082
4.666588
3.888228
-1.935243
0.1990387
5.378683
3.882905
0.7010722
0.219104
4.176851
-0.09700226
0.01863079
3.626923
4.384501
-1.367925
-1.978926
1.179761
0.7339386
-0.2943528
4.037893
0.3001146
5.243139
-2.306539
-0.8120669
6.535991
4.413085
-0.9244125
4.908104
-1.062814
6.855806
4.757799
6.775041
0.4879723
0.7217567
5.68091
4.65241
-1.45687
5.127097
3.436035
8.900395
-0.2986421
5.172389
-0.6646785
6.005868
0.1641616
5.911931
-0.4591231
3.438025
0.2266468
3.251457
5.144383
-0.9557342
-0.4117753
0.08840855
0.02688573
5.020104
-0.6136255
3.920841
0.8688895
3.110252
-0.2585587
4.210786
1.761071
9.239873
1.99244
7.422829
0.03247473
1.185553
-0.7839072
5.017676
5.443289
0.7509722
5.882147
1.203931
-1.179395
5.642927
1.082331
3.128065
4.807006
4.483825
6.243448
5.133415
-1.172345
4.904051
3.386082
8.251624
4.973881
-1.475763
5.718565
-0.368289
-0.5699134
-0.4412389
5.404886
6.986325
-0.2554982
4.763584
5.661238
-0.2516413
-0.6016097
6.62364
6.911849
4.578274
-0.24378
4.931345
6.59246
5.884438
5.18923
4.781242
8.48903
6.034714
0.3567159
-0.9369488
-0.3268888
5.003855
7.353556
4.012377
0.03283677
1.73977
-0.2976951
-2.449717
5.133784
7.406804
1.814208
-0.2389715
-0.0576908
0.3965842
3.447362
-1.057209
0.4669351
-0.09091284
-1.114591
4.927483
5.102056
-0.3380256
0.7401995
4.943955
3.658687
5.057574
4.726792
4.188552
4.940464
5.777094
5.984264
4.550161
3.889882
3.8042
0.1097522
4.200183
3.506697
-0.2048875
5.69386
5.107963
5.077395
-1.122821
7.154616
1.081776
4.584383
4.600587
6.896199
5.434336
5.419696
4.471038
5.52461
6.186566
5.550423
4.364586
0.9184673
3.935241
5.932967
3.274816
-1.206065
-1.319427
5.236878
6.359716
5.273278
6.117208
5.146186
6.243299
5.160674
-0.2315005
-0.7895581
4.970028
3.595148
4.59749
4.643481
3.637103
-0.685015
2.943905
5.4623
4.771228
0.13451
1.004366
4.488128
4.940136
5.820315
0.1453395
4.379738
6.848924
5.04107
4.881968
-1.163839
6.829285
-0.1009549
4.880129
5.400907
6.247905
3.924611
1.894698
5.289751
6.089033
-1.276624
-1.119731
-2.815133
5.42222
0.0379915
0.1029366
2.903582
5.542454
-1.39481
5.38193
5.432053
6.655806
3.813913
5.512099
-1.843947
4.502587
4.024391
0.1195874
4.682461
6.485836
5.977208
-1.115438
5.499847
5.132429
7.633583
4.711752
4.23188
6.571779
0.5454834
6.504388
1.038596
0.04642619
0.2453674
5.089828
5.529021
5.393
3.326712
5.206579
3.930576
3.732803
0.5765395
-0.450911
3.992553
1.092093
1.544064
6.575038
-1.098209
3.588235
2.915722
5.034491
7.048513
-0.8519543
5.26363
3.748461
5.367746
3.753531
0.4034626
-0.838806
2.678306
3.963095
-0.8259122
4.969557
3.781384
0.6096312
3.979241
0.3336553
5.795898
5.739792
-0.5118207
5.957576
4.196314
7.036889
5.510236
5.997959
6.891135
3.616728
0.539973
-1.729958
6.229459
-0.2291361
-0.2919472
5.375777
8.256056
3.60209
6.947911
-1.363729
8.860593
3.637431
4.484896
4.483753
7.7776
0.5453208
5.285265
-2.217136
-0.4155047
3.959423
5.981062
-2.161101
1.121987
6.201215
-0.454492
2.714533
4.393227
3.8716
4.381662
-0.003355574
0.5782432
6.796658
3.694491
-1.246784
5.637898
6.865394
5.240634
4.345096
5.574989
1.307128
1.662612
6.221776
-0.856836
4.407259
6.36013
3.039045
-0.6886665
5.501615
0.2016897
5.199413
7.849477
3.014153
4.775314
-0.3390205
5.025458
6.508266
-0.6730407
6.073843
4.045804
1.354543
4.68145
6.824073
0.5371743
3.776342
-0.9050736
6.954469
-0.1274845
4.321231
5.083162
0.849742
-0.349432
4.138582
6.226631
6.627531
1.432351
6.393883
5.923859
-0.1706701
4.808702
7.685706
3.607025
-0.1314628
3.034773
2.886233
-0.6797148
7.744401
4.836893
-0.9052638
4.7891
6.488772
4.719981
4.37591
5.838813
4.403013
7.268968
-2.313968
5.414451
5.867869
6.384839
0.2495172
2.601903
3.12144
0.2942441
5.857594
5.540791
-0.33235
-2.220064
3.917154
4.965333
6.306363
0.04631369
-0.5916594
-1.203111
3.775524
0.6622473
5.457682
0.6149055
-1.364361
5.793863
0.3899409
4.742432
0.3984
-0.5449315
5.108008
0.0191401
8.462936
4.342184
5.834167
-0.1945197
-0.7470423
-0.9298462
4.921057
-1.906232
5.21066
4.243025
5.940821
5.016404
-0.603649
5.855413
-1.172421
4.067361
-0.9481138
4.132021
6.383475
3.147043
-0.3936701
6.049595
2.932938
0.07584074
5.42831
7.065677
4.093216
1.072583
5.177161
4.649377
4.507539
-0.2157934
0.410547
4.29657
-0.04958448
0.1406936
6.315387
-0.02371322
3.749032
4.890948
4.108194
6.637277
4.653008
-0.08158248
4.169271
8.824935
4.443719
0.7704068
5.895702
5.454344
-0.8884337
0.9164066
-0.6919579
-0.2125641
1.290306
3.558991
-1.319471
-0.4180281
4.413519
7.561542
-1.128582
4.647732
5.805912
0.625762
0.1136514
-0.2012321
-0.213148
6.616722
5.662081
4.575812
4.413384
4.901023
0.25012
-0.6480379
5.137781
5.163753
-1.950713
5.138673
-0.6304182
0.8511907
5.302755
0.1020549
5.567569
0.05112658
4.074815
5.959604
3.388681
5.662774
5.444483
5.827811
6.101668
-0.1885034
4.173646
5.215826
-0.3203098
-1.144634
0.3323878
4.457117
0.4687404
3.279497
0.3240917
-0.3487504
-0.7010988
2.403606
4.431875
1.185613
4.29157
3.522897
5.061901
1.432885
4.645241
0.7460058
5.086569
5.837997
5.751098
0.9318653
-0.1285627
10.01512
4.159134
3.797756
5.054953
4.784807
5.008779
5.170676
0.4770055
5.220182
-0.9914116
4.918741
-0.8216396
0.2190005
2.787824
1.855072
0.4568094
-0.279882
-0.2923444
5.503426
5.068196
1.839895
0.01982325
6.121877
3.66767
4.073191
-0.9667589
3.654796
-0.4333863
-2.333547
5.922922
-0.3206081
3.699085
-2.878624
5.457298
0.9731621
0.7807696
5.84371
6.383969
5.603995
1.686334
5.0236
4.553493
-0.8765443
4.411229
6.739494
0.5744635
4.128311
6.390686
1.880692
4.187551
5.758347
-2.071785
-0.4570091
1.087132
8.576569
0.3519217
0.8241154
-0.02399709
-0.6486621
4.842696
5.730017
0.7587731
4.836723
3.899518
-0.1173957
3.948187
3.399858
0.6263589
3.70153
4.997859
0.05903142
4.931243
1.38181
0.02489798
5.390629
3.113044
-2.294029
5.292943
-2.091921
-1.618848
0.6336356
2.978632
4.914212
6.149967
0.7093064
3.510465
5.404649
2.678358
0.6745951
1.009477
5.102741
-1.314246
5.38143
0.2148036
-0.2279446
-0.6072597
4.964189
-1.901511
5.037142
3.436379
4.486139
0.357727
4.958606
0.4187157
5.014148
7.959973
5.155775
1.183456
4.757841
4.352431
5.305299
1.735103
4.736435
5.757203
-0.2441107
4.802388
-0.0252784
-1.051541
3.004359
5.795058
0.408786
6.437351
0.3352286
-1.185046
5.469742
5.788749
5.321767
4.69635
4.105776
-0.9199475
-1.325618
8.448443
5.750389
4.027921
4.760123
4.156434
6.330427
4.709843
4.525117
-0.3436612
1.154547
4.884367
6.416103
5.045796
4.113163
0.6480747
4.754925
6.806017
6.053514
0.4029155
4.680577
4.478637
-0.6738701
4.706289
-0.6165772
-0.3428736
-1.085448
2.576182
6.417484
-1.754845
4.141023
4.072772
5.658909
0.2291846
4.050375
-1.04914
5.255183
5.30688
-0.8744502
1.859168
4.80334
3.753986
4.995893
1.637411
0.01984323
-1.118009
4.332608
3.651208
5.018665
5.59621
4.690905
3.83409
-0.1409547
6.074666
4.482513
0.07487044
4.819993
5.057328
-0.174127
3.966869
0.2213071
3.601833
5.454321
2.287727
6.031208
5.100549
6.465427
4.635651
4.252149
3.992681
-0.3594694
6.394411
5.720236
-1.584313
3.727875
6.261508
-0.4666309
0.3728219
-0.8116827
5.117862
5.92726
2.650891
4.049853
0.04621948
0.04265328
4.89175
-2.130267
4.023078
5.804893
0.7561678
-0.5032986
2.216332
3.972894
3.311334
5.568443
3.776967
6.279689
1.069956
-0.302535
0.1608627
-1.175644
5.823836
4.802096
6.186152
0.9564903
-0.2064106
-0.09587176
5.876369
2.203433
2.983044
5.742106
5.875691
-0.2917123
4.574596
0.881089
0.1388667
-0.2193994
12.06299
8.878537
4.190117
-0.5225436
2.0739
4.49448
-2.586172
5.8006
5.692772
0.9462332
-0.0420919
6.031029
-0.7187866
5.254374
5.042958
0.0486214
8.378988
5.013961
4.859352
1.925899
-1.146966
5.209876
-0.6258793
1.037887
4.006971
4.479968
-0.1687698
7.584295
-0.9201434
-0.4826411
-0.7557249
5.025963
3.55324
4.920394
-0.3993544
5.525489
4.451326
3.348652
-0.3403572
6.033745
7.018947
0.6677448
-0.6634703
0.452636
2.111238
3.724278
-1.523567
-0.1396562
5.811775
-0.7390667
4.915508
5.41935
-1.047764
5.035423
3.429054
4.874956
4.816948
-1.621242
-0.5707815
5.380499
-1.164698
4.829779
-1.774981
5.416206
4.60996
5.55069
-1.479968
-1.177218
-0.4082458
5.86377
5.674868
-0.9251463
-2.013998
4.951042
4.962551
5.178065
4.937914
-0.3834683
-0.4440425
5.007528
-0.3512828
0.2656875
4.633636
0.4919799
4.513768
-0.3999201
0.2256063
3.258246
4.059685
1.476687
0.3247607
6.491813
3.876476
4.224246
5.58371
8.530464
3.596525
0.5890507
-1.182887
3.053252
7.135849
3.717285
6.782261
4.696348
4.905904
4.147904
0.7843606
6.87014
-3.020955
-0.4304243
4.740819
4.146809
5.069003
-0.2222278
4.520161
3.77391
-0.1947004
-0.9278631
0.3095632
5.288502
-1.231712
4.504135
0.03115492
3.828707
1.986256
2.514857
-1.316123
5.53896
-1.017129
-0.00342237
-0.225172
-0.1231811
3.35422
3.344466
-0.3764609
2.942843
0.6041996
4.501278
4.992496
4.879098
3.138929
5.646059
-1.514111
5.083729
1.35482
5.12808
1.51703
-0.6915035
-0.3973545
3.243341
11.32962
1.171272
-0.5039917
3.25366
9.487402
-0.3074036
5.546825
5.667776
1.237447
-0.7224094
7.755779
5.096028
4.956275
0.9513699
6.672632
-1.414808
5.635439
4.719407
-0.9593933
4.906138
4.632452
-1.859567
5.449251
4.3755
4.779864
-1.174141
0.3613508
-0.8370562
1.066814
1.313659
5.217477
6.61761
-0.9855857
5.001083
0.910443
0.05283913
6.015437
5.242263
6.319262
3.502319
-0.6516802
-1.646966
-0.8723318
6.960922
2.293845
0.9400838
6.933623
4.13682
4.964603
4.848001
4.547232
5.602547
1.440504
-1.27721
4.931818
5.677736
1.50324
5.350442
1.07726
5.419451
0.9454105
6.31488
1.497826
4.693769
0.2438489
10.7823
0.06320543
0.5884476
-1.012412
5.038285
1.539211
4.503492
5.43888
0.920473
-1.64577
8.101912
6.969503
3.836194
0.8121633
4.455218
5.413776
5.248629
4.561684
5.001067
3.513727
5.625195
4.384568
-2.15468
3.37389
5.246495
5.39782
4.884655
5.653727
-1.971367
6.242837
-0.3349292
4.128483
-1.126633
0.2872344
0.8729183
7.277371
3.53445
6.380457
4.437923
4.816198
0.7449239
4.665367
3.83209
2.363409
7.517572
0.06513985
11.27126
-0.9608148
-0.1862895
-1.188805
-0.09464466
-0.1385746
4.790387
6.557496
6.141931
-1.533793
9.396949
-0.2570412
4.417021
4.750932
5.676554
-1.603405
1.046377
5.140549
4.817642
5.868465
5.672414
4.442836
2.156224
0.2379719
0.1795412
0.3204661
-0.9766858
4.197923
4.853602
-0.2453839
0.2405655
6.471371
0.5931289
5.264468
5.902252
-2.021631
-0.5175789
6.584987
0.7869844
3.088701
4.918879
0.1614549
1.365129
6.533191
-1.413285
-0.5801471
4.154181
-1.12633
5.949387
9.53093
0.8990724
5.326367
4.303564
4.192174
6.433228
-0.206787
5.221867
5.445175
4.563912
4.267612
1.434636
-1.798472
3.726876
4.008295
4.811393
5.417742
5.364694
4.569677
4.148243
0.7054782
1.167578
4.771121
4.65774
5.474435
0.8159748
0.7273826
5.367088
4.281696
5.417934
-1.057749
4.811222
-0.4564313
-1.14426
5.297859
-0.6141427
-0.8064899
3.875279
-0.5694991
1.606512
-0.7573264
5.162481
5.816233
5.632846
6.233972
6.087836
-0.2202636
-0.026923
6.60081
-0.8226097
4.128661
4.959505
-0.1386715
4.699412
-0.05266066
5.310048
3.158687
1.147571
4.168859
-0.7556673
6.044584
3.04977
5.688666
-0.7562576
-1.645589
5.007598
3.103616
5.8991
-0.1577471
5.979725
0.9529375
7.633915
4.718127
0.5452185
4.744841
0.2087283
4.223039
6.872729
-0.697827
5.602955
-0.169116
3.45737
-0.1626784
3.782858
-0.6512113
5.747129
1.295999
4.745551
0.3740388
0.2091994
4.650297
1.943985
0.6889254
3.971638
3.683068
-0.8141666
-1.771753
4.825323
-0.1244722
8.005331
5.249847
-0.5301479
-1.751282
4.835536
-1.899171
0.2125274
0.3436861
4.07722
-0.616726
-1.342411
-0.5195435
3.169367
6.689548
5.495137
4.586852
4.728375
4.731212
4.797702
4.346767
5.246909
4.773407
4.310871
5.205702
2.382981
5.130114
0.962639
4.917941
-0.09266276
-1.1552
5.521953
4.246446
3.994702
0.9333097
4.319937
-0.3253237
6.725938
3.459008
5.654741
4.183224
4.322542
0.2233707
0.1869821
3.885701
-1.736857
-1.645985
1.76457
6.537798
4.924172
4.783381
1.022531
6.647565
7.106376
3.649465
-1.767241
2.673437
5.312298
0.9857273
5.352479
4.555583
5.427045
1.603013
-0.879783
5.676007
4.353606
5.760632
4.009058
0.5057855
5.147398
0.4890937
7.756243
8.838246
5.685314
0.9815655
4.970516
0.5537248
5.212117
5.707809
1.56951
4.708508
4.083607
4.802724
-0.9411919
-0.486831
5.215849
5.272219
4.764636
5.332249
6.478958
0.4401231
-1.713551
-1.940218
3.526168
3.751905
-0.3185384
5.359504
0.1601508
0.4164979
-0.6583871
0.8283423
7.161239
3.120527
-0.9146767
3.56095
4.569286
-1.700746
4.412287
4.314576
5.016661
-2.057011
6.538371
2.545443
0.7360453
4.16306
3.992088
4.918161
-2.089076
2.389259
4.912131
0.6330895
1.158152
5.367305
4.763324
0.2509494
6.750904
6.62849
5.633917
-0.06556551
-0.6469192
5.711562
4.626184
0.5233988
3.15165
3.793689
-0.4623193
4.37572
-0.09264122
5.001773
-0.2916606
7.465234
6.00289
-1.008236
0.1589225
5.512657
4.763445
6.296474
0.702309
5.037267
6.03569
5.141676
1.674095
4.790084
1.380607
-0.3123413
4.949502
0.4809433
4.243055
3.922022
6.222788
4.298857
4.191703
5.041509
3.367205
5.222665
6.870897
-2.075624
1.798747
-1.17606
-0.8478272
-1.77356
4.4213
2.505562
4.081748
4.251225
0.2845123
4.17755
-1.737214
5.050379
0.8661134
0.2203762
1.713978
2.455825
4.279
4.049483
-0.3681309
-0.4849064
-1.055837
-1.084464
6.821697
-1.638769
-0.1412065
-1.088571
5.493907
5.498507
6.307113
-1.287546
-0.5390803
-1.850236
5.238859
5.75599
5.812657
5.802896
4.854993
3.220448
6.262752
5.452553
5.173147
4.479137
6.540643
1.044297
4.887006
4.621068
5.64014
0.1990226
-1.325773
5.515765
3.16645
1.07433
-1.099054
3.888097
5.892148
4.534116
4.199153
3.043222
4.44924
6.016556
-1.158416
4.60133
0.1375861
4.531685
6.227816
-1.228592
5.937615
4.389123
5.298667
-0.5916395
0.555879
6.428733
-1.110803
-0.3783199
5.883905
2.789498
-0.9017735
-0.4022358
5.95319
0.2053538
4.628073
5.826628
1.039191
-0.1942445
0.5485696
4.704245
-0.8937738
-0.1026524
4.228243
3.388548
4.973359
4.14148
6.507713
4.311857
-1.260212
-0.3278243
-0.3394645
4.282886
3.642828
6.633636
6.134388
-1.240099
5.668182
3.59722
2.542474
-2.137299
5.074316
0.4245374
-1.269533
6.825894
2.031155
3.926861
4.213057
5.886046
0.2157747
4.380911
0.6347514
-1.976247
-0.1720228
-0.5533128
5.686586
5.84737
-0.216168
5.169819
3.893972
4.986097
2.79095
-0.6185077
-0.4194523
3.785093
0.04764343
5.114469
1.400837
3.381688
5.142905
0.3759547
14.63679
5.311113
3.201274
-2.539911
4.884455
4.429881
0.3221778
0.8109636
10.02261
5.297875
4.304866
4.313608
5.137559
5.346424
2.260687
0.2233972
0.1401266
3.280809
1.36195
4.229276
0.4001499
3.451891
4.398569
6.064993
4.286156
0.7495308
2.905669
0.01586277
5.248967
-0.2775695
4.331115
0.1257309
5.888216
4.643034
-0.49797
5.706325
-0.389352
4.554288
2.299284
0.4547116
0.1775791
0.1212192
5.259934
5.479042
0.4139735
4.412167
0.5219637
4.480013
4.918487
4.687225
1.531565
5.169511
5.78946
5.380014
10.14771
1.783758
5.61876
5.387462
-0.8223431
3.583231
-1.505118
5.311608
-0.4980622
0.3286018
4.234211
5.087156
4.37573
-2.862823
6.634943
3.949879
0.1848507
4.256794
1.307164
0.4818575
5.376134
6.112419
0.434065
7.819383
5.745801
-0.1856329
5.166736
5.673805
3.109816
-0.1202293
5.831227
-0.6896221
4.080002
5.932312
6.516606
5.184165
6.151285
10.63639
0.2857485
5.562121
5.659635
0.0284135
0.9025941
0.5886653
-0.2657768
5.074008
-1.922512
0.01856114
5.52625
6.493646
2.184064
3.819899
0.523543
5.675496
1.283728
0.8712695
7.059347
0.6976445
5.330339
11.61862
0.6515954
8.425593
-0.5912509
3.70681
4.352108
3.370094
5.725338
1.490917
3.911681
-1.423917
6.753267
-2.869506
0.1995185
-0.7781031
0.9864937
5.87479
11.52296
6.949297
5.644586
5.37227
7.067118
5.756033
1.101811
4.069162
5.585584
0.4696912
-0.086129
0.00412637
-1.632203
-0.06933776
-1.650126
0.3594458
5.282401
-0.8550621
-1.488492
5.764331
5.531973
0.7633766
6.073454
4.736679
-0.5311237
6.381599
8.369423
5.47894
5.041329
6.792829
6.461562
-1.282664
2.407865
0.3177286
3.916631
5.395102
2.039941
5.617267
0.1091506
3.969849
4.108715
5.229746
-0.2333214
4.506997
0.6719067
5.020931
4.960542
5.188089
-0.2735448
3.185681
3.04198
4.658855
4.538143
5.473
4.087281
7.150942
6.525185
4.185322
5.620932
4.503286
0.2888452
6.179563
6.336134
4.170283
-1.010144
0.1018433
6.163533
-0.6247927
5.914457
1.168178
3.506923
-0.342084
2.345822
1.00041
-0.4045072
0.08294099
-1.676981
4.800807
4.951372
4.455932
7.204483
0.9245624
0.4093161
0.1452518
0.7142165
6.128243
6.101168
0.00811935
3.916949
-1.28578
5.336162
0.1998667
8.00358
1.52742
5.900937
0.8875013
5.350955
1.331822
4.084115
4.410254
4.829409
5.256924
0.4261945
4.216425
5.753675
5.507408
4.44052
4.762645
5.202299
5.356036
5.036877
3.711693
4.334436
4.949633
5.871343
0.6544804
0.9017086
4.233265
5.527136
-0.3324719
1.251077
4.579304
6.055876
1.190596
4.793263
8.03639
-0.3818511
-0.4462132
-0.2634189
-0.301812
1.156493
4.932449
9.81981
5.248306
4.203417
0.3865568
-0.05405108
5.052993
0.8352622
6.542764
-0.3634919
-1.488808
0.7450633
6.237807
3.2138
6.318329
-1.231686
6.479976
5.980844
2.067068
5.600832
7.545303
5.748705
3.59429
5.74321
-3.744362
2.491373
-1.129212
-0.9497635
5.582968
5.332531
0.9961999
-0.08508721
0.3461866
3.340476
6.005962
4.356029
3.898277
5.485035
-1.725797
0.09631763
0.09208993
1.326649
0.2722932
0.04422592
6.227138
4.68314
0.5341857
-0.0462359
1.698985
0.5668579
3.605514
1.665313
-0.5226122
5.869013
1.020626
5.84982
4.807937
0.531114
4.190256
4.447109
4.369808
5.067928
4.149487
5.372591
5.315171
5.033762
0.1660135
-1.758881
0.8120573
3.984438
-0.8481108
6.171184
4.969889
4.959776
3.279364
1.187483
5.169348
4.29069
4.599801
4.90997
5.488052
6.129777
-1.346821
-0.5807995
5.340488
-0.1106381
4.65548
5.104631
4.165388
-0.09079434
-1.975282
0.3946806
-1.458905
5.079945
4.327432
0.2240555
0.3162233
5.521172
5.545693
4.200762
-2.300886
-0.03619941
0.173883
6.019821
3.470093
4.047053
-0.2325686
5.127404
4.278049
5.940276
6.466534
0.1442042
0.1851075
4.927974
0.4761124
6.739527
5.055502
4.520599
3.318539
3.669114
5.658538
-0.4408257
4.491154
4.021266
0.07044285
4.356188
0.6407292
6.174784
0.4380563
5.345825
6.160799
3.758293
-1.104686
3.670593
5.578508
0.4573422
4.832259
-0.4782122
4.527108
0.4122248
6.153856
0.6095848
5.989058
0.1721852
-1.060068
5.269648
4.549297
4.856014
0.5485201
-0.7256374
5.196483
5.560473
5.677348
4.755785
9.945651
7.246315
5.921121
4.913797
0.6182498
5.792643
4.691043
1.080203
0.1604304
5.574274
5.80096
5.632026
1.324724
2.948736
5.796993
-1.518014
5.152492
5.408653
5.429069
-1.670798
0.3706194
5.863195
-0.7600562
-0.2313832
0.4780577
4.990629
0.6989858
0.3275251
4.088207
-1.0269
0.8083962
0.845428
6.453277
2.268576
5.738042
5.670148
5.665335
-0.5898486
3.422836
-0.02159064
3.023995
-0.9906499
4.729255
4.422265
6.431611
3.884419
4.25805
3.431699
4.333963
5.475969
5.548232
8.782341
6.803903
8.682625
5.940235
5.279488
4.681384
6.017204
3.759866
4.936123
-1.156388
-1.042631
-0.002352783
5.158517
-0.8330561
5.354266
8.151417
0.611569
5.453736
-0.7616145
3.865831
0.3255674
0.6123269
5.406302
5.014573
4.514229
13.51629
0.4901751
5.0832
-1.637639
6.178079
-1.184404
4.2642
0.7184354
6.114119
5.738729
1.206112
4.728123
3.306498
4.748733
5.170811
5.585895
5.398307
4.520439
0.3282554
4.3241
4.60883
-0.6587634
5.389088
4.939665
0.5021251
1.137406
-0.2779373
5.651211
4.536649
5.852296
3.200818
-0.9423488
-0.003202823
3.871773
6.821231
-0.1443748
2.108193
5.699629
-2.129827
4.317447
4.651731
6.124426
0.914759
0.1809929
4.24022
5.73116
0.0672791
-0.3619564
-0.02792318
0.4653659
5.19604
-0.921621
-0.2300238
4.594872
-1.536537
0.2515859
5.631126
4.590687
5.073677
0.3040172
-3.441223
4.968619
4.317361
-0.8306847
-0.1634205
1.025042
5.558109
-1.356943
-3.844792
0.1402695
3.57326
-1.725965
8.289584
-0.382259
-2.089311
-0.4243984
2.954681
3.22032
0.5791724
5.692141
4.379572
-1.355489
0.5072747
-1.889944
4.893054
0.3106876
0.1224198
3.758407
1.181045
6.088641
0.179981
4.139824
7.085519
4.013896
-0.4133232
5.070652
6.564846
-0.2525624
4.09172
5.781174
0.1258966
5.820711
-0.1387546
1.092649
6.343644
0.4066288
5.302624
5.560199
6.317088
6.056906
2.034245
4.942468
5.285031
5.104603
5.207918
6.652557
4.936223
-0.8605137
-0.566571
5.327049
2.24112
7.04058
4.106806
6.491857
0.04954299
3.967285
-0.5299137
5.415709
5.290159
7.000022
-1.403881
5.585248
6.119799
6.614041
3.944986
3.430887
8.788582
6.056832
3.561448
5.844745
6.022265
-0.3688475
-1.374077
8.826414
4.288557
-0.8934484
4.904382
3.432769
5.339964
6.845205
3.668528
4.458939
-0.5421732
4.320504
4.422612
4.471667
6.359423
4.352338
6.620063
6.626092
0.5317184
-0.1922459
5.258785
5.602296
5.742306
4.80284
4.50595
5.62705
-1.192715
5.747914
1.601728
-1.081454
3.561799
0.06240481
0.7695654
6.141564
-0.001818712
-0.4356708
1.498847
-1.489443
6.427885
1.606833
6.152116
4.420493
6.001731
3.963635
-1.792397
5.039257
-0.4360051
3.01516
4.162319
-0.1352161
4.537979
4.941139
2.592176
6.750068
5.145728
0.1012559
1.341138
3.932423
-0.01948301
7.248813
5.211014
5.463696
4.08897
1.40467
0.5552439
5.433243
1.827212
4.703388
5.098918
6.295858
6.680712
4.554691
1.876942
1.146945
3.349089
2.905545
0.7216724
7.102625
4.50103
6.533178
5.046666
3.354204
4.767918
4.957214
-1.580114
-0.9057884
4.819541
-1.648119
3.387258
0.08404111
4.962291
0.3277231
-0.109373
0.07500203
-1.263303
0.547574
5.334102
1.167785
4.788867
-1.198759
5.855209
0.1020085
1.010242
2.008628
0.7144319
2.449261
5.490921
8.121935
5.358373
-1.174965
4.23637
2.580055
-0.03608179
5.834153
-0.5504958
3.61596
5.371173
4.214161
4.408097
0.155327
-0.227384
-0.7276106
-1.204658
-0.1632694
5.784182
-1.161713
4.456686
1.166922
0.8371324
-0.2737475
-1.590013
0.05980166
-0.869097
0.5657144
6.414213
2.907066
5.879707
3.003568
-0.4706071
5.252288
1.179472
5.389081
-1.98243
4.487549
3.565602
0.9500897
5.427813
5.021144
0.3340465
-0.1711084
5.955395
4.474517
5.77956
-0.04403626
5.235199
3.23266
2.149403
6.116257
0.9072815
4.106939
6.314426
5.624592
5.731023
9.301227
4.652281
0.2316772
6.144308
5.385625
3.565741
-0.8725532
1.312742
4.959175
4.984826
0.3445971
5.26812
4.492999
-1.182163
3.901399
6.087784
1.955049
0.6136983
6.279357
-0.9103365
5.929352
-1.472683
3.506374
-0.1984763
5.915757
3.721489
4.87833
5.349893
1.830664
0.5028648
5.436718
0.8353323
0.7686364
1.083423
-1.292389
0.1362442
2.211796
4.794363
-0.06471153
5.830673
-0.3277519
3.880004
1.015376
4.35535
1.900029
-0.6501951
4.252255
-1.134514
0.03340859
6.083099
0.4054432
-0.2992514
0.581571
7.446295
1.019038
7.705563
-0.6053719
5.65864
0.2847605
7.152126
5.348766
6.060993
-0.2945714
-1.20636
3.436591
5.954866
6.714311
6.076171
0.7814522
4.05776
4.193507
-1.07063
5.835685
6.12838
5.971675
3.338609
4.175559
4.991124
3.184489
3.565649
-0.0630521
1.357813
-0.8450111
4.98208
4.491012
5.845119
2.631218
-1.599763
-0.079449
1.801763
-0.435727
0.2468538
5.814299
4.249538
3.826042
4.910579
0.8281775
7.183842
5.532821
-1.334888
0.7714769
-1.228139
7.749122
-0.114297
7.616685
0.1675891
4.903862
5.106371
-1.33319
5.029822
0.4461863
2.126058
-0.647725
4.927769
4.414526
5.281754
0.6208954
-2.008351
7.694695
5.41936
-0.1803963
4.49057
0.299915
4.574174
4.871496
1.711054
0.3180158
-1.065039
5.561187
1.67831
4.71482
-0.9874784
4.078981
1.259192
6.694291
5.777268
1.629232
0.04049239
4.803964
1.106884
-0.4717566
5.725865
0.1302405
5.31284
4.951728
-0.8077332
6.647708
0.5072183
-0.7940259
0.4351223
-0.3591083
4.916197
4.965869
3.312794
6.578371
4.242271
4.724459
5.195795
4.819383
-1.306374
5.650433
5.239491
-0.2508132
-0.7690384
4.338459
-2.165164
0.6473701
3.909916
-1.163306
5.461463
6.19125
0.5970192
-0.3153701
-1.646014
4.81309
3.421714
1.723637
4.213688
6.900383
1.372847
-1.955922
0.6400865
6.228957
0.5347874
-1.273375
1.550648
0.5656981
-1.086203
6.293986
0.6771757
3.769217
2.700102
0.5805519
3.34216
-0.7004196
6.833047
7.231475
5.784687
4.342485
0.9622434
-1.495269
-0.007282407
-0.7409354
-0.22411
5.893666
4.209657
-0.9004467
6.111283
5.526488
1.563964
0.2558601
-0.8254558
-0.348385
3.573614
-0.4458713
5.539226
0.477398
-0.0002413841
-0.8594603
0.9710212
-1.46401
-1.195962
5.974408
5.170383
3.466481
4.542557
-1.278055
-0.6418637
-1.248849
5.793036
-0.229574
4.209044
4.10333
5.258045
5.532971
-0.4121091
5.021901
6.839233
4.954813
-1.061413
-0.01114336
0.4936111
1.227493
7.604055
-0.06814165
6.266817
3.363041
7.267917
5.755441
3.586012
0.8106003
4.629949
5.451124
6.663466
-2.472186
0.6366629
5.360394
5.793239
0.282918
2.317647
2.400258
0.6875877
5.286552
5.668997
10.1428
5.468343
2.582173
4.313997
2.959056
5.395863
4.916952
-0.371577
6.205095
-1.75841
10.38989
0.1850826
7.335679
0.7707016
3.327646
-1.569955
4.257581
-0.3637377
0.5147624
5.559669
0.319154
-0.5204499
4.328623
5.037572
10.98277
5.089171
7.017871
0.6922118
4.216682
-0.2435559
4.852559
1.430879
-1.094778
5.748896
1.758409
0.6991667
0.3284005
-1.0637
-1.071407
4.388447
-1.167034
5.821832
-1.456619
5.860371
4.247967
5.340298
4.135558
0.1385426
-0.03346244
-1.605696
0.01198143
5.994702
1.096483
7.049375
-1.320925
0.2101319
5.92432
8.781933
-0.1470542
-1.182095
4.848438
5.637302
5.338134
1.814154
4.839741
4.683184
6.882528
-0.7897828
-0.3697185
0.3320505
5.848959
5.871386
5.701173
-1.440821
-0.4920877
1.048845
4.337868
3.688494
0.995047
6.979325
3.147515
1.556307
5.768602
-0.2039777
5.172922
6.752379
4.861184
4.940369
5.479794
5.281255
3.985492
-1.808446
4.98101
4.401878
0.1962701
8.91976
6.063763
4.948119
0.5761052
-1.165264
-1.177852
5.908448
6.111016
-0.5757006
0.01195367
5.402852
1.065815
2.846666
5.580248
3.945568
5.866254
3.773785
5.699268
0.3124243
-0.4374327
5.190671
3.488947
-0.7675465
2.567162
-0.6359572
6.051325
0.5560684
1.195931
7.62494
5.917796
-1.510009
-0.795381
5.304061
4.384828
3.792045
3.998215
-0.3650997
4.345758
5.068187
0.7094491
5.429542
0.2611234
3.672049
7.194822
-1.533547
-0.8014388
0.3244278
4.640663
-0.9391512
6.829514
5.267212
4.730856
2.61981
5.025063
4.709751
5.108937
0.1339065
4.777638
5.967354
-0.08828971
6.371778
-0.7363127
6.026033
4.278024
5.442313
5.32343
5.671302
-1.140226
4.997398
-1.720989
-0.9866796
2.542284
1.909685
0.1627029
-0.7661802
5.829285
0.6673995
3.205933
9.068309
0.2981689
5.497378
4.461674
1.873846
5.295418
8.747424
-0.7541194
2.053857
5.314865
3.315776
0.6873668
3.173006
-1.035987
-1.278684
0.3249155
7.446036
1.287734
-0.1232443
5.267002
5.131099
5.425536
4.614783
6.186378
3.196013
4.173285
4.256492
5.812947
4.462568
11.35377
4.298574
5.76059
-0.0474892
4.390611
1.146139
4.970186
-0.7549194
-1.756692
-0.2046222
5.745658
0.9407692
3.355196
1.578585
0.5949507
4.247291
0.8389594
5.620816
4.544147
4.620571
5.795682
0.3996473
5.692459
3.537309
4.507576
-0.5333791
-0.7432403
1.11473
6.554108
5.416235
-0.4116228
-0.1848774
5.117733
0.4152425
5.028142
5.617922
5.554326
4.509733
5.614752
1.214969
5.225651
0.6664575
4.167979
5.12304
0.05268055
0.3210924
4.517812
5.278356
-0.05287094
5.275225
9.592145
0.08052088
-0.2856197
5.787804
4.943675
5.029882
3.889612
-1.814508
5.093044
4.392624
4.417641
4.617343
5.224623
1.951531
0.5902647
5.217898
4.302359
5.854702
4.68726
2.941609
2.94676
3.545142
-0.2099225
-0.376016
5.003761
4.28702
-0.946989
-0.6579371
3.961283
4.560796
0.4874695
5.124795
0.5808593
-0.2682677
3.97936
-1.400392
-1.458498
3.611781
4.790655
4.466517
3.885752
5.904816
4.669454
0.7708857
3.558639
4.514168
-0.3838413
-0.2201489
6.584056
4.447648
4.095776
5.73974
9.983743
5.094921
6.858893
4.046733
-0.8350993
-1.116295
-0.141383
-0.2090115
3.317289
-1.702959
5.951125
0.3019953
0.1305679
0.4996867
7.118261
4.498279
4.756872
4.474556
0.2899206
5.4279
5.567483
4.74196
6.03698
5.947249
5.263011
5.242944
-0.5206029
0.6296306
-0.7073658
5.488147
5.00002
-2.133287
0.0009456937
3.02863
1.644547
5.077719
1.368676
4.926904
0.4978416
4.880067
0.03016176
7.331357
4.76635
4.903467
0.6631529
0.8535628
3.767419
5.886766
-0.4297667
5.598449
-0.4709754
5.259708
5.080254
0.2831102
5.828047
0.2843012
0.833559
2.657137
4.665418
0.8539053
5.075019
1.378152
5.066254
-0.3018553
5.207031
5.105134
0.5378343
4.302944
6.13955
-1.111043
3.626277
4.825714
4.878281
1.515939
3.418583
5.022089
4.481203
3.351641
4.126997
-0.07268653
0.9811971
5.862035
3.86668
5.17683
5.230103
1.096366
6.769937
-0.9836549
3.954284
1.144972
-1.906611
-1.429777
1.042141
5.419348
5.83941
-0.9933013
-0.7236694
-0.563878
5.142479
4.946508
0.2336251
5.046247
6.443963
-0.5061622
-1.487786
0.2731441
7.139475
4.514274
5.551786
-1.644268
4.036343
-1.022041
5.810035
3.764512
4.60677
3.999759
1.423123
-0.3334038
5.429768
2.11961
3.921568
5.448078
-0.6007889
-1.222331
4.619081
4.940133
1.688581
-0.2354609
6.09781
5.397477
-0.68137
0.3114884
5.15529
-0.6122111
5.493724
5.417472
5.154353
7.105933
0.7443504
5.052605
-0.819875
0.3747864
4.658233
0.6598421
4.833112
0.3585628
0.7415564
2.976606
6.876822
-0.07228882
5.998513
5.215641
0.2425928
0.1760174
4.50428
4.965836
-0.7694123
1.375385
4.263561
4.429078
-0.0920362
5.948012
4.741508
4.571498
-0.7841591
6.939746
5.335837
6.726561
4.573014
3.01834
4.640797
7.106902
-1.021687
0.03613256
1.005267
0.4083375
3.520531
4.91902
0.6554759
4.934607
5.46418
4.385042
-0.9013712
3.862204
5.217943
5.99785
1.305268
4.892021
4.552811
-1.116291
9.979922
6.096453
5.077259
3.483227
5.414735
3.509175
3.555114
3.611627
1.78664
-0.008712206
4.70218
2.507519
