-2.043742
3.399189
5.718446
4.716436
5.197685
4.061213
5.342631
4.713536
1.122663
5.572143
6.672089
5.195142
6.878536
-1.230285
-1.234757
3.773633
1.797097
5.543618
4.290664
3.136587
5.659517
5.133053
0.8406974
5.043252
6.328153
-0.1664302
3.672306
4.487104
4.32406
5.315461
-2.079821
0.7023807
4.345933
2.085365
3.610377
6.339501
-4.991965
1.369392
0.5410934
6.268237
4.213061
6.302798
-0.2929417
6.191496
0.3041937
-0.3704942
-0.07645877
4.172616
0.1666007
4.953643
6.177256
4.728255
-0.700254
7.452971
4.278465
6.100407
0.2401094
4.440047
4.908049
-0.285789
1.869525
5.314983
6.700012
4.583663
0.3868211
8.48104
4.280886
0.8919257
5.419966
-0.8018332
-0.1131907
5.488518
-1.08485
-1.955023
-0.9143559
3.850348
-0.2898001
4.392554
1.694417
1.876004
0.3112301
-1.293405
-1.308375
3.488139
5.706125
4.522735
5.431402
5.194178
-0.7295772
8.928509
4.12247
6.049817
7.155997
5.58057
0.7026116
7.045817
3.432341
2.137862
3.51524
7.611316
4.868206
3.572155
-0.8576055
0.7845728
0.2678247
5.526784
4.343559
4.20379
6.627756
5.749189
-1.819632
1.668486
-1.06289
0.01942268
0.07276281
-0.7824777
4.820114
5.950247
1.143339
-1.741323
-0.9290868
0.6506196
4.029124
-0.514151
-0.601016
5.276625
5.703703
6.038034
4.21578
4.426045
0.1730683
4.396683
3.671517
4.045588
5.36284
4.943128
6.58651
1.986896
-0.2373656
3.481539
3.565228
4.105919
-0.7353341
0.1917713
4.993128
5.831544
6.913509
5.411655
4.71159
4.809818
0.2152667
0.06699403
5.920082
-0.8332504
2.738663
1.946063
0.7274348
4.653316
5.304238
-1.85693
4.054184
5.265087
-1.175337
4.836291
4.822431
-0.208681
3.21966
0.2229707
7.029777
0.07527923
5.344347
0.815478
6.033337
4.842023
5.127875
4.051449
5.491778
3.493822
5.30626
3.591608
0.8520753
3.645653
0.09082
-0.6299255
2.076753
7.449048
0.4069115
0.6318924
5.6322
-0.3135188
0.5781429
-1.552412
4.63477
6.220436
4.814924
1.896401
1.956851
4.907139
-0.9599514
3.954919
3.415588
5.477612
5.03703
4.414002
0.4114713
5.91452
-0.1693246
3.893123
5.256045
-0.1749687
-1.320355
5.798808
5.553259
3.518938
6.631318
5.195212
4.163611
4.949498
-0.1369843
5.972167
5.259564
4.80511
4.448217
2.561022
5.654612
-1.343231
5.027811
-1.102532
4.82861
3.543065
-0.4340842
7.451228
-0.2054109
4.562191
-1.494288
-0.8729823
-2.768472
6.73566
0.340807
3.687168
4.751574
-0.2244844
5.087604
4.496826
-1.074999
6.859993
5.599855
1.757769
5.39604
5.665402
5.082007
-1.010122
-1.351017
0.1702994
5.426073
3.75077
5.998026
4.747965
4.854514
5.702975
1.430108
3.611115
6.209658
0.4173272
4.611487
5.017116
4.693142
4.547413
3.728649
-0.7223165
0.1189413
-1.024575
1.305879
6.041608
3.932135
6.927341
0.4748187
5.079606
4.328262
5.173116
1.648426
9.346832
4.746884
-0.4420106
5.528101
6.690471
4.273549
-0.03170999
-1.255173
-1.323652
0.3806769
5.556265
3.880877
4.98635
0.2055191
3.769658
3.435546
1.798389
3.902463
5.498347
2.887737
2.019077
7.348793
4.812448
5.154052
6.774378
4.73297
2.839669
0.5476599
4.291221
5.482254
-0.4994094
4.301892
-0.5133978
0.8547062
4.467109
4.507906
0.7531535
3.634586
-1.681246
3.745865
0.3885489
-1.792025
4.29886
3.558706
3.333618
-0.07824295
0.3944099
0.477509
7.707756
6.383418
-0.01516733
4.927278
4.281637
-0.5223021
4.265994
4.960598
0.2094534
-0.6274628
-0.6298373
0.7330278
2.297532
5.568441
5.195049
4.980001
3.565703
0.2070714
6.449622
4.537127
1.733626
0.6418551
4.823103
0.2917027
5.938631
1.978872
0.326957
4.000444
5.01669
-0.4096455
4.395772
6.144696
5.139468
0.9854808
6.204126
5.82422
9.911089
-0.330764
6.239996
4.544105
4.665458
-0.1344529
0.3674754
-0.7558293
-0.2523992
5.374346
2.772271
5.848691
0.03801168
4.743187
3.720647
6.105873
5.299667
5.144054
-1.222438
-0.3624487
-0.5196816
3.267893
0.9765643
0.1250706
0.7424365
-0.5569607
3.152006
-0.2507693
-0.07042287
0.626813
-0.2905363
1.403883
4.500957
5.055011
-0.2865483
-0.5660949
-0.3762526
-0.8086719
0.8199542
-0.3217643
4.730775
4.263626
4.551375
1.480023
1.872139
4.570496
0.3733745
-0.4757719
4.593937
4.119329
4.197862
6.079171
-0.8859711
4.174862
0.5025917
8.832305
-1.494536
4.754416
0.1552278
0.96874
5.893924
5.267909
-1.056806
5.958125
4.717394
0.5980675
3.638814
-0.1077982
0.8038789
0.9696821
4.131964
3.549706
2.431306
1.054826
-0.04996702
4.794414
-0.2451506
3.679704
5.761626
3.811667
5.657216
4.967749
5.99929
4.585452
5.567473
4.788027
6.769147
0.8186041
7.204629
0.05224005
7.218005
5.548381
1.901152
-0.5150168
4.92588
3.757482
0.06965424
0.1031215
-1.562966
-0.9499367
-0.5697417
6.975049
0.2669372
5.395805
3.979083
6.124025
0.6912732
9.397206
4.890334
3.720565
4.530792
5.594951
3.66498
8.034628
2.351702
-1.32693
4.029901
5.098424
4.461177
4.054206
9.865723
-0.1710668
5.81453
5.549774
5.811998
0.9761953
3.930505
0.8826943
-0.03428668
5.993208
0.9640728
6.46099
5.256698
4.896924
6.379045
