5.283188
-0.78235
4.148491
1.639838
0.6359322
-0.9002321
6.113777
-0.5080143
5.263915
4.349519
-0.9002683
3.902951
3.522223
5.759547
-1.775231
0.2084129
-0.5826629
6.705023
1.95643
4.954415
0.8376383
4.958841
5.017572
5.808423
4.591704
5.364763
5.736707
0.2716669
6.300701
5.999755
4.640588
4.391096
-0.7259728
4.369553
5.217538
5.092154
4.902597
-0.3022253
-0.2180768
5.902127
1.23666
-0.2166445
-1.00214
3.085065
0.5187494
4.520658
-0.9539332
3.894536
-0.05171988
5.961273
5.48363
5.716802
4.092238
1.870761
4.181948
5.591636
5.841086
-1.423636
1.064856
5.33601
3.529544
5.592861
5.079241
3.476838
3.843983
6.880491
0.5458575
2.24285
6.039311
5.384829
4.629264
5.749281
1.239228
1.118044
-1.297417
-1.66119
-0.4890185
-0.6110695
3.767183
3.925482
6.082712
4.819637
-0.3560093
6.932049
6.724117
-0.4916743
-0.8791837
4.81001
0.6848906
-0.02406685
4.320282
5.469605
6.104178
-0.2553619
0.04972707
7.197101
5.240601
-1.731613
0.3124672
5.159753
4.021233
6.107896
3.876829
-2.606256
5.185127
-0.2827842
0.113101
4.477024
-0.4946907
-0.8461297
3.99194
0.3573695
4.364065
-0.8506106
-0.4951785
4.97798
5.151207
5.122439
1.276119
4.416356
5.321353
-0.01935129
5.357067
-1.447025
5.429369
4.953631
4.675503
0.7332794
5.10197
6.417799
3.643054
-1.741777
5.362302
4.231613
6.648653
0.4073024
5.649899
-0.576938
-1.696618
5.90977
5.448479
3.943411
3.756058
4.42257
5.164863
-0.7403822
1.261467
-2.328737
2.228211
0.8802106
5.280475
1.664779
1.382685
-0.2323372
4.725969
0.6861656
-0.3812423
-0.2209144
4.717652
5.670661
0.8823711
4.78888
4.764377
3.132502
5.072114
4.095044
5.976423
-0.5500996
1.488049
5.455088
3.649892
4.787937
5.206876
6.509176
9.386157
4.539274
6.489726
5.314403
-0.7813099
4.740457
4.071805
5.69769
0.563021
5.686826
3.516461
4.135499
5.403232
5.194655
5.876022
-0.7472588
-0.9638365
5.190767
4.807812
0.3549894
6.355907
5.866136
3.472106
3.99691
5.411251
5.221771
6.026306
5.292465
0.4830839
2.480378
-0.07541638
6.870403
0.4259841
3.289833
5.972827
-0.2606683
4.358747
5.350653
5.603725
-0.583755
5.732003
4.841316
3.757256
-0.3218503
0.3357668
0.2030169
1.170518
5.54231
4.892176
0.7582209
4.359478
-1.938304
-2.442414
9.526451
3.566271
-0.5548104
1.264053
-1.121177
1.141248
3.635091
3.723582
4.327407
3.863323
3.55818
4.663857
0.2088465
6.036712
5.741231
4.577461
4.636233
-0.1923716
4.004064
4.471578
6.685995
-1.294454
4.515132
