4.66692
-0.5409361
4.55889
-0.2411565
-0.6574853
-2.315664
3.971371
6.652926
5.575261
2.198929
4.771617
5.374966
3.594284
3.841955
1.617313
5.391784
-0.9549192
0.3699278
0.5864969
-0.3938328
5.132063
1.851917
6.496386
4.188524
1.098287
0.004802632
5.363456
7.017205
0.9720969
6.587187
1.045795
4.617927
3.874754
4.760376
5.052406
-0.6908248
-0.8461759
0.5985278
4.275686
0.9043428
5.891514
0.9144909
-0.4079917
4.164062
4.01432
5.819334
0.8722421
4.460473
4.647757
5.921832
-1.063654
3.792791
5.486691
5.771597
3.419504
3.794805
0.2245248
0.343871
-1.442923
5.770289
5.182508
5.252361
3.708432
5.121417
5.077113
4.883965
2.386375
-0.05647863
-0.4978377
0.8534252
5.935263
4.629517
3.78312
3.095749
4.940671
3.51367
1.454197
3.043692
5.981386
-0.9028437
0.2661808
3.401349
7.141601
2.690447
3.910275
5.308618
12.49676
6.619464
1.829494
4.564837
-0.9785134
4.895087
0.05386673
4.384323
1.288705
4.791014
6.364253
0.06381476
-2.620917
-0.1833142
1.36015
1.27275
10.7626
5.816529
4.319204
5.208768
3.852801
3.926003
4.464303
5.498444
0.6221735
-1.11966
4.150996
6.254025
6.359678
4.917292
6.412023
-0.2130974
5.449372
5.112752
1.763854
3.143354
4.231491
6.21802
3.150456
5.218909
5.264641
4.239064
0.06656819
1.043428
3.889609
-1.57926
8.780743
-0.1315416
3.269679
3.872991
-0.9115141
0.8372909
0.886599
5.386508
4.72179
-0.6210822
5.588004
0.9294698
-0.1603007
5.419695
4.96725
5.550954
4.466616
4.681912
4.230855
0.8749765
3.920251
5.504046
4.430224
4.794181
4.95878
5.692293
6.596354
6.083917
6.079906
0.4128277
1.827322
-0.3272011
7.817909
4.623751
5.103926
-0.3039116
5.375016
-0.001574207
4.727921
8.458993
-1.824574
5.005143
-1.946512
-1.483292
-0.3049678
5.983353
3.943008
0.03419494
5.156383
3.334338
-0.9728292
6.356317
4.846104
-1.517309
-0.6699144
3.68314
6.272556
6.055626
1.749461
4.761022
5.27824
5.944071
-0.04818596
4.337252
0.6573579
5.667663
5.371703
4.427636
4.552953
4.275757
0.1425016
0.6795345
5.795746
0.8633875
5.237245
4.348097
5.420166
-0.4060285
1.722808
4.675811
5.092512
3.614169
-0.1918599
3.880239
4.5807
0.6135368
5.78912
-0.07205532
4.941613
6.088814
-0.3649874
-0.8782956
0.07245952
4.23134
6.975971
0.55816
-1.270383
-2.664026
4.577465
4.557559
-1.308752
3.925774
4.938649
3.095669
-0.3453307
-0.7620911
-0.01331102
5.541517
-0.3406058
0.004690364
5.936893
5.994088
6.271747
4.520091
6.427873
-0.5436366
-0.1690446
0.3600511
