1.022507
4.163907
-0.6718664
0.4600055
-0.8516115
0.2647773
0.8466299
4.631988
2.683176
4.833693
-1.443317
4.359044
0.6948753
0.3360686
5.650268
-1.241338
-1.18988
3.466954
4.165609
0.1145041
4.815275
4.928723
0.3023486
4.827305
5.569458
-0.890055
6.061025
1.807341
0.1836234
0.009651286
4.336933
3.886081
6.411904
4.939101
3.514199
3.551578
3.705267
1.366488
5.892951
1.860973
7.023772
1.08559
0.6230903
-0.165449
-0.4741755
2.752848
4.56689
-0.4898285
1.078379
-1.081726
4.060008
-0.5551309
4.901292
0.6516166
0.3008595
0.1270217
3.990675
3.26854
4.164417
-2.159905
-1.865135
1.493115
1.563324
5.878487
0.5258591
3.973137
6.23788
5.433089
-1.06316
5.532464
-2.374386
-1.721665
9.567524
5.507453
7.563136
4.442354
-1.460523
6.855402
0.1199124
3.353209
6.770099
3.956451
1.3184
1.434699
4.468695
5.680108
-1.08351
1.091848
4.649209
-1.878652
0.395229
0.554968
0.1010602
6.870786
0.4346473
5.947661
4.639805
-0.3321049
8.223483
2.443014
1.323154
4.269885
4.902427
0.05507099
5.616305
-1.291911
6.187234
5.867651
-0.213586
-1.583774
4.666522
4.798194
-3.339305
-1.069452
5.819374
-0.1712892
3.733867
0.4686165
0.3624716
3.932826
4.228467
4.380351
4.943408
-1.129361
3.464207
6.98021
4.615289
-0.3730494
7.191844
5.48211
1.062812
-0.1379824
3.318455
-1.207347
-0.2981345
4.32119
0.6050451
6.174191
-1.615016
6.071914
5.350228
4.499781
-1.500667
4.539747
-0.4028236
5.307121
3.724436
4.702537
5.151334
0.2891394
6.580222
1.0686
5.067919
-0.04662035
3.824947
2.539907
5.033422
6.264699
0.4807935
-0.2870111
-0.03577499
0.1088398
3.095208
5.070281
5.134948
4.041585
4.298232
6.601466
-0.3894154
1.503814
4.525675
4.845975
5.423948
5.822537
4.958055
4.317831
-0.1493285
-0.3761669
7.9664
-0.1321918
3.962274
8.142222
4.605201
3.993944
-0.5313759
4.122786
0.9171393
5.230402
0.7173655
1.000236
-1.321082
3.341677
5.295748
4.22875
8.522864
4.629331
-1.206924
3.74954
4.548188
7.063826
-1.20683
0.4048471
5.267584
-1.543681
1.020909
6.51423
4.663287
0.9375986
5.165824
3.335848
7.561606
2.067082
4.644462
4.149239
-0.4159411
5.172945
-1.125234
1.266862
5.260386
0.6397383
5.465799
-0.2318447
-0.7068447
6.613547
-0.05273257
2.336686
1.416245
3.057726
4.032394
6.6859
4.963833
0.1993157
4.482952
5.635802
2.222631
0.9360773
5.240671
5.300003
6.487362
-0.7453066
4.475129
-0.8825177
4.845942
-0.0263692
4.410536
5.049051
4.561654
0.333487
0.8156852
7.478918
-1.675633
3.79284
5.040589
3.934099
-2.067655
-0.4754276
0.5224825
0.3395979
4.601277
4.681098
1.297607
6.26316
4.212
-0.2007408
5.65799
-0.8217964
3.518165
1.20797
6.142458
5.415574
-0.6583482
0.1342789
-0.1425879
5.038407
7.084671
2.978955
4.792639
-0.8902091
1.249956
-0.156037
-0.6592184
0.2313953
1.544921
0.7474027
0.2313833
6.328548
0.7934186
-0.3277219
3.996899
0.2542272
4.690673
5.635608
5.394713
-0.5924057
1.049007
3.476729
5.472876
5.227828
6.475977
-0.4215887
5.722968
3.447694
-2.818331
3.426173
4.642571
0.6739954
-0.88492
4.044251
6.201515
0.6117358
6.722042
5.601624
4.772426
3.476909
7.824807
5.113912
-0.5997171
7.049155
1.073959
3.671009
-0.8860629
2.808967
1.523662
-1.012182
0.08434635
6.834886
0.6500273
-0.9015491
-0.9515764
7.194246
5.456121
0.7515435
-0.1566262
-1.081229
5.769941
4.143563
-1.049344
0.5836501
10.13566
6.347804
5.144591
5.597905
3.357572
6.094703
5.690517
0.2363662
4.324948
5.019268
7.302304
-0.7917661
6.151852
-0.54125
4.683777
-1.8544
2.000457
5.055566
5.18059
-0.9506239
5.301934
5.05362
3.936467
6.142226
4.821778
-0.3859787
6.739154
-0.8518451
4.812168
5.306696
4.408844
5.566868
5.850376
-0.8224135
1.610361
-0.9805307
0.2104774
6.061056
0.5293681
7.262846
-0.6090042
4.909997
0.5981875
5.018801
4.700373
4.810198
1.210427
4.634176
0.5881651
4.037487
1.187405
0.7403093
3.580302
3.389506
0.4875773
4.775703
6.56996
-0.5438363
4.752933
-0.5717118
6.411347
-0.20187
-0.1116125
5.074299
0.4316571
6.456987
-0.6674329
5.759353
3.65755
4.653878
1.272387
3.483949
5.740839
6.945518
-1.602406
4.373109
3.269073
5.142672
0.9898616
6.21062
-0.299201
4.510956
-0.334689
5.439036
3.239028
0.01894194
-1.24366
2.534112
5.98618
4.542303
-0.7273921
5.359655
4.516185
3.459242
6.482247
5.005099
1.600556
4.385582
-0.9509677
0.2381294
0.9318384
6.336278
4.789542
0.2312674
0.3644911
-0.7996682
5.239605
1.663953
5.034868
5.181905
1.025544
1.439219
5.819104
4.801212
-1.891404
6.043379
4.632307
0.4663972
0.7997905
6.591131
0.2712765
3.161284
0.8266541
-1.210481
3.230265
-0.6894925
4.92149
0.01338882
0.8310245
6.077373
4.778319
6.207746
6.751536
4.285728
3.561099
7.742535
-1.833837
5.26225
2.015036
5.088584
0.4167028
4.694918
6.584358
1.283278
4.927799
-1.08684
0.5389044
7.696084
-1.384791
0.01489695
7.917591
6.206484
1.014083
-0.7724265
1.179142
6.223169
3.802753
4.601531
4.559819
5.528445
4.007318
5.630168
