-0.02692846
1.176576
-0.2624054
1.481394
0.0930679
5.464972
0.9071537
1.338764
8.001329
4.520722
3.492155
4.776406
6.439989
4.768976
1.509668
5.474442
-0.749209
-0.2940448
5.317265
4.859556
-0.8521959
-0.7742161
-1.125768
-0.05010243
0.7536644
-0.5499104
5.592049
4.031394
5.999359
4.309863
5.562841
-1.194074
0.9390298
7.243458
5.119164
0.6380039
0.4786561
0.5498427
4.490986
-1.261352
4.391518
4.27909
0.2714218
6.40378
-0.3055839
0.7044239
1.131575
5.219367
3.970184
1.95541
5.65697
-0.4556815
7.180563
-1.146857
0.3866259
0.9560737
1.468905
2.152389
4.370945
5.358396
6.790817
6.675021
0.9189608
5.574699
4.500367
2.216952
-1.234031
5.30506
4.373828
4.122856
-0.09999735
4.478084
4.605971
0.3001303
6.891176
5.326644
-0.1600205
0.699316
7.361571
5.713706
5.642274
5.424582
-1.875773
5.208567
1.626976
7.262933
-0.4463051
4.303036
-1.116626
-0.5387244
1.080063
0.3348138
4.538692
1.257841
5.302619
-0.4992547
0.4118366
4.542015
4.146721
4.778313
1.93216
1.432311
-1.204537
5.337141
-1.237088
5.662757
4.911853
3.241792
0.7281164
3.934179
9.418914
5.661213
3.63108
-0.1946726
6.966482
5.800627
5.192399
3.959784
4.038488
4.234371
6.549437
-0.07996933
-0.5448593
4.1205
4.186556
5.551994
0.9747362
0.8066679
9.149252
4.255402
5.661885
-0.4270088
-1.720201
1.738583
-0.05227352
4.701363
4.50716
6.349335
4.401733
0.1745322
0.3540732
5.569342
5.343125
0.02497245
0.8299711
-1.552084
5.299853
4.969844
6.484579
-0.9909082
5.869102
-1.281657
-1.510175
5.268437
4.83492
-0.3746168
5.667031
5.011342
5.414394
0.9957786
4.469885
5.65616
7.131157
0.5140998
-0.617754
-0.7691628
0.711098
7.157583
5.319878
-0.7604572
1.442259
6.171071
-0.3797122
5.472574
2.440831
5.282648
4.320653
4.850808
4.344282
0.6233737
-0.04966835
4.738771
6.432283
-1.065327
4.957055
3.581477
4.55249
5.629594
5.071532
6.672756
-0.7757323
8.352243
3.903268
0.1427444
4.793029
0.492257
0.08553687
6.34308
0.1555126
6.167332
5.764003
-1.511423
3.242235
4.555489
3.870234
4.599533
4.502796
4.967068
0.5656774
5.641774
-0.459361
5.749208
4.794062
0.7688716
4.156913
6.174811
2.83392
-0.4511026
4.915448
0.360831
3.480746
-1.001304
3.866895
4.099048
-0.341778
2.9063
0.1646386
4.329376
5.430077
4.881203
0.6274354
2.223966
0.4629819
-0.3039373
0.4598053
1.821935
6.100429
4.837959
-0.183557
5.317698
4.415166
-0.2596404
0.1930597
4.605989
4.269799
-0.9234632
6.348956
4.912287
5.72314
7.074843
4.397609
0.9207615
-0.7152723
-0.05882631
3.950291
6.282377
7.319254
0.125709
0.4669109
-0.4615655
1.301849
1.253848
4.954938
-0.6845629
4.119121
5.36778
0.7427119
4.567484
5.751554
4.769229
0.7150279
-0.2762725
6.095246
0.4433457
-0.2913629
4.636768
5.037627
6.107435
0.7033735
0.7144411
0.3268217
5.758196
5.556104
3.990477
8.037465
0.8228969
-1.080852
6.065259
-0.5474457
-0.11864
5.53344
5.20386
4.202891
3.615087
5.118459
3.186521
0.03979318
1.130616
0.7669095
1.083959
-0.9467723
4.186007
4.267964
-0.0189483
-0.2808174
0.9626581
3.06583
0.3788613
6.838055
5.200543
2.212757
4.860285
5.051415
0.4399621
4.169291
3.802009
6.046247
5.286563
-0.05815166
5.128952
1.493936
0.8268734
3.992186
-1.090668
-0.04711824
7.24431
-0.02336551
-0.1815862
5.665847
-0.6727342
2.838309
4.726333
-1.000761
1.000291
6.68245
4.46121
-0.3073618
3.152446
5.872777
0.2364898
4.079068
3.993218
5.091257
5.177994
6.338823
-0.6774895
6.75605
4.183193
3.736805
1.009096
-0.1267291
3.36609
-0.00297212
5.938568
0.8911563
5.409601
6.004926
6.061688
-0.1460395
3.868105
4.848346
5.449951
0.2802504
4.541937
-0.2292901
5.63213
0.4897637
3.05038
1.690509
5.34307
-0.046701
5.473385
4.436288
3.897107
1.520128
1.390315
6.807618
2.085144
0.07070206
0.4625023
3.463198
-1.283541
9.717453
-0.3477917
9.286612
4.32225
7.057018
4.35596
4.155288
-0.3029244
4.451263
4.345488
4.842524
-1.00179
2.196434
-1.806905
4.64404
-0.5966389
-1.212583
5.559919
5.636771
0.288762
3.036473
5.894428
4.691651
4.663158
0.9745477
6.116385
-0.1940435
0.3966521
4.886469
4.812517
1.418498
10.38407
10.10516
6.303505
5.046105
-0.7676156
-0.23989
-0.9505523
5.550912
0.02624556
1.79549
3.998019
1.304039
5.81006
6.150053
4.637366
-0.8093844
7.523679
6.023538
6.347076
0.1342977
4.213151
0.6997471
4.20869
4.981164
6.338709
4.568088
4.551858
4.056622
2.895702
4.818055
3.702357
5.634572
-0.7944318
4.745214
-0.06845337
4.087315
6.428772
6.32379
3.02898
6.240294
0.9450633
6.187187
-0.5333031
7.146513
4.048062
5.298136
-0.2610944
-0.4054566
-1.441343
6.415862
-0.7986401
5.900839
6.087914
5.099712
4.862501
6.384707
-0.4583781
6.562934
4.823048
5.428938
1.203379
7.281939
1.831692
7.006228
6.176801
-0.2884976
4.45183
0.481318
0.05565768
6.172714
-0.7225019
6.067382
3.525471
8.328535
-1.189182
0.5926606
4.022999
4.730345
4.482413
0.3594763
0.3214682
-1.291684
4.145087
1.078934
0.8685306
0.1786632
5.189529
4.859485
6.973483
0.6213564
4.802595
4.938909
4.612165
5.320227
3.709896
7.375191
0.8738939
5.011624
-0.9059502
3.173308
6.480697
3.58249
-1.987436
-2.56333
3.788835
6.460928
1.080265
4.796477
1.466238
5.646242
5.700653
1.426301
0.0535348
5.33603
0.986669
6.61433
4.388592
0.7119
6.31005
5.765546
-0.1841051
3.136913
-0.2554987
6.414691
-0.01048821
0.2628478
0.4598334
4.315698
4.769184
1.417145
0.5674325
0.1527495
4.839984
-0.7698522
-0.5886967
-1.58259
1.30637
5.951145
3.974693
5.261299
4.985315
4.64986
-1.958519
-0.589106
0.04926009
5.643576
0.3579012
1.321371
-1.127291
1.243746
0.9871559
-0.7573756
5.772347
4.974132
4.256113
-0.3787684
2.184075
6.445233
-0.4355305
4.122643
7.143403
2.239314
4.19877
1.885976
5.609927
-0.1573258
0.6138785
9.622818
8.007111
6.293703
4.51875
4.36264
1.161516
5.707272
0.1032714
0.5341294
6.917325
0.1117154
-0.5411356
4.596322
4.396666
4.565913
-0.351733
10.19935
-1.14502
4.825384
4.6406
-0.4408829
6.451533
5.878755
-0.5369465
0.2515365
-0.9738726
0.6021293
6.272998
-2.126523
1.113276
9.032991
3.506015
4.705899
7.274668
4.412657
0.9227927
0.8409634
0.6433816
4.747697
0.1173545
7.13242
5.847059
-1.888518
-0.690864
5.180771
3.075169
5.05671
5.983046
0.2862869
5.083398
7.896006
5.84595
-0.05953477
8.000993
5.311495
0.5797788
-0.8755033
0.3045181
1.397354
-0.9155767
-1.351841
4.908706
0.8379516
1.325253
3.374218
3.527028
4.133745
5.055098
-0.2582273
4.028678
4.456151
6.860999
4.499949
0.699622
5.454608
4.297931
0.728467
4.841128
-0.3853949
0.4824396
4.380333
2.139804
4.914086
-2.664272
1.569166
7.195959
3.573621
-1.396653
4.876615
4.644658
5.539847
0.6908208
5.005609
4.42212
6.790372
4.557974
3.021967
4.942617
2.95876
2.327357
0.5334298
0.1954942
6.811852
3.849057
4.044738
6.045892
0.9373172
3.196359
3.136453
4.45254
4.420244
4.427017
-0.5179343
0.02647046
6.06735
6.425603
0.2310503
4.416888
4.610168
3.658756
8.19431
0.2809686
-0.584731
3.956372
5.08531
4.542398
4.175721
1.734012
4.412525
4.56778
4.220321
6.554387
4.82089
5.643645
4.141016
5.765749
4.502453
4.115374
5.659055
5.983274
4.332034
4.314029
6.113376
-1.580418
4.301116
3.338446
6.054441
7.041462
4.743803
4.359209
1.613395
0.4140838
0.6161142
5.239218
0.8820396
-0.904331
4.472365
5.556316
4.977583
6.117133
5.674289
6.480089
3.373727
9.858777
6.808011
4.165038
6.102815
5.976961
5.257444
6.39656
4.489351
4.429449
4.665332
4.541009
6.098355
-0.6743673
-1.07807
0.1101019
0.4995868
-0.9445303
3.985993
0.6744766
6.258366
5.464707
-0.07417973
4.978018
4.605783
0.409262
4.710486
0.3696996
5.150245
0.7932436
6.684419
4.918244
6.14633
4.795382
5.253054
5.207029
-0.08823956
-0.6322168
3.416907
5.131055
4.977171
7.055589
5.743739
1.94619
5.066761
4.336028
-0.1276848
4.292628
0.03394058
5.775602
4.198027
0.3268816
4.161418
-0.3251147
-1.168704
0.4372265
5.542249
0.1647473
4.556441
4.840812
-0.9156472
6.618244
-1.213749
6.224791
1.499112
2.166796
3.668122
3.705811
7.059724
-1.560083
3.730918
4.846956
1.086919
6.3642
-0.7532011
-0.4912157
-0.5894167
5.375683
4.072935
5.837551
5.860891
-0.9527827
1.258165
0.4212817
5.95065
-1.714552
5.136168
0.5421765
3.081812
4.309772
5.995274
-0.798434
-0.7165068
5.385902
-0.9530337
5.019994
4.891484
4.053125
6.364954
0.9725118
-1.439442
2.765325
5.971759
6.75756
5.158538
-0.7068475
6.614353
4.829714
0.1162779
4.649978
5.696104
7.089232
4.055756
-0.8959941
5.272198
-0.8988126
10.594
0.5489198
0.6374971
4.665554
0.6318095
5.583679
0.6351629
5.74049
3.197416
3.813282
-0.3608928
-1.701767
5.129256
0.1221515
4.526127
6.646898
2.84165
4.942011
5.227715
1.225965
-0.9768924
6.249048
6.1019
5.855389
5.790748
4.222244
3.182479
1.191773
1.491933
-0.3774518
4.60512
5.535349
-0.6985163
4.988216
3.809591
2.395348
3.815801
5.928576
-0.2241036
5.112804
4.664014
-0.9655178
4.212733
2.563378
0.2501925
0.5944112
5.111595
7.588159
0.916218
5.215416
5.009139
-0.53025
3.429198
5.369982
-1.03295
5.928527
7.776383
4.35453
2.402462
1.157141
1.312888
-1.247998
4.809197
3.971541
-1.45453
3.821078
0.05388736
6.824209
4.314911
6.409394
5.937939
0.3029973
-0.2049537
5.099307
4.456293
0.9009952
4.588142
-0.1193289
-0.4389111
4.765672
7.728299
-0.2794236
5.118804
5.05434
5.458909
-0.02338328
8.901918
3.852483
3.737195
4.564396
-0.7425934
0.06620625
0.4998407
6.392918
5.492989
6.870746
0.6800348
4.751744
7.613856
4.710218
-0.02518072
6.889209
4.218889
-0.9187079
5.136407
3.140349
-0.5366243
2.725662
5.92822
-1.1027
1.098943
0.6579082
5.160729
-0.4585873
5.076253
5.237541
5.087327
3.535585
-0.1724161
0.4943142
-2.163316
0.0358346
-0.834664
0.2442794
0.2827149
1.169524
4.730578
5.938135
5.540282
-2.014367
3.980398
4.835949
3.085218
0.3898209
5.490112
2.224747
-0.02932422
6.991512
0.06297861
0.4184589
-0.6022972
0.1565393
2.257361
5.729119
1.829646
5.848749
-0.005270427
2.491207
-1.599017
5.671712
1.872366
5.336995
0.8791093
5.150472
6.250902
5.970918
4.03603
0.2043986
6.132019
5.366887
1.159934
5.710041
4.085715
5.788267
0.03607278
-0.338606
0.15166
4.856819
4.735094
-1.562285
5.252492
0.8733764
4.482508
4.635171
4.025099
4.537971
5.186142
0.3252616
1.854044
0.4486807
7.436579
-0.4893693
0.2259419
4.77491
4.613037
6.181403
-0.07400977
7.291217
4.385921
6.330389
6.10054
0.7133392
3.542547
-0.02493601
3.652865
-0.8881783
-0.04771048
0.1001322
2.185817
6.303473
-0.6979746
1.711875
5.758021
-0.6633305
5.231484
6.415848
-0.585127
7.709078
0.5377665
-0.8087875
8.28374
4.842794
4.926163
3.833242
4.957661
4.312698
7.704413
0.9118405
-0.1540292
5.953936
4.811998
6.859609
-0.9245635
5.638927
4.571624
10.87916
5.862097
5.553462
3.797622
0.6422684
3.688298
6.616676
-0.7166691
0.7588028
-0.6368837
0.9631521
4.728365
0.464892
0.7268911
4.173072
4.940302
-1.162354
1.064084
1.549497
-0.7175219
10.80144
6.295845
1.283397
4.995174
5.459608
-0.2261543
0.4265966
-1.683352
0.717224
4.349757
0.3111801
3.178255
-0.1318914
3.65858
-0.5381766
0.8156425
6.111756
5.654392
1.010982
4.107135
6.528085
4.106645
-0.1233929
-2.568649
1.152145
7.460589
-0.2681234
4.900667
5.982423
-2.880824
0.5424533
4.706348
5.110642
4.152564
-0.674472
2.986902
3.722042
4.663361
0.4402967
3.709291
0.08772516
0.1610193
5.385969
3.901891
4.419566
0.3096786
7.134863
-1.020372
6.562998
-1.078649
5.209451
1.798585
4.759472
0.5201725
0.1013648
-0.5418341
0.7870349
4.721514
3.468097
5.96947
3.277686
5.852267
-0.2155561
4.507628
5.254526
7.271603
5.090859
0.4788462
0.9857218
-1.835278
4.408567
-0.09468167
4.849205
-1.628138
5.590194
1.162669
0.08538646
8.432039
4.076428
0.182409
0.4422593
4.217901
0.8183122
6.192812
1.330265
-1.009757
-0.8378264
-1.57792
4.995302
-1.123645
-2.412542
5.859115
-0.5415121
4.864859
5.87712
4.333105
4.857976
4.848464
4.70997
6.014107
1.618796
0.2058357
7.434076
0.4202938
1.539581
-1.207421
4.280277
-0.134931
1.775515
6.217199
4.522329
1.260402
0.5155121
-0.4691291
4.730959
0.2528175
4.32716
6.055157
4.942343
5.694596
0.3454571
-0.01007006
1.617458
5.219044
-3.401001
5.257108
-1.033439
1.112068
-1.930295
-0.05490384
1.34228
-0.0999316
-0.04700863
6.535117
5.862688
4.402297
4.018145
4.66461
3.788796
7.017365
-1.867516
-0.8181357
6.412259
0.0822216
5.848473
0.9217293
4.961034
2.207433
-0.2351775
2.216946
5.473245
-0.4734489
2.914119
4.652325
5.685165
5.653664
5.208999
5.80044
6.89544
3.834435
4.533378
2.694091
6.140726
-0.3912751
-2.887223
6.087666
0.5375955
7.34208
1.541128
2.735303
0.9072354
5.737773
6.730351
3.47761
0.2209533
4.707454
5.73332
5.659332
5.297232
0.5530899
-1.42506
4.580955
4.342886
0.4653072
5.653814
6.534606
1.244575
-0.6709075
4.036657
0.3114254
4.911657
5.612283
-0.3680203
2.562433
4.090013
0.5500808
6.737886
5.582771
3.521638
0.6148893
-1.283127
6.115464
4.987075
4.402735
1.101457
3.859087
5.878455
7.647657
-0.7259956
-0.6540465
5.572868
4.746215
4.354284
-1.287786
4.822521
0.03160342
5.782342
3.960734
3.138407
-0.03745042
-0.5819727
3.915721
-2.065922
5.688684
6.516939
0.855928
4.652145
1.330724
-0.7035497
-0.74815
4.856203
5.279416
6.190163
5.17976
5.246047
6.608774
4.999011
3.21082
-0.533711
0.4845419
0.7043508
6.495402
7.168964
4.333682
6.29568
8.085517
0.4586847
0.8883364
0.0526921
0.7607316
6.18668
-0.513871
5.876604
-0.2144047
5.649073
5.460466
4.517215
1.497669
4.167246
4.309781
0.1866118
6.293318
0.5844777
0.237135
0.02734019
4.696033
6.242643
1.415399
-0.8418291
-1.270588
3.224966
4.376513
4.866823
6.169586
3.301427
2.335727
1.175088
0.1686308
0.5107473
6.076373
0.5551639
1.22356
4.826982
-0.7026659
5.375299
-0.1876416
5.533644
5.793126
5.072488
1.173653
4.541608
6.632899
6.829264
3.922506
-0.2924965
4.571964
5.040206
3.01229
0.08964739
1.132582
5.648041
-0.6243205
4.980433
4.046841
1.323821
4.653091
-0.6717317
5.85384
0.6921282
0.2263005
-0.8722359
5.289946
5.115622
4.877816
-0.4072091
0.6143445
4.776979
-0.8896476
3.985807
0.6206167
6.69238
5.478558
6.202511
1.284712
5.693351
-1.637713
4.625942
-0.1096144
2.941933
-0.1819805
4.56118
6.052151
-0.9469289
1.053299
-0.6852723
9.962043
4.361195
-0.2741321
3.560824
5.774423
0.6985836
6.062264
5.851897
-1.630239
-0.6171736
-0.3527675
1.612859
5.948463
0.1997119
-1.776206
5.199262
4.48831
2.388039
4.161471
1.876999
5.562271
0.6168206
4.541544
0.3986695
-1.173154
5.235656
1.540439
5.707129
0.7109235
5.034988
5.778749
4.842234
0.9012463
1.02407
-0.8684064
0.6215217
-0.514727
-0.9191617
5.100764
4.879867
0.5148142
4.434045
4.968484
3.630861
5.065391
1.225471
4.090776
1.096384
0.2664308
6.116658
4.902901
6.005906
3.984889
6.807087
5.877854
0.9432829
-0.2960066
-0.6216876
5.831271
4.8346
5.104016
4.745304
-0.8636226
2.537851
5.946096
3.218453
3.682946
-1.396736
5.748482
5.334908
0.04744107
3.840787
5.496609
4.199037
-1.856572
4.545345
0.9681295
0.9352119
-0.3411996
5.543029
0.1506517
5.246229
1.926909
5.488486
-0.3196799
5.527228
6.243654
6.351584
-0.2457664
3.356716
3.916193
7.483993
6.001153
5.111456
4.696727
2.274393
0.6937093
3.628427
5.996066
8.859724
2.719543
5.320299
5.397866
-0.3232546
-0.6038132
-0.439154
4.995228
-0.1382272
5.293856
-0.5244454
4.930931
6.451933
4.831129
5.812131
0.5633319
7.025016
5.049781
5.696228
4.56577
4.021202
6.764347
-0.9842733
4.909258
-1.884919
-0.6745936
-0.2046892
4.822444
5.914175
7.416623
-0.8391319
-0.5502926
4.475947
-0.4512784
4.2322
1.219949
5.589475
4.757502
0.3371414
5.854499
2.576382
5.152959
-0.9023766
-1.921294
4.306281
5.195708
5.280249
4.909535
5.345637
1.222901
2.698661
3.522861
2.361452
4.578313
5.752199
5.633722
3.09773
6.285272
4.797647
5.91828
4.161502
1.266274
-0.6181033
5.821044
-1.240165
-1.709722
0.537275
0.2770993
-1.196468
-1.564899
-0.04461325
4.615747
5.660381
0.6729448
1.162909
0.4959289
0.1605678
5.965613
5.796294
-0.05300129
1.064829
-0.6084457
-1.109925
5.133447
4.817062
-1.680917
5.084442
4.93695
4.723374
5.3229
4.547851
6.384757
5.503862
-0.8982835
5.316029
2.372868
-0.87965
5.408899
6.162578
0.4389787
-0.221515
5.825437
4.980556
5.999704
6.460584
4.378699
3.726125
5.275981
0.4027879
5.204204
3.188504
4.229367
4.952231
5.530385
0.3303706
0.6198021
7.541885
5.014537
4.115609
3.960036
3.224558
6.538556
4.815124
0.6492215
0.07817202
-0.1357842
3.625978
4.740897
0.312529
0.8336143
6.180237
5.552627
0.1571947
2.326281
5.470259
4.089909
7.287355
-0.2452507
-1.922116
0.1468424
6.140684
4.043344
4.830014
-0.05715023
1.194235
5.293528
4.564922
0.9984713
5.008278
-1.14118
5.229759
4.842389
5.110847
7.205182
5.927505
0.7299599
1.718532
4.070674
0.2002073
3.742039
0.401935
0.5781051
4.409307
6.307101
-0.9150438
5.563644
-1.514721
6.98801
5.032673
0.8618103
-1.455843
5.571364
4.219407
6.942844
4.446124
3.987987
6.481946
0.004298322
5.856848
0.8837097
2.791654
0.6180853
-1.464842
4.225269
0.06144974
6.370484
4.499873
1.378924
2.085846
1.086309
5.943548
6.215435
6.702796
-0.1957638
-0.4786369
5.36078
4.126942
-0.172014
0.9702815
0.2700995
3.416377
0.2430186
0.5546662
5.355904
-1.054725
0.3569905
4.388909
4.627316
4.364485
7.064862
5.622057
6.936135
4.301354
6.163318
0.6535017
6.717983
0.1004834
5.680991
6.845777
0.2606779
5.230109
10.33209
6.37062
4.260832
1.222935
-0.9930787
7.575976
-0.2476841
5.87246
5.187288
-0.7683991
6.72905
1.112941
1.526015
-0.5405615
-1.602991
-1.152829
-0.1436831
-0.3733557
1.248135
4.633739
1.193772
0.7645817
3.855554
-0.4469328
-0.4871291
4.460079
3.416122
10.91838
0.3471118
-1.834541
-1.368487
1.386656
0.844813
3.800952
0.205297
3.545509
-0.4337713
6.373768
-0.2381165
4.882478
-0.3105597
6.167484
4.811199
-0.8862602
3.019077
2.959602
-0.735003
4.650657
4.436894
4.460835
5.767372
1.232474
-0.46536
4.579468
3.427335
4.810281
5.4261
0.1203498
4.868788
1.08546
0.03286549
1.509982
3.139872
3.200146
4.403812
-0.3795232
1.316698
4.858714
6.219248
5.346087
1.619896
-1.116817
-0.01323074
3.929867
0.2305338
3.9499
5.569767
5.106863
-0.8638611
2.830483
0.5415198
5.423706
5.336383
0.8087877
-0.9647872
5.740905
6.103163
-0.009516491
5.489363
5.359435
5.567762
6.081821
0.1059737
4.698432
5.935028
4.594865
6.433776
-0.4481694
3.770576
5.139531
0.7010083
-0.2653117
-0.7606384
0.8531399
-0.1746166
0.271118
4.779152
3.265913
6.831165
-0.5209772
-0.3872442
4.630651
4.300915
3.272036
-0.6756454
-0.5739073
5.896884
4.427539
-1.744344
-1.783562
2.400223
6.030973
4.095381
3.838051
-0.7489686
-0.3728848
6.084687
4.124997
-0.8886442
-1.411668
6.182622
4.301182
5.084579
1.277409
-1.77215
-0.1116694
3.844308
0.1929841
5.282566
5.383024
-0.6678018
0.9975218
3.812688
4.711509
6.402947
5.833772
4.9243
0.6418013
5.811586
6.438401
5.407193
4.917393
1.354767
0.6537817
-0.0271816
4.250412
4.213487
0.4557634
3.813575
4.65913
3.192554
6.695742
5.462546
-0.4070784
1.291891
4.291665
-1.570446
5.385345
5.391199
3.352383
5.820681
1.024585
-0.6570655
-1.497147
1.371894
5.863175
-1.586708
0.1856171
5.421337
5.123993
0.3871665
4.933
5.890143
1.447635
5.867649
5.518024
-0.645448
2.043466
5.216445
4.061924
5.151425
1.448241
-1.80664
4.945089
5.513485
5.249685
-0.6565189
-1.288042
4.137853
5.63288
4.055685
-0.9122302
5.567345
0.6850475
4.178037
-0.1157138
-0.914578
11.844
0.6055178
4.639502
5.070099
0.7490839
-0.1845949
5.703243
3.836711
6.160487
4.786474
0.5998705
4.781048
-0.1723235
3.665648
-2.387488
-0.7533841
1.430561
6.11551
0.9699726
4.835792
0.4891302
-0.2566551
0.3370941
1.02202
0.5018034
1.207667
6.656068
1.720196
0.5878664
5.922445
4.232354
7.912272
2.187052
1.640131
6.079352
4.975693
4.517313
4.939237
4.796785
5.062984
-0.506974
6.565639
6.967293
7.049888
-0.8641168
4.82109
-1.402402
4.622747
5.073088
5.744161
5.301545
-2.018303
-0.4576919
0.4464908
-2.343773
5.695787
4.317296
5.69068
0.2744162
4.53918
3.886736
-0.8749185
4.637353
6.9245
0.1314547
4.415344
4.647668
0.5191138
-0.536578
0.5541367
4.348497
5.696933
7.6916
4.85145
4.8131
0.9831495
4.010912
0.4873372
-1.918203
5.190825
4.576311
0.9141251
0.1822522
0.02270886
3.17633
0.3303436
5.952659
3.986306
0.2040848
1.155546
1.207141
2.964746
5.816522
-1.111951
7.06001
4.942068
0.2904021
4.263637
5.176233
6.293953
4.818794
4.483718
-0.134739
2.349939
4.498161
6.377399
6.743864
-1.602381
5.221005
5.022054
-0.08266924
0.2662886
3.892348
0.8683927
5.573886
4.658404
5.347405
4.645553
-0.2884809
4.80893
-1.960915
-0.5490587
-1.063593
6.876946
-0.6082768
6.938419
-0.06410993
0.681997
5.356431
0.01647051
-0.3902761
0.7685171
6.987042
-0.6361336
2.316236
1.519805
4.679356
-0.09480492
4.178224
6.382833
-1.481462
1.216317
4.813639
-1.599882
4.972569
-0.7634717
-0.8397463
4.996439
0.5822913
1.20476
2.808129
6.341294
5.50647
5.304645
-0.3422522
4.342633
4.319206
-0.188117
4.165707
3.777052
-0.1550311
2.895734
-0.2480524
1.343294
-0.6255277
5.821636
-0.3038076
6.219126
1.209308
0.7422779
4.079428
-1.054545
4.322411
5.916226
4.057594
1.491346
-0.7307278
-3.223181
0.8005547
0.420309
1.476026
4.385786
3.867382
3.858952
1.416173
4.228467
1.952076
5.635462
4.857276
0.9594379
4.637773
6.278095
11.5426
5.681719
-0.646396
-0.06347048
4.750185
5.395998
5.141963
3.906747
4.359806
0.6123972
5.263006
4.046185
3.572256
0.6026804
3.337385
0.8594955
5.706773
-0.4445481
1.017921
6.242353
0.5711664
4.707355
4.820252
4.596448
5.289887
-0.3354035
5.360526
4.467984
2.168143
-0.4577257
3.594104
4.374977
3.8162
0.3152825
4.353425
0.4553186
1.202674
3.490381
-0.3388463
5.742955
-0.6289957
4.820711
4.634496
3.3701
0.6925639
5.538551
4.940562
4.361299
-0.9603576
-0.8674725
6.956928
-1.063466
-1.353211
5.642562
2.854165
5.592349
4.454359
6.20649
-1.708255
4.123349
5.163455
-1.017253
4.40379
6.180627
0.3799379
5.290584
3.770027
2.68129
1.200223
1.592787
0.2075104
4.678315
5.387898
1.982294
4.668513
0.2581499
-1.36195
0.9601965
5.116065
-0.05144552
1.208659
1.300589
-0.06115494
2.495662
3.779252
1.025085
3.731103
2.210293
0.3475296
5.744854
0.7206988
-0.3354831
5.803777
-0.4996957
5.552456
8.605096
4.307893
-0.536297
5.224242
1.150981
3.431279
5.180336
5.5323
0.3876969
0.5672359
9.562547
5.034907
2.81389
6.661414
5.579662
6.022359
1.155419
2.77461
-0.3269151
-0.9139967
-1.510418
5.90503
8.193762
3.856369
0.8163576
4.169614
3.79041
-0.3555075
-0.3106244
4.250327
5.090597
6.098765
5.398431
5.711301
5.040643
-0.8405013
4.050567
2.156389
4.882724
0.7748014
5.776917
0.05280212
-0.9851359
4.693308
0.4331258
-0.7464861
1.387818
4.769302
-0.5625371
2.689169
-0.5702481
-1.007201
3.806085
0.7788946
6.661949
-0.1623225
0.9654874
3.929978
5.533906
0.8310015
1.66755
2.674458
2.295232
4.319705
5.518594
5.073367
4.453622
-0.1855855
5.95449
7.721211
5.768509
1.783763
5.453017
0.8424779
5.944777
5.110672
5.78452
3.786729
-0.4211783
-1.7495
4.749771
-0.114218
6.784743
6.507832
3.707572
5.206951
0.5679543
3.78102
0.3325546
6.315283
0.1863002
3.935034
-1.029543
0.8776754
6.177385
6.571121
6.556334
-0.01446565
5.320116
8.32231
4.990963
-1.248643
0.5084769
-0.7386227
-0.9389495
-0.6082667
-0.5868913
5.486877
4.405083
5.201862
5.560965
3.497917
-1.796982
4.929773
0.4573064
-0.6900679
-1.184719
4.41233
0.3861105
5.288151
4.307037
-0.2878903
7.78342
2.935344
-0.8831385
5.59136
1.400214
-0.7689908
6.127925
5.8449
0.9538274
11.67694
3.981165
2.283712
4.973302
6.855274
0.792133
6.863005
6.193241
-0.9329801
6.375572
5.484541
5.430345
10.5693
3.241151
4.218934
5.927544
9.207401
4.207056
3.477837
4.801414
6.057545
5.752045
6.282475
-1.579231
4.922184
4.786395
3.664765
4.132185
6.617579
-0.5293021
5.166703
6.333566
4.799556
5.994216
3.734234
6.092648
5.238937
5.071811
-0.06113656
1.835251
4.845414
-0.333259
3.824191
5.589427
0.1691699
5.936994
4.839212
1.878338
3.145492
11.16986
3.888452
0.434269
1.135203
4.796387
8.477952
-1.709708
-1.070289
7.717312
0.8702074
6.778811
1.016207
6.894635
7.356372
6.110957
1.468798
5.097893
6.060667
3.367686
4.102148
3.918914
3.501751
6.091265
4.958592
5.124085
0.1575709
-2.879504
5.106124
4.970713
4.285073
4.530842
0.5060856
4.875599
4.02006
4.615117
4.165694
4.620572
5.723576
3.576459
5.034653
3.421704
-0.07697399
11.29289
5.325973
0.9531857
0.4862583
0.2298156
4.134342
2.973234
5.636537
-0.9551165
-1.445457
4.335951
4.470374
5.591549
-0.03314365
0.6986072
0.32571
5.116206
6.202078
1.20683
6.568978
0.6616224
-1.051977
0.9499471
-0.01474606
0.2981669
4.580813
4.75731
6.862186
-0.5806867
5.009873
4.927621
-1.878155
5.979391
0.9119284
0.02695736
5.097099
-1.236215
3.983212
4.182363
0.7224221
3.853497
0.6315164
-0.2299637
5.187871
8.121003
-0.3968859
4.856752
0.5167544
-1.59885
-0.7233945
8.645765
1.132054
2.191688
-0.833483
4.543402
-0.6343981
4.213221
4.064293
5.635226
1.590079
5.981618
0.5973008
3.969927
-1.606815
4.244844
3.688405
6.311126
0.9357873
4.74667
4.473341
-0.792448
1.155452
5.683893
6.149942
0.4895995
0.1530401
5.467054
4.45807
5.680093
5.539793
7.139868
4.079839
-0.219452
3.451952
-0.814673
5.831135
4.207581
5.880475
6.17413
3.852234
8.78368
0.3037778
4.716967
-1.232828
4.623728
-0.9200375
0.5219087
-0.7397131
6.984605
3.339013
5.397994
6.654958
3.158893
-0.8428674
5.505864
2.969912
-1.17983
-1.5116
5.674988
-0.164757
-0.855251
4.870147
2.621128
1.214386
-0.5501863
-0.2953848
5.283503
3.327994
5.702425
5.871685
0.1762888
4.440461
-2.07655
0.5694426
2.443752
4.405942
5.481548
4.100124
4.111075
4.971212
0.03355103
5.135777
4.687669
5.06656
6.989662
5.327577
3.542817
4.05188
4.490503
0.6383938
5.814138
3.991368
-1.342364
0.697329
5.662813
0.2276425
5.535107
4.992262
6.819929
4.96324
3.162156
0.4010697
-1.511608
2.167505
4.874954
5.158034
0.3308111
5.489833
-1.257564
-0.7313205
3.084089
0.6440176
6.815771
2.403678
1.035141
-1.7906
-0.6774095
5.149325
1.112608
0.08411547
6.385974
-0.8011977
0.2266912
-0.5239907
4.868297
0.6449567
0.117584
3.650238
5.326325
0.1700683
5.719397
5.410773
0.5269534
5.310794
-0.08319961
1.579961
-1.43958
4.92043
4.659791
0.4760316
0.309115
6.859318
4.491159
6.331741
6.749
5.135316
0.2703269
-0.6771567
-0.3119956
5.411645
3.988132
-0.7199451
8.299296
0.04196858
0.05140247
0.04819377
-0.1653612
-0.617333
0.1897219
3.863954
-1.31895
-0.8867498
-0.1876616
4.196805
4.054015
3.001443
5.442424
5.075044
5.08725
0.1627041
-0.2759277
-1.175006
4.447504
-0.8097983
0.960728
4.533114
4.685746
5.41179
5.527944
4.764325
-0.904372
-0.8755406
4.868233
-0.1274575
2.599563
3.449979
-0.7767614
-0.04838873
4.299702
5.915215
1.534786
-1.479918
1.40133
2.566231
-1.319966
5.297734
-0.3920978
0.4345571
-0.6631442
1.033561
4.944639
3.868078
-0.6534677
-0.7130417
0.4148197
0.9874051
0.2577838
5.417919
3.774014
3.779147
4.27017
4.021362
5.513515
0.972673
-2.089875
5.268603
5.775971
5.268834
0.4777794
3.780966
-0.3156651
5.566173
3.366814
2.66457
3.525935
1.085056
0.5653859
4.462162
0.5187953
4.628461
-0.1894389
4.550312
1.149558
-0.7077043
4.052518
0.5095803
-0.1648088
4.686263
6.80012
0.1090507
0.81084
0.5585167
4.814603
-0.9765796
-0.3753243
1.213971
4.656523
10.09249
4.505086
0.2096261
4.405264
2.619766
1.993524
-0.8741195
0.1208343
3.482242
4.013078
5.392467
-0.7522708
5.197715
1.21488
7.077251
6.733501
0.4837672
4.628033
0.8041656
-0.3458845
3.91626
3.362745
3.79885
4.68694
1.245036
4.762919
5.011593
1.939118
4.724477
0.5470375
3.075467
10.1889
5.79739
3.434701
4.239697
0.7931265
-0.2987548
6.422582
-1.428422
1.215934
2.906643
5.467647
4.339225
4.557062
-0.6187925
-0.9189301
4.468958
-0.8578722
6.274156
3.605566
-0.6208893
6.189202
7.228607
5.832042
-0.08649492
-0.3175742
4.291981
5.189474
5.173426
4.144248
0.8234336
1.266893
4.918543
4.791698
-0.2926719
3.982147
4.437685
3.771506
5.796004
4.679101
5.592778
5.981952
3.837312
3.973862
5.102301
-1.338714
5.344816
0.9418453
-0.7126239
6.113022
-1.54289
5.980277
5.52745
8.184797
6.95303
4.584823
5.318614
6.39427
-0.5075272
3.637854
4.932115
0.09872792
-0.3512666
3.752225
1.772951
4.932335
0.04428042
-1.494971
4.64699
5.226138
1.949001
4.599745
3.900102
4.465217
6.024896
6.541456
3.388564
4.811761
6.010904
5.636935
10.11233
3.255622
8.33075
-0.6448299
6.754881
4.577613
4.363932
-0.7207375
0.5067263
1.024156
-1.692106
-0.6537362
6.629497
4.510752
1.05402
3.490756
0.1953375
6.03096
0.7258462
4.522529
-0.2451089
0.8152961
5.970182
5.026335
-0.9894561
7.826586
6.398681
5.891721
4.899123
-0.4904599
0.6395351
5.995379
0.3462954
6.48736
5.126304
5.49548
1.544313
-0.3802105
3.888869
-0.5323538
-0.3282862
5.474061
4.459625
6.309001
5.640338
4.869187
3.093118
-0.5535446
6.257613
4.088326
4.756391
3.413325
5.353662
2.265533
4.768773
0.9997926
6.3381
-0.5399329
6.128962
1.29077
-1.08917
0.1806877
4.705652
4.64042
3.973539
4.286769
-0.02677626
4.193692
6.391496
3.874576
-1.183536
5.967437
5.085803
5.923765
-0.851902
4.072027
3.938801
4.331585
3.385447
4.860244
-0.01806029
0.9749154
4.438691
-0.3618407
-0.5844687
4.951942
1.148485
5.023869
4.443764
0.1300042
5.287723
5.477824
-0.2781548
1.721265
-1.533512
4.178682
1.024782
4.389006
3.373251
-0.6264622
5.680687
-1.581489
5.23192
-1.606976
-1.477451
-1.376742
0.3103996
5.858446
3.836142
-1.513965
4.270425
0.08815171
5.172317
5.204579
0.1571894
6.202054
6.533316
5.13016
6.77148
6.594659
0.7376437
5.66833
5.425029
4.366317
-0.4544167
-0.9470482
0.3400342
1.378648
5.118719
-1.443687
-0.6208699
-0.8795284
0.5534631
4.609506
0.05077165
-1.649625
5.998245
6.267976
0.9360096
6.421602
0.4559594
-1.090115
5.81884
2.823204
0.4999196
6.814443
-0.8760566
6.404974
4.038494
5.298222
0.8086307
-0.01171837
-0.6044023
0.4270643
4.430474
3.249971
0.5540458
5.095719
4.151704
4.988677
6.191443
5.100348
3.935121
6.390154
5.357099
5.655864
5.408486
2.039468
-0.0703
5.566739
5.702022
1.478476
3.060094
0.2307644
4.147281
3.958614
4.820719
1.114553
-0.1107731
4.959457
4.066008
0.522815
6.054235
0.1589402
-0.8637129
0.04156297
4.674502
4.93197
-0.6813332
4.276719
4.170983
4.177945
5.25033
-1.113783
3.992109
0.3619387
-0.7487009
6.228037
-1.893644
5.507927
4.456958
6.652976
4.358243
5.370796
3.650837
7.097217
-0.2370339
3.610386
1.940171
-0.1367463
2.710286
1.324122
10.58815
4.069405
-0.6778155
5.112774
-0.7793421
10.61868
2.631545
0.8571852
1.124209
4.092363
5.564136
5.987439
5.651521
4.412897
7.285398
2.348155
6.782873
-0.4774014
1.844798
5.51102
4.127928
7.12436
-0.8798059
4.842246
5.712801
-0.1779276
5.79495
5.505061
6.033641
-1.745151
6.729377
5.129777
-0.09084473
6.798368
5.695861
4.065004
3.219853
1.324284
5.033964
5.771796
0.4764462
1.696168
-0.6072315
6.235028
4.919482
4.363801
2.105007
2.358619
2.190402
1.017173
4.510662
-0.9521625
5.272047
5.848551
4.652271
5.852358
3.860671
8.413722
3.589695
-1.538883
3.260859
0.5272629
4.005617
4.804772
4.13606
-1.821583
5.598049
3.911258
6.939904
4.862913
4.003552
7.296918
4.306737
2.834929
1.481007
-0.5806445
4.588941
-1.358591
-1.345261
5.787029
-1.468847
4.300795
5.829854
4.497776
1.934511
4.235062
5.818459
5.936333
0.3532118
3.792051
4.455245
6.044082
-0.263849
5.012504
7.428725
3.934728
-1.131285
-0.001736812
0.1049516
0.1335267
3.501264
6.079884
1.302358
-2.841489
3.987948
2.237146
4.992841
4.754268
5.561389
0.7797836
5.362467
5.726323
0.295315
-1.421063
2.165961
0.1903057
-0.1670667
3.966446
5.272098
5.176196
0.7384464
6.467857
-0.3328775
5.713015
5.644485
4.194926
5.758896
4.235099
-0.6835276
1.788032
-0.1024256
7.834343
4.426106
3.817953
5.493408
4.72852
10.10604
5.590998
-1.399625
3.001997
5.940851
3.834177
0.877811
-0.6712286
-0.5968829
-1.292861
4.414529
4.192472
3.8074
4.078891
-0.6500108
1.073697
0.8593843
5.053065
-1.794539
1.085128
0.8698086
5.194656
4.11334
4.766705
0.801705
5.533212
5.959715
0.3897711
1.345153
4.955374
1.077358
4.511185
6.793236
7.028855
3.929049
6.080648
5.875627
4.723513
6.647032
3.74114
6.065861
0.8325911
1.351393
1.393329
5.599132
1.471747
-0.711287
5.54377
4.680369
-0.2995095
-1.532664
-0.2893723
0.1263344
5.600403
-2.100958
5.75337
5.813821
4.922226
4.143963
-0.6965923
5.02672
1.980566
5.430344
7.052407
5.28819
6.080702
0.7209929
-0.05829152
4.904308
5.246995
2.841686
6.133208
1.68101
2.746915
6.04642
6.685906
5.466415
5.43962
6.700948
5.108734
5.318107
6.909484
-0.2681398
0.5728558
5.229032
-0.0471995
-1.132216
6.178997
6.538311
0.7910092
3.532081
6.084739
5.168862
5.377344
3.211182
-0.5850603
-1.415604
5.191551
-0.02400635
-1.387763
-2.167735
1.681563
0.9433705
4.323404
4.24025
5.31807
4.027353
-0.6995726
3.802652
5.006062
7.043183
2.983238
2.610382
6.894417
4.74215
0.4439283
0.5659044
-0.2356883
6.365917
3.64347
1.231727
3.55767
4.405143
4.671257
-0.3803993
4.937883
2.769159
-0.8055331
-0.4392677
8.753048
-0.07790996
0.8878227
4.873219
1.292648
-1.046189
12.01385
4.652647
3.823543
6.025988
8.578586
2.728498
5.296126
4.917808
6.156951
0.2401626
2.96543
-0.7980577
3.675256
4.591283
1.411753
5.534746
3.952812
2.527143
3.839226
4.600118
5.61725
5.138497
4.822052
4.204574
6.126276
6.008412
1.572786
-0.4492039
-2.106644
5.463767
3.744004
-0.6127271
0.3063288
-0.9542404
0.9184519
0.4261606
5.378115
6.009638
-0.05039392
6.929655
1.494093
-0.926716
4.52517
6.064231
0.04214099
5.602026
3.767778
0.6404972
5.122005
5.774799
-0.1383891
1.537311
5.183305
6.163935
3.81477
0.8615971
0.5210945
4.53544
3.766119
4.93795
5.418183
0.8490742
-0.6293948
-0.7425808
3.164064
5.306189
0.8870801
4.122865
3.565153
4.521159
2.632295
-0.9437144
-1.329318
-0.514316
4.584655
2.350542
6.590991
4.664999
-0.4685086
-1.313425
5.575391
5.731895
4.98736
5.753494
5.921032
5.213746
9.75467
3.697808
0.3658297
3.589914
4.751128
-0.4430494
6.825388
4.538376
-0.5478399
4.109964
0.6002276
3.752021
5.464465
-1.736872
-1.251465
6.816233
2.902461
0.4859015
6.330414
6.46077
0.4917192
6.865568
-0.2341797
5.249798
-0.6155621
6.036425
-0.5522423
-0.9616846
0.6834715
0.3078566
0.07535644
3.885039
0.5392246
5.933573
-1.419829
6.043957
1.210005
1.279504
-2.698839
4.985432
5.892018
5.225569
-0.6689773
1.140231
3.498964
0.4948026
0.3354416
0.3720976
7.162881
1.972715
-1.666533
9.011866
5.188248
6.164047
4.668004
4.74446
5.120849
5.835579
0.1082337
0.008083184
-0.6470967
1.260916
2.47595
-1.073941
5.968678
5.220971
4.462951
4.465644
3.888729
5.263215
4.771919
4.743167
5.716789
4.505074
0.1921199
5.325951
4.873171
1.394035
6.449476
5.699691
-1.504965
0.3461853
5.808331
0.1306374
2.82248
0.1371106
5.227614
5.531575
1.002226
-0.4401651
4.641659
3.307553
5.75184
-0.2901798
-0.2210173
1.823145
5.113026
-0.06107106
7.849426
4.888846
-0.4677894
-0.7916645
0.4879634
5.631862
4.157104
0.2158223
-0.2540604
5.615652
5.620937
5.685508
1.005926
-1.026616
4.84744
6.094041
5.854435
2.782977
6.496806
-1.143537
-0.4430472
0.1587431
-0.3266729
3.63955
-1.376465
5.05453
6.722133
4.20903
0.6762391
7.108082
6.364454
5.219034
6.095323
5.141867
1.059561
4.006495
5.751359
-0.7525254
5.022736
7.012784
0.3267244
4.91451
0.6196111
3.768874
4.368407
4.000024
4.848761
4.396208
-0.2278019
5.251157
2.999088
5.423543
-0.2773083
4.921374
0.9429286
-1.39401
7.636611
1.073376
5.840689
8.052093
6.239034
1.04384
4.330684
3.9122
6.644741
1.312693
2.713444
-0.7092099
0.2971213
4.636286
0.170428
4.32286
-0.4212118
5.59793
-1.542207
6.612492
-0.6375369
4.62539
3.723117
4.596539
0.3497614
0.8676133
5.225268
-0.4645569
5.973237
0.5213312
3.181337
7.007182
-0.04383329
0.7492058
0.2583329
0.4217061
6.143039
-1.41025
0.3077544
5.080596
2.571688
0.1686245
5.659635
0.9623619
4.818538
6.09506
0.1062428
0.1153394
-0.8841105
1.08008
-1.127544
6.857428
1.674726
4.997846
10.77452
5.687886
4.45403
-0.2053317
6.026909
3.2859
5.448654
5.659935
5.831167
5.173344
5.557216
3.877674
-2.346748
5.326863
6.917564
-0.5510838
4.15231
4.398464
1.832824
1.41568
0.7116951
0.5893593
-1.027514
0.290725
1.184783
3.162624
4.819754
5.622344
-1.059245
2.568893
4.497961
6.002985
0.6602064
5.783624
3.759346
0.7828317
6.049548
5.706572
-1.177252
-1.120472
-0.9663974
6.071149
8.00693
0.5326327
3.976246
1.474758
3.988652
4.695851
7.132555
4.998739
5.690739
4.86453
4.802545
6.041273
4.00279
-1.458713
5.807276
4.271956
2.911369
-0.7391342
4.777717
5.216186
3.462808
4.251083
5.229946
6.76655
5.524302
7.836817
6.179726
-0.7740553
5.055216
-0.4119982
3.848635
6.821479
0.8085516
3.576325
-0.4723485
5.132617
6.339042
1.109534
5.216046
4.764116
0.3883494
3.299455
0.112654
4.421937
4.716907
7.431963
5.717046
5.563941
0.1852994
-0.7988216
-0.3332319
0.9271382
3.322961
-0.1622632
5.617401
0.1555422
6.961799
3.525691
5.726472
2.752992
0.4117769
1.785066
4.968843
5.696676
7.406115
5.422117
-0.3491144
-0.1329207
-0.6831065
4.612366
4.53569
5.531141
0.7042906
0.5196124
4.49672
4.771605
7.040645
1.667765
2.570277
1.168058
2.891747
4.289257
-0.3159565
6.930671
4.223072
1.222944
3.766463
3.863854
6.133001
6.468861
0.234179
0.3601165
-0.7215147
4.581878
5.507574
6.212017
7.198769
5.383579
6.991189
-0.7173438
3.194205
1.257745
6.089446
-0.4638269
5.240818
4.140939
1.243642
10.06649
2.964043
3.334847
5.349679
12.30145
0.3262469
5.950849
4.146817
5.283632
6.077597
-0.2952508
5.099808
3.94586
4.014091
3.355187
4.002
-0.3140023
4.641776
7.013186
4.854342
5.353113
4.842225
-2.175317
0.6755619
5.795915
5.252194
1.615008
-1.138156
0.5209803
0.7819152
0.6461271
5.838659
3.850353
6.500136
-1.53273
6.495982
5.082975
-0.06168499
6.302786
0.9780105
-1.077117
-1.22613
3.114344
6.37151
0.2943459
5.45363
3.570114
-0.2962015
10.68971
0.3737483
-1.381491
2.534534
6.192768
-0.1165491
5.012163
1.010529
3.631567
6.439424
4.196507
-0.5318664
1.586165
0.8889702
6.291198
2.934996
-0.2570812
4.340472
0.1010095
-1.743623
0.9765249
0.7610156
5.14779
4.125854
5.370219
-0.7340846
5.917292
1.280474
4.878709
3.759585
5.614121
1.068376
3.002528
0.8073104
4.397867
5.912801
6.98898
5.570437
5.185521
3.159035
3.924074
0.008388116
-0.4985317
0.1562699
-2.244403
-1.41981
3.933983
5.909431
0.09638069
1.406934
-0.6484413
-0.5801209
5.343829
6.1122
4.238295
4.600772
3.353701
-1.836504
7.33424
6.12283
-2.918049
4.293253
0.3632479
0.1065922
-0.7599316
0.07017118
4.709355
-0.3935892
3.90771
5.559816
1.204101
4.716293
-0.790383
-0.6894445
3.349909
6.557256
5.923099
5.710853
4.218063
6.396904
4.98451
7.283983
0.7394363
0.4740332
-0.2645817
0.1418194
5.222904
-0.658364
-0.6368728
-0.1230866
5.037619
0.9004233
-0.8389306
1.423145
2.047151
0.3109089
0.6412816
0.1399059
5.197117
6.121131
5.354347
6.051432
-0.892799
0.6030127
1.332989
4.544772
1.512931
6.072874
5.357079
3.663717
4.355591
-0.8160495
5.498709
0.9863582
-1.98987
4.954962
-1.142616
5.455071
1.740015
0.2957675
6.879564
6.106978
5.617051
-0.7202076
3.014339
4.763939
6.31365
6.085373
0.7773746
0.0008035203
4.147407
4.786896
0.6718132
6.22223
4.980493
4.190124
5.080141
0.151022
0.3231198
3.978797
1.232923
5.046503
2.815626
-0.4835977
6.139276
4.930761
4.96596
3.871317
5.019518
1.211562
3.477597
6.518121
5.080006
6.113664
0.3333119
0.1695439
4.61944
4.670061
-0.3429092
-0.2998095
6.213712
4.768524
4.27005
4.979216
0.5521387
5.903542
5.223914
0.7578676
3.731005
0.753033
6.51037
0.2770275
-0.01000609
0.823114
2.25004
6.133887
4.924473
4.949377
-0.8177726
4.670605
5.602397
-0.4849923
5.613426
0.7294638
0.2587649
5.791106
4.298298
5.3471
6.104007
6.109003
5.040627
0.685421
7.006215
5.116633
2.721611
0.3973676
4.523886
4.925984
-0.688391
0.4541301
0.8044343
2.458635
-1.546688
4.769916
4.805378
-0.1199711
6.67036
1.590393
5.69886
3.784478
4.619517
1.489836
0.3882572
7.824389
3.850346
3.753392
0.505413
3.573897
5.980733
-1.566557
0.4471185
-0.800411
-1.013989
0.5856277
4.446962
1.435922
-0.4571624
7.862122
5.778363
2.670693
4.778233
-0.4648102
5.740592
7.240046
4.854072
4.947383
4.282298
0.3010758
0.101763
6.017684
7.654828
4.612994
-1.145526
1.584216
8.490975
5.02144
-0.4570473
0.6801791
6.862399
-1.447425
6.18493
-0.2202694
-0.3049205
4.139945
0.9204215
5.682526
-0.4925884
0.1742706
4.824516
4.495822
5.502716
5.567274
0.7319903
1.298151
0.2152585
5.707449
-0.4479886
5.273067
3.168746
-0.2359875
1.481617
5.494046
-0.6217176
-0.2600015
-1.302261
-0.7823389
4.180325
5.423261
-0.1164437
5.698184
4.346212
1.060847
2.313364
4.324246
5.282146
6.916399
-1.721118
4.87971
3.754632
5.264031
5.16011
0.02016459
-0.07502814
0.3061512
-1.10693
3.110291
4.749425
0.05831472
-0.4331737
2.884577
0.3020128
-1.702038
1.028433
-0.5668857
0.3441293
5.267112
3.605762
6.252916
0.3658924
0.9751429
4.133546
5.164156
4.208342
5.763957
4.560602
4.559733
0.9191558
4.662379
4.668445
4.365594
1.641212
6.074564
3.300511
3.915377
1.240786
0.2383262
3.283948
3.596373
-0.4499936
-0.5024177
0.8823964
-0.05615701
4.714591
7.418483
5.670097
3.542365
5.610393
5.519422
4.155849
4.167193
0.7759788
4.403581
4.025429
-0.1138345
0.2390732
-1.312028
5.594729
-0.3961833
-0.4234527
6.822539
5.161046
4.753357
-1.058715
6.352519
0.1397878
0.6067712
9.486463
-0.9049719
4.382179
6.395292
0.8111014
0.990352
6.472269
4.315805
0.1218011
4.949256
5.870585
4.616208
6.955261
5.908519
0.5201074
0.1198614
6.496787
0.387862
0.1930332
-0.8143572
0.131193
9.748827
1.134093
4.313483
0.3414707
3.975267
0.7850267
-1.901981
1.037037
5.347418
2.034419
5.30145
2.756878
0.2943791
0.2680453
4.157177
-0.7092558
4.60783
1.463105
-2.011288
4.664611
-1.682863
-1.327326
3.489843
5.398704
0.9504288
5.431144
0.6873761
-0.5031595
4.09953
5.230043
5.052947
5.337234
3.957819
4.219741
-0.1526877
5.072729
0.5368982
0.8311103
-1.208622
-0.4919189
4.245881
5.412546
4.919945
-1.295116
0.09748362
6.378071
7.112242
3.904196
-0.2720771
6.192814
5.422356
-0.07351771
-1.719795
-0.5696161
4.824699
5.465164
-0.8344585
4.14586
-0.256268
5.189343
-0.6475832
4.05938
3.679598
1.938856
4.572011
0.4344801
-1.244372
6.341966
0.1550246
1.001007
2.771924
3.381233
6.192045
0.9502686
5.212247
6.815456
0.6695448
-0.9623205
5.510547
3.54399
1.51054
5.387025
4.989575
1.15058
6.076065
0.02253902
0.9764256
1.865908
0.8605028
5.655724
6.929405
4.439526
7.525612
0.4819015
2.824389
5.339006
4.918111
-0.1992022
3.187596
0.2231384
6.325954
3.822378
-1.253684
-0.5050475
0.3030528
6.809851
3.868269
0.04407256
0.4725116
-0.112706
5.020969
5.545598
-0.2353377
4.901238
5.217664
5.597572
0.2356624
5.894264
4.2498
5.19041
-1.17013
4.965493
6.800285
-0.02861674
3.601369
4.504314
0.2057063
1.447004
0.05180927
-0.6008941
-0.2670542
5.304945
2.668032
-0.5543242
4.981041
7.533216
4.864739
0.3281509
0.3121732
8.922697
5.550398
4.543386
7.481446
-1.170465
2.034583
4.942119
4.177529
4.791796
4.859355
5.689656
4.944586
4.87273
0.382082
5.582925
1.386151
4.81445
-0.1529567
4.502747
7.703468
5.34191
0.7675965
-0.6283005
5.419275
5.057128
5.507218
0.2406295
5.662918
5.505991
4.532304
7.464986
1.492759
5.963904
0.9212009
6.261877
0.01937707
-0.37896
6.941651
0.26291
0.3097858
1.072802
-0.8563913
4.833835
3.852042
0.7404495
0.4572549
5.52354
4.306803
4.14125
-1.221498
0.1679731
3.659375
4.163092
-0.8402105
-0.1269764
3.600648
0.3644897
4.704336
3.999597
6.797399
0.5470481
5.121743
4.503921
5.144631
1.441284
4.369115
5.537502
-1.081963
6.178455
9.632913
1.330052
5.519176
4.479829
4.987062
6.959263
4.221775
0.8349827
0.9273036
-0.478241
0.3805076
4.091129
6.325628
4.355677
1.837147
1.569434
6.97852
3.786195
-0.5672741
2.437624
5.782084
1.529338
4.738955
3.58009
-1.638975
1.010558
4.45658
3.644674
6.354321
4.031737
9.030016
6.177847
5.42382
1.65513
5.902929
-0.1454116
4.591963
-1.343494
1.16425
5.127235
6.299121
3.886218
5.415826
5.988617
5.074058
6.859661
6.633176
2.815459
0.5975166
8.018816
3.872244
2.136248
2.879293
3.434281
0.6602799
5.641165
-0.03370768
6.823811
5.475134
0.4791868
1.250139
-1.032195
0.9654512
-0.4423977
4.506514
0.05979218
0.4853615
4.518719
6.082749
0.8759407
5.06743
1.433357
5.167065
0.4188336
-0.005567035
5.626014
6.582187
2.254209
3.751786
5.444216
-0.8635079
-0.3997835
3.605479
-1.943858
0.02325613
5.384754
4.452105
2.433072
0.694871
3.890598
-0.8866061
6.093088
1.546911
6.229091
8.541943
2.702092
6.931392
3.19458
5.310763
4.632313
-1.514594
1.660164
-0.1561155
4.8769
5.059662
4.763186
5.446775
5.943849
5.423586
-1.108537
4.489498
4.369059
3.889772
-0.3029181
1.301336
1.568721
5.178879
1.684776
4.471338
0.02397214
1.065129
4.076868
0.4791505
4.885034
1.053471
5.698993
5.82574
3.898439
5.973063
5.80698
5.294488
5.092605
3.351252
4.588449
5.772816
4.375621
-1.244707
-0.1766334
4.114323
0.100847
0.5374247
4.841322
5.414152
0.7023236
4.494858
6.386474
0.5018624
8.183415
1.135708
5.298754
-0.8748119
4.320741
4.995337
-0.2613186
1.45355
4.631047
6.750624
4.89251
5.227464
4.282126
1.44251
0.8068432
4.508442
4.238259
-1.453908
0.5827827
1.899212
0.674596
6.648952
6.728068
1.551872
-0.1851337
4.105412
6.118866
0.01332763
4.784891
5.001434
5.44912
-0.4826816
3.918903
-5.315165
-0.7601035
1.041377
0.9686351
5.533434
2.140403
-0.349236
0.3673628
4.805976
4.732071
-0.3953784
0.6873684
0.2456586
3.582778
-1.152632
5.910093
7.197498
-0.3304852
0.4108525
-1.037988
0.07185772
4.626847
-0.7576943
0.07414309
4.752271
-0.1176434
-0.2372488
5.246938
6.340242
0.1209112
0.5438134
-0.7516793
0.938631
4.668961
0.5488341
-1.731397
-1.386425
6.31162
6.320175
8.246629
1.173525
2.736618
-1.127047
6.325177
0.7046697
-0.8993578
-0.8226273
5.315597
0.4009764
-0.8677897
5.589958
0.7985564
4.427206
6.76424
5.50839
4.804292
1.237469
-0.3396888
0.3874827
5.610018
5.309595
5.003177
-0.4256091
-1.045419
4.685035
3.615816
-0.07126305
3.861786
-0.7287435
5.45179
3.713941
5.631766
5.397579
-0.2516725
-0.7978173
-0.3141945
3.354462
4.359022
4.510359
6.335242
0.08691506
6.030138
6.929863
5.588463
1.889869
-0.6189987
0.04361851
2.063263
5.808256
5.149101
5.952041
4.99193
5.985483
5.626749
5.935887
0.9015257
2.986727
-0.568145
-0.1509351
-3.268288
0.2017881
-0.7602414
5.291108
3.391361
0.842526
3.405833
0.6733892
6.248644
3.658353
4.777374
-2.126313
4.282579
6.704208
-0.6547512
4.400854
6.861973
8.69181
3.930046
3.845562
-1.12717
-0.01129676
4.78941
4.333461
-0.6456916
4.357386
4.318538
3.859646
4.169611
3.971219
-0.8692968
4.482018
5.782648
1.667513
11.94303
1.077344
5.837349
-1.660777
-0.01413859
-0.7558993
4.656953
0.9644782
0.1900857
5.640919
1.02705
4.838293
-0.438769
1.82411
3.65706
-0.6051871
2.114165
3.378245
0.9636017
5.351692
0.4524341
-0.4095842
-0.1992769
-1.605108
4.771756
4.820849
1.02154
3.59583
6.046011
0.3334181
5.185075
4.322438
5.208907
-0.002673991
-0.6738349
6.472748
6.146423
5.567891
0.3676136
5.72893
1.003657
4.741691
7.44318
4.39479
-0.6437236
4.078473
0.1145652
5.682628
-0.540274
-0.3815
4.901984
5.426931
6.180519
5.218078
-1.548433
3.605733
6.160752
1.117349
8.267349
1.91165
4.445955
5.557995
-0.9310492
4.943254
4.721851
4.515028
1.565106
3.942238
7.116906
4.880432
5.3071
4.877197
4.682991
0.08599032
5.777028
3.963983
-0.1362236
2.150411
0.5819327
3.514902
4.202771
6.149305
5.159429
0.6926978
5.621191
6.061558
-1.927456
0.6725686
-1.91405
4.589387
5.957308
6.001566
3.73253
3.269618
4.880206
4.463453
4.73975
6.0304
5.418976
2.865442
-2.131923
0.7517103
3.966907
-0.1122011
4.917158
6.87286
-2.47444
1.110513
4.536637
-0.8737312
-0.5468076
-0.3182599
4.303674
6.285743
7.105457
4.964821
-0.8669129
5.780294
5.262938
4.928675
-0.4011267
4.3615
0.6271602
5.419564
4.289944
-0.1762796
4.848569
5.681402
-0.228756
5.294553
4.966195
1.920798
0.8717189
3.028286
0.08598526
4.437244
12.13677
4.324345
4.042771
-2.971886
4.72829
4.496681
4.830156
1.155445
6.306744
5.180579
0.8461295
-1.244314
5.55259
5.230116
5.686407
-0.3047318
5.34412
3.991166
5.524516
5.131631
5.025971
5.328269
5.401189
7.211221
5.598486
0.03104394
-0.7487166
0.5175988
-2.61058
5.952792
1.214168
-1.064076
5.741961
-0.08476829
0.6381909
5.935064
7.071515
5.653151
4.382289
0.4579286
-0.2275084
5.676341
0.5366638
2.185346
4.625112
1.475109
0.1092283
4.237368
4.409464
-0.5055227
1.945834
5.260702
6.079994
-0.726428
0.9325152
5.644382
3.668978
4.368084
5.555844
2.682168
6.395391
5.164653
4.215062
0.7435086
-0.2856481
4.802931
4.748137
4.515194
6.110409
3.595395
5.055886
-1.245176
1.170438
6.452906
5.383663
4.15344
1.781604
-0.1349084
0.1911215
5.831763
5.651804
5.505738
3.915882
6.823769
3.102813
7.221482
5.956991
6.091477
6.291448
4.593221
4.321203
-1.532927
0.3907689
0.1747962
0.5911223
0.6277963
4.245338
1.497049
4.935619
4.740215
2.08693
4.301654
4.610888
4.432535
2.294679
-0.7926304
5.03483
6.378091
6.732855
5.212927
-1.041456
