-0.8634541
1.180789
3.301098
-0.6820334
-0.7298099
4.121048
0.01515323
1.215337
5.479071
4.169217
3.148959
5.151033
0.4999644
2.566316
6.516241
5.139422
0.01801437
5.344901
0.06707536
4.800444
-1.042789
1.381757
5.46124
0.2262592
5.633059
-0.4399861
1.54629
5.689424
8.208115
-0.9685191
4.092247
5.357214
6.529121
4.215128
5.740633
4.409856
-2.055609
5.584699
5.245506
4.885769
4.200242
-0.3041131
0.1320185
2.704782
-0.08586943
4.474623
7.325695
6.102352
5.562488
5.079327
5.673879
0.04569606
5.758823
-0.935745
4.303144
5.071093
3.548378
4.291934
-0.8327571
4.950641
-1.520096
-0.2090929
5.863248
0.07148375
-0.05281896
5.598876
7.394389
-1.266134
5.264154
-0.7742169
0.562928
5.825919
-1.141094
3.863972
-1.733496
5.061018
-0.3268826
-0.6625267
0.7445439
5.204153
4.718471
8.718263
4.51121
-1.911191
2.016401
-1.50451
6.563605
0.01214736
3.839502
4.826077
4.089514
5.745166
3.282613
5.411888
5.329314
2.693443
1.758727
0.7431399
-0.2124464
4.647965
4.814204
-0.8001634
-0.9846813
7.021074
4.252999
4.976752
6.170695
0.3364875
1.005598
4.030174
6.892823
4.715449
4.249259
5.647528
5.563245
6.739184
7.171558
3.902262
4.839724
5.251467
5.717974
0.1290931
0.5545383
5.682105
4.713534
5.584181
6.616952
5.213617
4.915145
2.702886
-0.8970698
5.86818
0.1407923
5.762209
3.178281
-0.0627225
4.713339
7.13863
1.601841
0.5757299
6.073401
0.623105
1.133952
4.283515
5.314038
0.8402335
5.587124
-0.5048788
4.108558
-0.1552486
5.210718
5.04362
2.282366
5.619261
4.457556
-0.6609652
-0.07386664
0.3958848
4.786793
5.356164
5.654478
0.4540319
6.438863
5.031709
4.125615
-0.01559514
5.621576
5.069028
5.625911
4.597213
5.291423
6.009629
6.169548
-0.8027837
-0.03858275
0.4955687
0.2240349
3.488552
4.098846
-0.8169191
0.08373284
3.558166
0.7660145
-0.3068023
4.719337
4.648094
9.339248
-0.6227347
0.6412348
0.9418728
-0.4029331
4.955255
-1.072314
5.864357
3.718229
9.484224
5.609585
4.202227
0.3165472
5.116895
1.191181
1.577325
0.4306932
4.309343
4.436406
4.291436
4.602918
3.437208
3.977068
0.07489612
3.156806
3.821825
6.384281
-0.8795532
-1.757876
4.97731
-2.177453
-0.1321631
-0.551592
6.990741
3.658512
1.64992
5.629527
6.198153
5.328821
5.413204
6.623773
6.190004
4.734224
1.69649
4.800269
-0.4098962
0.9878446
4.15591
2.970408
3.304479
6.000507
0.6628288
6.576348
5.331588
2.886505
5.474207
0.9115635
-2.259047
6.056602
4.366037
-1.319652
3.976899
11.81094
-0.3071308
3.95682
3.996012
1.070213
2.264007
0.9551783
-0.6075441
-1.68664
0.7200718
1.272326
6.539598
4.960267
4.56926
6.200862
4.307037
6.557892
-0.9464499
3.882022
7.140413
7.521184
6.643095
5.199861
3.654798
0.02519145
5.463013
4.643769
-0.6168656
3.910221
0.3887955
-0.9305577
5.43836
3.889067
5.319005
-1.045941
-0.01681343
0.9110794
4.921639
0.07089724
4.685675
4.28275
6.956927
0.1724595
4.080579
5.148919
4.082779
0.2037524
3.448167
-1.199901
4.819003
1.538362
1.242673
3.786547
4.822327
5.019053
4.409727
5.388392
6.425952
5.433757
-1.341544
4.661444
5.883459
-0.3927553
2.722799
4.326052
1.362601
4.340165
2.969574
-0.2534275
3.48515
-0.2353728
1.59228
5.717565
5.091259
1.1218
-0.6159776
0.8170533
-1.496701
-0.5284914
-0.1229151
-0.4638477
3.354044
-0.5843365
3.621432
5.24533
-0.2539344
-0.1568502
1.256715
6.094734
4.666432
5.54123
5.172218
5.426063
1.779188
3.596329
-0.8633126
0.2104891
5.677083
0.2445498
-0.1151497
0.5613541
5.73579
0.3534467
4.739504
2.837982
0.02717317
-1.187198
2.281451
5.762892
4.558981
4.362295
0.02737215
4.021922
0.5957067
4.426872
3.724096
-0.4981451
0.9898259
4.901296
5.597736
0.9649837
0.6321148
5.34017
0.6100844
0.02849622
-0.2831158
7.3332
5.425743
1.428508
7.659793
4.15011
5.683754
6.05146
-0.225575
3.81856
4.986185
3.536836
6.043196
2.129389
0.8634616
4.560099
-0.2822326
0.2606287
5.007465
4.732856
7.371935
5.521603
5.543975
4.950395
4.560408
5.997688
5.587348
-0.8852244
6.183931
5.898759
4.778587
3.842504
-0.9151716
0.120847
-1.189425
4.957359
6.070457
4.219249
-1.863841
-1.377912
0.4453757
2.859998
6.494696
4.558417
4.618938
4.651881
4.981131
5.766657
4.73243
2.52537
1.28135
-0.9733736
0.4968909
6.090141
0.4898355
5.607423
7.03402
-0.6259171
5.775851
5.372402
6.13931
-1.248299
5.279704
-0.5855347
5.054993
6.178931
5.345674
-0.1876553
5.696083
7.388156
-0.5307886
3.786773
-0.2092914
4.718967
5.517711
5.878108
-0.9009194
9.512732
6.392736
4.392219
3.324595
5.752811
0.6471773
-0.7456887
5.792948
-0.3191934
2.034798
4.468119
-0.2422493
5.222978
3.795016
10.98396
5.08849
6.904464
6.156364
5.67119
-0.752825
5.094036
-1.579981
5.82927
-0.9206383
-0.4820908
-0.176769
5.969584
6.02121
6.155987
3.015244
2.030004
5.315533
2.742687
4.34315
6.843738
-0.4352128
6.423085
4.713825
1.378214
5.4949
-0.503178
6.057956
6.285631
0.1280877
6.001627
2.604564
4.389513
5.021128
1.367142
0.3418084
