1.106965
0.3604497
4.414192
5.057011
11.21525
5.810455
5.738878
2.699479
5.810591
3.447203
5.508763
6.312169
0.7835093
4.497237
0.5576722
3.696409
5.929896
-0.6181912
-2.020342
11.32458
6.15964
4.762664
0.6834437
5.57515
-0.6327069
0.009248784
-0.1988212
4.725217
0.1592834
-0.8430096
3.588751
-0.5071767
6.218076
-0.6812065
3.545539
6.048399
5.420606
-1.568057
-1.398075
6.311362
-1.044878
3.922211
3.355996
-1.136034
-0.3051636
6.718698
6.151046
0.0448255
3.093351
4.156155
-0.218799
4.633128
0.2844299
0.3536071
4.740054
-0.4602494
3.935175
5.972219
5.157779
4.783808
2.544669
5.141155
3.397437
4.298964
-0.6396795
3.154915
3.97581
6.683782
1.439634
-2.496559
5.10323
4.1182
0.2152147
-0.5831159
0.9383956
-1.825601
6.857756
-1.149311
-1.621807
0.7305115
3.96827
5.077901
6.773661
4.89335
5.205965
4.879643
5.426346
0.5508828
5.379728
2.653527
-1.364275
5.301918
-1.310874
3.969575
4.731108
4.830217
4.972576
3.192735
6.2386
4.995173
4.602203
5.802157
1.275653
1.623391
1.040013
4.955273
0.1428906
6.367657
8.206644
5.594794
4.387332
-1.038048
4.953284
6.328905
5.088066
-0.9950258
6.091186
3.398355
5.167254
-0.746121
0.8061635
4.656939
6.111705
3.96051
6.276263
0.4071539
-1.098852
7.497716
0.3253601
5.357039
3.839232
-0.4250667
-0.7272483
5.181755
2.977106
6.406172
6.368378
-2.676726
2.143879
4.75303
-0.5897141
5.363892
-1.806886
4.293252
6.51252
-1.818226
10.60532
-3.369726
7.572779
5.922297
4.972735
4.369317
3.960714
0.5948502
4.649187
0.436722
3.631681
0.05607219
4.867438
-1.154034
6.061503
-1.229407
2.989366
0.4434512
2.899525
6.980645
5.248328
4.224155
0.5295452
6.000903
5.794613
4.522513
0.1887965
4.845795
4.162857
-0.5960567
3.738911
3.0836
4.531062
5.62956
6.078233
-1.426024
5.539328
1.10495
5.217083
5.995432
5.255525
3.27855
4.085455
5.858629
3.169793
5.290541
0.158372
1.076429
3.398235
7.322249
-0.2320431
6.335529
4.983249
3.544175
5.773478
-0.3679629
0.08249862
4.809194
6.331415
3.3194
4.262676
-0.1699737
5.568106
6.21601
6.383982
-0.981763
5.35265
5.122329
-0.8154155
-1.703277
-0.1077621
5.307845
-0.3878173
4.312593
6.558395
10.28667
-3.005554
-0.5620734
-0.4736147
0.2724343
4.326444
4.938863
3.197303
6.663839
5.143548
4.830724
-0.74416
4.724961
0.2128275
5.743091
5.110513
0.7338497
4.422179
-0.03261381
-0.04591311
0.2371345
6.920629
5.741347
1.93232
5.029216
-0.8772471
-0.05355967
-0.2233017
3.66513
