3.089629
5.096423
0.6685899
-0.6025866
3.719607
5.301266
1.28131
7.857019
-0.8698741
3.745757
4.592969
3.142266
-0.1359325
-0.1040542
5.24956
-0.06657752
6.895021
6.218252
0.118441
4.534991
4.671861
0.4271483
-0.7509063
-0.09491238
-0.9230106
6.083602
4.934268
4.954237
4.255565
3.870168
1.574651
-0.3815296
-0.181676
6.741393
1.143211
4.794925
5.231558
5.879236
3.478066
6.804379
2.828562
-1.052447
1.754049
-0.8873162
5.191469
-0.677153
5.720264
4.097147
1.43815
5.401381
5.725488
5.787092
5.080265
0.2313375
0.1958225
4.992888
4.889699
6.012098
3.984528
4.902899
4.080648
2.846409
-0.4268351
1.648107
3.281213
4.379763
9.184
10.9997
0.2136926
6.42407
3.976331
4.98615
5.998673
4.742416
0.02288984
1.257259
-0.6879556
5.28363
4.843793
0.5883227
4.695254
4.796847
5.546719
5.859698
4.173256
9.573928
0.6190868
4.096886
2.055221
4.348537
0.796134
4.496431
3.179587
2.165026
4.879435
4.99152
-0.2658053
7.368879
-1.124834
0.7971397
4.439672
3.836191
4.330597
3.703997
3.809811
3.336308
3.939425
9.590143
-0.1274577
6.839441
-0.6941422
7.519925
-1.538541
1.045085
-1.222341
3.406102
5.696281
4.547834
4.054256
4.651875
1.079515
-0.9896707
5.540302
6.608871
1.448213
-0.3964589
4.672093
-1.519679
5.587191
4.87771
5.720369
-0.8367115
4.902374
-0.3526116
-2.282976
5.102176
-1.413134
5.952476
4.274939
7.834477
0.7829042
0.7759746
5.31404
6.231132
0.356122
0.1739314
4.185706
3.503127
0.2281198
5.232356
0.9005767
0.6526335
0.7765179
-0.4433449
4.217477
-0.2186527
2.777744
0.1455423
-0.419665
-0.1521215
4.474776
-0.05783741
-1.042265
-1.179111
4.913482
8.127619
1.46982
0.1660089
-1.020688
4.138712
3.254768
4.638476
1.023816
-1.717094
5.754191
6.059916
-0.6108956
4.303465
0.1894032
7.927013
5.387101
5.685743
2.832281
5.757319
4.004475
3.577309
0.1628426
-1.153237
-0.4416674
1.317269
5.788817
-1.746586
4.675753
0.05914572
4.880632
-1.33488
0.2071635
3.122404
4.415425
6.200519
0.3200483
0.8534064
4.805428
4.822698
8.276789
2.847469
5.589728
0.1516694
5.258465
3.614034
1.512699
5.270009
5.556156
-1.759902
5.087449
5.216404
1.501828
4.694599
0.07872709
5.498042
-0.7690975
6.99603
1.290507
0.342209
4.903916
5.820532
4.605681
6.484163
-1.44845
2.38178
0.4222545
5.430514
4.258099
4.912791
5.822034
10.33641
-0.1714055
7.692628
6.843986
1.106765
6.079059
4.999974
5.675186
5.549655
5.750668
-0.7235852
-0.1318385
2.35899
0.2832342
5.379107
5.705468
-0.3753472
6.132774
4.553575
0.4187228
0.5352199
5.079412
5.68674
6.45319
4.504205
-0.2123961
0.1815014
1.173059
0.03791952
4.963053
4.893636
-0.667973
4.850709
4.360612
6.305742
0.2903579
0.50928
2.027148
-1.205684
0.4152335
1.882796
4.294421
5.328096
5.918495
4.794116
0.2810088
3.917985
-0.3570934
-0.4776826
-1.484732
-0.03166406
-1.30244
5.764646
5.797108
0.9802617
6.67959
3.125394
5.176635
2.056639
3.42731
-0.5760966
6.699655
4.386985
3.654624
4.960041
5.330761
6.597464
-0.1748538
5.528357
1.233987
4.566054
4.275082
5.18799
7.1297
5.072786
5.254368
5.905428
9.890211
-1.072791
-0.2052928
4.655077
0.9691448
3.404825
4.942316
4.551191
5.631941
10.6396
5.997536
5.451121
4.279724
11.33021
4.308354
4.526821
5.51719
8.507375
-0.4140883
6.101331
1.864995
0.5058353
-1.833667
-1.186931
6.675972
7.254211
3.552172
5.633179
-0.5953163
4.54325
-0.7930148
7.608824
3.871942
3.847269
1.030154
-0.3871841
6.099205
5.796246
3.849361
0.8562813
-0.01765474
5.144158
-1.662897
0.870178
5.258763
0.7616377
5.334758
5.544389
-0.4347125
5.203333
6.429639
0.7212343
7.771644
4.438396
-1.380416
0.6939972
0.4292956
4.739562
-0.7988859
5.000507
2.073722
7.418412
-0.2935826
-1.905298
0.5923023
4.955531
-1.133386
1.558258
4.984512
1.873811
-0.5873024
1.573878
-0.2511492
4.206159
0.9312384
4.142059
3.076668
5.140301
1.133488
5.721235
0.09291393
3.856424
-0.904922
4.804717
0.3357578
5.400348
-0.6153219
-0.9535903
0.2545775
4.162307
3.631762
4.442746
3.634964
0.2397251
8.702556
0.5033824
-0.5777493
0.7038944
0.5852858
-1.889071
6.481472
4.796629
0.8275785
4.855406
5.654731
-0.1944944
-0.764356
0.4219686
-0.3308531
4.396077
3.507324
-0.7923452
-0.559947
3.654177
0.07342731
7.759903
-1.374303
-1.31376
4.642786
8.475237
-1.204433
5.674567
5.52664
1.470127
5.339205
0.1975179
5.938306
5.683021
0.4902179
4.207398
-1.023387
4.866722
-0.563618
-0.7648133
0.7403872
4.732473
0.09141885
4.452422
5.505263
4.707859
0.7771213
-0.5905227
4.28961
1.086141
0.5826248
4.381682
-0.3146167
5.201962
4.379344
5.362595
6.597083
5.202629
0.2048247
-0.2265247
5.205057
6.585786
0.5485097
4.512068
6.339079
0.5517627
0.4026395
4.241206
-1.186929
3.945537
5.867178
1.784089
4.825925
3.297942
4.847163
1.575153
0.153268
-0.8662644
4.953586
-0.03741562
0.09341066
-0.655235
5.091341
4.851952
5.904942
5.89818
0.5477052
4.682157
0.4925012
3.51604
0.2454158
2.276142
-0.3472838
-0.681828
