5.941742
4.577979
-0.4736708
5.412812
4.16119
-0.6661084
-0.7316578
0.44932
2.518618
4.412764
3.48647
0.547723
4.846058
5.066073
5.749273
-1.093869
0.6599768
4.439401
5.470401
0.1503472
4.808081
-1.480899
4.636607
1.696793
4.544436
0.3013961
5.363389
6.111927
3.061727
6.114787
0.7447786
3.371341
3.633536
6.181257
0.4109134
4.772561
4.647958
5.853566
6.846978
-0.2754396
4.861855
0.009612812
1.934942
0.101826
4.704238
5.909829
-0.6582749
4.587657
2.865135
3.465442
3.428049
5.065179
2.927466
5.037072
0.9050503
4.469676
-0.347297
-0.143948
6.885817
1.580382
-0.5609881
0.6738128
-0.403265
5.009489
0.5037739
6.625527
-1.975295
5.475569
-0.7190508
5.510539
4.675343
0.06754311
0.05215882
4.280042
-0.8740864
-0.8600754
-1.556385
3.175232
5.668668
5.704356
0.761299
-2.65253
3.354767
0.04784999
-0.05276244
5.107511
4.806434
3.676811
4.233103
4.322642
6.582613
0.2983724
0.200336
5.346701
6.384429
5.349623
-0.8275924
4.519011
5.948242
6.467054
4.943706
1.457221
5.788599
1.362806
-0.1167193
5.310578
4.449273
3.197453
2.987159
2.173204
-0.88239
0.1750606
5.703842
-1.465615
4.925659
1.143523
-1.423574
5.389825
4.632272
4.864784
0.810873
5.614315
3.908418
-0.7038151
1.207009
4.783804
4.878649
4.985689
6.672618
6.328489
3.501532
5.514
4.581508
0.7575479
4.892585
3.906708
-0.1536677
0.006496038
4.596617
0.3807052
6.044725
-0.8878307
4.630804
0.6413791
7.149621
5.720284
-0.3640264
5.086329
4.653406
0.8492182
1.790454
0.2742513
-2.539165
-0.335523
4.338378
4.048014
-0.1337956
4.887178
4.365876
-0.2001467
4.128282
4.270134
-0.7374537
5.36559
4.72428
-1.238513
5.061719
4.025808
-0.4396137
-0.6111727
0.1885561
1.915911
5.247717
0.2042723
5.717977
0.6380452
5.51441
4.57633
-0.7913759
4.6541
5.241434
5.172815
5.237214
-1.33621
-0.003845823
1.666118
6.339602
-0.9936362
4.52827
6.853982
3.649036
0.3667308
-0.7478501
0.01790886
5.256447
3.20237
-0.9816354
-1.526217
5.780128
5.542487
-0.7840781
4.902963
1.164211
-0.200461
1.26
2.000927
-0.1594809
-1.23119
4.922183
4.132006
-0.1575743
4.993395
7.007646
-0.5514939
5.008304
-0.3572635
5.586172
5.049683
6.164481
4.577412
1.044713
1.124616
0.3220566
6.094736
-0.756229
3.99778
3.607266
4.474445
1.190727
-0.1844224
5.009383
1.01377
6.310543
3.182662
2.930095
-0.08976759
1.584633
-0.7681906
4.317312
3.983195
4.011357
5.226804
5.167678
5.038494
5.009466
7.621813
4.747641
0.2743238
5.277547
0.3322494
