-0.690102
6.115346
5.819638
1.317151
4.650287
5.720065
4.337022
7.012638
4.808445
5.257884
3.199735
1.533274
6.24069
0.03099023
2.824632
1.507224
5.128007
5.140628
7.576049
5.226691
6.399449
-0.1266397
-0.1909053
6.750942
-0.9520297
-0.1869021
6.177708
5.217363
-1.614703
-0.06021679
5.064263
0.5810955
9.915615
0.278268
-3.132624
4.768299
0.8594132
3.790174
6.98478
-0.4562358
-2.438013
0.1334982
0.4012473
5.015527
8.637271
3.608645
1.462692
-0.1285965
6.206208
6.807537
4.402055
-0.8777071
5.258656
1.990028
-0.4157216
4.951255
5.167258
1.342616
5.825766
4.82582
4.189018
4.678114
5.741264
6.928132
4.473559
4.738322
6.573998
0.9237529
4.241673
12.06756
3.395619
-0.3126289
3.99028
3.023687
1.880399
6.92599
5.004141
0.862752
4.094414
-1.39907
-0.003644731
0.6214223
3.846588
5.398424
3.846819
0.7789555
-0.2377165
-0.5242249
7.168973
5.26202
-0.7422456
4.787923
4.714694
4.411629
3.476463
1.613027
-0.6868404
5.019186
-1.042717
0.2362018
4.740162
4.936905
0.08350017
5.231955
0.1560634
-1.063438
2.108001
4.821168
3.544052
4.930873
3.166564
7.825869
4.576798
6.098858
5.681498
0.7631747
5.964654
5.722829
6.653572
-0.2825661
5.231046
1.942288
4.100405
-1.15226
4.042789
-0.1646997
4.972838
4.100046
2.112814
-0.2488098
4.506128
5.038211
11.16756
-2.420707
-0.6955504
-0.8277275
1.001135
4.154135
4.150305
4.467063
1.4154
5.390439
6.512449
-1.460142
3.814118
-0.8777883
4.707262
-1.174615
5.222395
1.810162
-0.02475465
6.425209
3.725806
4.227386
5.139438
-1.981477
5.237518
1.8018
0.502611
4.598643
4.181644
5.151178
5.012908
0.7021681
2.032983
-0.4277027
0.8457364
8.749791
0.1391863
3.986379
0.6213145
5.043538
-0.003449495
4.898542
1.08927
-0.7308996
5.435485
-0.1469027
0.6364405
-0.5143808
-0.4528853
4.301849
-0.2757906
6.732506
1.702284
4.288606
0.6338215
-0.08528853
-1.651794
6.160241
2.474076
4.832221
4.424436
7.427274
5.052362
-1.691168
6.467319
6.47442
4.232376
-2.130471
3.960316
-0.09012834
-0.8804614
0.2147098
5.513274
1.067071
0.8749362
0.8291548
5.638596
-0.9495435
7.068198
0.9928503
8.162287
-0.52238
0.08774553
0.4109337
0.4596027
3.969694
-0.309404
0.1579751
-1.976086
5.748452
0.6779789
2.300088
5.492038
5.425327
4.023464
4.062482
1.113489
5.532101
3.118044
3.951184
-1.259476
-0.9420897
0.7974906
0.09353787
1.254083
3.991834
-0.1385687
0.3642774
-0.1998094
5.258284
2.435438
0.4620269
6.110414
4.517096
-1.241373
4.790112
-0.4532585
0.6528156
7.022659
-0.3447045
0.1285538
0.2141156
5.782506
4.414109
2.59247
6.098625
-0.7265186
3.3509
4.14337
-0.5696175
-0.2020968
2.885701
0.2584904
-0.2087299
0.02542792
-0.2335562
6.926656
-0.4656382
5.024753
4.343624
4.6526
4.86049
-0.1170847
6.268644
5.70665
3.550104
-0.2189146
-0.1415754
6.441974
9.080822
1.745315
-0.6457722
0.392807
0.7589015
0.1565849
-0.1244833
5.420497
-1.775898
4.720531
0.6529537
6.719462
5.17402
5.899525
6.195987
4.151578
6.394334
2.112143
0.9818641
-2.080586
5.926688
4.847915
-0.2136972
6.148997
5.823086
0.3648982
1.432793
3.965505
5.936009
-1.34595
-0.7427564
3.889932
-0.6187929
5.216669
6.292365
5.454768
0.25343
4.209129
3.142468
3.405601
-0.2092042
0.7922512
-0.8432426
-0.3910962
4.592173
5.729616
4.537704
6.093512
6.132549
4.521227
5.490754
-0.9517674
4.386038
-0.7557281
3.766543
-1.143614
4.270102
5.38334
-0.8275374
0.1504517
3.804452
-1.53014
0.7497872
0.5844901
6.350288
7.180312
0.57744
-0.5560517
6.338486
-0.4692083
6.598114
-0.2138429
-0.3290847
5.740438
5.535625
4.742908
0.8921954
-0.2745765
4.233137
-1.42679
7.573737
4.685428
5.63838
6.713569
4.142238
5.508748
4.413285
0.1778815
3.531116
5.087076
5.293845
-0.7348533
4.532972
0.1976625
0.6926858
9.254501
5.400774
-0.4037185
1.03159
5.52134
0.01427297
0.05759961
5.032716
6.324038
-0.9350067
1.412145
6.762383
6.974682
-1.67998
5.319147
6.897514
1.245042
0.3069029
8.4596
5.486997
6.598213
4.876147
3.516446
-0.1525037
9.897353
5.519887
5.146704
5.734524
0.2291002
1.692502
0.4708732
4.044982
5.529077
-0.4996358
5.557222
4.316593
8.497553
4.635269
5.069313
5.282583
3.399158
3.881608
6.518732
0.7035826
5.418609
-0.4493135
4.017673
4.359517
0.1721768
5.786115
6.540691
-0.6633305
3.784162
-1.235616
5.432541
5.537704
-0.5824569
5.930233
8.0451
6.460893
3.660028
-1.374638
4.672679
0.3190149
5.789612
-0.9309356
3.794652
1.157718
4.333605
6.059878
-2.291006
1.241663
5.936691
5.310388
-1.326934
0.7763572
5.577824
6.904589
4.444422
4.51142
5.416002
5.874255
-0.6684161
0.5251032
4.66073
3.777299
0.8566299
5.878764
0.9007592
3.975701
-0.04649748
7.951089
4.990529
4.918469
3.816236
0.3248276
3.864616
-1.895726
0.8779402
7.339617
-0.4343103
5.845404
0.6687086
1.880792
4.760793
5.850843
4.242238
-1.091236
-0.154774
5.48914
4.122461
-0.3239788
-0.1039594
1.312434
0.8409503
5.731397
1.240563
7.066907
6.745617
-0.7485632
-0.2246504
-0.08389686
5.671847
-0.2561881
