5.261453
2.264606
-1.464596
5.758296
-0.7396135
-1.040767
5.108903
6.686201
4.066053
4.862534
5.452519
-0.3802065
0.3620086
6.036331
5.035993
5.36944
1.166258
0.2451226
-0.2085025
1.188987
5.116745
6.212299
5.490008
4.179749
4.056272
-0.8079951
5.002354
3.008067
5.371672
-0.4361585
5.282294
4.868657
-0.2985746
-0.02414386
4.668254
4.801313
0.5847361
4.367918
0.08231422
-1.705731
4.51519
3.67784
4.16298
4.086483
5.539876
3.989373
5.415409
2.46155
4.878942
4.855388
5.018545
5.780834
5.008976
0.3003668
-0.4748512
3.608192
3.377165
-0.7004046
-0.9673872
3.94089
3.738477
0.4808881
-0.4716841
-0.1024488
4.481616
5.852932
3.686331
4.538212
6.230509
6.825187
5.331323
4.891824
4.904845
-0.3663728
-1.643611
5.081764
4.086471
-0.1435581
6.733842
4.581177
3.149535
5.765233
-1.33194
0.9136254
-0.9134763
3.661614
4.506672
5.496042
2.797201
4.650808
0.01588616
6.641017
4.320466
0.3063087
5.72442
1.187227
1.132114
4.685854
0.3778614
1.580402
7.062299
5.238493
0.821058
4.907214
5.548538
1.894015
7.071592
1.451938
-1.118679
8.401293
6.088409
3.942495
5.41928
5.43111
1.187603
0.8018627
1.573209
0.9388727
6.769213
-1.388114
0.2310377
3.673281
3.925504
-0.6457572
4.938643
3.930277
6.174586
1.488319
5.353621
0.3662294
4.856295
4.775955
-1.109463
0.9088215
5.158496
1.553441
6.859299
6.53702
1.058949
1.207423
-0.6472365
2.26794
5.195611
7.68598
5.338366
1.508109
4.59122
-0.2484008
6.943424
6.404545
0.803758
0.4055381
-0.17425
5.497349
0.6087211
5.336394
-3.344372
4.870377
6.633397
4.841382
5.94072
-0.1066243
-0.3515855
3.830691
4.806271
5.576647
5.364008
1.725106
6.719323
3.780905
6.101541
1.125423
4.504928
-0.29573
5.221059
0.6391654
0.6374872
4.052569
5.599651
8.510879
-1.727195
8.469196
-0.04937139
7.226252
2.422085
0.3822534
0.3926835
6.278592
5.297788
2.968626
0.1116901
0.811768
3.912493
3.300827
4.864768
3.943429
0.05234932
3.855195
1.623193
0.8066154
5.39935
5.375389
4.982294
3.017107
3.735835
0.3554894
5.740005
6.079397
5.169938
4.33286
3.936184
6.375628
3.601677
0.7028568
-0.978147
4.866458
3.093808
4.045532
5.163728
1.059882
5.92584
4.649668
5.85045
0.7767701
4.024537
2.289261
-0.6478169
0.797827
6.016377
3.773817
4.863137
0.4229772
0.7010339
-1.46599
0.5238541
-0.8965558
3.235334
0.8630509
4.22361
5.333138
6.122284
5.148976
3.324438
5.912177
3.90489
5.559194
3.88838
6.019903
7.796089
4.955105
4.180918
4.739865
5.492703
-1.165763
4.436286
1.001388
-1.442029
8.002615
0.9176525
1.723867
4.25832
-0.5908785
5.598606
0.7036062
-1.05138
-0.997467
4.63988
-0.1462134
5.625054
3.248115
0.1104007
0.8759382
4.29679
6.625071
10.30156
0.918439
5.512287
6.36061
-1.726078
-1.216161
6.108342
4.998283
4.309621
3.71403
5.923548
7.07888
5.302669
3.597094
1.155702
3.96826
6.112955
5.201125
4.966494
-0.4940366
1.621612
4.740403
-0.07570928
3.589036
-0.05800272
0.4214547
3.85001
4.327174
0.4182145
5.632036
3.886302
2.061458
4.141559
4.658563
8.179944
4.13298
-0.03788434
1.400696
-2.269803
0.3735401
0.9794966
-0.8955656
3.256116
4.73939
5.254476
5.861767
6.409133
5.325467
6.102769
4.662827
6.428699
0.1002489
4.123814
-1.277551
-0.3841043
-1.105063
4.10185
6.054139
-1.827903
0.9825411
0.415448
-0.4437095
1.145152
0.5000354
1.334791
-1.223186
5.692268
0.5176776
-0.4566112
4.430575
0.248027
6.5094
5.94565
5.275974
6.686068
5.538395
5.966809
-0.3862672
4.715294
2.543
5.944058
-0.6279763
4.904357
-0.1003413
4.755308
6.376679
4.961757
6.143382
0.66859
6.415195
8.169648
-0.3406731
3.769293
-0.3247759
3.545318
4.969481
-0.5342516
6.360491
-0.6768849
5.225141
0.4368171
5.312216
5.457246
4.603102
1.612942
0.5119471
4.25545
4.639957
3.52747
1.37858
6.092642
4.597317
6.13184
1.308724
3.371289
0.3090665
5.66927
1.063735
7.876334
8.329388
6.852902
4.895376
0.156471
0.3046393
5.036844
1.333634
5.545642
-0.1790862
1.621308
0.7884058
6.265613
4.681212
2.299728
5.891685
0.2072889
9.878486
0.5262874
3.462306
-0.3512124
6.140792
-2.25104
5.12718
5.704059
5.91197
5.906127
5.508917
5.02247
-1.164087
0.6568398
4.840433
5.28991
0.7156592
5.175642
3.756462
4.553641
-0.06530987
5.504621
5.454762
1.265624
-0.08073647
5.8171
-1.674649
6.441691
5.864881
-0.460761
5.342664
7.216455
5.622315
0.3978659
-1.676308
-0.3909973
4.611959
-1.013302
0.3620296
-0.3955976
2.562041
0.8614348
1.191897
5.172472
9.10724
0.1439192
3.314258
-0.6341589
2.862419
5.255659
-0.7067512
-1.287806
7.73035
-0.2739318
0.5784507
1.596005
4.990771
3.818296
0.267276
0.4851155
0.158643
0.3708547
4.515636
5.528186
4.125094
6.379702
5.113254
-0.09166095
3.633856
6.028636
5.848935
5.237936
0.8552839
1.523974
5.938229
4.407995
1.494052
0.5007835
3.518394
6.136431
-0.9425291
5.443829
4.766647
3.170374
4.543564
0.9739225
4.589783
-0.4920624
7.525862
5.259861
-0.6826414
