-1.69745
5.768221
0.2876129
3.955412
5.384646
0.0520106
4.747931
4.008678
-0.7504971
4.284492
5.337418
-1.57458
0.1800836
7.205907
6.852587
-0.160524
5.083433
4.716851
4.75249
4.189968
1.194024
-0.9729631
5.606014
0.1430849
-0.1445765
0.9353333
4.82369
0.09645976
3.234935
5.20331
6.23218
4.827632
5.009996
2.230538
2.654321
0.3409742
5.404813
4.350372
0.6353191
5.458589
6.817853
5.819341
5.74132
-0.5806981
0.1035909
6.075636
-1.486678
3.704158
0.9866601
2.486735
0.1464463
2.994405
4.721499
0.322609
10.53473
5.976223
0.1442639
4.04265
4.603816
3.967333
0.272782
5.581478
5.546446
0.310155
-1.154443
3.910442
-1.019645
0.5460763
-1.042418
2.998742
4.023191
6.419
-0.0001273221
0.3992437
-0.2225481
-0.7653391
-0.6856308
4.029778
3.577096
1.784625
0.1770483
6.032138
0.1497762
0.852409
-0.8047229
4.806838
-1.374175
5.132129
-0.07388022
0.6812298
6.572129
-0.6895174
4.147676
5.667251
0.7576856
-0.04803078
0.6018138
3.586302
0.1392087
4.110312
6.753808
-0.2002774
-1.235331
-1.247392
3.764792
1.131693
5.30287
0.3711574
7.235557
-0.09942282
5.043171
4.655434
4.82507
-2.497331
4.931098
4.609951
0.04364273
6.850507
6.458104
-0.2504122
4.507274
5.961111
3.111232
0.6885188
-0.4654889
2.744743
-0.5513187
-1.60907
7.792032
2.34864
4.465366
5.881425
6.169592
4.372156
0.2030146
-0.1363159
0.6991473
-0.9916653
4.59943
5.517368
4.771653
4.773799
1.503738
1.1755
4.857998
-0.7113985
5.250781
3.940987
6.537909
5.828061
-0.4831622
3.791787
-0.4307226
5.935477
1.009175
6.009353
-0.4510121
1.575571
0.1351781
1.92312
6.192352
0.439496
5.671344
0.1764843
4.338427
-0.3552588
0.5054524
-0.3574084
3.546802
4.186642
-0.1061863
3.787745
0.1059504
0.05959479
5.154344
5.290309
3.984375
5.722405
0.4400618
-0.344454
-0.5797112
4.769767
5.508699
-1.594894
-0.4295482
1.470691
0.2425662
2.662557
-0.182347
4.601325
0.5630627
-0.1172725
6.084002
0.5232975
0.8955686
8.583403
0.04422955
4.146846
-0.4976791
0.4969603
0.1458982
0.1010629
3.792031
4.977987
-0.9590115
5.993041
1.728272
6.229934
4.601236
1.028162
3.913168
5.80197
-0.5360183
5.789694
2.112669
2.087366
3.516797
-2.318942
4.312676
2.219141
0.4024617
5.819749
3.203477
4.268814
-0.4718984
0.2954989
5.761478
4.759366
4.383072
5.560023
-0.18625
6.074356
4.943098
4.30891
4.736936
4.746994
6.165727
4.301768
0.02869894
1.42999
5.629388
-0.1616265
6.131057
5.319921
4.455273
4.589365
1.303961
0.1281813
-0.3179272
4.27714
-0.1286011
6.438018
-1.979161
-0.918788
6.649384
4.664428
5.315484
0.2377235
5.917453
4.174114
3.446782
1.371942
6.916228
0.8925289
0.08347811
3.235086
1.203816
3.500372
1.363413
4.029533
-1.602144
5.832264
4.654277
4.198272
3.137607
3.947202
-0.08977538
-0.610172
2.988535
0.5000664
4.046563
7.513163
-0.1407633
6.165337
6.245598
4.261944
4.40685
-0.9276886
3.863657
3.182207
1.612682
5.11073
-2.481568
0.186043
2.157509
0.9268762
0.3132683
1.203762
3.803358
0.8230382
6.743959
5.280729
4.325931
-0.7149294
0.6821851
0.05869004
4.490338
6.406875
-0.06958318
-0.2597023
5.802446
5.845782
0.04030604
1.576937
4.632134
-0.4107209
4.335001
4.38583
0.773003
0.1511313
0.5577478
5.946576
-0.4715137
6.088083
-0.341109
0.571209
-0.5958151
4.096377
-1.287961
8.325285
3.40541
-0.2360549
-1.04806
0.9800901
-0.04453457
6.235651
4.087403
4.7213
3.919574
2.306376
11.88135
5.078691
5.804081
4.850094
0.8533091
-1.552503
-0.1813247
4.008855
-0.2271113
5.253367
4.698016
-1.121825
-0.5515004
4.594911
0.8583936
-0.4134094
0.7499196
-0.336369
0.2372907
3.916422
1.374201
0.604913
4.023101
0.2388284
3.294746
1.413275
-1.972208
-0.6818384
-2.019909
5.641056
-0.9080252
0.7057216
4.601478
4.622429
4.928747
-0.390984
-2.001661
4.832123
4.988136
2.870495
5.198979
-3.445804
3.944841
0.2132413
0.03339417
4.69298
1.927463
3.288838
-0.4441228
4.77411
6.635071
1.369594
3.679251
1.06657
7.794668
0.7775731
7.509571
4.947525
-0.800642
1.236363
6.027289
4.391727
5.925674
4.566063
5.146217
4.312741
6.214416
-0.3884228
2.535347
3.942686
6.557746
4.59014
7.355901
5.737053
4.586044
2.317448
4.793743
4.535517
5.738035
4.867
5.462175
5.171446
-1.831537
0.1387124
5.866618
3.534402
3.945729
5.790307
3.291764
-0.5134626
3.180229
0.6184414
5.001151
4.252278
6.555234
-0.5145825
1.22121
1.368583
-0.5088434
6.27015
6.830088
6.650781
-0.5092677
4.728151
-2.014455
0.6577715
-1.545395
7.715904
3.144441
4.462472
4.934988
4.701803
-0.05807796
1.393958
5.558246
6.832526
3.586773
5.56199
1.141981
3.716087
5.076569
-0.1464049
5.453615
8.783504
0.05830396
-1.337958
6.592193
0.6760703
0.5909219
6.104896
1.338025
4.94914
4.317706
-0.9472891
5.532811
5.113516
5.176037
1.376598
4.808676
5.1002
4.962322
6.892699
4.622348
-0.2997159
0.8004964
0.6718326
-0.5309071
8.446065
6.187442
0.2782942
3.644894
0.5749771
4.194633
1.869411
6.198626
-0.1644345
0.8179618
1.059735
5.872259
3.482619
-1.882676
7.234519
5.269369
-1.02424
5.466259
5.626898
-0.1249906
-1.830555
0.2590219
1.159031
3.476749
5.916907
4.195151
3.84247
2.594638
-0.2756994
6.17436
5.323025
6.513097
0.6433908
4.762946
-2.593196
-0.5017646
4.750587
4.808451
-0.9644753
-0.1393876
4.082105
-0.3653156
0.6664011
4.929998
4.3952
0.4118055
-0.6278365
5.015182
0.00811801
0.6844933
5.028489
4.483497
0.9740365
4.184004
1.092127
5.773682
3.517616
-0.7879975
0.8246317
4.898641
-0.7474274
5.470146
0.2801527
0.2740965
6.827023
5.416005
1.294578
2.02833
-0.187478
5.578311
-0.4092684
1.186823
-1.659007
4.34983
1.25291
5.654928
10.00598
5.962681
5.802371
1.297062
-1.613765
1.787911
0.3158474
5.001084
6.978521
2.422901
-0.609765
-1.302701
0.9121451
-0.13065
1.506707
-2.126065
4.186037
-0.9338229
4.949307
5.954905
4.2316
-1.046919
-1.024108
2.664059
0.09163353
-1.088577
2.076211
-1.164532
4.755058
7.087259
-2.235897
4.877111
6.178374
-0.3661136
0.2687156
5.002278
-0.5973502
5.862841
4.804831
5.860042
1.455668
0.8502579
5.218245
5.382441
-1.511006
4.485112
1.441882
0.0541546
2.065319
-0.3485067
5.53157
0.5086637
0.1079385
-0.4646699
-0.5603365
-0.5565327
1.241008
5.325165
4.038352
5.106594
-0.7512386
4.174669
4.860307
-0.9362036
4.978062
4.170415
8.138482
1.126031
-1.641025
4.601813
4.631409
-1.208192
5.450304
0.3956428
6.507165
3.759779
4.17599
-1.373325
1.082903
2.382753
3.964565
4.399833
5.747248
0.3428223
0.08464888
6.144729
0.461548
7.120148
6.409484
-0.2863476
-1.285589
5.747714
6.131464
0.7278787
4.938603
-0.2879864
5.79769
-0.7362152
3.735616
6.191053
5.000744
5.417727
-0.8395371
6.212409
3.777329
3.696044
5.513279
5.501728
-1.364354
0.6860801
0.5233225
7.252887
0.2032072
1.551562
-1.129299
2.449875
5.138311
-0.8628484
1.138492
-0.7047077
5.25632
5.375696
6.63926
5.102118
5.012387
7.489696
1.32289
6.811102
5.743408
4.804695
-0.7787414
4.946353
0.3119383
-0.06809112
1.612545
6.41843
7.529973
8.964029
-0.8507151
6.808398
4.880871
-0.8128031
1.698551
6.099854
5.10589
5.372389
4.605594
3.302478
6.873258
-0.7617132
0.6761337
-1.302799
-1.432367
4.954275
-1.618483
6.262394
2.103179
0.5152545
6.17824
3.669913
5.496673
0.1138821
5.659855
3.699413
0.7654162
0.7014859
0.3403351
0.04312514
2.801653
4.227431
5.949309
4.687981
9.803714
5.96529
5.891109
3.815446
-0.1790065
5.100629
1.640481
5.58212
1.430834
0.2712358
2.912864
11.61391
3.627507
0.311753
0.5042853
3.389713
1.078166
3.719086
4.059623
0.1224773
-0.769723
4.700256
0.5793099
-1.181183
-0.1985504
5.615993
5.920161
0.3324993
1.738578
-0.08197197
4.790385
-0.7559875
4.624322
1.033744
0.9875729
5.096937
-1.854136
5.343652
5.579268
0.7607512
-1.103901
0.1883124
0.1048272
0.4639515
2.940028
-0.5281633
3.852922
0.5121033
1.050524
5.545213
0.00950637
-0.1726491
4.573842
8.817954
0.4675522
4.277505
5.24298
5.090218
-1.566136
4.416105
0.2168225
-2.875423
6.153626
4.947578
-0.3105371
6.774139
1.325605
4.306541
0.4839728
0.278458
6.066396
-0.342702
-0.09679297
0.2852092
4.179283
-0.2099099
4.641796
5.099103
0.3554028
4.948164
4.99314
5.455499
0.8497083
4.54789
5.374064
6.68497
5.518273
-1.419264
1.778581
-0.7800499
5.872788
5.909406
0.1848531
6.621573
-0.6519369
5.522086
-0.5587323
-0.4920178
6.65041
0.487807
-0.1518256
1.450304
4.584143
5.55216
3.683042
-0.5964865
6.282432
2.482994
3.596065
0.673946
0.538821
4.313647
5.454927
-0.001817428
5.319947
5.407958
-0.3137859
0.5940584
4.712833
6.200441
-1.272122
3.182565
-0.3317889
2.098957
4.7084
5.096441
5.66052
-0.1946101
0.1373771
3.535609
6.11817
5.183189
7.264533
0.8177994
0.670652
4.711546
4.492063
3.56382
-0.4772125
-0.1704159
3.389232
3.561464
0.3430731
-1.647595
-1.650764
-1.123937
1.281439
0.468678
-2.211649
4.836423
4.889126
5.837904
5.830987
-0.6186092
3.804306
3.427273
11.09546
2.260401
5.396749
7.171318
4.658107
0.368311
1.533422
0.2250365
5.910067
0.3169596
4.197808
6.817976
5.623145
0.4615467
4.27839
6.469015
4.198354
-0.6211107
4.965961
-1.942044
0.5354031
1.198128
5.708438
0.04272691
-0.6983754
6.166217
4.169508
-0.9254587
-1.244454
7.390799
4.937836
3.920458
-0.1515627
0.6210549
6.90977
4.659649
0.1686258
1.482375
5.033353
5.284484
0.7456124
-1.5115
0.1961303
-0.7382595
3.254329
4.651937
-1.997083
1.357524
4.80907
4.013903
5.204314
-0.6312202
-1.006407
4.256523
4.696539
0.3664708
-0.2722425
3.843019
3.945523
3.827685
-0.4743881
6.299911
3.982308
-0.1381333
0.6222455
0.3658768
1.201078
3.147262
4.83
-0.0856419
0.2610956
0.4621883
3.86954
0.3381588
5.038463
7.079366
3.928252
0.4490232
4.693774
-1.034444
4.844092
0.9318041
4.652442
5.868705
-0.5569896
9.084682
4.654256
4.897624
2.98712
-1.641637
5.078168
-0.1364039
5.619196
0.08129205
3.926527
4.770842
0.4812327
4.044398
-0.6020719
0.3173298
4.322135
6.181292
0.6697751
-0.6496719
1.562868
7.030002
0.6712884
-0.1183766
3.782026
-0.2515048
4.418467
1.105958
-1.420332
0.9845738
0.6319108
2.885296
5.60036
4.258765
4.753134
-0.1671717
0.03217335
3.176164
4.100362
4.060058
6.670136
-0.2618702
3.799479
0.6003159
-0.1278972
5.479352
0.5353917
-0.4450085
1.653847
3.759472
2.490476
5.531274
2.838929
1.797786
4.291715
0.01608775
0.5307377
5.264803
3.65267
4.757114
4.242991
0.5445033
0.01005814
0.6944005
4.469325
1.06232
1.257732
4.910092
4.274201
-0.1044017
0.5213568
4.23611
3.592289
0.1427082
-0.2145976
0.5491678
2.043144
1.641264
4.075902
-0.00711213
1.514511
4.599216
-1.713422
-0.3802656
1.065884
-0.1017382
4.370381
1.175254
0.1354948
-0.6431691
4.644732
-0.2933453
6.181164
5.240534
-0.9311214
3.52058
6.329819
6.330422
-0.6148919
3.930233
-1.00159
5.961012
4.422272
10.31535
5.95495
-0.9286587
6.228628
0.7592776
4.496715
0.3418936
3.457039
-0.8288228
5.430044
-0.04282391
3.767605
2.286963
2.274665
4.240013
2.159648
2.595538
4.284719
4.345247
1.495374
3.124143
0.8936588
0.1935487
0.6888742
3.982625
3.930056
3.304684
4.799318
4.279796
6.037409
9.307585
1.362402
4.246303
0.3164425
5.747099
1.030758
4.847388
0.6104521
6.193685
0.05976136
7.018016
0.2039526
5.081818
5.20438
0.02429661
-1.776023
-1.079291
6.051687
4.172797
1.41138
0.526532
4.27096
-1.489181
-0.5690635
5.86275
-1.332232
4.635946
5.83663
7.584477
4.568917
5.476416
-0.237877
6.181498
0.08623481
0.2690023
5.578696
0.9282727
4.671231
7.723126
0.904122
-1.938942
4.99666
5.36294
-0.1089532
5.623097
5.508853
-0.684678
1.145932
0.01843631
5.274847
0.817151
0.6816022
5.368575
5.575118
5.663263
4.541781
4.600365
-0.7332626
1.100362
4.158723
4.839021
5.770909
5.290112
5.237076
5.760731
1.077759
-1.148228
4.229587
4.677507
6.588573
5.006879
3.981582
0.5118463
4.242114
4.200598
5.04514
7.009855
1.663701
6.328457
0.1106021
5.161005
-0.3183305
4.388352
0.3538101
1.328706
4.456095
4.447713
-0.5186382
-0.0917332
4.450852
4.784312
3.521947
-1.739964
-0.03790769
4.905323
0.2119352
4.088912
0.9425704
5.248598
4.113709
5.287444
1.460579
-0.2711367
5.498399
1.148217
0.6231644
-0.5387132
0.3013926
4.388748
-0.4779026
0.4514922
6.364751
-1.612104
9.424296
6.544294
5.376947
5.184488
5.993142
4.858656
3.770955
4.884305
6.665773
-0.7477009
0.4135915
6.674956
-0.07255074
4.219652
3.617543
-0.435933
0.1929183
4.918344
1.907922
4.029889
5.063521
-0.2534341
0.1947909
3.547027
0.4897124
4.951371
6.434334
-0.8188392
-1.071304
7.233345
-1.68852
0.751979
7.007244
5.198733
4.597941
0.8564772
4.906483
5.796578
5.162366
4.128977
6.275147
0.9321269
4.0126
0.596827
1.87073
5.415938
1.471959
-1.994715
3.683315
5.36577
4.84339
5.162891
0.2803662
0.1397886
-1.131282
4.956998
4.926518
1.220849
4.251523
3.094008
-1.774246
1.025678
4.58118
4.807776
0.3343975
3.835182
0.417438
-0.7948359
4.653495
5.542476
-0.3387057
5.587937
5.905648
1.943225
-0.7294176
4.353035
5.831718
0.3805011
0.7318459
4.009227
-0.08831387
1.616908
5.060313
5.192993
3.628843
4.841114
4.792153
0.653286
0.7644006
3.879894
-1.307336
0.379275
-0.3610276
0.8332337
-0.1528573
-1.439276
3.556929
0.1172897
0.4689235
-0.755375
0.5519631
-0.2232109
6.064858
6.912165
6.454859
4.19868
5.761235
-0.5411617
-0.5932807
4.694621
5.678334
-0.4788433
0.9000077
-0.02085231
1.002611
4.395781
4.902572
6.029407
5.002199
5.034548
0.02623076
4.153072
5.413481
4.299941
5.300311
3.860382
3.914375
5.936239
5.731513
0.3259976
4.160761
4.406459
3.886595
6.592782
6.482327
7.834567
5.441189
1.027862
-0.9350566
1.427965
5.383097
5.159034
4.08566
4.34097
-0.9980883
4.784439
4.851059
5.562726
0.3980101
-0.5425163
4.308983
5.380446
0.695858
-1.017438
0.5407971
1.791454
4.96472
0.3892406
6.354135
-0.9626401
5.634597
1.334662
5.945162
-0.8144094
-0.505524
5.975768
4.820415
4.610325
9.490862
2.85386
0.3200015
6.553345
5.930419
2.497654
5.633373
5.099286
7.111769
-1.651037
3.316623
2.370968
-2.197812
4.067715
-0.2480791
4.07229
-0.506551
4.500797
1.262428
4.415235
4.53046
5.31152
5.147308
-0.3776185
5.041402
1.670804
6.146843
-1.03918
5.765944
1.411651
15.41587
4.951251
-0.3853234
-0.2131675
4.480531
0.5309201
0.1447741
5.693635
3.992397
0.05276143
3.82894
-0.7560082
6.283732
7.026279
6.504434
-0.846493
3.00049
-1.88029
5.195826
6.105649
-1.076132
0.3060824
1.115683
-2.478162
1.557198
0.5726887
0.8609249
0.6546
5.206833
3.842121
5.067701
1.219276
1.725242
5.271694
1.025703
5.672744
0.8299734
3.256343
4.706958
2.951715
-0.230711
-0.6561465
-1.626661
8.034925
0.04037664
-1.347302
6.549003
0.4565639
5.771273
7.569409
4.46554
-0.5116023
-1.359691
5.869239
1.490953
-1.107192
6.137223
-0.8103557
4.046947
-1.329494
4.005957
6.308398
-1.458174
6.973158
0.2482406
4.065641
5.733721
-0.6621789
4.502616
5.043712
-0.58559
-0.9459572
4.094774
4.560958
5.313246
4.465329
4.99784
1.228725
0.4416054
0.59968
0.5074754
4.531349
4.115842
5.528749
0.1060009
3.851306
5.688652
5.487208
-0.7801184
3.996095
-1.320477
5.065578
8.07037
1.963257
3.494861
0.1923445
4.817516
5.105128
6.116079
0.222247
6.076579
-0.1840379
-0.1532312
7.989274
-0.7713822
5.190694
1.628507
5.783664
5.392011
6.303825
4.869797
5.180644
1.53626
3.087698
1.025542
4.553241
6.78741
0.5490036
3.097011
4.464291
-0.6452704
-1.522797
5.997882
5.262741
-0.05443709
3.502137
3.8796
1.527211
4.985068
-1.184231
4.33462
5.677234
0.1238655
4.93677
5.471163
4.152888
4.95829
6.454024
5.841108
5.22209
3.898
6.571858
0.5084299
0.1521371
5.473021
4.381335
-0.2218262
4.191214
0.2803726
4.023226
1.153391
4.514238
6.194278
4.607648
6.161185
6.871999
0.7368691
-2.332202
6.646804
-0.0982263
1.339551
1.327827
-0.006370615
-0.7317314
0.2475129
4.581221
0.3292478
4.489515
6.127461
5.994716
4.531229
-0.945671
3.666576
3.062562
5.876676
-0.4961476
4.945781
0.5688094
2.082668
1.530271
5.024214
4.712301
-2.032421
0.6384713
5.176871
4.340411
-0.6371653
0.2072551
-0.6148376
-3.522212
-1.661147
-1.308603
5.772979
5.250861
-0.7521459
-0.636087
-0.9654109
6.188465
5.141597
2.267818
4.055882
2.221421
3.329995
0.5447686
5.207842
6.179602
6.898147
0.5599898
3.813151
-0.3177568
6.202921
0.07022867
-0.4823895
-0.091407
5.737044
6.45979
6.237442
6.76668
0.5351762
6.31507
0.3161618
5.791581
5.604562
0.6307884
-0.7176482
1.4523
6.751477
4.290656
0.1017743
5.333552
0.3869124
3.171789
8.07248
4.002631
3.87255
0.8363046
4.520093
0.6995247
-0.2201986
-0.0002538297
4.023958
5.317135
0.2579532
-0.8645405
5.550693
5.750532
1.027484
3.370555
5.172693
0.1223932
3.966799
5.950407
0.6392764
5.10672
6.027254
5.085788
-0.5803068
0.5379504
5.1541
5.140551
1.867384
0.230593
5.110512
-0.4449569
0.6560638
2.227571
5.487143
5.67559
1.473158
6.11654
5.401958
5.93267
-0.4372431
5.728395
4.401381
6.596682
5.61704
4.793263
4.07174
-0.05648005
5.905747
3.22573
6.780891
0.2647208
1.207737
0.4266276
-1.836086
4.867232
4.756219
6.624743
11.8339
-0.04434658
4.528185
0.509289
-0.306494
5.353345
4.271244
6.58494
5.116409
5.031925
4.723324
4.780715
-1.609421
1.150579
-0.6910148
3.533447
0.3099804
4.946695
-0.1429322
0.4972227
-0.2531637
5.843111
4.32948
5.538822
0.232143
-0.3504386
5.889669
6.051892
4.901107
-0.6434598
5.168651
-0.5186938
6.093625
1.092652
5.406263
6.14412
3.446417
4.534065
-0.6725341
4.730172
8.751925
3.178287
5.340745
0.103401
4.881442
5.705042
6.822304
-1.233678
4.685579
0.8233661
6.576318
4.002
4.262232
5.812967
3.583726
4.40212
5.491273
4.204065
0.6739655
3.693774
-0.2726538
4.665261
-0.460113
5.985834
4.847253
1.841592
6.036543
4.983772
1.522716
4.580416
5.26306
4.846501
5.948532
-0.2543213
0.6685782
4.18884
0.8952294
0.5832079
0.7148931
0.7630317
1.999881
5.856505
-1.078654
5.033574
3.353729
3.818899
4.641052
1.899622
0.4736629
0.1482751
5.803346
5.573032
-1.344584
4.566207
-1.71986
3.132333
-1.002708
5.206117
0.4087871
5.686198
5.019718
6.007272
7.283562
5.613387
0.1113483
6.773889
6.671248
3.734853
7.010371
1.452129
0.1614796
5.588754
-0.03293308
0.0421152
5.934317
5.70724
0.2612556
0.3932737
3.559877
0.4260826
5.975739
-0.5607201
6.568044
4.227451
-1.310766
2.323712
4.339526
-1.936824
7.116313
5.756777
4.617512
4.401987
0.5669312
0.8702603
5.85274
1.574029
3.589083
4.523936
5.217132
0.2442786
0.2217862
2.102541
6.394726
3.063558
0.9836475
1.015316
5.142554
4.095436
0.02753018
6.652066
5.299039
4.359552
4.866726
-0.07651135
1.07734
5.198817
0.8902177
0.6460805
10.66064
3.902141
4.560876
-2.54496
-0.635094
-0.5963835
5.574296
0.9195527
4.90267
4.343347
7.180178
-0.3188591
4.759779
5.002858
1.470064
6.578033
6.422732
3.718123
6.681058
5.883495
5.256027
0.729991
3.574427
3.591827
6.145839
5.147982
2.952514
5.00581
0.9045507
2.479383
6.05286
1.305408
5.872786
4.295263
5.368943
6.010516
4.048288
3.046292
0.001677751
5.433844
1.522796
0.7690488
-0.1459691
-0.6727845
0.4504022
4.741926
4.899744
-0.1400493
0.4134065
-1.816599
4.795755
6.158864
4.767111
-1.364573
5.031167
0.3869159
0.4664193
7.939788
2.947426
5.022262
5.472238
1.513609
6.763506
3.655568
-1.120154
6.047633
6.102882
6.08008
4.936346
5.301693
5.700026
4.419039
0.2386766
7.201978
4.018667
-0.5427197
4.268402
4.679722
1.1119
0.07869774
-0.4138697
-1.667054
0.04784522
0.7143701
6.095615
8.031365
5.542916
3.959557
2.383081
-0.6429753
-1.314532
1.414498
6.189692
5.890533
4.490396
0.5256387
-1.710219
3.90059
4.706602
-0.7884832
5.87241
0.6005611
-0.1752886
5.035874
-0.2622232
2.484612
5.739256
-0.8097388
0.204184
-2.276337
7.740062
0.2281401
5.552241
-0.3967941
4.005106
6.520117
4.565074
1.440622
2.600181
5.451235
5.002165
0.005676407
-1.043464
5.428421
0.8269401
4.646448
-0.977386
4.152932
-1.238716
5.355688
5.130269
6.564807
-1.893823
0.1930625
-1.167251
5.275759
4.582441
1.443661
4.41506
1.21115
5.880636
1.049885
5.034082
0.05626028
4.833438
-1.11101
4.255387
4.450887
-0.7424582
-2.131129
5.176351
5.28652
0.06082999
5.31204
5.202659
-0.4895464
4.637225
0.03385704
6.062814
0.02012317
7.111223
6.365002
-1.713296
6.066775
1.19457
3.523971
0.1706278
-0.03251431
0.4450128
5.041791
3.689591
0.1781884
0.8148304
5.294295
-2.180624
5.607692
6.117573
-1.047212
5.84761
0.3985855
0.5479564
3.880618
5.288078
6.406936
6.281263
4.324981
5.934863
1.041891
3.996579
0.6750624
0.863243
5.757268
0.8518744
1.690594
5.45391
-1.146709
0.1338801
0.2662969
5.087148
5.842683
3.005996
1.43523
-1.423055
0.6420295
6.121719
4.802332
4.496742
3.624282
4.450498
5.729986
-0.40661
0.4962533
5.323516
3.3034
4.833562
5.167855
5.385028
4.894329
5.081496
-1.543719
4.969259
11.30635
0.3805022
5.616021
-0.8592164
0.6470557
5.897994
6.006008
5.127981
4.555733
2.361224
5.338167
6.22589
6.464654
3.093198
4.420096
4.724591
4.853932
6.502065
2.773325
-2.853265
5.165877
1.070581
-0.01077457
3.429264
4.796593
4.86709
-0.6776995
1.026824
-0.2975937
-0.07032008
-0.8586572
4.043994
1.170007
-0.4682873
5.07288
7.622256
4.684473
-0.8429338
-0.06632591
5.945306
5.092924
4.646229
-1.134127
-0.4938364
-0.668986
3.969633
5.679378
3.21323
5.330381
4.73059
5.525587
-1.141566
4.893001
6.292135
0.4396944
-0.7044016
5.679182
4.641848
4.642273
5.282485
6.001714
-0.7322822
5.605433
4.79128
6.006688
4.54667
1.177358
2.02012
0.9092411
4.861167
-0.05455935
4.542599
1.80283
0.7405893
7.326815
6.349636
5.012025
4.849011
-0.5037951
0.7572691
-1.156995
4.539471
5.147791
-0.6940106
0.6993898
5.982756
4.248716
5.320988
-2.194741
2.853542
5.510753
5.801813
1.141719
5.665486
4.95075
4.559242
5.639007
6.069593
0.8631803
4.556219
-2.70712
5.398012
1.052782
-1.577538
4.748337
0.8387058
1.626838
0.5454396
4.597394
0.7799494
-1.245484
0.3815852
0.9550032
4.148974
5.353135
5.312116
-0.5406271
0.2673655
8.336135
-0.3750752
4.245023
5.730434
5.610019
4.075764
0.1857177
4.614088
5.193029
-0.3962145
-1.153125
4.838798
5.979953
0.1378128
4.31484
5.717527
5.708125
3.29504
6.066707
5.792828
5.305547
-1.075315
5.34805
3.690917
4.951145
5.789682
6.250454
3.866576
-1.738282
-0.1661174
5.051146
4.405289
-0.5920139
0.8449126
4.573031
2.771471
3.926189
5.238579
-1.853132
0.9486133
0.5349716
6.492453
5.936703
5.276989
0.09615423
-0.3801481
5.567597
5.321768
1.381708
0.5450487
4.403321
7.373936
5.07415
4.198089
-1.182356
0.3431833
0.05301333
2.08467
2.008582
1.329155
1.815378
1.144378
0.9347382
3.819129
5.05541
4.230001
-0.07428553
4.467491
4.995388
1.587246
0.8246582
2.606627
6.238404
0.644422
1.346635
0.9218659
-0.1847491
-1.025013
4.623188
5.237575
3.081841
9.440838
0.4619729
5.252582
-0.2564893
4.484103
4.947661
6.103786
5.732377
4.819539
5.858726
4.949931
5.613306
-0.7121771
4.515511
4.130457
6.469675
5.817462
1.638077
0.3440908
4.63281
-1.13305
-0.2038712
-1.238791
-1.491084
5.181223
0.2140243
8.670549
0.4171455
0.6202823
5.921151
0.3780036
4.944272
1.048696
8.951111
2.293097
-1.111334
6.854295
1.088208
4.948128
4.745795
-0.6912774
4.095681
1.023396
3.478842
3.993839
-0.6485907
0.212199
7.461168
6.358955
5.653445
4.97537
-0.01533514
-0.9666519
6.016916
4.383951
6.732613
1.151711
4.209603
6.810109
0.4799524
0.8817492
-1.891151
-0.5623576
-2.124058
5.335981
4.467825
0.2872202
1.001656
5.560362
5.464618
3.125752
4.924695
4.106188
4.542275
-0.04433244
6.946481
4.10814
4.962912
5.80957
4.794495
1.048626
0.9726128
3.970639
6.643136
0.5221576
-0.9145119
4.483557
0.7317488
4.409805
2.740856
3.672893
-1.202489
-1.044585
4.216301
5.240091
3.761622
3.832798
4.875509
-0.2375698
-0.4617998
0.1388649
-0.8959144
-0.03305758
0.2866279
3.372807
0.3500615
5.185824
4.642832
4.846011
1.248339
3.484939
4.756705
4.219038
5.051209
5.195389
0.8721219
-0.5197496
5.507516
5.121267
2.802935
-0.742431
-0.411597
-1.24412
-0.5280345
4.13331
4.070247
-0.7288997
3.18579
5.174458
1.776851
0.5826284
5.139056
-1.02675
6.405794
4.183757
4.49879
4.840863
5.341227
4.1417
-0.1565056
-0.6694689
4.849825
-1.604636
5.432634
4.234024
5.090476
4.459275
4.554391
-0.7906891
5.677523
4.487892
-0.2698428
-0.1774929
3.464769
5.414598
0.2400789
6.63296
6.662527
0.7294324
0.004045889
0.1762194
4.878574
5.577071
4.39655
-0.2696788
1.289991
1.061983
1.779979
-1.308284
6.7568
0.7361494
-0.3681423
1.496042
1.690191
7.696465
-0.8787555
1.155706
4.266212
4.564635
-2.147077
1.506189
3.715049
5.784277
3.561168
6.29965
6.698449
6.00705
5.893106
7.553666
7.49234
4.226522
-0.6887813
4.779742
3.346523
4.815351
-0.7489856
0.2485188
4.026756
5.549296
4.993526
5.300499
5.170072
-0.797768
4.090661
5.328978
0.4345776
1.195908
6.246301
5.147506
-0.01706457
4.406761
1.917969
0.3873133
6.635314
3.441126
3.915299
3.373895
-0.6132828
4.746249
-0.2775699
0.06063103
-0.8021874
3.073844
-0.3257321
6.899372
3.568777
4.81384
0.4110596
-0.8378456
5.142531
-0.1698042
6.03858
1.873253
-0.2164892
4.767863
5.527111
3.960709
5.011231
3.36891
3.431823
-1.823389
4.480658
6.468491
4.032453
4.139702
0.2684639
-1.024305
-0.1998785
5.252855
5.690195
2.749053
-0.422637
3.4465
5.900935
7.4393
4.29874
4.90058
4.013545
4.135216
5.676083
3.562336
-0.9728139
0.2269428
4.697843
1.506804
0.5104431
-0.7420034
4.729828
5.365765
4.948638
0.1345859
3.96481
6.103946
5.984379
4.550111
4.137918
4.589658
0.1634754
4.564677
6.060309
5.725948
0.1158296
5.090756
4.45532
3.707577
3.376416
9.387665
4.189647
4.838175
4.145244
4.860428
4.858807
1.588371
-0.4566622
0.6014018
3.569795
1.393316
6.129393
0.448527
1.163702
5.540774
0.6435065
5.5333
4.812633
5.386346
0.6743395
0.4702426
-0.2452549
4.694089
-0.6417574
-0.7007265
-0.6507475
6.254685
1.546887
4.174217
3.371013
5.40597
5.930302
-0.1405951
0.6544568
5.492913
4.141324
3.00393
4.584158
-1.609372
4.190024
-1.375056
8.545032
4.530189
3.944873
-2.328322
5.220366
7.736853
-0.2265053
3.858064
-1.032262
-0.5031217
-0.8373824
0.6336116
7.577083
0.6707163
5.21775
4.958586
6.561969
4.053982
0.2717435
4.931496
6.957025
-0.05999505
4.454421
4.257525
3.672243
9.801981
-0.995031
2.210393
5.600176
5.644099
0.4031219
5.777873
-2.283668
4.937588
5.932888
6.342835
-0.1058228
-0.3404145
0.49957
4.746393
-0.4020288
5.074027
1.518758
0.5893076
0.4577934
5.604431
4.266596
1.610545
4.639747
2.892224
7.038185
6.440313
4.824339
5.434444
4.487879
2.351663
3.151307
-1.488193
-1.272577
5.172055
5.349398
1.369023
-1.139866
6.068361
-1.831491
-0.2283581
6.946206
0.05377216
5.313489
5.180626
1.116673
1.473042
5.207278
3.371916
0.161857
4.604699
4.614145
5.395901
4.381564
-0.3017345
5.778174
6.702887
5.848089
5.460866
4.850043
0.4185652
5.76509
3.469737
1.548746
-0.967901
5.512947
0.774927
4.493663
2.51903
-0.9108647
9.257538
0.9095756
4.430713
1.128302
-1.385058
5.29428
5.996973
5.381805
5.186223
-0.1848396
6.502134
1.032245
-1.786799
0.3225351
3.470672
0.8763132
-0.216632
0.8050846
3.774727
4.104835
0.2088481
3.978926
5.417367
0.6761848
7.151075
4.682011
0.3390717
5.338261
-0.4135066
4.340115
4.253428
6.162212
5.720754
-0.8150109
1.015797
0.7793401
4.841308
2.825665
-0.6963346
6.576564
3.648574
4.313106
4.13956
1.110865
1.207046
-0.07613959
5.602488
7.672836
6.416037
0.2320718
2.0098
4.172701
4.747416
11.32431
4.73212
-1.943287
4.571465
4.649365
3.179705
4.820958
4.172369
1.702045
5.740638
0.7436703
-1.806654
0.2826523
1.324868
6.077389
-1.833851
4.567609
5.61081
3.291999
0.3776646
1.229419
-0.2959355
0.8830567
4.500004
5.170893
5.822988
4.561396
-0.4556102
-0.9190184
5.360604
1.326655
-0.04409328
6.111358
6.913031
5.862966
5.186821
0.7122488
5.64664
3.878503
0.6323792
5.747104
5.172075
6.814305
-0.7007201
-0.9112568
4.34329
3.160234
5.896891
-0.2460813
5.673873
2.398254
5.156004
4.618267
0.769249
4.638457
-0.5040519
2.776685
-0.3252557
-1.117993
5.251109
1.166833
4.715198
5.114848
4.820326
3.257019
0.5588439
-2.075286
-0.1602493
6.567397
-0.3666296
-0.2556046
0.6252166
5.348383
1.245226
5.407646
-0.2530985
-1.781878
10.346
0.3929932
1.723267
-1.836127
5.253462
3.647564
4.081393
-1.371758
3.547821
-1.760683
3.866701
5.690496
0.9195825
7.482096
5.424307
5.979195
3.734148
9.812357
5.596426
5.978186
0.9564456
4.619488
5.104312
0.126783
-0.5806746
6.061991
-0.3062414
6.296794
-0.6778407
8.432067
5.141889
-1.055273
-0.2506104
0.9983616
5.467792
7.19489
0.258848
5.061289
-1.63765
5.993636
-1.475751
-1.66911
5.536857
-0.06425291
5.388266
0.1776127
1.191849
4.334953
-0.6704883
0.1576568
-0.3767993
2.145987
5.969465
0.5857095
3.585436
6.432178
-1.330129
7.199131
5.14218
2.928117
4.79097
4.08359
0.9024909
4.092348
5.74117
4.412372
4.340993
6.874774
6.501066
5.564948
6.068574
0.605181
-0.07355732
-1.352973
5.94188
1.094089
6.676554
5.427658
2.724599
4.040768
4.590964
2.994883
-1.157285
6.079365
3.761166
4.097709
5.218193
6.791478
-1.299496
4.398571
5.596846
4.554171
4.256916
-0.3716333
4.906311
4.262554
1.486588
0.8896082
3.749952
4.265338
4.681203
-0.03671492
-1.713478
6.505183
0.6755792
5.624002
5.162854
3.066424
0.2504323
4.980407
-1.042507
4.01342
0.4637907
1.01895
9.372633
-0.9181119
0.5001704
5.891959
0.9424935
4.571694
6.553343
0.2499594
4.026828
1.27236
6.141801
-0.4403572
5.89728
0.4085833
1.740402
5.038964
0.3521944
5.418886
4.075609
-1.961926
4.919998
4.308203
5.162954
-0.2468902
4.45224
4.64157
3.618351
5.594004
2.29399
1.352492
0.8916967
-0.5443388
-0.3896411
3.942436
5.857379
4.047109
-0.06147457
-1.224369
-0.202529
3.280357
1.053897
7.268674
4.575083
3.797188
5.726299
5.404125
1.500668
0.8998886
1.715077
7.508447
0.01948243
5.668682
5.374401
-0.1500331
4.773642
4.116872
0.184364
-3.622118
0.01324067
2.209648
0.8436729
0.8668276
6.046211
4.962748
4.115924
0.2830414
5.677844
9.01738
-1.104763
-0.244802
3.030022
0.4017621
-1.400021
5.424156
-1.745905
-0.6180611
0.5316539
-1.950354
4.873509
2.186407
5.664476
-0.9213673
5.512673
1.360136
5.106654
-1.69418
1.084631
1.02578
-0.9068462
0.6919388
4.68117
5.377035
4.740911
5.552098
-0.00445852
6.30942
4.234898
1.739896
5.1613
0.3808272
1.233105
5.864456
0.5453677
0.06487082
2.025054
-0.4580198
1.116144
4.879654
0.09019154
5.102864
4.537046
-0.1655491
5.767109
-1.469872
0.9730743
4.659939
0.848775
5.27211
9.670583
-0.4949015
5.209569
-0.4689139
0.9649418
5.014634
4.544762
-0.3898773
8.541692
3.989786
0.2808079
7.56273
-0.1236533
4.274965
5.294203
4.264735
4.33701
6.070487
6.058103
3.451699
-1.329591
0.7924845
-0.1418389
0.02188818
-0.7947578
-1.72776
2.024486
4.80611
-1.649317
4.813215
4.340254
1.047958
-0.1220626
2.239179
-0.9372083
4.443684
3.417129
6.790362
4.62501
4.088215
3.17415
7.388793
7.287216
6.62616
5.884407
0.4016062
-0.511265
4.584448
4.530446
-0.6477452
-1.830141
4.749331
-0.5804933
8.381545
0.8781014
3.952723
-0.5357684
0.1642049
4.259812
4.506797
5.131941
3.632176
3.823027
-1.317218
0.9218192
5.782183
-1.721051
-0.314606
5.732908
4.387805
4.858056
5.391673
6.158774
5.399231
3.5012
8.105282
0.05812898
5.625087
8.037875
5.547582
3.943851
-0.0760354
1.901515
4.465275
4.195357
3.194739
5.529299
5.690845
5.331875
-0.1560091
5.342476
6.379845
3.629864
2.69157
5.204158
-0.1959326
6.229166
5.633826
7.059121
6.632592
5.014692
6.524842
-0.03295826
-0.1670834
4.182572
11.0446
4.332615
4.833475
4.804915
5.736997
1.714402
3.287018
3.344791
6.089153
6.307059
4.512693
3.922814
0.9719307
1.261254
3.40704
-0.7566206
4.719555
4.316209
-1.198752
5.530868
7.751195
-1.065463
5.484447
5.469219
1.086966
0.7872801
1.846734
0.5903781
4.194049
4.229837
6.88212
0.84577
-0.3723683
5.952241
0.6399266
4.58337
4.998504
3.192188
6.035811
7.685453
5.941795
-1.73525
1.609631
-0.2343816
6.618359
3.235019
4.744139
1.835935
1.273784
-0.4817484
5.288851
2.568894
5.980555
6.091931
0.3592655
5.591137
5.043957
6.844837
5.301794
-0.6853324
4.000481
-0.5052452
0.7065581
0.2988518
-0.5264532
-0.5219888
3.496508
-0.2463328
4.420413
-1.217381
-1.262449
4.819187
-1.299554
1.687365
0.374152
-0.08058127
0.4450629
-0.5607279
-1.610907
4.708555
0.2626392
-1.027827
4.405378
-0.7547579
4.468635
6.288068
2.321405
-1.194857
3.315452
0.1969538
2.196448
3.98238
0.4250543
0.0778434
-1.180898
3.613521
-1.027309
0.8512248
3.573004
-0.8717796
6.197622
4.505256
-0.7780237
6.403356
5.196144
4.656267
4.859014
4.589642
-0.5348358
3.947968
-0.5913413
5.718879
-0.7951774
0.9737253
10.37779
4.806327
7.68764
1.443399
4.223191
0.5250672
3.741327
0.411897
0.09505981
3.484118
5.447487
1.028458
5.395233
-0.03341873
5.453487
0.1167279
0.5241801
5.034418
2.711746
-0.05035785
4.564744
5.075621
5.045347
6.431449
-0.4541825
4.883754
-0.9599822
3.582157
0.01671299
2.994996
0.07891959
4.110173
5.689959
4.602891
4.473579
-0.7912743
0.2374624
4.284127
5.946541
3.896163
0.1028815
-0.3594624
6.793534
-1.926946
-0.6269987
-0.2269772
3.483797
2.888159
4.723082
-0.4218377
5.803634
4.378968
0.5928093
0.07574624
5.826123
5.209914
5.02992
6.019512
6.403403
5.417488
-1.668903
6.66602
4.768523
0.7060068
3.159352
6.158972
5.67143
4.209663
4.131404
-0.1818849
5.814795
-0.2396907
6.471815
2.86109
6.091968
-0.7972198
5.656336
5.24482
0.7510965
-0.2781858
4.752721
4.987741
1.011836
5.608701
3.343567
5.581241
6.132109
0.05450245
3.402742
5.411783
4.749559
7.74778
0.07100863
-1.231571
3.21692
5.613178
-0.03695643
4.078284
3.053871
5.253666
-1.312084
4.187124
4.372831
3.846915
6.617143
4.907483
4.654511
-0.2739528
1.192652
6.730574
1.278657
6.290266
6.165187
-0.6250102
4.734093
0.3007117
5.418009
-2.462465
3.610709
5.690763
0.6484472
5.217112
-0.3277949
4.211421
0.0579376
5.038111
0.9497998
5.591183
0.8048598
-0.1984819
-0.6356589
8.712718
-2.432685
4.264066
4.50111
3.467306
-0.07569308
0.5934274
2.211813
4.057794
4.694918
-0.02193291
-1.040642
6.571666
0.4334869
5.200066
4.573928
5.186086
2.080181
6.096272
-0.4892167
0.3470145
0.1908235
2.130689
-0.3245408
-0.4147828
4.436606
-1.68261
4.911831
0.6087696
4.811202
3.359813
8.924571
0.499519
-0.8256285
4.371501
5.841808
0.7889779
2.719531
-1.398979
0.997945
6.129551
0.9145544
5.948741
4.131722
4.375605
4.093959
4.981595
0.9525724
1.437494
7.142435
-1.666267
3.349144
4.574
4.96956
-0.1265342
3.659194
-0.7635849
2.698783
3.894915
5.155241
4.156845
-0.4573954
5.314719
0.3901577
5.86934
3.843229
1.917593
5.132433
6.263125
1.211461
2.416727
-0.2370454
-0.1768722
8.601838
-0.09391804
0.5937428
1.451284
3.576466
4.342782
6.012609
4.637608
-1.037425
6.458828
0.9328646
1.21681
4.812561
4.76463
-1.211365
2.547625
4.947576
-0.7765638
6.387455
0.3185197
-0.1516414
6.350988
3.939865
-0.7128448
7.658832
6.503521
9.167939
-2.895333
-0.8375132
11.01965
7.050033
-1.433161
0.6264728
-0.9369269
0.6234891
1.202446
0.9910505
3.089107
0.4544848
-1.97728
0.3206146
5.407964
0.7124943
2.779469
-1.059777
7.063868
1.24682
0.3385108
6.853955
-1.990912
-0.09939582
4.448156
5.088996
1.472413
6.289873
5.795311
4.763216
0.8546804
6.363697
1.393433
4.435129
0.3188068
5.044323
1.313056
3.94977
1.383995
3.991092
1.365894
3.092967
4.959741
1.049438
2.30554
1.403485
-0.1441483
-0.264488
-0.2078234
5.112883
2.537639
-0.4057346
8.764646
-1.766315
4.477055
-1.233102
0.133475
6.058921
3.772996
0.84121
0.1245973
4.482641
5.849155
1.557467
6.769592
4.45355
0.8347941
-1.078315
1.052985
-0.1050217
4.869244
6.155549
4.843433
6.153805
-1.787511
0.3919398
-0.7311579
5.884942
4.97761
4.669487
-1.188135
0.9754028
5.345008
5.359581
5.479449
3.78394
4.412701
-0.1019307
1.85447
1.079519
1.261589
-0.7187944
-1.550412
4.115841
0.6492922
1.356059
9.087359
6.131671
4.273677
3.37853
0.6391831
-0.8497803
4.855235
6.375674
-0.8580166
5.417651
3.476126
0.5812049
5.957155
6.686704
-0.09107629
-0.1735597
5.726875
2.783682
-1.202979
-0.5725301
4.525099
-1.33902
3.867624
5.620712
0.8481462
0.03136569
0.005799152
6.645943
6.355287
0.1428322
-0.5618036
0.4031455
3.903073
3.915879
3.951982
-0.9593983
-2.783258
4.481143
0.6430607
-0.6816665
10.02701
5.623785
3.587426
-1.38501
-1.035835
6.503408
4.612844
-0.3363535
-0.4194733
3.120133
-0.4499342
5.465529
3.669303
-1.30714
0.2008633
-0.6829929
-0.2506841
-0.7510706
4.936231
6.046746
6.166211
5.356509
3.529976
-0.6325184
4.513959
6.057875
4.648547
5.561778
1.476887
5.440803
-1.905773
-2.363263
6.027802
4.340898
6.602693
4.23083
5.608142
6.021746
4.562942
6.064519
-0.95496
2.578926
6.026759
2.120299
-0.8530372
-0.3280953
-0.1218266
0.6270957
0.1671814
-0.1568413
4.469449
-0.1379741
4.106083
3.401993
5.023002
4.814649
5.852964
5.177723
-0.4631939
-0.9559108
-0.5513244
-0.3043119
5.81488
0.6237572
4.96556
3.612045
3.522833
3.003177
4.376486
7.530628
5.643401
-0.7802618
4.470448
7.903841
7.026424
4.843037
0.5588449
5.15045
5.731544
5.899037
3.642894
4.859876
5.656783
-1.253384
5.021922
3.824651
6.242079
0.60169
6.26826
-0.8157463
6.438214
3.426146
-0.186176
0.8316264
4.246494
5.713419
3.751363
4.052697
-0.9965278
5.47151
5.626795
-0.2462864
5.009147
2.007689
5.04004
4.993845
4.950574
3.37588
6.115363
5.255426
5.080073
-2.310135
1.510942
0.4223053
8.654886
4.811701
4.472617
5.910654
1.506413
4.206004
-0.703425
2.835554
-0.09625414
5.183305
-0.2407559
4.464379
0.2839426
1.87913
3.102695
1.75236
5.625079
1.216833
5.465752
-0.9134047
5.768082
-3.240601
-0.9399307
2.761755
4.992871
4.076573
1.478047
1.585793
-0.1215602
0.5623739
4.986633
3.930529
5.920362
5.480086
4.448583
1.310136
1.111564
1.701039
4.339497
4.703085
6.321722
-1.618243
0.2932981
5.572059
8.057525
5.565007
0.3367883
0.5499474
4.285718
1.220014
6.264721
-0.6746952
1.150453
3.356273
1.21135
5.521169
0.09722792
4.171703
4.180854
4.526248
4.934857
8.310646
1.945315
6.500858
-2.243192
0.3489932
4.275076
0.08263993
5.589636
6.949904
5.414536
-0.03025296
0.8599355
2.497195
4.741287
-0.3627477
5.153277
-0.7652756
-0.2779097
4.825641
5.066543
0.06761955
11.33862
1.035099
4.882612
-0.1158201
-1.529284
-0.1126308
5.306837
6.322863
5.59043
1.171358
4.623987
-1.183409
7.79064
-0.8250897
4.014554
-0.440324
0.7082926
0.1848179
0.3247937
-0.3171919
2.99073
-0.4726788
-0.5691243
5.428987
6.242174
6.011817
4.94276
4.949655
1.875689
-2.921805
5.12858
-1.411773
5.174154
0.1539592
1.189471
1.70778
5.310432
4.33567
4.653501
-0.2633678
0.9322589
7.592962
6.540747
6.303754
5.112563
-1.345833
6.039431
5.882947
5.042704
-0.7272079
1.536223
5.048734
7.82359
-0.3245472
-0.6947953
0.886619
0.8390477
2.803866
0.2978935
4.40206
5.367326
4.457948
0.007011236
5.696356
3.669668
-1.190115
-1.220472
-0.6148322
5.575605
4.111051
5.345856
5.751259
0.5852549
6.437525
3.882084
5.116532
4.344066
6.608518
3.605259
-0.2104613
5.418924
4.688859
6.113825
6.508975
1.191478
5.032858
1.447031
5.096591
2.739416
8.760548
-0.1261879
-0.7415773
-0.3137006
0.9869516
2.870318
4.643065
5.628282
4.95031
-0.4024993
4.992622
6.831185
5.756118
5.500841
5.288943
3.849124
-1.099521
-0.4708897
4.472503
-1.170814
1.308435
2.723259
6.49267
3.123947
0.6908957
6.190559
6.67171
5.496457
5.781997
5.878994
4.679307
3.597584
5.737922
-0.6196277
5.951307
4.741834
1.767384
5.095394
-0.6140801
5.878436
3.914611
4.824092
4.689589
4.555981
5.044849
-0.5708838
-0.5584757
4.696376
5.093355
7.10706
4.69519
6.020311
6.6835
0.8279643
0.1737958
5.638074
0.4765054
4.703441
-1.828928
0.1538271
4.72951
7.808014
5.687565
4.414139
-0.8823514
-0.09079218
1.497441
-3.174924
-0.6699049
3.309456
4.763089
6.508094
-2.029647
4.978543
0.4325011
-0.5566764
0.3691955
5.223422
0.7703404
-0.04420595
3.606881
7.287655
0.4311542
-0.8216877
5.402239
6.261706
0.8123507
-0.4484558
0.6945847
4.116235
6.16355
0.4159834
-0.07082372
-0.8543345
6.056909
6.106524
6.144977
-0.075823
0.06241571
4.295119
4.513997
4.521939
5.142062
2.862462
1.276813
5.341993
0.06165307
-0.05656413
2.699984
0.3590195
-0.1393403
5.912459
6.100598
6.423418
7.050618
7.13315
-1.732243
1.275865
3.650704
4.400168
5.146645
4.643381
-0.3532679
5.259252
0.8725457
1.546088
5.614126
5.820005
6.512273
0.9390117
5.438646
6.964833
0.2489055
5.916173
7.528149
2.163419
6.85508
5.747646
6.600855
-1.050761
4.518413
4.882279
2.214691
-0.6006488
4.740401
5.03358
0.5262228
4.377851
5.403697
-0.9488994
-1.152166
-0.7833435
6.038509
4.586031
5.464317
5.948934
4.125912
0.1033681
5.203879
3.949734
5.874173
4.804401
0.04360068
0.8911532
-0.06367877
-0.4065304
4.810938
4.686746
5.237774
4.731378
5.413899
0.1807967
6.308644
-0.4080377
4.897169
5.903317
7.522087
6.585743
4.356846
-0.6761261
0.08323508
6.188042
-0.2623582
5.11552
0.763796
4.479704
4.524394
3.433748
5.689828
1.893691
1.598303
4.809732
4.402112
0.5695632
4.439545
-1.025656
0.7099299
3.921285
-1.29457
5.206113
4.333948
-0.8353338
4.430425
3.51262
-0.2585683
-0.3727402
5.148983
6.292601
-0.3293651
3.678907
1.369647
5.09068
3.563811
-0.9949517
0.5660345
-0.2407301
6.33792
5.130697
5.128887
5.301258
6.246856
0.4474115
-0.5360052
-0.5645754
6.117822
7.037939
1.875296
0.854762
-0.04656059
4.739488
4.768812
6.807994
6.608336
-0.1624695
-1.421609
0.7857868
3.588257
3.70561
5.337715
4.267256
4.383071
6.661915
0.1110908
0.4895524
-0.07347039
2.322232
4.634947
5.13988
2.430098
-0.925433
5.380008
4.540378
2.685221
4.220755
0.2090655
0.8507001
0.5104849
0.3544393
1.626823
0.1821757
6.065886
5.31469
4.950185
5.757885
-1.18112
-0.2448097
5.87289
4.551284
6.52415
5.299745
-0.1343275
5.278952
10.2595
5.855927
6.185856
5.065354
-1.212788
5.36934
4.452726
0.3013048
-0.07645255
0.3047807
5.739465
3.384977
3.672995
-0.1949822
1.180809
-1.336919
-0.7767238
2.80197
7.382326
5.299683
3.241561
-0.7845479
-0.3964031
-0.03808229
0.3093897
0.2016071
3.219415
0.9840264
4.310567
4.35603
-0.4040722
0.3075826
-0.4115862
3.951593
6.97506
0.09912826
6.982719
-0.9938811
3.875165
3.870685
5.514019
0.3694689
3.435913
3.743336
5.154576
4.826356
3.290918
0.195314
0.3695886
0.01005023
-0.2387889
0.6518723
1.285491
5.024295
6.914385
5.914152
0.4240561
-1.829453
3.657305
1.881102
4.835244
5.565224
0.3137925
4.366393
4.159283
4.869222
5.825627
0.2255642
-0.4455866
3.867141
6.127528
1.282967
3.136006
1.059254
4.835851
4.288464
-0.268726
4.213926
0.5429474
-1.352084
1.610656
6.31074
-1.95963
-1.397052
-1.429767
-1.006675
5.044633
6.262233
0.5063013
1.76303
0.2355253
3.962636
-0.7917151
4.275093
3.772818
5.199468
3.45518
1.534246
0.5574868
5.567048
4.11555
-1.395051
4.299748
1.084584
-0.2581022
6.012738
9.214755
0.8568095
-0.9066762
0.9837404
0.8369393
6.047133
5.19413
4.934203
3.671678
0.3064388
5.210661
4.503571
5.054821
1.263484
2.138511
-1.150323
-0.7428498
2.210587
1.554637
0.07903866
3.658905
-0.3062417
0.3329843
5.31121
-0.7513652
6.528042
-0.5511581
5.655927
5.552141
0.08185699
-2.193995
5.56227
0.5505824
6.258067
0.3133982
4.434954
1.003289
5.04253
-1.559869
-0.2388767
6.279236
3.680847
0.4107513
5.605678
3.941263
-1.828989
5.530783
-0.6228305
0.5618435
-0.03799736
4.431472
5.576006
-0.9405192
1.632421
6.063316
0.9234569
5.119471
6.885144
4.051919
4.420166
3.901807
4.376064
5.123343
5.036036
-0.5429698
-0.02965074
5.01484
5.137287
4.208354
5.945059
4.832134
5.575576
-0.2863
5.114929
-0.09970874
0.3410587
3.722482
5.401462
5.373107
0.5007419
5.483675
3.945913
5.350778
-0.3499604
6.17686
4.186978
0.02432411
-0.7193037
7.077376
5.250316
6.215886
1.658864
-1.007333
5.047122
3.702763
0.5338083
-0.1540868
0.8230029
7.450047
1.17483
-0.3065445
-0.07473587
1.371815
5.715676
0.971252
-0.6287823
3.564173
5.96752
4.980671
0.3363786
4.938935
-0.03996983
1.113117
-0.3089311
10.87128
9.13384
3.157992
-0.2933069
2.404541
5.65375
-0.1758671
0.9507754
5.871515
-0.3471578
2.265959
0.4260783
5.517536
4.230522
6.100206
-2.024252
-0.08810413
6.44518
-0.3028272
0.528489
5.129196
3.417105
0.5293654
0.3310529
5.274498
5.011885
-0.2971835
-0.01063445
-0.3329915
7.401754
1.257764
3.56204
3.675402
0.6743742
-0.1040522
4.936587
1.6012
0.01329737
5.225665
5.248851
4.84846
4.99081
7.721568
0.6840777
5.328171
4.6131
-0.837424
-0.04979195
5.19325
6.420478
4.914533
4.897948
4.230857
4.617348
0.8510591
0.5611829
0.4354278
2.183474
5.093459
5.59179
6.066288
-0.8528021
4.830943
-0.2180771
3.78427
3.152924
5.305875
0.3703918
0.9682952
4.745857
5.116846
4.19871
1.301747
0.4811796
5.099827
9.20004
0.3821983
3.614101
-2.176887
5.257437
0.5128815
7.142286
4.178867
4.056431
5.208239
6.081445
4.959761
-1.170199
6.57
6.689748
3.967655
0.8223091
-1.025278
5.321555
1.635008
5.368454
4.618347
-0.243732
-0.1485062
3.835285
4.373395
4.799326
4.91957
5.680511
6.341434
0.4204811
4.769565
6.033913
5.065695
-0.4131866
0.7270544
5.657531
-0.5035068
6.423615
5.103911
4.69607
3.465959
6.448385
0.8714921
4.14493
5.878983
-0.9894647
2.822369
-0.2996374
5.955349
0.5871604
-1.202642
0.09538722
-0.1844478
10.57833
4.373781
3.478245
5.160976
0.1432167
1.693516
-1.081988
4.767714
1.233988
6.393219
5.214465
3.803157
4.019913
5.135855
1.685232
0.6852309
-1.007635
2.324825
5.548631
-0.4109281
6.935312
-0.9888351
4.513522
4.40024
-0.0630057
4.290118
-0.5238716
7.39936
0.07489992
-0.1723761
5.133975
5.404189
5.847434
5.00341
4.478537
0.156984
-1.225928
4.768757
5.191493
6.091831
5.273036
1.075938
5.41001
6.436339
4.54185
-0.2931576
4.852419
1.217421
3.446018
4.292765
5.546037
4.413903
5.407621
0.1707842
3.490051
4.833317
0.6079412
2.992001
0.4998374
7.33263
1.20185
0.6221466
0.3437228
4.131696
-0.04978253
-1.351291
4.229966
-0.392031
-0.5260539
3.966625
-0.2507965
4.153559
5.606716
0.7244955
-1.153694
4.903329
-0.04117936
6.025662
4.20523
-1.583241
-0.1601139
-0.3385715
4.682675
-0.1101433
8.18655
4.781289
1.014492
3.948543
3.392913
-0.4523074
5.693398
0.7473314
7.863164
-1.611824
4.40923
5.65056
3.363455
-0.0546255
6.653912
7.057227
-0.05854262
4.191917
4.997262
4.448595
4.930863
5.420965
4.367915
-0.1001847
5.040024
4.794867
4.603126
6.159274
5.676463
0.4212437
-0.5339394
4.655843
4.00518
0.2326178
0.1625885
0.3327208
1.48692
7.009475
2.119815
3.948988
-1.096765
-0.2082417
-1.355338
0.126781
6.409797
5.171388
5.726622
4.059017
-0.7641617
5.286039
5.689882
6.48736
3.820403
5.365117
-0.6761639
0.6240613
5.117405
5.452318
7.698455
-0.6012391
0.4580033
-0.4695398
5.298323
5.413403
-6.040437
6.050103
5.023888
4.429641
0.5989263
5.207749
6.941971
5.578786
6.346827
0.6058606
-0.4427351
6.737007
6.701208
4.715719
-0.09271806
4.875897
4.777914
6.956745
0.4431916
0.4776315
-0.7811226
-0.7415147
8.746359
-0.02502634
0.06013547
0.6971697
6.09085
-1.120884
4.739896
7.178668
7.151316
6.403282
0.439713
4.77173
1.216147
2.792534
4.712746
-0.7183429
1.467768
5.021677
5.833759
4.32477
0.2062973
3.12138
5.18355
-0.565841
4.445501
5.355199
0.5274602
3.233141
7.28472
6.211639
5.474902
4.991889
6.336924
5.47348
-0.6527048
4.690191
-0.2115323
7.712487
6.824864
5.007812
-1.697851
5.152802
1.000522
5.312883
0.6406938
5.737434
5.349584
0.8680637
3.32723
4.641543
2.94746
-1.094405
3.207543
5.290574
4.924321
4.389817
6.59503
0.9604867
0.8394486
5.944493
10.09989
0.7750909
0.5187267
-1.336711
3.237577
3.577748
0.5045458
-1.380033
5.172524
3.956171
-0.9486738
-1.089082
0.9991119
5.494385
4.959993
3.02341
-0.4347484
0.2945537
2.794559
-0.06481298
3.926625
-1.838206
5.794515
0.1095553
4.948908
3.8781
4.823374
-2.026794
7.297642
5.453282
2.774721
4.641279
5.7554
0.8477627
4.75932
-0.1563296
4.155884
4.604208
6.285919
4.309123
4.920284
-0.7980112
3.080866
1.784047
4.900128
2.476388
1.4026
0.9899261
-1.618739
5.699549
5.25107
5.098146
8.443421
0.2220542
5.339842
5.346203
-1.569326
0.8561189
5.739289
0.1732278
0.972288
3.93284
6.058689
2.836577
-0.2330973
1.079555
-0.1407447
4.450438
-0.5832878
1.417811
4.513477
4.222167
5.485431
5.121878
6.128763
6.226543
0.8565433
7.651394
5.270171
-0.7072105
5.428001
4.192447
4.596966
5.898009
1.160949
-0.3327886
5.859345
1.222848
-0.0407072
4.525288
2.12199
5.917481
-1.37964
4.070905
-1.051915
5.396718
0.3280775
0.0406729
4.414138
5.448701
5.851896
4.917033
-2.535319
-1.5443
4.116205
6.058729
-0.36345
3.920622
-0.06462453
5.574338
5.008542
4.058836
-0.3196568
5.302635
0.4181335
4.779987
5.820366
0.1730425
0.2306578
0.1117716
-0.3489024
3.142878
5.023504
0.7239788
2.870639
5.762529
3.312629
6.375839
1.208109
5.871574
5.417261
7.708747
5.270712
5.108716
-0.3319767
3.421787
6.726332
2.843886
-0.3151344
6.364532
0.459901
0.5623446
6.663509
4.421617
0.8328061
1.939477
1.399384
5.272292
5.112628
-0.2466534
3.353392
-0.4909422
-0.8494784
-3.132536
4.018758
0.09918198
5.57259
5.319981
0.1306145
6.092062
0.08240551
6.560143
-0.9322512
-1.949383
4.786392
7.733637
5.015036
4.693688
1.780702
4.546969
4.474597
3.06951
-1.260304
0.1765373
-0.6971034
-0.7050638
5.31417
5.180391
-0.5738424
0.2273409
-0.06025043
5.155863
4.531225
0.9696672
8.881596
4.360412
6.137509
-0.674242
4.107263
6.717032
4.731783
4.248765
7.480305
4.721073
0.7527165
5.671158
5.503102
-0.7367891
5.413907
3.236667
4.7924
5.994781
5.713592
7.279535
2.911632
-0.4029223
4.176905
