2.911262
-1.130323
4.875543
0.1945042
6.288253
4.262172
4.255795
2.242855
2.717241
-0.2886901
0.5327448
0.2018629
-0.4712493
0.1920359
6.475926
1.484727
-1.262336
4.751737
4.42492
3.47497
4.395742
5.686267
7.174196
4.356287
0.2350773
4.04874
-0.2315449
6.089699
4.853993
5.25062
0.07004183
3.602825
11.33124
-0.7125069
-0.4868387
6.865942
6.083836
-0.8248504
4.688998
1.047019
1.804601
8.03365
-0.4899077
5.5815
-0.3573404
-1.019586
-0.2744456
0.05807124
6.785174
5.675905
-0.3882081
-0.5376409
1.533739
4.970709
6.462751
4.193759
-0.7303451
-0.3522823
3.989794
-0.4612993
2.194698
1.203863
-0.4729428
-0.3182127
1.925286
-0.4479335
6.376252
4.56553
2.644929
-0.6970584
4.814775
5.925118
0.1787748
6.411479
10.34905
1.46056
-0.4254276
5.20927
4.892735
5.838819
-0.803141
0.09767033
-0.3400608
5.036895
5.522423
5.958691
3.158668
5.248148
4.360917
2.495758
1.272855
6.148959
-0.7118133
4.120379
6.713378
2.474104
4.295235
0.2470433
0.2054211
6.174974
5.212272
-1.748194
3.991356
5.433695
5.769252
5.764247
0.8236619
-0.5393787
4.660675
1.026623
5.15275
0.4733499
5.622436
0.2019234
5.550114
5.964992
5.312993
-0.3404299
3.224598
4.762383
5.093556
-0.008861676
-0.3864337
4.522149
3.813397
5.266971
0.8157175
5.263777
1.240236
-0.5812702
4.818775
1.14266
4.657363
3.804264
6.469146
0.4195482
-1.154964
0.7610326
1.842904
6.731361
1.969458
-0.2035861
6.435067
5.332196
4.850489
4.076457
6.682085
5.46777
-0.6563549
-2.383606
0.1255564
1.019884
4.151188
0.9634594
5.263661
4.307242
6.332354
-0.5645336
5.358682
-0.880307
-0.6692498
8.706498
4.066739
4.785438
-1.516748
-0.001525551
5.814335
6.205156
3.705983
-1.111744
1.204693
-0.2582728
-0.3647478
0.2044545
-0.7705057
5.339738
5.124942
6.164736
3.037864
6.309257
6.674352
0.1199438
4.519012
4.350445
5.089246
-1.039047
-0.8153988
4.529028
1.625116
-0.3394068
4.14409
4.798128
4.977448
2.032612
8.877612
5.010668
6.838744
-0.4219758
1.050048
5.349597
7.682378
4.531535
0.215433
4.960691
4.310786
-0.2790436
4.566374
4.215586
0.2608914
7.400298
5.770566
0.8281365
5.19789
4.538894
5.996651
4.833659
5.516649
5.893735
4.410107
0.7198715
8.405453
5.204501
4.986647
5.940126
1.504504
5.1154
5.342198
2.892311
0.9843669
4.143853
3.856728
4.41092
4.885206
1.825961
4.128624
5.244238
4.90937
-1.184713
8.030558
3.897654
4.166501
5.457368
4.762563
1.039146
5.872314
1.811442
5.113599
-0.09074565
5.345201
4.087136
0.2163867
0.3501267
1.704914
-2.306098
1.158951
5.508754
5.846554
5.152482
-0.05628921
4.571156
0.7847693
0.4973783
5.30948
1.939564
-1.230566
0.1733031
5.278674
5.228899
3.38467
5.233354
0.4289055
5.647516
4.960198
-0.7666595
-0.2866709
3.146234
4.348482
4.74662
4.559846
6.67622
-0.5772815
-0.9049584
5.150813
4.101159
4.501106
-0.7055153
6.495336
6.29762
-0.2054212
4.47433
2.050773
-1.074837
3.569723
-1.157534
6.862848
1.287394
4.252338
0.493647
3.812427
-0.3899385
5.175532
7.17549
4.807415
5.744217
-1.093336
5.355646
-1.45109
-0.2851115
1.369712
-0.2307316
6.212437
-0.02947432
6.037692
2.881706
0.7936438
3.911641
4.462867
6.211701
0.8330508
5.582114
4.011597
0.4959712
6.240533
1.300722
2.002371
0.5707031
1.041259
0.2496932
-0.9631013
5.411664
-0.5121689
6.630311
0.8843961
0.02947269
5.604645
4.776672
6.864294
1.007087
4.611002
-1.105541
4.997933
4.129976
5.961664
2.224201
1.08602
4.959557
4.981876
5.44938
1.535757
4.170187
5.570005
1.922086
-0.1708755
5.392972
-0.933485
6.738626
0.09374063
6.111054
4.101251
5.633085
-0.03965031
4.440786
0.9439081
4.50757
5.711548
6.068253
6.660334
5.749466
7.510259
4.045128
-0.281779
-1.655771
-0.1963674
0.4245053
4.992584
1.141473
5.503503
1.667986
6.387616
4.261565
5.475694
1.391683
0.6670422
-1.415724
-0.3104423
0.2976971
0.11326
0.3060275
5.188613
4.169231
0.2633539
3.915352
5.323871
-2.017312
-1.552817
1.688865
-0.2298392
6.667868
4.371649
5.608313
3.856889
-1.484503
2.644673
-0.5673188
-1.143085
5.824918
4.981763
6.292673
0.5682455
3.460019
4.211145
6.302705
-0.6374568
8.84349
5.161478
-1.151354
4.558744
3.91639
5.161714
5.527405
0.3508088
1.373972
8.92703
4.792785
5.092826
5.792439
6.696096
0.4193956
4.80661
4.102763
4.223626
5.960711
1.426303
1.659266
1.258746
2.800752
1.442093
-0.7552847
4.674461
0.3356494
-0.08624031
-0.6463541
3.442911
3.207138
3.700725
3.689651
6.588682
3.985496
7.148866
0.4668812
0.5205396
4.811029
-0.5723159
4.005256
4.977691
4.526919
4.286524
0.2252783
3.961167
-0.08883195
4.842739
-1.536858
1.632366
4.274207
4.716815
6.426923
-0.4205428
8.154329
6.22346
6.010745
0.50986
6.468797
5.595753
1.379597
0.7962906
5.080174
0.04220971
0.4322838
1.081714
4.619605
-1.606583
0.5293596
6.556245
5.732877
-0.4099698
5.141766
5.464957
4.033253
5.021594
5.562125
0.2453745
12.1048
1.863765
-0.3286931
-0.1265367
-1.837825
5.441025
4.328204
-0.01016786
0.3694054
3.776589
-0.4852638
5.702674
0.8884061
3.070901
0.711318
1.950636
3.865459
-2.3045
0.106501
5.754711
1.439913
-0.5788089
5.223354
3.955292
7.121255
5.791213
-0.6858738
5.228292
6.000326
7.339099
4.267429
0.1652056
5.800863
4.859713
5.46673
0.5899552
4.068545
4.198432
5.744947
0.7648099
4.402774
6.146157
-0.8260686
-1.331163
1.384953
-0.2583693
1.244475
4.294994
1.103701
4.892203
-0.1237551
6.666807
3.558555
-0.5251257
-1.411603
6.593655
4.847384
4.439769
5.163792
5.039792
1.064736
3.623981
1.280519
4.1324
0.9845361
4.423057
4.064022
1.173975
0.1903481
0.854069
2.387375
-1.09118
5.048975
-0.2626342
3.483305
0.1839368
1.296055
5.566908
6.405025
6.821009
8.623393
1.221863
-1.178292
-0.7743061
0.9979639
5.201353
3.949941
0.4744035
5.306032
4.165304
4.664129
4.845497
0.4938538
-0.09110456
0.3099508
4.974853
4.27307
5.819039
4.554088
3.582074
-2.153623
0.04792837
4.262453
-0.2292961
-1.004761
-0.8642391
6.258805
0.5306768
0.8156145
6.494526
4.989076
7.107728
0.8606106
-0.3492738
7.868743
4.331872
5.180217
-0.03388377
5.001139
4.272564
1.346718
5.58958
-0.5573505
4.645657
-1.239848
4.941993
-0.6836594
5.469405
-1.277902
1.023566
5.979451
5.173212
-2.051183
4.552106
5.517711
1.186125
5.696445
0.5704853
-1.040512
-0.6137791
5.022371
5.384218
4.14158
-0.3752865
0.5194574
-0.3500243
-0.9932772
5.781215
0.7771398
-2.24463
5.62666
0.7961327
5.101591
4.149956
6.259521
-0.2052943
6.011244
5.595978
3.890844
0.8450612
5.559826
5.746107
4.318971
-0.2990853
5.324323
4.814689
3.378337
-0.5054852
0.933095
0.6210743
5.385904
-0.2960894
5.993735
3.600584
-0.5085489
5.174572
-0.4139773
5.113209
5.121632
4.696085
4.707576
5.383334
5.661968
1.948181
2.99022
2.692211
5.012723
4.946693
-0.765985
5.975404
-1.295228
4.109966
-0.3143767
0.02105196
0.2755858
1.398004
0.7546719
-0.8985942
-0.5478448
-0.2508915
1.148864
6.605671
6.813001
-1.024615
5.335495
4.362687
0.3082805
2.55313
-0.2313948
-0.3585941
5.244799
5.480869
6.633309
0.04739483
4.187432
4.73145
-1.051561
-0.7061521
8.071425
0.1330618
0.3839813
6.398082
-0.835151
3.868284
5.587313
4.402483
4.62694
7.274431
0.3965019
-0.2259895
-0.003350988
5.710869
5.239083
5.999969
4.535572
0.3210339
4.592612
7.179772
6.396704
5.23324
0.6384717
-0.3306884
4.92849
2.607749
0.4835338
5.570505
5.913812
6.268551
-0.4922312
-0.9488271
1.941443
5.847102
3.667082
4.918675
5.314715
4.723083
0.6370886
4.128288
4.301271
6.644667
4.266224
4.855842
3.133359
4.41626
-0.3336355
4.48565
0.4173884
-0.1502368
0.6986607
-0.02167486
0.9976043
5.137206
-0.1961117
-0.3049322
6.460519
5.15286
4.190522
5.298456
-1.37956
-0.2425713
5.765054
0.724833
-0.2343442
9.886001
6.869813
0.2579327
4.081281
7.962038
-2.417379
0.9624905
2.177698
6.074657
3.264057
4.748759
5.032833
-0.3412287
-0.2637276
-0.7665501
4.754778
-1.794066
6.591638
6.233913
2.774645
-0.332808
4.593221
-0.2457913
-0.4234491
-0.4225725
4.877279
0.251874
5.300025
3.942478
0.6423321
5.466593
10.08307
-1.058616
-0.9955852
3.538712
5.012232
5.622126
1.522742
5.800611
4.728738
0.177111
4.276547
1.178046
1.291602
3.512981
2.598035
0.6721487
6.034741
0.6022636
6.151714
-0.7313371
-0.9269874
0.6980476
4.155317
5.979068
-0.1210892
-0.4835528
0.7851817
6.711995
6.473644
5.224749
1.329399
5.393085
4.3019
-0.9288576
6.795948
4.261374
6.229416
5.487994
-0.2038342
-1.222877
5.934976
5.933736
-0.3783608
4.315103
3.250189
5.34389
5.244902
5.199139
0.3768436
-1.976572
2.117138
4.184117
-1.647066
2.929779
11.52044
-0.3152779
4.027015
5.734336
5.862038
6.18374
4.645548
5.763119
3.425982
4.80423
-0.3923076
4.996292
5.662044
1.761615
4.788574
-0.6126932
-0.3638562
5.915324
4.557656
5.292477
4.373257
0.2317795
5.873586
5.888407
5.511664
3.703425
4.918469
1.627485
-0.2381826
4.361462
-0.1741345
5.074227
4.767536
0.2197968
0.581901
5.589776
-0.6353485
3.673617
4.966781
0.3598383
7.850414
5.365365
-0.6599759
4.570728
7.364573
5.836087
6.414241
0.3409745
-1.166549
6.094896
4.974329
6.178618
5.008227
-0.6350267
-0.3520099
6.77038
-0.07375583
0.7827064
1.212528
9.352128
4.657556
3.457962
-0.07335308
-0.4790807
-0.9823926
1.308251
-0.07583733
6.578107
3.942354
3.472241
3.901763
0.7867587
3.84971
-0.7254034
-0.7428106
0.9673655
3.839186
-0.4189016
-0.7665248
2.927598
4.917871
5.496722
0.7356921
-0.1205682
5.005588
-2.516933
-0.1788471
7.735561
5.302437
5.429319
0.009848088
0.05164457
6.75117
5.350124
4.37672
3.779979
5.582398
4.982598
-0.002808363
0.2161703
4.159265
-0.1824103
3.124324
0.3104611
1.091011
-0.3227529
-0.3052112
-0.8678886
4.629185
5.81996
-1.557608
0.5042293
4.500893
5.036413
5.87032
4.447443
7.068429
5.448128
3.08595
1.078252
-0.897915
-0.9389268
5.308108
4.076331
4.21409
0.09368612
-1.423761
4.270266
6.30927
-0.3375816
-1.184247
-1.493358
7.880704
0.4676302
6.011322
5.943315
0.4520513
4.822244
-1.630248
-1.53837
0.8978259
4.248224
4.650822
7.473355
0.8827701
3.197489
5.332736
5.895974
5.661204
4.632282
2.307232
-0.158272
-0.8006845
4.740643
3.856967
-1.398067
5.791961
-0.7308666
0.8090296
0.4272047
6.124008
-0.01714058
3.904922
6.266451
4.644281
1.136018
4.738248
3.290916
2.064494
6.20859
1.501552
0.3608224
2.590226
-0.06667146
5.298376
0.5570497
-1.241645
6.415735
4.090772
5.449105
6.826128
3.767085
0.9655264
-0.499326
-0.03692386
2.1665
0.6878114
5.412839
0.1630659
-0.2337876
-0.9009387
0.1430792
3.941824
4.336932
-0.2864048
5.031802
6.705513
5.299914
5.122728
0.2486125
-1.03523
5.693598
4.044048
4.577646
-1.422186
5.905442
-2.276473
6.210374
0.6358868
9.975868
3.418096
0.3685056
5.809125
6.674785
3.780665
-0.1102568
5.961437
-0.6577437
5.730967
1.700667
1.615443
6.963833
4.358303
-2.219957
4.728261
-0.1327559
5.179017
3.722045
6.527172
0.5226627
5.234546
1.017601
4.652147
-0.4563354
-0.09112548
1.400304
4.975688
6.181406
5.971999
-0.4739321
3.419115
6.541367
3.902823
-0.7607671
0.7294277
3.623806
3.323172
0.1943636
0.8664816
0.02965399
4.782656
8.319829
5.774382
1.05264
5.744087
-0.5950525
-0.1493212
3.2311
4.715739
4.680275
5.817214
4.827211
2.641085
10.42477
3.927815
-0.3139509
-0.2604614
4.438455
1.456405
6.378236
-1.3943
0.8827709
4.678695
4.515067
4.843247
1.147412
9.661253
4.073986
5.772979
6.185194
-0.1121192
3.669434
3.809625
4.041608
5.572702
-0.5527247
3.921887
-2.455992
4.418714
0.3180792
5.056296
5.820209
4.383963
-0.3994204
4.562673
-0.194423
2.831973
-0.09034809
-0.7539943
-1.782004
0.437848
6.267847
2.188188
4.856116
4.534435
5.575825
-0.847509
4.299417
5.922499
0.5413495
7.168946
4.646889
5.653794
-0.8283149
5.739678
0.2928875
5.930354
7.428305
5.522206
-0.6733529
-1.471515
4.945388
5.244769
3.04252
0.403111
4.375588
4.523272
4.30151
0.8215799
5.800994
-0.9127843
1.340709
0.9269705
0.6786374
6.143438
4.344051
3.208514
3.127961
5.066261
0.02041242
3.432236
6.386506
6.209103
4.860321
0.4148257
-1.542813
4.306403
-1.459815
4.114325
0.08745085
0.08306267
1.761557
1.07154
6.78907
0.9476193
-1.529491
-0.08798278
-0.2523699
0.2160168
3.812599
4.950663
-0.818783
1.620223
3.072219
0.05099746
6.29936
6.066916
3.593617
5.874698
0.5365748
0.3307968
9.778725
0.6381361
-1.610134
-0.2804593
4.22565
8.281167
5.139789
11.87496
0.2741298
5.711296
6.699578
0.5891059
3.648541
0.2353404
1.141004
4.592931
5.124659
5.462589
3.444374
3.726299
6.403137
5.113679
4.354642
3.942063
3.707657
-0.07323758
0.9898338
-0.7957965
4.960584
5.177248
6.103486
-1.692021
8.482833
1.567724
0.3060334
6.082335
5.771306
0.3738297
-1.187396
5.37177
-0.466597
5.255521
4.977411
3.880287
0.4437513
5.095819
4.284586
0.1328816
5.554461
5.151945
5.519896
6.250047
6.198597
5.678189
0.4861347
4.727774
-0.3252708
-1.531613
5.944938
2.62706
5.655355
5.1791
1.159745
0.6676326
-0.3762501
4.743998
4.669675
6.4844
5.130688
5.072669
5.712718
0.4264048
4.402241
0.8280529
-2.277184
-0.2895025
8.688541
5.179094
6.162576
4.509839
4.760649
5.713903
4.457718
3.155547
5.951679
0.2277193
6.672439
5.097903
5.688686
7.783619
5.648919
4.650752
3.881714
4.351197
0.7207601
1.434423
4.614999
0.7937235
4.167988
-0.274249
4.853301
6.690595
5.63513
1.169382
2.528097
8.151823
3.634369
0.8537331
4.500061
3.572127
5.407652
-0.05663021
5.427061
-0.00295132
5.797432
0.6123802
0.9586292
4.611378
2.756434
1.103599
-1.432789
6.808061
3.897124
3.423073
-0.2370604
5.285353
5.385741
2.964684
5.313021
4.887465
6.383072
-1.545979
-0.3448721
6.367868
-0.544228
4.351998
0.5489995
-1.069911
0.3266063
-1.368045
6.767847
0.9194202
4.848724
9.18836
1.589746
3.777159
-1.714108
5.86806
3.523777
5.789281
4.652373
-0.02499137
7.271538
-0.7117145
5.113892
1.367368
0.8505973
-2.559937
5.412571
6.201476
0.1886195
0.3139021
5.847891
6.252104
3.658328
5.919787
5.480796
4.937454
3.957132
4.255688
2.906398
4.335864
5.966097
5.621501
0.6569893
6.628274
4.554994
6.672225
5.784361
0.6328465
0.4613803
0.3533492
5.63587
3.850448
4.974355
3.840936
0.8940548
3.647644
0.1937516
4.810369
0.5428158
-0.1262822
5.031355
3.644184
2.043484
4.997617
4.186233
5.609477
4.468694
5.268678
5.156917
4.114632
5.780783
4.876352
-1.380123
6.041099
6.447527
3.747761
6.095032
4.455659
1.153857
-0.6173384
5.433343
0.1348918
-0.704062
5.489172
1.376219
1.111264
-0.7378505
6.825393
2.819901
2.708009
4.546625
-0.441368
3.286645
7.891803
1.293806
5.968774
5.140453
-2.406099
6.10779
5.45264
-1.162271
5.116191
1.437844
-1.038274
-0.4114317
0.5987416
2.035873
4.543113
5.894209
5.882559
-0.1462956
-0.1088061
0.1577013
7.144572
3.914962
0.07095268
-1.775492
1.510589
3.988335
5.552101
7.610564
5.410447
1.487341
5.150289
5.533594
5.162572
-0.6542464
7.143793
6.801197
4.307098
4.090838
2.575962
4.777952
4.837747
5.474844
0.2944474
3.269312
3.346729
4.955498
4.369168
-0.5529902
0.473668
4.324366
-0.2420636
4.324457
7.251576
6.417569
3.664862
3.630139
5.570138
-1.066114
4.90968
-0.3855682
0.6043652
6.28118
-0.3261141
0.3015698
6.348385
4.4716
4.039412
4.17547
0.6574434
4.847601
0.3819689
5.030337
0.1105617
0.2063198
5.650152
-1.909138
5.550216
6.393824
0.5743562
-0.6257064
0.4207961
-1.01765
-0.1851207
0.2523823
3.055859
5.117943
5.050826
13.07415
4.421106
4.742165
4.293219
3.922354
1.002508
6.21691
4.504238
3.883764
4.232477
6.022384
5.159342
4.665299
4.299889
6.185041
7.076276
7.276588
5.15893
-1.204151
4.998484
5.683629
0.4391241
0.4033452
4.826506
4.546616
6.861266
3.735619
5.253473
4.190869
5.438349
0.2992821
4.023
6.842139
4.308493
4.658971
5.611107
0.4319973
5.968451
7.636507
3.993742
3.90817
1.941525
0.9685621
4.389723
7.359752
5.765791
4.789043
5.654287
1.449279
-0.371526
5.2664
-0.3014871
-1.298301
-0.1679816
0.7936781
5.045858
-0.3684729
-2.101039
-0.3147228
5.040404
-1.776537
5.332178
0.3303203
0.3300134
-0.6475361
6.033611
-0.50021
0.1975401
-1.327779
4.815601
0.05762931
1.275899
5.942183
5.126683
2.121559
5.028507
-0.7629032
6.293349
0.1233936
5.276469
-0.9755913
4.370091
6.855451
-0.2938632
5.092617
6.051564
5.229476
6.500531
3.470508
4.318144
-1.099775
0.5849641
3.566357
7.751858
5.710731
4.124755
5.258755
0.8729798
0.6069688
4.057951
3.946406
1.741362
4.818276
-3.132328
-0.5211388
4.523262
-0.1161925
1.893894
-1.114389
-0.05595581
4.091204
-0.4206874
5.379825
4.398684
4.789313
0.02547792
6.097691
4.919034
1.178595
5.008658
5.239232
-0.5964984
5.817446
-0.1178795
0.268699
7.204663
5.661225
-1.70468
10.56503
5.506338
5.233687
5.808262
3.44254
-2.313872
5.25033
1.045283
5.549085
-0.4962536
1.441938
0.3766287
-1.232979
4.043502
3.835821
4.53079
0.8349967
6.948496
4.311517
1.697289
-0.3611656
4.94758
-1.758879
6.767254
4.706168
5.737361
4.260293
5.320388
3.832058
4.331045
4.698549
5.564865
-0.6156711
0.6048125
4.538579
-0.4517303
0.4264346
3.12657
-1.125139
5.199093
4.673892
0.5122625
6.826735
3.942131
5.690047
-0.05439428
-1.171036
4.672461
0.1103063
5.835118
5.140179
4.582412
3.496773
4.348979
4.549154
5.256071
5.070705
6.177714
0.4105976
4.325705
6.285072
5.150689
5.569886
3.389457
4.042107
7.310664
4.508476
4.43081
5.354508
1.400494
6.6875
1.120381
5.929691
6.297781
2.924002
4.482679
6.187167
3.612948
-0.4955157
4.28481
1.745892
-0.2686256
0.9413476
0.2816566
4.047124
-1.153437
1.818634
3.417523
6.698494
0.6075438
-0.342833
4.04369
5.136837
4.86095
-0.2655894
5.472494
5.625696
-0.5864344
1.038106
4.806536
5.7853
-0.5660323
5.862509
-0.4251954
0.08991203
4.570887
1.064257
4.558865
5.420432
4.443492
11.25797
1.837917
5.174803
3.953169
6.628928
6.553849
9.319808
5.457554
6.61444
4.405969
-1.726854
5.999473
3.131625
-0.8669433
8.249421
4.57956
4.90599
-0.3913795
5.154868
0.1470828
0.7332283
6.115286
6.328057
3.805389
4.988818
0.08017936
4.752399
6.268305
6.874824
0.4353942
-0.9034977
4.332535
4.524961
5.281408
0.304095
4.581913
6.096339
0.5960137
0.6310824
4.8547
7.289854
0.4143284
1.130198
5.229638
5.816745
3.2502
-0.4710149
5.139739
1.22946
-0.06288608
1.334778
2.362338
5.44437
5.572117
-0.5060412
0.8546399
-0.1826331
5.626544
-0.3933224
1.295512
0.598707
4.471371
4.429484
5.534851
-1.981395
4.95523
3.933081
1.005059
5.850996
4.508918
-0.6262238
3.424906
-1.323002
6.196478
3.591072
4.56075
3.128237
5.598925
4.473287
0.1521615
3.865647
-0.2631586
3.916019
5.805043
-0.4044069
5.109599
1.285726
5.386145
3.397487
5.132623
-0.3552211
-0.3201759
-1.083068
7.434059
4.930034
2.037133
0.05257806
6.003398
4.99263
4.658499
3.950474
4.903217
7.276688
6.795027
5.690632
5.236214
4.709438
7.363745
-0.8329923
-1.244454
2.419118
7.280026
0.3841548
5.558202
6.161005
3.46573
-0.3573646
0.08517472
4.872654
4.897756
1.36701
10.64676
-0.07422674
0.2808174
-0.9542365
-0.2028446
4.798739
3.74017
6.394561
4.870357
-0.5082377
6.604609
3.815576
1.553999
4.567767
5.704902
4.748017
5.119988
5.648161
4.603725
3.28544
1.502671
-1.517507
6.971915
0.06690202
3.15715
-1.415276
4.068124
3.900076
4.573809
4.162611
6.093886
3.236477
0.3475705
3.472074
4.627993
3.732078
6.039558
-0.9958653
4.488178
6.822015
4.5139
6.191125
0.8008509
5.303405
6.502754
1.914307
4.208118
4.01457
0.964901
8.362393
4.718147
3.339141
5.846831
0.9514317
5.978592
0.2170241
-1.396693
5.487246
-1.66254
0.5673326
-0.7423162
4.770171
5.076557
0.1403516
2.640459
0.6494651
0.4895493
1.303706
5.031989
3.517453
4.935971
0.8654852
-0.92712
-1.952977
5.545153
4.081043
3.561954
4.038643
0.4019446
-1.329219
3.89828
-0.2561849
4.383474
5.312443
3.141355
-0.8656657
4.949334
1.813491
9.018573
5.341277
0.4061769
3.443376
0.5957644
4.731093
5.617228
4.357535
5.810612
0.3745539
5.23632
5.952125
1.231776
5.316804
5.372024
7.323341
-0.002225695
-0.992882
-1.182801
4.757755
5.11298
0.3976984
5.382497
0.5777799
1.667518
-1.260912
4.333308
0.08440087
0.2219543
5.851478
6.289641
4.429919
-0.4798363
-0.9176627
2.885177
0.1116088
0.2286295
5.993706
-0.652063
5.04229
-0.3106772
1.985967
8.490597
-0.4050712
5.599871
4.700705
-0.1842396
0.6330104
8.058082
1.276342
6.308328
3.611827
5.53364
-2.441942
8.469408
5.092518
-0.5758662
-0.04814442
-0.3127625
4.485182
-1.505239
5.282351
0.1995407
6.097073
5.662877
6.751088
1.242698
-0.5068213
-0.5207435
-1.186506
3.428269
2.916181
5.748642
-2.934687
3.416776
4.811744
6.169064
6.676202
0.8467537
1.384468
-0.9886148
4.921963
0.2591305
-0.5995273
0.8004165
5.002481
0.05628666
0.3358075
5.644412
0.1852417
0.7522642
4.584205
-0.9146351
5.602987
6.20313
-2.142205
5.67711
6.180921
4.028216
0.5083259
-0.5756408
0.08442361
4.382433
-2.091836
1.275125
4.164439
5.27455
-1.073552
4.838306
5.51215
-0.3106551
5.852654
4.106085
3.360376
5.524622
-0.6065297
-0.621999
1.632281
5.820182
0.1861079
4.004787
5.061372
2.118783
6.081565
0.978915
6.432411
3.450711
6.173883
5.027952
4.694982
3.360849
0.4361605
0.08428855
0.3107246
-2.476228
-0.9839676
-0.0599228
-0.8785677
1.085606
3.756108
-0.04446491
3.365805
0.9090191
-0.2531319
0.3580798
4.487758
0.02124293
0.3220529
5.041849
2.544922
4.694445
5.438445
5.54079
1.522274
0.8313716
5.522679
5.349364
-1.107242
5.683856
-0.905104
-0.01437835
-0.7312717
5.185888
-1.044883
5.716696
0.3948624
0.6654785
4.829239
-2.444453
13.39649
3.832283
4.73482
7.018555
4.318308
5.930027
5.406071
5.902866
4.345888
4.45649
-0.5418047
6.967576
4.446665
6.642389
7.30887
4.152724
-0.1644839
4.675738
3.122277
-0.7683891
7.982671
0.4379954
0.47542
4.148555
4.007818
0.08678287
3.290232
3.457249
4.137895
-0.1872491
4.457042
4.665208
5.831391
-0.4296499
4.819881
5.36768
2.408732
3.69774
3.584208
5.402874
4.04895
0.538535
-0.4101004
9.120122
5.68848
2.514544
6.008805
3.58242
-1.400046
0.2028605
5.311857
4.781538
6.263306
-0.935486
-0.8969891
-0.5709729
2.240918
3.773681
0.1703572
0.2754913
4.589893
4.444405
5.762249
7.953456
4.658931
0.19046
7.124241
-1.521734
1.33523
1.238867
0.112245
0.5371534
0.6778455
7.526039
4.605881
4.557651
-0.6172798
5.263622
4.993403
6.487386
-0.770849
5.606112
5.011252
7.681266
5.293247
4.46676
1.171323
5.191831
4.770954
3.215079
0.943378
0.9143645
0.03763488
3.011817
7.25302
5.301817
5.026019
4.660513
6.589327
4.922884
0.5095358
6.065507
6.883429
5.113267
-0.9145522
5.116988
3.909975
6.478058
1.331308
0.3159555
-0.5274713
4.888407
-1.172371
8.354477
4.631781
-0.8459169
1.533924
6.561243
-0.06060941
4.396717
4.782387
-0.4520562
4.997523
3.644875
6.410663
-0.9446436
2.953131
4.103997
4.616075
4.190363
1.002499
4.037802
0.9452624
0.08820151
5.175752
6.449292
-1.914625
3.728531
2.541412
-0.4696826
4.858266
4.813541
4.364176
3.941931
-0.1883189
5.237871
3.696139
-0.7773347
7.892042
3.431373
3.873037
5.124657
7.043866
4.64202
3.850727
5.419622
0.1415603
13.11241
4.787439
5.230482
5.217025
3.716222
6.220578
5.272679
7.365309
3.444445
-0.1842802
4.580862
0.278907
-0.6702665
4.658742
3.320832
4.803497
-1.662302
3.916658
0.359571
4.987131
3.126658
5.178359
1.919315
-0.1815742
0.3354575
-3.074856
3.235581
3.106034
-2.966581
5.086664
4.553352
0.3346722
1.522107
0.5771109
5.08381
7.314467
0.1899253
-0.2862318
3.317807
5.901139
6.312501
3.386892
4.915911
5.04406
5.75794
0.06796073
0.984812
0.6844399
0.4413665
1.241781
0.5709601
-0.6043429
-0.3178198
5.813157
-0.3187928
-0.5257305
4.789811
0.2963849
5.358237
8.215674
6.67844
-0.3410308
4.613313
-0.4357452
4.084133
3.978761
4.628833
1.104352
5.701237
-0.5973042
5.104299
-0.05349185
8.477431
5.33849
-2.935318
7.9151
4.540237
0.8453875
5.578035
5.705905
0.1304353
4.111254
0.7877548
0.4340954
0.2848681
-0.6807519
5.377575
4.15674
0.6754927
3.594713
6.152364
4.631571
1.683608
0.7541885
3.067395
5.057844
1.336781
4.325827
6.186424
5.323073
3.885166
4.780728
2.363709
0.363011
-0.3327358
-0.02986104
-0.7436983
-1.773807
4.04472
5.964036
-1.007152
-1.232307
6.200144
4.916554
-1.164273
2.774945
-1.473451
1.986669
-0.6885635
5.701881
4.397337
3.163578
-1.23244
7.454809
-0.2349855
4.595903
4.235803
3.996027
5.804212
4.46776
3.550972
-2.420219
5.766615
1.701138
5.036431
5.683703
-0.4110278
4.08464
4.854355
0.8437407
-0.5915193
3.86969
-0.09256102
4.119622
-0.9275374
6.517661
-1.110463
4.682296
1.299937
5.1789
1.113641
4.852196
5.697067
1.02147
0.238376
6.786
6.096999
0.08183885
0.3123003
5.99222
4.866368
5.328999
-0.5855141
4.705972
0.1435784
0.2321322
4.740038
0.8425095
4.031764
-1.385725
-1.14422
5.240934
0.1745067
5.220569
0.2569555
5.977865
6.18695
7.10643
-0.01061667
-1.087424
4.566513
4.09135
-0.1458196
6.406851
0.3562063
4.028803
6.246318
2.041065
3.872668
3.639534
6.576985
5.226974
6.716933
1.020963
6.920263
-0.3420119
5.63493
6.446678
5.306144
5.567535
11.00839
0.3247494
0.9115882
4.371827
1.244399
2.577277
0.2858529
0.2083237
3.910066
1.691484
5.781211
4.334653
0.7080384
0.1565298
7.004679
5.764957
4.475739
-0.2952344
1.503803
1.433778
0.5173354
5.144948
3.64259
3.35791
-1.289226
4.128231
0.6575733
3.693483
7.310329
4.420732
4.29297
4.970437
4.095808
-0.4906748
6.397588
5.378051
0.4173005
0.1749337
1.262923
0.8980279
0.04160778
4.643936
5.68512
4.069571
5.783467
1.183782
-1.352236
0.3863961
5.026263
-0.4186026
5.666042
1.617078
3.810994
0.02228765
-0.1649802
0.3661863
-1.624237
-0.443867
0.7376199
3.717339
5.656207
1.206251
-0.3164958
4.719718
-1.127695
4.439401
0.7298721
-0.2891645
0.0681218
3.442278
4.925195
5.226288
5.830169
4.928055
4.475712
0.5227946
-1.237465
3.747055
6.025835
4.572569
5.088524
3.942968
-0.7285471
5.017404
-2.246543
5.542347
4.614217
-2.489237
4.306654
1.116212
5.717733
4.895293
0.4720266
0.01362879
0.1848456
6.61072
5.101345
-0.4276068
0.2635905
-0.1379423
6.535033
5.4673
-0.4546139
-2.8194
5.890298
4.209156
3.071333
8.519818
1.165268
-0.9010595
-0.9925935
4.570746
1.041807
-0.6608929
-0.4040542
1.876338
4.844258
7.344958
1.593372
4.312101
-0.321005
1.239187
5.057991
6.504793
4.834097
8.484879
4.313373
5.451666
3.141819
-0.5335069
-0.07179865
6.05754
5.485917
0.2194547
-0.5387501
0.4171696
3.826295
3.785361
5.008111
5.411926
5.920814
-0.5064274
4.436896
3.265434
6.199657
5.323556
-0.06358353
-0.2022645
11.68347
4.222985
0.6017498
5.055508
5.91255
5.355343
0.1874857
5.990341
4.918625
4.627656
8.091932
-0.05347569
-1.964112
3.878727
4.852927
-0.5225581
3.077998
-0.8305629
5.219674
-0.2986215
4.393004
6.364112
-0.5864429
-0.06649204
3.319694
6.624382
9.836704
5.312859
-0.06626893
4.263271
-0.2029916
5.066836
4.509285
5.637979
1.664885
0.08951202
5.927115
6.415481
-1.590428
-0.8412813
6.349083
11.40226
5.379298
5.898397
0.7883469
0.8845255
-0.9651398
3.842952
0.5001041
4.111664
10.29752
5.262873
0.4006263
-2.442034
1.703243
5.851848
5.989825
4.726485
5.164288
4.515872
4.177009
6.338889
4.907762
-2.119048
4.154754
6.172552
6.201715
1.356648
3.04494
1.48901
3.265599
5.873791
-0.7981663
-0.3183967
5.309745
2.004306
4.58895
0.04673142
4.763494
5.802905
-0.5513314
-0.6321634
1.093394
4.249195
4.384352
-0.8757686
-0.5800389
0.6922104
5.211386
5.0432
-0.8329469
6.076586
5.663031
6.487061
4.783784
0.2289856
2.00507
1.034466
3.926218
1.120263
5.339909
5.753724
-0.9696444
-1.327117
6.435805
3.448401
-0.8177148
7.044632
4.90659
0.5347211
5.370435
4.704785
6.277572
5.494091
3.412458
5.095789
3.817254
6.003906
4.567056
-2.603422
4.050648
5.02717
3.93612
5.233412
4.413287
6.355585
3.676903
4.679457
5.14818
2.361097
0.5223546
-1.115045
3.775739
4.599885
6.590887
6.884756
0.9422144
0.09215911
3.60574
-1.289106
4.481402
0.1834123
3.984178
6.810047
6.403184
6.022813
5.219517
3.580655
5.034906
5.009821
5.128749
3.413257
-2.391973
3.597751
0.179747
0.6160966
4.771707
-1.460267
5.522411
5.11885
5.612276
4.140445
0.995708
4.726686
3.732034
-1.47759
4.992129
5.580809
6.603309
5.317399
4.553234
7.465498
0.1199013
0.4046973
4.351931
-1.377147
6.312406
0.7820626
5.55383
5.763192
-1.241851
4.446491
3.036429
5.862482
3.615172
0.6777538
5.404153
5.237815
6.873302
-0.3286604
6.272174
1.78422
4.778688
0.7886656
0.6750675
4.821765
6.128566
-0.7837306
4.640538
4.337529
0.1058789
-0.5704609
1.739601
8.845482
6.605057
-0.269188
-1.48727
2.805635
3.812424
0.9342589
1.358791
4.123417
5.15795
-1.301729
4.003595
6.256244
-0.5708651
0.8305707
6.665841
4.522632
3.122474
4.480758
5.203818
0.9914876
4.442681
10.75128
5.142526
0.4512904
5.03553
5.950879
6.288049
-0.4841587
5.310685
5.415829
0.0321542
0.6711376
6.109106
5.497503
3.782605
4.831024
4.525132
4.618466
5.337352
0.09706891
-0.4774835
1.676482
7.806393
-0.2679928
3.797681
0.3294087
5.457282
6.464427
0.8450904
-0.4563797
4.643051
7.377172
5.4017
0.00639958
-0.9028473
3.742655
0.2271942
0.4939498
0.8698254
4.121284
4.101827
3.517612
6.246817
0.7661464
0.1718514
7.723584
0.5169153
-0.9250768
3.982558
3.725291
6.32086
4.597147
5.812833
-0.4968805
5.169739
4.311354
4.827551
0.01370951
1.444471
4.372418
5.771795
0.1412502
2.433256
5.423574
-0.5810305
5.887848
0.1080287
0.7076832
7.27415
5.58747
-0.6798069
-0.5285127
4.735168
3.476946
6.861924
-1.006263
-0.7679875
4.195457
-0.3663248
3.611
-1.098489
-1.887349
6.6275
0.4666242
4.795667
1.692419
6.485699
1.358887
7.14732
-0.8304072
1.525473
5.092666
0.2149633
-1.432389
1.490855
2.373221
5.619899
0.9258149
4.916275
3.89194
-1.993783
1.073611
6.144437
5.66264
0.301886
4.535279
0.05188074
4.730978
5.627991
-0.5015568
0.545371
4.506662
0.1101906
3.959226
-0.7596883
-0.3769057
2.970258
5.823346
-1.324328
9.887616
-0.01080461
5.156866
4.884714
5.771201
6.937902
4.175147
1.149401
0.1532546
5.674428
0.1765146
4.32081
1.15211
-1.13169
-2.463224
-0.4199961
4.078065
3.933592
1.240569
6.159452
6.101421
5.402054
5.969614
4.430458
5.441818
5.92431
3.613484
5.204497
1.505273
0.7357939
5.2881
-1.467898
1.073126
5.169701
3.436402
5.125073
3.658431
4.63703
5.813909
0.6520438
-0.4345044
0.08983407
-0.7481385
1.132579
-0.9753558
5.256683
4.801564
5.21355
5.618042
-0.1405023
-1.968453
5.040266
3.903021
6.614258
5.753454
0.1020686
-0.2972342
4.285245
0.29308
5.314321
5.739604
0.2787207
2.2689
4.97825
4.271672
5.571034
8.056869
6.328325
0.9615318
-0.5350111
4.972682
10.5527
4.720756
5.285155
1.510932
5.689718
-0.9290224
3.393663
4.326455
4.67468
3.940925
8.438605
0.1127109
4.171119
2.390266
-0.7594247
-1.379029
0.6128743
5.429794
-0.245914
5.793026
4.182701
4.340554
3.160952
0.09168922
0.0211136
0.2574688
1.537437
0.3106063
4.164972
-0.4946656
5.85905
5.076942
0.5370373
4.49951
6.201498
10.32429
5.17442
2.128422
1.512945
-0.1707401
0.1796382
3.624422
0.8650206
0.5075714
0.2711821
0.02965202
5.072145
-0.6582117
0.7646588
0.2900512
0.9679852
-1.274003
4.752125
5.494644
2.123238
1.234908
5.477379
-0.7675282
5.68541
5.096476
4.725123
0.7619643
5.342785
5.197116
-0.7054412
0.106703
-1.911338
5.469288
4.120418
4.788591
5.241267
4.032585
4.319342
4.456118
5.387179
0.2969813
5.347141
3.071986
0.798215
6.534946
4.209798
0.1758213
-0.5136027
5.200714
3.274346
5.381671
-1.450686
5.099532
5.730372
5.22205
-0.4130208
4.472088
3.970288
5.039907
7.441158
1.871995
-0.3842789
-0.7495334
-1.579975
0.2327784
1.294524
5.343305
12.19375
-0.4899481
6.419704
0.01415654
6.271895
-0.1996031
5.410089
6.894546
7.305857
4.463193
3.431442
3.675669
6.074363
9.575973
4.757418
3.348824
-0.8605942
4.743683
5.162799
0.5510223
4.316231
-1.173331
4.463127
0.5464097
6.693577
-0.2333945
4.020432
7.364712
6.546938
4.93271
5.772646
0.5660984
3.335506
0.7352068
3.599241
-0.7131093
2.471202
6.608878
6.665881
3.369839
5.807112
-2.71816
5.461934
4.569982
5.488561
1.439659
6.450243
-0.1851794
0.154878
2.345482
7.577251
-1.126025
5.615816
6.895494
4.471538
0.3352507
6.141155
-0.4641227
2.703974
4.136377
2.995197
-0.4622756
6.038164
4.76665
-0.5486302
-0.1759029
-1.071376
-0.1742253
-0.08985167
-1.334325
-0.7211568
9.27859
4.346927
0.3712996
3.998489
3.966524
-1.091484
3.70298
4.49027
5.19304
4.45267
4.224826
0.3119767
4.242897
-1.64477
4.456297
-0.5101942
0.1448789
5.174158
0.2962126
0.3547971
3.575466
1.08697
-0.8184821
5.546494
-1.42949
-0.2637276
5.918507
6.118326
4.46976
0.01024893
-1.705963
0.6768431
4.325267
0.3141961
3.667026
9.171968
0.6148258
-0.249357
4.601771
-1.168783
3.97361
4.904024
0.7883694
0.3156508
5.03483
-1.391724
8.598743
-1.619681
-1.896594
5.226232
4.559751
-0.5373361
-1.819982
0.6163112
3.771876
2.672306
0.360767
-0.4395661
4.77497
-0.4082536
4.68622
1.666295
4.462614
4.010711
5.455545
7.376123
3.998503
3.465723
4.484362
5.507584
-0.7024676
5.883772
6.847591
-1.312655
1.111037
5.00101
3.724314
-1.086498
7.175745
5.369532
-0.1137922
-1.171839
-1.659038
5.60988
4.97549
1.64366
1.119045
5.365551
0.3514157
-0.04894302
-1.272114
0.2816293
1.502612
4.300538
8.151294
4.576374
6.015361
6.585777
5.097874
5.246202
5.247788
4.075482
5.164878
-0.4506042
0.4216196
7.388098
6.9166
4.803312
-0.7000722
-0.4246265
3.457167
-0.8133181
2.903142
4.35225
0.103075
4.990391
1.266841
4.438635
-2.164148
5.899487
5.018056
5.892816
3.268864
6.367183
2.222704
-0.3019338
5.76908
0.4834231
0.2147619
5.54579
5.955356
4.624168
-0.8239124
2.458907
-1.423076
4.346228
3.615495
3.682939
-2.560783
2.868708
0.8776893
1.129076
0.4351383
5.456536
4.839214
-0.1141738
4.912343
-0.04943945
0.0755719
4.088851
-0.3439894
4.388568
3.778538
-0.3338833
-0.06532562
0.7617995
4.550359
2.325461
4.721856
4.640014
-1.290225
4.395016
6.654987
6.677161
5.505881
4.87161
3.535363
-0.01476028
4.949496
2.303492
5.886946
1.857849
5.116221
6.018315
-1.189912
0.2597072
5.507801
-0.21478
2.872862
0.5497185
5.347445
4.622649
4.269135
4.000264
0.3588039
-0.7918943
6.497655
5.190818
4.46975
3.932022
2.298918
5.274216
0.1039193
3.634447
3.803421
4.552782
0.2087086
7.880528
2.622472
5.260829
3.801536
0.4084213
4.515869
-1.080935
1.139813
0.5473659
4.116268
4.200171
-0.9990337
-1.262996
4.412859
5.08273
0.9569587
3.688343
4.546025
5.60819
5.324211
3.149558
-0.863334
0.2458035
0.710535
-0.9570166
5.167751
5.278193
5.879796
4.587561
5.560344
4.54846
6.108156
1.279467
5.008757
-0.2685655
6.860664
-1.270438
-1.682561
-1.237281
4.354526
1.115618
-0.08731123
4.958901
5.331158
-1.829047
2.193658
4.602583
1.050327
4.420867
1.62304
6.239977
0.7555584
-0.2514113
3.934993
-2.241363
0.409636
6.539901
0.6680456
4.214147
5.58196
-1.219792
-1.759552
3.53894
5.66066
-0.6850018
0.05718411
-0.569011
-0.3863173
3.984255
3.363592
3.984033
4.793701
-0.6172175
0.8612962
5.867223
-0.9096261
-0.7036021
4.811618
4.436589
4.506722
1.501676
0.9658688
-0.3977304
0.2543785
-0.5280845
4.518456
6.190541
-0.7358659
4.319667
4.50812
3.361611
5.93087
5.697907
-0.933255
7.012377
5.93211
4.443533
6.367631
3.533647
-0.7776271
-0.2213521
0.3277492
4.521417
-0.2382512
0.003107442
0.6777154
-1.091987
3.937553
1.129597
2.612801
5.349541
5.680249
4.791537
-0.3768826
4.556932
4.056943
6.697875
3.983205
4.484272
-1.206594
1.035844
-0.2649493
-1.503309
-0.8594604
0.1425921
6.186272
-0.842108
3.552498
1.255801
5.236349
3.787788
4.534054
-0.3889859
4.050421
0.3926703
-1.312741
1.343059
-1.457507
-0.07680973
1.163945
5.360653
7.976764
6.027482
5.94781
8.425564
4.731251
0.02825467
5.874733
4.962576
7.356655
3.260973
0.3420588
-0.120612
5.230962
0.9115109
4.032942
2.437222
-2.013413
6.24023
7.148111
-0.6076256
-1.238468
1.978945
0.7505904
5.625142
5.738144
6.479341
2.161137
2.840556
2.992461
-0.02209979
-1.050624
6.076795
0.6552713
2.059348
3.784763
0.01643316
0.1577169
0.4720031
4.624965
-0.6410036
0.358262
6.705283
4.335487
5.298105
-0.2256182
3.097053
8.844627
-0.7068761
5.627557
-1.876088
-0.4033879
4.183686
3.197407
3.58212
-2.396615
0.6764578
1.927461
5.438164
5.22078
4.644213
-0.846963
4.855454
-0.4813115
8.296667
0.5353077
-2.461466
4.775932
5.290302
-0.5399742
7.255232
5.888846
0.05001045
4.273548
0.2889663
3.810113
7.291912
0.8937785
6.237602
5.735153
3.434935
5.156283
-0.7460766
4.856726
3.66467
5.240142
5.090397
6.397858
10.72585
5.146556
-0.7317886
3.466082
6.108567
4.684891
4.782125
1.604177
5.174212
6.646309
5.127524
4.673183
3.437243
4.345957
5.56899
6.017417
-0.2430283
4.156454
0.06721969
0.4987222
6.844793
1.135085
1.178456
5.064631
-0.3541935
-1.204231
6.196976
5.739558
1.35076
5.528483
6.087488
0.2744441
-1.546432
0.3449516
5.433091
6.023082
-0.2773406
6.082412
4.967162
4.268665
-0.3878433
5.956777
5.580443
3.304694
-0.05600138
0.6809644
5.884925
5.163997
6.518307
0.1708384
0.7210028
5.504399
4.307317
-0.838996
9.692383
3.611032
3.933313
4.666994
-0.5902839
-0.03449401
2.233178
6.713903
0.1199452
5.033773
-0.299631
0.8922472
-0.5295169
3.013626
5.875442
0.050815
4.548331
0.3985179
1.521464
6.332572
5.138065
5.326163
5.264654
0.5909579
6.074732
0.6512566
4.730499
-1.784442
-0.4319825
4.91063
1.718596
1.869211
1.606707
-0.9594839
5.644704
5.455959
10.11086
3.835331
4.413425
3.19561
1.773834
4.469555
-0.2450136
4.072883
5.853088
1.072897
7.205619
5.260579
4.249888
3.889019
6.450453
-1.015701
4.205866
5.097817
7.293193
0.2053834
4.47679
-1.940303
4.815083
6.384242
4.04712
5.565723
4.137733
7.043225
4.923156
0.8839409
-0.97709
7.779528
3.02249
1.785933
0.03486717
4.977131
-1.19366
5.174527
0.7985408
4.618236
4.867228
-1.332445
-0.8600796
-0.4676919
0.5476881
2.99337
6.022267
5.065929
-0.5371206
1.374556
3.592037
3.701618
5.302249
-1.273601
6.046723
-0.5066794
0.7556501
5.54174
5.140671
6.031081
4.140766
4.483295
-1.458986
1.624374
1.962079
4.995696
6.656906
0.5677546
5.096027
4.138973
0.09284865
5.151904
5.201885
5.597152
-1.389274
4.801533
4.463099
5.129031
5.220733
5.594011
9.22212
5.909146
3.854398
5.057055
4.85833
5.66964
5.12808
-0.4103476
6.557701
4.764202
1.945493
3.902961
-0.9744445
4.994208
5.390528
-0.06482064
2.944672
3.028131
3.234721
-0.8172978
6.389426
5.074302
6.432393
5.309592
7.426485
5.761657
4.842382
-0.3660067
0.1590664
-0.03123152
5.860733
-1.425374
4.775511
5.850066
6.012863
0.7290614
0.7489485
7.783074
2.276459
-0.3678326
4.254908
7.969665
5.198862
5.029449
5.15642
7.187935
-0.6813194
0.382215
4.304869
1.503885
5.398089
4.654683
0.7697075
1.324921
-0.9281411
-0.8965325
7.137503
7.574241
4.979554
5.539884
2.409987
2.859665
1.372128
-0.2189779
-0.1978124
4.201334
-0.5326401
5.693518
4.91335
0.331581
1.888642
6.247598
0.06763419
4.615019
3.708981
7.095842
0.1608247
-0.1122207
-0.7871086
3.605183
-0.4230154
4.313473
3.383865
0.6544131
-1.330842
-0.8479771
1.013547
1.083289
0.03377027
5.056498
4.78793
3.6258
6.666574
2.595037
5.222075
-1.377841
5.797178
5.04646
6.076841
-2.743365
1.069071
0.9072905
4.235912
-1.491965
3.897795
-1.359694
0.6104109
6.14815
1.387407
4.592949
-1.225669
5.572743
4.546741
3.372363
5.758901
11.01946
-1.903468
1.031228
0.6740653
0.1952314
5.294738
0.008177473
0.2163733
5.87672
6.3167
1.324234
1.037637
6.037245
0.003493775
4.919907
4.190418
3.562456
6.470877
1.608808
5.402775
0.002568469
6.266732
4.234345
-1.028557
4.544879
1.422586
3.310808
4.785417
6.426941
4.695398
4.277861
5.227194
4.783998
3.674751
-1.622799
4.682789
6.783925
0.2059726
5.560999
5.858015
1.322815
5.975053
5.168899
0.470043
5.904482
5.625763
6.751611
3.871901
4.171309
-0.1604782
4.352989
3.67642
4.938942
-0.8683702
5.460921
-1.347058
6.504486
4.74319
0.6052715
5.35739
4.835118
-1.147703
-3.050233
-0.2865905
4.454588
5.74254
1.404094
5.19648
4.289922
-2.211974
3.388933
0.7410416
5.334995
3.634131
5.177241
0.5914593
1.166649
-0.7123676
2.779704
-1.575074
6.065856
-0.2302445
-0.2460099
5.061029
-0.6329215
5.192365
1.132647
6.07607
-0.210868
1.39292
7.7519
4.740204
0.7951318
5.423908
7.038089
-0.4663297
5.21975
0.09281665
-0.5867516
0.5702708
6.669294
6.361913
-0.2163446
0.4840364
-0.8577404
0.852468
5.871138
0.7488385
7.279697
-0.1929863
-0.9461854
4.898087
6.639494
4.956474
2.398659
-0.8046022
3.71985
0.2113567
5.353823
1.670943
4.096716
0.5567449
5.246077
6.109817
4.653036
6.530046
0.7772251
5.01553
7.108764
5.95481
5.743625
1.118165
0.5407055
8.373852
5.197933
2.23807
-1.100717
3.392048
3.584523
-1.068603
0.8608278
2.963873
3.932154
3.011387
5.571011
0.5275987
-0.3565558
-0.4217124
6.22696
5.587005
5.417701
5.366439
-0.9456416
6.188578
-1.229648
-0.5636797
-0.3328188
2.505728
0.668653
-0.8463592
-1.479983
-0.6850133
5.607474
5.340127
4.507388
0.07398393
5.818618
3.337187
3.795338
3.283706
5.095648
4.950811
5.645386
-0.6174445
-0.5881431
4.300445
-0.1773471
5.335954
5.775909
5.837301
-0.4636421
5.43167
3.074777
5.512238
4.486121
-1.378911
4.82876
4.729801
-0.256711
6.759397
-0.4349564
7.827799
3.524861
-0.2557599
6.46651
2.097238
4.317858
6.715616
7.005778
5.545006
4.3266
0.1328986
3.027323
0.8062372
3.991983
6.406462
0.8059802
6.333298
3.368745
-2.395045
5.500661
5.529143
4.087842
6.139784
4.661123
9.064088
1.456882
4.485383
2.739465
5.662019
4.715201
5.967621
5.385874
-1.215788
0.5441328
0.3428538
5.055758
5.33206
0.341515
-1.133938
1.591561
1.381354
5.203875
6.492709
-0.8628639
-0.4921335
0.04863479
5.690917
1.067194
3.873585
5.469393
4.63512
5.807121
1.733951
1.159535
5.155041
6.874688
6.574756
-0.1866373
0.9236426
5.558708
7.375358
5.065952
5.594217
4.20491
0.231414
-0.6029265
6.94727
1.037538
5.306063
-0.3239537
6.458807
0.7519
4.661656
5.049676
-0.483996
4.827688
4.610098
2.149263
7.308323
5.102355
-0.3091648
5.460322
0.03640905
0.2640623
4.447624
-0.2138457
0.3998778
3.927945
0.2775838
1.905453
1.283341
6.334156
-0.264024
4.515572
-0.9189476
5.708584
0.07349415
0.4054474
4.798359
5.494372
1.003426
5.910434
-0.01001575
6.102605
4.417569
0.7174124
4.488918
1.13037
-1.527957
0.852329
0.4192623
0.1492588
-1.679463
-1.721565
10.10116
0.1979648
-0.1879272
-0.8183183
3.087029
-0.4706635
5.28599
5.025383
0.2451053
3.909786
-0.5757304
1.590542
0.6139703
6.639612
5.181894
4.744712
6.657066
5.761114
4.663377
4.121366
4.60651
3.298077
6.811086
4.786038
6.286853
4.482794
1.366146
0.2519485
1.482226
4.06156
4.985253
0.04648404
0.07425509
2.324094
3.30233
10.3287
0.8557657
5.175846
7.149741
-0.8960152
1.860849
5.560752
0.8160763
6.373409
-0.8381432
4.732126
5.079924
2.71832
7.137276
5.151915
4.19358
3.335185
0.1855468
3.405598
3.601123
1.436877
-1.216888
-0.859327
0.9053422
0.7470416
-0.5872588
-0.8865235
1.757982
0.8041798
-0.8434624
1.007311
5.748545
7.176791
5.820955
4.421504
2.225696
4.285379
0.05903145
4.658307
1.319932
-0.8222728
-1.490264
0.1237925
7.195568
5.885572
6.581026
4.203849
1.853662
0.4326495
4.805066
-0.6831063
-1.476189
5.872832
0.4856443
0.1586283
0.7826373
4.511955
6.726597
5.447321
4.918519
0.6099228
-0.5401301
5.191381
-0.1848387
3.898659
3.526934
6.026626
3.254146
4.087848
-0.03245699
4.720496
6.060478
1.060921
5.62583
0.190615
3.572938
-0.06980318
0.4760307
4.028104
6.083396
4.176819
-0.5104488
0.6132193
4.485986
0.6949243
0.19233
0.6513593
1.033673
5.678728
3.685228
5.112096
6.303139
5.429914
4.679803
3.883098
0.08221431
5.909684
6.099166
-1.273343
-1.056621
4.604502
3.89906
4.917033
4.220391
3.250764
3.445706
1.980284
-1.696467
2.779849
1.892752
5.661084
0.7968097
1.297336
-0.3698285
5.351347
0.00536639
-0.1089268
5.159548
-0.7734657
-1.148294
-0.1146634
-1.195961
5.140304
1.080095
-1.527082
-0.3165896
5.83008
0.2879059
4.308061
3.032208
3.847906
4.256351
4.527222
3.975696
6.477382
-0.6196856
4.209202
4.30938
7.002903
5.675228
5.63781
5.35965
-0.8317497
-0.5923503
-0.1925605
5.726635
3.191564
-0.6764366
-1.040605
-0.5850843
0.325686
-0.167879
0.758597
5.406806
6.601946
4.388896
3.676692
3.285263
4.873686
5.841168
0.2620744
5.363448
5.655605
0.2286296
0.1065209
-2.168562
4.460863
0.9329967
1.886185
0.4811852
4.408396
-1.310805
6.032433
3.814361
3.640436
1.340171
6.508571
4.670915
5.228459
5.280019
5.073678
4.501059
1.034077
4.505292
5.100015
-1.14368
5.382811
1.177375
7.099135
5.112262
0.1287613
-0.5747253
5.680327
0.7405984
6.591191
-1.958422
5.567635
1.107466
3.484724
0.9425341
5.318949
0.1748415
6.084779
2.65436
2.890918
2.418429
6.051809
7.762625
7.02604
0.2834526
3.707356
5.634846
5.109256
4.877732
5.460312
-0.3091406
5.886877
0.6820723
5.891062
-0.5066048
-2.562656
4.142158
0.5463841
6.148126
5.051736
1.299864
-0.50578
-1.556776
4.521892
6.292524
3.719839
5.652152
0.7411304
5.087407
-0.5077435
-0.8845778
1.517018
0.0345939
2.383752
-0.5796896
0.5688057
0.1173181
4.090514
5.94154
0.819488
-0.5267058
1.293599
-0.2369271
5.025761
6.567699
0.1631582
1.091085
-1.106104
5.34375
3.340334
7.697973
0.8704076
0.125912
-0.4381607
4.688115
5.013876
0.881778
2.186787
3.789204
-0.9970985
3.696735
4.961442
0.7385302
4.557728
-1.069066
5.817424
3.660332
4.217298
5.907864
5.144656
5.864199
1.43032
-0.4194166
5.580926
-0.2043389
-0.8294212
3.896227
5.695249
4.565698
0.3158499
5.233758
0.4385856
-0.8968146
0.2208516
1.715285
2.794897
5.487978
6.091592
4.549732
-0.09986439
-0.5583151
4.545368
-1.369766
0.3763956
-0.01112342
4.629911
3.392185
0.266923
7.435836
-0.1401583
-0.4121467
0.05940626
4.100972
0.3407602
4.20247
6.835654
5.563416
9.975439
3.080979
-1.204616
0.3504707
-0.5520251
6.292323
5.579088
-1.328829
4.929636
6.558755
8.956723
1.775346
4.32267
-1.039531
4.762679
5.044882
3.52897
4.433759
3.681984
-0.6232545
5.739992
6.086635
-1.204856
4.757404
5.047379
6.313517
2.129284
5.827422
5.74707
1.119403
-0.6609077
-0.1430575
4.045737
-0.3035609
6.122292
-1.60892
5.024074
0.4960478
6.079211
0.6840047
0.5067723
-0.3839551
0.06259423
5.468697
4.620829
5.746005
2.579847
3.747981
4.111149
5.814504
-0.3471881
0.1118418
2.068552
3.461985
-0.1827391
-0.3139082
-0.94951
0.4824286
4.584354
-0.191299
5.324143
-0.8591695
1.234662
3.857067
0.5707092
5.462074
-0.6719209
6.631897
6.54492
4.624622
5.048546
-1.194488
0.1490243
6.760549
3.493368
-0.5654926
6.000944
2.698509
4.753364
3.749834
5.63298
6.589574
5.859997
0.7347436
0.9075437
-1.769793
4.251807
-1.183138
4.387692
5.307824
0.6348406
0.1710295
2.926671
6.200242
-1.082509
1.294851
4.92051
5.369503
1.499552
1.361202
0.7969329
5.251665
-2.442934
-1.693964
4.66989
3.737899
3.666337
4.665787
4.710097
2.639804
-0.5962965
4.007102
2.845411
6.427257
5.336388
0.3996783
5.233807
4.145974
4.510152
3.781781
4.767479
4.842926
5.738086
1.741613
0.1180778
4.246633
5.097183
4.216166
4.769873
5.323596
0.2468401
1.166343
4.468154
5.267701
0.2651835
3.598424
-0.4354267
2.28525
5.970023
0.3711489
5.568539
0.09834336
6.124753
5.679174
5.558135
2.075271
-0.8816016
6.050188
0.8132103
1.897462
5.738928
-1.417397
3.346819
5.151406
1.071554
5.759774
3.054817
5.271838
3.920572
8.523277
3.058986
0.1216522
-0.2727366
4.368215
4.505422
-0.05177428
6.127644
5.086239
3.736029
5.984523
0.9129728
0.5372728
3.8655
1.110389
5.896391
5.845273
0.3907935
0.1835165
-1.192435
-1.41249
5.606695
5.914864
0.2712533
1.020068
4.240396
6.682495
-1.845361
5.04325
10.97954
0.04716233
-0.4179143
5.334275
-0.7021928
4.787874
3.160429
4.448441
6.27376
1.012502
4.335658
-0.8152486
0.1949971
4.257927
0.03549783
5.553346
6.16719
-1.086756
-1.185498
-0.0376242
5.252226
0.2407843
-0.1118273
3.035492
4.234145
-0.8122449
4.183822
5.128875
0.07588289
3.018308
4.695386
-1.015483
4.484412
5.745842
4.889541
5.880893
4.420624
1.486244
-2.473902
-0.8120614
-0.2354537
-0.6769884
-1.443516
0.1018839
-0.4297412
4.56593
3.684191
3.81975
4.427692
0.1310957
0.1589116
-0.3427776
2.88462
2.479257
5.714254
-0.946015
0.07491455
-0.2047962
5.549704
3.917206
6.352236
3.105443
6.47037
5.137397
1.402985
5.057486
6.154529
1.419762
4.903035
0.8199479
3.98595
0.1226318
4.723859
4.299575
4.939016
6.252886
0.1634727
4.352284
0.7653856
4.047448
7.648623
6.375156
3.922107
4.275878
5.253484
5.743437
0.9832575
-0.006051444
5.165803
0.8411483
-0.9515619
1.18882
4.70625
-0.537268
5.994663
-0.3840535
5.264211
-0.9921737
4.324879
5.594824
4.062609
0.2016232
6.725905
4.330781
0.4763864
5.465076
4.11593
-0.06251519
5.088971
5.366311
4.591295
4.846583
3.538772
4.78252
-0.1158568
4.025777
5.686521
3.305879
4.255572
3.514277
5.444731
5.975226
-0.07890963
5.70721
0.8222249
-1.065402
4.686097
4.732781
6.404572
0.7836766
4.832584
5.338849
2.964686
3.932001
3.865336
4.777789
8.228212
-0.7362906
4.127812
3.388913
0.08574498
5.334996
4.64449
5.208375
3.602456
4.757674
5.533016
6.131622
4.6195
1.383343
0.3307445
4.910671
5.810422
3.909816
-0.5832997
4.100106
-0.5670078
6.369317
4.619087
5.880009
-0.8735938
5.313108
-0.1827024
-0.2176288
0.2124226
4.293028
4.266912
-1.566326
7.702627
5.133645
0.3144656
4.335473
4.456186
1.603555
4.824303
3.90874
4.528973
0.1454911
3.684822
4.337221
0.3098264
6.498463
2.809305
4.956909
0.01402161
-0.2180264
-0.1922785
6.711602
-0.4592882
7.29101
4.922213
6.641806
4.727896
3.37814
4.283829
5.265372
-1.464673
4.152849
6.889549
5.311318
