5.203478
5.22037
-0.4343815
3.143112
6.0825
0.2377417
7.100534
-0.03496177
4.325072
4.666295
-1.577346
-0.3613043
0.07953232
0.2528024
0.3634413
-0.007643982
0.5551645
6.28502
3.594606
4.840058
4.838971
-0.8389429
4.746318
-0.007992735
6.140512
0.05916811
6.085702
0.3551013
3.660761
4.706372
-0.1452964
4.066947
5.300369
6.249799
10.91351
5.278578
4.006886
4.678769
0.4469658
3.289529
2.76994
-1.197766
5.056484
4.169235
4.976124
5.176456
1.038117
6.635063
0.05943124
4.210231
-0.2460672
5.536076
3.90913
0.6730287
10.1112
-0.6473849
0.8458973
0.2158506
4.332628
-1.0032
3.984913
6.940589
-0.5058601
6.797948
1.063469
-0.399147
5.639386
6.16259
-0.4356114
0.1218379
3.003153
4.857627
-0.9175676
3.953413
6.737669
0.8016116
4.72241
1.326375
6.588003
0.1078273
0.06761588
4.06642
7.647149
5.155861
-0.6769942
3.709152
3.466441
3.169506
6.502817
1.605997
0.3979918
3.651021
2.244174
-0.6249781
5.399282
0.3552338
5.477375
5.725271
5.022703
0.1457508
5.624381
4.418112
10.06235
-0.1058146
5.924008
6.648279
5.85745
3.465644
-1.423209
-1.325265
6.092028
5.39156
0.3299203
3.131659
6.102365
1.227006
3.995131
-0.5106198
-0.6963615
-1.229433
1.53372
-0.3778331
0.926717
4.259347
4.414506
-2.203807
-0.07205895
3.86846
0.1295113
3.523177
0.7093484
4.217194
4.608756
7.79578
0.8583434
-1.657495
0.2033553
4.761236
-0.8412444
3.538015
5.617623
5.445805
3.975142
-0.1738773
-0.5448976
3.997646
4.2433
-0.8144976
4.72165
4.960631
0.2278021
-0.1511621
5.225043
5.569778
4.917689
4.375997
-0.287846
4.994099
3.395363
6.021788
-0.5826195
5.667896
5.593233
3.045692
6.996687
0.6890861
-0.4155629
0.4548982
5.972947
5.917402
-0.2856478
-0.4505257
2.044529
0.3652167
4.737423
4.993908
5.511332
5.223539
4.315929
3.984703
5.940646
4.041973
4.538033
0.5028705
4.429546
6.470857
-0.4898507
-1.841515
5.642376
7.596069
6.172366
-1.250149
-0.2937159
-0.02122527
3.540401
1.52514
0.09152904
1.112109
5.57058
4.594085
0.3056338
2.192504
4.076111
-1.976516
5.917998
5.514741
5.599259
3.062618
-0.6269268
0.966686
4.83108
1.438116
4.061565
4.195198
5.710729
4.781568
-0.1816503
1.947587
5.46286
0.7143457
0.03017516
2.818614
-0.3337063
0.8311977
5.949516
4.627139
6.159843
3.955464
4.547713
2.306352
0.05105792
0.6574888
6.337826
4.602249
5.663344
5.722707
1.07824
5.661762
3.131015
4.833556
-2.594536
-1.228168
3.641729
4.018879
1.821379
4.262135
1.75638
5.202493
-0.2076484
-1.450327
