-1.185089
5.50205
0.8165185
0.2905036
5.503385
4.174942
6.389256
0.3559956
3.456837
2.014181
0.5687476
5.232188
8.049861
6.133192
3.463309
3.605387
5.327843
3.838924
1.125585
-0.3183669
3.828114
2.686992
4.190174
1.714208
4.937883
1.800661
7.030449
5.144358
0.4254505
-0.07475668
0.3183001
-0.3030891
4.077707
5.245343
-1.876273
0.1081823
2.110391
-0.3096356
4.903091
0.8192837
-0.3078995
5.010476
1.421895
4.138737
6.29251
-0.395627
0.5308431
5.017208
6.846725
5.207756
3.867741
-0.4956226
5.395663
-0.5053852
6.420307
1.09716
-0.06844773
4.428201
0.7561221
-1.096562
5.397684
5.90832
3.497666
4.248947
0.2324122
6.164762
4.449203
0.5095809
-1.23821
5.024531
7.757069
-0.2530155
2.290772
-0.5515406
-0.2132012
-0.2166078
-0.03314923
5.136305
9.816096
0.5187783
5.517177
3.795068
-1.66057
4.307412
0.1487117
5.307563
-1.170505
-0.2107503
4.266591
-1.201956
3.083463
6.795573
0.1728582
3.466801
4.974022
0.2786872
5.923895
4.916636
5.292415
3.638231
4.927065
4.472013
4.813336
6.163528
6.196995
6.616372
-0.537937
1.081013
0.02407943
5.877394
5.363979
0.6729583
4.761364
7.769925
5.099409
5.178641
5.119049
5.131085
0.3558469
1.285794
5.08424
3.714908
1.757487
3.610463
5.339312
-0.7059627
4.447746
0.0492732
0.02565769
5.867301
5.977504
1.084421
4.766244
2.202586
5.547745
5.537817
4.120041
6.144613
11.90724
3.620935
0.6768352
-2.98556
3.573959
4.464525
-0.1082508
3.91958
4.481459
4.265866
6.047432
0.06243201
4.733496
4.553577
1.509302
6.884625
5.086671
0.4786019
1.052207
5.139478
0.5016452
4.956148
-0.3603306
3.042078
4.976889
5.16761
5.729238
6.119489
5.270902
5.357168
-0.219186
4.71177
-0.1851252
-0.6485186
0.2677802
3.980613
4.497673
1.132928
1.413555
-0.416152
5.862177
1.898443
-1.068359
-0.0765271
4.432924
3.709261
1.194817
5.321516
-1.146948
1.483908
1.163779
5.039295
-0.4193876
5.408512
5.191125
6.053351
-0.398351
5.841969
0.09879812
5.643967
5.051667
5.007717
3.973078
5.867732
-1.836024
3.156279
-2.522186
4.860342
4.530512
-1.301496
-0.3267641
4.88375
4.489358
5.11332
2.693448
5.317242
7.786292
6.247295
-1.30537
6.828846
1.763759
0.8141026
-0.2192121
6.340603
0.102704
6.121368
-1.720257
-1.095906
5.314294
2.944038
4.430566
3.466726
7.026502
-0.4452778
5.728825
5.425256
3.645374
0.9410059
-0.6365607
3.900056
1.939976
4.604772
1.542533
0.5062237
3.741846
5.050494
5.553434
4.038812
4.482614
1.798201
4.869318
0.3321891
