-0.7480621
-0.4780179
-0.08738155
6.524831
-0.0787775
5.004131
-0.7526886
3.735441
0.6722514
3.560079
4.080523
7.372736
4.752199
12.47156
0.6970672
-1.446624
5.399678
6.755597
-0.8044223
-0.5208478
5.092532
4.377802
5.862441
8.15229
2.595207
-1.44457
4.214522
0.9771264
-0.9511469
3.512839
5.820447
0.3218969
5.751589
-0.7946146
5.579308
7.156834
4.911966
0.2029771
-0.305377
6.514999
-0.4206255
-0.443593
1.415472
6.194084
3.906664
0.4371615
0.792317
-0.9351791
0.3573364
6.237495
4.626085
5.489166
6.325505
6.424828
-0.6646666
4.96786
2.854091
4.916013
-0.4608171
3.732113
5.118013
0.6509829
-0.605464
3.089384
-1.474134
-0.5211046
1.16528
1.491846
3.609961
5.092747
5.500533
5.951782
-0.4818878
0.2366218
4.806927
4.287035
5.740652
5.537361
5.401917
2.024541
-0.715681
5.872966
4.5637
5.445341
6.203179
5.440576
-0.4236975
5.858774
4.890921
-1.016431
4.825752
-1.092251
-0.03309335
5.788256
5.759193
1.493573
-1.614587
4.671834
5.424116
5.362103
4.389816
0.01266823
-0.9854055
4.035966
-0.2061384
-0.2528247
4.319338
-0.1421243
1.71859
1.624436
-0.878406
5.690625
4.298468
6.482571
4.260062
0.467103
4.243729
4.959724
-1.227619
1.490659
4.599435
-0.7352521
0.3943537
-0.04004488
-1.011357
-0.9195392
5.052416
5.920714
0.3820369
3.97244
0.5362446
4.427274
7.338424
-1.235746
-0.411649
3.861477
0.8010438
4.288365
5.156041
4.836977
5.83208
0.05386379
7.084118
-0.2694038
-0.900921
-2.116051
1.702665
3.129335
4.263706
4.182245
4.238021
3.165569
-1.663287
0.8882846
-0.8223581
-0.7797627
4.944454
6.229656
-0.4370056
5.52164
3.806211
-1.063471
0.5173759
5.737655
1.105188
-0.03014278
6.579072
-0.5886633
5.182227
-0.467421
-1.002867
0.4947919
-0.2480069
0.2980118
-1.966952
5.6354
-1.788084
4.854862
4.650507
5.107301
-1.673021
2.161205
-1.422977
-0.6069923
4.02959
5.146381
3.117181
4.701525
5.801675
4.082793
6.90861
0.7142706
0.8387769
-0.5291371
4.597023
0.8639349
5.852713
6.05038
2.925365
7.735424
5.161734
4.411697
5.405998
-1.305927
0.1819183
-0.1935621
-0.2817222
4.748247
-0.3862127
3.604364
0.1818627
5.183713
-0.4811387
4.381751
0.9259144
5.018849
-0.1237648
-1.671342
7.631056
0.7876962
5.373661
-0.6151908
6.256952
-0.9485558
5.869276
4.071949
4.098565
-1.042935
0.006013568
4.013974
0.06997333
1.176941
-0.1360116
-0.5087356
0.2320985
1.611183
6.814445
1.759804
-0.7734304
8.366634
4.829006
4.277002
8.21301
6.264473
3.685433
-0.7677137
-1.747866
-0.1132462
0.7787378
3.726608
6.188009
-0.1586908
4.209728
0.6398013
5.209913
0.3690663
4.212344
4.971299
4.214808
3.176646
6.301581
4.321967
5.360853
3.990156
-0.3315737
-1.564514
6.067051
5.583897
-1.724494
-0.108295
-0.01252646
3.829221
0.05193408
4.320886
0.196149
3.506988
6.526633
6.314265
1.041657
3.998259
4.610387
4.509071
6.363078
4.990375
0.7883886
-1.504093
4.95182
2.854791
5.098945
0.3021884
6.106687
0.1333356
3.282905
4.328842
5.052816
4.143631
4.011442
-0.4068353
6.41828
5.467943
2.645059
-1.480662
0.423292
6.105643
-0.9044847
1.651163
4.167692
4.080128
4.356027
-0.4929982
5.591822
5.762388
1.006254
5.107989
3.756129
4.277125
6.230404
2.365687
6.426085
4.099156
1.641842
1.139633
-1.104329
7.407965
-0.8050617
6.39717
4.281065
-0.8467954
-0.2654004
-0.8420509
-0.5030609
5.433254
3.81223
-1.705198
4.388759
4.98197
-0.7223969
-0.7445004
4.782251
0.6546873
-0.7406968
4.46154
5.687046
-0.8443366
0.1051874
3.593174
0.6417608
4.572765
3.301931
0.1218414
5.409422
5.589975
0.5326577
1.691231
5.066532
-1.294252
5.371456
4.56424
-0.1089467
2.897114
4.830136
5.63399
4.625184
0.200006
6.602317
0.005460869
4.263509
-0.9744324
0.58336
6.481673
4.907474
-0.229135
6.11377
5.116689
-0.4313235
2.739858
4.690962
1.376367
-0.1384068
4.42406
6.475379
0.9219969
0.08226059
3.740584
4.777219
5.18436
1.740722
5.828555
0.3719021
-1.003459
5.769126
4.913077
3.98121
2.602966
5.397988
8.262995
6.949142
4.94753
3.2826
-1.517718
3.728308
-2.320049
1.393904
4.295109
0.5658372
5.945788
0.5107638
0.3997078
4.328137
-1.629528
4.784246
5.229472
5.387755
-2.203928
5.679617
6.752399
5.211855
-0.7293355
-0.4565132
0.1278296
4.304148
4.894855
2.624221
-0.2350425
5.245642
4.247787
5.57728
0.9806272
-0.1317871
0.2661039
-0.3222092
1.008768
0.3198895
-0.7929308
4.093444
1.232738
5.056396
4.739615
0.5702617
3.270118
4.225356
6.370346
-0.8360228
3.839581
4.777595
4.834293
0.1147033
5.382401
5.590561
4.165538
0.5716486
4.497572
6.996872
-0.3387316
5.044208
3.502304
-0.1194982
3.843782
3.267316
0.1144062
3.997886
4.748878
5.712574
7.14918
5.145004
4.464568
3.969123
2.231751
5.010991
6.181296
-0.6761505
0.4388876
0.06595927
0.3046518
5.810321
4.428246
1.155921
0.9922944
0.5753006
-0.5498968
5.456774
4.700101
5.221223
4.240259
4.083688
-1.533158
-0.6466295
5.105641
-1.068942
4.346306
-0.7920791
-0.2306566
6.053451
7.575752
5.794227
3.299916
3.714819
4.841618
0.3516548
1.105508
1.017782
0.7315067
5.731773
-1.181505
2.646932
6.238897
-0.9378753
5.949174
5.443142
5.053798
5.537815
0.4757604
4.211105
3.243091
0.807076
-0.7328985
5.775265
9.414021
0.1769389
0.1085098
4.227445
4.597055
0.5235843
-1.078436
5.748664
4.244421
3.480707
4.758039
-0.758247
6.045379
4.982826
5.085107
4.21018
5.00317
2.211521
5.390913
1.484498
-0.27525
4.378291
4.973325
6.527457
1.363604
6.086443
5.023095
6.195167
4.639254
1.391186
2.779511
5.526291
5.005206
3.735082
-0.4316115
-0.8881848
0.02364975
0.1445421
4.49201
-0.5176478
3.524948
3.932168
-0.8818066
0.5072394
0.312514
0.9501376
4.52466
-0.03276508
-0.2818765
3.76433
-0.2343326
-2.913705
5.6736
5.975003
0.3183176
5.01777
9.233896
4.938962
5.911087
5.79376
5.907359
4.507597
4.89516
6.950724
-0.5784534
6.401667
10.79981
4.338665
1.334136
6.309525
0.8038079
-2.499261
4.663816
1.270832
4.899497
3.254215
5.97665
5.263489
4.341246
0.3827906
0.4060689
-0.2103987
2.999816
-0.6252386
-0.1183187
5.606842
-1.358344
0.6920278
5.6263
4.995828
5.075103
3.252865
-0.0230275
4.64311
1.513762
-0.8328574
5.647361
6.014117
0.2040703
6.085931
-0.6476851
-1.680929
0.2954675
-0.5863705
3.243232
5.05463
4.55579
-0.4597506
6.413047
3.627635
0.1537114
4.945271
0.2736277
4.980532
3.966529
-0.3106763
7.524213
4.817948
-0.7892104
-0.3451214
-1.206617
1.114285
5.813787
3.945196
-1.119169
-1.545722
-0.5326974
4.714855
0.07012068
5.763484
4.181639
0.849827
-1.341053
-1.549873
4.562987
-0.8265417
5.276049
5.244134
5.080715
2.007429
2.854466
0.02683243
3.25863
1.506554
4.663828
4.795174
4.292262
6.329997
6.061638
4.635485
3.264903
-0.1189848
0.06952781
0.069824
4.533573
3.281301
7.344272
5.28616
6.203173
-0.4854686
-0.7680759
5.227428
4.937249
0.5991637
-0.2827949
4.865405
5.662886
-1.163866
5.322182
-0.6570497
5.628573
-0.6959226
-0.1326731
6.501789
5.567147
4.476058
0.5194962
5.236936
5.242536
3.699962
-1.086435
1.200235
0.3732138
-2.873436
5.686737
4.493353
-3.156439
0.7910616
-0.2965422
-0.5670197
7.357627
2.822838
-1.840027
4.775173
2.607435
-3.567853
-1.012745
-1.605767
0.7819803
7.479493
4.57818
4.249969
5.863893
1.084606
0.3721732
4.354435
6.122356
5.195017
5.123149
-0.4529644
-1.222564
2.912209
4.315664
-1.276883
-0.5176055
5.789103
4.375181
0.746749
5.172856
7.380276
5.557563
0.3684147
-1.903006
5.879267
-0.1533241
0.4555035
1.76369
1.778408
-0.1560253
0.1408557
3.110926
4.445732
-0.06455538
5.829034
1.510095
-0.6266244
4.696962
0.909899
6.543549
0.2068181
5.063688
5.628658
-1.082892
5.60244
4.568156
5.41546
4.481232
3.880097
4.983614
4.829342
3.602988
5.185809
3.759715
6.271257
1.33187
0.9242205
5.834454
-0.5094122
-1.153723
4.770019
5.163598
5.395765
5.240704
-0.4816828
-0.04372334
0.1450826
5.007685
4.333084
5.49673
4.476103
4.944977
5.378779
0.07519247
0.6988299
-0.2353693
4.612478
3.861982
2.524866
-0.2044608
6.131716
7.076103
4.989146
1.552689
0.2283311
0.7203216
0.9299533
0.3799837
13.43484
2.699121
1.071471
-0.5096822
4.121895
9.831559
4.653637
4.703714
-0.2193642
1.147064
0.3778619
3.221105
4.74334
6.016179
5.283561
0.6070706
4.309316
5.514357
0.5227196
4.572049
5.304779
3.729116
6.24205
5.921817
4.753774
2.01956
5.384661
4.267497
4.379296
2.243531
4.591794
-0.5011873
-0.2628277
4.635507
6.734805
-0.8225726
-0.9661504
0.6960355
-0.06419466
1.746587
-1.45081
-0.5027943
-0.8241886
6.270487
5.710888
0.326303
5.154364
10.88073
4.82116
2.161329
-0.1549591
0.8579327
5.550285
4.480017
4.082895
1.044066
-0.1346561
5.551835
6.048607
0.2089007
4.657483
-2.975051
4.941989
0.8150666
1.601016
6.49626
4.721173
4.147346
-1.204169
4.633182
0.8056481
4.628252
-0.4982129
4.784871
6.843684
4.543215
1.38616
-0.541992
-1.806419
7.301235
-0.7127805
2.522586
0.489497
5.028827
4.90403
0.3845157
5.150732
5.821137
4.172444
1.034846
1.839251
3.192103
-0.6157042
3.672823
5.119716
-1.546528
4.366291
0.4010255
4.401153
3.614188
4.796833
2.605641
4.051617
3.894492
4.325877
3.723218
-1.269161
4.733065
4.605466
0.9149126
4.788042
2.37734
4.182859
5.156532
3.001614
4.195757
0.4553464
-0.8797792
7.023744
-0.06495919
1.470656
-0.940041
6.048813
0.3861142
0.8180963
6.069331
-0.0498431
3.992199
5.610797
0.004678012
-1.648718
3.70181
2.10376
4.519569
4.050007
5.873705
-1.44911
4.693645
2.652476
-1.297035
0.1313038
6.083728
5.615149
5.946682
-0.9217186
1.933586
1.684806
1.669627
5.196301
0.06119561
3.294246
-0.24875
3.722574
6.163908
5.903466
5.338127
6.573538
4.385471
6.867492
0.2804864
-0.2929695
5.644942
0.8798521
5.91137
-0.7697802
4.835312
1.153595
3.530098
5.257966
5.525727
5.253088
4.789031
-2.231208
4.446559
5.553896
4.263859
0.3040714
0.4297977
4.554382
4.900577
4.820887
6.182406
6.200966
1.493717
4.873244
4.285606
3.85566
-0.2807209
7.120274
5.091153
6.19198
0.1534557
0.5492921
4.733366
1.479916
-1.022498
-0.132861
6.540098
0.5990158
1.053321
1.48815
6.633452
0.2465804
6.126581
6.887272
0.7840176
-0.6971743
3.8296
4.995955
6.04084
-0.1023265
0.1069581
4.785646
4.5781
-0.3657875
5.317506
3.879183
0.4092466
5.099996
-0.2675544
-0.7971896
5.741126
-0.07749667
0.6745677
-0.6515378
6.089677
-1.186993
5.672771
0.6018346
4.35202
6.610024
0.7024288
5.03817
0.08461169
0.6509271
4.569831
4.000327
6.628726
4.366582
5.478582
4.250336
4.408904
5.577384
11.80731
-0.5200497
3.519586
4.738666
1.072639
5.367384
4.638164
4.988539
1.752248
5.802202
5.080878
4.836267
-1.305044
3.865213
5.174703
0.02354449
-0.2810221
4.516343
0.2271686
5.091157
1.513649
5.985733
-0.6011144
1.607452
-0.7024086
2.720242
4.431473
-0.6434879
4.857068
0.8732537
-0.02094407
1.510225
5.985475
5.354878
-0.2901811
0.9986735
5.236254
2.734331
0.9826528
3.316524
3.96927
-2.466712
4.57088
5.595912
-0.8543188
-0.8375916
3.799795
0.8814828
0.5453025
0.7886269
-0.9795323
-1.738562
1.94398
5.691694
3.28276
-0.06215764
5.189367
6.191018
4.602376
5.948368
0.170984
4.762319
4.722116
1.17477
0.8753301
1.289466
5.641598
-0.01978579
4.506823
6.332683
-1.089271
5.478254
-0.1174802
3.77586
0.1936344
-0.5505625
5.294116
5.758162
-0.1651007
6.899537
-0.07009288
0.9007197
5.679858
4.7869
-0.3108619
4.954671
5.402583
5.269758
-0.5143563
-0.1336508
-0.8817049
-0.2739792
-2.419024
5.967431
0.5403558
1.044722
-0.1315153
3.469263
0.2951485
5.096729
-0.476952
4.239108
-1.048832
-0.8827823
5.871462
0.04152446
4.781533
-0.1554299
5.571198
0.4140496
-0.9838257
0.9155251
-0.1434451
0.8931501
6.9968
0.7164445
5.014097
-0.8355987
3.95091
4.468612
5.495575
4.985969
0.2539511
1.084557
-0.1174114
5.91398
4.95438
1.790705
-1.429619
5.270718
0.8529708
0.7711983
1.522968
6.290992
5.743731
-1.00894
4.225712
-1.56633
4.054834
-0.390719
3.934325
0.5660971
4.856137
6.074513
5.517384
-0.208605
5.440382
6.779126
1.164384
5.958143
6.160999
-0.1268554
5.396371
3.97047
0.3359555
6.521789
4.123662
1.796928
6.055894
-1.182368
5.500602
1.624249
3.853558
5.194631
5.564125
6.381042
4.205356
2.712866
5.169899
3.503603
-1.43509
-2.165265
5.481357
4.111761
-1.405105
3.963325
3.221138
-1.116606
4.069651
5.350541
5.148277
5.887189
0.3082286
1.476306
5.273104
5.213417
6.61698
6.551353
-0.623888
3.551572
0.8907399
-0.9384231
-0.913458
0.5153141
5.641159
4.692923
4.791163
6.14985
0.3565829
5.564098
1.542437
5.53057
4.113165
11.80822
3.433834
5.112533
1.015646
6.808994
5.184557
4.351997
-0.01956347
1.741488
-0.262811
6.396255
6.073069
4.741399
5.149737
5.315285
4.609694
3.400753
-1.322688
-0.469444
0.5907799
5.066274
0.6677325
-0.7957552
3.103653
2.949698
5.336025
-0.01327651
11.58801
0.7593581
0.4632403
2.026867
4.582799
5.477347
5.1984
0.01819231
0.6808494
2.818597
4.774721
4.883516
-0.5695704
-0.7923988
4.213961
5.614438
0.2795688
2.427874
1.037902
4.877761
6.147733
0.7379306
6.174633
1.014842
4.324247
0.095031
3.974405
4.030293
4.827702
3.964416
3.139392
5.219767
4.148109
6.192921
5.238876
-0.7733013
4.339158
-0.313682
4.761103
5.605485
0.1203752
1.672346
0.7089695
3.330928
4.049653
0.3902237
6.063019
4.126306
-0.3919821
4.872353
5.511851
4.980647
-0.9387662
-0.2025221
0.4925133
1.202683
4.830494
0.3924316
3.534585
-0.1661883
0.7922551
0.1236953
4.607354
-0.05520934
5.935208
3.127328
0.2229275
0.772856
5.747661
4.230197
5.722826
4.311909
-0.870168
3.024033
0.3070519
4.470275
5.097842
5.923892
6.067003
4.752905
-0.5883716
5.634871
4.332643
1.012371
3.413694
-2.025075
5.16748
5.28722
0.1604725
-0.4547104
5.094941
-1.366468
0.3668869
4.723822
5.705114
-0.1838233
6.260354
4.2323
6.335142
5.349551
5.363924
-0.3882564
4.994749
4.49481
4.648676
-0.6499157
4.157225
6.75839
5.905273
2.846905
4.727743
0.7181134
-0.4626713
4.123434
-1.042588
1.501665
5.176699
-1.271195
-2.134211
-1.585734
1.213206
5.98085
-1.821174
0.5114094
4.42425
3.790425
5.886922
0.9845176
1.922256
4.332369
0.741691
4.734885
3.996727
-0.4656104
0.5303234
3.948822
5.458254
0.8784086
0.7778544
4.830868
0.5190102
-1.566309
0.07753349
-1.388039
0.5771977
1.166747
-0.4918303
-0.293358
4.678756
7.899859
1.847743
5.830711
4.47641
6.035575
-1.438072
5.034411
3.456656
0.9977127
5.922837
0.04484206
0.3244785
6.002859
5.552259
1.483382
-0.09581689
4.202829
0.6007565
-0.9452636
4.173204
5.93764
0.7991718
1.403058
-1.030196
-1.577558
1.237443
3.939408
4.923491
4.522073
5.281933
-0.04353023
5.714329
9.418396
4.491667
-0.5746043
-0.2293439
6.038206
4.811968
3.02989
4.855878
0.6865892
5.427805
-0.02418188
5.29823
4.694509
4.090965
-0.9184645
1.656584
5.717083
-1.846098
0.9368446
4.812549
6.914172
0.4450493
3.924849
5.286181
1.233767
4.494373
4.18013
5.044403
4.761253
7.141822
-0.5237227
4.552307
2.90996
6.420705
5.666472
-0.6072048
8.91656
0.238304
4.554383
4.199676
-0.818641
3.631862
1.829795
7.164911
5.421592
5.914752
-0.4706487
4.969348
0.908047
4.647874
5.298348
0.497226
5.563276
3.728374
-0.5913475
3.100907
3.933649
0.9861136
-0.92745
5.924187
-0.1312904
7.283636
-0.7280433
3.534246
-0.1309489
5.581076
0.3316672
-0.1268071
6.151177
5.194543
0.1512665
-0.6978037
5.52834
2.255492
2.917902
6.492199
-0.3357656
3.73715
0.4519802
4.353343
1.587061
5.424144
8.52155
5.281824
4.726864
0.08961248
5.643473
5.444804
4.168114
6.074763
5.835785
0.3652338
-0.8375361
-0.6338796
4.545973
5.175058
5.754878
4.574449
1.191936
0.2230533
3.475321
4.931246
5.052298
-0.510579
5.059073
4.949383
1.152949
-0.6798508
1.209254
5.498838
5.940393
3.318917
4.133728
-0.01030048
5.260447
-1.161596
5.214812
5.246862
0.9944266
0.02697349
3.260143
2.533694
-0.1462748
1.973183
5.760886
4.434085
6.496669
5.446011
4.919083
-2.072777
5.834736
0.06710622
-0.3121407
4.935051
5.013618
3.013231
3.494342
-0.6659568
-0.4085525
5.162418
-0.7919229
5.277955
0.3136352
6.587658
0.3209454
5.756888
6.781336
6.241472
-0.2535601
2.271443
-0.04662301
3.831432
5.121825
8.350935
-1.202345
0.2420627
6.252359
0.7174743
3.46984
1.090058
-0.0758826
4.139575
2.20414
2.59204
6.243009
-0.9795048
4.870329
4.169434
4.581665
0.8735606
5.271735
4.894773
6.645406
-1.973026
-0.6923643
-0.3711348
5.856165
6.819914
3.780738
0.1458849
4.975882
4.475617
0.04860325
6.036395
-0.8842514
1.534403
0.04536429
1.958149
1.663782
5.529596
5.177308
1.162361
0.003046008
4.491054
2.960379
0.6749674
3.887647
-2.048713
0.1175874
1.500551
5.334519
-1.154832
6.153168
0.1420913
-0.5131855
0.5434042
-0.05374824
4.960151
-1.45624
5.546379
0.9057917
0.9133805
5.898564
4.510163
-0.001120614
7.743417
-0.1575011
-0.2434962
5.366686
4.16128
5.668194
4.619211
5.054358
4.970358
4.43614
-0.3621249
6.674349
4.546674
4.600938
4.224419
5.239264
5.923718
4.45445
5.215448
-1.132781
4.753777
4.304545
1.372337
6.648176
4.841389
-0.07610062
0.3730796
4.017597
0.8619214
6.601469
-0.2902302
1.695068
5.540831
5.766724
4.670712
1.251687
-0.4489902
4.904348
0.0003775603
6.732152
0.2434662
0.7349576
-1.04478
4.571101
5.276809
5.159684
3.010239
6.010641
3.345262
-1.479085
-0.06291766
-1.697488
0.360219
8.512743
-0.8320497
5.460892
0.8129764
-1.586763
-0.0917417
0.1610215
1.296522
-0.6967685
4.810629
4.977612
5.591195
5.123506
0.8606415
-0.5876171
6.023333
3.998047
3.612506
1.599443
5.258889
-1.132015
3.843163
1.483376
0.07405821
7.131808
-1.88172
5.231298
3.225734
4.893247
1.369179
2.888234
1.002305
-0.8508014
7.440536
4.831163
0.7483678
3.295753
0.1306477
-1.595942
5.113198
7.448767
3.236584
0.3942448
6.450783
-1.022695
1.714016
5.059746
3.21873
0.6080899
-1.177037
-0.3753505
-1.18087
-0.9696326
2.175045
0.03930247
-0.8561944
0.2276527
1.248018
3.417077
6.333364
-1.033269
7.58555
1.764487
4.438453
0.5182363
3.550577
2.018961
0.03299724
4.52174
5.8822
6.006066
-0.5668206
-1.121168
-0.1993063
-0.3592489
4.693036
0.1727053
5.257178
0.1463866
-0.6993872
-0.6401563
-0.3443152
4.653266
6.33829
-1.086124
2.295544
-1.54139
-0.2181856
0.8588096
-0.3204461
4.94471
5.534031
4.644428
-0.4977293
0.2388125
4.611847
3.909613
-0.01701623
1.141257
-0.8043503
-1.869998
5.31016
1.542407
-1.12158
3.320719
5.077438
1.550727
5.158879
6.406944
-1.952379
-0.4753854
-0.7353742
5.467007
1.682161
4.561967
5.281816
-0.4502776
3.860758
0.2101045
8.233448
-0.035041
1.169234
0.8632449
4.835411
-1.978821
6.952398
4.841149
4.670182
5.997321
5.282142
1.024764
4.745197
4.502417
6.336585
4.498861
1.249585
0.06257486
5.228694
1.400455
-1.482103
0.3489247
5.192258
3.455166
-1.234898
1.170811
-0.6739034
-0.6837317
-0.6224999
5.598287
4.599549
4.507018
-0.3908496
1.493324
0.5156412
-0.9873852
5.340155
3.671051
4.957504
4.36376
4.539525
0.8035273
3.834283
0.9970509
4.44204
4.737029
13.52013
0.5469179
0.9780563
0.9748606
5.104289
-0.2731649
4.80686
4.858767
4.366241
5.017818
4.025512
5.900949
5.748148
6.486067
6.14194
-1.506855
6.424365
0.08330601
1.054197
-0.1259216
-0.004109469
-0.7188467
5.250558
0.7363498
6.39507
-0.2411776
5.938881
5.601733
4.081981
-0.2536983
1.282296
4.53858
6.518234
0.1665667
5.37387
4.325897
-0.9642153
0.1408472
5.819812
-0.713425
0.4444242
6.582399
4.272132
-0.6346436
8.586636
-0.8426929
3.861861
-0.5507599
5.433104
4.153145
-1.320912
5.543254
5.633175
6.593521
6.431917
5.687723
0.2517674
4.725669
0.02138774
4.312443
2.966424
5.093216
5.059326
6.047492
0.8603007
1.135259
0.3283982
4.945434
-0.3589275
0.5017877
5.937779
0.4791602
6.417468
0.2242958
5.526176
6.26724
5.868054
-2.131414
-0.03748602
-0.8119266
0.6745485
-0.3563236
0.1043631
5.533797
0.5132997
0.3731712
-0.6933816
4.365853
-0.3978823
4.878452
5.427694
3.415787
-0.67776
5.916285
4.342412
0.3377354
-0.6480846
3.880617
3.569053
3.830155
5.599741
5.398853
5.076353
0.9388821
1.797671
0.5558585
-0.3975724
-1.073602
4.527084
-1.418816
5.097519
4.995105
0.3830314
5.632994
3.755311
4.048896
0.3276119
8.030353
6.079308
6.074401
3.940525
-0.07361271
0.9367951
4.250604
-0.4390239
7.994199
7.090909
5.173415
6.273268
-2.525776
4.878146
3.611006
-0.7329894
0.6229973
0.8122975
-0.5033532
6.132393
4.795973
-0.9454258
5.100774
4.7678
4.393409
-1.208834
5.596071
4.527845
-0.6360109
5.469651
3.491314
4.996272
5.501673
4.020812
0.6017229
6.104807
4.23093
3.299109
-0.7141423
7.262225
-0.8972807
4.645692
5.099961
5.638031
5.050617
0.3655279
0.3178274
-1.439431
4.207456
6.335505
-0.6842646
5.261051
6.41521
7.660956
0.1766386
4.507374
-0.4973985
1.310443
0.7402683
6.199367
3.885052
4.976465
5.216436
-0.2248913
4.779555
0.2614291
4.185305
2.510234
-1.424205
6.720848
-0.6942585
4.501256
5.325041
-0.934133
4.780383
5.643888
0.4567264
3.797437
2.939763
6.004927
4.986034
4.159739
-0.8544491
4.386839
7.093331
1.122854
5.417797
0.03099534
-1.003805
5.735695
0.6731884
0.1413366
5.85334
-1.57227
4.517176
6.101803
0.6732693
0.3488717
5.886914
4.694392
5.018635
4.34603
4.620254
4.721403
6.10215
-1.292989
5.244354
1.491913
4.750185
4.102744
-1.144097
-0.4757278
-1.174353
6.154213
4.196387
0.008075673
4.978532
4.614675
3.743012
5.22156
4.645157
3.803015
-0.8620841
5.306859
0.1857093
1.033148
2.080856
4.637738
-0.9221003
4.648537
1.450957
0.9071383
4.79054
6.214273
0.008471763
-0.7267623
5.208229
4.662173
5.671119
4.553511
5.353011
0.4193664
6.084233
5.993735
5.552742
4.25396
1.09933
5.59529
-1.099107
4.174542
6.278272
1.812613
-0.8212483
0.8839337
5.979491
0.07367256
-0.2225177
5.624877
3.823767
0.7790023
4.124388
-1.016735
-0.2671801
4.058301
-0.7358915
5.746642
6.092135
4.287953
4.361469
6.315885
-0.2880214
8.908875
5.740572
0.9386109
3.498577
7.75326
1.210788
5.128462
4.494006
5.164352
5.082231
6.904231
6.908147
3.528049
-0.7072639
8.429384
6.802191
4.082753
4.54306
6.364073
0.8764913
1.056475
5.804724
1.070558
-0.3303003
5.549985
4.567199
7.539379
6.217298
3.321656
5.669696
5.893628
5.426813
6.149318
-2.45897
0.8625323
3.931174
4.188988
-0.2247987
3.699831
5.660503
-0.3444486
3.33796
0.9997211
4.509388
5.585198
5.562565
6.699551
-0.08089209
6.12271
5.20912
-1.000004
2.41756
1.266409
5.120816
1.167049
-1.280404
4.27757
0.4715954
-0.1364423
-0.6484756
0.1718002
6.931573
4.890748
2.177663
-1.416045
-0.475227
-0.751796
5.309158
0.2401483
4.523671
4.860722
0.7211202
4.970805
4.178799
5.827989
4.390907
5.514662
0.3681367
5.514461
-2.512246
5.24262
5.330742
5.160989
4.989956
5.064624
3.053706
5.265438
1.260855
4.617688
4.103519
1.593837
-0.3768293
0.3197313
3.960652
6.852409
6.21775
2.351164
5.869945
8.457668
4.616774
-0.005971279
-0.1975331
6.024982
6.131718
3.268456
-1.407939
-0.1098414
0.6444177
4.806053
5.685706
0.01217029
5.319615
-0.3051528
-2.006829
6.161704
-1.159405
4.606807
4.521152
-0.1164928
5.197959
3.795343
4.4959
4.729463
0.6632657
3.998438
3.970178
1.244108
3.648616
1.61563
8.286083
3.414406
4.894365
5.008972
4.275011
0.4225148
5.665135
-1.753484
5.547664
-1.608001
-0.5973718
5.288399
3.927628
0.9887064
1.305136
4.049137
5.32117
7.229239
4.902682
5.490632
5.474718
3.039591
5.097508
-2.78359
-1.396307
-0.8785369
3.739037
5.447634
4.936722
4.855044
-0.7637126
-1.29122
-0.3349698
0.6309362
-0.5081451
1.523768
0.5743684
5.129325
4.358358
-0.1105997
4.862585
3.998908
0.9243575
5.440116
0.719972
4.230391
2.707882
-0.6928759
-0.9476017
-0.9470806
1.887973
4.339757
3.781572
5.955997
2.030985
5.780208
6.522733
-1.347635
0.5616424
0.9596412
-1.084634
4.406929
6.271521
4.025671
8.05007
4.355983
5.447033
1.067553
2.738687
4.32992
6.60548
6.273166
0.3453059
5.56138
5.730224
5.532493
5.833969
5.662602
0.0104748
5.365413
5.661588
-1.923622
0.06723825
4.143862
-0.5025161
4.863492
4.476015
6.011743
5.711392
4.983558
4.810292
4.64584
-0.3773746
0.5304674
5.432748
3.738972
3.401832
-1.227309
0.5038054
4.317255
3.859318
1.462269
5.872233
-1.054898
0.6571031
-0.475008
-0.2944318
3.316943
11.27088
8.784299
8.030081
-0.4293047
7.236487
-0.4663542
-1.594045
5.621929
5.287343
0.3198071
1.623135
4.891283
3.002911
4.702961
5.512176
4.825101
-1.224489
6.02931
6.495109
4.620475
0.4131646
5.258586
0.4355126
7.052243
1.856987
4.033716
-1.882532
-0.6740473
5.131712
4.935935
-0.9424402
-0.4631804
3.422643
7.020004
-0.1296813
1.208748
-0.5522799
5.225797
6.967683
0.50516
4.751428
-0.391469
0.4418964
-0.3472372
4.312581
-0.1227174
-0.6735021
1.18574
1.581522
2.378643
5.555361
4.086132
4.612911
1.784244
5.129248
7.6079
0.3378341
-0.8716562
5.732213
4.680708
6.365924
1.261975
0.7185202
6.167188
4.693908
6.6958
0.6110854
3.749884
5.698905
6.245425
4.25751
5.798048
4.957603
0.5400664
1.278149
-1.251298
1.179075
0.2410801
-1.292862
-1.171433
4.625782
0.5497244
1.613599
3.884781
0.4885466
3.828992
5.308423
-1.933275
-0.2343172
5.842921
3.998524
2.649694
0.2376806
0.5450759
1.162789
0.1765982
4.325303
3.9494
10.25288
5.631127
1.729144
1.115436
5.986221
-0.01946116
4.378196
1.158037
6.626553
1.234834
4.756063
6.246022
-1.694254
0.2222782
4.228897
3.916039
3.799604
3.866602
6.36043
4.727351
3.453429
1.211777
0.4228034
5.184759
-1.197267
0.136229
0.1516318
-0.01254035
4.69885
0.5525304
-0.5313146
3.958145
5.108182
4.275153
-0.8078543
1.389938
6.230374
-0.5196417
-1.17199
1.381711
-1.83723
5.424058
4.670183
2.714194
-1.763526
-1.709461
6.337643
3.441953
4.906145
4.099313
-3.45385
-1.24581
4.911437
-0.345791
1.14401
5.705065
-0.291502
1.221881
3.614748
5.393991
6.639741
-0.928106
5.411043
-0.2918158
0.6175187
7.745168
-0.1462296
3.366731
-0.3090401
-1.071838
4.658955
4.413707
3.651358
1.438235
3.868891
7.596262
1.737436
-2.049375
-0.5944418
6.041581
6.653686
5.20378
-0.5526667
5.776422
0.3614693
0.8055472
-0.1854666
0.6463552
-0.2453542
4.53246
5.872135
-0.2882622
5.71012
1.13229
3.779445
-0.1097909
4.300909
4.574989
-1.36362
-0.8969193
1.722753
3.469076
-0.1474411
4.403123
2.629944
9.275999
0.8848105
3.402457
7.384242
6.355783
-0.2663714
4.746425
4.639623
-0.5855028
5.098366
-1.619085
1.263301
4.929359
1.047823
5.483133
9.702326
6.07228
-0.3877266
0.6204433
0.3023475
-1.049186
3.565453
0.5015873
4.874548
2.94477
-1.233001
-0.1932664
4.888504
-0.7420342
5.706902
-0.4879148
5.596541
5.830762
3.707361
5.935761
2.015589
5.41175
2.709352
-0.3799614
-0.2835337
5.765553
5.657116
6.508835
4.055621
-0.3700433
0.08379517
-1.684757
4.195296
-1.293524
5.188977
4.683931
4.117927
5.750877
4.066718
0.03046553
6.518098
-0.1691921
4.919128
4.5913
4.49015
-0.1993751
2.317485
1.327305
2.461288
4.59283
5.602281
-0.8927059
3.811096
0.1590767
0.3653836
3.523149
4.939105
0.2936997
0.1357525
5.067363
2.29066
2.67499
4.484046
-0.5274535
6.789615
-0.5112005
5.752752
6.884022
0.622823
1.34422
5.660538
-1.196581
4.345469
-1.818894
0.6032213
0.4611228
6.126231
4.786974
6.063098
5.120116
5.401991
-0.02290144
4.291888
7.063731
4.864735
0.4841676
4.920227
4.665466
6.166381
0.6358013
-1.24195
6.554915
-0.02314747
6.65753
0.9713942
5.601308
5.371588
3.747366
3.296501
4.011693
4.919438
0.1077179
2.002839
7.30585
4.913617
0.8440691
5.362489
-1.740533
-1.837704
3.126813
4.649006
4.870405
-0.9221163
4.658746
6.111086
-0.3964638
4.920307
4.960813
-0.3463041
-2.775447
0.149455
-0.5211189
7.844579
5.612372
3.576696
4.894725
-1.244115
2.958603
4.753573
2.817362
5.57697
0.2999048
1.539537
1.176168
5.043116
3.692339
5.345837
-0.607115
0.7657592
0.2885487
4.783963
-0.09825149
0.327387
-0.07731988
-1.105859
-1.296508
0.3598094
1.480966
4.048964
5.806989
4.507335
3.276227
0.09896318
-0.6921278
5.735131
1.043842
4.742836
0.8391417
-0.5045833
5.428819
0.2007025
5.799296
0.001937992
4.70759
3.628155
-1.300782
2.644664
-1.153234
-0.5852908
-0.779245
4.67319
3.994238
5.283319
0.1911791
4.070668
3.522183
-0.6518295
0.3110996
1.768541
-0.488048
-1.714171
7.265801
6.698979
-0.4600045
5.314056
5.652475
-0.5954942
1.855884
-1.385383
-0.8529613
6.969441
0.2011003
-0.2962915
0.05637621
0.6079254
-0.7216518
5.146035
4.697103
5.456288
4.558527
6.959533
5.314243
5.538832
5.205805
5.457983
6.397609
-1.815504
3.344134
4.395192
3.138939
4.723998
4.195095
-0.622351
7.552986
-0.8977058
5.799791
3.968886
4.507266
11.01361
-0.2461621
6.169074
5.592308
2.316236
5.203069
5.978644
5.228394
6.209853
5.059106
-0.3014474
2.289642
5.254479
5.283577
1.70664
4.966226
-1.07485
5.920028
-0.9064168
-0.3950915
0.04254885
4.290882
-0.7295291
6.037054
5.174044
0.1112233
0.7949496
-0.2340299
1.394921
6.637667
-0.02765909
1.705075
4.915132
5.756982
0.4075662
0.1064954
4.715722
-0.4611058
1.630489
4.444728
1.479941
4.213755
-0.6647994
5.37381
7.174925
1.422866
6.677252
4.100705
5.15423
5.635609
-0.2708865
8.570539
4.762841
6.046936
-0.1792598
5.744951
2.470938
4.261362
4.459965
4.119794
0.8680181
1.376715
0.3428543
-1.475349
4.952526
-0.9039408
6.194908
4.145903
4.783319
5.272551
5.09623
0.5800056
5.366269
-0.7965638
3.828271
3.775118
4.026813
6.607782
-0.1934009
-0.4545014
0.1077949
5.532935
7.284644
-0.346561
4.745194
0.5045105
5.901969
3.77655
8.308274
7.041718
0.806211
5.604577
3.380711
-0.04729031
4.00468
-0.07394036
5.026847
8.594493
4.260039
-1.075655
1.430927
0.5892886
0.05814618
5.269548
0.1461265
4.71721
11.35977
0.2674614
2.132769
-0.570159
0.08827802
-2.222531
7.696065
2.772307
3.976505
4.500161
-0.3896965
1.539518
4.80118
-0.4886544
1.348924
5.933416
6.010441
-0.4143247
0.4796138
4.615366
4.65466
-0.5171635
5.734233
4.951492
3.272637
-1.43497
-0.7773658
5.385818
4.480286
4.792428
1.472462
2.121331
4.961097
6.502664
5.014501
0.8792342
6.138088
5.480844
5.218936
0.8797788
5.288126
-0.03037198
6.008737
5.765247
4.756317
5.2153
4.600868
6.169444
0.4406777
-0.003110589
-1.332495
-0.4330633
2.984878
5.409179
-0.9278361
0.1064196
-2.589919
2.959599
3.809757
3.803129
4.749437
1.063258
3.89068
4.773008
4.480429
1.342415
3.973705
1.316956
0.1991471
-1.747862
0.6114283
8.287735
5.65525
3.934603
2.566925
1.593344
-0.5152972
5.26584
0.1057895
4.206435
5.511977
0.4854993
5.645216
4.886039
1.011931
3.462458
0.2166059
3.173511
4.880386
4.249091
0.6163162
11.33296
4.377792
4.307039
4.7512
5.347397
4.307797
5.009892
1.071676
1.548321
3.979928
0.4867372
3.405055
-0.3650462
-0.3844758
5.75745
6.955228
4.648898
-0.5263282
-0.4055934
3.800233
-1.333869
-0.8068845
5.112415
3.893921
5.549319
4.153655
4.94355
5.484614
4.792161
4.20471
5.06015
5.461942
4.166911
-1.190593
0.4300761
7.060283
6.132459
3.914255
-0.6833594
2.718748
-0.03558323
-0.5117995
2.432283
5.137609
-3.214296
13.14965
-0.9334324
5.553013
0.7154829
-1.030146
5.7028
-1.167526
0.3748645
4.333105
2.395158
-0.1128185
5.754668
-0.02520608
3.906039
-0.05833993
0.2171599
4.719869
4.66925
5.553124
-0.03413358
3.711405
-1.01368
-1.412588
6.694345
-0.09518981
1.005014
4.423876
5.01028
0.8053722
4.293524
1.33758
-0.5017014
4.244552
4.673611
0.5654726
0.7861301
5.644584
3.47829
4.053087
3.701705
-1.731922
5.394695
5.663413
0.9074278
0.9644611
5.471249
3.75627
4.98766
1.68101
3.250684
5.248802
3.913114
4.180777
0.2542215
-0.4749408
4.995177
5.265614
-0.5206628
-0.8709885
5.647447
0.8592592
4.682894
1.736945
-0.6944189
-0.4811428
4.009683
2.950773
-0.7148829
-0.8142391
4.775997
4.771707
4.229152
0.05909846
6.63243
0.0346425
6.3869
10.46121
4.198167
4.482235
1.063193
4.184045
4.992019
-2.624749
5.929389
4.618952
-0.69023
1.662704
-0.6904133
5.371607
0.009755923
-0.9435641
5.170457
4.485443
2.413858
1.225372
6.554433
-0.2280093
-0.2696472
4.772588
0.2589686
2.344424
7.421205
4.414781
4.580772
-0.8426496
0.3802505
1.994852
5.025689
5.650056
-1.159564
6.532959
2.821809
4.073492
0.7756815
3.673647
0.7228204
8.648619
0.330024
-0.3240525
6.525649
2.821639
2.263939
1.595391
-1.284106
0.7774353
1.28608
4.292002
5.964607
4.327208
4.376686
-0.6247374
4.954253
4.975628
7.084887
3.883631
5.594616
6.553045
1.462442
6.908272
0.1014558
5.694113
4.539621
-1.483006
-0.4713462
3.210284
1.463454
-1.627965
5.331684
0.777641
6.74516
5.780144
-0.2566703
0.8997926
-0.4137017
-2.553593
0.7819245
-0.3322356
4.632797
4.915867
-0.9902593
0.9011206
-0.2919796
4.868933
0.8211524
4.915619
5.159506
4.649734
4.392636
5.699202
0.9053192
4.312957
4.375308
5.33774
0.9258998
-1.076859
0.3071791
-0.1575407
-0.1235567
0.03435688
-2.744898
-0.5910457
0.8884062
6.929096
2.512455
-1.524824
1.558395
1.292899
-2.214799
-2.268387
5.250347
3.971827
6.537879
0.4108913
4.390722
0.5389521
6.531035
3.749211
5.742693
-0.3379966
-0.343098
-0.9348977
5.143277
0.1752194
-0.2730547
-0.2740893
0.8448412
2.961782
6.702387
-0.7645614
5.084955
5.216588
-0.03875829
5.511558
6.275852
5.54118
4.410624
1.28937
5.146838
6.87855
4.584749
4.295892
0.4798471
0.1271251
0.2925105
-0.1721685
4.352192
4.67846
0.03611118
3.795138
4.890692
0.7974291
-0.2539181
2.663159
0.6387817
-0.4473672
-0.9689217
5.405235
5.054654
7.152548
-1.513288
4.887787
4.507488
6.301992
-1.532377
4.897708
5.596153
4.463001
5.764511
-0.9124261
6.589181
5.170879
5.402686
4.904219
1.054799
6.410562
5.371701
6.300064
1.290062
4.014855
4.871689
5.189948
1.894639
-0.8815721
1.277162
-1.063924
4.345045
-1.374527
5.110975
-0.8531132
0.8138073
0.7431571
5.095136
4.1111
-1.396574
2.180804
5.217094
5.513992
4.36092
4.676747
7.674939
2.411607
5.873083
6.017177
5.466127
4.959693
4.927096
4.70832
6.404241
5.237172
-0.4516662
2.909781
0.2767743
-0.950208
5.875093
-0.3465309
0.8346683
0.4337102
2.254349
7.016545
4.778247
4.664111
0.3275725
0.275847
4.00715
1.784363
0.4654957
0.5384915
-0.100257
-0.4359098
4.767198
3.572902
6.428623
6.515711
4.573989
3.936963
5.814426
6.830979
4.634049
0.4135893
4.374678
0.8444166
-0.4410682
4.382528
6.947574
3.952748
5.247167
1.473325
-0.2977213
-0.695472
3.607151
4.982925
4.513371
-1.075384
-0.4216618
5.647317
-0.7171269
-0.8430505
3.470414
-1.16367
2.548013
5.295024
5.80803
5.379317
0.3884418
4.866955
4.275036
5.951702
4.028588
2.440317
1.259017
0.1288481
3.699786
1.161938
4.079582
-1.333137
5.990353
0.3236315
-2.082953
8.261066
4.937186
5.104649
1.043634
-1.84998
5.321722
1.381885
5.552137
6.185356
7.14297
0.07722012
5.48275
5.821769
5.630985
0.8362628
3.956224
4.986039
1.886578
3.750167
-0.699378
-0.3929837
-1.620161
4.174842
0.9207198
5.191859
6.189126
9.703869
0.946911
6.115388
-0.630163
5.775879
6.363745
4.760408
0.3280324
0.8367441
-1.665304
6.088598
3.980976
-1.097052
0.4001157
6.683701
0.9968714
4.990571
2.234547
6.987703
1.13017
5.618672
6.493535
-3.284885
2.716817
0.5589859
4.341849
4.520701
4.592189
5.086042
6.243693
3.220352
4.679513
-0.7500728
0.5777663
1.345174
-0.3432525
5.725617
4.307574
5.165728
7.316266
0.06137287
5.6739
2.171363
-0.06265287
0.2478078
-1.411882
4.013983
5.421287
4.083998
-0.275993
-1.480981
3.916913
4.121259
5.571539
3.502395
1.139023
5.9037
7.501621
8.959889
10.39422
-0.3984544
6.011111
4.341157
0.09523836
-1.186594
-0.1309704
1.095485
-0.7157344
6.112188
5.557826
8.357975
4.705026
-0.2524121
4.635939
0.3904287
-0.1733121
-0.2516175
-0.5918469
1.61373
5.431496
4.691108
5.98537
5.165056
-1.550793
7.554361
-0.6251842
9.311001
6.115729
5.103326
0.360092
-0.2086212
3.544721
-1.504304
1.784288
0.9860851
5.172169
4.668018
5.789576
2.246669
7.150827
1.407424
3.11357
4.763657
0.7522026
11.05313
7.685338
4.695522
5.69071
0.412072
6.955129
4.294009
5.096357
0.7553249
-0.01956588
5.198296
6.62607
4.45373
1.551816
0.2838663
4.021112
5.246217
3.648512
6.274527
-1.732983
3.168833
0.8398712
-0.6214793
0.3510881
0.9926601
3.468128
4.682673
6.254055
4.755351
3.778245
5.290171
3.875711
6.579926
5.436399
-0.03331149
-0.4444891
0.8190501
5.477195
-1.13096
7.107562
5.127065
-1.24333
5.002766
-0.6669119
7.893102
0.5645536
-0.92463
4.204699
5.281652
5.366591
1.831806
0.8593657
-2.0131
5.194606
-1.069088
4.970339
3.565891
6.05926
2.598115
4.776905
5.402372
6.140613
5.315175
4.845815
-0.9219329
2.145749
5.020988
-0.02689904
-1.364614
0.3951632
4.811439
2.98925
0.7983008
0.6497005
6.426444
0.2400532
6.021973
4.850735
7.806485
5.889128
4.272249
6.903183
6.065299
1.699881
5.285689
-0.1706035
0.6856615
2.644572
-0.3696277
-0.665331
5.608943
7.012162
-0.5642999
4.718025
0.7795134
4.922793
-1.876128
5.412769
5.68375
0.9741709
0.4377487
4.920789
3.150642
-0.764521
-1.818916
0.4696968
4.819105
5.964938
3.596325
5.301268
7.737217
4.190281
4.97388
-0.5720617
5.422386
-0.3708793
0.7114242
6.947556
-0.2068693
5.446589
0.411169
5.705688
-0.7920571
4.312151
-1.531822
0.1700062
6.220644
4.167864
-0.005211193
6.785399
0.4382006
4.697065
0.823318
0.3265811
5.123542
-1.388275
-1.998118
6.995369
4.911342
4.288031
0.04827628
0.1565319
-1.314264
-0.7662857
6.413869
0.851217
6.409039
4.449199
0.7805081
-0.5546237
-1.430467
0.2118422
4.06956
5.892847
0.5733158
4.548925
0.7424439
-0.3680408
5.850835
-1.214955
5.381687
6.198777
-2.177573
5.722057
-0.741127
0.8635593
6.920824
4.484705
8.194826
6.35447
5.874735
-2.112924
8.279355
7.250349
-0.2709879
-1.304699
5.126355
-1.000517
4.386817
6.503888
3.755757
3.306939
5.979726
5.68694
6.004058
-0.1380886
6.833149
-0.710994
0.9471838
4.230259
-1.892878
4.267334
4.294565
0.08157316
-1.897756
6.98606
5.652866
5.602793
5.68389
4.71253
1.508156
4.515611
4.980466
4.553935
4.468761
3.878963
4.118323
7.595158
2.595821
7.534569
4.260751
5.918849
-0.1075486
0.6596105
-0.2716531
-0.7312285
5.475083
5.893135
4.618654
4.786059
3.952315
7.292996
4.931163
5.302734
4.699819
5.270344
-0.4163908
1.04078
-0.7970362
5.398243
-0.161889
4.090149
4.062675
4.245814
5.757649
5.002199
4.378808
-0.235989
1.374696
-0.9041509
3.491656
-0.5027898
-1.229575
3.72863
4.254291
-0.7058459
5.327755
-0.3048206
4.350353
5.725899
6.01264
-0.081355
4.184439
2.296571
-1.376245
0.5531354
-0.5026842
-0.2702639
6.577379
1.355988
5.303375
-0.8546199
0.6607126
3.569169
-2.082849
4.079453
1.366279
8.022196
4.408644
9.26422
4.577638
-0.8459513
-0.9587199
0.06613525
-1.476609
4.715666
-0.989009
4.041589
4.444369
4.085649
-0.2864961
1.356836
0.6781287
4.171258
5.188234
-0.0685284
5.110549
4.893754
5.7779
-0.6700372
2.990552
0.117361
-0.9088367
-1.370317
7.390436
5.021019
4.968542
-0.2033873
1.166436
4.69647
4.534715
-1.030135
1.11296
1.672903
2.906941
-0.1359204
5.041105
4.396252
3.685411
3.373481
1.146264
8.004175
6.527646
0.4623734
4.227287
6.947676
5.315754
-1.086745
-0.8241988
0.5485311
6.428564
3.83433
5.631295
3.951461
0.6641532
4.537886
-0.0113645
4.644556
-1.218355
-1.333804
6.237708
3.96266
-0.2730428
1.576588
-0.5392553
0.1528665
6.120141
5.451113
1.563648
-1.237437
6.804122
0.996319
5.661285
0.2660044
5.321441
6.598931
5.710573
4.788972
6.876669
0.500114
5.219447
1.212031
0.2356928
0.01128009
0.6205627
5.506518
3.534905
0.2457327
5.438507
0.2619993
0.4590837
-0.3956737
-0.05518181
0.1690345
6.479152
3.722397
4.486761
7.008269
-1.353428
-0.3348636
-0.6788352
7.381517
5.033857
1.16067
4.502132
4.903828
5.793412
5.977135
3.499914
5.805563
5.706008
5.83958
6.532598
0.07580091
5.541449
4.937549
6.058258
5.02783
5.655882
4.699556
4.925655
5.444572
0.3519402
0.1705441
7.290143
5.690278
-1.139146
3.962644
4.542127
2.988344
5.848499
5.038257
5.734828
1.745994
3.488028
0.2212075
4.815093
4.878079
3.034764
1.835147
7.543111
5.737304
-0.1261461
-2.106019
7.451416
6.003389
4.356575
-0.9708364
4.50111
1.416054
0.205005
7.813487
4.271613
4.774342
4.616858
1.050578
3.285687
5.809622
-1.497507
5.821125
4.17335
6.116371
1.314328
4.944462
5.047825
3.629327
-1.510623
5.333442
5.062962
4.16233
0.1068474
5.49684
0.3226896
5.138056
4.26003
-0.2640263
4.926548
6.182425
5.800597
0.2884215
5.223938
0.9825174
1.143856
4.622144
0.3067866
5.188492
5.043372
2.217667
5.488435
4.608993
4.762611
4.191934
0.902215
3.022947
0.6875323
5.14539
1.280486
5.635279
6.525435
6.589461
1.3841
4.904066
-1.316606
0.0537841
-0.9433175
4.426296
6.52469
-0.2605576
6.135015
-0.1465677
-1.019048
-0.1649721
0.6630295
0.01324339
3.796679
-1.257138
5.686876
4.742172
7.484523
5.828445
-0.2968049
5.008738
-0.4887785
4.269107
5.893786
4.755655
8.433466
0.5162783
-0.197082
3.910716
0.4834378
5.528668
4.635969
1.019417
-1.482939
5.090707
-1.059476
5.702496
3.21992
3.747748
4.755751
-1.706097
-1.870584
-1.088814
0.1909609
5.185498
4.26032
4.325528
5.257631
-3.272038
-0.991469
11.76065
5.180548
0.2179221
-1.343618
0.7588574
5.171581
6.353156
0.181421
3.872568
1.356034
3.335573
0.6988543
-1.329948
5.314337
0.489513
3.268982
5.971543
0.765166
4.748846
4.936019
-0.2685024
6.355336
-0.1528611
0.5903305
-0.7580004
4.260244
0.8012539
1.243361
5.333258
5.275496
8.526514
4.418371
0.2344776
-1.51273
4.350441
4.751636
4.006659
4.322814
5.72426
5.647821
-0.5302958
4.552882
5.897743
0.3387852
3.794484
3.882067
4.819126
-1.418072
5.245429
-1.357388
10.26971
2.716447
2.79565
5.168742
-0.7819662
3.118406
6.385443
5.139217
0.0757953
-0.8086168
-1.367793
7.175825
1.384103
-0.1143874
1.089941
-0.1474666
5.940657
5.775442
5.413826
5.20738
7.298582
-0.3411706
-0.6988572
-0.306641
4.992916
3.32188
-0.3859857
5.425222
1.488743
0.7097309
4.392019
-0.7624749
-1.382482
-0.9980177
2.665944
2.334847
6.414368
-0.2497189
0.2198288
5.529688
4.437818
6.155953
7.932238
5.24445
3.436212
4.77873
4.344694
-0.3959496
6.121528
3.126907
4.710369
3.443362
0.6630413
3.661136
1.399633
-0.1128965
-0.2984617
4.578118
0.6069086
-2.183094
5.449083
6.693708
5.569427
5.785
0.9749302
4.987839
-0.4006946
-0.9865852
5.914
3.875967
4.670656
4.591175
5.747967
1.987423
-0.5586646
-0.7615733
-0.3344896
-1.159574
-1.068283
5.162684
2.535568
3.76181
0.713583
5.654987
0.9388861
4.060654
4.53926
-1.087551
-0.131169
0.5500212
0.1253676
-1.01148
4.191115
-0.3021053
3.896084
4.219537
3.775002
5.613781
5.926172
-1.140132
5.604854
3.503302
5.712907
0.5757421
3.833549
4.020637
6.089478
-0.0004824618
6.128722
-0.7561135
1.06578
0.2708937
-1.465803
-0.2820812
-1.01674
5.811265
-1.569811
5.702938
11.46255
4.510895
1.220889
0.06767536
0.2401269
-0.1122623
5.735615
4.69882
0.1583862
6.151159
-0.6738491
3.907577
7.222484
-1.274288
3.461224
4.249081
9.461926
12.46393
-0.1088642
-0.07083011
2.5884
6.682082
0.1081066
0.01604174
-0.83379
0.347023
4.391593
6.487787
-0.1499406
3.748026
0.3315852
-0.8556852
5.876096
4.679914
5.739629
0.09824674
0.6386176
6.056231
4.749169
-0.07314564
6.099901
1.853245
3.615087
0.8021109
4.530704
4.997321
5.205184
0.4490738
-0.2919125
5.068654
0.2295804
-0.4462827
5.382661
2.990213
-0.9046041
3.15309
0.9577837
4.741803
6.471888
3.907827
6.697618
6.628178
4.118096
5.165691
5.001814
0.3931497
4.711323
4.888737
5.566403
8.08058
-0.3756058
0.3185479
5.151023
6.269871
4.11037
-0.0942977
7.320385
-1.641809
4.238593
-1.482276
6.347826
4.141431
2.764163
-1.282821
4.741958
4.446838
3.623608
5.492853
4.168085
3.136173
6.003054
5.009602
6.213915
5.109573
4.48144
3.842593
4.278799
3.39076
6.483794
4.965482
5.851944
4.652294
4.935308
9.278757
6.057077
-0.5808441
7.0828
4.552772
5.343506
0.1017987
5.408976
0.3517404
-0.05611793
1.12715
6.108985
4.541778
-0.4838877
5.988511
0.868968
1.442476
5.372058
7.643797
4.982906
4.536548
6.90805
-0.9886825
6.069192
-1.200132
-1.303877
4.945014
4.634403
3.691175
4.72095
5.364294
4.172426
5.215699
5.425875
4.297314
0.930634
0.2528113
3.73067
4.223298
0.05029542
4.199324
4.887767
-1.507698
5.864767
6.881875
4.499
-0.3686833
1.256286
4.687358
0.7824573
2.335419
3.476553
1.367808
-1.558139
5.46478
-1.448746
4.322539
3.900919
1.281762
3.057524
1.019568
4.243608
-1.356241
5.196781
3.749348
1.418538
5.653439
-0.1491498
0.8417363
-0.2744133
6.220112
-0.5117952
-1.317646
0.05270573
4.665088
6.030609
6.657258
6.265115
3.427642
0.04120074
-0.06995114
-0.9071106
1.082782
5.375494
4.133529
-0.6647736
4.359311
-0.02616136
5.234972
3.846642
-1.081934
2.280473
6.179942
0.3998405
4.115817
5.552725
0.6808629
-0.3227849
4.342748
5.53837
1.604662
6.208776
4.484157
3.991602
6.491186
5.573833
0.6858555
-0.5565261
6.14949
5.045203
3.99544
0.1203242
5.027503
0.09100496
4.282445
5.691807
-0.8378964
4.328441
1.357198
-0.03307073
4.651077
3.874066
4.000535
-0.1211665
4.566018
5.244135
-0.3164804
5.709761
-0.1619321
-0.9401716
3.858292
5.118898
1.445004
0.9966445
-0.2133095
15.63871
4.504374
4.354486
4.145059
4.176975
6.488251
5.772863
5.306588
6.651892
1.739433
6.203448
3.34607
6.52059
5.810312
5.082966
4.874969
4.737408
4.190613
0.01784451
6.098656
6.694078
5.246097
6.825952
3.36911
6.040501
-0.6489414
3.197841
0.2406843
3.649402
4.581479
-0.5458938
4.277892
-1.01395
5.134269
4.194209
0.9746087
0.7203625
4.861
-1.268874
6.823703
4.986562
6.543782
4.923256
-0.6590899
1.576448
2.186455
3.457236
0.1714718
0.7551748
1.292169
0.2574541
-0.6554341
4.700828
0.3821688
-0.5874275
4.31257
5.260095
2.834886
4.2222
5.635282
1.148264
5.36658
0.1200962
6.227436
-0.02907272
5.391334
4.440312
4.472071
5.424912
0.7338861
7.025354
-0.2820189
5.588044
0.00898156
2.676477
-1.318392
0.05601795
-0.6750964
-0.9763364
2.797201
-0.8571419
5.545295
5.817895
1.995104
5.565708
-1.015902
0.668444
0.926504
0.7197686
3.687199
9.794548
4.956142
-0.1120735
0.586078
3.948135
0.3382275
3.279252
4.573379
4.103772
-0.1490025
6.668831
-0.01349786
6.065236
0.2011478
0.6326797
-1.094163
7.553247
3.969885
4.625909
4.567411
0.5290004
3.584679
5.230746
6.414383
-0.2896386
4.357789
4.197849
5.846765
5.108419
3.736541
5.67592
0.2517625
-1.632126
-1.256688
1.26293
4.575317
0.3287894
5.511127
7.294148
1.913751
3.278821
0.5321984
-0.6434454
-0.6873401
4.406756
-0.4114517
4.516914
4.824873
-2.178123
5.439228
1.145333
5.996011
1.109101
0.5464451
5.48162
4.307853
4.827032
6.624438
-1.062973
5.686104
1.906849
6.825776
-0.07333217
1.114457
1.673685
4.789924
6.983305
9.340537
5.140714
4.534383
0.9222282
0.3036922
1.363206
6.51237
3.647555
5.234467
6.396081
-0.8632161
-1.430491
6.736165
5.190383
-0.5298279
3.846076
4.100767
4.982123
4.272949
9.588251
5.959794
0.01507643
10.02008
7.475596
8.856894
6.200113
5.127272
3.28661
6.00212
-0.9890907
5.37997
0.8828662
5.224684
0.5903206
-0.8914043
3.695459
-1.579168
5.838813
3.814574
-0.3148745
5.386724
4.532382
3.786784
4.320247
4.887226
8.202996
4.527772
1.142597
0.3751992
4.609343
-0.1374499
5.316692
0.2518745
3.691248
-0.2671594
-0.01337156
4.300998
-1.73473
-2.648352
3.658325
0.9776852
5.532471
3.994857
4.960151
2.08083
4.904039
4.586839
0.01218516
4.647195
6.374528
3.700571
9.586016
0.5583431
5.455591
4.992729
5.19364
-0.5764035
-0.7690691
4.221077
0.4364424
5.987532
5.985519
4.571078
6.009079
0.4118588
0.1849465
5.663776
6.11945
-0.3200406
0.9530325
-1.023736
1.361208
4.549194
4.325505
6.267265
5.492825
4.590884
4.783133
1.005165
4.005465
4.539978
5.674623
0.9564828
3.124543
5.164967
6.198141
4.822691
5.676479
5.552959
5.516774
-0.7770349
4.953186
5.161518
6.828725
5.653412
5.922098
5.487682
4.540615
3.497423
-1.957631
-0.2344568
0.709987
5.58305
0.03336452
-3.19527
4.214042
5.15004
6.603191
1.392046
5.102421
3.837113
-1.696777
8.070733
0.1832677
0.3787127
6.348601
4.782499
5.111804
0.5392036
0.9565331
1.314369
4.697706
5.914329
5.30404
0.4473211
5.744028
1.248102
4.833747
0.4488559
7.072408
6.105349
0.02888103
6.815706
0.1889819
7.161949
-1.202802
3.083618
5.104343
4.432402
0.3928679
5.150942
2.636115
0.09584841
4.479782
6.17743
5.097487
5.764825
5.27338
-0.744097
4.258189
8.993072
6.383788
6.234427
0.04033234
-0.01915408
3.884032
-0.875481
6.033441
4.35539
-1.044515
0.1676847
5.930948
1.051728
5.342699
4.327868
4.243
1.803184
0.1037603
4.460196
10.69236
1.351389
7.29504
4.718943
5.191133
0.6274837
4.518835
-1.003752
4.248864
-0.7397921
2.173346
1.133964
5.956465
0.880509
4.911003
-0.4363328
-1.284031
4.296327
10.00645
-0.8251439
4.475267
6.107655
-0.9392611
4.701497
4.469358
0.3729039
0.1081474
0.2828759
0.2274184
-0.02425191
5.9639
6.461658
5.897844
4.059213
4.276185
5.987457
5.717087
7.745278
0.2201029
5.777204
5.05524
3.478979
0.038174
-0.5592475
0.523097
-1.552246
4.403379
5.067598
-0.4397193
0.9030034
0.9499912
1.039775
-0.7482294
6.150253
5.586635
5.188421
0.6757898
1.747632
1.033385
4.028132
4.952898
4.459903
4.522099
1.159571
5.017118
0.5883506
6.04061
3.62656
0.2709324
5.791714
-0.02230235
4.082903
-0.6506639
0.376584
-1.051066
0.2667916
4.140889
-1.695569
6.048209
6.483417
2.46575
5.081105
-0.2298416
-0.3252275
5.436503
0.8914034
-0.8352611
1.551838
0.1851683
5.234433
4.942174
4.957317
0.3243659
4.78585
3.90693
4.64687
1.115557
2.804862
4.760986
5.884426
3.606824
6.183306
5.762968
4.689294
3.767854
4.033117
-0.8970615
-0.6450404
0.2517727
5.727773
4.330344
-1.743248
0.9689628
0.5074804
-1.216868
0.3001345
-0.9552009
0.00777165
4.287833
0.8024537
-1.466702
5.172281
3.680171
0.8296019
5.463709
5.609139
0.8958926
4.359875
-0.973987
5.266861
0.2305861
9.736136
-0.12222
-0.5309301
5.615425
-0.1877358
5.612175
5.377154
0.8763671
1.412795
-2.220795
3.15965
5.146861
3.17086
5.338383
