4.899212
4.047318
5.017462
-1.205144
0.01228045
6.72698
0.2904301
4.009548
0.380579
7.089419
4.825228
-0.07019082
5.643424
6.514011
7.378836
1.24541
3.475544
5.790426
-1.022006
6.067272
10.838
-0.01593538
3.389402
4.982666
3.974675
4.984347
5.378368
6.215262
4.151675
5.2729
4.473461
-0.4164887
1.120587
1.511749
6.459331
-1.534916
4.452051
-0.9399949
-0.213668
-0.4825977
-0.4133185
-0.6163799
5.352954
2.921377
5.036094
4.076793
3.040118
5.474133
5.761956
5.489807
4.935494
7.380582
-0.8069181
1.00731
-0.3134572
6.40694
1.431463
-0.4010551
0.03196537
5.170281
4.270057
6.794335
4.076741
0.06559238
4.684783
2.601536
-0.5196493
2.992844
3.422684
2.353057
-1.06055
5.901342
4.46766
3.88918
0.7201003
0.6932594
6.194913
0.3242782
-0.4621332
0.1893929
5.721784
-0.450217
0.9581865
-0.4915085
-0.7101766
5.801498
3.606765
6.485892
0.1080681
4.481365
0.7204906
4.091721
0.2137788
-0.2999725
4.071552
3.924755
-0.5884671
5.83431
3.625154
4.932486
0.5925076
4.882408
5.380571
9.78025
-1.254706
4.494275
4.959892
4.466309
6.526308
6.0447
0.8681207
5.079017
0.8417381
-1.951834
3.639957
-2.871698
4.424418
0.2217841
5.907412
5.965254
0.4128625
0.5467938
4.269423
-1.048415
5.491894
-0.5273833
-1.803399
2.494839
5.400199
5.069297
5.10205
-0.0118051
6.282084
4.564312
1.129349
4.457954
5.308094
0.1303699
4.639933
4.666293
0.3012354
6.076132
5.913815
-0.03790737
0.2874185
5.787675
5.787413
3.990977
-1.102504
7.582169
0.1557764
-1.151869
0.4635024
-0.317413
-2.01387
5.65693
0.3493056
0.7760356
5.714763
0.5511814
0.273817
-0.4096331
3.535234
8.674463
5.680026
4.469192
1.006422
4.908664
3.507438
-1.574354
5.065061
2.391467
2.723751
4.622449
3.902468
-2.197102
-1.270482
0.1490894
5.115078
-0.1709438
4.577445
-1.900927
-1.442864
-0.3133019
4.460449
6.189011
5.083436
5.450618
0.3396993
4.376321
4.21182
5.36329
1.42387
5.494036
5.23595
5.190899
-1.011214
0.7082751
6.144932
6.998532
-0.5574693
-0.8167736
0.9604966
1.969144
3.837195
3.316216
0.1282753
0.1418509
-1.094326
1.132125
-0.03212962
2.843189
4.650212
-2.27592
-1.082898
4.699684
4.027566
4.672797
5.641974
5.475637
-0.05392401
-1.046181
-0.4924785
5.653395
6.691374
4.930782
4.360054
2.684306
4.938217
0.1300204
0.8685699
5.354479
5.146259
-2.546479
0.4446446
4.495475
4.898971
5.966248
0.1423218
-1.052866
4.172391
5.120407
3.703303
0.2247888
-0.2763088
4.195783
4.311394
4.651172
4.929633
5.893605
