5.261453
2.264606
-1.464596
5.758296
-0.7396135
-1.040767
5.108903
6.686201
4.066053
4.862534
5.452519
-0.3802065
0.3620086
6.036331
5.035993
5.36944
1.166258
0.2451226
-0.2085025
1.188987
5.116745
6.212299
5.490008
4.179749
4.056272
-0.8079951
5.002354
3.008067
5.371672
-0.4361585
5.282294
4.868657
-0.2985746
-0.02414386
4.668254
4.801313
0.5847361
4.367918
0.08231422
-1.705731
4.51519
3.67784
4.16298
4.086483
5.539876
3.989373
5.415409
2.46155
4.878942
4.855388
5.018545
5.780834
5.008976
0.3003668
-0.4748512
3.608192
3.377165
-0.7004046
-0.9673872
3.94089
3.738477
0.4808881
-0.4716841
-0.1024488
4.481616
5.852932
3.686331
4.538212
6.230509
6.825187
5.331323
4.891824
4.904845
-0.3663728
-1.643611
5.081764
4.086471
-0.1435581
6.733842
4.581177
3.149535
5.765233
-1.33194
0.9136254
-0.9134763
3.661614
4.506672
5.496042
2.797201
4.650808
0.01588616
6.641017
4.320466
0.3063087
5.72442
1.187227
1.132114
4.685854
0.3778614
1.580402
7.062299
5.238493
0.821058
4.907214
5.548538
1.894015
7.071592
1.451938
-1.118679
8.401293
6.088409
3.942495
5.41928
5.43111
1.187603
0.8018627
1.573209
0.9388727
6.769213
-1.388114
0.2310377
3.673281
3.925504
-0.6457572
4.938643
3.930277
6.174586
1.488319
5.353621
0.3662294
4.856295
4.775955
-1.109463
0.9088215
5.158496
1.553441
6.859299
6.53702
1.058949
1.207423
-0.6472365
2.26794
5.195611
7.68598
5.338366
1.508109
4.59122
-0.2484008
6.943424
6.404545
0.803758
0.4055381
-0.17425
5.497349
0.6087211
5.336394
-3.344372
4.870377
6.633397
4.841382
5.94072
-0.1066243
-0.3515855
3.830691
4.806271
5.576647
5.364008
1.725106
6.719323
3.780905
6.101541
1.125423
4.504928
-0.29573
5.221059
0.6391654
0.6374872
4.052569
5.599651
8.510879
-1.727195
8.469196
-0.04937139
7.226252
2.422085
0.3822534
0.3926835
6.278592
5.297788
2.968626
0.1116901
0.811768
3.912493
3.300827
4.864768
3.943429
0.05234932
3.855195
1.623193
0.8066154
5.39935
5.375389
4.982294
3.017107
3.735835
0.3554894
5.740005
6.079397
5.169938
4.33286
3.936184
6.375628
3.601677
0.7028568
-0.978147
4.866458
3.093808
4.045532
5.163728
1.059882
5.92584
4.649668
5.85045
0.7767701
4.024537
2.289261
-0.6478169
0.797827
6.016377
3.773817
4.863137
0.4229772
0.7010339
-1.46599
0.5238541
-0.8965558
3.235334
0.8630509
4.22361
5.333138
6.122284
5.148976
3.324438
5.912177
3.90489
5.559194
3.88838
6.019903
7.796089
4.955105
4.180918
4.739865
5.492703
-1.165763
4.436286
1.001388
-1.442029
8.002615
0.9176525
1.723867
4.25832
-0.5908785
5.598606
0.7036062
-1.05138
-0.997467
4.63988
-0.1462134
5.625054
3.248115
0.1104007
0.8759382
4.29679
6.625071
10.30156
0.918439
5.512287
6.36061
-1.726078
-1.216161
6.108342
4.998283
4.309621
3.71403
5.923548
7.07888
5.302669
3.597094
1.155702
3.96826
6.112955
5.201125
4.966494
-0.4940366
1.621612
4.740403
-0.07570928
3.589036
-0.05800272
0.4214547
3.85001
4.327174
0.4182145
5.632036
3.886302
2.061458
4.141559
4.658563
8.179944
4.13298
-0.03788434
1.400696
-2.269803
0.3735401
0.9794966
-0.8955656
3.256116
4.73939
5.254476
5.861767
6.409133
5.325467
6.102769
4.662827
6.428699
0.1002489
4.123814
-1.277551
-0.3841043
-1.105063
4.10185
6.054139
-1.827903
0.9825411
0.415448
-0.4437095
1.145152
0.5000354
1.334791
-1.223186
5.692268
0.5176776
-0.4566112
4.430575
0.248027
6.5094
5.94565
5.275974
6.686068
5.538395
5.966809
-0.3862672
4.715294
2.543
5.944058
-0.6279763
4.904357
-0.1003413
4.755308
6.376679
4.961757
6.143382
0.66859
6.415195
8.169648
-0.3406731
3.769293
-0.3247759
3.545318
4.969481
-0.5342516
6.360491
-0.6768849
5.225141
0.4368171
5.312216
5.457246
4.603102
1.612942
0.5119471
4.25545
4.639957
3.52747
1.37858
6.092642
4.597317
6.13184
1.308724
3.371289
0.3090665
5.66927
1.063735
7.876334
8.329388
6.852902
4.895376
0.156471
0.3046393
5.036844
1.333634
5.545642
-0.1790862
1.621308
0.7884058
6.265613
4.681212
2.299728
5.891685
0.2072889
9.878486
0.5262874
3.462306
-0.3512124
6.140792
-2.25104
5.12718
5.704059
5.91197
5.906127
5.508917
5.02247
-1.164087
0.6568398
4.840433
5.28991
0.7156592
5.175642
3.756462
4.553641
-0.06530987
5.504621
5.454762
1.265624
-0.08073647
5.8171
-1.674649
6.441691
5.864881
-0.460761
5.342664
7.216455
5.622315
0.3978659
-1.676308
-0.3909973
4.611959
-1.013302
0.3620296
-0.3955976
2.562041
0.8614348
1.191897
5.172472
9.10724
0.1439192
3.314258
-0.6341589
2.862419
5.255659
-0.7067512
-1.287806
7.73035
-0.2739318
0.5784507
1.596005
4.990771
3.818296
0.267276
0.4851155
0.158643
0.3708547
4.515636
5.528186
4.125094
6.379702
5.113254
-0.09166095
3.633856
6.028636
5.848935
5.237936
0.8552839
1.523974
5.938229
4.407995
1.494052
0.5007835
3.518394
6.136431
-0.9425291
5.443829
4.766647
3.170374
4.543564
0.9739225
4.589783
-0.4920624
7.525862
5.259861
-0.6826414
3.69605
4.801064
5.311049
2.536355
4.238065
4.317564
5.269564
1.326909
5.199131
5.222439
-0.5475145
3.50301
4.89185
4.685549
6.829383
4.095723
5.799822
6.354976
-0.7630903
1.464202
-0.04326134
2.259961
-1.785099
3.0701
-0.6190854
4.85983
4.451089
5.125494
0.09705001
5.430035
-0.8876741
5.286907
4.951387
-0.04136794
-0.4364139
5.141391
2.469844
1.391153
4.136824
0.2345786
-0.6680842
3.89357
5.154347
5.340604
-0.254926
3.966003
1.092968
1.929726
3.134653
0.09211039
3.697098
5.502673
-0.7714393
-0.6066741
5.118641
6.472129
1.999324
-0.5339809
5.942603
3.435636
-0.07707475
5.194087
4.833393
0.6345581
1.221848
5.692621
6.096522
0.548641
0.4984922
0.3321804
6.490746
1.349173
6.054319
4.390951
6.835638
2.365884
4.422707
4.64118
7.811424
6.713387
7.766192
6.972534
5.606572
1.484835
0.3542395
5.675053
4.932303
0.2396748
5.409058
4.394441
5.655262
-0.1852161
3.686726
3.243686
-0.2042507
4.363262
5.21946
5.472509
0.7898558
4.685166
6.2048
4.592969
4.367295
-0.04664089
6.755911
4.687825
5.533717
4.461375
0.3314096
1.666594
4.820254
1.625105
4.471089
0.2767979
6.108472
3.275162
6.446489
4.759488
1.506394
0.1555801
5.129247
5.30622
5.066309
4.177642
4.790702
-0.4893347
-1.617261
5.415926
1.218593
1.184372
-0.8992136
6.450801
0.506896
0.1944236
-0.9743836
5.10205
6.080221
2.08568
4.009481
-0.8602169
-0.8226188
6.04604
4.791235
3.240296
4.18301
4.124858
0.01260676
1.186599
3.32959
1.249428
-0.5261619
-0.5152233
-1.308297
5.412351
5.981305
6.538714
-0.8275923
4.954931
-0.6427108
0.7676913
2.960455
5.084487
6.047696
5.560616
-0.01347322
4.523402
3.293946
-0.1564454
0.0540703
1.183601
-1.220674
11.76727
4.639814
-0.5794701
-0.520934
5.891944
-0.6029331
3.413724
0.008723907
-1.213484
5.750228
5.360196
3.255336
7.422197
-0.1103751
4.855521
6.338107
5.192983
0.6534644
1.45549
3.448157
0.3367664
3.793186
0.1082647
0.01156901
6.335979
0.3490605
-0.7626374
3.523359
5.887072
6.837197
4.678266
0.8138202
6.489417
4.593336
0.8322342
5.458264
-1.424799
5.307907
6.142004
2.896983
3.465647
4.989874
6.245794
5.003682
4.779955
5.3529
4.397417
-0.02341234
0.5580505
5.210766
5.87925
4.691426
-0.3987844
5.793414
1.167474
5.14348
-1.164863
0.3507503
1.548004
2.895012
5.069352
2.826063
6.684943
5.616621
4.980784
5.347728
4.267829
4.744288
0.1559711
-0.6534036
-0.4781641
4.822874
4.141718
-0.7827292
6.665339
4.003769
5.594759
5.182267
3.796313
4.770995
2.800913
5.204531
6.736952
4.197524
6.287276
-0.8223829
4.771882
4.424372
0.4412375
0.1454981
6.455009
4.31094
2.711646
0.5041233
3.901868
-1.197274
-0.8890197
0.04946736
6.285688
5.932849
-0.005492418
0.2679533
6.514718
-1.883387
3.204218
10.35089
3.820342
5.632262
6.792108
0.3166614
-0.1326617
5.063721
-0.842934
-0.5792869
-1.8264
-0.5950192
-0.586348
5.352604
2.303891
-0.5818578
1.84257
4.740657
3.563637
6.638748
3.893214
-2.593062
6.254649
6.373107
0.123296
-1.083688
4.806097
3.89995
5.471563
5.793248
-0.2962614
5.13966
1.320645
4.692035
4.810877
-0.3959989
0.75553
4.538385
5.524488
6.912625
6.533
6.247604
3.594386
3.850765
4.270843
-0.6873905
-1.213711
5.135067
5.591006
6.2438
0.1474799
6.923137
3.519535
6.334789
-0.02912673
7.066972
1.824357
5.963629
3.76166
4.713081
5.95203
0.09262392
-0.2894211
5.439568
3.324512
3.354083
3.863593
-1.199575
4.456363
-2.026612
-2.093073
-0.7830725
-1.382398
4.916691
-0.6550456
4.559431
8.204215
4.901974
5.393342
-0.323955
-1.47261
5.139628
5.140376
4.522784
4.649161
4.634841
-0.5695324
4.706594
1.114802
4.860322
3.755766
-1.052151
4.846119
3.309359
0.5551179
5.540951
2.105636
4.441986
-0.800134
0.797233
8.444094
3.948227
4.046429
4.670588
-0.1994233
-0.04639713
6.681856
3.926956
3.837834
-0.9742925
7.038442
0.6507303
1.241653
-2.216252
5.394336
3.967161
-1.112472
-0.05340363
0.6931991
-0.2638482
5.669608
-0.1657873
1.276463
4.032658
0.1877285
4.626473
3.981267
6.352576
7.450816
5.73654
8.949664
-0.4525441
5.007174
0.4170108
5.77341
4.469927
3.66588
0.6811836
1.384095
6.167327
1.536484
0.5637359
0.02022602
4.841924
4.6493
-1.047352
3.218852
0.6899206
-1.78741
7.611012
5.062174
5.923898
5.233799
5.313192
-1.081079
1.317473
0.3234572
6.290155
3.819363
0.7074426
4.757903
-0.9140925
4.310957
1.011346
5.220289
4.818528
5.066435
3.750022
0.7415311
4.848609
4.691224
5.027836
4.812891
3.428181
3.77109
0.426494
5.682953
0.3367746
-0.6430532
4.467941
0.8270874
5.280652
-2.369632
3.398861
-1.598073
5.366698
0.08054258
6.386993
4.312678
4.790603
-0.1668023
-0.2468418
5.777466
0.2905847
4.060801
0.8344571
4.658304
3.254541
5.287513
6.363812
-0.9048861
5.173745
6.488294
1.098267
9.939639
-0.4121532
-1.125004
0.02731209
-0.3181012
4.794373
-0.6389295
-1.00681
4.580987
4.358014
5.426577
0.4896579
2.658193
1.444635
-1.804199
6.472335
1.430276
5.352071
-0.6499549
1.0004
0.6484473
1.554878
0.1534587
5.441553
6.36423
-0.1235542
5.032133
0.2018608
4.811466
5.36714
6.39976
4.955356
4.439356
3.971376
5.069613
-0.4269341
5.130049
-0.937311
0.266941
1.476024
0.9501941
6.381026
0.30907
5.912075
6.244364
8.77737
5.749823
2.51231
-0.2486431
6.225362
4.622658
-0.2597841
-0.2382208
5.255279
3.933356
0.4250683
-0.8969988
6.40247
-0.8273241
4.164131
4.006998
5.667575
5.447452
6.511383
5.556212
8.943198
3.031004
-0.8332365
6.689695
4.498948
4.333576
1.151847
0.141074
5.892156
6.61387
5.81159
4.04757
4.824417
0.02777911
4.42233
6.233098
6.701909
1.127906
7.152827
3.538169
1.159955
4.866095
7.023414
0.1980721
-1.404448
-0.339107
5.281374
3.899405
2.369326
-0.2317976
5.286088
0.860198
4.300592
2.617842
4.276769
5.083753
-1.286284
3.879898
1.007781
4.148291
0.5855196
4.366508
6.306248
5.574415
5.609073
-0.4305669
-2.368288
5.160098
6.20797
0.1641669
4.702883
-0.1049879
-0.02291051
-0.5853351
3.25953
4.072252
3.663306
4.080098
2.320211
1.453935
-0.3064289
0.8003532
0.8896395
7.649779
5.071044
3.653383
0.0004551647
6.530399
2.395046
6.16178
0.5222805
3.935999
4.527435
0.2574355
5.731591
3.791557
4.095475
-0.5454736
4.837078
-0.02702879
0.7873487
2.993019
5.222997
5.368824
4.74692
4.482861
4.779341
0.7692872
2.053749
4.526985
5.430736
3.491712
5.388098
5.2972
3.916392
-1.648019
-1.005237
4.301119
5.282022
4.919952
5.558665
-1.537419
6.616245
4.5926
3.094073
-0.6107841
3.13317
4.523253
7.964996
-0.4861368
3.740094
5.925141
2.934773
4.4623
2.718867
-0.1252662
0.7570619
0.2724579
6.279019
0.8750941
5.029856
4.786363
4.164126
0.3300477
-1.029406
7.09067
1.264608
1.765311
-0.4665967
4.068029
4.132622
0.5435746
3.268525
0.04714456
4.200354
0.4268559
-0.1684306
-0.08151203
4.64117
5.276928
5.684096
0.3188505
1.773669
0.1418701
4.45111
0.4765386
-0.1566179
-0.9685468
4.435826
5.471851
-0.44838
6.554854
0.2125088
6.715456
4.988948
4.980748
1.442458
5.79928
4.848305
0.5234417
4.497298
5.396679
6.075957
4.504201
4.071471
0.7903989
-1.794206
0.3639243
3.09301
-1.090439
0.4045618
3.399105
0.3497955
3.517046
1.389717
0.7774955
5.79738
4.510727
0.1374036
5.400235
-1.403283
4.196911
5.203064
4.213822
4.406099
10.32274
2.946153
3.72877
-1.860074
1.426699
0.5548168
-1.342419
1.873114
11.21887
4.677518
-0.4098431
0.8888325
-1.070674
5.729399
0.7362287
-0.5849349
0.04218919
5.635957
2.331753
5.864759
0.8633301
4.387048
2.421472
4.930143
4.022408
-0.7545862
0.5899958
0.4470771
0.7065978
0.802687
3.451462
4.642632
-0.7791768
4.468818
-0.02133639
0.6249309
5.440069
4.218232
4.739994
-0.1322383
3.836982
-0.6797059
0.3957913
-1.45314
6.390119
5.337491
-1.37533
4.757467
-0.8475358
5.245104
0.6761287
0.9997816
4.468501
6.708245
-0.6839698
3.681634
3.279635
5.869579
0.1555544
0.3593029
3.982106
3.181931
-1.506508
2.000275
-0.1143579
5.287507
0.01267219
5.510656
-1.738704
0.7982137
7.034113
0.7793568
6.570648
1.09129
4.592887
6.010903
3.011275
1.044728
-1.154299
1.213006
0.185438
4.455155
4.461853
1.323718
5.802601
6.075906
4.208699
4.945017
-1.765951
0.1895884
4.543643
-0.530806
3.922362
-1.065038
6.659415
3.654601
2.788111
4.968668
0.6266282
-0.3676593
0.9788559
4.572858
-1.211258
4.5184
-0.8581503
5.729083
2.075825
5.213592
5.877908
1.571987
5.476912
2.780761
-0.5871385
6.742721
0.1654612
3.857904
-0.8221712
0.3189289
3.450309
4.758546
-1.370776
0.5213166
0.8356076
3.749655
3.656342
-0.1508717
4.006322
-0.9160589
0.02377206
4.599944
5.601464
-0.2354879
5.760815
5.11624
5.028393
-1.88737
0.02626056
4.602874
-0.8232252
3.344858
1.590302
0.6012084
3.871639
0.0952797
3.874394
-1.343802
2.862702
5.668191
2.823631
-0.4437634
0.5697246
4.923328
5.543687
0.8834811
4.370056
2.31481
3.487817
4.548319
0.3512991
4.211848
6.936081
5.918699
3.864789
1.104736
6.769326
0.8481193
3.619915
4.961982
3.499479
3.879808
3.98801
5.283463
3.916609
-0.6002129
5.164581
0.4407876
0.4538922
-1.373004
3.454337
4.102223
4.158882
6.57994
0.6802574
-1.101956
4.742477
3.758867
6.65335
5.250224
5.30631
-0.05548103
5.706215
5.308741
-0.1296828
4.956915
-0.6574707
4.0943
4.66449
-0.9745173
5.74582
3.192343
5.957178
6.19568
-0.9049722
4.301464
0.776477
-0.7444387
-1.45014
3.702435
6.019404
0.5139419
1.829042
0.8973218
4.979789
1.925239
4.817077
2.349595
6.105324
0.2099833
5.054653
-1.211868
5.065976
0.1080108
5.566877
4.910213
5.04066
6.081581
-0.7690513
5.155186
5.775333
4.493861
6.156344
5.938905
0.1403327
-1.328839
-0.9057913
5.281054
6.109804
0.7479454
0.2376237
-0.5730847
11.26197
6.160612
5.638462
5.797253
4.687089
1.472458
5.835774
-0.6752774
6.220957
4.76862
0.6057903
1.16876
4.83801
1.57953
5.510307
4.136038
4.824797
-0.7229006
6.730247
-0.550746
4.757643
1.135955
4.7333
2.454376
0.3205431
5.379633
2.532237
0.7166314
3.601402
5.334001
4.863317
3.994608
1.385108
5.365441
7.69003
5.973959
6.159082
2.096844
6.04023
0.8360053
4.736134
0.1271934
-1.188322
5.390499
1.52562
5.936455
5.537696
5.823515
0.07913531
0.4571569
5.54292
1.267799
4.564554
5.767714
-0.9024854
4.308619
0.4153948
3.16736
5.468641
-1.156917
1.298767
3.109461
-0.5519268
5.304977
-0.4797093
1.571529
-0.8833967
-1.194113
4.377112
6.842856
5.828631
0.624575
6.10378
-0.3328951
0.2820707
-1.805327
-0.2046463
6.068443
4.81929
-0.7118686
7.290328
4.772182
5.155247
4.77674
5.360119
5.756971
4.163858
-0.5610338
-0.9503622
5.401908
4.715959
-0.4659953
0.9202133
0.7454339
5.147667
-1.036954
5.750585
0.4215618
3.455589
-0.3498455
5.432427
3.182649
4.489032
5.465786
0.5416039
5.308756
2.003213
0.6499293
-1.010588
4.891255
-0.2871069
4.968742
0.5306029
-0.2359902
5.004725
4.314744
8.387856
4.957074
2.484715
-0.6164214
5.958163
3.657966
4.934781
-1.732558
0.3598505
5.570369
7.986865
0.4764254
-0.7854246
4.195697
4.022209
-1.403889
1.476147
1.284401
1.316851
4.532732
4.661519
7.044695
5.720813
4.218429
9.478364
-0.311617
4.04174
1.040083
3.638479
-1.386307
2.134765
4.114014
5.115266
3.944747
-0.1461506
0.01729113
2.141447
3.918571
7.494476
-0.03541663
0.2051094
4.450264
1.930252
6.069684
5.492802
1.314964
6.027412
0.01317097
6.128245
-1.030829
-0.6255867
4.380378
6.22914
6.836119
6.196618
0.2293473
4.688514
-1.225501
0.4653152
3.900412
0.2459231
2.659497
0.5410495
0.2045725
-0.2068431
3.193161
-0.9581734
5.131174
0.1358155
4.081687
5.069486
5.558923
4.496987
-0.3185508
4.784966
-1.131744
5.029131
4.59967
4.770963
0.2459857
4.913107
2.837609
10.19999
-1.702699
5.758178
6.164392
5.829458
-0.2451215
4.591292
5.077145
6.601324
0.5795874
5.037758
4.279592
2.529568
7.03575
4.243661
-0.4817977
-0.7848029
0.3727148
5.146184
0.5694449
4.479982
2.568118
5.272517
5.657942
5.99755
5.005606
5.476735
7.439109
5.542764
5.862523
5.700498
5.455364
4.378046
-0.5342227
7.040374
1.305115
4.737717
-2.013337
4.971235
3.117437
7.261823
3.098469
5.657137
0.6626091
0.8145271
5.331415
0.07959418
5.567588
5.266628
-0.2115436
3.772287
4.767822
4.209176
5.254441
0.05346694
0.01916111
2.868811
7.807053
4.69043
-0.3778373
5.542823
5.480637
0.9608418
0.1789195
4.188923
4.772649
5.565159
4.664321
5.383389
0.5426067
5.693888
4.208719
1.033523
5.24766
1.204008
-0.9252389
3.475087
3.795599
-1.886811
3.131023
-0.04761454
3.605442
5.352374
4.583431
5.549081
4.536007
0.497427
0.5908871
5.808263
1.677026
2.114639
5.379068
2.491068
-0.3082379
0.4913803
3.456851
6.955366
4.027693
0.9664641
5.974698
-1.485112
6.229863
1.605762
3.274389
0.3144094
4.549488
0.023739
5.601157
0.8673285
5.180144
7.276868
5.007544
5.69726
-0.3363785
6.310545
0.3288664
3.707844
-1.712917
-1.186803
4.424834
-1.032018
5.559997
-0.6097146
-0.3855971
3.777329
4.347329
3.663345
-1.793821
0.2102602
5.489231
6.284244
7.546132
0.6614415
0.8569046
5.084123
-0.5628348
3.094415
-1.039599
7.882902
0.2300498
3.709338
5.776388
3.919856
1.6237
0.02241591
-0.7931848
5.974056
-0.6687783
4.400893
4.176488
-0.09091485
0.4450151
4.724427
7.168239
4.536895
0.9789912
0.7474548
3.49852
-0.0610459
1.609401
-0.7866496
7.300799
1.293229
4.868195
-0.015333
1.278003
5.417521
6.954119
-1.109842
3.347322
3.349744
3.533773
-1.589219
6.563308
5.51635
0.1447474
4.64613
0.993014
0.2460218
5.35398
5.30671
3.598854
5.509952
0.1759305
2.721178
4.431341
0.06968966
2.095275
4.776426
-1.74331
9.923888
-0.6889811
-0.1580395
5.598743
5.794456
6.430759
-0.8347348
3.62568
0.7018902
0.464873
4.204064
0.6584533
3.592614
5.223834
-0.2139366
4.20912
-1.012067
5.461184
5.079976
1.027721
5.877197
4.879432
-0.05670841
6.23384
0.07831762
1.679304
4.386258
2.20891
4.426053
0.1146116
1.255507
5.007425
4.791734
5.188775
-0.6119201
4.909314
0.06527988
0.8195615
5.13362
2.850525
-1.184637
0.0168012
6.701347
-1.861436
5.452982
4.954656
1.524017
6.106052
4.074044
0.9002772
4.658594
4.589861
4.500767
6.689333
5.641057
-0.06505579
-0.4711011
4.557986
-0.09664625
3.671343
0.6832564
5.553416
3.740677
5.632477
3.820831
1.126831
3.712701
0.305633
-0.08926872
0.1342903
0.5244474
0.7634496
5.505111
4.291074
5.274565
6.256482
3.438217
3.656545
1.4179
-0.1512454
6.210752
5.045941
-0.1411994
-0.678553
4.138446
-2.11208
1.47443
-0.09423468
1.335361
-0.3050979
4.280739
0.6375837
5.259943
4.332667
6.433537
4.722646
8.461237
-2.379887
1.405002
0.6056845
3.930086
7.125583
1.486663
0.3982863
0.2277374
5.568491
0.8281663
5.756444
5.266515
-2.386865
8.107912
4.787411
-0.7516003
-0.358259
0.1251711
5.307525
5.863018
8.07843
5.453706
-0.0416292
5.301055
0.5284251
4.241921
0.6909528
2.864729
-0.8330975
4.754425
-0.0404333
4.84744
-2.38332
4.574258
-0.4453935
1.78547
-0.2902382
5.48388
-1.826544
6.90124
-0.4122932
4.539691
5.973898
-0.2046161
-0.5461519
3.752228
0.7266465
5.23259
1.094099
3.671556
4.648695
5.665813
4.956359
2.624988
4.186292
1.24752
6.82374
5.877942
4.114807
-1.710529
7.271555
6.933221
3.252259
1.041336
4.863994
-0.3938705
1.502343
4.914237
4.223738
3.080658
-1.001026
0.8565872
7.265473
6.406755
-0.9407115
5.499217
4.644808
7.749218
0.5900913
-0.4604494
5.874573
-1.045297
-0.2355733
4.077855
5.472672
-0.3082004
1.523112
-0.3687585
-2.333902
5.980108
0.152173
1.557152
-0.1271158
3.595336
3.752703
5.174119
2.870175
4.01181
-2.091937
3.496292
-1.096598
4.835591
7.953627
4.47466
-1.204788
4.07555
4.618702
6.44421
3.911456
5.077446
4.017798
5.685229
-1.930182
0.5098697
5.312417
-0.3316494
-0.3444712
6.763935
-0.8612362
4.891181
3.415006
4.747386
-0.4799686
2.322985
-0.5347609
-0.7802344
1.198612
0.1573037
-0.5713152
5.283871
-0.3703276
5.043557
-0.5798458
4.707602
4.181726
4.990798
-1.270061
4.852104
-1.3704
3.99825
6.086898
5.7505
1.162596
5.349309
-0.6586008
5.231138
3.693268
-0.9444916
1.41155
4.744954
-0.2015329
0.7125605
1.168462
0.3545937
3.174989
0.2433175
5.115688
0.5922798
1.278556
-0.8963915
0.5653557
-1.695771
7.810391
-0.06775827
3.720012
-0.5729521
-1.079558
3.013393
4.444481
5.279221
1.232687
-0.2655355
4.395826
5.193725
4.427757
0.3874011
5.767714
1.887391
0.587351
5.172339
5.005673
3.263084
5.611732
4.908303
5.227328
0.3420933
6.725381
3.840552
7.158237
4.54731
0.8172064
-1.256924
3.821362
-0.8504618
0.882463
5.243328
9.386193
0.031047
4.489356
-0.8706867
2.095962
6.746794
0.46829
4.535968
4.830743
4.925309
0.2769674
3.649682
-0.5733393
4.437777
3.403602
1.096813
6.495852
0.006745408
3.740899
4.167155
6.544153
-0.1781661
6.442719
5.636228
-0.8564556
5.290639
4.809231
5.386696
4.623431
-2.321624
3.20345
0.1059595
6.458035
-0.464303
0.993319
4.761507
1.283941
-0.1175304
4.03016
3.414087
5.620363
1.078675
5.209187
-0.8462095
6.361215
-0.614754
4.539335
4.534527
0.7387875
3.606098
0.4124986
4.042646
0.4836238
-0.107777
5.100769
5.428098
-0.1518569
4.094504
4.52993
-0.6802381
5.247816
6.2205
5.384308
2.71114
5.587313
5.682065
-0.9142223
4.695008
-0.9999346
-1.184502
4.763728
-1.296249
-1.871306
0.7823337
-0.530156
-1.079815
0.0437444
1.347899
-0.6285103
1.068687
0.7797923
9.339069
4.325407
-0.01396649
-0.03495942
5.49757
5.162892
4.377802
-0.667446
5.057859
5.431975
1.119733
5.019224
-1.158317
6.548412
2.105866
3.558877
-0.05855591
4.459872
3.936683
-3.424364
3.804372
-0.7863199
0.01835073
5.41399
4.687363
5.241115
-0.4924307
-0.1472283
-1.306463
-0.3601243
4.043474
4.910773
8.664905
0.6599107
-0.2677343
4.997183
3.380605
0.4305918
5.583174
0.1119234
2.24799
0.3875519
0.5375408
2.892662
-0.6291347
5.030795
4.358356
0.4641016
7.800905
6.44602
4.64644
5.324237
6.763422
5.826226
5.687639
4.655904
0.7107126
1.218332
3.522923
0.107733
-0.2237132
0.8421485
6.42546
6.561291
4.091619
5.038963
0.4326548
13.05564
5.512142
8.018731
3.86917
5.744801
-1.170182
5.546043
6.44442
7.509996
5.769742
0.1116508
5.61781
4.989177
5.009485
-1.853775
5.344458
4.750473
-0.376796
4.912814
5.538447
4.530632
2.249564
4.651095
4.521787
5.290565
3.050221
-0.969085
-0.6281524
5.71018
-0.7830537
-0.7059568
-0.2880065
-0.4959827
0.2091417
0.877233
5.533857
8.47907
-0.002054232
-0.6988016
-1.425268
6.110163
4.379377
3.550326
4.179936
-1.707634
4.217901
0.7959441
-0.6235695
4.254618
4.529085
-0.5463446
6.896603
0.5736154
8.559619
7.821457
3.892891
4.668446
4.615433
-0.3770689
0.3824132
6.274085
5.740963
4.620566
3.806449
-2.734201
0.3394331
5.882394
0.6731189
1.647541
-0.7089427
-1.41372
5.799716
1.103368
-0.2528709
-0.4397806
6.335508
-0.8223963
1.056235
1.374827
2.492119
4.509873
-0.966996
5.147601
1.548585
-1.223387
5.252516
-1.215809
-0.8576621
0.642966
-0.109074
5.598349
-1.586452
5.024975
0.04256581
5.223536
5.11716
4.268608
-0.6357735
3.740256
3.761063
4.524727
5.922039
-0.2165847
3.391892
3.780769
0.3636223
4.345876
0.1926069
-0.2984982
4.405944
0.9033539
6.736761
1.393717
3.706322
5.337433
5.666599
-0.5378392
4.326554
1.532968
4.689985
1.334227
-0.4659938
-0.8206971
5.037205
5.773937
4.42463
0.6276584
2.768992
0.2948837
0.7873625
-0.1651842
9.513494
-1.041021
-0.01957878
0.03396667
1.214085
4.854334
-0.2533368
5.544521
5.149705
8.787835
7.182666
5.777501
-0.1915352
0.7730399
5.338282
4.387205
6.985434
0.1872263
4.949034
-0.9995279
-0.1298087
-0.07087296
0.2351057
0.6468491
-0.3113353
5.399711
4.454534
3.84396
4.649699
-0.3163377
0.4845898
0.4766695
-1.858739
0.6864793
0.5534191
0.2870547
2.175259
5.024229
-0.5384399
4.780472
0.003774766
5.045275
5.514349
4.309959
-0.9682046
6.647692
6.224812
3.891238
6.600208
4.601073
4.398706
1.351599
2.783049
0.2458524
-0.1590741
0.433518
3.977419
3.28745
4.866083
4.698867
6.116229
4.508673
3.19569
5.467082
5.200855
5.050794
0.5370334
1.847641
-0.9079674
4.616729
0.6252459
4.007368
2.793265
2.676692
6.667708
0.6230969
6.890645
5.64691
4.329035
1.018313
-0.7310213
1.583596
-0.9668408
4.490359
-0.335688
5.986167
0.9322781
0.9928042
1.024777
-1.577216
1.085643
2.830895
5.676055
-0.36128
-1.764326
3.839641
4.60302
0.1982543
4.87913
5.553888
1.380614
8.803416
6.229405
4.882448
1.601987
5.93567
0.9753509
4.915075
3.622801
-0.8078778
2.882656
4.757083
4.589587
5.161702
0.8560133
-1.321634
0.6355037
5.858402
8.835058
3.425863
5.618236
-1.004835
-0.5523893
4.236072
5.48263
6.680743
4.9989
0.4904972
-1.078096
5.580065
5.005781
5.674075
0.530389
0.7536685
6.602026
6.066162
5.445521
5.022015
4.403135
6.287021
4.483793
0.919532
-0.2240797
5.411137
4.509212
-0.2539223
1.189895
4.549155
5.143067
-0.2881431
-0.209085
-0.5035216
6.299532
0.8306249
3.678151
4.573324
0.2634989
3.776315
4.882106
4.027553
6.067917
3.228389
-1.552558
4.154484
6.142118
1.033641
3.700539
0.8579439
4.262871
-0.0925161
5.545667
4.995121
4.108624
0.9357779
6.685303
3.208193
7.556232
4.448823
-0.2657748
2.733635
6.828121
4.920392
4.188566
-0.3590804
7.733044
4.905314
6.060478
5.79705
6.47427
-1.959417
-0.1687522
5.844105
4.918617
4.312354
-1.305873
1.06146
-0.08740864
-1.032503
5.419215
-1.459538
1.647376
1.726917
5.607558
5.471943
6.427522
7.525128
4.788479
3.984297
-0.2675516
8.069092
5.444414
5.244174
1.587458
0.1021671
0.3561148
6.027904
5.195687
1.539999
-0.9897307
4.089398
0.9886568
1.8307
0.6430689
6.720282
5.899853
4.476053
-0.0828443
5.808445
-0.1097724
5.463827
3.928338
3.592858
5.026642
0.8062859
4.026998
0.3458062
7.764847
-0.1128309
7.041051
1.129437
7.696618
5.787874
-0.006561851
3.487049
-0.265508
4.411829
-0.7082467
5.563889
6.059623
-0.893845
10.23433
0.7822826
8.386432
4.951163
0.8000767
4.75393
4.91337
5.387138
4.535888
4.824445
7.263687
-1.500464
4.961695
4.342786
5.211205
0.01908057
5.833082
4.922297
0.6915073
3.611401
-0.7039221
0.8865526
-1.10758
4.714766
6.201705
4.756455
1.90482
-1.909964
5.891197
6.525714
-1.018755
2.678952
6.295771
1.587433
-0.3818737
-1.124102
6.586348
-0.007863144
2.824632
5.538761
-1.542317
-1.388037
4.709964
4.800547
-0.4675122
5.228862
6.228163
0.1104044
-0.6912894
5.318014
4.236569
4.705939
-0.02308846
0.9186719
3.929199
-1.174043
5.169797
-2.407321
5.183811
1.908163
4.899357
12.53067
4.958079
5.262796
5.23437
4.703604
5.492787
4.236647
-0.2654931
3.87515
1.000245
6.023402
1.204227
5.099816
-1.560288
0.6248126
1.579
4.765615
0.7793879
8.879902
5.223391
0.4245015
5.121296
6.561065
6.345969
4.931614
-0.5243847
-1.019744
0.5606814
1.202804
4.647516
6.734258
5.142427
6.283894
-0.5200181
4.083642
5.361002
-0.7705664
3.877012
5.882815
6.256141
6.241906
4.840808
4.554147
0.3137175
0.3894871
3.516429
5.743979
5.054284
1.348896
0.9770895
1.015519
1.624537
5.951693
-0.5771968
5.865325
6.32824
0.1069775
-1.163476
-0.8429427
3.767008
1.27812
5.11419
2.781849
4.606252
0.1805425
5.134631
5.989258
5.839961
-0.1447236
5.398373
12.84621
-0.8632818
1.077377
1.076459
5.345777
4.377928
7.628679
3.732777
2.667044
2.773399
4.013784
4.012578
0.2886391
6.134124
-0.8789652
4.593059
5.061124
1.094181
3.608103
1.982692
5.172791
-0.8235726
6.48939
4.279592
6.835337
9.256545
0.506259
4.786781
-0.02909648
3.970992
-0.521917
6.595354
3.107898
-1.892978
3.744436
0.02053754
5.803316
5.69586
1.462031
4.833615
5.681444
4.949976
3.279834
3.487478
4.724426
4.844377
-1.029694
3.559412
-0.8200286
-1.968549
5.24391
5.680232
4.019259
6.644712
4.085994
-0.03728604
-0.5054936
-0.5993104
5.406072
5.179027
5.488713
-1.971775
0.2170798
0.6715482
6.166146
3.734753
6.397788
4.370547
5.474066
2.62447
5.609622
1.154001
6.321809
5.514873
4.289273
0.9782597
4.420591
4.348362
1.589401
1.792799
-0.6539758
5.836232
-0.4174453
5.736598
6.31204
4.016511
-2.889509
-0.5476869
0.6320741
0.2053855
-1.322888
2.701658
6.597972
4.873173
-0.5213474
5.511763
-2.150377
6.450705
5.157589
6.492654
0.8315199
-1.528888
6.013095
-2.044362
4.785374
1.373743
-1.858372
-0.3374758
1.074437
0.665853
-0.8827331
3.557162
-0.05492125
-1.84179
4.583035
-1.041153
5.813577
3.98328
-0.5629138
0.1118108
-0.06304763
0.3733184
4.20714
0.7927749
5.137233
4.484098
4.109025
6.159019
6.390821
4.912787
-1.460032
0.8306854
4.61172
-0.2477675
4.826666
6.048234
4.674483
4.650923
4.577145
4.519973
-0.7232211
5.911824
4.424288
0.5528878
4.527763
3.189937
0.3630591
4.753745
0.01059765
0.8180553
4.226774
5.160582
5.049065
5.061277
0.7423998
5.633471
-1.502765
6.104367
1.78515
3.06781
7.370251
-0.1999228
4.605802
1.028183
3.446612
5.340879
0.2035094
-0.137882
5.744264
-2.216183
4.856373
5.031854
6.14578
4.628322
-0.5767296
-0.7609453
4.536791
0.4953531
0.04546435
7.211923
-0.8406336
0.4383941
0.4008915
5.514374
5.152863
4.108634
4.074284
0.7683167
3.960244
-2.01903
3.452648
0.7394143
5.033296
-0.1018801
6.236809
4.446524
4.793511
5.465659
1.590024
5.642249
-0.4362813
5.32971
-0.793986
-2.183658
4.262619
4.013738
4.561491
4.836984
8.830975
4.746203
-0.03511227
4.551723
6.163867
-0.1914449
4.130832
5.103045
1.295761
0.4781149
4.066809
-0.8429628
4.627282
4.877511
4.805581
4.259122
-1.104559
5.844195
4.604811
-0.8164653
0.84243
3.632271
-0.8909759
-0.3168045
4.242943
3.634667
3.141304
6.278764
4.501656
-0.3221095
0.601149
5.404512
9.509359
0.5355313
0.7116191
5.990108
0.6648662
4.847605
-0.6935758
5.556968
5.308848
4.348102
4.593452
4.230152
-0.9529676
3.35952
4.217209
-0.7097951
-0.5921252
4.203343
0.9610262
1.375639
0.3324238
6.695503
0.3349311
7.994519
2.72453
4.459009
-1.672379
2.806004
4.771601
-0.3447585
-5.027402
7.101064
-1.486832
-0.4629116
5.481192
-0.5178969
-0.2063568
4.560773
5.118227
4.457477
4.12122
4.131223
1.016523
1.067414
7.753017
-0.7955106
1.877132
-0.537527
0.3520252
6.236784
5.469528
-0.6133679
-0.4133806
4.327539
-0.09187112
-1.80146
3.837347
3.730604
4.842154
-1.255481
6.110195
7.600919
0.6061699
5.551931
6.10773
5.176096
0.2727118
4.53112
4.793047
0.3234508
5.796698
4.86214
1.36731
-1.3814
0.6509581
0.2453937
-0.128014
5.344968
0.6287849
-1.014633
2.389591
4.084761
1.710348
1.027473
6.381517
1.683138
5.318034
2.289352
1.814098
4.894225
-0.420014
4.200521
3.340508
-0.2748286
5.241366
-0.004531032
-0.6837462
4.096152
-0.5344569
4.829841
6.027081
0.02361058
3.914798
-2.117912
-1.55796
5.76617
6.098879
2.775681
0.2722984
5.109051
-1.865266
7.252969
0.03781814
5.832549
4.673583
3.282951
-1.146214
-0.7009444
6.29592
7.940403
5.552885
5.312115
3.667135
0.5122611
4.209524
0.1400283
-1.040208
8.147095
5.505951
3.300942
4.631332
-0.01755823
8.142418
4.76185
0.205688
6.152349
-0.1776941
3.413185
-0.09201478
5.733834
-0.4501235
4.148088
5.225245
0.2011042
6.68802
0.1562324
4.500023
-0.3777656
6.66427
6.374525
4.232992
-1.803218
-1.452334
4.969597
0.6414112
5.313375
5.718531
8.108036
0.02374976
5.244004
0.3634034
6.006279
4.92234
5.026915
4.393098
-0.3641909
0.3482143
6.240496
0.138801
0.6944663
3.798326
4.839124
5.259849
4.528415
0.3911168
-0.6340249
10.37822
4.555884
4.173529
6.021484
0.5273933
0.7277498
6.169173
4.278681
3.105639
4.647485
-0.9804678
-1.837449
3.882739
5.143081
6.111503
0.1240415
4.486037
0.3957235
-0.264067
3.699505
1.275968
4.722433
-1.221976
-1.975234
5.187338
3.314779
4.278685
4.618403
6.192476
6.227619
5.1774
6.065923
8.162755
1.207353
-0.9879761
4.988668
-0.1144637
5.819343
4.622318
5.367015
0.8230932
4.870326
0.284498
1.585144
5.675574
5.271933
6.684145
9.412907
5.276453
-0.03191675
0.7921087
5.944491
0.6673388
0.2635698
-2.32032
-0.0939286
5.22232
4.415076
-1.458544
6.947651
4.044538
1.24318
0.6135942
0.5993209
-0.7052351
-1.79207
3.495184
0.3881418
-1.022557
8.396683
4.276141
0.3624162
-0.453725
3.642463
0.8684331
-1.05474
-0.7387075
2.630772
5.179067
6.209704
6.051616
5.19045
0.09175684
2.833846
4.950388
1.530726
0.348985
-0.9297538
-0.1213433
4.827382
4.083817
-0.01449228
8.363819
5.163963
0.647797
4.728758
1.558596
-0.7549733
-0.8408849
-0.2101228
5.855815
6.248993
5.124637
-0.6015761
6.838196
4.860682
-0.798801
-1.042743
0.2789571
4.527113
5.954311
5.360895
5.53072
0.6072144
4.521153
0.8650629
5.93878
5.159631
-1.981915
0.5159469
4.207952
0.6817001
-1.360242
0.9126503
5.60072
6.951341
0.2711008
2.764434
4.846372
5.894567
4.799641
0.1188255
5.043732
6.139556
1.552954
1.146118
4.169155
5.960586
4.340331
-1.522041
4.727803
4.98944
7.331416
-0.3977568
-0.7410906
5.727736
4.245321
1.189553
0.3245405
-0.3794237
4.114636
6.646543
1.174762
4.602716
0.7175789
0.7013308
-3.535758
0.6000166
4.819137
0.6541407
5.159096
-0.01392753
0.4029482
5.731854
5.272052
1.034713
1.434263
1.754611
1.357226
0.1328193
5.303787
6.697988
-0.2912276
0.82772
5.540632
-0.02491967
-0.3602795
4.747116
3.720816
4.871771
-0.5748814
3.190975
-0.04130351
-0.2655208
1.792766
-1.493607
4.592775
7.902799
0.03610669
-1.595483
0.2290783
5.89647
-0.7748067
4.941869
3.791795
-1.306549
1.518418
-0.1178417
3.958272
4.999208
-0.4432464
1.991753
5.674671
2.625172
5.446143
5.244776
4.608614
5.303158
-2.117673
0.7437708
4.412416
0.9944023
4.431456
2.378389
4.455736
2.357952
5.657061
5.843681
3.715158
-1.38052
3.599071
1.771522
3.535384
6.069477
6.046895
4.07652
0.2823894
-0.8479869
4.249593
5.188229
6.191003
0.08103312
0.1274446
-1.125013
5.073709
6.796733
6.136251
6.39825
5.427322
1.35164
0.9806772
6.527444
6.112012
0.1091786
-0.4594966
6.048102
4.11953
4.28029
3.43232
2.878535
4.918206
4.762047
-1.611216
5.179915
0.6794759
3.769902
0.6925112
4.761465
-1.036604
4.213697
-0.2648715
4.38556
4.953996
-0.4525892
4.13028
4.210038
0.2704381
4.342407
-0.8934059
-0.3927172
5.412919
5.816409
0.7164031
-0.2681714
-0.07702258
3.510196
-0.7091331
4.341465
5.450876
6.078482
6.618584
5.125157
5.186081
2.221941
8.975924
5.128672
5.296659
4.330371
5.676219
6.998119
3.85739
-0.2695674
0.3236715
4.50679
5.328304
1.489767
3.423738
0.1024635
5.647893
4.744518
3.029638
9.21328
4.527445
-0.1707031
0.08887213
6.804297
4.764556
9.322028
0.1238598
6.223292
-1.69292
2.916082
0.1594403
0.4226659
5.103473
3.75964
4.29648
3.513646
5.80036
4.499652
-0.8717607
1.939648
4.554426
-0.447874
-0.2384277
1.403229
4.054751
6.320175
3.910609
3.694497
4.311651
0.4073201
4.066563
4.321539
6.751311
5.365679
-0.0350375
4.36489
5.40802
4.330605
6.258733
2.571868
4.461098
5.117
-1.099303
2.201077
0.7760528
-1.17404
4.24333
-0.04060783
4.778398
-0.5552386
5.0245
4.378115
6.471704
1.523442
4.985193
-0.07971104
-2.716402
0.01707713
4.214118
5.608459
3.55464
6.684754
4.511942
4.249801
4.358482
-0.2643101
0.2486375
0.9119132
4.722845
4.745487
4.554465
6.706907
4.336122
5.621831
-0.3596953
-1.450022
0.6131333
5.0168
5.127751
5.134074
-0.08382849
1.049064
-0.8434181
5.600985
1.044683
5.359448
2.873359
3.162527
5.45989
1.386188
3.78586
-0.2815619
3.880885
2.116273
4.75236
5.023709
-0.3008566
0.6277934
4.180201
5.193679
-0.2596542
-0.4339522
5.320164
4.785909
5.490436
1.001624
4.14756
-2.778648
2.734081
4.714416
0.3466052
5.115945
2.017129
1.066419
5.121388
-1.548753
4.358644
0.4449768
-1.583301
0.2416502
1.492564
4.448352
-0.3063542
3.375082
6.612946
5.091646
6.343281
6.650972
6.595803
5.443437
1.556806
3.716627
4.592706
0.8568837
4.52539
-0.8974938
4.282993
-0.03845662
-0.4349782
2.704451
0.3595755
5.545042
5.522919
3.728431
3.898345
4.213743
5.423442
4.244733
0.2293215
5.714612
0.1302919
-0.1618337
5.973507
4.037564
6.646455
-1.232128
4.189096
6.210469
5.01588
-1.086534
4.182823
-1.126442
5.875595
5.318718
5.852541
6.070716
-0.04050345
-2.336776
4.074429
-1.246686
4.376387
0.3205325
-1.964286
4.353654
4.951181
6.405927
4.96899
5.029673
1.162004
0.4891991
-0.3572163
6.203509
5.475427
4.232729
-1.642203
0.3146432
5.580947
7.192606
4.80715
4.163741
5.026814
4.405242
0.4918157
4.692406
5.996874
-0.4945616
6.238416
-1.195741
5.330388
5.42711
4.963053
-0.4057614
0.7587808
-0.5046035
6.61392
5.842321
3.197481
0.632709
4.777196
7.007954
7.590589
0.9004064
3.921466
6.605138
2.135427
4.608773
4.126795
0.376705
6.336496
1.627182
5.527002
6.173596
4.942178
5.486527
0.9250383
6.480209
4.759534
0.482846
5.697928
5.011941
4.180591
2.959396
2.454461
4.265537
-1.87838
5.34632
3.984855
7.092275
5.772427
1.257121
0.4706251
-1.093098
3.297289
1.127158
7.096197
0.4511787
3.973791
0.4013203
-1.522295
4.714371
-0.7770131
7.029933
5.179146
6.400446
6.148347
-0.6201493
1.447661
-0.5126565
-0.8360875
-1.525353
4.879258
3.766958
-0.05589403
5.926496
5.412547
3.513239
-0.8283629
5.184082
2.673392
-0.5037797
4.447616
2.412547
-0.5378732
-0.6408381
3.14643
6.948991
6.754551
6.477758
3.97908
4.295565
4.073565
4.803942
4.764689
0.05595625
5.023233
5.539565
4.121603
4.601955
3.915822
4.393308
-1.176972
6.372524
5.788255
4.591242
5.950497
-1.709276
5.549332
4.961238
3.402716
1.037274
5.386435
-0.08680436
6.269164
2.903688
-0.7536534
4.741666
5.069266
-1.077927
-0.6215246
6.503227
5.219074
0.1976477
4.542935
4.933777
6.530827
4.587931
-0.02957303
5.580336
5.604253
6.010934
0.5039308
1.427374
6.849315
4.981947
6.681422
-0.33474
0.01603161
-0.05119469
6.932983
5.190054
5.480148
4.627323
-2.33261
-0.4102694
1.306983
5.286321
4.166434
0.04298614
7.128659
-1.152073
-1.822616
5.7495
-1.562213
0.6757886
3.54117
5.414044
5.979546
4.146987
5.848664
3.520094
-0.6989132
5.739643
6.936696
0.3869906
5.020124
5.306101
4.485682
5.591454
0.865755
5.556237
4.985691
0.8302541
-1.452344
5.610529
0.8982828
0.3136874
-0.649592
6.238211
6.064962
-1.004786
-0.3632133
4.38442
-1.354999
-0.7091814
3.269068
5.007141
5.26853
4.084247
1.319509
5.032269
4.298145
0.3265263
5.681247
5.289157
0.2308569
5.045607
0.5133033
6.153912
4.785091
3.431032
0.6703634
0.6834891
6.231636
5.403745
4.583542
6.728157
4.85944
3.500677
-0.3374337
3.09806
5.265461
-1.101038
1.126327
2.521667
3.907822
-0.3225348
-1.010057
-0.2132873
4.195186
3.243049
0.575771
-0.1021398
1.256281
-0.5932902
-1.730694
-0.6780293
-1.03161
5.162364
3.236968
4.955067
4.656159
6.685565
1.305169
5.454327
3.614965
-1.984087
5.139262
5.791261
0.6874173
3.088907
3.482327
4.095066
5.259762
-0.8179074
5.967808
5.17984
5.276677
-1.419324
-0.939198
6.110854
-1.002757
-1.018883
-0.3772377
4.377482
1.404058
4.979696
-1.556041
5.026814
0.6313307
5.628414
0.337882
4.346002
3.572484
5.389749
5.123821
0.03237696
4.216599
-0.0944259
-1.352036
4.970245
5.512007
-0.4659951
4.713158
0.5275145
0.2703309
9.946639
5.456124
0.07391703
7.912704
-0.9457869
1.429926
0.01474607
5.239459
-1.959323
3.728987
4.654855
3.774669
-0.0860287
-0.6046527
4.372166
0.1859922
-2.39146
3.833887
4.50926
4.709295
0.838175
6.229047
2.4894
5.098794
5.478307
6.843499
4.676385
6.125545
5.918759
6.4157
4.718895
4.604654
1.852582
4.778071
5.577696
5.989746
3.919567
1.061686
4.240728
6.996576
-1.469055
0.537317
3.934666
6.533161
5.741979
6.813631
0.347865
0.7423707
-0.0819402
5.241191
4.938873
-0.5049907
5.579524
0.4654545
-2.175445
5.064459
3.951574
4.323504
4.286928
5.288287
-0.5164662
6.238308
0.4425619
5.750134
3.729637
-0.804984
5.395785
1.010667
0.3347809
4.612665
4.466104
4.578819
4.684511
4.502949
5.771767
3.631951
-0.3606555
-0.9544026
3.855466
10.16374
-1.669418
6.368487
5.749954
1.66215
0.7205561
6.298117
4.309723
5.621205
4.927913
0.0636163
4.80241
-1.772053
5.528232
5.94081
5.552841
6.322212
3.603575
7.213746
0.3304724
4.780518
-0.6992483
-0.2103658
1.212861
4.001953
4.663791
-1.796663
5.512338
-1.125705
3.992956
5.674426
-0.9711684
-1.677949
5.565579
5.765175
3.443198
5.645164
1.821912
4.756097
6.870844
4.632921
8.251502
-2.104469
1.136933
-0.4261703
-0.6492711
-0.6313318
6.698299
6.966792
4.207995
7.867278
-1.166512
6.4391
3.153125
9.107172
0.3954553
0.2688193
6.568321
4.090423
0.527339
5.393683
17.58475
-0.1723741
3.864191
5.659833
5.969776
7.866931
-1.696459
4.568636
4.31431
0.4785776
-1.123791
-2.095075
5.032438
2.880961
2.234966
6.409147
0.3588918
0.3471902
0.1455962
5.023872
0.9514956
2.76857
0.875465
9.855751
-0.7657175
4.356432
0.3395645
-0.3895733
4.916106
4.831078
6.445837
4.329476
9.534107
-0.2442937
4.003389
4.96721
8.312223
0.03365627
-0.08491191
2.337772
3.351496
4.634502
4.941644
-0.5935515
-0.6021818
-0.08456178
2.084195
0.2381819
0.4674767
4.10621
0.4072975
5.329941
3.436277
5.459108
-1.668452
5.551654
3.056442
4.913205
5.382656
-0.5960987
6.05935
5.132449
2.679253
-0.8211012
-1.629088
3.429871
4.772911
-1.055224
6.548417
-0.1223652
3.670347
2.247538
-1.61904
8.047975
0.04462987
-1.058651
-0.7844684
0.9649
4.680934
0.3611067
-0.2151972
5.448727
1.093339
5.341376
5.939001
5.904699
0.1929611
5.093159
6.012361
3.790753
4.825817
5.361729
-0.6395581
0.3230105
-0.4245588
0.4854249
5.052823
5.545874
4.861258
4.287451
4.230649
5.73384
0.5544693
5.57287
4.602456
-0.8031224
0.7729405
4.617556
3.868599
-0.01014673
7.118699
5.240945
4.751053
3.464263
5.984329
5.190423
5.993428
6.603741
5.979312
3.868941
-0.9065959
4.05366
5.607815
7.500392
-0.5846739
-1.017236
-0.7668646
5.643509
0.6499773
1.057163
9.167422
3.188834
4.775061
6.102143
-3.109425
-1.356371
5.121097
6.932646
-1.65734
4.719337
7.213859
0.6815127
4.161101
5.92921
3.502314
-1.056585
3.823474
1.822069
1.332878
-0.3468065
-0.4049158
0.4270195
1.093254
-0.9022423
0.1619123
0.1115519
4.301195
4.137609
3.390134
-0.2746631
3.154162
0.5902651
-0.06786751
0.4812257
3.822744
-0.5684925
5.826886
0.8350653
-0.2871521
5.384604
1.861686
4.6349
5.078018
-1.421447
5.205038
4.703154
4.2471
3.100366
-0.06385159
5.603955
0.2324906
0.7629435
0.6220352
4.404359
-1.212182
5.98537
7.2141
2.404826
0.7782505
-0.0126067
5.398336
5.913622
6.262705
3.772356
5.258042
-0.6013028
4.971285
0.4721419
5.279892
1.003358
5.233389
4.76215
0.124169
6.046014
-0.6042197
4.240523
5.857313
4.673698
-0.7132029
5.515864
-0.4972994
0.1696522
6.300114
5.156027
0.9187609
0.7277947
0.02054074
5.602704
6.664027
6.39736
-1.31118
6.621908
2.578675
3.625916
4.374316
6.253068
0.2135288
5.128294
5.513981
7.174315
4.600269
5.345184
0.6997436
5.304662
7.309581
4.843374
10.28722
0.6053314
5.660897
10.50366
0.9998372
6.974937
2.477948
4.284128
3.422743
-0.369417
-0.5004825
2.842353
5.443473
0.08496645
1.572142
0.4320898
0.1509732
-2.372584
5.849323
0.3306046
2.169934
-0.388036
9.117244
-1.217936
2.837535
0.7201031
4.726765
4.523356
3.147228
5.672508
6.119839
-0.03897353
5.313164
4.47831
-0.03142232
5.856424
4.73565
4.918857
-0.9715348
3.943942
-0.180818
1.301629
5.807879
0.3258003
6.285559
1.371941
2.987525
1.082751
5.345226
3.493567
-2.363625
5.376669
6.897506
1.520139
6.093259
3.535068
-0.7152726
-2.19267
5.375604
1.633958
3.905657
1.632573
1.929108
0.2760695
0.5679714
5.276236
-0.4228855
11.42065
5.713876
-0.7845958
1.087001
-0.2912305
7.174019
5.445758
5.775539
5.477958
5.267828
0.6085205
-2.430209
-1.122707
1.541728
0.8034332
4.368799
4.87253
-0.4318008
1.36586
4.507675
5.082091
5.479331
4.315967
-1.426133
0.2051965
0.9807493
4.76017
0.5191827
-0.6578979
1.76518
5.433898
-0.4183025
4.88083
-0.6224757
7.022667
7.571516
5.275467
-1.135322
0.6317411
11.3227
0.1289153
1.602271
6.111318
1.30971
0.5848949
0.5600237
1.436508
6.487914
5.908485
4.519956
4.875891
5.24418
-1.671494
3.79534
-0.09276124
6.237471
-0.1565875
0.2026582
5.881024
0.2206322
0.9515955
0.5935343
4.715851
4.478337
-1.234567
6.642995
8.588324
3.222759
1.079081
6.211684
0.03114097
-0.5114518
4.983313
-1.741661
0.5306004
7.959837
4.76069
5.499629
-0.1941777
3.692022
2.4828
0.261383
2.358726
4.014766
-0.5025564
4.492469
1.543195
-1.255544
4.479337
-1.469505
5.582626
-1.143749
4.466882
5.376421
1.240748
-0.1655392
5.942533
0.4761253
4.694208
0.8803473
4.008069
0.2136294
2.025317
3.75361
3.990323
0.7624354
0.08059808
2.405075
3.340799
0.01238536
0.2758853
-0.8175099
4.7568
0.1586347
0.6440828
0.05614472
0.5054649
0.08999793
4.456881
4.724903
4.131043
4.102766
4.687122
6.280916
5.625099
6.663604
4.589918
0.2358724
-1.090683
4.491793
0.4336203
6.867968
1.007286
0.3585512
0.09923147
0.06353441
6.160199
0.888269
10.46249
5.596778
6.306779
8.971452
0.4556133
0.6370619
5.262466
4.932931
0.8395823
3.770426
2.970659
6.725068
-1.472726
5.153699
4.212049
3.155644
-0.1651994
5.225656
3.736545
-1.67742
4.356607
1.068725
1.318047
4.571163
0.752583
1.251762
0.6387835
14.38699
-0.06505175
-0.6109158
-1.093822
0.1189092
3.673839
5.01349
6.33638
6.442678
5.471406
4.599876
1.236609
3.952623
4.424675
6.679542
-0.8080747
0.2990885
1.22227
0.4199556
-1.327609
3.833559
4.255832
2.959501
4.2828
0.4099578
1.261989
5.275058
4.742719
-2.219433
3.660007
4.309517
4.506898
2.432183
5.252038
0.1271667
5.77618
5.468468
3.967383
3.231163
2.914547
4.448856
0.7843072
6.650312
-2.065672
-0.5443992
5.359345
6.224498
4.065845
1.831469
-0.7295132
0.7836089
1.319483
3.955782
3.938797
2.52611
4.388535
-0.3328957
5.33713
0.1050765
-2.03779
3.99432
0.4634885
-0.6081153
0.469998
4.329235
-0.8928433
9.393465
6.031684
0.3730308
5.246436
0.5506224
4.307517
5.319064
3.360844
4.61277
4.422622
5.576149
4.549674
7.058179
0.5062856
3.557456
4.954707
5.127388
6.280477
4.008588
4.977783
4.921897
-1.38534
1.282255
-0.7335357
3.166575
6.24676
0.8247736
4.343489
0.48857
2.545045
1.366225
5.523374
0.3048148
-0.9126534
0.2606677
-1.007359
0.2775156
-0.9898339
7.830463
3.220189
-0.2859347
5.681908
1.004843
5.071674
3.64802
1.118555
4.789286
7.134838
6.86445
5.507123
5.723534
0.1664875
1.344506
6.01544
4.787883
7.09153
6.536506
4.722222
-1.470375
-0.2108848
-0.9457221
8.530142
0.9003969
3.311938
3.995574
6.06514
3.6715
8.219941
1.420173
-0.5879438
-0.4085057
1.607637
6.63912
-0.7823574
-0.549839
5.86456
0.4585266
1.37454
-0.6068457
-1.068
-0.6687887
4.588312
1.038638
0.7690847
6.627804
2.956636
4.139285
0.4101175
-1.151641
5.742121
-0.9815153
-0.3905831
-0.09496808
4.755528
0.5945769
5.085424
4.888164
-1.410974
-1.512708
4.610222
6.514774
3.424485
-0.7292656
5.531103
1.56707
3.551705
-1.32895
1.052086
4.54677
0.5017763
5.277886
4.076647
3.039916
2.824689
3.778006
-1.903653
8.415222
-0.5585979
-0.03383504
4.407549
1.086392
1.571525
6.668124
6.137807
0.03378504
-0.9694687
1.322465
3.300897
7.780225
-0.0791603
-0.725573
4.133637
5.587984
0.5570345
0.07483764
6.050972
-1.455632
5.045641
5.456768
6.627106
6.800149
4.790506
6.33581
-1.094036
5.042868
1.092523
6.817643
0.2661671
6.911664
4.310974
6.866277
5.69122
4.520308
-1.312089
5.977768
5.899748
5.609917
-1.836244
1.059133
4.408116
5.264016
3.815392
-1.545567
5.665138
4.065395
6.503962
5.297641
6.187479
0.4500274
3.182379
5.888312
-0.1568974
3.800309
8.352708
5.930802
5.222408
4.578287
1.053691
5.376605
4.042273
4.092262
-1.645303
5.553421
-0.2522727
-1.667582
-0.5865634
1.462853
4.882605
0.8343996
5.445298
4.447379
3.67629
3.941432
0.005519176
3.927803
5.915977
6.544862
4.903827
0.3142343
-1.314881
-0.9771099
5.408008
-0.5904951
5.576868
0.06574711
5.089707
-0.9665789
6.009899
0.902852
1.116862
4.772351
5.869194
4.866312
5.888649
4.739684
5.438042
4.843503
4.789424
4.78669
2.872859
3.896647
9.300719
1.201442
3.269266
6.311178
0.7910987
3.514118
1.18834
0.2051194
0.8212567
1.357652
0.305765
-0.5388076
1.515913
8.344604
-0.2102731
-0.6036793
4.349168
1.047073
-0.3639252
4.548149
-1.117421
4.66873
6.305516
0.1998222
6.559547
-0.1233808
10.59326
4.752517
2.808108
4.765156
-0.2392666
3.686843
4.796121
5.756079
0.4336989
3.273613
7.133858
3.718125
3.916353
4.209873
5.37543
1.771084
4.817874
-0.469256
4.116385
7.447265
7.990987
4.481484
-0.1398777
-1.136629
1.135331
3.942798
4.547421
0.2798166
3.228323
3.185545
5.538005
-1.320973
7.978655
6.012778
4.716996
0.36132
6.220004
3.668448
-0.286128
5.733949
4.138063
6.056025
5.99021
3.366945
3.734546
0.9386021
-0.9191136
4.633631
1.189561
6.550013
4.171887
6.250414
3.026926
6.51407
-0.8612764
-0.4599105
0.7219902
-1.031163
4.980757
5.219272
3.95345
6.601801
5.644214
-2.155307
-1.014979
1.454634
7.79182
0.8751348
5.497108
-0.9730863
0.4828605
4.132274
4.510081
3.484336
8.024219
5.826768
6.692801
-0.6202009
4.585962
4.747562
4.442905
-2.422301
0.1431358
1.432956
-0.9828664
5.624347
