6.498042
5.912663
1.406223
4.498805
-1.162934
5.919428
3.253498
-0.8279845
4.954997
-0.9988422
5.736302
4.52541
5.329456
-1.69418
5.462814
0.3931955
6.604017
4.419747
0.09162369
-0.554883
6.542974
-1.159686
0.1041786
5.41669
-1.294504
4.129263
6.60118
5.692359
6.659632
3.15289
-1.329823
6.501122
5.123877
5.518163
2.866981
1.283277
5.670888
5.109686
5.642718
3.276174
0.07300303
6.232967
5.147109
4.988335
4.997421
4.531432
0.3959346
5.82204
4.498996
3.782645
0.8265495
6.394464
4.997489
-0.9611518
0.4627471
7.467087
0.8626204
1.422679
3.511676
5.5802
-2.354454
4.792798
-0.9653427
4.701761
6.638321
0.1395534
-0.6780798
-1.000666
4.887426
-1.482535
-1.992196
-0.05207753
5.322469
5.514871
4.925518
4.016323
-0.9688849
6.311669
6.411419
5.041429
4.793853
5.11837
3.624114
0.9411465
3.801477
4.586417
-0.2499202
-0.3393779
0.05273091
0.5448973
0.2841498
5.97838
-1.646833
1.101303
6.724219
5.97472
5.887094
0.04355752
-0.05588858
0.09202446
3.311225
5.140696
6.808369
0.09006641
0.7525471
4.86338
4.617308
3.786161
7.34063
5.29649
-0.6541507
7.118081
5.268853
10.08791
6.128611
0.527276
5.748122
-2.216418
0.1086982
1.554957
0.03611619
4.421297
1.344759
-0.6473841
5.070599
1.06021
1.183255
5.812998
3.791245
-1.597928
5.79116
4.611806
6.490593
-0.8831274
10.04969
6.744672
5.524983
3.361381
5.243248
3.915876
0.3389774
5.335728
3.861608
6.434112
3.951372
7.035559
6.27751
-0.3283816
5.20626
4.654501
7.511197
7.446266
7.17547
4.429036
3.663465
6.288567
4.496798
0.198277
4.936048
5.661939
-0.1148441
7.040734
1.384628
3.402333
0.4610591
-0.7417077
-0.3856518
-0.1520419
0.3418987
0.1247966
5.174277
-1.953425
3.900229
-2.580964
4.620874
4.714434
-0.6785276
7.157413
0.2414476
4.882912
4.666973
7.192561
5.634702
-0.4691492
6.705578
-0.1450965
4.779809
5.755519
4.248027
4.41123
0.9579588
6.382341
0.8296288
3.014655
0.7964085
4.446412
5.149414
5.010107
-0.378676
5.099469
0.7847629
1.131541
-0.4846972
4.794187
5.345159
1.513525
2.404868
5.642115
4.843103
1.951812
5.416203
0.8906837
-0.3052204
5.542807
3.337596
5.35112
0.2568047
-0.283339
5.784831
4.661756
5.554221
1.83708
0.370526
7.093404
6.561027
-0.9445118
7.968992
1.796731
8.939764
6.280397
0.6959616
1.170622
5.658234
5.361306
-0.3405636
-0.07470361
3.318359
0.4121842
4.966093
4.713965
1.329089
4.73863
5.390248
-1.172531
4.155624
6.368629
0.006010551
-2.255682
0.1988837
3.832094
-1.697642
6.077881
5.262493
4.269923
0.2729019
-1.608289
4.425996
4.125664
0.8545531
4.237292
4.350397
6.875553
4.235614
7.500318
-0.8516134
5.759223
0.07939775
5.536531
5.139005
0.4439216
4.611481
6.164274
4.473486
0.9582509
3.747292
3.772383
0.9359686
5.75795
0.2492961
0.7425471
-0.3321653
0.2857627
0.9325699
4.954603
3.138315
1.132855
1.801205
3.579897
6.293441
0.04773388
5.063713
-0.1187241
-1.925554
3.397243
0.6493981
-0.2074632
6.205707
5.114991
2.020937
5.73295
4.080747
4.88056
-0.02298226
4.552506
-0.06994447
3.869117
-0.8872801
6.194076
-0.9616991
2.27814
-0.2118499
0.05532605
5.493234
0.6545326
5.500629
5.147886
4.060795
4.705422
4.917102
-0.6892026
7.245497
-0.1496202
7.1572
-0.1733599
0.5326531
1.915461
6.561593
-0.6861882
-1.475762
4.505495
3.548924
6.941558
6.0538
0.4175536
4.96045
4.747492
4.361018
4.18552
2.209938
3.129482
0.2863945
5.981216
4.79342
-0.6678965
4.503997
3.469347
-1.267561
0.05750299
4.908105
0.2279704
-1.226137
5.11109
6.209829
7.154258
4.195486
0.4687642
0.4769564
5.755964
5.192467
-0.04032453
1.668546
4.510193
2.322827
-0.9414591
0.2834319
5.509332
7.745095
-1.88507
4.608771
3.200097
3.158439
4.934029
-0.9759371
5.738659
1.728975
2.733534
4.252904
4.838702
0.3098433
3.84718
5.886189
6.621614
-0.1383061
0.2547151
4.280715
4.780262
0.9591578
-0.562334
0.5822176
-0.1891594
6.475276
-0.5262725
-0.698318
5.143924
0.4685101
0.8657171
4.912509
5.003957
3.07599
3.846773
0.1768416
0.197172
0.4464671
1.371397
0.9997835
2.035874
5.254408
-0.3193102
4.1527
4.210135
0.07668789
6.320687
5.859609
3.59641
6.060439
2.453035
-0.1573757
4.245818
4.555159
5.435231
0.9926566
4.128612
4.25571
6.321638
6.311871
6.689883
0.09862426
4.877695
6.360963
5.342797
2.847676
-1.11804
-0.9424083
8.630021
3.211828
1.162675
5.161761
-0.1245904
5.388808
-1.177567
5.367473
5.329945
5.442157
2.426393
0.6778025
0.8041783
5.106714
3.219713
8.29781
0.799884
-0.8789727
6.422526
5.196813
5.600345
-1.276072
-1.242115
-0.1075266
3.730502
5.109996
5.647247
5.990049
4.419598
4.210068
1.671162
4.195411
-1.244869
5.278538
7.14419
4.004839
5.693235
5.703196
0.07779484
3.383672
4.415138
3.731637
5.864965
6.134322
5.971889
5.320997
0.1817635
5.210451
0.416463
5.365542
6.14603
6.023538
-0.006527275
5.357192
1.03034
3.674965
7.855078
1.332919
-1.83717
0.8297572
2.048398
0.9942362
4.413013
-1.377995
5.580848
5.567587
0.7861973
7.08842
-0.7455844
5.457252
1.137722
5.020898
-1.161709
4.104597
6.321187
3.008477
5.189625
-0.2899101
-2.046925
6.349901
-0.5018803
6.662515
0.326008
4.582406
2.600547
5.394315
4.133736
5.086726
4.000576
0.2240487
-3.043364
4.622108
-1.687147
-0.2396532
0.24287
6.747787
5.626687
4.276132
6.357939
6.628047
1.022812
6.235226
4.873064
5.357831
3.674979
-1.168483
0.4611514
-1.318053
4.028926
2.984051
-0.5333265
2.306247
5.577853
3.822034
5.483055
0.5500176
1.067261
0.766514
7.444888
3.453256
0.9501307
-0.9435081
5.230228
5.172904
1.822902
-0.617192
4.865431
1.330677
5.234483
3.471384
5.060813
3.883614
5.579328
5.370725
4.837877
3.479661
2.354701
4.749719
6.040683
0.6496965
0.9854433
-0.9074307
-0.5125015
-0.7052728
6.448762
5.825813
2.700994
5.930652
4.387603
-1.224152
3.346724
6.282391
2.882432
5.245113
4.953652
4.514327
-0.8924134
6.455991
4.404688
-1.544248
1.226241
4.044139
5.403233
0.4294273
3.423044
2.838889
8.542611
-0.5755178
3.713482
4.422281
0.02173589
-0.1803783
-0.2490728
4.987715
5.870464
0.7304004
-0.8938496
6.181804
5.329162
5.122609
1.750594
4.638114
6.013695
5.55335
4.812846
6.689813
4.769743
4.542033
-0.6609571
4.187134
5.236942
5.130543
6.416889
2.886292
5.534444
5.706948
5.476195
3.967191
6.088765
5.281469
-0.7565955
4.620289
-0.4660958
5.759042
3.62114
-0.2652723
7.843598
1.330459
0.6098327
5.251428
5.010766
0.8979633
5.800391
-0.1341547
7.535521
-0.7777695
-1.966833
5.906371
5.64554
6.539442
4.451385
-0.3117985
0.1590932
5.986754
0.754775
4.41633
5.582122
0.4808924
5.563251
0.7028748
0.02328448
6.253776
0.440815
6.610178
3.782386
0.2114441
0.579471
-0.8497628
0.4705712
-0.4799967
-1.442709
6.248718
5.888786
9.08004
-0.9515861
8.278015
5.300604
0.5634751
-1.12228
5.165392
5.735998
-0.9302864
0.04127839
3.029853
1.156985
-3.092499
5.185316
4.985512
5.732909
-2.170588
5.962673
5.881359
5.031687
6.258551
0.5971007
1.141253
6.230321
11.46446
-0.04669511
5.435824
-2.228445
5.30821
4.883148
3.318711
6.304678
0.3676594
0.9248277
6.97213
0.3884691
-0.5281106
5.061914
5.413132
-0.433687
-0.3289353
6.48365
-0.9323594
5.973935
4.729813
4.536004
0.8482208
4.819184
-0.06333515
1.016169
5.31233
5.724836
6.369014
5.279286
-0.5795206
4.996987
4.176286
5.500819
0.5902895
-0.4683109
-0.5814951
3.568418
5.637738
0.1673741
-0.1989234
0.1135552
-1.149416
-0.02264517
-0.3907363
7.065992
0.1104216
3.690206
1.07474
-0.9537134
6.034442
5.040733
4.71764
5.748665
0.05395583
4.881441
4.820393
3.93864
4.777877
4.696222
5.449837
6.157534
-0.6901926
4.062509
6.711468
5.854559
5.836384
6.177762
1.801251
0.3850732
5.588022
1.040202
5.917291
4.321161
4.454281
4.630509
5.196942
6.055873
5.695354
6.167117
4.833732
2.105761
-0.796299
-0.7233062
0.4081582
3.348348
0.9783546
4.598937
-1.962227
6.526285
0.01656137
0.301424
5.267423
3.68712
0.9818126
-0.3346477
3.989529
3.245609
6.225419
6.971187
-0.04514556
4.357447
-0.1336763
4.257344
-0.3248769
-0.3176808
4.708989
5.953118
6.461114
4.081206
-1.593801
5.761888
5.235891
2.604982
0.3536487
5.968896
4.771616
-0.3943052
-0.5533565
8.258994
5.581085
1.046236
4.558107
6.063571
10.5868
5.374117
4.412054
0.5049182
-0.6500709
5.726862
6.107886
-1.081537
5.678082
3.515491
2.751931
1.038116
-0.03066225
5.254867
1.251275
0.6156854
5.724765
-0.9477141
0.1233098
0.07556909
6.163687
1.159276
-1.147279
3.405263
-0.2904433
5.086931
4.260536
-1.647244
-0.5546944
1.249824
5.307596
1.183385
-0.8160009
1.440568
-0.03638168
0.6270257
0.8831216
6.718358
1.320938
0.343647
4.512459
5.341024
4.748851
7.409014
-1.204291
4.578241
4.400333
4.765009
6.242024
1.41916
4.78295
1.190001
4.264525
5.633367
2.043475
1.101968
-0.06018675
6.114462
5.786882
-0.03563703
4.165584
5.5904
5.187639
1.28682
1.765306
5.722597
-1.129947
5.458587
-0.6020543
4.4644
1.794057
4.963363
5.318561
-1.5412
5.794899
-0.18217
-0.5800618
-0.1702067
-0.2977899
0.0999128
-0.1101286
0.8652415
5.097898
3.803661
4.684309
5.519524
4.972108
4.786911
-0.5674439
3.93026
3.021388
-0.6746602
4.707543
0.1243769
2.925349
4.748942
0.6509465
4.34219
4.287971
6.153785
4.981672
-0.4451102
3.644389
5.197967
4.162328
5.119677
0.2543325
5.280657
5.660492
3.705442
4.667486
4.282662
-0.8944191
2.953704
-0.7871169
4.378639
-1.313845
4.949306
2.766766
5.759619
3.941886
4.311249
6.990678
-0.6411528
6.916484
0.6884974
0.8112795
4.030768
4.911406
0.6093831
4.747677
-0.7428494
5.722737
-1.584016
0.2679569
5.888931
0.09564491
1.731266
-3.04114
4.789775
5.393768
6.108169
-0.9247094
4.365785
4.909097
3.132943
1.902782
5.24272
-0.2510882
-0.9562704
3.140032
3.508419
4.157427
4.116083
-1.854275
3.594032
6.055136
0.3911157
0.9735624
5.660713
6.862377
6.333783
-0.2078216
5.909846
0.6134127
-1.150876
-0.3975919
-0.08113419
4.952307
5.130198
4.472222
4.648524
0.2237296
0.9946122
5.266366
-0.6487223
5.868767
-0.3288423
1.197393
5.815831
6.408835
4.95201
1.554271
6.075029
6.222064
4.338755
0.8919543
1.453012
0.1857112
4.770033
6.535686
-0.5747853
3.557531
5.156787
-0.3762327
4.559258
-0.8982217
5.48242
4.587854
0.5797322
-0.08173115
6.214789
3.917578
-0.9878368
4.811339
-0.9659473
0.8152964
6.491367
6.344894
4.517708
2.651456
4.821367
4.782038
1.205181
6.243394
4.63962
5.112632
0.4856077
-1.063086
5.182231
0.3211022
-0.0021527
9.6194
0.3613219
3.304041
-0.156092
4.441526
-1.348999
4.719035
4.594868
0.2166116
5.658803
0.1818697
2.905477
3.979201
4.987512
-0.4443733
1.890406
1.082484
1.02461
0.3312119
0.7812885
5.9096
-0.5434352
5.56176
-0.04165312
4.269706
4.329526
3.841173
3.824427
-2.228125
5.603078
-0.1649392
5.810258
0.2682716
9.61641
-0.004050838
5.288929
4.083743
5.330725
3.46658
1.086901
4.163155
5.296877
0.1446762
1.107875
0.4081414
-0.2802729
5.8345
0.07099045
3.9309
1.025383
2.566142
-0.1995296
-0.4198038
1.280183
5.052323
3.514279
4.334999
-1.311122
0.5913126
3.451723
3.908797
-0.9805006
0.8058399
5.114469
7.855403
-0.4176611
-1.100184
-0.8281382
5.726549
0.1070762
0.3500236
2.072085
4.967174
-0.843727
0.1055734
9.242951
4.31672
-0.9683283
9.954897
5.450277
0.9799761
0.7869213
1.128716
4.824706
5.111668
5.039542
5.30389
5.571808
4.885725
4.758143
6.356801
-0.4276448
-2.285174
7.072406
0.2404964
4.282338
-0.9946628
6.521607
5.178836
4.248487
4.871571
3.850407
4.870856
6.029734
5.131918
4.637861
5.232276
0.5211659
1.266279
-0.9860659
5.118954
1.93229
-2.060867
4.097229
3.378163
8.151717
1.842578
3.930999
5.220963
-0.7666357
0.05643921
4.718549
5.099863
3.1318
0.002290303
5.017638
3.783074
5.641069
1.973813
1.561282
-1.619812
5.05653
5.334268
3.199234
-0.0679547
0.6551865
0.05265482
5.020946
0.4731542
0.4873826
0.690692
0.7404795
4.777299
5.240113
-0.5721673
-0.2689543
-1.581049
4.312916
-0.04965442
0.0283782
9.043926
5.158394
4.492673
-0.3597542
2.993077
0.1156927
-0.8288309
-1.05204
-1.123256
0.3810647
5.253148
4.771337
-0.4780769
4.019348
-0.9837963
-0.5332761
-0.4340268
3.911418
4.38115
-0.274877
0.5431728
4.945748
3.970169
5.232344
5.102782
1.717573
5.133907
3.639632
0.4962974
4.287676
3.302746
-0.5394218
5.103414
4.746558
6.259985
4.522866
5.121988
6.080611
3.497495
6.49963
6.797378
-0.1456309
-1.314901
12.17713
3.418602
5.001341
2.840338
0.7184828
4.145975
-0.003571035
6.554541
2.444597
1.770337
3.90942
0.6338371
-0.2742835
4.717088
4.931442
6.304176
5.944469
5.628719
0.6382696
4.861518
4.077081
4.442406
4.237949
0.04483106
1.433655
4.907518
1.079367
6.259922
0.8062848
-0.8553423
7.205485
3.744725
4.791227
0.09290055
-0.3231133
5.590073
5.165663
-0.03510047
0.5661146
0.02510848
5.569464
-1.115252
0.02975096
4.112827
-1.511401
3.727501
0.7354713
-0.4163352
0.8990203
3.890808
5.021827
5.603886
4.55224
3.395155
-0.3560905
-0.5995717
3.683037
1.227333
1.023407
4.757899
0.2982845
4.864659
-0.3223622
1.130066
0.05573322
2.726913
4.039888
1.123422
-0.07299448
0.6112786
0.3781065
-1.991617
5.317158
4.647155
-0.5672605
0.09400291
1.24026
7.348405
5.579881
4.816869
5.455336
6.26804
0.5080359
6.647435
3.28109
1.463529
4.720123
5.292603
-2.006677
4.590501
-0.8453567
0.1370042
5.851848
5.619388
-1.158572
5.206914
1.114602
2.484452
4.582345
4.512943
3.377336
-0.2185616
5.48047
5.865232
4.464624
0.4943028
4.91282
-0.8381503
5.745792
5.280742
0.6216152
0.2769579
0.4684448
4.617858
1.407293
4.676353
1.403143
-0.1973754
4.223007
1.906982
1.435987
6.092052
6.131701
3.66844
5.088858
-0.5848627
-1.443223
-0.7626953
4.787839
1.285998
0.4615556
2.224148
4.21058
0.2028671
5.774718
0.5436289
6.253347
5.329864
4.919289
-0.2954069
5.558438
0.7223376
6.140093
-0.9056212
4.196062
2.802118
5.182786
4.926346
-0.4292998
4.414562
5.13849
5.268066
3.67258
4.722521
6.25957
-1.038532
5.712061
0.573151
-0.1565112
4.874144
4.99604
5.47721
5.723552
-0.3975894
4.414638
0.8820631
-1.418354
4.729541
0.2950849
7.290856
5.063485
0.7289249
-0.01752082
5.239587
0.1144778
1.117627
6.287079
3.777606
-0.1438735
5.936667
2.998434
-1.487225
4.454326
3.984306
5.132199
2.530597
0.08722703
5.68578
4.805724
6.583245
6.164247
5.332515
5.576057
6.073914
0.1278914
4.573301
6.67186
4.799514
-0.9182025
4.625468
-0.7324382
0.4105662
6.201871
3.691603
-0.333366
4.987322
-0.580505
0.3832763
3.598374
3.433004
5.274364
1.345948
-0.7321328
4.698834
7.104116
8.843971
-0.9488236
0.6129198
-0.3769742
4.133097
2.191619
4.273947
4.459902
0.9130797
5.481129
3.62547
5.868425
4.240742
3.665959
2.981629
2.423145
4.223099
5.118374
-1.120079
5.005692
5.22238
-0.02859671
-0.3957492
0.7034392
1.645763
5.381411
-0.712619
4.817
5.255927
-1.088273
0.3006981
4.80284
8.159672
4.959688
5.617948
0.8284857
9.091912
1.288645
5.019226
5.802046
-0.5794712
7.155751
-2.480622
4.596818
4.291897
7.103799
2.567952
7.230898
4.488471
-2.233483
0.271531
4.196693
0.3637501
5.636517
3.677401
4.91561
3.467822
4.326606
-0.4511096
4.658805
1.415345
5.522805
-0.2761927
-0.4520297
3.995309
4.055332
-0.09787327
5.921474
5.397855
3.661478
6.425685
4.55084
-0.2671303
2.964633
6.755428
7.122484
0.2870973
4.029429
1.096711
4.388281
5.367301
-0.2539872
-1.770888
4.979723
5.998904
4.639059
4.907985
5.297889
4.45593
1.679248
4.966631
6.671641
3.406925
5.034926
5.623514
2.66304
7.125079
5.069097
9.964501
7.960682
-0.7628495
0.472524
7.772982
3.816226
0.07889133
3.572
-1.077238
4.002082
8.39039
-0.3621488
-0.9388673
3.462243
4.33744
6.064475
4.127123
-0.2135264
4.620585
3.920235
-0.3891327
-0.5119034
7.039165
-0.2506329
2.458322
6.342555
0.9249833
6.628456
4.815915
9.383327
5.661714
4.437962
5.77923
0.6665515
6.213892
0.3394425
1.883575
4.759519
4.646303
3.422504
-1.31308
4.979954
1.259194
5.058253
4.081342
6.23698
0.1668764
-0.1160661
-0.6742212
-0.2515298
0.08548334
1.164742
6.773838
3.200181
4.171574
5.232592
-0.2698944
5.015957
-1.690763
5.159466
-0.7470921
5.099445
5.002308
1.111073
-1.609805
5.109032
5.908362
-0.9571847
4.855702
4.542591
-0.3704919
4.662263
4.594669
4.780537
6.43865
5.684656
3.631889
5.258924
0.533348
5.042502
5.049494
-0.2348788
4.102942
5.507138
2.529351
6.691962
4.393184
0.004381664
2.202923
3.90947
5.168393
5.153102
4.774711
1.558509
1.366954
4.327009
3.478525
6.749553
-0.08482633
4.459141
6.811827
1.394017
-0.216389
6.651567
6.248577
-0.635806
1.239034
1.127411
3.785295
-1.956477
-0.4442349
-0.3252715
4.602567
5.598104
5.546189
5.625782
3.782564
0.8545374
6.717255
5.092519
-0.5043858
3.995112
6.342553
3.637147
0.35016
5.769432
-0.2121209
3.222151
-1.042531
-0.1783616
5.766873
0.2196488
-0.5244839
1.45831
2.962222
5.786535
4.492702
2.437478
4.84731
5.147732
0.1843378
1.469634
7.187303
4.783666
5.415376
1.210788
0.5364809
5.063714
4.502633
4.53679
3.841934
4.520003
6.51715
1.530749
4.048152
3.148187
3.483209
5.164615
6.998507
3.979659
-0.5263953
3.659393
0.02021982
-0.6600531
5.984473
1.382744
6.126678
0.1248352
3.597454
8.470992
5.221644
1.126353
4.640958
3.831934
3.801644
0.8590076
5.338855
5.490757
4.455086
-0.6738643
5.187611
0.007148858
0.5318064
-1.37699
4.591976
3.585028
-1.653157
5.36459
1.833396
4.20837
3.226823
3.755494
5.282903
5.102131
5.159915
3.684571
9.11919
5.671045
5.875561
0.8961729
5.796077
1.743213
2.81174
2.001732
3.958595
7.800571
0.1704868
5.776634
4.506864
5.274564
-2.308292
1.522323
6.970146
4.609253
2.90467
6.279655
4.652962
6.683832
8.588166
3.550379
3.931682
5.19729
5.678149
-1.526482
-1.550857
0.3737671
6.48539
6.069799
-1.027037
0.9244011
0.6158043
-2.276476
1.071684
3.937949
4.782785
0.5763165
1.283924
-2.021895
5.8325
3.651228
0.8033308
6.349999
4.355037
-0.2205804
-0.385686
3.88456
5.936763
1.548018
0.5491218
-0.1425632
0.817918
-1.900402
4.989918
4.821624
7.56064
5.206082
1.308346
4.623157
6.927249
6.820786
4.844688
5.528715
5.138051
4.607608
0.05565676
1.050685
3.215216
3.890766
6.04478
-0.4416055
4.274507
0.89472
-1.692043
5.994392
5.315331
4.523104
6.148033
0.8651578
4.406635
6.029248
0.09957527
4.457758
1.084789
4.751589
4.052285
-0.223683
3.865223
4.022769
1.1529
6.697983
0.1558551
4.578995
7.455202
6.059252
6.081119
5.356407
4.304226
-0.591684
5.498896
-2.415745
5.914267
2.70833
5.08513
-0.2116342
4.702588
0.4683615
5.059023
4.661562
0.6325568
5.354629
4.316472
6.153586
0.7892075
5.380792
4.436789
5.529121
-0.6467561
5.704727
4.995475
1.23247
5.019489
-0.02554833
0.05921257
9.343422
0.3828165
-1.017669
-0.4840028
5.068246
4.391905
-0.7288536
4.318501
5.007129
-0.5153743
4.560494
-0.9849514
0.9227284
4.792237
3.529938
0.04022127
-0.7585042
6.834624
5.752121
6.492265
0.5318331
0.8590953
0.1271903
5.764018
2.642508
-0.7340072
5.170643
4.286461
5.040823
9.280767
-2.356046
4.028224
-1.658459
4.338593
-0.7273339
4.904734
6.498509
5.251566
5.513423
0.6994265
4.815148
13.43663
4.447008
6.539999
0.9652037
4.625599
4.905072
6.783692
4.796686
0.4601183
3.703579
3.214323
1.864557
4.709446
5.829766
5.552355
0.6651238
3.395693
4.336786
4.291098
3.482595
2.62705
2.065466
4.95717
5.253295
-0.3265041
0.149737
-0.4433885
3.820811
4.569914
1.054442
6.050996
3.097299
4.729583
0.5471447
5.079717
5.368305
-0.6881396
5.389713
-0.3411358
0.5202926
0.4034319
5.067737
0.5200647
4.222179
5.389344
1.372421
5.213911
1.980612
4.683407
3.326484
4.500704
-0.09775033
0.7303002
-1.093476
5.933278
-0.8608555
4.734025
4.364656
4.146368
6.839958
-0.9073589
0.1922227
6.453996
0.5744027
-0.9088898
-0.1956056
-0.106388
0.2953029
-0.2042348
4.417042
6.217497
4.524889
2.2718
3.304065
0.5415021
4.281186
0.6279308
4.887023
-0.4273406
-0.8715749
-0.6773962
0.2022541
-1.129742
6.261843
4.975243
1.186074
-1.249538
6.309877
3.163591
0.06859609
4.506618
5.899508
-1.208983
1.132714
3.609435
-1.264618
0.209503
4.990555
2.206927
7.467155
0.05255055
-1.510533
-0.1064904
-0.3528408
4.93021
5.891622
-3.70837
5.006054
0.03611989
4.170744
9.378817
0.8858754
3.153266
4.62861
6.348044
6.959656
-1.395277
4.806337
5.062313
0.6441933
5.352657
0.8997451
3.359639
4.641948
-1.567468
-0.2998403
-0.4719744
5.520361
7.999428
3.218135
6.074006
6.187539
2.660852
-0.7545459
5.129569
-1.684074
0.9703534
6.059063
5.523056
0.3921327
0.1545288
-1.062389
3.710721
-0.7693782
6.381536
0.07523463
0.2664388
-1.390765
0.1976958
6.867552
0.4892895
4.028142
4.755364
0.2679215
0.06179204
0.2130382
5.630238
5.330003
6.747956
3.420643
4.674405
-1.872178
5.80912
3.757858
1.515197
5.119864
1.062604
3.99717
4.185299
5.158284
0.4795732
4.16865
5.233705
1.285426
3.48229
2.805937
-1.494858
4.516153
5.447936
-0.4371249
4.745601
0.7296661
5.725891
0.3446587
-1.744545
5.706085
4.163497
1.339908
4.834635
3.123222
-0.4855069
3.504823
3.244059
1.320263
6.896877
7.08423
7.205204
4.333279
5.527275
6.536963
6.600892
7.238344
6.698806
4.811626
-0.7097174
3.872455
5.432043
3.830588
-0.5013063
4.715545
-0.09312095
0.1814823
-0.2870215
4.16508
0.80713
4.425029
5.785627
0.7743639
0.06743786
5.78582
6.199133
4.036455
0.7178461
4.374801
5.462629
4.147074
-0.0665808
0.5787663
5.191801
-0.4145131
0.3466831
2.055237
-0.1530409
0.9948364
-1.072216
5.657178
0.714645
4.493946
-0.3031002
-0.8817325
-0.9062595
6.365791
0.1707171
5.510911
5.031599
5.428177
3.897358
4.117372
4.496248
3.403077
0.7960166
4.918648
5.331101
5.28926
6.653369
4.266987
4.643712
2.606508
1.066879
5.97296
-0.02961843
5.476947
5.593164
-0.459324
6.594001
4.839306
4.876568
6.769847
0.5544176
6.092938
0.2873844
4.681546
5.731246
5.167732
5.298415
6.362144
-0.43709
-0.8683754
4.955984
5.781716
0.6021263
0.9543692
-0.3073346
5.121965
8.729174
-0.3581556
0.1278968
3.588836
4.965699
3.733361
-0.8623492
0.2923998
1.36389
4.40084
-0.7306406
5.577672
5.708075
-0.287134
4.265187
3.377671
5.641781
7.608375
4.446159
6.16021
4.248808
-0.02336252
4.276408
3.954513
-0.4549727
5.05229
-0.2697118
-0.5140665
0.8879538
3.55646
5.094914
-0.5358236
1.082631
6.420412
6.370871
4.917306
2.286979
5.637951
5.309125
1.708116
3.300681
-0.4585231
7.22089
0.3919578
0.5941873
4.083914
4.361686
-0.5283039
-0.4672043
5.227605
0.1566873
-0.6591849
5.161918
5.347664
3.819736
-0.0579555
5.230097
4.44347
4.633577
0.6209648
-0.4514844
-1.413109
0.3712581
5.311555
6.505575
5.578918
6.366486
5.461404
-0.5352022
5.428823
-0.6382692
5.028947
3.33074
0.4856309
4.110881
0.4573927
0.1307034
-1.71257
3.542206
5.112636
-1.254767
6.023918
-0.3680968
-0.3611382
1.314907
1.324353
5.860092
-0.6887493
4.423718
0.9654094
0.07952624
6.865882
5.363174
5.133626
-0.9471661
4.465208
5.148961
3.617977
4.416067
4.003059
3.827031
5.184311
-0.0297958
5.13695
6.096982
4.735773
0.6025453
5.473761
5.974061
4.96511
6.176575
-0.6614482
4.460938
4.339152
2.771452
0.06307004
-0.8828851
-1.191632
0.05887129
6.862679
4.626721
6.408487
4.880286
5.29388
0.05989103
5.492559
3.971606
1.643599
6.087072
-1.362633
6.093238
-0.371793
-1.591373
4.806799
5.062975
-0.4779618
4.993468
5.185372
-1.02062
6.772435
-0.02340247
-0.1481186
6.415372
9.689793
5.394829
0.33721
5.72922
4.150693
8.089979
0.2551248
0.2494235
4.831873
5.286184
4.691247
4.998209
5.037268
-0.06440303
6.346007
0.2024369
5.505141
4.3506
8.650312
6.949034
-0.248943
5.918156
-1.245617
4.162822
3.926728
-0.258265
5.575552
0.4794002
4.279349
3.798609
1.680185
0.7796673
6.968586
5.46576
5.532488
-0.3414427
6.359041
-0.3988141
4.41305
4.30802
3.511305
4.292948
5.978975
-1.201973
5.815538
6.880236
3.568158
0.02307358
4.599254
5.844613
-1.494712
0.01658885
3.470088
5.049968
7.80085
3.575315
4.979278
0.4699868
-0.302034
1.181967
3.755291
-0.05926267
4.838978
7.369364
5.518885
5.823743
0.3375376
3.976831
6.056469
1.60938
6.688955
0.3163805
5.226266
6.522034
6.424013
0.8444958
2.156341
5.091431
4.267263
8.023984
-0.342124
-0.4507895
-0.2001802
4.276612
5.667698
4.597606
4.556976
-1.43836
5.827416
5.834148
0.6196055
4.520613
-1.065825
1.063895
6.316497
4.569603
8.657263
4.449123
5.053629
3.795112
5.070859
4.633557
4.729325
-1.37099
1.200232
1.24601
0.1094916
7.761049
5.30496
0.5197421
0.5841337
3.614292
4.685048
6.48271
5.256888
4.667637
-1.01687
6.192039
0.1237058
6.54304
-0.6416568
-0.9123999
-2.262416
8.044116
-0.1984545
-0.7506293
1.036238
2.874088
4.531932
4.884414
0.06209855
4.293846
6.321368
-1.36914
3.899531
-0.6661251
0.740375
4.83296
1.066991
-0.06141063
-0.3152964
4.879095
6.176754
-1.785763
-0.6550516
-1.437335
5.261449
4.895425
1.015782
0.6865183
0.2442487
4.844851
4.457172
6.568345
0.6383204
4.107276
2.103509
0.4679537
6.397625
-0.6370948
-1.639849
8.021098
-1.192729
5.473969
-0.9907246
5.359755
1.027324
1.872552
5.957216
4.473174
4.045997
4.7865
5.856215
-0.1683513
0.06013982
0.225681
7.408522
-0.5239843
-0.3346045
5.760527
3.765837
4.625869
7.219013
5.858379
4.541896
-0.4828085
5.996784
4.767886
-0.8595783
-0.03204034
4.998393
3.635765
4.019726
-0.7457517
-0.6776829
3.239102
6.325532
4.697084
3.760198
4.645786
-1.5378
5.497297
3.961759
5.408777
6.805878
4.707239
1.724788
0.9177875
-0.8991378
2.948029
5.05717
0.8257966
0.01274439
3.175724
5.262534
5.754551
7.570309
-0.679986
0.9492208
5.817293
-1.085846
4.698416
6.053673
0.08065898
6.256958
6.361593
7.130174
-0.1168092
-0.4374346
5.323503
-0.38687
3.713509
5.853066
1.128502
-0.4709827
4.130104
4.274539
6.041275
3.613595
6.337657
5.254741
5.214988
0.1005401
0.3334401
-0.5114039
0.02191958
3.938067
4.40252
6.203918
-0.679768
8.098019
8.849393
5.073943
4.181192
1.707657
4.637819
4.311207
0.8912782
5.589759
4.229373
4.465451
5.67838
7.047376
5.336306
3.948666
3.740957
2.262255
6.054622
-1.219851
0.5830061
4.567589
4.265501
-0.4371611
-0.2387423
3.187032
4.208223
3.60967
7.603506
5.292439
-0.1773076
2.001114
-0.03646341
-0.373846
5.272562
4.18096
4.170872
5.746451
-0.04974831
4.497625
4.092698
6.897066
0.9689133
6.546565
-1.936847
4.78866
4.259252
4.56389
3.741987
5.017961
4.735588
4.819087
-1.344367
6.14779
4.483126
5.822352
0.09577871
4.462344
4.510509
6.397959
5.457375
0.9441747
1.012821
2.750104
5.211488
4.555947
4.78606
8.141689
5.489921
-1.287593
5.478842
5.572148
5.020873
4.717071
1.15193
6.732665
5.977404
-0.09958721
-1.107719
4.76235
3.871256
6.025749
6.397586
3.772699
4.154902
-0.348767
4.015495
-0.6853711
-0.4596915
-0.9082021
0.5589896
5.238346
5.550479
5.988503
5.39719
-1.48792
-0.7813849
8.822729
5.26849
0.3385796
4.469629
-1.45268
0.04028093
4.88464
6.292406
6.230515
1.111855
1.027836
0.3761756
0.2809177
-1.944634
-1.395982
4.20216
-0.7682368
4.955555
-1.303253
0.4183996
5.546247
-1.200723
1.135272
1.606537
0.1680367
5.944054
0.6551011
6.185586
5.186123
-0.8856617
-0.685177
4.039923
4.60295
5.043967
1.546052
5.351908
0.3691225
5.797843
5.313428
1.024094
5.617125
-1.268349
4.608983
0.9353222
0.0623462
-2.258861
6.19783
3.172493
5.558389
0.3812801
6.836916
3.557355
3.835417
-0.8790286
6.260401
5.537887
3.633127
0.3475678
4.081263
-1.257447
5.071854
5.662795
0.3433601
4.303827
3.708207
4.231045
0.3423435
5.376522
0.8975921
5.054899
-0.3901471
4.156715
2.270534
6.508045
6.824861
4.276721
4.009986
0.2881919
-1.146041
1.576966
0.4993433
-0.319223
-0.5766276
5.6635
5.80713
2.785363
4.031514
4.767809
3.61908
6.541709
4.791207
0.1101621
0.0608726
4.424268
4.114956
7.101521
6.423409
11.48907
5.025235
1.365956
-0.7623115
5.63191
4.424564
5.771261
-2.382255
4.944454
4.446691
6.19063
5.306032
5.110504
-0.3512664
-0.04929911
4.565558
9.446812
0.3016649
4.243293
3.44601
4.847625
-0.2571647
0.6826687
4.854639
0.7672673
3.475779
4.985528
3.2859
5.037843
0.612032
0.03065273
-1.740263
3.536194
2.57359
2.661854
1.028411
-0.5781247
3.660095
10.67536
7.223085
0.2984198
5.22682
5.271347
-0.0110461
0.2832608
6.190905
-0.6624967
3.624653
4.988063
0.3442047
-0.6598414
4.561271
5.255961
-0.09836362
3.308788
4.107294
5.4316
1.829831
6.072934
5.063243
1.153168
0.165839
5.362596
4.214652
3.114138
6.641785
4.737591
5.749361
4.558114
4.777711
0.635562
-0.2140453
5.322905
4.184513
2.911411
-2.387561
-0.2930623
4.105113
4.408679
3.892356
0.3984042
0.3725853
4.289338
1.291527
4.609143
1.92343
4.591896
4.501601
2.172634
5.693245
7.761441
4.104658
-1.359967
3.154176
-0.0232017
-0.09853625
3.580468
5.97522
-0.05976548
7.16518
-0.1237742
0.4526065
6.134675
4.649967
5.767982
4.345727
4.152383
5.600737
6.211258
6.771728
4.846124
10.33768
1.175289
5.894469
5.35078
1.374162
5.052879
0.3664518
3.991415
5.443655
-1.530526
4.01565
-0.09782634
1.402331
4.969354
0.7845485
-1.200582
0.2896853
1.163691
0.3904845
4.782292
5.549019
0.8342226
3.431549
5.733139
0.5864627
6.696229
0.8719989
-0.5625144
-0.05492202
-1.239125
-0.4116669
5.375406
0.148936
6.682511
-2.261351
5.109644
0.6999908
0.960254
-0.2596066
5.221926
4.153718
4.359134
4.122803
-0.5570105
6.453835
4.512887
-1.04682
5.513923
6.327779
1.46485
4.300433
5.32279
0.4879001
4.386094
0.316293
1.203178
-1.178134
-0.6274788
0.2338354
0.3602781
1.941672
4.819849
0.09223024
4.167454
5.526484
1.294099
6.970405
0.5560331
4.084807
-2.310217
3.433829
-0.8212593
7.143097
2.041318
5.364697
4.557796
0.2479833
-0.5145726
5.79213
3.818847
6.3753
1.383676
5.343315
4.376107
-0.9520731
6.918864
0.6234355
5.066343
0.7016965
6.952031
5.916758
-1.588992
4.618104
0.8593359
4.996293
6.330091
4.729018
2.549079
0.8360779
6.878562
5.535781
4.22553
0.2857265
3.775262
-0.4473253
4.024008
-0.3851974
-0.2710236
0.7806722
4.886986
5.618231
4.381673
0.8450529
0.3659686
0.5680601
0.9098519
-0.07465563
5.063217
-0.2427084
3.903186
0.871773
1.259149
4.396055
4.936267
-0.1134387
0.8994128
5.900189
4.553265
0.06745554
-0.159833
7.937655
5.2224
0.7635449
-0.4261721
0.2716097
0.1360195
0.5067464
4.300428
1.052878
5.675764
0.6740429
4.301256
1.008828
4.01373
7.035789
7.326377
5.689705
5.373285
8.539824
5.769274
0.09340272
-0.9485042
5.605462
3.735335
-1.815825
1.734903
6.457278
-0.2408016
4.983956
5.95124
4.891067
4.479668
5.480868
5.551584
5.291815
0.07548103
0.5973367
-1.295949
4.140119
-0.3852953
7.712838
-0.1786344
0.2552432
0.7394483
4.63777
0.8429252
-0.2108118
3.350988
5.967335
4.040767
3.294297
5.281031
4.999556
5.691064
0.4859629
-0.4444055
1.175089
-0.9887994
-1.130505
5.609551
0.5895278
5.641119
1.361189
1.182084
4.684378
5.615133
5.710629
-0.9404243
1.860074
6.808683
4.687421
-0.1937978
0.7253213
-0.3928239
1.283052
-0.2807441
0.02397395
0.8688659
6.05968
3.774319
0.4810862
4.494718
0.2687603
3.465895
4.912199
0.8985527
3.971553
3.010425
9.574301
7.456441
-2.107456
-0.4635881
5.321473
5.802137
5.943287
3.753133
4.435963
5.193188
0.1454715
-0.2623101
4.526578
5.523341
-0.3064743
-0.7164441
6.51089
-0.5324928
5.30584
-0.1023032
5.244349
-1.298713
5.271721
7.111093
4.914002
4.894361
0.3762076
0.237938
10.95836
-0.1171564
-0.9921108
-1.251611
1.577901
5.385675
-0.5257007
5.989913
-1.498993
-0.684477
5.759659
4.732247
7.276926
0.05499324
5.558604
5.930193
5.026685
0.1373645
3.427266
5.236826
1.826605
6.800464
-1.54218
1.183778
1.17375
4.467809
8.451366
-0.286635
6.134196
3.063902
5.788637
0.4833166
4.305535
3.961971
-0.4196142
0.463718
4.223887
6.25144
1.099896
3.933391
5.323971
5.013613
5.097721
3.896273
3.448097
3.879987
-1.271486
5.812369
-0.3482208
-0.18771
7.369241
-0.605793
6.303567
-0.666922
4.393315
1.210914
-0.4389272
5.612728
0.4214917
8.965408
0.5113396
5.745847
2.212642
-0.6245302
0.04969674
5.098011
0.1109103
-1.539901
5.880132
-1.170818
3.690007
7.581087
-0.8772374
-0.3084199
5.852976
4.198327
3.180384
2.512619
5.271778
-1.090441
2.316406
5.934295
4.758905
-1.213549
11.74057
-0.728473
0.3825731
5.541605
5.15505
-0.02543877
5.94173
-0.09835094
4.072361
6.049115
-0.03469461
4.492252
6.697435
-0.5036497
4.020127
-2.200225
5.787311
5.918277
0.8659938
-0.2080011
4.308681
0.4558973
6.337743
4.515539
-0.6933756
-0.3916827
4.730504
6.160779
5.814278
0.553615
2.702546
4.250631
1.084359
3.051169
5.019067
0.1005321
-0.8012941
1.973866
-0.6160218
4.053746
4.544003
-1.279865
5.865528
0.01558649
-1.978605
2.670061
5.668803
5.506697
9.961855
-0.658431
5.422434
5.035476
0.4629838
6.277804
1.806517
5.09169
4.399781
-1.231272
5.773181
4.837423
6.246018
6.058557
4.142871
6.123513
0.2897017
-0.1024778
0.3540159
0.5301653
0.5259984
5.090204
2.66909
5.867491
5.473502
-0.270393
4.568559
-0.8260352
5.953506
4.274317
6.687827
0.850858
0.09295252
1.786236
5.10622
-0.4969025
-1.299202
3.222845
6.167357
-0.1458013
4.796814
4.580911
2.107527
4.786487
0.3365354
-0.1805379
4.615998
8.444378
5.075886
5.386808
5.478926
6.272883
4.176395
4.678473
1.942774
4.040327
6.77616
-1.092386
-0.02990487
3.874871
7.401573
0.5721839
0.6542697
-0.9292047
-0.8659206
0.6144774
4.954852
0.6578057
0.539027
-0.6373855
4.720842
-2.183036
5.323252
0.9060463
5.767144
0.977871
4.664682
3.686075
5.754772
5.550489
3.695774
6.50371
3.855823
2.250204
0.2948945
-0.8741364
-0.2160524
0.09409274
4.751524
-1.348777
4.117811
-0.2188817
-0.6548606
9.396821
0.6852943
6.337271
3.718651
1.81022
3.332021
6.846722
-0.9368586
0.35759
5.935864
-1.770117
0.4646784
6.073469
4.357788
4.787806
0.04958574
0.8532062
-2.150119
5.075022
5.664893
0.2678778
-0.2475877
4.67781
0.3868834
0.3024086
4.488988
6.15088
-0.07957169
2.035472
-1.264974
3.711304
10.00655
2.309492
-2.997813
5.86035
4.656751
-0.2831964
4.525979
4.586929
5.272778
5.419674
6.823142
0.1199638
0.231826
1.140447
-1.152399
4.876804
0.6166863
-0.1232684
-2.406788
0.9407749
4.145213
4.62303
4.172958
0.6037617
3.952248
0.6138513
0.6551228
4.895063
3.470209
-0.02183207
0.3179627
0.5191775
4.987162
-0.857569
5.178977
-0.6417552
3.348774
0.8854612
0.8181691
6.536037
4.248992
0.499082
6.7632
4.126911
1.888109
3.884027
3.063531
-2.11075
-0.02938049
5.685159
5.398529
5.00962
0.8777573
0.05619246
-1.482854
-0.1633313
2.516091
2.030211
2.913823
3.883149
3.997735
-0.3800833
5.635082
4.798219
1.174628
1.827968
1.221846
5.90545
5.312501
3.23308
4.478549
7.049627
0.6088398
5.960239
3.958916
4.867694
5.59814
4.471186
-0.0536955
5.999479
5.364913
0.08140947
-1.602106
5.195595
2.593276
8.018941
0.367271
4.896762
3.869971
1.09502
-1.004178
5.768623
4.288246
1.20019
5.075099
3.333642
4.782787
0.8922319
-0.08760775
4.154161
3.842958
6.142014
0.8590052
-0.4326006
1.75965
0.9901181
4.129617
2.037836
3.562566
-0.5060107
3.664557
5.098817
4.987242
6.003524
-0.322239
-0.2670057
8.452771
6.671567
4.921882
1.102864
4.129775
4.587841
1.371287
-0.7436233
-2.255694
0.9052961
0.02134944
0.4337499
5.174831
-0.8094715
0.1060027
-0.5341003
5.13182
6.47199
5.815792
-0.7439317
6.035106
0.7378922
6.963115
3.478996
0.6630607
6.445527
2.245752
4.907169
6.114299
0.7599665
5.788321
0.3413332
-0.8953296
4.675101
0.01107736
4.739141
4.946176
4.634384
2.048945
5.080486
4.397544
4.272771
5.557341
6.700193
0.3080014
6.397874
6.103612
5.580447
0.03824336
0.6849637
-1.470171
6.953794
-0.3065191
3.999208
4.594199
7.619702
1.373994
-0.9956854
4.483991
4.512347
5.796539
5.799062
-0.001977421
0.03846172
-0.2131553
0.1563795
5.125109
5.558557
9.064008
0.6371313
5.273312
-1.554162
4.993651
-1.536421
2.127553
4.445809
3.783492
0.1953217
-1.014563
4.603398
2.105589
3.466076
5.290502
4.151385
5.157772
5.046803
6.929776
4.290556
4.339159
0.4836202
-1.796599
7.206455
2.837341
1.827297
0.2071855
-0.6172405
0.7078779
0.2863522
4.283654
5.210991
4.961665
2.633209
0.2330115
0.9565602
3.695395
6.14124
4.953457
0.6550418
0.5237106
0.5895305
5.012258
-0.2768166
5.015462
2.580856
6.01778
-0.02928278
3.262068
4.868269
4.964716
5.213213
5.320808
6.063223
4.557458
6.057724
0.5290307
0.1018325
4.050679
0.1287262
6.812617
5.160794
-2.155103
6.190343
7.078905
6.199722
1.830723
5.202157
0.2593351
4.072481
1.199495
5.15384
5.501983
-0.4188793
4.688991
5.074766
3.622178
-0.7233997
-0.1164565
6.219539
0.3830439
-0.4105659
5.565993
3.829486
5.740583
4.334193
4.973983
-0.2595384
7.006282
1.127389
4.974026
5.566538
6.957037
0.766716
5.647787
-0.7945583
1.060403
-0.07223105
0.485157
-0.5755437
6.484544
7.424242
4.514025
4.314853
4.022182
0.1306318
1.806116
5.342902
-1.402578
7.408475
5.35411
3.244257
5.395108
6.599289
0.3094115
-1.42124
5.237994
0.7045486
4.666594
0.3826801
5.049715
3.352402
-0.4063312
5.364384
-0.9636312
-1.000725
5.272665
4.722798
6.428322
1.623858
5.749316
-0.9819642
4.139737
0.1493073
3.188729
4.179319
0.4475197
8.436598
6.140012
-0.1420946
1.141126
5.332184
6.036088
-1.973658
5.332539
4.592366
5.636106
4.123466
0.01352141
5.848093
3.581709
5.802565
4.944575
-0.8554126
0.4020586
-0.0368559
3.447642
6.125687
6.048083
2.881355
2.14972
1.055561
5.689734
6.834501
6.391579
-0.4810378
1.034508
5.773677
2.730045
5.743709
-0.5369552
5.179838
-0.9233256
4.60317
2.894482
1.15121
4.804956
-0.6084467
4.618675
7.00836
3.997373
5.625418
-0.4528529
4.246138
0.3036657
5.920649
4.930039
7.805747
5.466589
5.646921
8.102852
1.000419
-0.1923311
6.451554
3.14885
-1.16562
-0.03577594
5.567877
5.88065
0.4415435
3.551926
4.713639
8.137359
-0.6996139
3.775431
3.894657
2.550619
4.221522
5.459771
-1.089272
3.246524
4.335985
5.608119
2.748585
-1.515833
-0.2626287
0.3742754
-1.781262
10.35361
5.508222
6.57371
-0.4775551
-0.1899852
1.164532
6.076309
5.830007
4.500535
1.243792
3.3509
5.413527
5.038292
3.980471
4.335707
-0.5244494
5.334688
6.09217
4.630628
4.728762
4.593572
7.176148
-0.5292467
-0.1643665
5.542393
-0.2127012
0.2280347
5.133289
6.374728
5.002661
-0.1976997
6.200567
-0.01779906
-0.1117056
0.3721083
4.240011
0.06921865
0.9280866
3.400524
-0.1267937
6.146789
3.834783
6.05193
-1.220866
2.753958
1.2557
5.752483
4.242203
3.114395
-1.722057
4.958357
11.65781
7.389011
0.07111899
4.127408
5.212297
0.02392625
-0.3262652
3.748113
5.753804
4.554314
0.3802203
12.95993
-0.4566615
-0.4353052
1.154458
3.154864
4.521509
4.295949
3.72148
4.218355
1.762622
5.465475
-0.5284182
6.154293
4.802614
4.512956
5.01105
6.762577
6.112502
5.038218
0.3509235
4.914937
-1.255056
4.589638
3.858688
0.7233067
3.897068
-1.009332
4.207805
5.086409
7.816245
5.550213
3.269357
4.427974
5.254717
-0.4803802
-0.3119524
0.9694329
0.4123299
-1.028778
4.520659
6.146931
0.5553613
0.2161773
6.166468
4.586982
4.822025
4.320105
7.054413
5.55406
4.004818
-0.1303125
0.6559817
4.92111
-2.127972
4.927577
2.748292
3.87318
-1.428531
0.4926568
6.133474
4.177043
5.272648
6.237403
0.1491243
0.186131
-0.3791787
5.197966
5.822181
0.130902
3.755782
2.190391
3.680667
-0.3716773
7.674625
0.7523587
1.886188
2.958584
1.603638
0.7455256
-2.850186
0.5325531
3.925474
5.570313
3.549802
-1.110441
-0.3249596
0.152826
6.696013
3.117494
5.984546
4.224711
-0.2745076
7.378217
4.516088
0.9607648
1.073245
0.8835372
-0.5791044
5.064464
4.803076
5.813332
9.173341
6.959659
0.6262114
0.2970557
-0.3119465
5.974275
4.518554
0.8283975
0.7866524
3.942892
5.553994
3.436712
0.07214986
2.032581
0.2380331
6.163974
-0.1692477
6.276527
7.03417
-0.05382411
5.701746
5.860036
2.021469
-1.010274
4.904221
1.065323
2.200722
3.7819
0.8968922
6.369061
4.446493
-2.920465
1.601237
-1.37174
6.463765
5.779977
-1.515805
4.321287
3.958828
5.668039
5.109794
0.5029615
4.631011
4.458128
0.1950828
1.091031
4.534971
3.583484
4.383164
-1.984918
-0.9217255
1.201624
3.765562
4.51619
4.14611
1.116448
1.651532
0.3915922
4.729333
5.445638
3.95036
3.750486
4.492155
-0.7821663
-0.7261578
4.487581
0.6168833
0.4959029
-2.527089
6.251712
4.464767
4.71351
7.996913
4.778922
6.331628
1.096037
5.140846
5.631521
0.5299773
-1.103796
5.604336
4.562231
6.069447
8.3239
10.71338
4.819547
-0.6036211
4.861365
-0.06512849
-0.05703794
0.03019735
2.348413
5.102715
1.831587
-0.8133963
5.359497
0.5878281
3.996076
4.699227
-0.1893433
5.428717
4.526938
5.042008
3.623744
5.827962
-0.1946096
6.088093
6.868103
6.708868
4.847484
1.307921
-0.54895
3.704678
4.75267
5.902666
3.33738
-0.4820595
-1.44512
4.543038
4.603994
0.6847344
2.768744
6.33369
5.894023
0.2517888
5.352803
-1.235535
4.332984
5.740144
0.3107477
5.991839
6.07915
5.650553
3.894191
5.328786
3.804134
6.728324
6.340752
4.563598
5.233853
5.346888
4.515289
0.08964063
6.422969
-0.3694325
0.7067936
6.394314
5.632842
-1.554012
3.472677
5.554401
3.171112
5.879289
-1.433499
5.971128
5.892379
6.136613
-0.678959
5.51412
-1.779054
5.788544
-1.58853
5.417974
0.1909292
4.148088
0.9822542
5.78597
4.774034
4.981699
2.059554
4.338312
7.35359
-0.3985513
5.930828
4.666413
0.2950274
0.4815036
1.387881
-0.1624422
5.737006
5.582719
3.285975
5.999194
1.834218
3.737774
2.877484
5.417977
5.023203
-0.9730556
5.720544
-1.330973
4.20291
0.6447323
0.7444826
4.999503
4.997075
6.51716
-0.1590017
-1.557614
0.5835662
1.226901
0.3376018
3.495684
2.424156
6.185934
5.190549
5.758305
8.788645
4.341011
3.477874
-0.8683581
4.367085
4.542735
5.375999
1.1322
4.661368
-1.141581
1.400889
4.748847
0.5449832
4.764482
6.235542
5.437779
-1.331357
4.642376
4.42493
4.527559
4.835024
6.197032
-0.4296035
5.529203
4.110419
5.408594
6.458746
-0.7378845
5.37225
-1.915337
-0.3981245
-0.3402859
-0.3947241
4.533546
1.811001
-0.4923623
4.78125
2.002258
5.538528
-0.5776357
0.8749385
-0.4854459
4.477851
0.8102715
-0.7606244
0.8381544
0.2138113
3.9403
-0.1652639
5.435945
4.344785
0.05516784
-1.374259
0.6690988
3.443853
0.05370587
5.686036
5.981196
-0.8967485
6.499677
5.133554
5.754942
6.220173
6.131126
-1.255377
0.7026014
1.248934
6.775556
0.4013287
0.026628
4.376181
5.786753
4.294511
-1.286035
0.3468206
5.523781
-1.619298
6.314558
4.873925
5.292126
1.698542
5.734468
4.977279
-1.481134
5.401389
-0.499203
7.868918
-0.2978909
-1.020402
4.037938
-1.339574
3.709604
1.075309
3.193167
2.327798
3.607885
0.7822273
0.4444856
5.817674
4.440558
5.049099
0.07416036
4.664141
4.202774
3.897254
4.34593
5.16595
-0.9002549
-0.3282586
2.916055
-0.6688403
4.418968
0.4531136
4.031535
6.599282
-0.7115674
-1.346563
6.738705
4.470065
0.1346725
4.775997
4.615645
-2.503805
-0.7415047
-0.5902706
1.120077
4.707446
4.894325
5.275183
5.521884
2.838379
7.073992
0.9107863
2.66489
5.167757
-0.5820759
0.640314
5.436746
0.2357372
6.80781
-1.442782
1.143404
7.074725
11.45406
3.85765
5.32362
4.0765
4.693734
0.5598099
0.4853276
-0.417101
-0.8654145
3.141053
6.957433
6.023361
1.42715
3.803113
0.7707137
-0.6435289
5.941688
1.855261
4.960998
4.04
-0.8684981
5.251256
0.3424841
6.756528
5.305849
3.750674
1.31542
4.999344
4.447951
-0.9498375
-0.4715102
4.537
5.593724
0.7934047
-1.107385
-2.88382
3.575824
5.897771
5.033995
7.160911
-1.381428
4.263078
5.103433
-0.4382338
0.4497114
4.081346
5.636725
5.840298
2.115756
6.373383
-0.405141
1.117776
4.443323
-1.523221
4.209857
5.630034
8.523887
1.01835
4.596873
-2.161513
-0.8139183
7.050045
-0.6328694
6.208219
4.554668
-0.08094567
5.881718
-0.6627297
-0.626964
4.866694
5.616409
-1.83483
6.218771
4.680697
0.2355798
1.497019
5.220538
1.072852
7.676811
-0.883959
0.3580586
-0.2717796
1.308999
4.58942
5.831435
3.973227
-1.791356
5.982791
4.362966
-0.8077392
4.122693
-1.559132
4.233675
-0.7934363
4.890751
5.8902
5.613068
7.3324
6.673845
5.038578
-1.364638
7.392895
-0.9549714
-0.06143959
0.258323
5.802617
4.130816
5.447561
4.319945
-0.1586811
-0.04372069
1.4246
6.429385
4.520024
4.13559
5.377151
-0.503559
6.055798
4.45704
1.276607
5.003429
4.468905
0.4791236
-0.9332465
-0.1260261
4.094656
3.273541
3.386637
-0.2333042
-0.01975842
4.757434
4.390711
0.3501669
3.864074
3.745662
0.7460298
0.6564895
4.985097
4.374468
-2.18231
0.7034985
4.850148
4.974692
7.965852
6.821159
5.365206
5.222891
6.010263
-2.764526
4.995682
6.611734
4.209315
1.131403
5.110171
1.937115
5.230001
4.997792
2.264339
2.341567
3.306628
5.157467
0.6597553
0.2416868
5.787922
0.05495656
6.025386
4.101043
-1.961812
11.81745
0.458679
11.48256
5.041486
1.061148
-1.167766
4.656383
4.871916
9.179174
-1.366372
1.642524
5.133303
-1.644505
2.660639
-1.548466
4.724926
0.9549879
3.894921
0.8975426
-0.1543526
4.92322
-2.134162
6.467557
7.56578
3.616871
6.008141
3.636051
4.377171
6.11935
4.881107
4.172257
0.6399743
0.8355988
-1.015246
1.001313
0.6265653
3.889685
5.783213
4.64871
2.521797
0.5369169
4.892792
4.752722
0.1266071
5.012925
5.127865
5.631945
-0.5937308
6.450068
3.783913
4.445552
2.724335
6.019083
0.7745493
6.252325
4.424242
0.2198968
3.208081
6.037994
1.021419
4.65521
-0.8397715
5.509909
4.248676
4.584634
3.437561
-0.003276614
-1.49736
-1.9859
-2.248379
5.69651
5.205449
5.788509
5.608397
0.4283582
0.6904498
1.995517
-1.272125
4.337354
0.118178
0.06061609
-0.2220286
0.3610865
6.420775
5.491331
1.73921
0.05204926
6.020508
-0.5407478
0.385851
6.619671
-2.320783
3.766825
4.192848
1.226963
5.092005
4.982445
5.774209
5.911503
2.771352
0.4351359
0.8532358
3.517559
3.563519
4.721449
0.7884334
-0.4038079
6.562638
4.901465
4.615372
4.790548
1.225846
2.658064
0.1391367
6.836203
4.320872
-1.297989
1.10048
5.614277
6.699942
-0.16654
-0.07271343
6.122897
4.614089
0.3805849
-0.9129825
-1.774391
-0.005673505
-0.5533174
3.129349
5.503318
2.070853
6.861158
-1.403847
5.137198
5.614891
1.635971
-0.4124229
4.811515
-0.3291034
-1.651278
5.224017
0.0327157
0.09712958
5.007563
5.589923
-0.2352686
3.903049
5.426737
5.523777
-0.1623043
3.735634
5.877677
0.2664185
5.527657
-1.24461
-0.552086
-1.354367
5.089808
0.9204259
3.041032
2.823377
5.290733
3.962549
3.498957
1.022466
-0.6540706
5.347058
7.348743
0.5627609
4.029378
-0.9418231
5.956149
5.20825
6.109313
8.945453
4.86786
3.195024
4.731391
5.755991
-1.018373
6.427175
-1.279484
5.351672
4.544723
5.055301
0.09270492
5.629156
4.504754
5.227701
4.333108
-0.03349092
-0.04584135
-0.6107413
4.745499
-0.05294451
5.042185
-0.3393293
1.318123
0.1320391
-1.251149
1.001948
3.443614
-1.355291
-0.7986281
5.959275
-0.4598487
6.001286
4.877298
1.145486
3.58105
4.557206
3.048787
6.169449
5.301856
0.5055192
1.634716
3.702073
4.809542
5.212087
4.480278
4.867792
-0.3610406
3.848469
5.824696
5.223303
4.234189
4.414817
5.010465
-2.119072
6.593736
2.070856
4.454177
1.506509
-1.016233
0.7218675
5.517008
5.161701
4.562731
0.7919083
5.338542
4.739515
0.4817837
5.368279
4.673892
0.07808744
2.596986
5.761137
0.6402471
7.186646
-0.3566696
5.291376
3.16825
4.286415
0.2220515
4.199743
5.077241
-1.208091
0.155382
-0.8948809
6.354803
-0.4679013
5.038104
6.928494
5.616111
0.780719
3.94199
3.798978
0.4865636
1.037213
1.787214
3.344663
-1.810881
-0.5204568
4.143011
5.394621
-0.8612798
7.537998
0.6830531
-0.676689
3.867634
4.857797
0.4955752
-0.4627052
4.660614
0.3935889
0.156196
4.213514
3.199597
-1.047453
6.042309
4.816988
1.944699
1.43393
-0.1744593
5.531144
4.482241
5.732501
3.769613
4.819423
3.487271
0.1838946
0.005268154
4.44882
3.468488
5.772304
-0.1928851
0.09890071
6.240691
0.5042626
3.892378
-0.5022978
3.778381
8.945696
0.1957906
4.544909
4.321077
6.216416
4.923591
-0.8519385
6.522794
2.984826
0.2831139
-0.371459
5.602651
4.58286
6.358867
1.313862
5.43798
0.1008877
0.1996386
4.381875
5.229285
0.5289797
4.422126
-0.1820001
3.444343
-0.6046691
6.620757
1.256925
6.173431
-0.8058328
5.912304
7.260967
-1.430983
-1.054475
4.387601
4.034401
0.5567653
4.488067
4.60159
5.913089
2.431503
0.4885319
4.709923
6.017247
0.2900572
5.179025
6.064775
1.235865
5.243537
-1.009529
-1.482935
2.959162
8.051122
4.79769
4.623848
0.8274818
3.592195
-1.023518
3.227105
0.6303
6.316841
0.6181389
3.872407
6.304974
1.183856
4.544662
0.6785817
5.615516
0.6440972
2.966818
-1.947271
5.179698
-0.03895807
5.491684
2.619963
6.370811
4.519871
-0.3430955
3.046726
-0.3692943
-0.611199
6.656824
3.33257
-1.597145
-0.2406808
4.245823
6.248415
5.588694
0.3572127
5.515495
-0.251855
5.274217
4.281149
-0.3489864
-0.8198489
6.327809
0.3588444
4.472318
6.290257
5.698658
-0.7331257
5.042812
3.677812
3.6323
5.456484
0.9062329
5.943881
3.413323
0.9756581
0.1653963
-0.2587841
4.953419
4.471571
0.2216717
-0.4698001
0.3475737
6.079204
5.603861
5.524983
1.388419
5.337511
-1.27759
-1.035997
4.622659
-0.162549
1.247875
5.555295
0.8959876
6.002781
3.986862
3.640781
5.008997
-0.2728261
0.2433407
4.654635
4.208913
0.3641649
-0.2104844
-0.5522161
0.7381896
3.417267
3.449873
5.040206
6.82303
5.279785
-0.1062478
5.244872
3.753254
6.414567
0.5809059
0.9827679
5.502593
0.2923959
4.465717
5.432047
-0.4235828
0.8613138
2.727496
3.44093
4.739833
3.961892
-1.051047
4.933923
5.052488
3.199122
3.989617
0.3343414
4.440739
5.424009
9.026473
6.023746
-1.003883
-0.9841549
5.749539
0.6133398
-1.231916
5.230986
-0.1822949
0.3623533
9.101251
-0.4850243
3.268824
7.163547
5.835178
1.024635
4.846268
2.668084
4.886886
3.086481
0.5558443
4.865178
4.980549
4.562679
3.471799
-0.04429917
0.5586631
6.07112
5.13638
3.470696
0.1552383
0.9216736
-0.1485036
5.138179
3.943201
4.970386
3.917459
