5.600987
5.423695
4.909656
4.562751
-0.06737169
8.373177
5.218559
-0.4932623
4.709733
4.597914
-0.5388072
7.493443
3.062991
7.771258
4.897953
4.139536
0.946176
-0.6635595
5.478682
-0.876215
-0.601849
-1.70003
6.412168
0.6937476
-1.255611
-1.04881
4.456504
5.789668
4.333322
4.014349
2.446466
0.2808794
-0.08832682
2.344049
11.08041
7.116834
-0.4346981
6.408615
0.2568006
0.8250963
6.145959
1.582731
4.144898
-0.008622326
0.4296528
6.235381
0.6971294
5.075355
10.29243
4.807798
-0.1107943
3.342466
3.57077
-0.7654879
-0.1361628
4.629545
3.965475
4.987388
-0.753875
-0.79036
5.426844
4.096637
-0.3507488
6.965938
0.5337089
-0.2012265
0.9934001
0.8965319
4.330093
1.611012
3.612525
6.076173
5.167122
0.5770511
-1.055072
4.758262
5.877664
5.636393
0.975222
-0.105703
5.86689
4.651433
4.85281
-0.709984
3.386988
-1.296216
-0.2028359
4.744009
5.38316
4.423184
6.23385
6.122422
5.213899
0.1318402
4.626921
6.865353
0.7280202
4.669235
6.255054
-0.6843096
4.640984
-0.3633378
1.233021
4.516379
4.501647
-0.4958115
5.391658
4.77811
0.739621
4.885197
-1.277047
5.728825
-0.072935
7.419864
4.875411
6.451089
0.9273633
0.9020401
-1.323182
6.68398
0.3446068
7.689399
-0.6981398
5.210843
6.536269
-2.198759
6.370873
-0.4684975
0.502728
3.751198
4.334609
-1.225274
1.102769
5.532902
4.526751
0.042897
4.642693
4.035719
1.01256
0.1546238
5.943455
3.821803
2.810369
4.316014
4.876356
1.478452
3.97011
5.289237
0.4609763
5.205619
-0.002681689
-0.1358287
-0.1054318
5.444754
5.684272
12.41644
6.037713
4.782336
0.8429204
3.951706
0.1765983
1.160653
-0.2975144
10.38323
4.65103
0.09913189
5.633645
5.082058
5.639858
6.467077
4.759454
3.131893
-0.8052135
5.711395
-0.4673943
0.7274947
3.992798
2.990099
-0.2271516
1.1153
4.471229
4.906584
4.898747
1.195231
1.568203
0.7876974
-0.4495565
-1.085401
7.383607
-0.533534
5.273723
5.747339
-0.1010461
5.2605
1.021119
3.412978
5.719063
6.452502
7.614138
4.318909
0.5697234
8.468579
-0.9962861
-0.02291066
5.570075
-1.072327
5.58308
0.6739893
-0.3684598
-1.039994
0.3786194
5.167383
0.6083983
-0.1771557
1.170694
4.235682
-0.7654529
4.016067
2.850095
-1.228721
3.804118
4.855063
-0.5299386
4.155012
-0.8706763
2.773607
-0.04646955
3.693367
6.216633
5.295435
1.634154
5.732706
4.896847
2.895777
5.556091
0.1322164
4.973185
0.07275922
2.98235
0.08315121
-0.4135681
5.302516
-1.173854
1.628806
6.474378
6.830041
0.2105315
4.965385
5.431876
1.131831
1.592084
4.378501
5.917079
3.998926
5.283802
4.842393
7.235715
-1.818068
3.044815
3.876541
4.112751
4.922601
-0.5847798
4.748695
-1.899597
-0.2181472
4.256354
-0.3622633
6.46968
5.734089
4.799672
4.486065
5.984324
4.606772
-2.27979
4.364042
-0.7923683
5.041593
4.480812
-1.016115
-2.188435
-0.5647877
0.9002836
4.787302
0.04774482
6.055741
1.612864
3.37128
-0.2407394
4.661265
0.4645631
4.02507
4.869461
1.228834
0.4678604
-1.587206
4.184611
1.000749
5.200665
-0.03521765
-1.509022
4.520864
4.774654
4.903591
4.805446
0.007382375
-0.1087533
11.19509
5.70358
4.531857
0.1966956
5.410125
1.768007
2.313411
3.096958
5.442827
7.794162
-0.432542
5.676078
0.3508395
4.741202
0.04190988
4.877961
5.780863
1.169071
0.9280657
1.049823
4.957841
6.9267
-0.5389604
-0.640844
0.937672
-0.7409679
5.208119
-0.8415737
2.177778
2.250329
4.612267
-0.1512733
6.16884
6.035044
0.6452933
2.065047
-0.8225346
0.6456791
0.5902113
-1.971958
0.7337702
4.550477
6.635214
7.679506
5.682504
4.979874
4.384291
-0.907969
4.450581
5.025744
-1.593511
4.026544
5.262163
6.823592
7.012305
3.021193
4.787193
4.41664
4.006996
5.00525
4.477753
5.750825
-0.2138339
6.578623
5.552894
5.935275
4.387292
1.991999
4.753336
3.909359
6.943116
5.27885
4.974996
4.904805
-0.7772621
5.717289
5.928277
-0.650533
5.288761
5.760027
-2.387534
5.009829
6.90015
0.3559253
3.96494
5.158723
4.136224
0.2652317
2.597799
0.1794993
-0.996939
1.4297
3.81594
0.5328586
-1.253845
-1.796165
4.465163
4.230759
3.726166
-0.4387966
-0.0178494
-2.072896
5.411878
6.582454
5.824627
4.950722
6.301369
0.8212832
-0.1057978
6.239573
7.802353
5.911392
11.382
5.401014
0.5301042
0.5728885
0.7263589
5.792811
4.624438
-2.338231
-0.5503175
0.09661669
-0.6290417
4.327085
5.779411
5.423719
4.201515
8.593013
5.587503
5.598683
4.047745
-0.3121845
3.864559
5.694414
5.790882
3.24859
6.003918
1.054177
-0.6062224
-0.1242607
0.6983353
4.439351
5.506818
-0.9843819
-1.412901
4.894086
5.619627
5.266175
-0.01821253
5.36729
4.123181
4.234717
-0.7132135
5.508569
5.596868
3.783536
-0.4539754
6.732623
2.354467
0.8046744
5.941799
4.763874
-1.257228
6.974432
-1.126517
5.140887
4.785453
1.65657
-0.368353
3.408137
0.01227642
4.397803
4.088154
5.098245
7.267638
-0.2213575
4.485507
0.336891
0.04733677
3.951283
0.2817763
0.4471992
-0.8570134
0.1808297
9.924619
3.482352
6.205333
-0.7412334
3.617177
4.503438
5.5922
4.534899
6.81095
