3.951767
4.622298
4.000516
8.852692
4.707968
0.6553955
-0.3302661
6.631144
0.4024813
5.130064
4.956339
1.121196
-0.02195173
5.159685
-0.6476908
0.3575613
1.464499
-0.4778294
5.370618
1.783228
-0.3066476
5.730534
4.845039
4.753301
3.900625
5.043216
1.332197
0.5949776
4.919679
-0.6953031
2.465721
-1.013018
0.7624722
0.3809866
0.3462152
4.760243
3.923442
2.811722
0.8710073
5.050853
0.4108396
4.67318
4.034598
4.156397
3.729665
4.378422
-1.035793
-0.6229533
0.2206507
-0.05630472
4.909761
0.4629173
4.484133
3.804368
3.9879
-0.03969907
5.337224
6.895082
3.923088
1.179879
5.068402
-0.8368182
0.4017542
4.695208
0.5784346
4.98438
6.075818
4.527129
0.7298952
1.253322
2.540826
-0.2926722
-0.6388024
7.56284
4.620274
0.1549364
-0.7111973
-0.1291438
0.1173935
0.2269422
-0.6894714
5.18908
5.805383
1.251199
0.03734016
4.943257
5.20012
4.079357
-0.7462884
5.354624
-0.3420767
0.3043376
5.005762
5.852612
5.80134
5.834025
4.433752
0.3122918
5.604267
5.980132
2.808992
-0.901956
4.243612
5.53257
3.660792
4.730236
-2.719188
10.58531
-2.087903
-0.3183713
5.077866
0.5043351
4.776498
3.2199
-0.5722625
-0.572897
5.294774
4.719886
4.367766
0.8010217
4.734379
0.03455479
5.232032
-0.2467516
3.552386
5.153792
4.166692
3.752204
5.063872
4.874947
4.493402
0.1227516
8.531904
-0.7756562
3.829255
4.981497
6.888998
4.534489
0.1202665
5.619351
0.8547492
8.013965
6.627926
2.880195
7.308201
5.6568
-1.375138
5.067013
0.3078541
4.045854
4.862848
4.028941
5.361297
5.414567
5.532995
7.229894
-0.8059384
6.98808
-0.1697942
3.889424
0.9884433
-1.381544
0.01196012
0.006058743
0.7026142
-0.7023606
3.461252
4.770905
0.6062653
5.29136
-1.635503
-0.8063118
-1.741868
5.898224
0.3115534
7.986078
6.525419
3.043615
4.655316
-2.807689
3.814436
0.4817417
6.022583
7.430775
4.088923
-1.674293
5.756464
0.1971852
-0.2217922
3.879632
-1.152698
5.651424
4.271313
0.5895607
1.856181
2.087092
5.195854
0.01791717
-0.6161886
-0.4852697
1.705462
9.661447
0.7801179
4.397582
4.012669
6.815871
4.849528
-1.271132
3.952729
-0.9195176
0.3709535
6.151777
0.07318825
0.34828
5.305058
-1.050703
-0.2103337
-1.041613
5.237521
4.628033
4.762121
3.608515
5.912952
4.389983
5.042804
4.722819
5.198236
5.199306
1.079008
6.629037
3.597677
0.1289048
-0.9162496
0.1885459
5.799463
-0.4030063
0.8509334
2.689253
5.210251
1.23284
4.991059
2.393149
-0.5835103
4.447603
6.135334
0.3022667
4.663994
0.06866952
-1.125512
5.865663
0.7624408
4.189513
4.178389
4.520209
4.33683
-0.5588691
6.015935
1.942134
4.873228
5.558955
5.834634
3.63593
0.2501407
-0.01014016
4.31469
0.1388052
5.110178
-1.350522
4.897268
0.4393058
5.563116
7.126072
5.119938
0.466902
4.876967
4.95535
5.715196
0.2822159
-0.2646107
4.047516
4.943769
7.837305
-0.09312461
10.34493
-1.357142
5.315137
-0.4747145
0.6018923
6.770917
5.72896
2.096255
4.750699
6.40626
5.123677
5.194274
-0.05413423
3.630611
3.408705
-0.6592662
3.827472
0.01001207
0.8929234
6.144489
5.695706
5.52413
4.016073
5.656235
0.2427232
0.4574985
5.012045
4.163277
6.172971
0.4478225
-1.033429
-2.414075
8.549048
1.637884
4.092975
0.7802551
4.945653
3.447539
3.282516
4.507666
7.034658
-1.251054
-0.466421
-0.6467931
5.368166
0.7749613
4.82873
6.221842
-1.760753
1.103993
6.855534
5.577632
0.661456
-0.4803218
-0.4116141
-1.601891
4.840846
5.278163
-1.877347
0.200839
4.694777
0.2027957
0.3744166
4.459096
-1.036158
3.565071
0.3829372
6.913689
4.460363
6.41017
1.736752
1.378025
-1.25423
4.288069
5.319265
-0.4070268
2.63568
5.283453
5.120775
2.580619
2.594324
3.224445
3.740998
6.187983
-0.496203
3.222452
-2.675246
8.302209
5.686927
5.55559
5.498917
-0.2421565
-0.7589295
6.444503
0.5262953
0.01172175
6.093949
5.735191
3.974031
1.174942
6.827946
3.56135
5.707703
0.2044389
0.6091843
5.830758
-1.510432
4.728816
-1.999918
5.848318
-0.591704
5.821751
4.819666
4.320254
0.5408236
4.786605
4.943836
4.867913
3.873254
0.09589279
4.196139
0.2743448
-1.276942
3.358387
3.425839
6.693548
0.1671495
-0.07430484
0.4811851
-0.750111
0.09470621
-2.847016
5.670704
-0.2696213
5.673592
0.2488785
-1.688608
4.712224
4.514192
3.703841
-1.193633
-0.7738368
0.3211662
4.5005
4.364636
5.819562
0.677663
0.4101173
0.09369657
12.89262
4.381447
-0.1475733
0.4148767
-1.787534
6.472147
5.244362
-1.311949
6.110969
0.7890233
4.766062
3.952001
5.218536
5.10298
0.284029
6.621048
2.445118
5.244073
4.50427
3.253933
-0.6669412
0.9424595
0.07915015
5.763
4.185828
0.05554218
2.923971
0.6587521
0.1699025
5.669301
6.14712
-1.109809
1.438591
3.344187
-2.986807
0.3777791
0.1988295
4.360027
0.9519462
5.227127
4.711973
1.347128
6.139589
5.364947
3.901304
0.4682533
-0.2306467
1.482988
5.132735
0.1571112
-1.498091
0.3333026
4.220097
-1.777404
-0.7637234
-0.8036859
-0.04579347
-0.5515051
4.569681
5.19914
4.63719
5.812174
0.7698189
4.785993
6.97393
0.006852718
7.498295
-0.7984193
