4.287679
0.6583839
-0.8023445
6.299079
-0.1800676
2.193878
3.980826
-1.787789
5.107557
4.512285
-2.439143
0.1746844
0.5629446
0.469876
0.001923937
4.671993
10.38249
5.360997
-1.687143
4.384883
6.053146
-1.217709
0.03071163
3.299683
6.940636
5.148899
4.09012
-0.6292764
1.065066
4.472811
-0.2044393
-0.3039141
4.421576
5.575641
4.235154
5.564464
4.70029
4.89475
0.6463391
0.25458
-0.6190571
1.455291
4.36718
5.962253
5.597492
6.026918
5.893732
0.5780145
2.810026
4.140926
-0.8653448
5.997877
7.282352
1.464798
3.498002
0.157461
6.375006
4.396235
3.302295
4.839596
3.300905
-0.0588126
0.3279123
5.574039
-0.6251082
0.7951938
0.9352183
4.145448
5.403649
-0.7748528
5.166149
0.9510134
5.208839
2.554695
5.009249
5.87991
5.703831
3.372724
2.62933
-0.8398269
6.049299
0.4241177
5.401107
5.065642
3.742475
0.07700585
-1.78106
0.9613581
-2.034358
5.496019
-0.3712698
5.040613
5.766984
0.3331899
5.088112
4.850403
4.410806
3.963714
-1.076185
3.543702
7.329521
-0.0007316211
-0.8956636
4.554434
5.351459
-0.8057488
2.411368
4.915867
1.605699
4.990891
4.858336
3.608246
2.384349
4.556732
-0.322646
-0.02060716
0.6144466
4.047175
4.92953
0.7008268
-0.9943754
4.590742
5.567032
3.743847
0.02044602
-0.7396011
-0.1605446
3.072412
-3.752201
4.717054
4.113109
-0.7636073
-2.140942
-1.279402
0.7270992
4.027315
-1.540314
6.890648
4.717498
7.534484
2.56033
1.246964
2.963962
5.236451
4.769097
-0.4907599
5.093534
0.512197
0.457216
4.766126
3.371747
5.661702
4.099724
0.3980456
5.316546
0.5517179
5.07852
4.410554
0.8091931
5.952136
6.674706
-1.079115
0.2675719
1.508029
-1.471331
-0.582221
5.225391
-0.6586842
0.4380194
0.162645
5.768549
-0.895836
4.68021
-0.4303922
-0.03372628
5.39679
2.143669
-0.5833493
4.913581
-1.43327
6.96316
9.276752
4.513046
-0.5611274
4.945242
0.213924
4.898422
6.732985
5.162584
0.3042163
1.338376
3.478947
3.20708
-0.1471596
3.683505
-0.1517394
7.205176
0.5333593
4.985169
4.167485
5.679243
-1.313375
3.126758
0.9157518
6.927828
4.318786
1.466063
4.292395
3.772596
3.846069
-1.890216
1.208239
3.423108
-0.1013403
4.438894
0.2009564
5.465127
1.754794
-0.3064417
4.41418
0.9868448
4.647803
4.181214
1.973062
0.2664862
5.3795
4.405164
5.695149
6.142324
-1.556206
4.648569
-0.210867
6.522632
1.660933
-0.8066343
4.40184
7.046469
2.796554
6.985499
5.349328
0.2902774
0.3231826
4.355825
-0.5124878
5.542436
5.232979
-0.1405647
-0.1082075
4.437691
6.314771
