5.687874
4.917527
-0.012304
0.299404
5.738704
0.836395
0.8643284
4.128224
3.961532
0.5880866
3.376575
-0.6253992
4.787211
6.278651
1.098335
9.68023
1.242944
5.281639
6.418449
0.2214841
4.046017
-0.2001485
-0.7038154
12.25231
-0.1607293
0.3579995
6.326612
-0.8119338
0.6237283
0.4489501
-1.276186
4.782374
4.453467
5.040923
1.078666
3.315028
0.08986246
5.380418
0.1670826
4.071907
-0.7755967
-0.5116374
-0.9320552
5.033191
4.950863
1.171789
5.6148
-0.1522019
0.2392861
4.69187
2.453791
-0.8868372
-2.544849
-0.7147839
4.719677
6.245555
5.286672
-0.1418164
4.294307
-1.403728
0.4446754
0.480689
5.528035
-0.3113251
-0.4816085
-1.364462
5.767214
9.029425
4.294386
4.822689
-0.7753319
6.013443
5.226839
4.91268
4.302883
5.300354
-1.642062
6.293766
14.48201
4.733378
4.541399
4.513726
5.035837
6.265762
1.358092
4.753837
4.751558
-0.7850915
4.386956
4.872786
5.401934
5.946724
2.986466
1.703297
0.9915535
3.572746
0.3452796
6.12969
5.61239
4.156817
0.03814381
5.428633
0.08416677
7.706618
-0.7315557
5.180509
5.263924
4.970246
4.888953
-0.6637524
1.094621
4.774392
4.434872
-0.1948499
4.319387
-0.4375243
6.630495
4.710883
-1.559856
0.6645415
5.605482
0.5408851
-0.7858388
-1.02709
3.949119
4.000147
0.7761491
5.226095
5.354852
0.9435453
4.958253
1.578022
1.551722
5.270702
4.010026
1.479373
0.06059865
4.454723
4.734047
4.189263
5.047079
-0.2278147
-0.649158
-0.5762759
1.072523
6.171948
-0.2915398
-1.526304
1.397556
5.812557
-0.640958
5.672236
0.355762
6.115253
5.775419
0.4503773
3.506106
-0.487391
5.733867
2.080018
3.826319
-1.328448
4.86653
5.48754
5.969104
-0.1040535
-1.867359
0.1329155
7.906448
-0.2751397
-1.051271
5.379085
1.183188
4.838407
4.058182
0.46739
-0.9650825
4.745234
6.045537
6.714622
3.995832
5.110664
0.2475882
-0.3016491
-2.851637
5.667217
3.824516
0.3860896
4.725347
6.052167
4.801828
1.582352
5.695353
4.919206
0.1374058
4.278357
0.007025284
1.722133
4.438155
0.1623771
0.1010884
4.532214
-1.359248
0.364735
5.953467
0.4797676
4.992639
3.876415
3.826159
4.240788
1.042585
0.3709918
0.05811261
4.707308
0.9904675
3.69566
6.860972
-0.850072
-0.1295575
0.1755549
0.3215596
0.6706506
4.706767
4.546201
4.089044
0.3699393
4.990432
-1.460346
-2.059564
-0.8466862
5.361806
5.46579
2.81716
0.8855972
4.411408
3.382456
-0.1768883
5.661155
-0.006178575
0.1489706
4.627955
5.260701
6.8764
3.824369
-0.6510879
-0.6091383
5.185037
3.378785
0.37088
5.935262
