0.3590061
5.36993
5.655142
-1.30329
2.405173
-0.796066
4.257051
5.308126
-1.003725
4.977392
-2.156899
3.716021
5.360552
6.174867
0.1553331
5.586543
4.246353
0.7635927
6.497259
4.668219
1.498261
3.113094
1.123956
5.322162
4.870716
3.426985
-1.335552
0.4832452
0.3970684
0.9261648
-0.2563472
4.85192
3.345435
-0.8738973
5.145381
-0.4873954
4.291377
4.75382
-0.1300308
4.039037
1.02023
-1.128253
5.332141
1.409499
5.674101
0.8138382
0.1008767
0.3637536
6.745607
6.581006
-0.7661993
4.201506
0.07153455
6.062279
0.9107832
3.955656
3.402144
6.037545
5.275274
5.080336
1.306204
0.3225306
0.7732443
4.73108
-1.217941
-1.432388
5.536281
5.361136
0.4456421
-0.08269267
3.941764
0.6841953
-0.00448826
4.079077
5.390771
4.561616
4.78781
-0.7945635
-0.6425686
0.8269705
1.140841
5.073343
1.699042
-0.2763708
5.125936
0.3309351
4.812804
4.484586
5.760125
6.696526
5.502644
1.643256
4.50027
1.374266
-0.4121304
9.110168
-1.085449
4.765853
5.681723
4.555099
-0.04718441
6.182239
4.577492
5.258218
5.948448
4.398666
4.641306
0.7215142
4.394436
4.655265
-0.9605009
0.3695473
-0.7204037
-0.8605814
4.459204
6.191643
6.485704
3.265938
5.637323
7.235898
4.985579
5.798573
3.643324
4.351144
0.7299416
0.382465
5.076726
4.389474
-1.371968
-1.026088
0.2751462
5.184638
-0.8297678
5.00854
-0.570323
3.708831
3.47118
0.04770837
3.383225
3.358573
5.350794
-1.904784
1.02123
0.09368556
-0.6423517
5.350168
-0.9664969
4.393853
-1.509576
7.14724
5.840392
4.632691
-0.2644834
5.077235
5.52559
0.9704676
6.086312
2.980073
0.6568909
-1.11325
-1.243646
-1.496021
1.404255
-0.5881275
6.758168
4.102356
6.301762
0.3718221
3.717471
3.55644
0.1020137
5.296989
3.787919
5.11311
-1.285667
4.760493
1.909002
4.87818
4.424802
4.609928
5.708564
4.436116
6.106267
5.680886
0.2793628
1.046753
4.880062
0.3521455
5.775644
2.993761
5.118462
4.592105
5.076891
0.803445
0.3248665
-0.7099284
5.273645
0.02174686
5.546312
-0.1257928
4.924088
-0.2563656
6.613819
3.51794
1.420313
1.013802
6.204949
-0.4303259
3.567993
5.283578
2.235039
5.965629
7.537723
4.686072
5.707224
1.210064
5.507767
-1.307193
5.421201
6.522733
-0.5037404
0.8377098
-0.5695795
5.176922
5.097547
0.5812451
2.428382
3.964792
6.522189
-1.534155
1.507391
6.810919
6.583624
-0.784243
1.959055
-0.5523673
6.349589
-0.6947594
5.913192
7.845487
-2.074885
5.721137
6.280897
-0.7196807
4.27926
5.530261
4.977801
4.684441
4.778309
5.163435
