4.322878
-0.8724046
8.949758
4.266835
3.278262
-2.340429
13.61432
5.880919
-0.6818292
1.436293
0.1381929
3.389056
2.4775
-0.3378676
5.99551
-0.55745
6.69
9.118486
5.99559
3.648516
-0.4615509
3.550169
-0.1918573
-0.299763
0.7489347
4.595054
1.974487
7.800359
3.111332
0.4432927
5.410081
5.608443
4.996511
5.522484
5.510439
-2.138198
4.523884
4.609991
6.049743
0.3033358
5.218333
5.187018
-0.2542556
5.084172
4.638397
-0.5789513
5.910314
6.848231
-0.4613026
-0.8789608
4.933826
0.6492557
0.6159669
4.046629
6.058068
6.009751
5.352565
-0.1263367
7.6644
-0.3759259
-0.4451373
6.128103
4.907592
2.219173
-0.1298061
0.8285484
1.086393
4.994445
5.580741
4.446473
0.4706096
6.213224
4.956977
6.464359
4.801457
1.483173
5.410596
-0.01713221
5.172764
3.943514
0.1987859
0.3509804
5.951803
7.311928
-0.6306609
7.594544
1.704558
5.811424
-1.363469
6.166609
4.640448
-0.005690637
4.883391
2.333248
4.449499
-2.237156
5.023866
8.11407
4.630108
-1.899526
4.510462
4.50882
5.416942
-1.115176
4.278962
3.904484
0.3071133
6.177362
4.278747
1.656102
5.812837
3.39107
5.001295
4.571725
1.950887
5.062612
5.034844
0.4172571
4.010411
-2.957869
5.778471
2.810656
-1.409778
1.211519
6.864452
3.940538
7.424158
3.938267
7.061971
-1.323012
1.025504
-0.6396564
2.96907
3.556598
4.330111
-0.4174304
4.946261
4.400609
5.208211
0.5575713
6.525845
-0.6065467
2.720783
3.236775
4.210205
5.999127
5.219846
6.912077
5.925543
3.084387
4.831769
-0.4435971
4.666227
-0.38588
6.677377
3.442066
-1.390519
-0.00521224
5.452006
3.536203
3.744759
-0.2482923
5.462408
5.939716
6.094894
2.544699
4.486837
4.957639
3.173141
4.941799
5.119065
6.63156
9.896227
4.214451
4.161246
8.507372
3.673083
1.575805
0.163762
9.796024
5.251911
0.3612514
4.419956
0.5717802
9.24279
4.03973
4.198811
4.648933
4.572116
0.6150453
6.246705
4.704571
3.486796
-1.073286
4.996057
0.5796103
-2.043656
-1.902798
6.077166
0.6902693
4.754513
7.394662
4.552384
8.148812
-0.3425151
0.4605403
0.07810603
-0.2841645
-0.9231378
4.718021
5.004775
4.929201
2.794352
-1.103838
-1.011718
-0.6134591
6.211612
0.08608782
0.4884696
3.838738
-0.7170566
6.106206
5.380464
4.777158
0.4620027
3.414451
5.214011
3.060773
4.08703
6.146666
6.125011
5.097449
5.428145
-0.4380562
1.802293
3.684179
-0.0402072
2.115561
5.339205
10.51355
-1.022924
-0.05185132
5.035218
1.315531
5.939656
1.623409
0.5656782
0.284027
5.633366
0.8248534
-0.1994205
-0.8352414
2.948033
4.473918
4.315101
4.542309
6.10387
0.1919243
-1.109599
-0.9799733
-0.2221893
2.674725
1.424311
-1.472159
4.711485
1.087766
0.6717179
6.909016
-0.2113957
0.6821102
2.886408
0.9202241
5.210788
-0.3954701
4.556376
4.161337
-0.6318984
5.796333
1.722221
5.861853
7.367836
3.517558
3.974932
3.307859
0.1415472
2.135999
5.614318
-0.8525851
-1.732878
6.132782
-1.187277
0.6709463
1.135304
2.813386
-0.9304898
3.512528
5.091878
6.91912
6.553393
6.268857
-1.547597
5.247742
4.816395
5.706759
4.561571
6.146882
6.152825
5.079664
5.652994
5.360679
4.203632
-1.913125
5.398575
4.551677
4.477394
6.087671
7.820884
-0.7265257
2.862769
-0.1450371
0.425698
-0.1205299
-0.628986
-0.02770065
6.115599
-0.7463212
6.244096
5.057195
4.225257
4.093369
-0.9305933
4.702199
-0.03473957
5.432764
3.382751
4.007597
0.2914748
5.159503
0.07151579
-1.04491
8.815562
3.693428
5.422168
-0.9109086
-0.450188
4.6292
5.110282
2.394957
4.794004
1.397747
5.224452
-1.649236
4.934104
3.969309
-0.06579482
4.809028
0.04031558
0.448707
3.180273
0.06266199
7.92368
1.852149
-0.2570643
4.985215
-1.668697
5.5832
3.454587
0.8744644
6.62426
-0.032347
-0.1969999
4.457026
4.937424
7.571411
5.638174
-1.753282
4.802514
0.2332315
5.443061
-0.8448276
5.739763
4.114031
3.456456
4.895531
-0.1793209
6.763265
4.027951
-1.048297
5.081164
3.701959
4.598925
2.453446
5.824102
-1.177808
4.600464
5.027093
7.437006
0.07005852
4.699469
0.3200842
3.077239
4.760012
-0.4999213
-0.6516995
2.009228
4.761486
3.827726
-0.06017639
5.119539
6.20333
5.593823
0.5327359
-0.5689381
1.189361
6.636465
6.348315
4.707772
0.8854691
4.4393
-2.010318
-0.5192489
6.277269
6.521024
0.5000149
-0.0005391566
-0.320846
6.178027
0.578175
4.67476
0.9580419
6.837612
1.66443
0.6590714
4.91645
3.780898
4.32894
4.931677
1.175845
5.645219
2.149033
1.135573
4.683209
4.962387
-1.214756
1.13068
5.953089
4.108318
5.788165
3.836116
0.4398357
5.597047
4.050983
6.620144
0.03131485
-0.2900669
4.524128
-0.6652816
4.190349
4.687731
3.353636
2.558105
6.161691
5.970567
5.055782
-0.5820346
1.282967
1.140073
4.645935
0.6618447
0.6357678
3.528745
0.4166972
3.971406
5.78431
0.5191729
-1.449864
0.6144241
6.020985
4.371606
4.113214
5.124123
-0.3249213
5.668652
-2.082615
-1.80938
-0.7723725
-0.9018595
0.7992826
1.233327
6.212788
-0.7779053
5.301531
0.937667
4.961651
5.147654
3.191984
5.151462
3.999455
5.536361
-0.5872989
