3.986392
2.036886
7.180444
6.35141
5.996975
-0.383691
-1.092174
4.836095
5.433767
5.794968
1.607557
6.534882
-0.06790145
3.836059
6.341408
0.539483
-0.0787814
4.636068
6.648997
6.309674
3.252808
5.744807
9.737588
-0.3465537
4.76209
5.617838
5.4615
5.078675
6.577353
6.666763
0.3051161
0.684744
4.492232
6.76746
3.785068
-1.577859
4.160614
5.433574
-0.863122
-2.17915
1.036628
0.4044165
3.979188
4.503022
0.7819856
5.566423
6.467466
-0.6982415
0.1347345
2.272844
6.440742
5.449913
6.926425
4.540382
1.258753
1.749159
5.261524
-1.185138
-1.276249
6.478534
5.3579
6.031415
0.05560397
6.840361
-1.624636
5.647628
3.491085
-0.2155611
-0.09504334
0.9981393
0.8029
-0.5298874
7.188394
0.1009944
4.595821
-0.3523177
4.689179
-1.106589
4.426352
4.578403
5.821366
5.296597
5.409051
-0.02257036
2.981131
0.1916518
3.052
0.2038074
1.185072
4.597986
-0.8277112
6.196361
5.544008
5.482343
5.790116
-0.2648535
4.505511
-0.1699626
2.166256
6.461717
-0.6633837
-0.5607147
0.2301095
-0.7147179
3.78879
3.7135
-0.1192557
6.15982
7.594884
4.278419
5.229969
7.784508
-1.218283
0.0477935
4.145051
3.7681
7.093318
2.238565
5.675862
-0.1080458
4.514101
4.932656
5.140266
3.910047
1.988754
4.410957
-0.7433543
5.456807
-1.183004
4.715532
8.385276
5.537727
0.1517683
5.212527
7.936597
-0.8562117
0.07381074
4.511303
5.219507
-0.8010586
6.324124
4.537644
6.557492
-0.3438132
4.313309
5.684417
5.841113
6.039382
2.668154
4.707726
5.813214
-2.396363
-0.1294403
1.371877
4.068597
0.1156067
0.6784344
5.819014
6.440165
6.248146
4.043599
4.727841
0.5845424
-0.5378784
1.862025
6.865664
-0.5299335
6.262839
5.57383
0.5919755
6.988077
-0.821295
4.155889
5.229235
5.220335
0.7362607
1.311664
3.143068
3.120919
5.899675
0.8065183
5.190989
1.636569
5.938358
0.363265
-0.1342687
3.305101
5.933357
4.115252
-0.08948274
-0.7764481
4.188754
4.910883
3.496856
-0.7766912
5.178335
4.166209
-2.333777
1.753244
5.426686
-0.3506226
4.781812
-0.01167845
-2.045432
4.839235
4.980597
3.849577
0.7262588
1.9441
4.147458
0.5102372
5.732694
5.288395
4.531021
-0.334411
0.4897999
5.800839
0.8477254
0.2248857
5.788912
6.575683
1.301049
3.956842
5.489021
6.108258
-0.8979345
4.723196
4.953886
-2.250077
9.265121
3.74481
5.044315
5.798343
-0.4125276
5.574732
5.06207
2.873204
4.043661
6.054838
-0.145649
6.829373
2.108915
6.077625
1.335399
-1.745509
4.569462
4.785093
6.27169
4.999234
2.078744
