-1.420727
-0.9296767
0.2406074
0.2647902
6.287584
5.457403
5.070052
1.948654
4.541822
0.6845376
3.866894
5.859957
-0.7168546
0.6928772
3.427839
5.33723
4.674877
5.971338
6.030171
-0.2321677
-0.03450524
4.181022
0.9921241
6.900107
4.911988
3.166215
0.7209319
-0.6604963
7.232805
2.971485
5.122461
5.270063
-0.5407859
4.532421
3.215212
-0.1971046
5.150385
4.530047
10.9884
5.237511
6.516813
4.283081
-0.4446503
6.607673
4.570614
3.064376
-0.9889913
3.929813
-0.2377477
4.576868
6.914776
1.238649
2.729073
4.835819
4.982471
0.8031044
8.567537
-1.086227
-0.02411227
-1.728357
0.5161384
0.5932213
-0.4729713
-0.09695085
4.59484
6.038038
5.518595
-0.02567834
4.825178
5.97759
2.715905
4.668309
7.659404
-1.673433
0.2077234
-1.304852
4.05143
1.471252
-1.182788
0.6675149
3.820727
6.092903
3.379817
0.1376939
3.436913
1.235132
4.539823
4.394907
1.403563
-0.4249791
-0.3243386
-0.08879247
-1.218059
1.570415
5.213203
6.324536
4.910469
-2.067563
5.377523
5.321023
5.836165
-1.097313
3.266452
-0.3873343
6.065255
0.7948039
-1.231962
4.994762
-3.055437
2.580823
0.4729104
4.447377
-0.2364126
0.1974982
-1.899198
5.257436
8.19044
4.163153
4.477037
1.194517
3.947583
1.079297
6.225497
3.127087
0.5088826
0.07442215
-0.09795455
5.742261
6.759332
0.6209605
-0.9173923
-0.8624452
3.435888
5.875797
0.03031323
4.625083
-0.1813463
0.3123009
5.261412
4.771883
-0.3105298
-0.5965587
5.752769
5.248424
4.206619
-1.633229
5.881749
-0.08521376
4.923274
1.389471
4.062854
3.175654
3.578482
4.787781
3.334481
-0.3267473
5.080538
-1.397996
4.730449
6.366693
1.123056
0.2942327
4.936974
4.260856
4.874471
1.560779
2.364453
5.741612
1.205775
-0.6300408
7.578424
-0.002469025
-2.063
-1.601027
4.109614
4.146409
-0.10724
5.9845
1.170303
1.789192
4.945406
4.356517
4.011326
4.357153
4.883883
4.519637
4.233149
3.480413
3.572611
-1.987515
5.916616
4.498177
-0.05721555
3.614975
4.916487
0.9725194
0.01901682
0.1041857
6.100899
0.003260624
4.655254
1.490781
9.123038
4.999047
5.937679
4.531877
1.628865
0.8442679
3.430945
-0.2666837
0.7445352
4.532534
-0.6359767
0.3705764
-0.9128282
6.34237
5.498369
3.875011
-0.2936877
5.39798
1.474765
4.046965
-1.086835
5.740721
-0.2804529
1.848337
4.521763
5.083259
4.545106
1.71459
7.002544
5.637646
4.372435
0.4162206
0.01033746
-0.5632865
4.976507
-0.3280196
3.580673
7.936501
4.655016
-0.3099995
0.2054115
2.097959
6.030921
3.448699
6.29135
5.419488
4.578541
0.07278047
