5.445165
4.949127
4.21516
2.646433
5.465826
5.95215
-1.596942
4.48031
-0.1082882
0.7965463
0.8002502
6.855579
-0.521983
2.343347
0.775482
0.4624689
-0.420747
6.525008
8.397807
5.746953
-1.336693
0.277127
1.128762
4.808372
-2.240651
5.531153
4.989755
3.815697
4.435
7.357679
-1.134043
-1.484627
6.40756
4.862763
7.011625
4.803882
5.536888
4.685173
5.720806
4.297145
4.796616
1.941747
1.543293
4.851184
6.406258
1.291326
-0.7496402
1.833063
5.407137
-0.7769205
2.111515
5.803254
5.984418
0.9144415
1.006541
4.81249
-0.4003601
4.750978
5.028207
6.493963
1.222694
-0.5163003
6.015343
0.00494089
2.835891
6.014699
0.5700984
2.637058
4.701473
0.2553005
0.9064771
0.3184018
5.39973
5.841398
4.900577
-1.664067
6.196264
5.636078
5.788966
3.814865
-0.5348335
5.141846
-0.162095
0.3450527
-1.416911
2.145466
5.055327
3.997959
5.974077
5.29316
1.078207
4.138282
0.9102865
4.895513
6.694583
3.968969
5.940374
0.8235025
-2.644257
6.085686
-0.9114656
0.4856804
4.483629
4.020217
-1.083227
8.775741
0.5435183
1.573831
6.948521
2.425582
0.01906585
-0.641267
-0.7319836
5.041066
9.029401
0.6154927
-1.174062
2.36755
4.637908
0.7785936
-0.716661
6.927056
6.95187
1.802313
7.856582
1.34156
3.91593
4.9658
1.080692
4.997365
0.4799168
-0.1167551
0.994816
5.832046
-2.768136
4.377537
5.818545
-1.195678
1.79076
4.762773
4.528309
4.498552
0.5952908
5.499016
6.439328
4.394996
5.882751
-0.3547589
5.668267
3.918513
0.2307825
-0.6023275
6.061839
6.051588
0.03813731
0.709544
0.9359244
1.120546
1.381534
4.194567
6.30204
0.03006902
3.53954
-0.8709401
4.909884
3.482781
1.528713
-2.440063
5.045193
0.1562994
6.886319
1.055321
-2.214275
9.723977
-1.499356
4.981702
1.206274
4.366764
5.305379
5.411329
3.281529
5.51057
5.960544
5.081706
2.124603
3.317363
4.53381
3.933182
4.533457
5.008573
4.564709
5.077115
5.078394
4.843912
1.384994
6.351059
2.054224
4.702165
1.412588
4.575811
7.428239
3.569193
0.4245669
7.838638
3.154202
5.238886
4.533292
5.769765
7.771704
3.835454
1.157575
4.999187
6.367476
-2.069162
5.337354
5.098536
4.253772
4.107329
4.715174
3.349435
-0.178151
-1.298578
5.946308
-0.5399451
3.575716
5.811817
4.028018
5.706241
0.2133306
-0.8725146
-0.9903441
-1.060104
4.602599
1.684123
3.935129
5.991823
6.249896
-1.150565
4.949176
4.924636
4.770713
5.863753
6.034986
6.610638
3.946057
10.1768
-0.5497798
0.310125
-0.8264733
8.414894
4.250461
-0.2605466
-0.1054714
0.2032092
4.265892
-1.119464
0.5080813
5.495178
10.5795
-0.5647457
6.883717
0.7200755
5.141737
4.760952
0.02900301
-0.3508357
5.967505
-0.9294317
0.8434944
4.786575
3.751176
0.6978292
0.1586383
0.6853279
5.363449
-1.155284
-0.2674735
7.091283
6.008776
5.985307
-0.9967128
2.791369
0.8230546
4.952113
5.148321
0.9031824
3.50721
4.727364
7.475146
3.652189
2.702953
10.77997
5.003727
-1.089061
0.950533
-0.242894
10.21825
4.729038
1.613706
3.654328
3.52873
4.972226
1.187214
3.706658
0.9845386
-0.848765
4.237948
1.867845
6.452879
5.050473
-0.5355357
4.607972
5.68415
4.675738
0.4772619
4.925844
-0.476023
-0.954466
-0.7816348
4.669795
3.876673
5.64399
5.971666
0.127466
5.359514
6.737554
5.495924
-0.4827168
6.637392
6.156117
4.19336
4.050397
9.373312
4.68426
-0.6898122
-1.108418
4.868549
4.644276
4.368415
5.843255
4.072477
5.811534
3.586986
-0.4242106
3.804743
-0.6544515
5.672338
5.018549
1.525706
-0.8260006
4.51573
7.390055
-0.4490322
-0.1586454
6.142332
4.640377
4.206729
7.695911
4.771058
-1.029084
5.077308
4.684747
4.263331
6.074714
-0.2815051
4.235601
-0.1608269
-0.4905754
4.273861
2.758016
1.823137
2.414958
5.800409
0.9571158
6.300761
3.708208
5.836087
3.44941
2.271946
0.1565565
-0.4589322
3.78011
4.824602
-0.5503714
3.50828
5.519931
1.088576
0.2757325
4.705728
1.104056
-1.035532
1.217838
4.094274
6.210051
3.822642
4.52667
-0.9539995
3.683153
2.392508
0.8373058
1.633103
4.659346
5.179796
6.122247
-0.1997564
5.098988
-0.07783898
0.2101768
-1.497473
-0.5212891
4.758843
5.450878
4.616542
5.710011
6.23213
4.011115
5.601676
-0.07094756
-1.472474
1.36598
4.332455
-1.107074
-0.6184123
4.108299
5.502642
-0.5330765
1.675074
2.874744
-0.2366383
9.252891
4.519572
8.132885
5.131302
-1.141723
-1.975494
3.950286
-0.7366133
-0.7331204
3.878996
6.183881
-0.8879281
1.768591
0.6469751
4.450183
5.696579
4.432247
0.7023586
3.761948
4.425016
4.357497
3.265483
-0.08797107
4.35448
5.743303
4.604073
0.6208319
-0.8242111
0.1213686
-0.1752978
7.04836
-0.131616
4.824228
3.392039
5.482188
4.873144
4.954885
-0.9274147
-0.2423979
-0.4230671
5.793167
-0.4932056
5.121135
0.09912293
5.274314
3.769716
-1.201152
4.672243
-0.5483166
0.6116726
4.429507
5.760685
5.764154
1.235319
1.159529
1.496331
4.428451
4.909783
5.529307
0.1329118
0.6283038
-0.2991264
-0.3660401
-0.5784485
5.492362
1.151423
1.737581
6.092135
5.028577
4.076917
-0.07202141
4.886986
4.406006
4.178768
3.818208
10.2892
5.429152
-1.554269
4.194946
4.689068
1.829759
4.047632
0.009784054
0.9712917
3.541167
5.980789
4.30184
1.205484
0.2838814
0.9335118
4.660073
0.123718
5.049896
-0.1356625
0.9257711
4.655068
2.37976
6.687785
5.710842
5.268571
7.87966
1.320293
-0.5637925
-2.260188
3.918027
0.7395871
0.1304553
4.796929
-2.331024
4.969561
4.945967
7.358032
-0.5233391
3.953263
4.481107
0.1587239
1.214896
-0.1356266
5.820964
-0.3655641
7.369169
5.429871
5.072392
4.414657
4.959665
0.1412881
0.289648
4.757376
0.7781694
7.394586
0.4127783
6.579277
-0.3638778
-0.08759631
2.84491
4.582944
4.822846
2.381105
-0.1011926
4.390011
0.7396689
6.038298
-2.114311
-0.4117939
5.890814
5.550461
-0.3735794
1.734783
4.614874
1.434691
1.322943
3.441528
0.2571615
4.92275
7.199284
4.617498
5.009246
0.6588587
5.063833
5.175705
4.915296
1.224123
5.75116
3.027169
-0.265121
5.397609
-0.994963
0.6493071
7.06175
1.438779
0.008906359
5.100653
4.80798
3.519552
0.5747924
1.911125
5.543214
5.055696
3.313785
3.820955
0.2728878
4.01535
6.085871
4.448061
4.404722
2.356097
4.515965
6.864857
5.123062
-0.7895649
-1.075732
-0.3983213
0.6427657
5.025939
5.798884
6.941639
4.890306
-0.9264162
3.891751
3.237781
2.236146
3.020685
-1.606023
-0.487081
0.6851922
5.026842
5.510329
4.876541
-0.1594213
6.093751
4.852293
0.1607807
4.342261
-0.8422777
-0.09590685
-2.603432
5.509688
-0.8706415
-1.49217
4.96508
1.028968
1.411908
3.557296
5.95297
-0.01929815
-0.4523232
0.6621458
0.8045035
4.015153
0.01295728
6.216535
-0.9785075
0.4508648
3.54559
3.61557
0.9700897
0.1188238
-1.993709
4.938597
7.099169
6.399782
-1.080605
5.87167
-0.3289982
4.596528
6.587892
5.072582
5.133053
5.262363
4.301692
0.4005035
-0.05783319
3.955081
6.097406
5.603748
0.7092288
0.4721186
3.75322
4.071408
5.729563
5.713886
5.00258
0.1854
4.231168
6.269983
4.401848
5.89262
4.110031
5.037673
6.443834
1.504339
6.561271
2.284012
-0.6693649
5.206136
2.49026
5.770397
6.366405
6.85878
5.278433
3.723535
0.726889
-0.6658527
6.21033
6.070835
3.900839
0.4997659
2.51221
4.671468
1.705555
5.079041
3.792919
5.716283
5.671833
-1.300174
0.5017003
0.3727412
4.726799
0.02579904
-0.0330549
4.636424
5.015975
-0.1506866
2.497284
5.760874
-0.6644482
1.753323
-0.7916225
0.5483561
5.669215
6.250293
5.957811
0.2195447
-0.5000781
3.893086
4.807233
3.899745
-2.118306
5.300748
0.7649787
6.120223
2.472807
3.856158
4.530851
5.521485
5.887267
5.132075
5.823979
0.6258096
0.1541761
3.952479
3.917653
0.986129
4.934577
0.5939037
-1.214695
4.717954
5.612616
-0.4309715
7.946128
1.87833
5.493992
5.713939
6.586087
0.5583554
7.190865
1.481782
5.187633
-0.0673126
0.09863941
1.740143
9.274127
6.382815
-1.068035
3.938399
3.605839
1.174981
0.2351127
-2.240354
5.186284
4.093428
1.172278
0.525677
5.042685
-0.3215982
0.2593238
-0.1342443
-0.3030752
5.650233
5.420058
4.011088
4.721945
-0.1348009
5.782925
5.424988
-1.113987
0.9828182
6.423604
4.550799
2.798847
6.126048
6.292829
5.590945
5.833849
5.565703
6.722153
5.426902
8.880973
5.051772
0.0799663
6.160538
0.2428632
0.6963406
0.4827984
5.246168
4.704229
5.896708
1.044856
-0.2259845
0.2291862
1.523208
0.1533621
3.930882
-0.04390492
1.562581
2.2481
5.169471
-1.416255
6.861061
6.520186
4.361637
5.611846
0.908707
5.503161
5.595862
-0.3196821
4.239871
0.1408081
-0.5265295
-0.4227833
-0.7124039
6.208238
-0.4788609
-0.5809437
0.771918
-0.5282248
3.496039
4.266863
-0.5842684
5.430233
0.03541871
3.405795
1.244355
6.811905
-0.1172081
5.299602
-0.1257344
-1.784867
1.278894
1.161531
2.303512
4.728933
1.697517
-1.998598
4.400712
2.739792
5.439198
5.099066
-0.09053034
6.252282
-1.028951
0.3072203
5.975107
0.6323871
8.231814
4.904017
6.20047
3.941996
-1.721755
0.8513603
0.3973409
5.757932
1.568111
5.102933
5.277281
5.603445
1.722823
1.494662
-1.104958
2.391298
0.3616926
-0.5797467
0.6679165
4.328819
0.5236405
5.860946
-0.007336929
5.302469
-0.3400112
-0.7404854
5.318273
4.692947
0.3813644
3.940511
5.553595
6.674769
4.518381
5.470245
1.64285
2.945927
-0.7825035
6.60127
-0.08010644
3.810645
9.901066
-0.203443
4.994262
6.21679
5.117428
-0.7521292
5.971664
4.718791
5.742642
-2.551672
4.845962
4.408178
8.514024
6.240611
2.096498
-0.7298998
0.2979126
1.119272
4.313335
5.882434
5.21288
5.109621
0.2018996
6.739644
-1.456192
-1.003027
7.066563
5.112347
4.073383
6.722883
1.314657
-0.4183578
3.571681
6.517584
0.6507806
5.101627
5.348822
-0.2285932
3.992902
7.078523
3.872897
0.4921852
6.050193
5.919182
4.073885
6.173017
0.08009578
-0.5119717
3.986706
-1.685544
4.726873
6.156858
4.989515
4.083344
4.420024
7.079212
1.250672
-0.4919468
4.640761
6.119989
0.1443263
4.552669
0.4092939
2.71613
-0.951391
5.754682
-1.252602
3.834286
4.732987
-0.2400752
6.481016
6.34275
6.296347
6.461438
5.017425
0.4721319
6.086539
5.406316
1.253708
5.531725
3.664979
-1.586102
-0.6876413
0.8592684
0.9244983
5.738832
5.051584
6.317778
4.872942
0.8403793
2.25359
4.453633
4.946545
4.398158
-0.5047079
4.16095
4.787206
5.885925
5.796909
6.438589
4.997644
-0.7282825
0.2525124
5.20319
0.8960734
6.702151
-0.02108216
-0.4374829
8.437306
5.737421
0.5224863
4.939674
4.389162
-1.593678
-0.3492427
-1.775152
0.5117526
4.920272
-0.23449
5.780148
5.193707
5.591521
0.8000674
6.332812
5.445774
7.854464
6.683427
5.4132
-1.378458
4.90516
4.57299
5.901675
-0.6251667
5.081589
4.593116
-1.045483
5.545433
-0.2512709
0.9377502
1.330369
2.190852
-0.06557191
-1.736682
3.536684
4.716899
5.155271
5.437406
4.651699
3.399433
4.71968
6.821397
-0.05247332
5.962429
-1.566839
5.401367
4.310112
5.636036
5.739506
5.284789
4.376508
5.478342
0.3496342
0.04357397
1.073575
5.368496
2.471697
6.295166
8.957722
0.289189
4.768938
4.931526
0.4612365
0.8669484
4.29882
3.471516
0.06213563
3.803181
-0.6095184
5.390949
0.1303765
4.588782
1.07522
6.534994
5.917423
6.644739
4.529486
0.1863073
6.807972
-0.9686278
-1.029218
6.165994
5.501619
0.6560793
1.2583
0.9568837
3.688454
3.352196
4.320066
5.937332
-0.5748641
-0.1155078
5.328874
5.04611
-0.938562
6.044034
-0.6198155
3.174175
4.792544
5.488181
4.910993
5.961524
4.462024
5.498974
-0.004490275
5.204871
6.677372
-0.3268394
-1.76472
2.5216
5.492865
5.123664
4.468405
3.093439
-0.5979561
4.694059
4.395835
4.55538
0.5718477
3.802112
5.45199
5.791649
6.340948
-0.06740914
4.368112
1.615542
-0.07949019
5.6884
-0.1056969
5.790632
1.012689
3.054654
0.153757
0.8460481
3.695707
6.051321
-0.3959705
0.6267123
0.6677531
0.8438776
1.58246
0.148911
5.27275
4.960919
0.5661936
4.442715
7.028873
4.645723
-1.72539
-0.08031052
-1.936642
-0.6666633
4.869899
5.265174
6.525858
0.9871878
5.13475
-1.742879
4.520708
-0.4560921
4.285925
5.963952
-0.01728814
5.423454
6.423713
-1.307523
5.023894
0.49569
0.6994539
-0.4845957
0.2463616
5.515838
0.3678213
0.05522741
-2.297224
5.87602
-0.56865
4.123518
-0.5841175
3.640346
1.250656
0.2827958
0.5244658
6.342196
-1.277901
5.60313
3.030135
-0.9156842
-0.7498275
1.894697
1.278537
4.926298
5.380478
6.380859
-0.6888814
5.463585
4.494077
5.240442
2.883624
5.753374
4.426365
4.555662
0.408273
6.227426
5.908655
-1.723082
4.439549
3.840001
4.14981
5.719166
5.935301
0.5196035
4.50652
-1.333187
6.001004
-0.1840607
-0.6981244
4.303219
-0.765826
6.062295
-0.7597629
6.573317
4.073391
5.459409
5.934007
0.9793277
0.1862876
-0.4679419
0.2749407
-0.6450689
0.1993418
5.168436
-0.1993006
6.238509
9.243295
6.397315
5.83468
4.471901
-0.9819612
1.500493
-2.306198
5.314707
5.610142
4.104162
0.9634595
-1.033257
1.184871
4.462723
-2.128354
1.722302
0.2527154
4.807125
4.50429
5.799283
0.5174586
2.567014
-0.4877766
-0.3876087
5.842167
-1.796374
4.782464
9.309998
-1.095911
6.391507
1.615536
0.3041311
5.537264
5.324279
5.686769
9.490076
7.253496
0.3328345
0.6844692
1.481757
-0.3938606
0.628507
7.078311
5.232581
7.053515
3.666501
6.431822
1.903102
5.06887
5.678244
4.092172
0.4644859
3.734335
-0.514574
5.087177
4.146995
4.891989
-0.3219495
1.900116
-0.5886725
5.222684
-0.9069317
-2.33373
0.09599861
2.543712
-0.2294496
5.461532
4.816742
-0.5792374
0.5055293
9.277095
5.800021
5.488375
0.7557198
-0.9633568
3.668867
-0.3022409
-0.7476291
-1.783511
5.220106
6.80634
4.882181
0.6871406
-0.5821912
7.488771
5.153767
-0.6770393
4.774994
4.066228
1.033582
0.2762642
4.913134
6.90305
3.627634
4.519205
5.435297
5.58693
5.579376
1.446111
-1.190987
5.544977
-0.4153219
4.42745
0.7010586
5.776763
6.04352
3.627178
6.944099
1.835447
1.066303
1.166408
9.655502
5.115515
-1.139604
1.671236
0.6003948
1.422787
-0.6254778
3.933893
4.210725
6.079039
4.239664
5.42741
4.720638
0.3960465
5.762528
4.064608
3.467024
6.316928
-0.780365
0.09121015
0.4808038
4.617089
0.6036193
0.7323835
3.428668
5.511104
5.071461
3.78932
2.790361
4.742293
3.131944
3.10014
-0.1936082
5.203273
0.5859359
5.78284
4.407857
3.945521
5.86527
-0.6394835
0.5743136
0.2798441
0.2106973
-0.06184198
5.131017
2.932379
4.985491
5.111391
5.856163
8.008538
0.3943256
6.631685
-1.327464
0.8191226
4.907191
-0.5837043
5.150797
0.8095125
5.253302
1.936354
4.748398
0.8695087
5.743391
-1.521617
5.575634
3.586544
-1.069165
5.348279
4.254602
6.058704
-0.07629482
7.485343
6.322171
-2.016997
-0.01885086
0.4692226
6.63985
5.594243
4.181196
5.616169
7.159502
-0.6661024
5.861947
3.607241
4.346369
-0.1752364
4.791377
3.399155
0.649523
0.6972938
3.945549
0.1247321
0.3039669
0.2561599
5.681593
-1.320331
-0.7418984
0.9751599
0.07654665
3.845013
4.772677
4.548614
3.761403
5.763304
6.403796
4.942678
-1.083362
4.915688
3.424343
4.779877
-0.8520989
4.65335
5.051347
0.8962535
6.638558
5.363742
-0.7192089
0.5926439
5.057598
4.508965
-0.6000512
3.451759
4.74084
3.816763
-1.519161
5.513951
8.004405
4.756261
-0.2521082
5.460131
0.5469907
-0.903828
-1.441121
-0.7003602
6.049681
4.932391
-0.7097317
5.634174
4.182198
2.844393
0.3934231
0.5721428
3.972975
7.203427
0.2188623
2.230515
0.1919871
2.883289
4.502851
-0.1423416
4.786511
4.505413
2.99466
5.891934
4.996156
0.5927561
0.3701317
4.207244
-0.1538894
5.381401
5.238966
7.998901
7.179634
5.905373
-0.657515
5.056135
1.859366
1.459726
7.604644
4.733611
4.822302
6.38271
6.182387
0.3697007
-0.3859531
-0.728791
0.9637317
5.618186
0.1705007
3.300309
5.582328
6.268211
-2.147719
5.515111
0.4664613
2.953364
-0.1865336
0.2230005
5.455318
-3.405971
5.061488
4.78492
5.29547
-0.4765651
6.127695
-0.7604823
-1.132439
5.288113
4.682935
3.030701
2.875678
5.081037
0.06309718
4.902943
-1.270952
-0.240312
2.797847
5.156991
4.318322
5.339904
5.92969
5.313201
4.991
0.1008927
6.537913
3.30312
4.891714
6.253362
-0.950688
6.079815
4.152242
5.880288
0.7765747
4.848817
3.711666
6.034528
0.06041502
-1.029454
0.7885572
-0.4500805
0.6499062
-1.410702
4.952334
4.450014
4.124008
-0.9005886
4.314668
6.396824
3.426443
-0.4338469
5.797091
-2.315363
-1.427835
-0.3776208
-2.24296
4.876423
0.6671078
4.907177
-1.520859
0.784645
5.783216
0.6830205
-0.05233345
3.292281
5.705254
4.9052
4.837343
2.709465
6.117588
4.962269
1.489471
-0.8158487
1.335682
1.543907
0.6326305
-0.8203009
-0.05388841
4.859404
5.377767
5.497267
-1.343309
-0.5301743
1.074763
5.11751
9.773115
0.8266077
1.120184
5.454687
4.046208
-0.6162971
4.936416
4.717802
0.425609
8.411891
4.466253
5.833979
6.082678
0.614342
3.002387
4.024186
3.824087
1.175684
4.420177
5.368317
-0.3435112
4.129639
6.043011
5.68279
4.971465
3.660123
0.7689354
-1.621684
6.042478
5.419735
7.115489
-1.206263
8.255725
-0.7695156
5.617041
4.516589
0.9638627
-0.4789788
3.538506
4.871334
4.513653
1.104229
-2.077966
5.560794
5.772162
1.301914
6.160402
0.02194526
0.00769973
2.452664
3.337835
4.863514
4.360549
5.582972
4.56793
4.33422
1.419992
3.9216
0.6466282
6.244238
3.934965
1.995001
5.774509
5.147139
4.933891
4.152957
6.709574
2.312699
0.09260067
7.811053
5.662542
5.710108
4.043044
4.870872
-0.4549739
-0.2604914
1.0229
6.759289
-2.297964
5.028059
4.758933
-1.847058
0.6551128
1.426727
3.913965
0.7538102
-2.378708
7.066544
-0.4504268
5.010795
0.968707
4.242989
5.940382
-1.14143
0.7650113
4.836191
3.298723
4.097048
3.187819
1.616489
5.661451
4.859433
-1.820593
4.234979
1.652745
-0.2333007
6.149914
0.03672534
-1.680724
4.026881
-1.345577
0.7149832
4.143141
0.01405625
0.04657293
7.237276
2.445926
-0.8869292
-0.4599917
0.1086565
2.162976
4.677919
4.460922
5.647562
-1.511056
-0.6166612
4.851951
6.136987
4.132211
0.01936581
6.624666
3.805399
4.666114
-1.381507
5.347541
4.235292
5.593298
3.565413
0.03568826
6.347735
7.154791
5.8179
5.043291
3.730552
4.121874
4.198045
4.520948
4.678049
3.490182
0.4030545
5.013497
0.6947456
2.027438
-1.690942
0.890007
0.7981515
7.685121
4.187837
2.284395
1.676675
-0.7173059
4.590564
0.205796
4.212223
6.501498
-0.1128242
5.058146
10.73766
5.714634
4.482308
3.270437
0.6260742
-0.1833701
6.778311
0.9803006
3.675154
0.4897739
10.08854
6.024064
5.717703
6.068458
5.924252
4.240844
4.121608
7.07536
5.719193
11.07313
0.5367756
0.7966629
-0.5000886
3.822432
0.4405372
4.473587
4.636175
0.722631
5.862015
-1.255673
-1.310007
5.755994
4.232542
0.04621016
5.650666
0.5141646
4.895598
6.009171
5.076512
5.651404
0.3399794
0.0598689
4.355026
-2.67457
5.801858
-0.2587726
5.73564
3.435012
-0.4104874
-0.5478651
6.620795
5.096821
9.394813
4.793919
2.874131
1.319863
-1.209518
9.983964
4.823268
-0.1215429
5.822911
5.835259
4.955238
3.742376
5.536712
9.358627
4.844499
6.742518
2.797754
5.053041
5.185111
11.18499
5.204178
3.835153
4.015787
1.191683
6.98318
0.7693831
6.075515
-0.4662102
5.397112
2.51433
1.566809
5.744668
4.848246
5.18468
8.18075
4.295355
0.7220732
6.214847
6.537552
4.852311
3.577403
1.743594
3.942518
-0.2942526
6.657076
6.525227
2.462929
-0.07763715
4.949025
3.817805
-0.5271297
4.832813
4.735396
7.812969
1.052688
5.478174
2.369423
5.176277
6.070068
4.731289
-0.08582422
1.117682
6.2563
3.998076
0.9870391
1.291861
1.008169
0.03845068
6.254936
5.820863
5.195999
5.372716
0.4865041
0.2985093
9.386034
6.13905
5.663929
3.118056
4.870648
-1.012252
-0.633121
0.2760928
5.336048
5.345915
4.773882
6.737345
5.887055
4.20958
-0.6738129
0.3628093
4.631969
4.739873
5.111759
0.6264221
4.982692
5.172783
5.449954
1.023707
-1.630202
4.520831
6.37709
7.485113
3.931842
2.575646
0.5368002
7.1934
5.073307
-0.1237687
0.4805273
-0.7991991
4.417184
7.164244
7.238957
0.1647047
3.14063
4.818307
-0.4933284
-0.4606521
5.897239
-1.375421
4.016838
3.702603
4.368432
0.951174
4.480983
0.5096752
3.131404
0.1081061
-2.080641
-1.314791
3.62802
6.631651
-1.245933
6.193372
-0.6072408
-0.2042993
0.005663499
4.011836
0.5449482
3.554219
8.929091
0.1198436
-1.723869
4.551675
1.0544
-2.98016
3.595909
5.931286
-0.4371216
3.769095
-0.6511046
5.440814
4.838289
5.358359
5.973034
4.771653
-1.266407
5.310593
0.7562243
-1.57347
5.00818
5.912996
4.897665
1.700382
5.86876
5.16506
0.5991404
5.285517
-1.340438
4.308202
5.169758
3.992824
5.761821
5.049411
4.917664
0.04962844
1.893163
-1.208201
4.150635
0.7490626
4.757896
5.141906
-0.3742964
2.58514
6.479026
0.3570825
1.03238
-0.8274445
0.319488
-0.2264927
5.371547
1.454817
1.373373
3.027657
4.342151
4.768476
-0.643976
0.3841731
0.7722389
6.976296
-0.009355344
3.761544
-0.4792409
-1.798861
3.163624
0.8229296
5.171565
-1.588362
4.315302
1.228143
0.4715682
-1.399949
4.666587
5.202593
4.54833
-0.2166706
5.007076
8.693695
7.904001
4.627145
1.517879
4.624506
5.743471
-0.3370818
6.14379
0.3571559
6.527349
-1.744394
0.6943709
5.909157
-0.1454762
3.755757
5.274939
0.2581259
-1.074652
4.467016
-0.5788193
-1.132147
6.053857
0.1552941
6.766001
0.9321996
0.2015351
4.514869
5.215928
-0.5509846
6.277933
5.060874
5.280207
-0.334072
5.258179
3.966723
-1.019472
5.77632
0.691952
3.462365
0.5022021
4.906798
3.931772
5.133
0.4457959
1.306329
-1.390513
5.520994
4.291849
-1.656129
4.698802
1.165491
6.239575
6.972741
4.691778
-1.556621
3.643243
5.664409
1.662307
2.293681
3.117746
6.198957
0.2264132
4.450126
0.6954178
2.576131
2.552254
-0.1299285
4.577666
6.064223
0.1941802
-1.377174
6.633701
-0.5437777
-0.5708786
5.569405
6.574066
4.971874
-0.4186017
4.018339
4.140967
3.89418
3.773682
-0.6713045
4.573401
-0.5084787
4.908647
0.1723778
4.590684
6.73716
3.182232
0.3768561
-0.9545518
-0.422875
4.92764
-0.4442375
5.813206
4.857179
4.909817
0.4580845
4.56705
6.584289
6.421647
5.586483
-2.371611
-0.605134
6.010819
5.758679
4.995941
5.266776
-0.4310496
1.03033
-0.2049833
5.877184
-2.137775
4.431235
5.826408
-0.9996089
5.696703
4.244329
4.462512
0.6999289
5.467458
0.3422301
3.893166
6.272665
4.69433
6.161837
5.655405
3.054592
-1.621892
4.998398
3.680075
5.471545
7.129534
4.219688
-0.3260102
0.6489553
-0.2032186
4.309709
-1.39594
5.850133
1.440257
3.400367
6.199391
5.725652
4.433942
4.615781
2.476864
3.532298
4.159202
5.37059
4.29541
-1.655406
1.318253
0.3372162
4.325487
1.271588
3.17827
0.9164929
3.061781
5.692646
4.49115
3.864161
0.1926076
2.527321
4.98492
1.998609
0.203595
4.276779
0.3607113
5.027491
4.818456
11.99153
3.998576
6.592727
0.8943707
1.515758
5.008281
-0.6083987
0.06794963
4.47339
2.614891
3.615514
1.098741
-0.1071892
4.40467
-0.5726314
4.750318
5.420215
0.8182073
0.2918486
3.223712
2.840109
1.526011
-0.510143
4.385706
6.592322
-0.1295934
0.03806698
4.450755
5.306061
0.076717
5.026105
3.508641
5.188734
0.0562612
4.953353
4.627079
0.9684666
4.358456
7.63846
-1.2097
0.2473389
0.1861043
-1.247515
6.884221
6.182093
0.3410607
1.761433
-1.359359
6.747691
4.827506
3.886926
6.360071
4.595427
6.41603
-0.2706931
5.179754
1.051112
4.733722
3.264998
-0.9153882
7.557947
4.826488
4.316613
4.91474
2.875399
-0.6010894
4.912099
4.992271
5.837855
9.801389
3.678945
-0.6975722
6.997511
0.03807354
-1.180977
-0.1814105
0.2141928
-0.3913433
0.0373471
5.790634
3.776756
0.4078678
5.101502
5.023337
-0.5382723
6.400055
4.856479
0.8425609
2.368188
3.940151
5.70288
-0.8747402
5.39637
4.938261
4.434579
5.578202
-0.2936154
4.045512
6.420648
0.6612896
-0.7569662
-1.128127
-0.551338
5.202776
1.380507
5.256537
4.412541
3.799617
0.1756078
6.28948
7.321996
4.432344
6.000082
1.544613
4.395619
0.8134344
3.521136
3.23804
5.972235
-0.1129073
5.437928
6.100791
10.97642
3.414388
5.404453
1.056936
4.672298
5.701091
5.882623
5.201798
3.624444
6.068671
0.9348467
-1.321829
3.694634
5.739714
1.237538
3.509831
-0.2963715
-1.253592
4.768146
5.675156
4.595364
1.358036
7.683189
0.01841391
0.1526693
5.80466
5.327878
0.04071169
4.505041
1.677573
-0.03267584
8.601466
-2.785459
-2.314441
6.378108
6.349367
-0.2118476
-1.151862
3.164627
-0.7214183
0.7986221
4.893495
5.162352
4.791538
-0.1050471
6.379829
-2.043436
-0.2284772
4.392183
5.064599
5.07024
3.845621
5.254817
5.173099
6.389357
-1.082599
5.912193
4.840762
0.4544442
4.652136
1.769031
1.184199
4.084786
3.408128
3.258076
5.475717
0.3354951
0.7279239
3.845504
4.493171
4.623103
3.849166
3.981752
5.943299
6.550299
4.56113
8.895028
0.6074014
4.132407
5.568161
5.026799
-1.308305
5.218335
8.62702
5.963836
-0.9054966
5.63713
-0.2330473
5.520324
3.990596
-0.615862
-0.3248413
-0.1023914
-0.05353122
-1.117045
2.965652
4.148079
-2.133895
7.118513
5.173712
-0.645212
5.760337
3.382458
2.886237
4.975333
-0.7833889
5.444607
4.523011
3.481503
-0.5468008
3.542169
4.457549
0.9729116
-0.2195156
5.336656
4.662642
2.924141
5.739461
-0.2578022
5.261187
3.823881
6.523668
5.336634
3.557155
6.03917
-0.9865278
1.712877
6.985195
6.248014
0.6501614
5.053537
4.72737
6.056577
5.312273
4.696389
6.237571
-1.072181
0.1403634
-1.935145
-1.089855
5.864904
0.6630293
5.729649
0.2050791
7.948018
0.05650655
4.185252
1.231185
5.414144
4.890654
5.024073
0.05029937
6.051896
6.0297
4.820608
5.132625
0.687377
6.649799
4.4765
0.13486
0.9594591
5.971544
-0.345884
5.313018
2.747989
-0.3193329
4.518484
5.654696
5.043388
6.112475
0.1942561
3.442992
5.472286
3.247234
3.845724
6.756266
2.720764
-0.4393289
0.3673266
1.04786
-1.081809
-1.125317
5.66264
0.3394768
2.475933
4.943742
-2.11414
3.652967
5.085794
4.959043
0.2712099
5.191367
3.900364
8.5508
5.350457
5.934833
0.384091
-1.051825
5.623724
7.054426
5.209638
1.253274
0.3209171
4.14588
6.551579
1.777873
4.627431
6.093024
3.840089
-0.1329526
3.695127
6.295795
-0.169057
0.2875559
4.478044
-1.311227
0.8877933
5.23428
7.092444
5.534174
4.256165
4.735729
5.229496
0.3318149
4.443238
2.009627
6.780941
-0.0250672
0.005777468
-0.4617356
6.77346
5.555013
2.183717
4.702304
6.680048
4.84916
5.935006
0.08863838
-1.454004
8.877814
4.889783
4.124227
0.2365571
7.507984
4.177659
2.336424
3.520973
0.5145648
0.3369711
-1.512888
4.715637
6.924793
-1.766791
5.053972
5.380674
5.608376
4.777959
5.131392
5.967187
0.07043423
8.583956
5.382808
5.901709
5.461977
4.392309
5.789464
-0.2937363
4.925565
5.420571
6.172246
4.803342
4.163585
-0.2690626
0.9440896
4.940742
3.784374
-0.04865585
6.34931
5.376081
5.547444
5.532715
6.401176
5.229534
0.4596978
5.249215
1.74013
-0.9928272
-1.893744
6.557726
3.942165
-0.3399252
0.7143838
5.660409
-0.9324217
4.337396
3.71784
-1.236872
-0.6860493
0.1890274
-0.6221492
4.237045
-0.2571101
4.575966
3.955716
0.06719238
6.647749
4.24425
-0.3937338
5.606303
3.508914
4.639185
6.027193
4.549704
-0.2422522
5.530218
-1.798159
5.608171
3.765199
5.315782
4.473017
-0.8437483
4.020754
4.175432
-0.0675065
4.682922
3.518097
0.8596224
6.676643
3.604821
-1.141258
-2.939905
-0.967869
-1.05753
4.444127
0.8366172
0.01826523
6.091966
-0.2242942
-0.08866325
-0.1048794
5.647343
2.020796
8.324451
0.2499243
-1.07668
-1.641466
4.825377
5.600581
6.559613
-2.518287
-0.8502357
4.433528
-0.5601446
1.014398
-1.348813
4.358004
5.312278
-0.3235663
1.721989
-0.1954416
5.807511
1.123051
5.828504
0.2112606
1.649317
-0.4614721
5.780479
-1.779164
3.79819
0.1797999
4.00483
6.315054
-0.2445614
-0.2250369
2.627562
0.6531654
0.5437216
5.587165
3.551654
4.313081
0.835927
6.111895
3.842083
-0.2578127
6.801668
1.221548
-2.191638
4.9045
1.078542
4.614057
4.437634
4.807293
-0.0476384
4.291847
-0.2224631
-0.5944827
-0.9469126
5.580613
1.135332
0.6959141
-0.5290379
4.453184
1.742921
6.762301
-0.9792073
5.436325
3.273057
4.950541
0.2162054
0.7445685
5.024443
4.631276
7.690624
-0.1632585
7.594333
-1.05661
0.6827969
0.2092691
-0.2717046
-1.42402
5.355649
6.064509
5.29522
-0.5050194
-0.6482158
5.188151
3.688229
7.016625
5.706689
-1.324346
5.581643
6.208019
-0.2967056
4.798642
6.501953
7.942889
5.895012
4.879022
5.495154
4.222621
-1.33762
5.248052
-1.163861
0.8576048
3.688691
1.067538
-2.159287
-1.114923
5.209936
3.822033
4.600487
-1.784106
3.668493
-0.1440627
7.545415
5.007268
4.312556
4.164299
4.39139
-0.3045226
5.5756
3.288871
3.135548
-0.6758826
-1.675656
6.255411
-2.130061
-0.7012974
5.265273
0.2260138
6.092536
-1.044832
5.100867
-0.5695516
5.089834
0.9756361
-1.308272
-1.252443
6.080256
1.295009
5.361083
6.277382
1.096388
5.953642
6.738893
-0.4992495
1.031084
5.288149
-0.1273076
-0.1676928
5.240164
-0.03692045
-1.761791
7.94153
0.5383609
5.750261
-1.250749
5.137081
0.4215178
3.519461
-0.05543062
1.685298
5.160099
5.242753
-2.084107
-1.030296
4.325993
0.3797243
5.357071
4.594976
3.454555
4.883043
5.256178
5.508372
6.321003
0.2012715
6.757517
-1.496386
5.759393
5.241675
-0.3022282
10.99224
8.43326
6.081893
4.692747
0.4752671
7.594815
5.160081
-0.9730637
3.698041
4.779259
-0.8276422
0.5948434
4.909927
3.349029
0.04300326
0.4712483
1.664852
0.07678381
6.891366
-0.6056455
4.823045
3.315316
-0.934953
4.574458
-0.1792917
-0.179921
7.048286
-0.04244287
5.856074
5.313465
-1.443964
5.926475
5.717548
1.931302
4.735678
0.03708098
-0.6560999
2.860415
0.3418979
5.239057
4.75059
4.890088
4.695809
4.034338
-0.5695295
-0.5877371
1.258637
6.614912
4.129116
-2.25505
-1.696356
5.582733
1.467061
0.2138216
5.410101
0.7593428
4.828285
7.094118
-0.4595387
4.592196
-0.2764571
0.0878064
5.532804
-1.117783
-0.7451641
4.604989
6.765899
4.905472
0.7151294
5.460189
3.859118
7.104145
6.351009
5.454301
5.809239
1.20237
10.37535
1.535859
-0.01034314
6.566246
-0.6893612
-0.9834266
2.306243
5.192904
3.759114
7.792053
-1.330802
1.432522
4.525101
1.16787
4.470942
4.440824
1.05124
0.8186305
6.821595
-0.779413
0.8590584
0.003458783
5.871668
0.451413
-0.2956136
0.742023
3.182287
-1.348085
3.256102
5.739582
-2.977877
4.475387
2.892199
6.943088
9.891996
5.772784
4.014037
4.712336
4.121854
0.492809
-0.3024169
3.728753
1.016367
4.62384
5.371213
-0.9125896
5.540184
-0.2980037
5.774289
6.111617
0.07174318
-0.7261276
-1.230902
7.85216
5.669485
4.406854
-0.6147419
-0.06560773
4.864423
11.133
6.260812
4.36823
1.047166
-0.3830789
-0.586946
4.335816
5.840618
5.127665
3.700174
3.148448
1.776992
7.977703
4.226393
-0.8421726
-0.3095769
4.034668
0.4274822
9.472054
2.885887
5.28042
4.857979
0.1898432
5.615915
4.157557
-0.2960263
3.254496
5.173724
-1.046713
5.378085
3.877556
0.9474412
4.089186
4.34789
2.882097
4.715853
4.32712
4.678375
5.364306
1.187856
-0.2291305
-1.046263
-0.2780418
3.965858
-0.8272988
4.224798
5.685113
-1.598009
4.641669
-0.6191483
4.572747
6.419202
0.1808548
5.952449
4.03167
-0.01832517
3.254004
3.101579
3.848782
-0.2983397
1.208916
9.521525
-1.330195
4.027047
-1.566982
5.274272
0.7846665
7.03968
-0.6146978
4.94273
6.214737
-2.38835
0.06564362
5.269042
3.046816
4.998943
5.953822
6.3203
5.513825
0.429385
1.410811
0.9727553
4.247956
1.326462
2.857179
5.935803
0.9615608
5.883656
4.116268
4.441023
0.5983855
5.632191
-0.6068943
0.04807405
1.343785
8.110937
0.08890786
0.9929416
7.097073
2.056903
-0.5943987
1.571577
-0.1291893
3.786439
0.1572814
5.050152
4.368093
0.5065512
0.3072744
3.709363
0.7519849
4.802708
1.325586
4.740999
1.302878
9.509932
2.458514
4.167475
5.489907
2.362616
4.206337
4.406839
4.744604
0.645182
2.084415
5.954358
5.165743
-0.508192
4.982568
5.597421
4.286468
2.398138
0.560867
5.857009
5.455867
0.3854912
5.842308
0.9657439
4.669745
-0.6319858
4.015756
7.613466
4.96925
5.386028
4.948802
6.631998
1.820079
0.6355622
-0.4556749
5.309798
1.121528
0.7763593
-1.359221
6.719964
1.393605
-1.965232
-1.200629
4.015769
5.344089
5.051626
3.549594
6.422283
5.865004
4.073132
0.5839637
4.087395
-0.424441
6.124698
-1.978288
0.4148635
5.944232
1.102075
4.177106
4.568061
2.26636
-1.073866
6.257023
5.265098
-0.5241311
6.829422
-0.9182301
4.350674
5.100968
5.963203
0.2458
5.450578
6.38759
0.7118978
1.010501
5.35305
4.500704
4.825812
3.334987
5.226971
0.5259979
5.81554
0.6607812
0.6186218
6.520005
-0.3526774
1.394808
4.414532
0.2706265
-0.4890797
4.04173
1.804972
4.974804
0.7162498
-0.6459459
-1.820776
0.9645093
4.363017
3.920598
-1.744308
5.36297
-0.06361341
0.09434007
0.02527721
5.083045
3.944133
-0.02149701
5.350192
4.881098
0.581524
5.370761
5.393842
6.162949
5.583062
1.621276
1.340386
3.740725
4.830884
5.082472
5.762418
-0.7301858
5.791152
6.349859
4.643963
2.843004
7.719427
-0.402046
1.085093
-1.823699
5.125593
0.3608563
5.418935
5.693537
3.400396
-0.3417384
-0.9598649
5.11365
1.436504
2.644468
4.62378
0.8764598
6.415896
5.306458
-0.2793784
4.025213
6.088877
0.275973
5.532364
-1.348568
3.303036
4.944548
4.248765
6.029854
-1.206891
-0.0967346
-2.259939
10.1817
-0.6270464
-0.9783191
4.707516
5.287361
-1.487379
-0.2622942
6.13015
-1.95935
4.888983
0.4057836
-0.08925063
5.321585
-1.034055
4.903961
0.1739965
-2.145186
-2.266464
4.460441
5.478308
6.31389
1.022227
4.557467
0.9375234
-3.051334
3.261521
-1.104842
-0.140717
-1.529512
-0.04027059
5.91516
-2.677566
6.140761
-0.2297849
0.4383544
5.175737
3.763615
-0.9469
2.756781
3.047619
6.039537
5.517293
5.040839
1.788226
-0.1585366
5.806176
0.2720905
0.0997321
0.1727076
-1.284813
0.7726257
-2.250058
5.126341
4.08466
5.006872
5.18882
7.747874
0.4705159
4.443252
2.585549
5.386956
4.567007
1.27399
0.262495
3.856838
-0.8589126
4.647691
0.3257986
-0.2679823
1.518285
0.3367558
4.177953
4.450145
0.6038035
6.377771
0.1982946
0.1863049
-1.385247
-0.01122339
4.967208
0.3316875
2.029264
5.226708
5.42223
3.281503
-0.6066758
5.299004
0.3225297
6.524521
4.406043
0.2436236
-0.3071884
4.875984
6.528082
5.603395
7.357126
-0.07957965
5.900811
0.5148428
5.726732
3.043493
5.775393
2.131832
4.492458
5.196114
0.5407901
1.172977
-2.013845
4.830173
0.7482161
4.322838
7.604957
5.375592
0.5558575
5.686484
-0.8798821
-1.432526
4.563646
0.5126662
4.360583
5.596002
3.090196
8.206103
0.4793935
4.912714
0.8628495
3.288002
4.429237
0.6304447
-0.1261622
0.7596669
0.5177519
5.385512
4.873746
3.626807
3.660033
4.600389
6.211168
5.573962
5.062137
1.101358
0.03971038
-0.1182286
5.065364
6.273188
4.31859
-0.05235083
4.663627
-0.5208161
-0.8451263
3.781794
-0.02815232
3.413475
-0.591427
5.8433
0.6802052
0.8236125
0.2621638
0.2235112
0.8009499
7.13342
4.25748
4.576916
5.114854
0.8903286
4.506655
0.7804618
1.012132
-1.23432
4.347535
0.1243313
5.864356
3.859287
5.271567
-0.636986
1.266077
6.457744
-2.175351
1.636158
4.796324
5.076324
6.287459
-0.80413
5.46013
5.091994
4.278216
0.2880306
4.278541
0.6347865
5.290036
9.966396
4.748145
6.00655
4.610072
-1.814043
1.198724
4.647812
4.375727
5.33548
4.923084
5.253215
6.441336
6.168752
0.1243827
6.846828
4.263446
5.977527
5.928135
4.796509
4.212975
4.446813
-1.004389
1.733266
0.2362341
0.9545891
-0.3441314
-1.694116
-0.8669479
-0.3395194
-1.352554
0.4822793
-0.09045543
5.042117
4.127505
10.18156
3.406264
0.5986613
0.329125
0.5587316
0.301553
4.573657
4.375631
5.631243
5.367595
4.369319
4.000044
-0.9836359
4.290673
1.154213
1.251407
0.7116564
0.9795294
4.642147
-0.5045472
5.623266
1.238255
5.193036
4.335091
-0.01557997
4.898567
4.503206
4.047113
5.324056
5.610422
4.631649
4.877414
4.499978
5.753318
-2.596106
5.23192
0.2850802
5.957396
-0.1776833
6.009168
-0.908916
-0.3574645
4.696356
4.06238
1.270566
-0.8804316
4.936504
-0.5562124
5.564464
4.719324
0.7004768
-0.6814058
-0.9199237
-2.323091
5.345812
4.878937
0.1431735
5.619831
4.235368
5.446991
0.5774932
1.353747
6.580402
5.927256
5.633496
-0.7689834
-1.409021
-0.2238214
6.095354
1.186126
3.758246
-0.5001408
0.7799458
5.492549
4.161056
-0.3594439
-0.882621
-0.9659724
4.770205
4.956355
3.746279
0.5806191
0.2249404
3.42884
3.855976
5.679344
1.075352
1.145603
0.202521
0.4758654
6.338225
-0.9746235
5.595468
-0.3256418
-0.6910344
4.59707
5.057002
6.212385
7.687859
0.9517999
5.845303
5.609369
-0.3049566
0.2702225
-0.1574431
4.795671
4.610938
-1.018593
7.0217
6.218754
0.664239
1.387178
-0.3358378
-0.9941762
3.418746
4.763059
4.186211
6.495095
4.771933
6.365187
-0.1409305
8.347665
4.984558
0.8958479
5.655877
-1.263296
-0.1749254
-0.1525816
-0.9725903
-0.6030003
2.401091
4.512036
4.94001
4.942837
0.08565722
5.288746
-0.3209664
4.389614
4.666637
1.667101
3.482359
3.63991
-1.38494
0.6957108
5.179069
4.508565
6.889834
5.703643
-0.241294
5.193583
0.7792585
4.349043
7.56546
4.795119
4.770878
-0.5783869
4.370422
4.743981
0.3278784
4.102928
3.732755
5.895053
5.008464
0.5196547
5.763082
0.5110639
5.130612
-0.6418103
-1.835846
-0.8230629
5.335679
0.7331807
3.157717
0.6948897
2.876143
3.211064
-1.115383
-0.4068452
5.830178
5.92112
5.364844
5.361066
-0.3485824
5.49491
4.660567
7.160549
6.974476
5.582958
4.353823
0.3385158
-0.7210695
4.572205
7.522789
5.65986
0.3061395
-0.3548969
-0.1112663
5.399597
0.1089933
-0.9324516
5.055113
4.041339
1.072518
4.857092
-1.5059
4.408177
2.604369
4.240129
-0.959409
0.7904441
0.8906519
5.872823
3.382167
-0.3651774
2.43697
0.4187802
4.584859
-0.2535805
1.383743
4.653062
-0.9554314
-0.9210038
4.101793
5.290546
-0.08261162
-0.691649
2.998884
0.119673
5.065895
6.659711
-0.06199937
5.995346
5.564037
0.0233142
5.850507
5.188398
6.644062
-0.4044534
4.952778
-0.003018796
0.6373959
6.114474
7.440453
7.174105
5.119544
1.076111
-1.074866
0.5135454
3.883862
-1.540529
-0.5717678
3.973494
-0.7741982
5.142946
4.922647
5.157008
4.808899
6.023486
6.254552
5.679743
6.614968
3.226353
4.577798
0.6050231
4.071043
5.806448
-0.9572149
5.319142
-2.252581
4.395054
4.051777
5.321675
4.865388
0.343824
5.581284
-0.6759405
4.834398
0.08839759
8.722257
5.881998
-0.1086123
3.00528
5.025173
0.4653538
0.309695
5.976236
4.464704
4.640809
-0.4664636
-1.942059
0.472076
4.49079
8.044652
-0.06685189
5.243134
-0.9797604
4.20316
-1.50806
0.1467807
-0.6227737
4.585937
0.6780379
3.09606
-0.08516786
5.184395
-0.2283621
5.336961
-0.3825908
-0.3723601
0.03425695
-0.8434993
3.278832
-0.8165567
0.9624105
0.112069
0.1027104
0.8791516
5.160736
5.579663
-1.813326
7.79477
0.3463182
5.072346
4.472158
0.6123929
6.946727
0.650688
0.3049511
1.757253
2.477354
3.853017
3.166021
4.66978
5.321955
2.960238
-0.7545581
1.223534
1.223685
0.7163388
0.4215219
5.342634
5.294738
5.563872
5.196981
5.093615
1.551593
-0.4929449
-1.173837
5.660945
6.444365
-0.6733196
1.721937
6.162417
-0.5349192
-0.4570515
1.828497
5.662192
6.377381
0.6136249
-0.7336578
0.6928013
3.725769
-2.270801
6.3718
3.79605
3.11419
3.562171
5.855339
-0.3363988
5.601578
4.056885
5.645326
3.806274
-0.3775452
0.5029805
5.678548
3.914882
3.267055
-0.3781781
-0.9805291
5.601519
-0.4712489
4.422498
-0.1710916
4.33583
-0.4062974
4.671765
5.550699
3.963991
-0.847666
-0.3892779
5.579453
-0.1334796
4.338449
5.684692
4.406067
-0.9190652
0.01045316
0.5654022
4.983889
6.748758
3.425497
3.635994
3.344726
0.4486807
4.109242
3.629809
3.337887
6.050835
5.2435
1.826319
-2.475002
5.415498
5.51805
0.5934459
3.534771
6.489519
4.159145
5.755934
4.531333
6.022432
0.04795594
5.521959
5.999294
4.804875
0.5869053
-0.6406937
5.93612
-0.102246
4.759808
4.472125
1.284493
5.591807
6.342357
3.526448
4.740254
4.884159
-2.167295
1.021968
5.063414
5.712184
0.6343165
0.1525652
4.643379
0.08321719
5.135511
5.404236
4.108092
6.711245
4.571832
-0.3864995
1.186754
0.9083134
-0.0664409
5.116197
6.423706
0.6802198
-1.101001
0.3899783
5.13893
4.474558
-1.786841
6.349508
4.704242
5.757253
-0.01745964
3.713155
-0.3617627
5.178268
-1.032238
3.860968
-1.453329
3.894092
6.426976
5.977319
5.430885
3.116319
10.44222
5.475622
5.196044
-0.813434
5.377745
-1.52906
6.526906
4.311106
2.380219
2.160885
3.104641
5.194824
5.586209
5.481414
5.91806
0.2467293
5.035342
1.960183
-0.7269113
3.792982
4.903505
4.992136
5.452853
-0.06114444
4.730773
-1.690578
0.219214
4.731693
1.068975
6.746773
1.180518
0.2140971
6.541632
5.25585
6.118894
3.638005
3.234712
6.176565
-0.06990759
4.539086
5.318072
0.4027397
4.841351
4.160845
4.462488
0.8245925
4.026713
0.4081075
0.2543383
-0.5399542
0.7347422
2.53622
7.016703
-0.3554226
4.285233
3.756246
5.864623
6.084729
0.07074947
-0.2890853
4.632903
-1.588133
-0.04101285
5.217882
0.4615241
-1.158849
1.998523
0.1780931
5.256898
3.222113
3.839734
-0.2252143
5.147306
5.878874
3.644773
5.940444
4.512076
-0.9740161
-0.02618974
0.1405179
3.186509
0.0006582374
4.403528
4.94295
3.678064
1.692789
4.616356
1.858791
0.5771493
1.266549
10.06208
4.93068
6.024337
1.254839
0.5322057
5.557343
4.870277
3.016704
3.434728
5.317435
4.471538
-0.2537859
4.457157
0.4482503
3.581217
4.686471
0.8147986
4.377892
4.984211
-1.331035
3.254001
4.507643
1.47835
-2.243259
-0.05180356
4.1714
-0.3040447
5.528062
5.270003
3.778296
3.547945
5.242252
6.529476
8.702654
3.968986
7.279979
4.906544
0.04430262
6.335438
4.201083
4.730876
4.575711
8.087813
4.686549
1.615769
4.247693
6.164673
4.792411
-4.92525
-0.866568
-1.633444
6.540118
5.479633
3.891427
5.355657
3.729804
6.615592
0.07193702
0.04213439
0.7913347
-0.8042018
5.245451
-0.1975062
5.330979
1.163529
5.831983
-1.785166
0.2829575
4.948299
0.8011367
-0.0485026
3.959406
0.8633348
1.363499
0.9372714
1.246977
6.475008
0.7955472
4.797268
3.594372
4.672213
5.707517
0.7598397
3.30171
0.115275
4.29012
5.478065
2.613223
-0.6110043
4.319049
-0.8569969
5.675132
-0.3585618
-0.2010238
5.589106
3.099635
-0.8341206
5.200209
0.6424448
6.730961
4.619543
-0.1851437
-0.9083551
1.788996
5.202819
5.804016
5.513946
-0.7311474
-1.843697
-0.5033325
-0.3197105
5.89444
-0.03478544
3.481293
-2.290971
4.842264
0.3583975
4.489805
-1.800279
4.09075
4.102708
7.238946
-0.190474
-0.640713
5.227815
4.838246
0.5690342
5.504336
4.064458
4.779043
1.808001
0.7608832
-0.07929469
4.461789
4.117307
5.514532
-0.1901239
2.14765
0.2126323
-0.07066123
4.269073
6.144332
1.537196
5.751338
4.451672
1.996026
-0.6463934
-0.923787
1.100922
-1.291312
4.374693
-0.6638557
1.69849
2.763597
6.042677
4.303947
4.704431
5.058742
0.2533175
-0.06263228
0.5693473
4.603556
5.538553
4.901124
4.765193
-0.5635335
6.086591
5.071922
5.459413
4.621434
3.864881
4.293589
-0.4642201
6.283472
1.376201
10.5863
3.941794
2.859827
4.781986
0.9456699
0.366952
5.143875
4.086433
-1.790851
6.895506
4.786667
0.9447157
6.244131
1.260513
0.1949243
1.899099
0.1670544
4.485207
0.7819215
-0.7956046
0.3600462
-0.8953291
3.246673
5.483288
4.261611
1.180895
-0.006347781
4.692324
4.36174
4.851377
-0.9045565
6.036115
4.214418
5.368764
-0.09775448
7.68347
5.961471
-0.2022522
-1.411215
0.85942
0.305037
5.048292
5.167434
5.860814
5.820596
5.277762
3.593123
6.064369
5.656703
4.112756
9.153083
-0.777026
5.540099
0.2021957
-0.1714462
-1.14404
1.289247
4.879223
4.578301
5.340699
4.174796
-0.4168433
3.914407
6.54202
5.063236
4.303485
3.747353
6.653765
4.577888
1.196306
3.396398
0.4816183
0.00413605
3.907674
0.4625627
-1.28811
4.063038
7.211804
-1.216902
-1.873134
1.519145
3.209145
4.020712
3.344216
3.64734
0.5271644
5.369518
4.230885
6.745052
5.716954
4.34086
0.3609836
5.557487
-0.722003
4.137139
5.692183
-0.582715
6.245953
0.04601441
5.444195
5.848989
4.439057
1.05331
0.5956889
6.54716
5.300468
-0.03078922
4.247116
6.999766
0.3524363
0.9450343
7.342876
6.173308
3.904587
-0.2996079
5.284166
0.9668978
4.815678
2.557334
4.459544
-0.2570161
4.319154
6.100232
7.79309
3.140829
-0.233474
5.311743
0.5454165
2.05482
4.804607
-0.1567708
6.809312
0.9647876
7.746354
-0.7678323
-0.9026382
1.215314
3.417275
5.176993
4.636997
3.183413
-0.2148069
1.495544
6.332095
4.417576
-0.6620174
6.231521
5.936531
7.222844
-2.02811
5.808099
-0.5011973
-0.3003033
5.858282
1.749535
-0.9399935
-1.189719
4.322972
4.34539
-0.521737
5.552583
5.052001
0.2552774
7.198135
3.822097
3.710155
5.799951
4.914976
5.45456
5.737414
-0.3769328
-0.7811607
-0.8096244
-0.2720168
0.1616133
0.4827836
2.563907
6.476899
4.567448
-1.807013
-1.292883
5.32058
6.175696
-1.050734
3.976543
5.367202
-0.1689511
5.908798
4.903377
5.555684
5.022589
4.784999
6.656929
4.900443
4.915904
3.277741
5.864412
4.930176
2.668762
4.516008
6.238863
-0.00553439
3.019366
-0.865947
0.8599784
-0.5904878
6.576543
4.753093
6.3378
-2.197087
3.272912
6.038945
-1.544353
8.254407
0.2142674
5.468671
4.396485
-1.657287
1.715251
5.245662
-0.2121067
-0.3947421
-0.06868378
-0.5460221
0.000254668
0.8669257
2.984053
-0.7897675
4.538484
-0.06290327
3.28507
6.560374
0.7170725
5.377569
1.096135
1.926183
5.46694
5.595602
4.619827
-0.2047657
3.837548
-2.186248
1.911974
-1.116168
4.760275
5.513022
3.299393
1.434298
1.298433
-0.05237051
5.802472
5.023665
4.651444
4.578442
5.004432
6.138594
4.701793
7.233283
6.198717
3.857903
0.1462027
-0.2744392
5.965835
0.4141046
5.121624
1.617258
-0.4699954
5.392559
4.45409
3.989124
5.949104
2.606719
0.6467306
-0.1678328
5.955618
3.878518
4.848599
5.000619
4.025142
4.74168
5.548236
-0.1906569
4.741064
5.622297
4.876719
0.2309025
-1.698399
0.5426039
4.216015
-0.7139653
-0.6289191
4.809285
-1.780293
4.437296
4.983587
-0.760162
5.471818
4.15057
4.995074
4.53414
5.137977
0.2081319
6.285849
3.533159
5.785604
0.1475695
5.681066
6.37761
0.2800617
4.087883
-2.602459
4.384793
3.213514
5.529773
-1.078702
0.02564218
7.646507
4.424248
7.059724
-2.114709
-0.2686043
0.3260022
-1.882041
6.126357
0.09324946
0.548545
0.8939769
4.364942
7.950839
3.368557
-0.4111106
1.6264
4.316543
-0.01397164
5.100576
3.397092
4.09068
-0.2249723
6.268187
3.434116
4.148256
3.322233
-1.739346
5.114399
0.004829977
-0.7074087
-1.016804
5.420248
6.23875
4.275199
-2.577027
-0.9311302
-0.231094
5.258872
4.384867
3.825122
5.916116
6.947871
6.334163
-0.7808203
4.71385
-0.4947856
0.3775267
-0.7599515
1.589051
2.845058
-0.2058197
1.476105
1.152445
-1.004117
1.309496
-0.3116319
3.878041
5.074878
5.729143
3.280914
-0.5599403
4.364836
0.931861
5.517075
-0.7408919
5.028735
6.023941
7.25114
0.2525723
6.182436
0.546675
5.836512
0.4263339
0.4770578
0.3486733
5.377102
5.585721
5.03453
0.46666
5.091797
4.45854
7.602726
-0.2764
-1.608079
2.580581
4.687384
4.699519
4.047887
4.318756
4.82108
-1.042558
5.371712
1.202703
7.912729
4.936598
0.09774516
-0.3314719
5.473802
-0.5758936
4.393966
5.226263
3.437203
6.048128
0.04738392
9.068734
5.600801
-0.956814
0.6259315
5.038616
-1.684614
4.849265
4.052203
2.660151
-0.4720565
0.712134
3.004455
4.360391
7.815652
3.788305
4.582509
1.396223
6.69624
4.249243
-1.655158
5.897721
5.404289
5.776864
0.9876632
-0.7268385
0.9256802
6.340655
0.2216365
4.817972
3.945147
4.267537
1.753746
1.66927
6.175637
1.834938
4.015895
-1.434408
0.7398969
3.666624
5.320869
4.670744
-1.34925
4.406062
5.835243
-1.102018
3.489556
7.266056
0.638752
3.32336
0.8916143
4.925054
4.933939
0.8513884
-1.514599
0.04447865
-0.1528021
6.294762
0.1505399
3.734902
5.461317
2.150945
5.296719
6.001635
5.280354
0.8027067
5.103276
3.719163
-1.653259
5.70978
0.6643033
-1.729251
0.369952
5.036355
-0.4997273
5.381509
-0.3004746
9.380015
-0.6723964
4.519531
5.886428
4.714092
0.4014977
4.766994
3.036517
6.435327
-1.319142
4.012122
1.330981
-0.7597014
-0.5320599
0.5843652
-0.4045261
3.246754
3.456904
-0.1001916
9.312564
4.41956
4.965138
4.361115
-0.1497221
4.585696
0.1788453
0.5472785
5.45563
4.234751
1.800325
4.998987
1.452686
0.00576677
4.954284
-0.8650817
0.07278623
5.535213
4.615869
0.6779038
-0.3189442
6.97072
3.517602
5.951703
0.7624254
1.075956
-0.7297418
0.1387166
0.1685981
4.338061
-0.03076606
7.207845
-1.525902
0.2125149
-0.06558378
0.8217387
4.595547
0.1447277
-0.03189626
-1.951335
5.151601
-0.7751384
3.145741
5.288165
6.265796
5.027415
0.5157722
4.507704
3.985447
5.930077
4.955579
-1.230102
4.215966
5.490788
4.555098
4.940362
4.840499
4.69845
1.099597
-1.457361
3.724589
5.387017
5.877437
0.6241284
5.89644
4.50723
0.2889673
3.567077
3.907605
2.971562
-0.4941643
-1.088585
-0.7479541
4.335558
5.81111
3.914974
0.373645
4.495081
-0.4601057
-2.050868
-0.3547165
6.536404
0.07794028
4.718674
0.8200832
6.04631
5.426213
5.936749
4.420991
0.4432349
5.638277
4.980476
4.957971
-0.8539682
4.592603
5.449222
0.7406984
4.55404
3.546578
5.821031
6.226773
4.8048
1.398999
6.874214
3.336704
5.242049
3.847355
-0.5653074
0.2446294
2.018873
-0.540766
0.5332401
4.034982
-0.5644734
0.8699428
3.937589
0.127651
5.289851
5.648425
1.008499
1.408584
2.38216
0.2757506
1.331267
7.6231
-0.4880693
0.6062259
-0.6341063
4.960812
1.103924
8.086298
4.962953
3.313075
0.2380917
-1.295722
5.44421
5.184507
5.527941
5.766668
4.14545
-2.099074
5.630376
4.429991
4.703277
-0.6954695
4.36152
4.759837
5.156299
1.402706
5.386358
5.40092
-0.3776692
0.8118538
5.02653
3.643096
-1.275767
4.973654
6.917233
4.608277
4.874469
5.550174
5.072853
3.77595
-1.196925
-2.497325
5.44986
4.817601
0.5605837
0.5350704
5.445761
7.001909
0.2203767
7.484308
8.353621
6.665048
0.7571954
4.628723
0.5296393
4.219803
0.06742144
-2.392726
0.4001585
-1.053686
4.934058
4.576369
1.122819
10.85286
5.135102
5.73342
6.548395
5.165796
0.102484
3.431504
5.841233
4.121745
0.1199547
-0.6294249
-1.718553
0.4641137
4.186354
6.196882
0.6518585
-0.421245
1.303997
3.296742
3.936679
5.806376
5.972368
5.742594
6.909113
4.961936
5.433178
