4.237444
6.082151
-0.364451
1.851257
2.448079
-0.6524655
4.688563
4.247042
5.368477
5.974529
5.540302
4.675283
4.434301
5.945292
5.062066
7.920795
1.046498
5.591569
6.693001
-1.62206
4.603942
4.854965
0.001456454
6.817806
0.5506727
4.685767
0.1139294
-0.7747488
0.4993746
6.186497
-0.3019274
5.255201
2.894033
-0.09573066
-0.5972111
6.131092
5.411223
4.618271
5.968647
7.552455
4.152196
5.543606
0.3854858
5.523824
0.5433484
4.995206
5.117038
4.423255
5.254375
4.488277
4.358965
-0.2430286
-0.7855253
4.726369
-2.394469
1.893471
5.129079
0.3269827
5.009361
3.812936
5.219802
-1.421385
-0.5418274
4.086771
5.842001
4.43836
5.035632
0.9496804
5.60017
-0.1218856
5.873282
7.043844
-0.4947807
0.1808147
1.029439
0.3804555
3.719463
3.741365
0.6352933
4.287221
6.967841
-0.6107327
5.647914
6.145161
5.74181
3.930995
0.6333704
-0.5580758
12.25582
6.264904
5.123775
-2.093467
5.710604
4.861776
6.256209
0.8159852
0.02624202
7.981677
4.650701
5.954842
-0.6345529
-0.7993249
2.242144
0.237873
4.58129
4.697079
4.524735
3.795988
5.986853
4.479828
5.295523
-0.653262
-0.01889684
6.614822
11.26322
3.997872
5.84419
-3.096751
-1.111785
0.7198777
4.809859
4.544255
3.735864
0.08113281
5.820026
0.8635243
5.531296
4.757404
0.07849398
0.598224
6.32395
0.6573191
4.701323
1.517444
2.413687
4.726787
5.589891
-1.162837
3.277708
1.006756
5.54366
-1.944097
9.253942
0.786321
3.892227
2.156513
4.121897
5.353224
0.4949979
-0.1012473
0.1556732
0.8253903
5.727974
3.315759
3.916688
5.476064
7.138536
0.2145331
5.506425
0.9559753
0.1330214
0.8358473
7.026285
6.092536
4.643615
5.386588
2.489152
5.687335
0.223371
5.682508
5.630023
3.963685
-1.111705
-0.3934714
-1.761192
4.819015
5.140817
6.625626
5.126679
-1.741046
5.410335
-0.3633222
4.368994
3.146702
5.097111
2.962609
6.986563
3.842942
5.499978
4.570507
4.326643
0.2916055
1.449552
7.402209
-0.5682083
6.015898
0.4277121
-1.029348
5.245454
1.848928
0.9927938
0.3348067
-0.0747832
1.584153
4.067558
4.683603
5.405125
4.836777
-0.4224838
1.045272
3.875971
-0.6771314
4.518963
-0.7923722
4.444209
3.533469
4.214403
5.652827
0.1135221
6.262781
0.06837693
-0.9042974
4.559191
5.912007
6.826215
3.82558
4.195807
0.3321249
1.505656
1.049747
3.689924
4.020973
0.9655494
-0.03880186
0.2053966
-0.6070335
2.223393
-0.662009
3.773654
0.3143716
1.190827
5.300634
3.950093
4.241791
-0.92471
3.733713
6.088461
5.68786
6.646242
5.713421
