2.987274
-0.1691765
6.346791
-0.04637687
-0.2905689
2.814855
1.892417
0.5937334
3.870896
-0.9304956
1.652335
5.893777
5.578028
4.821866
-0.8997087
-0.3890741
5.205437
3.546996
0.142441
4.538362
4.466605
-0.5721804
-0.9662597
-0.3125333
4.9623
5.447597
3.672492
5.231569
5.481727
7.677454
5.376406
-0.3634808
4.135066
0.0725839
-0.03203308
6.317879
0.9171603
4.05527
5.345736
0.06854489
1.027039
5.035286
4.724712
6.011401
5.175494
4.064182
6.128635
-0.3414901
5.272294
4.782224
-0.8854265
-1.51869
10.06489
0.1176754
5.248211
5.122305
-0.6812615
-0.8495992
4.770627
3.935401
6.647053
1.464125
6.331007
0.3214688
4.625799
0.6643003
-0.3056827
-0.1914566
6.374877
-0.3574853
0.5975619
2.943214
9.175483
4.431376
3.613621
5.995955
6.059233
-0.9310542
5.231479
4.657945
0.02407738
2.272172
4.377166
3.119711
0.2030389
5.772282
5.507613
4.312299
6.652527
6.110432
6.192209
4.62933
6.517483
0.5703432
2.285823
2.520996
-2.561404
4.615644
0.9138672
4.236081
4.656611
0.4669201
5.699095
-0.2619948
5.922002
4.954444
-0.3884835
3.485866
5.833021
0.04286453
4.420696
7.3558
3.436681
-0.7085762
-0.8378139
5.08499
0.4510599
1.307604
5.163486
-0.7753471
-0.7286973
0.2498533
5.264315
0.8596458
0.5080009
4.661771
5.248286
6.493192
5.134854
0.668996
4.42681
4.954858
4.81319
-1.855233
-0.4042344
5.964847
3.165594
5.26353
5.107033
5.10896
5.276694
0.2254594
4.920899
-0.5075538
7.309211
3.039209
0.9260855
4.928577
2.775233
3.495199
-0.1590136
4.695929
3.961309
1.547272
3.987564
4.365227
-0.5267579
5.286376
5.169596
-2.306466
3.835813
-0.5633841
5.552419
0.2837537
0.4536448
-1.21791
4.145107
5.326816
4.748526
0.9677575
9.595399
5.235016
-0.529942
1.042937
5.738872
4.668411
-1.364683
4.576952
0.86002
0.7254286
4.752689
5.90806
5.575709
0.3096403
0.6000964
5.039209
3.130332
-0.4568964
3.273608
-2.036661
-1.100332
5.071998
-0.412273
4.158038
3.84042
0.6152367
4.934766
0.4796329
0.5041224
4.774798
3.951367
5.053794
5.403143
-1.955326
4.119746
5.0213
0.2205546
0.1296231
5.082555
2.75144
5.200452
-0.6997223
8.23879
0.68732
1.583028
5.311934
1.858433
3.719716
4.759545
4.281274
-0.1184876
0.09862913
5.096255
2.548237
5.955681
4.369579
5.132057
5.010729
-1.204866
5.758546
5.926259
5.455195
0.6215455
1.365208
4.668632
9.182467
5.197447
1.338792
6.032525
5.729299
0.2245479
-1.297954
-0.3260422
0.5181363
3.458116
4.100418
5.308257
3.161796
3.284524
4.077481
