-0.6598652
6.402795
0.01178525
5.301355
-1.324322
4.531292
0.1400498
0.07266511
0.9433002
-1.196929
5.187945
5.584287
5.509559
4.977306
0.723811
4.364565
6.423252
-1.165131
5.512838
6.703883
4.758349
5.855077
5.798735
-0.06306161
5.127996
-2.177074
3.960394
5.587026
-0.9460371
3.141916
5.065468
0.2029126
4.889347
4.452537
4.843711
-0.3188769
-0.7904557
4.887035
1.302578
0.6706131
0.1040679
6.219697
1.037309
2.89441
1.381714
-1.767381
6.420385
0.8699707
0.1444174
1.318681
5.856995
-0.1257111
-0.1452126
1.159814
0.939034
5.004815
5.396457
-0.72196
-1.143583
1.412612
4.498243
5.715803
8.783611
5.096935
0.2222118
3.218504
-0.1449372
5.434561
5.74739
6.013915
4.772061
5.443842
5.054369
5.45701
5.969283
8.515874
5.283523
4.687364
-0.01262383
-1.206744
0.465381
5.976617
4.760892
5.112808
9.733616
7.550754
1.152803
2.862782
5.595971
3.371859
4.890492
-1.302613
5.33837
-1.0509
5.059062
-0.2952032
1.302743
5.935136
-0.4030362
4.401639
5.596572
0.8513552
4.300235
5.282731
4.309824
0.2672108
2.602703
2.756216
-0.4293732
5.1868
0.3426462
1.360513
6.664052
0.6634174
0.6582073
4.620784
-0.1085756
8.100538
5.037244
4.302266
6.297652
1.069892
4.225068
4.970465
0.9110025
5.840011
6.731082
3.793633
5.915568
-0.5100395
0.1730457
-0.6400238
4.574505
4.951632
5.914939
4.95829
5.567485
4.906347
3.712629
4.959831
9.844517
4.577923
5.024727
0.963207
-0.2700723
0.2449604
5.663951
-0.5828949
3.884282
9.445269
2.452736
-0.5360735
3.955504
5.716409
6.572765
5.169669
5.005523
-0.717844
4.717799
5.860185
5.663501
4.224762
3.156383
-1.629536
5.693781
4.51408
-0.4960803
3.001555
0.03122412
3.339788
4.598274
6.998749
2.380458
5.22837
6.306665
-0.7884493
2.20175
2.87446
5.342211
4.72557
4.70112
0.5210512
5.06033
4.245317
5.393173
6.114689
5.400722
5.871228
5.723682
7.155149
1.800697
-0.8199115
-1.556851
-0.008026519
0.5190785
0.7156805
3.479597
-0.7179109
-0.09604959
4.158286
-1.613679
2.905428
2.074877
4.763648
2.673282
4.3028
1.72937
5.515414
1.843635
4.131301
-0.6874644
4.491446
5.605728
4.167763
0.0290996
7.853385
4.903041
7.047487
-0.05739932
5.339663
5.39952
5.875242
5.056786
5.330795
4.493002
4.489981
-0.7227277
6.101085
-0.6542056
-0.9442904
5.276791
4.877203
5.329236
5.718409
4.914502
-0.3830211
-1.921541
0.6889764
5.265951
5.163043
14.31031
5.588869
4.542934
3.990923
4.741714
4.074326
4.982683
-0.3437697
4.763661
5.151302
1.371783
5.32877
0.9672906
4.447857
-1.406224
7.558555
0.4934742
0.601347
0.6422076
6.509376
5.869277
-1.10563
0.7065336
0.2131743
4.504529
4.403243
5.738802
5.034154
5.688866
5.762496
0.6812192
5.648538
-0.2598093
4.043412
2.778618
-0.4716739
-0.5076886
9.617225
-1.156539
4.612818
1.355209
-0.6243482
3.717483
5.979911
1.328587
4.016547
5.569917
4.871071
5.745737
1.191484
5.281696
5.49598
0.1757811
-0.7994762
4.483917
3.856906
6.806286
6.830718
-1.91881
3.575969
3.972435
-0.6281825
-0.2021868
5.828006
-0.06820057
5.616217
-1.833756
-0.6141708
-0.09213684
4.193517
-0.7415497
-1.118836
4.486285
-0.01127082
-0.6266931
1.789031
6.190967
4.836877
6.151072
6.13154
4.296989
0.1177025
5.372654
3.883926
-2.31768
5.005952
3.201067
-0.1282293
2.274012
4.342671
0.9764626
4.85474
5.35995
5.866271
6.74775
4.36847
-0.5744972
5.417298
-0.1028585
5.572511
5.273578
-0.12651
5.453472
3.979376
1.058184
0.7082653
1.161078
-1.060198
6.113794
4.138584
4.231669
5.510401
0.3576374
5.874123
-0.006397499
4.378862
4.299332
6.273428
4.155158
0.1885552
-2.634244
6.01035
1.474035
5.269459
4.627385
4.523601
0.9048393
3.310334
3.568376
1.066398
4.259242
-0.6253088
0.07692225
4.577618
4.94024
0.1751853
7.526918
5.52285
5.849036
1.503936
1.052018
0.3985138
5.571237
5.599206
3.227331
6.145605
0.1570901
4.02778
5.352181
5.892274
5.459368
6.54958
0.2857054
4.004548
4.515449
3.686519
-1.429787
3.867733
-1.11516
4.724564
5.013629
-0.2845154
5.318231
3.784915
5.578894
1.116827
6.43399
5.393509
5.1359
4.263401
12.42215
5.989369
4.641756
4.810908
7.972178
0.2175175
1.948649
-1.212778
4.270567
4.38886
-0.2518759
3.946143
3.659337
5.619351
-1.036109
5.644099
0.06204886
5.645797
4.845535
6.254131
4.119461
-0.2394281
5.935979
4.204911
0.4465415
5.104403
0.1269869
-0.4453397
4.415902
5.041618
-0.1798485
-0.620304
4.886572
5.211224
0.9930024
-0.9781701
4.152233
0.6821451
4.618993
-0.4483039
-0.8577425
4.788644
1.480932
7.551399
5.83449
-0.01130042
0.1475575
6.342272
5.719868
5.45295
6.027208
10.21457
5.322959
6.973777
0.6341014
4.69576
1.025478
1.823726
4.132568
5.91937
-1.826712
-0.4252314
5.520504
5.729571
0.9142649
0.5479963
0.08910821
-1.505831
5.751865
5.755391
6.886352
5.710024
5.399245
5.189346
-0.4642449
-1.109285
3.296207
0.4633029
5.905962
3.961709
5.657733
6.543591
-0.03577661
5.989636
1.274
2.427242
7.23124
1.469991
5.482466
4.708553
4.73335
0.3035595
4.642539
5.617914
-0.7626903
6.834575
4.800253
3.860341
4.285652
-0.2122332
5.298105
3.085204
-2.319642
2.913772
0.2421493
5.115566
0.5679274
6.172322
-0.002614864
0.2725855
0.9749427
-0.004498852
3.969659
5.000012
5.615327
0.2091184
4.600319
5.473714
4.180805
-0.5947461
0.5433423
4.189351
5.76473
4.342593
5.594342
3.432321
3.772079
6.123415
5.125378
-2.325196
5.345331
0.8444423
5.587844
6.291219
5.53841
4.030856
1.186083
5.913617
-1.315409
5.405746
4.893619
0.673074
4.636056
0.709825
1.625647
-0.7870469
-0.1365079
-0.5200719
4.678924
5.169772
2.940646
4.228048
-2.545371
0.1436288
3.684385
4.487509
4.555211
5.677761
-0.1981559
5.29003
1.025123
6.535383
6.193743
0.6109882
0.7277044
4.424682
-1.049987
5.046671
4.495152
2.411624
4.26444
-0.00267095
4.383779
1.191083
0.001585735
1.1373
-1.311835
-1.137061
5.292408
-0.1490321
6.626777
-1.867778
6.612875
3.961182
1.109438
5.11252
2.82583
6.651838
6.017886
-0.8512451
-1.09042
0.3362006
0.6588635
1.67462
0.3898847
0.3393909
4.93999
4.599394
-1.41268
4.858675
-0.8210387
5.325686
4.771412
2.317596
2.359948
4.803404
3.524634
5.620665
6.654042
0.3676477
-0.1735992
4.205705
2.425026
5.826704
-0.959264
5.00803
4.656372
5.360104
6.417198
6.177903
4.1059
6.558593
9.359042
4.987385
0.6021178
6.447438
4.637951
-0.4212771
-0.7688817
-0.6673189
3.819874
5.13071
3.008795
-1.294329
5.433961
-0.6058412
0.4736927
5.273483
-0.2653486
-0.6581294
4.751034
5.974641
-2.024492
-0.3144638
5.344974
-0.970983
5.000765
6.683195
5.771458
4.263229
5.134656
5.900462
6.6058
1.214804
3.94057
-0.1837493
0.0808035
5.468599
0.5285376
6.930241
1.419747
1.134793
0.4989187
3.95171
6.117104
-0.6534135
-0.6083855
-0.4076923
6.028928
0.3436102
5.764618
5.180415
3.432627
4.398901
1.780818
3.831063
5.105205
0.4223896
-0.6844867
0.4012775
6.654029
3.691635
-1.999933
-0.04741431
5.688471
5.09216
5.088076
0.8098781
3.39726
-0.3906573
-1.937342
0.8525426
5.295164
2.760597
4.721433
6.026623
5.617257
0.02763865
-0.04737293
0.05255291
5.319888
4.924644
1.100955
7.722969
4.806271
7.29206
8.33924
5.202658
5.554516
3.611984
5.237722
1.801558
4.631585
2.677685
0.6962677
1.065694
5.346059
3.047883
-0.01175198
4.222257
1.027458
5.708052
-1.811722
9.418644
0.3050838
4.410256
4.444621
0.3769099
-1.128662
6.110388
0.4509557
3.632523
0.8810228
5.93254
4.853196
0.2137631
4.33282
2.408151
-0.1783201
1.953143
5.963247
0.3683117
-0.8141511
5.172095
4.954945
4.138226
5.166918
6.407576
5.195446
0.01565439
8.153824
-1.392579
-0.3374957
3.242851
1.606768
5.977926
0.7960096
1.588363
0.871757
-0.9021539
2.389801
0.1170873
5.701595
0.5656263
-0.230968
5.705041
5.389036
8.94115
-0.3004516
4.608287
-1.143549
-0.4226031
-1.427206
4.347072
3.782873
3.755974
-0.7708392
-1.78947
6.122498
-0.3772546
5.266429
1.255664
4.981821
1.310893
7.076604
0.4713585
3.038046
0.452986
10.44485
5.273429
5.475919
4.397457
5.224245
5.986684
3.674197
4.940232
3.530505
-0.3501878
-0.1340229
-0.07013713
-0.0243263
-1.666057
5.605068
6.043415
0.6663723
0.02131554
0.5629065
0.3577528
4.205399
-0.4224199
2.404481
4.321036
-1.568751
4.431522
6.15229
-0.2078888
-2.877217
6.12159
6.02143
5.406818
4.850541
1.818954
3.949325
0.9780895
-1.079837
5.004354
-0.2353655
5.20891
0.5869396
-1.470101
0.8495307
6.205351
4.338366
5.428542
7.553453
4.337101
-0.7787798
6.493739
-0.6095681
8.198456
5.488355
5.917128
5.029429
4.289936
1.956345
0.1304329
-1.970506
6.197648
3.838331
8.905925
4.022638
5.422239
-0.4583019
5.497609
1.234863
7.68579
-1.76518
-1.55787
6.71192
5.559216
-1.976422
4.651227
4.709019
2.022131
5.939549
7.728572
5.359715
0.05293027
4.830871
-0.2700021
3.090366
-0.009176507
4.768483
0.5952789
5.946532
-1.109382
6.455623
-0.06383911
4.989634
5.292448
2.284103
0.1771912
6.010257
3.625068
3.536207
5.425856
5.427454
7.149678
4.14349
5.604831
5.404819
5.203264
0.05028543
4.286449
5.608686
4.741575
0.7489154
0.4369333
6.605482
0.08778973
1.736558
2.27139
-0.4959568
-1.284463
5.893455
5.551841
6.411721
-1.411722
5.643042
0.703089
4.35213
1.050602
3.466086
4.046665
5.902396
6.157326
4.903292
4.514155
5.797365
0.08779002
-2.500341
-1.045434
6.14929
5.075904
6.400525
-1.149405
4.780009
-0.02904292
3.863301
5.968645
0.2769882
7.734876
-1.226817
4.952765
6.583118
6.998069
5.293811
4.977275
5.066814
0.221775
0.509805
1.263689
6.272166
4.742501
-1.137637
5.586698
0.4596549
0.2560231
6.067246
4.501916
3.915972
5.873988
1.135225
4.013453
1.054298
-0.6311683
-0.6128885
5.800083
8.043745
-0.8271655
6.619645
5.361969
-0.04023868
-0.4895563
4.67492
5.233366
1.166994
4.901069
3.885208
0.6086368
0.20819
3.563359
1.059706
3.51123
0.8217924
0.5602583
5.84864
0.3842912
-0.3468096
4.625204
6.652968
4.097005
9.414181
4.064136
5.098961
4.153558
0.2961323
-1.098259
4.376006
3.558261
-0.3086602
-0.6324157
6.773451
-0.8043223
0.7372976
1.065585
5.550736
-0.6712776
3.991231
1.733801
-0.06751087
4.945853
5.025665
4.819288
0.5418288
5.145099
6.027185
4.927383
0.2020856
5.16813
4.367677
7.010702
2.447741
6.131868
-0.3660621
4.699602
5.120459
7.597299
-0.9088732
9.760265
0.2770864
0.918088
5.46344
7.789691
0.1678843
-0.8196197
6.198444
5.357069
-0.7024962
5.016401
-0.1745679
0.2030412
3.636838
-1.73563
0.5629214
6.094371
4.496083
4.818689
-1.3417
3.824952
-0.4383334
1.522071
0.5306767
0.8517111
5.611692
0.4256534
1.305394
1.102803
5.946256
-1.043445
4.983866
8.044784
-1.907736
3.029363
-0.4421903
4.848712
4.150271
1.158113
5.325226
-0.2222169
-0.2983749
4.419275
5.087996
1.3699
0.08763298
-1.352447
5.636749
5.358484
-0.5744181
-1.531605
-1.222579
4.406108
0.2719098
-1.01645
5.788733
-0.1324486
5.738434
0.3707694
3.048913
4.830159
2.754792
1.406576
4.682755
3.330783
3.637716
3.246736
3.274413
5.038491
-0.3803183
6.911064
5.580858
7.163133
0.08832177
6.150856
6.586234
1.129257
6.199417
0.4930756
0.8229781
1.066109
5.551687
5.788357
5.170369
-0.2345017
3.69769
3.903654
0.9227192
5.504201
4.803126
4.978761
-1.822522
4.941994
0.5019221
-0.7326983
1.003351
0.5083243
4.356624
-1.896241
4.691712
5.256929
1.132254
-1.623125
3.862042
5.618096
-0.1321158
5.929689
-2.9334
0.5676809
0.3602888
0.06234758
-1.231056
5.980938
0.5398737
-0.9813063
3.496088
5.840784
1.637132
3.072628
3.111737
0.2768393
3.597192
-0.742587
-0.5319605
6.084649
8.812397
6.768048
4.220117
5.167211
-2.36248
4.046693
5.049091
4.739345
4.024423
4.535017
6.460915
3.227945
6.378011
1.147063
3.365635
7.815443
2.105601
4.069631
7.240956
-0.4014347
-0.2360438
5.322139
0.126829
5.41281
1.09341
6.897197
-0.1434733
-0.7899674
0.9872005
0.07895586
0.8749489
5.623396
8.201612
3.391371
4.789062
7.521357
-1.158562
2.11621
4.986941
5.802209
5.920242
3.118217
4.770893
0.02172061
3.711541
1.203457
0.4865582
1.375825
7.40086
5.175378
5.120623
1.707994
3.073495
5.239788
4.480115
3.198931
3.618235
11.06496
3.820906
5.678955
4.559785
5.939936
4.492104
6.457304
-0.2910812
5.05088
-1.397943
0.3941399
4.600346
5.354057
-0.9041998
-2.138992
6.084745
0.3125004
4.610905
-0.3452865
4.059204
1.107298
0.2129735
4.198659
4.38975
-0.1334082
3.233455
0.3662923
0.6507644
3.717584
6.78369
5.281826
6.2805
2.742368
-0.3472893
0.1755693
-0.8851193
0.5817583
5.18749
7.963232
4.676892
0.2254616
4.62219
5.171997
4.752526
4.886231
4.561531
5.570603
3.954812
4.726066
-0.8432927
-0.1218671
0.3545857
0.12289
-0.4504327
0.2085287
6.195564
5.768611
4.054252
-0.8935026
0.8727215
4.423219
4.958297
-0.05105682
4.132353
0.9935568
1.962116
4.613942
6.597325
0.5005509
3.553663
4.826978
3.304158
4.482091
6.446608
7.534898
6.692164
0.1772803
5.034962
-1.206408
5.020687
0.9910964
-0.0748976
-0.8329964
0.2307797
4.028907
6.277139
6.168111
3.409724
4.538386
-1.13114
3.363078
0.8594125
0.1983219
-0.5993843
0.3973326
4.310703
1.285275
-1.147954
4.177206
-1.879342
6.086458
3.119985
3.555125
6.391199
6.300052
2.798264
8.279044
0.006204379
0.7956701
0.7578838
0.855694
5.983983
5.536929
0.1075208
5.455529
-1.162312
1.474239
5.045697
5.194773
-0.2928238
-0.2030728
-0.428589
-0.7163947
6.472063
-2.606382
-0.8047825
-0.03728561
4.15471
-0.1608625
5.272539
6.35893
2.48109
4.433697
-0.3777798
2.65592
0.4054298
6.968972
1.306999
5.313048
4.479925
-0.6266177
5.275779
0.1068164
0.333223
-0.4277958
4.297635
3.461848
5.323145
-1.555636
3.887714
5.559533
5.845107
3.33625
-0.5984229
3.030549
4.726527
-1.522823
4.076943
3.215981
-2.051764
1.672725
4.832365
-2.220908
3.658999
-0.02617142
4.25718
5.303852
1.715663
0.8902033
-1.687033
4.780722
7.146707
5.122943
-0.002781197
5.410958
4.15811
4.726233
-0.571216
3.11476
-0.09749177
4.721154
-1.677787
-1.119398
4.970759
-1.268104
5.114354
6.390794
3.69194
-0.3479156
5.519717
-0.1972168
-1.070071
1.108645
0.6325241
6.564787
0.6538163
5.972754
-0.6710649
5.362628
4.330269
4.8231
3.424122
-0.05180733
4.670466
4.913456
4.957396
4.729968
4.221556
3.944575
0.9795907
-0.2543813
0.03339535
4.836407
0.402914
2.470388
5.578768
5.188002
5.177616
4.486819
-0.3503479
4.37947
0.07965959
6.49628
-0.03450569
6.886894
6.26737
1.04236
4.607025
3.240937
0.4817236
4.979572
-1.085309
5.712701
-1.521396
6.472824
6.229506
5.503358
5.226189
0.6125742
3.969931
5.011927
5.79468
5.506857
4.414812
4.337721
2.721968
4.888245
1.114781
5.045995
10.00831
4.200458
-1.461862
-1.14432
4.953785
-1.855702
0.2790927
-0.5357218
0.6763163
5.698353
0.269799
7.44851
6.708269
10.56144
0.2101237
5.61732
-0.6621844
-0.486452
2.466122
-0.4167406
6.249223
6.164529
5.403436
4.192433
6.354732
5.12757
3.31805
-1.860162
4.63366
1.120638
4.54708
5.020479
0.1708251
-0.6412721
5.204375
4.296109
6.756157
-0.1337801
4.245453
5.251942
5.955924
5.530218
0.3306643
3.939812
3.600293
4.354083
4.456063
3.163506
0.4561626
3.887881
1.430638
5.492092
1.075957
4.84199
4.19919
2.861462
2.292058
6.728764
5.524056
4.972384
3.71483
4.883763
4.310582
4.636461
1.466277
2.084527
4.928054
0.07752135
5.807762
3.893441
0.04366135
3.084839
5.546572
-0.7187645
2.266118
-0.2260955
4.339068
5.049988
4.813943
-0.1451993
5.04251
0.1079835
5.952371
0.1671198
4.315212
1.135766
-0.9051679
6.547637
-0.6674558
4.760432
4.194696
-0.7757194
-0.1251999
6.183671
-0.3159982
5.585167
-0.7240539
6.037499
0.3756887
5.017839
6.127335
6.4346
4.276292
7.322878
0.2388916
10.04535
1.632237
4.070236
4.455123
-0.2814445
5.883948
4.168888
5.030398
4.248415
0.3594979
4.862891
5.368672
-0.4688514
5.197925
0.6796887
0.04710986
5.852087
5.527684
1.126435
0.3386639
4.821902
3.368023
4.981028
0.3089763
1.613343
-0.6502405
2.49153
4.962721
5.252716
5.322769
5.989426
-1.547047
-0.3353048
5.835404
5.292151
3.248491
1.506392
-0.8354941
-0.4046591
7.359744
-0.242862
4.570882
0.7893566
4.652722
5.360211
-0.4767491
5.789129
-0.7780947
5.708632
3.562615
6.632731
-0.6416899
-0.1501596
6.691453
-0.09432
4.412883
-0.2046293
4.739241
5.116769
4.964577
6.717388
3.781687
0.3521795
4.61587
3.859539
4.542803
1.554666
-0.8731863
0.05565465
7.568005
0.1797743
3.216975
3.679784
5.188377
-0.8376992
0.7214288
5.475381
1.402078
4.195085
4.115827
4.08009
-0.5476656
1.298905
4.748676
1.556424
5.001393
0.9598262
4.294045
5.120488
2.646326
-1.390209
6.018805
4.119177
1.218526
3.455518
-0.030812
2.001987
5.164755
-0.3036321
4.662941
5.495731
5.871324
5.59809
0.2715118
0.3026704
0.06458543
7.31552
0.9025179
4.824165
3.586793
5.594238
4.454954
5.9093
5.697848
5.330863
1.232647
5.051204
-1.511178
5.082035
0.7901027
5.601305
-0.1793035
-1.984921
-0.4938066
4.256662
3.487454
5.552512
1.340652
4.001657
0.3432005
-0.2662116
4.44773
5.064601
4.854595
6.440353
5.274919
6.617873
-1.211676
-0.8090291
4.908399
-0.1487359
0.5367498
-0.3741656
5.930837
0.1531575
0.1517009
4.973361
5.918174
1.100702
4.283998
0.8558269
4.525644
6.219868
-0.3961756
1.831254
1.648485
0.2426203
5.177299
-2.155208
0.4666919
5.923894
-2.29454
5.182968
4.228048
2.062023
-1.077818
3.531693
3.784306
3.082398
-0.7149586
4.26375
7.487091
-0.7032376
3.459046
0.3756249
3.862621
5.192441
-1.469553
5.98085
2.105448
0.4293194
4.796624
-1.467594
3.776544
5.221039
-0.5253015
6.166241
7.239652
0.4065504
0.6736046
-0.2338888
5.176723
4.017162
5.458982
5.619193
6.140024
4.964775
5.015719
-0.8897405
6.297926
0.173251
6.09307
0.2888747
4.249336
-0.03679266
2.265963
4.299699
-0.2580356
1.642671
5.629556
1.016645
0.8753183
3.905415
2.005071
5.791759
-0.5368516
4.987719
6.704059
5.068492
4.255394
4.964766
6.384732
-0.2479515
1.952973
2.728258
1.179483
4.900946
-0.7619475
0.8482113
7.190447
5.862747
-0.8431069
-0.7242321
6.286467
5.838248
5.847093
1.498162
-1.043809
6.611559
-0.4519035
4.024688
-0.3850181
7.103986
-0.8314868
7.378106
4.539413
4.702389
5.196703
7.370124
4.763235
4.33417
1.982227
6.231026
5.062822
5.758248
5.052838
3.491313
7.008136
11.31685
4.930913
3.499563
5.786489
0.00147661
5.393479
6.616253
1.426092
5.773562
4.398031
-0.7360252
0.4545549
1.03001
6.05011
4.928041
4.351611
6.121292
3.369509
5.324071
4.798088
5.959011
3.793421
0.9466394
5.377067
6.423986
4.069192
-0.006630887
5.741941
6.398585
-0.8040373
1.160672
0.7460185
1.009478
7.816367
11.05917
3.898424
4.605535
4.377866
10.8773
7.839884
1.379338
5.025454
0.641863
3.088989
5.490221
4.01018
7.0098
6.607134
-0.4503208
7.558558
0.4189052
4.836806
0.5497193
4.971468
0.9910764
4.676563
3.268121
4.335583
5.092809
-1.861624
4.250718
4.814244
0.488774
6.375031
4.968799
-1.339164
7.414015
4.229924
1.922649
4.631393
5.634735
2.521557
8.207828
1.338009
-1.231362
4.449503
-0.2902098
-0.2266321
6.750073
0.1151457
4.514455
1.174845
-1.420829
5.478138
0.5247696
-1.648357
0.2028944
4.38251
5.183085
2.923192
-1.220969
6.643598
3.455408
-0.5091726
5.327986
-0.9606714
6.977285
4.804513
7.047769
-2.284483
4.998264
0.825577
4.40145
4.523849
1.922969
-0.9430209
-0.07935335
5.936414
5.6987
4.258284
5.28949
5.019185
1.207748
6.189328
4.32209
-1.0203
0.0252091
5.856888
6.111812
3.262078
2.589807
-0.5253016
1.553022
0.5047407
1.235066
-0.1287903
5.912295
0.2349898
3.798738
-0.8197656
-0.8356583
4.988237
0.003995981
-0.5583116
5.020541
5.915837
6.432424
4.908168
0.2996345
5.157693
5.759942
5.411053
4.169395
4.447306
-0.7531177
4.991389
5.328404
3.76575
4.769525
1.410413
2.379802
0.07785485
0.4997123
1.542193
3.993931
4.22464
6.891141
4.837607
4.743275
0.9480968
-0.1092315
4.812818
4.188841
4.588638
0.8416757
3.973851
5.728941
-0.2736176
-0.3980079
4.797872
3.13007
5.76427
2.921992
1.562308
6.10112
5.329567
6.157318
1.922535
5.999122
5.283225
0.5488606
3.573016
-0.7295452
-1.181451
-0.9379651
2.982475
3.752522
3.232592
1.292475
-0.7467801
5.001351
8.336366
2.862156
3.902368
-1.357883
4.841287
8.22109
5.574076
0.9224818
5.324877
3.705934
0.05422509
4.422591
5.123139
1.579357
3.807897
-0.3907466
5.803024
-0.291524
5.180325
-1.226538
5.482179
0.9008338
4.450789
0.8484677
4.429449
5.040489
-0.9290715
0.1859368
-0.5704554
-0.07841385
4.443035
-0.3355433
0.1628438
6.16343
5.303417
3.660408
0.2972497
0.07757626
2.246814
3.197083
-0.1564151
-1.583337
-0.5734783
-0.6312475
0.4481447
4.01444
4.80802
1.079475
-1.25047
5.792014
3.770867
-1.551128
5.499243
6.074571
-0.6322066
-1.050701
2.740372
1.483182
8.114353
5.669182
5.041299
6.487497
0.3246543
-1.475913
4.097672
5.009417
0.1482376
6.044117
4.325107
-0.4540475
-0.8576838
-0.363059
5.96318
0.8033839
6.754009
-1.309371
-0.637128
0.05489323
5.014572
-0.7863916
0.7483023
0.8684039
5.155591
5.112167
3.81877
7.496438
5.515711
4.467088
4.972879
-0.5764463
8.929701
7.317153
2.359215
5.596745
3.532433
4.027838
1.345209
0.1062649
3.440694
0.4497329
5.562075
4.515845
5.903306
4.190361
1.4097
0.7138253
4.44064
10.08334
4.903759
4.002067
4.507868
3.915226
-1.508523
3.772341
5.633674
9.050913
0.05516059
3.855667
4.684904
5.669322
0.6409541
-0.2555859
0.143532
4.753895
1.144053
6.20201
0.2707444
0.3980711
4.631989
4.505323
5.615143
8.804026
7.053879
-0.166695
0.5082608
-1.169343
5.409001
4.469711
-2.736561
3.853357
-0.7197269
0.3633166
-0.8363638
-1.908949
2.137654
-1.602414
4.18962
0.7468019
4.303323
4.857144
3.531318
4.929697
1.66376
5.775918
5.978822
-1.618864
6.253932
5.258547
3.264878
-0.2070741
5.654779
9.986151
0.8705175
-0.3187539
-0.6532731
0.5598755
4.395127
5.336836
5.736196
-0.303661
0.303761
5.058437
5.019725
0.306865
5.67518
0.3532938
3.375589
5.150137
4.456936
5.848653
4.358424
-1.041218
5.262827
0.9783192
4.848089
3.265655
0.5069163
-0.1997008
0.4007622
5.061595
-1.201579
4.682829
1.582473
4.929791
4.911243
6.127515
5.045357
-0.5439393
5.092547
-0.6740629
5.979874
0.5941293
-1.857772
5.398445
4.259365
6.788755
-0.1607826
4.362279
9.177082
1.583799
5.058137
1.395757
0.2878397
-0.6964388
2.008156
-1.014998
-0.7348112
-0.8507814
4.762688
4.102024
5.074268
3.255804
5.665243
7.33945
6.468676
3.850096
-0.628048
4.802743
5.623376
-1.209219
-0.1788848
2.309362
-0.6267308
0.05175382
5.621039
3.52389
5.900197
4.121151
3.605356
3.376485
0.6522935
-0.3860203
4.279365
11.32947
4.946046
-1.105278
5.863719
5.332173
5.97292
-1.012715
-0.3303311
5.495354
0.8741115
0.9644489
5.038768
5.399949
4.552705
3.759829
-1.01823
2.075222
4.050789
7.329835
4.947864
6.064312
6.121637
6.617718
5.137294
5.107455
4.887208
3.499888
5.141223
4.109985
3.950686
4.249905
6.540437
-0.3717506
5.755061
5.364961
-0.3960672
3.406887
-1.127312
5.697801
-1.01484
-0.3565896
-0.8368849
7.02705
-0.6162618
4.868704
-1.459663
3.821867
1.049753
5.041222
4.834893
0.3032105
5.107445
0.01649986
2.762628
6.570519
0.7065004
7.921414
-0.9763126
5.878303
3.882113
5.111512
-0.8093226
5.7965
1.400569
3.425076
5.023335
3.406685
-1.099666
6.223357
4.585531
5.456764
4.59059
7.294377
-0.2527367
-1.408344
-2.349306
6.914612
5.603309
5.214268
7.031451
6.038957
5.652931
0.9775895
-1.598119
0.01797022
4.627198
0.8701906
4.800417
4.450325
5.465787
4.035459
-1.812693
4.954885
0.03299683
5.314125
5.29999
-0.531017
-1.792983
0.6464907
2.223513
3.54385
-1.197034
6.499601
0.2348574
5.786834
3.748443
5.431684
4.776436
0.1028801
-1.964251
1.100908
4.182618
4.909694
6.391172
0.7995782
2.346706
2.542144
7.245934
4.088249
1.225549
-1.340521
0.2912581
-0.8501408
0.3888877
6.523708
4.925962
0.8649764
-0.2719003
5.08206
4.892506
2.744416
5.973564
0.09090697
3.375653
4.994043
3.904872
5.50652
1.723585
0.6595667
-0.5160074
9.759775
0.9654342
7.497083
0.2427511
0.3756555
3.914301
4.598718
4.533991
4.797338
5.249906
0.2467587
3.391783
0.2509411
4.4684
0.6752524
0.5561449
4.040367
-1.333419
0.3307388
3.132403
1.228287
-1.730741
-1.847713
-1.914083
-0.796557
0.6521485
-0.5848748
6.266561
-0.413826
2.201558
4.546622
4.179726
4.991831
-1.56977
4.277096
5.639383
-1.531008
4.974697
5.425615
-0.119896
5.579503
4.26367
2.820614
5.292796
7.711766
1.372039
-0.3567194
3.709716
1.87339
5.628065
2.301585
1.293347
5.631382
5.125215
-0.612832
4.738225
5.900129
3.928636
4.160517
6.234478
5.709546
0.2452788
-0.8366102
5.492558
0.5270731
2.01668
-1.238773
0.06037105
5.17764
7.590708
4.63281
-0.8878667
4.594649
7.009219
-1.009153
4.774757
9.436033
5.535835
5.797064
-0.03493472
3.943376
4.847871
0.4443252
3.543942
0.03958968
3.56058
5.184402
1.275649
1.580172
4.147199
-0.8968395
5.516437
4.95975
3.021781
0.2180001
5.412658
0.5023446
5.372956
6.157932
7.108736
6.080095
5.674844
-1.942208
6.428487
5.131426
4.509825
4.550924
6.030591
6.358465
-0.5813114
5.579073
7.217546
1.20393
-0.2051346
0.9610332
6.596342
-1.051572
-1.971482
4.485004
0.7087202
7.036969
1.114554
13.78277
0.771088
4.52459
4.83776
1.067824
-0.8784357
4.441439
-0.1664199
0.2614779
4.884575
5.828902
5.360493
5.242291
-0.6693895
5.990457
5.865485
-0.2095644
4.356016
5.922075
4.813105
4.565996
5.364566
3.496161
2.535397
0.07964631
-0.7942364
5.314677
6.417687
3.869333
-0.2802939
4.991042
0.6046145
4.188762
-0.9904267
0.1031867
5.190062
1.248852
8.292338
4.788929
4.779836
0.7708693
5.510772
-0.3182037
1.429863
5.011445
-1.553017
-0.9733891
3.734776
3.63757
-0.2666702
6.761251
5.641543
3.232055
-1.01205
6.510273
-0.3830252
-1.148871
-1.699968
5.354656
4.554077
2.766216
-1.657205
4.85326
4.021155
5.520148
0.1145333
6.351292
5.796199
4.817187
6.54486
1.358524
-0.533776
-0.6962969
1.263856
4.743812
4.236518
-1.88256
2.356892
1.307308
4.557612
5.181511
3.797122
7.571113
0.2381985
6.402316
-0.1828252
6.374973
4.649361
-0.6310631
11.83126
-0.7336712
1.120649
-1.164927
-0.4282439
6.320185
6.062669
4.557013
4.727498
3.014948
5.052982
-0.8770847
6.06034
-0.5078608
0.1322887
4.846231
6.046477
3.240253
0.8152452
6.963995
4.169179
0.4317854
4.437773
3.239058
-0.2634933
1.344108
-0.6949243
-0.4833303
5.705757
-1.119735
-0.7805077
0.0533083
-0.4970192
6.269769
5.332906
-0.2702922
-0.5407322
5.113158
6.028111
6.324068
-0.4253786
5.921261
4.060888
1.355733
5.594248
4.869481
5.321677
6.167288
6.002658
2.426186
5.943083
4.615032
6.467953
0.2959521
6.208658
6.639012
-0.9856239
4.006565
5.433513
0.1854141
5.586722
9.17283
1.514338
5.963686
4.464957
-0.1524734
1.00164
-1.785242
5.034848
4.102924
5.208151
0.5268266
4.190549
0.9647856
-0.3355891
-0.144226
-0.4678997
-0.8934906
5.915423
3.612544
4.861069
-0.5214303
4.99272
4.422959
-0.1416695
7.118224
0.1854949
4.722352
0.3744926
6.462921
5.516034
0.8865384
-0.09128763
1.184544
0.002410641
1.198947
6.727247
0.2879343
6.315563
1.072507
4.861404
-2.346035
-0.6244366
6.255193
0.3027929
-0.06982648
4.806067
-0.4399062
-1.277298
3.05314
1.885631
5.00653
4.962691
-2.191937
0.654388
-0.8873127
4.061218
5.189655
5.596307
4.867005
4.938911
5.555017
6.046444
5.766117
5.24728
3.751414
5.238048
-0.4192824
1.108164
4.940529
6.65468
-0.4751388
1.256782
5.910648
5.047437
-0.3258643
6.781771
4.651613
0.1702926
3.567756
5.729098
-0.7849166
4.86187
0.3617068
-0.0124483
3.821164
5.137749
0.2610773
6.747608
4.723634
4.381234
5.368894
0.06050589
5.495241
0.4599758
-0.1048776
4.455163
1.509936
0.9939029
-1.414833
0.9425486
3.062509
1.171238
1.453541
5.729838
0.2552754
0.8930402
5.571736
2.455676
0.6498351
6.450104
-2.019352
5.415056
0.6969143
2.888809
0.1785028
5.535354
4.472055
-0.1607735
5.886186
5.013954
4.18267
2.363744
-1.28478
7.919014
4.775005
6.88742
-1.770267
-0.5898937
5.317651
0.4708764
5.287545
5.814645
6.915234
0.1999243
5.265778
5.724627
2.864627
1.187993
1.119469
0.527704
2.240128
4.855876
4.828094
0.4205704
4.142045
2.731589
5.317283
3.98118
1.116643
-0.5264321
4.26635
5.695689
4.040978
6.633773
6.061767
-0.9612832
1.148714
4.665216
0.6218484
5.042294
2.805719
4.044382
5.02049
-0.768903
1.059391
5.977367
-0.3261238
-0.9743888
0.139596
2.714956
1.02109
4.819967
7.412913
0.3012442
5.487635
9.081177
5.145598
0.6548526
8.402877
5.757761
6.098475
4.557837
5.079452
4.327718
-0.8326577
0.02695184
5.806239
4.729536
4.763709
5.492478
6.875227
0.9370704
-0.4387938
6.98075
4.58503
5.51403
3.890229
4.653728
6.629962
-2.055714
8.731435
5.89372
0.2541462
4.579402
-0.8378663
3.651848
4.355734
-0.1444653
3.700422
-0.2002983
3.401992
2.035923
0.04697242
5.646564
4.709998
4.818241
6.542014
5.880287
5.571616
3.853104
6.232084
1.065473
5.509369
-0.767308
5.651926
-0.00476374
4.968435
6.053529
-0.9308898
7.282071
1.468461
7.048145
0.07197185
2.755113
5.869127
0.3171669
4.663401
2.033275
0.545389
5.70875
3.570591
0.1048885
4.577114
3.407218
3.479071
-0.7587753
6.055056
-0.2829674
5.28697
-0.8095965
0.01999738
-0.9425148
5.667981
6.847043
0.6275073
-0.08513259
-0.1388014
5.371862
1.876159
0.8107562
1.035187
4.583096
1.555633
1.584304
0.5016445
1.338959
10.51021
3.494328
-1.883072
4.969265
-0.3246309
5.639267
-0.7079858
5.15797
-1.913783
-0.479404
6.162755
5.083843
6.502009
-0.4969034
7.302265
5.548376
6.060646
3.635726
-1.127125
5.275709
-0.5274665
5.371168
1.656404
-1.035358
1.291067
5.127559
7.123502
0.841939
5.103559
8.413664
-0.5453761
4.801981
1.544461
-0.7929616
2.857909
1.15278
6.036983
7.07927
4.254025
5.321427
5.410029
5.44547
4.401436
0.3644382
3.923172
0.1260962
4.446488
-1.188081
3.798521
0.309406
1.721108
1.194344
5.555291
6.143981
-1.317582
-0.480464
-2.366043
4.71376
5.328798
5.816885
5.243097
1.806974
1.629668
5.338188
5.892356
0.5355671
5.633815
5.949961
5.069689
6.010667
1.423552
4.661894
0.8633954
3.348141
0.3853281
-0.5734514
-1.075512
-0.3473638
5.810294
-0.3929018
4.587395
4.891188
-1.649047
0.04220964
-2.314158
4.254605
-1.823558
1.029617
-0.2396281
4.162051
4.253943
3.464396
5.287498
3.778957
1.35058
4.462331
7.168602
5.07557
-1.240761
-0.461941
1.224042
6.055545
2.908426
4.522131
2.843
0.3629281
1.291424
0.2675486
-0.6559358
4.673935
1.343096
4.536816
4.606434
4.789753
0.9403614
3.637032
3.464236
6.502467
7.31578
-0.3912961
5.468923
0.8862964
4.207681
5.86063
-0.2418123
-0.2070504
4.676403
-0.909421
6.019037
5.066368
5.485493
4.745964
0.9131679
4.909778
4.581567
0.2032106
5.209253
2.902793
5.738545
-0.6707337
3.964223
1.138579
5.305493
3.989753
5.171549
-0.04103185
-1.229951
3.51782
5.597568
0.7334322
-1.279186
4.123374
4.288002
5.891324
4.561935
1.205971
-0.4652864
-2.285064
5.83942
2.450074
-1.083114
1.872919
3.673669
3.659732
5.71135
5.359745
0.03627628
0.7775813
5.990899
1.093851
0.2039791
4.484814
5.640922
-0.2985435
3.798192
5.031794
-0.6164689
0.6777929
4.753027
-1.970577
4.127387
9.743111
5.837481
3.095955
-1.458141
0.7580751
5.271717
-0.8315207
6.158373
4.576232
5.409278
5.034094
4.143356
4.013621
-1.100494
-1.332714
0.374855
1.012676
5.945585
4.448933
11.00098
3.842193
5.067266
4.33399
-0.4372907
4.303742
6.16347
5.49921
5.539965
8.097973
5.363994
0.802178
0.1584808
4.656851
-0.267282
5.009498
4.786897
5.652796
4.335961
1.769644
0.8285252
4.906375
-0.2709928
5.062222
5.816461
-0.8006064
5.936084
5.673137
0.8808057
1.718929
5.898709
6.179976
5.37432
-0.01793181
6.017347
4.461574
-1.511502
4.011935
4.822381
2.757617
6.602653
-0.9394278
0.08733697
3.037562
5.341444
6.894815
-1.008264
3.404201
-0.4225002
5.635215
0.1581904
1.165445
-0.302715
3.48054
1.499567
3.725619
-0.1489607
-0.6353357
0.07747107
1.773533
-1.108536
-0.2703853
3.379517
-0.0629168
-0.2429561
3.748536
2.107747
0.7185457
4.395935
1.827304
4.328145
3.678036
0.484148
0.2722687
5.419357
-0.2687056
-0.4172979
5.817015
5.896247
4.986173
-1.209333
5.378636
4.681241
1.157928
4.811462
-0.6988765
2.223987
4.597457
0.4833515
-1.363583
0.5644685
4.75549
5.825674
2.051726
4.775335
4.956054
4.623591
1.295111
-0.8153441
5.819236
5.238888
1.991137
-1.11639
-0.700812
6.733
0.7882146
6.015566
4.151583
8.110083
0.7226303
6.498741
-0.1044545
4.664394
-0.3685791
5.778655
5.247767
-1.253075
4.757644
-1.855045
0.3493255
4.567843
4.601606
6.077951
4.472581
1.338475
-0.3880024
3.753893
5.166864
5.577835
6.624889
5.770416
0.5038158
5.059335
5.007835
0.470744
5.240415
5.113608
4.834562
5.256836
2.933696
4.441032
6.995215
5.275676
0.626982
6.286035
3.711503
5.028159
1.850581
4.852164
3.132985
3.35706
1.348025
2.100287
3.994601
-0.4656386
-1.329092
4.431141
-1.206752
4.780222
-2.511193
-1.075273
0.176248
0.4727468
-1.342074
1.215833
-0.5971964
5.575071
-1.202836
-1.028973
-0.8215182
4.655333
3.74754
5.328906
5.250047
-0.05730184
1.703899
5.585776
4.980195
1.265133
0.2458316
3.716167
3.472875
-1.046319
5.814105
5.210785
4.630671
4.539525
6.055049
3.011515
5.827734
9.423263
6.361332
-0.5998014
5.334603
0.8007262
0.400909
4.410991
6.216743
4.383362
4.970286
1.501256
3.720343
4.822472
6.210019
0.758788
6.226007
1.645069
5.479474
-1.515758
-1.274585
0.7752466
3.942176
6.588343
-0.6306536
1.775403
4.026784
4.666638
6.285613
-1.185815
5.903874
0.4605161
1.264917
-1.091318
4.083665
1.403183
-0.5071108
0.1530877
4.084872
4.484972
1.455846
0.1358815
4.78548
5.878735
5.650255
5.206997
4.109647
6.19654
4.107793
6.985514
4.243571
7.523205
0.09320971
6.849587
7.142243
4.877123
2.811302
-0.009625065
5.196418
6.110443
5.023448
3.99114
7.170367
3.5907
4.407314
0.9419772
0.6422918
4.336853
-0.3037831
5.740122
6.415075
4.759408
5.280541
4.69236
3.679746
1.003211
-0.3453816
4.191857
6.549563
5.40738
6.935065
4.390492
-1.06497
-1.696507
6.536089
4.197426
-0.009136246
6.001957
4.762118
5.073816
1.27319
5.556197
6.750979
3.997861
0.5333372
5.892591
3.592025
-1.128103
5.859594
0.1347474
2.371013
0.08016533
-0.7651602
3.561573
0.3479781
-1.458692
0.2487627
0.596577
0.3909175
1.552256
5.996169
-1.535699
-0.7141857
6.496923
0.4672213
0.5243729
-0.6779871
5.61087
1.123562
2.844767
1.007333
3.188245
5.057496
-0.08190126
-0.04257256
1.130234
3.897909
-0.4372063
4.379857
0.880217
5.646654
0.5671323
-2.337619
-0.02517326
4.258178
-0.6037301
-0.4515646
4.847399
0.9459198
5.300557
0.33682
5.051856
4.326951
6.843807
5.507895
5.033305
5.523924
1.083036
0.6121046
6.792477
5.493502
5.153081
4.426451
6.506095
0.07370553
-1.464352
3.789796
0.8705808
-1.652296
7.39987
6.135363
3.475001
7.480751
-0.9808213
6.294678
4.472497
5.460138
5.347948
1.189327
5.209246
7.784838
5.979798
6.368521
0.157809
4.469633
4.372556
4.184183
-0.6128913
5.889427
0.578052
0.1159055
0.1064873
5.245827
-1.103728
4.358051
0.3018354
0.8692141
-1.117346
4.481532
0.6899087
0.09030609
0.206663
5.204535
0.7869761
-0.7257672
1.631365
6.364182
0.7295425
6.383852
4.802286
4.455445
5.679107
3.946438
5.932947
4.532001
6.233464
5.895078
-0.2567087
-1.199171
-0.04185447
5.223669
6.824649
-0.801556
5.491642
0.02090295
-0.8236561
4.632897
0.6049555
4.865619
5.954034
2.308889
1.119295
-0.2459664
5.764635
2.243781
-1.029196
-1.565285
5.697273
0.2805967
4.901615
0.1449366
6.099767
6.767384
-0.1552228
5.012374
5.385505
-0.3283811
5.723086
6.005451
5.638632
2.268429
5.28026
1.083637
-0.4704809
5.218931
6.622817
4.881412
-1.191171
2.437303
5.218241
1.284935
-0.5273702
5.542923
6.402257
5.959853
4.804925
0.03623544
0.5778171
4.507609
2.793738
6.033581
-1.608779
8.657228
0.1561181
-1.636415
4.190028
0.3790597
4.05081
0.2300288
4.752485
5.96382
-1.251385
7.481148
4.758407
3.753584
0.2360276
-1.198742
0.1929019
6.183781
4.027545
4.98612
-0.5134157
6.809664
-0.496413
4.10051
-0.08135819
4.575428
3.643808
2.636949
-0.06433762
0.8827766
-1.497638
4.52286
5.686292
5.267259
8.565337
-2.216494
5.100758
5.880799
9.677581
-0.2363954
10.26574
5.553379
-0.5454335
-0.01498215
-0.3649863
2.18457
5.029096
-1.014164
-0.2284705
0.4319034
0.2009817
5.089004
3.912614
0.1598822
0.9022297
6.592382
0.8342175
3.970173
0.06921059
5.772248
2.953207
-0.1771403
-0.9190341
4.11704
4.222389
1.085268
-0.1576803
5.859246
-0.3357872
3.328034
6.42479
5.000777
5.033861
4.802079
4.198947
5.838316
5.153718
4.167748
-0.2528475
3.342593
0.1685463
4.928554
5.492708
6.141971
5.089377
6.131374
5.062886
-1.833125
1.321756
-0.9809368
-1.508256
-0.2012808
-0.4507021
1.734366
-0.01376738
-0.9363673
0.7641874
5.914228
4.356907
3.887398
0.9358755
3.984075
4.240447
5.128231
5.076551
4.188819
-1.019134
5.369875
5.841471
0.08393897
-0.1919844
0.9097812
-1.850928
6.217317
3.173697
5.175207
-0.4776152
1.445904
-0.529907
5.769743
4.166505
5.91975
5.822926
5.41649
5.209965
5.338204
5.370419
-0.2568549
5.738985
-0.4820577
4.175655
4.425375
4.056848
5.771625
0.08700309
-1.214863
4.516815
4.118755
-0.5177317
6.236113
3.23434
4.692006
6.505292
0.8349074
3.050402
6.180787
2.842127
4.520371
4.535344
3.369034
6.895746
4.711854
5.239873
4.967896
4.64432
-0.5908011
4.672588
3.98348
5.837192
-0.1697758
6.087591
0.3259557
6.850738
0.4527626
3.464784
5.553162
-0.6534061
7.730668
-1.257506
3.241338
6.676494
-1.819009
-0.1834255
5.94108
3.499572
5.947991
-0.03265353
1.163615
0.05548479
0.9074814
-2.392536
5.469588
5.821774
5.460983
3.295821
0.9995031
5.902839
-0.5742716
7.077069
0.4382554
3.958238
1.329818
4.337747
1.512605
7.204507
5.398978
5.287198
1.638458
0.836505
4.701727
4.527448
3.952149
0.8856291
5.812396
4.764716
5.4166
3.993955
-1.104222
-0.6789094
4.506191
-1.107777
-1.756019
7.043453
5.497252
4.501367
5.799799
6.340575
-0.4912854
0.04166031
-0.3033622
4.681352
5.822457
2.113228
5.276065
5.32049
-0.777941
0.9466337
5.452554
1.422435
-0.2141187
3.508065
3.850642
1.033387
-0.6541149
3.540195
4.662946
7.240294
0.6721944
0.4722066
1.132949
-0.02110573
6.999961
4.298387
0.8649348
5.767071
0.7000373
0.8386029
7.733528
5.006709
4.988123
5.239308
1.337508
5.863945
5.727003
1.179703
1.470598
-0.2575155
2.281167
0.4951932
1.218616
0.7776929
3.166708
5.511139
0.1269268
6.55678
5.850555
4.727703
0.1076525
0.6219321
4.262854
-0.6710309
0.372932
4.591055
5.736547
4.994679
0.1675486
6.756208
-0.3702175
4.050575
4.899917
0.4803807
2.66217
5.146921
0.1832702
-1.49257
-0.5686173
4.668911
5.060739
4.507895
5.415733
6.259744
0.9127664
5.036964
0.5198801
-1.788145
0.5711745
6.024466
4.883892
5.771635
-0.2078378
0.02081252
4.478039
1.527463
1.26557
1.068925
-0.372508
4.106208
9.297695
4.641546
-1.146472
-0.8327205
6.229075
-3.725707
4.24758
4.134121
0.6793374
4.421907
1.258386
6.973322
4.801908
0.03254761
5.9331
1.914028
-0.4703843
2.148692
0.2321628
6.060177
-0.4341588
-1.118389
-1.132606
5.591536
4.560333
-1.188813
2.82625
4.587648
0.2728288
-0.6010151
0.04292297
5.7843
4.192196
6.810454
6.118714
-0.2406868
6.585843
-0.9211954
5.780045
5.349812
4.406842
5.022816
3.908768
4.052543
0.3426699
4.275067
6.295052
5.208512
5.182916
-1.699725
5.273702
0.8963581
-0.2384957
-1.025601
0.517747
5.596299
5.181837
9.646864
-0.4430496
0.4058845
-1.312254
-0.7764008
0.4002475
2.233945
3.15318
4.032308
0.3524725
-0.1132124
0.6076876
6.911076
0.1845872
4.936511
-0.6751031
5.587536
-0.3506069
6.04286
-0.2097919
1.344654
4.580233
4.627546
0.1997481
-1.245086
6.327475
1.34166
0.0812487
-0.08229086
4.792047
3.382679
-0.7132548
-0.8868849
3.265178
0.5928448
-0.5513071
-1.305712
5.655096
3.972857
4.608298
-1.309506
4.695591
-0.169043
3.582334
0.3799369
7.363203
2.207426
-0.1638581
5.628233
3.901145
5.648786
-0.1323691
0.8683059
0.2473261
5.513225
1.590328
3.913171
5.319165
6.227383
-0.8844678
1.494343
-1.40929
7.404367
5.165545
-0.0465709
-0.8996175
6.482218
5.909514
-1.237091
5.073584
5.973494
-0.09064799
-1.262974
-0.292552
5.978283
9.132057
4.269882
-0.2494931
2.234697
4.685526
-0.6448147
1.056833
4.711527
-0.02209652
-1.535772
5.153513
4.920092
5.102687
4.87741
1.540294
6.066163
4.507433
5.70232
4.349009
1.372208
0.3341825
-0.4960514
3.419535
6.502007
4.525981
-0.8787942
5.836957
-1.067592
0.2099317
6.488418
0.4528051
8.300475
2.619514
6.174249
1.428424
5.02445
-1.861616
0.5857659
1.61262
-0.0109237
3.433351
-2.798273
5.016057
6.458063
-0.2728808
4.074302
5.78817
4.353518
-0.269186
3.867219
1.376744
5.570791
5.890176
0.2021102
5.390537
5.399743
5.280455
5.770134
-0.2602541
0.1777704
0.5659843
0.6768246
4.483373
2.195483
4.645106
1.451353
5.202139
-0.9435477
-0.03390005
5.532197
3.808768
1.754145
4.891149
4.295894
-0.663144
5.750402
3.457027
5.538474
4.168996
0.08378326
7.565203
-0.1929252
-0.3589949
-0.1915079
5.479674
0.2174235
-0.5467534
1.381552
5.601632
4.400222
1.002389
4.186096
0.05397293
-1.073682
-0.9514508
0.974005
-0.5533399
5.690837
-0.4722623
5.245317
4.801721
6.022734
6.900522
4.101762
-0.4872667
6.166233
3.861958
5.666971
5.243069
0.005748498
0.2871431
4.103031
5.359297
3.531381
3.708969
-0.2291553
4.115103
2.118142
1.621669
4.648468
4.3017
5.429422
4.366807
3.416143
3.586755
0.980792
5.936142
-1.913467
-0.9134632
6.464769
4.847382
0.6607837
1.863886
-0.272844
-0.06976145
6.442485
-0.6540387
5.074372
-1.093973
6.293538
5.324779
1.220682
3.431881
0.7911101
4.414039
4.761608
-0.05496006
1.291222
4.368251
4.551461
5.884524
-1.890525
-1.010338
3.864764
-0.812302
0.45319
5.941144
5.009329
-0.005869933
4.51442
6.785382
1.765506
5.247553
-1.928775
-1.686261
5.762909
5.014511
-0.6269837
5.380459
3.478666
0.9023389
0.5503771
0.02402241
4.407303
-1.011597
4.945277
3.666073
4.90597
0.1793745
0.5441019
6.110263
5.222185
0.05163768
-0.2790886
1.139013
4.164507
-0.8578444
4.221518
6.095768
0.9312305
4.421379
4.802312
0.9163167
1.781948
5.572822
6.040166
3.347077
4.961415
4.530038
5.67293
4.007418
0.2958138
5.763671
2.486351
4.68591
4.406974
-0.818215
0.4943421
0.01401182
1.09133
5.495143
4.783657
-1.286058
6.708134
3.977277
6.587595
6.013755
5.357263
1.070416
4.460462
2.002087
0.0997733
-0.9862171
6.353653
-1.646471
5.856806
6.13135
4.735584
0.7211517
3.708675
-0.6151585
1.515469
-0.6761092
5.366629
5.17027
0.3219823
-1.454167
2.596317
4.854169
5.589005
-0.9693944
4.515237
3.812397
3.210704
3.832416
5.288604
4.559647
-0.9946794
-0.1220529
4.956831
5.82523
7.949145
2.63756
4.371768
4.869128
3.584654
5.382032
4.307917
6.30609
6.876579
6.441411
-0.006920464
-2.843504
4.796173
0.1632734
3.233247
4.973491
-0.1717167
4.426753
-0.2016028
0.3610001
5.003562
0.5106724
0.3969226
6.608075
5.391911
0.1250985
0.6828651
-0.9709785
6.229592
5.79012
0.6234054
5.108884
-0.0184865
3.049314
6.177678
4.606674
0.9988177
-0.6200468
0.6233252
3.679598
4.305382
4.671019
1.120352
6.780852
5.652622
3.464653
-0.8418665
4.972899
5.801405
1.239286
-0.3434529
6.219418
-1.058257
3.653275
4.102963
3.943776
4.70162
4.778217
3.663202
2.528798
-2.252379
3.618011
6.749015
5.166727
1.836813
4.683708
11.71798
0.1074134
4.833262
5.18823
4.458887
-0.39683
5.169695
-0.7667914
4.567348
5.820026
0.09376903
7.621964
5.632555
0.05272583
1.657956
4.966016
4.757207
3.903338
5.924153
-0.3239793
-0.4620199
2.25443
-0.2899653
-1.69353
-0.1452223
0.2495527
5.595014
4.819629
-0.2367477
5.320714
5.488642
8.520788
1.140789
4.706801
-1.142917
3.828974
-0.5803785
0.191107
1.644216
6.80796
-0.2719385
3.792948
0.2350188
4.84369
5.327026
5.351526
3.522142
5.396083
4.884215
0.2910666
0.7532947
4.331326
4.864647
-2.008462
-0.2330622
4.466728
6.514336
3.980655
5.642807
5.058671
-0.4338879
6.087832
3.461933
-0.8790089
-0.244498
-0.03823123
4.545123
4.888333
2.437067
1.111999
5.902922
5.510688
0.4719141
6.212699
6.441116
4.303282
-0.7436814
0.6497345
4.471679
4.634047
1.041215
-0.3379548
5.275856
4.558615
7.284289
-1.004822
3.567361
5.904589
5.04484
1.860876
-0.2330583
6.145794
5.147859
-1.033598
3.766914
4.610259
5.320953
6.139481
0.7287789
-2.091766
3.399003
-1.438065
7.409923
-0.1104105
-0.08799367
5.623661
4.796656
4.136816
-1.068703
-0.5204035
5.389778
6.856996
-2.516732
5.549093
-0.3743213
6.070072
1.480791
6.937651
5.222162
0.5888615
7.398915
5.442611
3.385628
-0.2391185
3.784191
7.836993
5.218026
0.09028202
-0.03406336
3.289683
3.897472
-0.4892984
8.823149
0.04906474
1.729432
0.1720223
-1.847179
0.1671489
-5.079173e-05
-0.6396566
-0.1926286
0.2509335
6.377905
3.99871
3.508126
1.989503
-0.2951273
0.7474508
-1.8592
1.337507
-1.50146
4.02081
4.52338
4.450526
0.4578854
5.118986
5.530732
1.895311
-0.8278783
-1.553408
-1.18562
0.5142418
-2.893996
-1.871728
-0.8787841
4.343727
-0.2333459
4.048659
-2.31
5.310458
7.259801
4.366789
5.047307
4.917018
5.881422
6.914379
4.172996
5.844664
4.627259
0.2281096
5.197685
3.073886
5.510634
5.178001
4.529026
0.6368718
5.290672
-3.240012
-0.1496247
-1.315907
2.531279
1.958265
4.025797
10.58132
6.119258
4.724234
4.424261
-0.1123069
5.692211
-0.5580105
5.282094
0.4851031
4.628417
1.057183
5.781579
4.982308
0.809224
0.193201
0.1550164
4.751402
5.218682
3.467733
9.680732
5.999729
0.6770309
-0.658707
5.05432
1.966583
3.763735
5.136472
2.240785
0.5475406
4.288799
0.8633946
3.98313
4.888686
4.264443
-0.1421175
2.008162
5.964329
6.017766
-0.1264996
4.192803
5.033946
5.192884
7.057249
5.849139
3.595355
4.935651
5.903045
3.527996
2.238783
0.9573319
5.360342
-0.5904167
6.551328
4.663707
-0.4557473
5.087587
3.540441
5.465759
5.848283
4.993777
4.18837
-1.134725
4.53075
3.88144
3.915339
-1.213521
5.434813
-0.4898959
5.700234
-1.06505
4.386679
6.899525
3.57262
0.6957225
4.11859
4.061503
-0.7083488
5.128361
5.298856
-0.8237032
5.491336
1.680829
5.817166
0.0747829
-0.1088883
-0.07442646
5.064046
7.158897
3.707771
3.806231
0.835363
-0.2723798
4.550351
3.534663
-0.2625909
0.3125346
3.825388
0.186387
4.836835
0.08884859
5.199678
4.03761
-0.4184648
3.398092
4.815577
0.1607179
-0.6314551
5.003106
-0.09071428
0.6572966
7.22066
-1.105256
5.774065
2.731416
4.506338
-0.1646515
4.80511
1.290961
4.809641
3.200119
4.463786
0.5900035
3.421647
-1.498717
6.144549
6.018041
7.864638
0.5147175
3.809667
5.962949
-0.7843752
-0.8393985
-0.7931999
4.058257
-0.388461
5.696954
5.20085
1.729615
5.711914
-0.7695969
0.2110886
-0.09172306
3.982073
-1.617296
0.6494082
-1.085265
4.605684
3.599211
6.508185
5.836276
2.866893
3.603086
3.286557
6.907388
-0.6913556
5.994992
5.058285
4.41726
-1.694624
5.790708
-0.9327989
4.550745
5.012802
0.1294188
3.669825
6.104105
4.026488
8.141861
3.560327
-0.8518852
-1.228223
0.5100043
0.7062422
1.146619
1.500554
-0.9135254
4.861908
3.628938
-1.833445
-0.7744995
4.410361
-0.399661
-1.416869
7.836231
3.796517
6.096082
5.684539
5.149704
5.450931
-0.2175854
4.388034
-0.2476516
4.389233
4.474663
1.429697
0.5036844
2.51068
-2.932729
3.749042
0.4602335
3.677634
4.357223
0.3520629
5.066207
1.231723
5.1079
4.675061
-2.211285
0.005125029
5.133012
5.975586
5.717207
0.5086959
0.721043
4.702484
-0.5837309
5.44238
6.917564
-1.315348
2.544621
0.6998791
4.826922
4.747286
0.7731943
6.092594
2.189386
5.332292
4.619112
3.746902
1.430262
4.180584
3.061066
5.337199
-0.7261253
0.339393
-0.9987289
-0.9021995
5.525834
4.708946
2.072991
4.476315
-0.4754989
4.431387
0.8625345
2.874366
4.934814
4.466277
0.2081457
3.914943
5.637875
5.284404
0.4595431
5.593513
5.642475
-1.162873
-1.213835
4.149599
-0.682273
5.75653
4.536122
3.896653
5.451108
-0.05658923
3.174576
-0.1219983
4.83246
-1.44429
-0.1876809
5.869121
4.58834
0.2386922
6.153586
-1.013311
4.991422
0.511947
6.514552
0.09605779
4.233206
-0.3940575
4.649516
-0.7041026
5.416442
4.575197
3.249023
3.959386
6.096167
-0.2485637
1.683689
5.758119
0.189681
3.864455
-1.932517
4.967339
5.707457
5.54391
-0.4234685
-1.294555
5.856754
-0.3759334
0.3822256
-0.5869196
5.384775
5.090724
5.205699
5.973392
-0.4125172
3.235075
4.851339
4.979041
1.05039
-1.234547
-0.8089857
0.6008594
-1.637144
9.757843
3.810587
0.2939895
3.964039
5.39899
0.3088359
-1.962331
3.36626
6.215231
4.660044
4.481373
-1.261658
5.349374
-0.1277756
0.1098608
5.724857
0.7072094
6.271787
4.301051
0.1778121
1.263967
3.811307
8.295798
6.046652
4.793397
5.730172
4.258136
-1.207053
-0.3098493
5.212742
0.9177425
0.1673425
-0.5276635
0.9581387
-1.387017
0.09929674
-0.6240986
-0.5714457
4.892131
-0.8058242
6.151987
3.866414
-1.96706
0.2732986
0.9559716
-0.8217358
-0.3568653
3.87869
9.496036
-0.725981
6.466345
5.972994
0.2982796
0.4242394
6.530138
5.109485
4.54322
6.200432
0.02211211
-0.2407616
4.953454
3.536472
6.589145
4.869982
5.855165
6.885757
4.793322
0.8057305
5.57751
-0.4106339
4.291454
5.741933
4.852301
0.1396563
6.417392
5.126786
2.954333
5.492312
-1.374924
6.321458
0.9283392
-0.2484753
0.2637226
4.691969
-0.2427843
-0.7683269
6.991352
-0.2671703
5.748378
5.433604
6.238843
-0.8028198
5.446589
4.197099
0.5077816
2.128124
5.011154
4.269249
0.255002
6.454423
4.37092
4.319119
5.551808
4.68405
-0.4092117
3.895404
4.7115
4.059361
4.915255
1.218713
2.932051
-0.5588092
4.86377
-0.5041653
0.4286526
5.892019
-0.9855441
-0.2051515
-0.2949861
3.982971
1.323637
0.4712089
3.319034
5.259467
5.25093
4.51168
4.979719
0.8891951
0.139544
6.065673
4.964283
-1.711369
7.234267
3.35208
4.741131
-1.727226
5.44593
3.04028
6.121914
5.845599
-0.3990796
0.3766395
5.773623
2.493946
3.705666
0.5277175
5.987842
0.9165213
4.810046
-0.8492215
0.1410866
4.502694
