0.9343169
-0.5486265
0.5570608
4.206724
5.714449
5.358229
-1.248249
0.4838478
6.667756
5.518807
-0.9998241
3.728238
3.897352
-0.7215419
5.860303
4.947808
4.988073
1.137059
-0.6736466
4.101582
5.49141
5.654013
-0.345587
0.3303118
5.471675
6.572767
4.106725
6.051136
3.257432
-0.6154488
2.181885
3.277217
4.686537
5.714345
4.711453
6.319661
-0.6424002
5.45403
1.683368
0.06414986
-1.106008
6.986417
7.878426
5.539207
5.383322
5.247418
-1.329774
5.709715
4.127593
4.641214
-0.1329264
0.7012619
4.874119
2.537668
6.460624
5.862174
-0.01810936
5.370064
2.577575
5.726383
1.915725
5.509568
-0.2898252
4.351097
6.643653
4.423504
0.0638339
1.430376
2.739298
4.929469
3.056517
3.907075
9.216086
3.375665
5.068506
5.677433
4.67067
5.967989
3.458183
3.81332
-0.5798608
-0.4514803
-1.884538
5.715397
4.920532
-0.7024067
4.903841
5.095923
4.531798
3.667627
0.01469958
0.224372
3.678604
5.409031
0.3818943
5.946698
-1.428611
-0.2433725
6.662839
1.027873
5.180955
5.030472
4.190307
0.6314423
4.08183
5.790785
-0.5361554
0.4990559
0.08660342
7.252138
3.829157
3.925029
0.8570006
7.157927
5.347995
4.972423
0.6166123
4.815081
4.903919
0.5777782
5.647424
5.195462
5.000404
5.527454
-1.5631
-1.8575
5.519725
5.750805
-0.8104631
1.275955
-1.170989
7.490244
3.997531
0.8461107
5.363868
5.464544
0.5942165
-0.9304206
-0.4247828
4.189723
-1.253257
-0.006773114
4.050338
-1.394713
1.837422
5.99013
-1.117674
4.996576
4.768099
5.91913
3.530677
1.226749
5.006325
1.368601
-0.6599563
4.796327
1.190486
4.444531
6.619573
4.021256
6.258534
0.5910511
2.846483
0.5919295
4.575961
1.265894
0.4722548
5.806938
0.5859869
-0.1683679
6.427772
-0.3234243
-0.774494
4.226296
4.063863
0.7227547
0.4472444
3.821734
3.567784
0.7633825
0.6466585
6.787342
4.917612
5.035646
5.105238
4.700426
0.7213703
-0.7860035
7.250597
6.051405
6.091485
1.020912
8.418969
4.895585
10.7069
3.915832
3.776943
6.221517
8.788403
-0.2706496
5.479651
4.956004
0.2066149
5.021133
4.261788
6.547324
7.235058
-0.8899193
-0.9867433
3.314663
0.4951356
4.282663
4.027237
1.463316
-0.2929641
5.220125
0.5141385
2.887924
3.485058
6.29007
5.040781
4.533831
-0.3805722
4.122246
-0.2301407
2.988965
0.4680546
-0.8152895
4.929832
7.425845
0.9351267
4.478997
6.527838
4.996571
5.200515
2.106615
4.864478
5.009713
1.146915
-1.233886
1.354854
4.112591
-0.113812
5.717368
6.054301
5.677873
5.442597
4.870719
0.222106
1.606631
2.94172
7.447349
1.111163
4.242281
7.639821
3.513427
4.920178
5.169116
4.903383
6.509426
-1.140248
4.165112
6.039723
3.500924
5.387009
-0.04371909
4.960833
3.825026
4.850808
-0.7510467
0.6782409
-0.4684805
0.9989304
5.770812
-1.569695
5.951351
6.753651
4.552382
4.469571
3.296721
5.442984
3.872559
3.319898
4.16498
6.184425
-0.4700714
1.837384
7.312331
0.2277037
5.158204
-1.757114
-1.294286
-0.5821535
4.659406
1.019036
7.611414
1.065149
4.6891
-0.1747281
4.61093
3.669664
0.9884366
5.127437
0.4249033
5.290898
-0.5341182
5.056335
4.637004
-0.855585
-1.814786
5.770392
1.560554
0.8548713
-1.605955
5.608316
4.626178
6.590225
0.6091256
-0.4548363
4.190789
1.181835
0.8078037
3.654554
0.7756443
5.141005
-0.48013
1.776839
3.341732
-0.1350988
5.345717
-0.7504259
4.652313
1.356315
4.000809
5.622606
-1.201457
4.727284
3.391822
3.912857
0.09421788
5.878343
5.698905
4.175136
3.039627
6.019934
4.148688
5.12556
4.45926
7.159511
5.729511
2.720969
4.140433
-1.016668
4.214674
-0.931364
0.7659286
5.010104
5.169036
6.496157
4.706514
5.6342
0.205111
11.97676
0.8024962
4.84159
5.250804
-0.994788
6.598865
5.484986
5.517297
-1.16452
1.390642
4.780369
5.177936
2.267397
0.5195798
6.670544
5.216856
-0.9235753
-0.04630582
11.7475
4.236777
5.531504
-0.5861871
0.6416902
4.553325
5.192517
-0.08242642
5.333857
5.809386
5.276593
6.760465
-1.59944
-1.370684
5.507778
3.992176
-0.2043281
4.068781
4.905203
0.4507453
0.9617272
-0.5438222
3.649111
2.097612
4.697867
1.848079
-0.3691109
4.215923
4.904987
-1.141743
4.81026
5.591478
4.403347
-0.334778
5.630694
4.967292
0.3134966
-0.4069676
0.3921976
4.888351
6.131792
0.8111953
5.866219
0.4348688
4.694444
5.654618
-0.551948
0.5754547
5.019
1.556603
0.02015156
1.360287
4.941845
-0.2466936
-0.5412695
4.357021
-0.09383798
-2.018565
5.130618
-0.458983
1.427686
0.8204466
-0.9633014
4.001448
-1.20036
2.281718
6.278742
0.05180224
1.410511
-2.070011
-0.5290169
3.157479
-0.8133028
11.51756
10.60625
5.750365
1.291164
5.470089
4.785043
4.174051
1.231798
1.163479
0.2284207
4.032263
-0.6075639
0.1483462
5.785153
5.432942
4.304107
-0.397314
5.18143
-0.5861256
-1.289015
8.504404
0.1618266
-0.6381173
-0.4591849
-2.608356
4.947745
4.919566
0.6568505
1.365794
5.769333
0.4361212
4.515121
1.849581
-1.168249
-0.7765957
0.6661355
-2.745784
4.656444
0.2121738
4.662856
-0.519652
5.335428
4.221719
4.257781
-0.3352045
0.4162506
1.601267
5.196147
5.186604
4.391094
4.370127
4.955093
4.579742
0.8539841
4.777397
6.921337
3.420284
0.05966394
-1.563045
-0.5053584
4.226527
0.7923975
-0.5604638
4.939662
5.793232
3.769116
3.95625
10.19287
-1.008765
4.335909
7.059864
4.895499
1.049982
-0.4427996
4.228237
3.963518
-1.152589
1.66696
1.151203
5.354479
0.9142834
3.665792
1.875129
2.096574
1.406015
-0.7711058
5.302148
5.46677
0.4988931
4.566631
4.831637
5.858379
-1.163863
5.309556
4.901807
4.034775
6.079933
-0.0369028
5.089991
6.05291
3.250281
4.721336
4.222297
6.130897
-0.552002
0.4512157
4.830228
5.237157
5.178483
4.072277
-1.036909
1.721163
5.025688
4.507097
4.312182
0.9848966
7.68792
8.851765
1.363542
5.496366
6.568618
5.038891
0.6232783
-1.722022
6.353674
5.622123
5.614813
1.345689
0.6097046
-0.01357364
4.731073
3.972977
5.469576
4.715597
6.391569
5.959307
5.033288
5.774689
-0.008235302
-1.313146
0.0990319
4.546947
4.749972
-0.9428925
1.980441
0.09375914
5.656282
-1.668993
-0.1731363
4.263282
0.08082607
4.331773
3.346558
4.095763
5.879613
5.974715
-0.9346173
2.914299
0.312869
3.982624
1.869694
0.3702321
6.069485
5.671285
5.166208
-0.5467801
6.666924
-1.253651
1.096293
7.182097
1.945905
-0.9616232
-0.05554174
3.444205
-1.699474
5.178243
3.638205
-0.04823708
-2.285697
0.6568796
-1.675354
4.23066
3.166337
7.013764
-0.897475
4.897721
5.476128
0.2529957
3.717699
0.4298753
4.431624
5.073166
5.574389
0.6332251
6.253381
-0.9140996
0.854047
5.051528
0.195653
5.069005
0.4146174
3.131548
4.406567
4.991093
0.2141324
-0.3326213
0.1197149
3.291794
6.165867
0.5112975
4.934031
5.02956
-1.599468
0.2166851
-1.485619
-1.283549
4.09634
5.148344
4.654916
4.411268
1.41368
7.402116
5.551467
4.66057
4.79072
4.5973
6.349028
-0.3982125
5.291284
-0.9078146
0.5354599
5.869593
5.364227
4.422129
-0.6944029
0.515341
2.648661
5.540774
5.579343
3.785401
5.696551
4.764096
1.410034
-1.264119
5.285187
-2.182938
-0.6703455
6.09394
6.380545
2.314764
3.855517
6.706308
5.051058
3.560131
6.848186
5.296443
0.1219049
-0.1830976
6.106173
0.2176656
5.286897
1.485472
6.498725
1.846985
4.500227
1.238583
0.4419417
5.264333
6.019789
4.064712
0.3972208
4.346073
7.138518
-0.2667767
6.447731
-2.818013
4.097933
5.075973
0.5685848
6.05417
4.733856
-0.8895871
1.70294
0.01623392
5.421115
4.946335
6.122173
5.873727
6.191204
0.611702
-0.4694355
6.435956
5.150138
4.975877
-0.7510791
-0.4734624
5.967565
8.950247
5.481023
6.065814
2.321682
0.9794311
-0.5197456
4.751187
5.171022
5.06151
1.196671
-0.5435861
-0.3154802
-0.8850085
3.905484
0.7545532
1.809331
0.1096594
0.5680435
4.241266
5.945157
7.105766
1.42236
3.120806
5.529134
4.358276
5.573273
-0.8031353
4.301545
1.324904
5.561792
-0.4426562
4.658961
4.565649
1.005987
1.05521
-0.2506697
4.739311
4.76563
0.8169838
5.321063
3.753668
5.01463
0.03830932
4.179266
7.403115
-1.38123
10.06672
5.484026
5.223924
0.7026494
6.025717
5.597983
1.490987
6.612819
4.224403
4.53019
0.02312651
0.5701417
0.1505755
-0.01601707
-1.274949
5.181646
0.2374602
6.244564
5.955826
0.279029
5.382884
5.404948
4.251962
3.999125
1.001122
1.705164
5.260172
0.837525
8.080852
0.534351
5.553643
4.794113
4.24785
5.822737
3.266409
5.505606
5.334427
6.447
4.129086
6.705403
0.3328215
6.620108
5.795721
4.996748
0.1861411
5.803285
0.208952
4.97528
0.7147132
3.915541
6.370332
4.435402
5.564504
-0.7160141
6.144812
3.868009
0.3226301
4.530638
-1.504703
4.512255
2.966785
-0.2688905
3.191253
4.521627
0.3239399
0.9892588
6.321566
-0.5522308
5.419104
3.909489
-0.317798
4.908499
6.351387
4.457068
1.061691
-1.129313
4.005148
5.536596
0.4530961
4.660027
5.476909
4.142238
4.533252
0.03098503
5.020782
2.585227
6.773485
1.567471
12.16619
5.516511
5.656661
5.140807
5.062691
5.237941
2.145015
4.646898
4.151094
4.552542
4.984897
5.18181
-0.3878292
5.083709
-0.6763745
0.4348493
3.164877
5.004875
5.989815
6.739835
-0.3464141
0.1192287
6.180468
5.223278
-0.1299519
0.4677174
0.7155066
3.013669
4.771061
3.377125
1.914166
6.25603
0.1726602
6.663597
0.6268884
4.455197
1.292591
-1.431617
3.048891
4.219444
-1.276192
5.65993
1.103967
5.571626
0.08881777
5.402631
5.735092
0.2192709
-0.6569594
5.473014
1.937913
4.872338
4.681457
4.855189
4.512564
4.138281
-0.3186641
-0.2466161
1.038756
6.417238
5.674799
3.459378
0.3313479
0.3655114
5.560463
0.6442169
1.399135
6.281656
6.464151
3.470708
-0.3398156
0.3374096
7.67276
0.7787461
-0.6923571
4.038044
5.04107
-0.8700921
4.704957
3.639972
1.302964
2.638783
0.9774206
4.526812
0.7059699
-1.746725
4.785935
5.255429
-1.918901
6.644626
-1.310017
4.057476
2.064783
11.9004
4.705444
6.560231
-1.146597
5.115289
4.827663
5.285826
-0.3784236
2.993783
4.784133
3.894012
5.892417
5.289398
5.436708
4.524508
1.000754
4.088706
5.258398
-1.155035
1.147809
8.231637
-1.579952
6.354797
5.359862
5.34678
4.345375
0.02454076
0.8903657
5.353689
4.549809
4.505284
4.003214
3.466866
4.758962
4.320749
10.04375
5.086584
6.985412
4.936241
1.007277
-0.7566281
4.030217
5.934459
-1.176194
5.915527
-0.07051847
4.487827
4.102805
0.3470974
4.403676
-0.6810992
5.882637
3.819651
4.392062
5.495882
6.705425
-0.4448204
0.1729027
-0.351535
4.939542
-0.220294
5.32195
5.106867
0.2549897
-0.5227564
-0.1907294
5.261488
4.166021
4.295404
5.370145
0.1601066
-1.310382
2.903207
4.23961
5.571819
4.582217
5.364978
4.940805
4.94001
-0.01269963
6.043273
6.143092
1.150767
0.4404172
-0.877124
3.325165
5.179019
0.1966881
7.122549
0.2304029
8.658992
5.919539
-0.4385791
6.475665
6.343459
5.241674
4.924342
1.681243
4.0593
4.313058
7.159994
-1.166273
-1.390426
5.977117
4.564055
0.01201023
5.141267
2.65533
-0.7763502
0.8352559
4.732211
6.148961
5.978566
7.431651
0.785563
0.5043612
-0.5532038
0.8696219
3.67132
6.732997
1.382345
5.110108
4.311041
4.676952
0.710359
3.367971
5.886715
4.412135
-0.5408523
4.196563
1.097606
5.688504
5.040806
-1.330532
-0.6639368
4.886476
1.681467
4.882361
0.8319282
-0.1115651
4.417941
4.529116
-1.173885
-0.6838448
-0.4347889
5.044168
-0.8708444
9.846653
-0.6335288
3.636694
6.686956
4.436899
5.553044
0.05493565
1.118463
-0.9662277
5.243181
1.001681
4.348408
5.52591
4.458298
10.43626
5.408061
3.442492
5.075078
0.9799755
-1.142188
-1.316101
0.8501601
3.706626
4.403862
4.714073
4.949326
5.553863
3.950219
-1.580312
0.1403194
0.2327238
4.928523
-2.287535
4.610589
3.675911
0.5087447
4.069045
0.02860466
-0.8348296
0.3047365
5.088968
-0.9734401
4.155328
4.976808
1.183456
5.731512
4.223122
3.919975
4.31495
5.940395
3.700316
6.498087
5.782709
-0.4851284
6.301496
-0.3071633
5.739508
3.784531
0.2651087
8.037504
5.273376
6.116258
-0.3478987
-0.4722587
4.059417
5.374144
5.978797
-0.2869257
0.964386
-1.227368
1.436276
-0.4184296
5.643472
0.4095186
5.531276
0.7830953
5.670707
1.728533
0.6919147
3.800216
5.133885
5.189615
0.999694
-1.15165
0.2269483
-0.6080736
4.626687
6.099189
-0.5055803
-0.2608249
5.450828
0.09750671
4.164685
5.895007
6.049758
5.264941
0.08820016
4.882936
5.614717
0.2549316
-0.3192932
3.4734
5.510732
2.392366
5.278758
3.278225
5.077405
5.541985
4.111577
0.2345248
6.913839
3.739814
5.385479
5.660583
5.951024
-1.128981
5.06698
4.812553
6.850683
4.79909
0.2125714
-1.294288
3.303869
-0.5461473
3.940517
-0.5705745
-0.2192834
0.8797447
4.907668
1.528309
-1.866578
5.867284
4.814511
7.225061
3.882874
-0.5861985
0.9751796
5.328026
5.023545
0.4490169
5.002431
4.150413
6.732034
0.8550497
0.5998478
6.616187
0.6458877
4.652664
4.307987
3.088949
-0.1440176
-0.3111627
4.329165
3.858401
4.14794
2.171938
5.85277
5.639196
-0.406941
1.017675
-0.4382282
4.893812
5.992225
3.657602
-0.3101297
-0.5564329
6.047675
6.571996
0.1812249
-0.2745291
5.837245
-0.3609818
5.694586
6.059789
3.095968
-1.479375
6.408965
0.1989322
5.313252
6.488104
4.823179
3.367912
-2.271447
5.659545
6.881948
5.384296
4.138474
0.3249546
4.832575
0.6346259
4.133841
3.855337
0.3025884
0.2767289
-0.3607564
-1.675243
5.783517
5.473044
-0.1005407
6.030144
1.644254
1.432186
5.617082
0.1072377
-0.6493697
-0.09341945
-1.219335
5.877969
7.19138
5.764212
6.449122
4.127772
4.390493
0.471564
5.865574
0.2258947
0.4262786
-0.1545311
-0.009599349
4.647033
1.499671
4.809982
0.9760216
-1.952258
-0.5971179
0.3068294
4.946095
-0.3070923
4.455821
4.324346
0.2514037
0.9633225
4.30497
0.1094377
2.014636
5.407888
0.6237289
4.190264
4.795474
0.9263387
-1.249643
3.801626
4.927712
5.941844
5.199336
5.446331
4.271687
5.67267
-0.2438819
5.467104
3.624363
-0.656128
-0.5079728
4.170362
-0.7038105
5.212495
7.053616
1.143922
0.8998838
2.676506
5.243388
4.314354
1.011312
5.097328
3.960144
5.649285
6.016433
5.287163
2.501639
6.50143
3.691295
-1.256883
0.5188286
4.50348
-0.3364493
5.924124
-1.521397
3.589881
-0.2653412
6.824795
5.522093
5.321243
-0.6743819
-1.438381
1.250604
3.258406
-1.767757
10.31661
-1.330261
1.733788
6.810212
4.892319
4.971969
-0.1266301
5.098464
5.664111
-0.3340506
0.1703167
5.102405
8.124667
0.5160743
2.801386
5.84275
0.3749863
-0.9444559
-1.422431
4.434748
0.2158555
0.1475456
0.4378347
-3.672362
5.616032
4.284314
-2.607537
5.917955
-0.3270269
4.920295
4.311307
5.733456
4.492744
4.686818
4.981057
4.747496
-0.2121732
4.484412
7.852385
0.127444
-0.6423871
0.7060686
-2.249413
5.340619
5.586404
6.064197
6.708625
0.3152186
2.097917
0.5707186
-0.2850664
0.7873561
6.779765
2.262359
5.518664
-0.00315262
4.50127
5.044075
0.04909375
2.756892
-0.5018564
4.238729
-1.643571
4.863132
-0.1197467
1.439681
-1.119878
0.1135263
0.06586447
6.704394
6.003479
-0.8294226
7.367353
1.703018
0.7215587
4.225765
4.608441
5.502589
0.4315612
6.447366
-0.4834986
1.307235
3.930641
3.710235
0.6854196
-1.948772
1.190197
5.656198
5.50838
-0.2607299
5.800604
4.397622
0.04115545
-1.447754
0.2492974
4.935844
6.62954
0.2098397
4.505143
4.589628
6.576188
5.464338
0.5465931
6.66361
0.9798473
0.3046915
4.312897
5.526896
4.263935
4.700352
0.7855673
4.677786
4.168387
2.779044
-0.8747802
6.178795
6.337751
5.171984
-1.664982
1.303095
-1.505377
5.08033
5.751998
-0.5835701
-0.9538899
-0.7150918
3.527182
3.895772
-0.4118352
0.3440912
5.124286
-1.495613
0.08647226
-1.240623
5.466194
-0.8279854
3.554842
-0.7998891
6.558238
1.02489
3.64926
-0.2006011
7.563865
-0.2623339
0.2089033
4.38018
0.7615457
5.19061
-0.49929
5.150546
7.20519
7.527965
6.558519
4.251995
-0.4232181
-1.680528
7.31987
3.430209
5.519581
6.474284
6.051476
3.774514
3.509345
8.034143
5.222607
5.838275
1.590507
5.855986
6.251944
-1.310161
4.271809
0.1062948
4.333382
6.974445
-0.82565
-0.06615844
7.709222
-1.327483
0.6903044
0.9624504
3.485223
4.303274
0.04986605
0.722912
5.28901
4.027032
-0.2232928
5.367739
0.3419274
0.5147599
5.056458
0.08041674
5.10271
5.617755
5.30152
0.1571169
6.547116
6.180121
6.731164
0.4796041
6.49128
12.51358
6.955474
4.038938
3.860031
0.6010532
0.6673685
0.4048409
4.6682
5.192682
-0.8449247
5.828385
6.388452
6.228174
0.375953
-0.3502525
4.347337
-1.837085
-0.8853429
4.540667
5.990772
-0.9397871
5.915711
4.101372
-0.3475649
0.6818498
5.163051
0.9300697
4.215614
-1.491475
-1.921217
4.300149
0.9262041
7.917617
3.710521
-0.3084246
7.105048
5.221159
6.82753
4.588399
-0.7372618
4.928361
5.333774
0.3739934
5.038757
7.395523
4.122058
0.3305464
3.354713
-2.086929
5.654304
8.808985
0.338304
0.4350709
7.76081
3.477497
4.512486
0.7818959
-0.2357472
0.5940418
9.422685
4.452088
5.361142
4.152136
-2.547998
4.476582
-0.4684441
3.898488
5.526968
6.274974
0.7321722
4.408219
6.197109
-1.389257
0.08351484
5.385144
4.583819
-0.1717926
0.1313479
1.790808
-0.6725545
0.01477484
5.864852
0.4229657
-1.386383
4.581822
8.183027
5.18679
0.9149815
0.5376235
1.054701
5.123942
4.687386
5.428065
5.855043
6.485024
-1.622327
-1.357087
5.795344
6.036094
5.381997
-0.1601612
3.87064
5.763035
6.28228
-1.131421
-0.1942856
3.178426
3.892729
4.413235
1.021573
5.731833
-0.2330796
4.002197
-0.344016
-0.4530179
4.237515
-0.580255
0.4032106
3.781432
0.471605
-0.2692466
-0.2558483
5.034478
-0.5801593
0.7387202
5.458369
-1.692779
4.478575
5.309513
4.991274
4.275267
4.83774
1.230465
1.300498
4.695824
-0.8464812
4.143067
5.333551
0.105747
6.524048
0.2075542
-2.076105
4.422005
-0.7918289
1.281421
6.149338
-1.786395
1.250225
-0.1934516
5.000628
5.653353
1.146614
5.883532
4.05969
4.937271
-0.4674205
4.589302
6.622436
0.1658248
4.222856
1.904876
4.677409
-0.4632296
5.195011
3.605748
5.597281
3.224237
-1.148037
4.959939
8.91316
-2.909823
6.286854
-0.6059445
6.201471
5.340523
5.974152
5.213009
-2.710329
-0.7315971
4.874043
1.791908
5.966193
5.493155
4.889503
2.971429
4.069577
5.154764
2.426346
0.6741001
5.105716
1.869582
5.332651
4.470441
3.996035
4.015964
5.114044
4.010034
-1.291281
-1.082463
0.1428942
4.422799
5.488264
-0.9035944
8.680423
6.212185
5.570819
5.094159
0.5411776
-0.3791772
3.818176
3.397986
4.134769
0.2684732
-0.8053306
-0.7700256
0.6127763
5.446334
5.221469
4.641324
4.618885
5.095855
0.543521
-0.9312759
-0.5942397
0.9465692
7.153368
5.765154
0.3083909
0.7642919
6.712029
5.850147
-0.4567115
-0.1606414
1.60991
4.502852
5.604506
0.4975457
4.789917
4.677541
0.3500033
-1.588972
4.365314
8.523758
0.2698158
3.483129
-0.6453892
4.863671
-0.9579348
6.13138
-1.689294
4.90969
5.421748
4.328308
4.521766
4.446247
-0.07763139
6.773094
1.173849
-0.5210682
4.888401
0.6116489
1.094574
0.6906712
5.116438
3.895908
4.665013
5.162241
0.6981573
4.686245
5.258137
6.262253
5.533583
0.1377021
2.894007
0.8167503
-0.9123208
6.968834
6.404073
1.033088
5.346712
5.948205
1.614879
5.841
-0.07187029
0.2998659
5.552109
6.496525
4.671737
5.292069
4.987791
5.806986
-0.5800087
0.9178151
-0.1768704
4.21819
4.556275
5.489188
-1.960198
6.377281
4.218628
4.432467
4.288517
4.806749
-0.9430232
5.175229
4.966113
-1.244515
3.727989
4.169061
0.8493069
5.783994
5.525977
6.670351
0.4040787
4.492299
6.140237
-0.06198377
4.971795
-1.464736
5.055351
-1.77658
4.139336
5.168837
1.369258
5.950467
4.873646
0.004166581
5.852524
1.176233
4.419473
-0.5814731
6.174003
0.6116302
3.898707
4.626486
-1.026998
1.389979
4.592345
7.957558
4.850368
4.792989
1.362352
0.4602797
4.017434
3.634192
5.383259
0.2126871
4.655229
5.02188
3.845378
5.27899
1.203136
-1.544974
4.715587
1.644845
6.611106
2.562537
7.025619
5.953459
0.5688498
4.63524
6.715028
4.866114
4.283401
4.942891
4.999229
-0.9825101
3.739691
0.03323277
4.674451
1.403213
4.681572
0.3272773
4.401902
-0.1519185
3.374201
0.9802127
8.029451
5.053187
4.166066
1.152688
4.47214
4.042739
-1.756752
-1.209186
-0.2656655
4.87223
5.301575
-1.114102
7.118433
6.326286
4.44307
8.98426
6.505061
-0.9911589
5.976633
1.048576
5.911056
-0.7442549
4.898117
-0.6444929
-0.134274
1.528411
-0.5296732
4.923167
4.038934
0.3717648
5.133312
4.83009
4.12073
-0.8768602
-0.0215908
1.062816
-0.3182344
-1.536025
5.418722
0.07128654
4.877555
1.407876
1.243674
7.322959
3.696913
4.459043
5.622268
-2.584385
0.4683826
1.760245
4.79288
1.237587
4.817039
-2.030201
2.686427
3.781645
0.5730417
4.485372
4.828498
5.346517
0.9243048
-0.09636758
5.592805
4.462293
6.402891
1.02943
-0.9123364
1.770397
0.4375324
4.700716
0.7525334
0.139611
2.601971
6.665343
2.914251
4.615538
6.197196
1.046533
-0.1764566
5.877852
-1.349731
0.2623092
4.720849
6.441509
5.113889
1.130086
0.8597279
6.671338
3.170802
5.381013
0.1430004
-1.159569
4.584367
3.782103
-1.083817
-2.038097
4.328789
4.931156
1.117843
4.402368
5.380348
6.96573
4.415599
0.5670803
4.035943
11.15617
0.3722601
3.4957
0.3025733
3.758995
5.610419
-1.150471
0.6933576
4.28821
4.786096
0.4267793
-0.4780486
-0.09935133
0.7401812
3.822187
4.433219
4.683513
5.90727
5.754652
7.316891
-1.689857
4.500978
-0.0646423
5.639113
5.19284
7.171498
0.9342974
1.411445
-0.7075135
4.527128
-0.5179539
1.394699
1.117064
5.061126
0.134062
4.434422
3.812977
-0.09009832
6.169384
5.059387
2.89329
1.556292
5.705616
-0.9786614
-2.384344
3.794995
5.903712
-0.6195509
0.2811531
-0.8625466
1.871123
-0.6067228
6.175689
3.889773
3.2587
-0.6177756
4.699525
0.1090792
4.109768
0.9509105
0.4786375
0.4802576
5.932527
6.272401
1.545523
4.555795
0.755189
5.314986
-0.3341517
-1.239138
1.543769
4.581498
0.6538247
-1.173652
11.03635
6.475294
0.9136359
5.004447
5.523796
4.128689
0.4571782
-0.3520488
5.851043
3.693028
5.699933
1.359263
-0.472421
5.761939
0.1419279
-2.050833
6.350955
0.3042483
0.3743187
6.490003
-0.3117019
0.8085947
3.039669
5.923598
8.232087
0.8305152
-0.5021038
0.9402015
5.255044
0.7564471
-0.3486788
6.648798
-0.5178297
5.153629
5.429943
5.353231
0.5611738
5.666059
2.21449
-0.3281712
4.882308
4.00672
0.5472488
3.814851
-1.046431
-0.1744385
4.389361
4.917099
0.8277359
5.759875
1.149189
6.363199
4.603964
4.324022
3.525351
0.2302595
4.750062
4.998271
-0.26406
0.4493056
-0.3122611
4.387514
4.608223
5.662435
5.452909
0.4963387
3.913756
5.672668
-0.4221838
5.719383
3.931393
5.100788
-0.2166342
6.118459
5.303107
-0.7757724
10.56579
-3.599153
1.515797
5.22229
5.65609
5.209949
-0.4088418
4.076133
-1.07295
-0.499555
6.197329
4.975647
4.850806
0.725468
5.173543
-0.123959
-0.1819097
5.849789
0.4426608
-0.4464858
-0.5128067
8.421604
2.988018
4.477232
5.842305
-2.147409
5.73179
2.406309
5.081103
-0.1970183
5.801536
4.233401
5.715376
-0.2038502
4.213516
4.566704
3.042089
4.675994
-1.045612
3.759893
0.6213384
-0.9271808
5.516132
5.490156
5.291045
1.27175
4.061239
-1.386318
4.641699
5.033056
5.296121
3.487827
4.905885
-0.2975369
4.335698
-1.151334
5.921187
3.131352
9.588432
3.978098
1.597041
3.823993
-0.6466097
2.649416
0.2358304
6.182968
5.556833
5.638178
-0.3080703
1.136331
5.214577
-0.7526159
-0.4570652
4.145809
1.485669
0.128893
-1.137933
4.707513
-0.4274324
2.664818
4.87676
-0.1814661
4.029036
0.2889443
0.718838
4.39069
5.480317
-1.370214
0.2331339
3.504838
3.963634
0.7369238
0.5214994
-1.120745
-1.440589
3.272793
6.142229
-0.9300061
0.05770665
6.334778
0.2622672
4.223988
8.794733
5.549259
6.292261
5.678271
-0.233659
-1.024074
-0.5096
1.269695
2.382243
6.685144
1.281946
3.596541
-1.528812
4.750726
-1.155866
6.451401
5.39101
0.4239686
0.4944064
5.614369
4.016211
4.587544
5.444827
9.748225
3.25127
2.656767
4.865536
3.888237
-0.6104075
10.2486
5.911816
3.162573
7.520001
11.05925
5.503933
1.663471
-0.7261587
4.087938
0.3797867
2.962389
5.440021
-0.6505736
-1.359266
3.389089
5.433645
-0.4079907
3.862365
0.88751
-1.836437
5.37443
4.432056
-0.8463175
0.5616735
10.04582
0.4580021
2.886397
4.652177
5.73955
5.445197
0.7574726
4.386082
-0.1505895
5.439088
4.562603
-1.726556
6.368076
-0.2463332
3.135722
5.674335
4.525539
4.57026
1.007979
4.672375
3.515366
0.3273364
5.089266
2.433602
4.47266
5.540164
1.118548
0.2823551
5.072674
5.356575
3.966018
5.362903
5.900167
0.9010853
6.025796
0.4045989
6.770571
-0.2955249
1.415053
4.668029
1.889245
1.088506
1.302111
-0.682581
0.1433354
-1.122589
10.01518
5.473187
5.590129
5.397722
0.0005023923
5.482125
4.136245
1.853272
3.261941
4.317847
3.502477
-0.671271
6.529481
3.374764
4.128579
4.720993
5.74325
3.891202
1.762338
3.780235
6.108309
0.6688154
0.9955968
4.930425
-0.8428936
1.509627
5.977656
-1.207525
4.716702
5.403537
4.915597
0.4350378
4.372174
-1.30713
8.188099
4.367602
3.871347
7.848669
4.200987
5.957985
-0.7720945
6.069835
-0.3128739
-1.550845
5.202368
5.993975
5.036615
3.448996
7.255997
-0.7648788
3.193363
3.864566
0.7470167
2.099494
5.134289
4.122927
7.312224
4.71584
3.68127
5.437952
3.996874
-0.1173621
-0.3661044
0.352341
6.60314
4.504995
3.827383
1.284557
1.161688
4.24743
0.9178815
5.521717
-0.4631722
-0.7739458
-1.689805
0.196871
-1.04675
4.761315
-1.434493
5.974009
1.293818
-0.8155485
3.969247
-0.9286473
6.102444
6.108998
0.3009608
4.15431
-0.3760359
4.820427
-1.66164
5.96004
0.6343618
3.698925
-0.6510931
-0.3584045
0.1473604
1.744233
-2.327695
8.068961
0.05457879
5.945998
-0.3721847
4.456912
0.3095252
-0.4767908
4.045364
5.258642
4.145704
5.898745
-0.7137397
5.55776
2.401314
0.5358081
4.65879
6.118026
6.084525
-0.03526066
0.1232848
4.196772
4.021108
5.945914
4.385972
0.89072
2.95684
6.524614
0.3575968
5.344269
6.815864
-0.1909427
4.792733
5.455808
0.4914525
0.1354822
-1.028325
-0.3359108
4.294933
4.559164
5.945551
-0.6315727
-0.2528864
5.591095
6.276254
1.14605
3.98877
4.259533
5.1426
10.67949
2.416082
6.804431
-2.226019
5.189514
3.330698
-0.3311157
0.03338782
0.220098
4.902929
2.024325
5.610824
1.76913
0.9746035
0.7113701
-0.8960458
7.232836
-0.07567191
0.3626646
1.521412
0.233136
0.7240454
5.3084
-1.101652
5.228252
1.568491
-2.474458
-0.0518487
4.299028
5.346353
3.805507
5.768778
-0.28254
0.666339
5.764883
5.599262
4.525901
6.403691
4.409537
1.623631
0.6350349
5.414369
-0.6505485
7.991474
2.800039
4.688672
0.0456792
-0.05709381
-1.654029
-0.149315
1.38872
1.132349
-0.4711542
0.8410041
2.746542
4.804125
10.42859
-1.575481
2.441772
5.123635
4.813446
5.244973
0.9816162
5.532516
8.861335
5.345367
5.762382
4.543009
0.4038555
-0.1771793
-0.9475637
5.408485
-0.4650306
-1.663183
-0.6840082
0.7385341
3.618833
0.03177335
-0.02310567
8.969874
5.203632
5.290704
6.850652
8.121442
3.348175
5.530801
4.310395
4.701577
5.005408
2.871637
-0.492193
4.755111
-0.1062267
1.481994
4.39494
5.369403
3.869904
-1.160712
1.955671
5.006439
6.778899
6.214543
4.676389
5.291385
3.990501
7.093759
4.680163
4.706508
5.261158
4.350156
4.037507
0.4797094
6.825235
0.8912832
8.033792
6.204596
9.084518
2.914
5.488474
0.8681183
7.196725
-0.5225362
3.287589
0.5551292
7.616442
4.907824
4.830915
3.633044
6.644256
8.980536
4.449952
6.206883
0.6730664
3.379382
5.464177
6.631253
-0.5493788
5.027797
0.3329732
0.7884577
5.947703
4.6246
4.468821
5.835686
6.011684
-0.3221411
5.443534
6.95369
-1.798834
5.269401
1.297423
5.268337
-0.4346955
6.337725
11.01346
5.028682
2.105497
0.1455657
5.137212
3.843195
1.617837
5.956628
4.690449
4.657984
6.027991
4.667474
6.896202
5.057404
2.463512
0.8945044
6.019453
6.275072
3.715037
0.4191996
2.898536
6.685163
-0.3784816
5.248652
6.728867
3.753964
0.5345651
1.746918
5.380893
0.9409494
-1.203408
4.010214
5.231825
-0.8849263
0.3014288
6.493953
5.585677
7.015666
5.375948
4.589452
3.59039
5.926583
3.963127
0.1892924
-0.6210161
0.07918965
3.812562
0.4909169
4.698627
0.7679551
0.3423378
4.397719
-0.4247829
-0.7841396
-0.8014887
6.472681
0.2247947
6.066123
6.324509
-0.2779202
5.115358
3.98677
-0.3754544
0.4762579
5.637538
1.062982
-0.8558801
5.365003
5.79061
4.173679
-0.08820179
-2.139278
0.9384765
0.1705263
0.155119
-0.2538256
7.209884
9.340386
-0.4904711
0.09286276
4.866234
0.3733823
5.097113
-0.5946027
-1.677015
5.818941
6.278746
1.622643
0.2337098
5.687907
5.161895
-0.8657329
1.878139
-1.9799
5.421085
4.41267
-0.01853907
5.852971
4.942183
-0.7834666
5.180648
-0.2234139
7.380103
4.644454
4.883812
6.191017
0.4170306
-0.041078
1.410945
4.517643
4.075622
-0.4745897
5.314261
-1.962227
1.878495
5.346739
4.506659
5.033922
3.9945
1.578072
-0.9887498
6.026319
-0.7635
1.036614
5.01894
9.269724
7.741985
6.111461
0.773708
-0.6889677
4.922755
-0.4522764
4.280342
5.759394
5.887667
4.622088
4.623561
4.593386
4.489369
0.4890549
5.425494
0.8563532
3.622626
3.212242
3.713253
1.976324
0.08037068
5.050357
3.708874
4.042627
6.168525
0.8799312
5.281927
3.021046
-0.2689035
-1.065279
0.1343563
3.319473
5.612314
5.877083
-0.1280408
6.788297
-0.3778883
-0.2562552
3.736008
4.429213
-0.418965
5.709639
7.973117
8.284457
5.134099
5.008509
5.657812
0.9939192
4.383229
3.927868
-1.14183
2.184306
-0.7888167
5.944246
4.987435
4.05943
-0.3624525
0.4564132
6.728738
6.716609
-1.957806
3.739537
-0.7858947
5.236101
5.731618
0.8104771
0.2465138
-0.6849225
-1.238389
0.9264668
4.992258
3.919948
10.00381
4.984595
5.706759
-0.711969
2.942044
4.286515
4.77173
5.288808
4.995206
4.061615
6.691849
4.808111
3.805339
-1.258011
5.628502
-1.291516
4.543247
0.4760924
5.881583
-1.092904
-0.7809718
-0.4429916
-0.7162877
5.67635
5.384662
2.175033
-1.329923
5.744159
5.330068
5.841891
-0.1401885
0.5931664
-0.8708789
5.658584
4.243865
5.253479
5.504386
5.009161
5.717651
-0.2728734
1.687221
-1.347035
1.091232
-1.382849
0.4726808
0.1185086
-0.49854
7.940119
5.372077
4.923297
3.900077
6.621884
0.6286518
-0.1090984
-1.237353
2.129898
3.125229
6.190574
7.51036
6.607832
4.056092
5.839773
2.930058
5.209449
-0.691542
-0.9088093
6.433591
4.998398
6.022952
-1.334204
3.967032
-0.5010875
3.032647
0.7983788
4.552773
2.555186
5.29523
-0.1150524
6.145754
5.548159
0.1940142
-0.6693447
-0.5206402
4.021503
10.33042
-0.2129031
6.381497
4.826158
7.114597
0.5893373
4.0652
0.04042648
5.345564
4.736588
1.300411
4.737335
7.065209
6.58204
0.1085698
5.052162
0.6226775
-0.1886656
-0.2456401
0.4470968
5.267558
10.71365
9.934919
4.672747
6.486389
7.166282
0.7136469
1.29528
6.083008
8.809229
3.897945
2.24362
0.3147666
4.087033
-1.498331
0.1550947
-1.714514
5.050414
-0.7437276
6.503029
5.564902
0.7313659
3.834658
-0.2109438
-0.87628
4.507721
-3.514027
5.970474
0.7881605
5.353015
-1.162925
-0.1769123
3.418685
0.4826748
3.678759
4.400934
4.091673
-0.3969827
4.806177
4.283249
5.604179
5.721404
-0.8384297
5.857476
4.180933
5.498952
3.847966
0.5040003
4.494365
6.601277
-0.06762785
0.9804634
4.952983
4.583215
4.794268
-1.689615
5.350545
-0.09610366
-1.616728
0.3633428
4.79925
4.482119
-0.2848615
-1.825244
1.035951
5.517358
3.539766
-0.1109786
4.4147
4.760803
-1.366246
4.855956
6.201511
-0.8349513
5.762077
0.8110691
0.6563146
4.047645
1.522619
-1.11512
4.742985
-1.229645
-1.248096
6.105429
2.961758
5.626683
5.119661
-1.860439
-1.700493
0.09475357
1.240147
5.42417
4.972905
6.199353
5.737171
5.021786
0.3441157
6.438766
6.934917
0.7932955
-1.645636
-1.281873
-1.229789
3.196928
5.092589
4.395742
7.246068
-3.247721
-0.9727886
4.1103
5.696596
0.666858
0.8996997
-2.964656
4.104364
1.685031
4.858559
1.222154
0.513108
0.1750738
4.690185
7.218594
5.21552
4.965332
7.562148
2.822434
5.400347
5.479136
4.625055
4.932045
5.230619
4.585492
-0.7535351
4.141923
-1.447563
4.372841
5.028752
-0.9999026
5.298909
4.380974
0.674875
4.104822
-0.2682318
0.003392176
-1.083601
1.946985
-0.2895469
-0.03353111
4.040166
6.495389
2.236931
3.477461
-0.04630325
4.8993
7.303298
1.647023
-0.3603881
6.11753
3.665366
0.7529649
0.2530765
4.244517
5.239947
6.66893
0.5229335
1.45544
-0.1920101
-0.90741
0.7487551
5.350664
5.145678
4.897315
5.752203
-1.136821
5.785337
6.722376
5.293027
3.725084
6.08497
0.4642402
2.996401
-1.113625
-1.67171
5.885146
2.234215
4.781562
5.245746
-0.7632691
6.362244
-0.4824672
-0.1034458
4.464304
-0.3897604
0.1602104
1.448312
9.455936
0.5066567
4.697135
-0.02480352
4.895373
5.424053
4.4605
4.374977
5.509538
-0.2404528
10.76836
4.839223
2.184678
-1.170386
-1.151058
4.610716
1.245052
4.712847
6.565562
2.458346
-1.143127
1.243835
6.871118
3.543502
6.07971
-0.2204724
3.726363
-0.4322264
3.676519
-1.769571
1.102785
-0.1288291
4.834768
3.215992
3.96666
3.302176
4.566887
6.120864
5.725837
1.438818
4.228343
0.7045084
4.013024
4.640372
-1.371736
7.183384
0.1851379
5.194345
0.3030011
5.889096
0.8959404
1.548925
4.914852
0.04171501
1.606507
4.77213
3.948891
4.382447
0.09699276
5.429974
5.026375
6.956225
-0.05111359
5.084434
-0.1800238
0.2051358
5.00956
0.2636135
7.26317
3.120229
5.877174
-1.142187
5.466029
2.788269
6.797258
-1.697283
5.697889
13.23486
0.09078196
7.879927
5.321842
4.210899
-0.149065
-0.4220657
3.752469
5.008414
-0.2613643
7.027248
-0.745369
5.492805
4.467408
1.407669
4.414498
1.943765
0.6690794
0.4555095
5.426391
2.067059
1.537517
4.566684
0.4588342
5.442123
4.994649
4.154235
4.609643
5.587
6.044727
7.191533
4.38047
4.917551
-1.019579
6.532279
-0.8290979
-1.531113
4.121827
5.542962
3.853909
6.817982
-0.04516698
5.917872
4.995685
5.879306
-0.01501048
0.890255
2.838201
5.805588
-0.5574823
-0.9749078
11.85469
-0.07521325
-0.3638159
-0.6423863
0.8208719
-0.2005106
3.525113
0.5193853
3.455036
0.2356236
4.130088
0.2613596
0.8250163
3.346942
3.180527
5.850031
-0.5211702
4.361294
3.822068
0.8605209
0.8520675
-0.2551623
4.759226
4.342023
1.21995
4.798993
1.562602
6.552441
6.350125
4.247191
4.198225
5.614712
0.2190346
4.653974
1.148971
5.931828
10.29081
-1.423242
6.148421
2.432314
-0.2867354
5.708684
5.8998
4.718892
-0.9640005
4.408826
5.38363
4.861987
5.122823
4.761511
4.897237
5.593694
-0.2012393
2.894478
4.399494
3.693921
6.955728
1.373639
2.916978
-0.03438501
5.826063
4.628935
0.913766
3.90433
5.817073
4.671969
0.476769
5.013453
4.070598
1.118689
4.863937
5.162423
5.498184
-0.2264954
5.719537
5.081008
3.676193
0.2279657
-1.045597
0.044994
2.81074
0.0571961
0.822548
5.127878
0.3584639
1.979084
6.071222
6.361229
5.296071
2.983954
-0.5139179
6.04815
4.830288
5.29009
3.755539
6.991212
1.559185
4.858415
2.395462
5.503756
5.27639
0.2573361
6.208469
4.463522
-0.2143275
6.069486
5.446198
0.8192401
5.158229
0.2154457
0.5876586
5.719464
4.55113
5.48818
-0.4644966
4.567184
5.83586
3.515351
2.453931
4.163277
0.467688
4.505225
0.5939514
5.739351
5.766226
-1.214742
5.936861
1.478601
4.581739
5.500026
1.296366
3.952527
-0.004089504
4.834928
3.973394
-0.1365662
4.683661
4.771626
5.328126
3.688773
5.531357
6.250412
-0.5675235
7.213872
5.230268
6.099808
4.797341
3.928851
1.085055
5.510209
6.274506
6.168277
1.857824
-0.235972
0.05340941
1.588904
0.515169
0.9784959
3.167998
-1.05384
-0.5918701
4.727364
-0.1269716
6.334299
-0.0140367
1.246937
5.109316
-0.6096854
-0.470744
-0.7387843
1.650111
5.377682
0.4333389
4.496832
-0.2099139
-1.310698
4.740021
5.156381
0.5832922
2.462114
3.04435
4.32262
3.731761
-0.6981085
-1.03701
4.705988
0.005127304
-0.5329673
5.768103
4.870329
4.950072
7.434364
4.101147
4.889594
5.654629
5.613417
4.093369
4.461908
1.833082
3.967969
6.888366
-1.497945
3.53095
4.245874
7.510309
3.272968
-1.047314
4.832487
5.205024
-0.0148757
1.134631
5.708875
4.31262
5.100487
0.9494825
3.455361
0.7710112
-0.9037451
1.188163
4.939801
3.44446
5.098762
2.871876
6.925227
5.090406
-1.248684
4.845945
0.3380932
1.851252
4.991655
-0.3749377
1.255739
4.845923
-0.06488151
5.760919
9.088479
-0.3081561
-0.831967
0.2722378
-0.1571134
5.010836
6.45964
6.258936
-0.2360034
0.8223185
3.894764
-0.2937477
0.7660426
4.204493
0.582286
0.7123799
4.72802
-0.04989594
4.355198
-0.2140972
6.220749
7.126187
5.145959
-0.6571318
4.909156
-0.03693736
0.4812331
6.395335
1.106271
4.463605
-1.368697
5.071334
-1.594286
0.008379548
3.884221
5.500674
5.889262
1.798099
-0.1123428
2.152351
-0.7305625
0.8988316
4.929075
-0.657015
-0.5837056
0.3801097
4.898639
0.8798692
5.925514
6.534157
3.366451
-0.9424111
-1.732412
5.566077
4.29449
0.4524198
0.3599218
0.543721
3.122786
1.504624
4.411047
-0.00671972
5.459756
5.746998
5.654065
5.65621
4.569675
5.497393
5.732045
6.789875
-2.764933
5.626251
3.696889
0.0299026
-0.1680815
4.938171
0.06410656
3.871821
4.899863
5.294188
2.348255
3.220184
4.338363
6.324028
0.3214896
-0.02928558
5.227635
6.731534
4.730401
4.254008
-0.6956952
1.747252
7.697665
7.572849
4.129344
4.120102
3.795093
3.604405
5.867456
0.7606475
-0.7540106
5.387128
-0.6289202
4.169546
-0.3522061
0.5458854
6.633421
-0.4509657
4.909531
4.539564
0.9126894
5.26017
-1.074584
4.283504
6.695169
5.571376
5.046121
-0.5069715
6.765977
5.46476
-0.914635
3.318801
4.574574
-0.1072807
5.250193
1.058134
4.822538
5.025612
3.200437
7.617946
3.819686
4.856503
-0.384821
-2.046821
5.579768
4.064332
0.3006028
-0.8847335
-2.632806
4.70331
-0.6520987
7.878122
-0.2071691
4.553456
3.697282
1.58488
-0.4813128
4.778998
-0.817361
0.2385467
-0.3663748
7.06962
6.338702
-0.6585755
4.878245
4.581244
5.735908
3.407173
-0.05562949
-2.058325
5.042645
1.098637
11.14905
3.768869
6.651242
5.39934
5.058288
3.301364
1.407986
-1.031089
3.993777
5.514126
-0.1790156
0.6352396
2.681364
6.010075
5.155736
5.703498
-2.209736
6.975967
4.18521
4.32498
8.426576
-0.4623763
5.530549
1.06702
5.209159
4.116506
0.05532007
0.6970711
2.089697
0.6811879
5.831745
2.285761
4.013985
0.4829851
4.053845
-0.6147366
0.07628307
4.270045
4.86787
3.902588
1.951172
1.402622
5.140217
5.610314
6.566946
3.29295
4.225463
0.925143
1.117557
4.794997
-0.7622859
4.947453
-0.06393544
0.1829404
-0.7261293
4.982128
-0.3758357
4.129839
-0.01456249
5.100362
4.973265
1.770193
6.307401
6.505367
4.783509
5.455363
3.905702
0.4876356
3.090175
-1.070091
4.518488
5.261662
-0.3324223
5.154332
8.139833
0.6661753
-0.6356182
6.126876
4.627515
4.733874
0.002376563
7.882362
4.551911
0.5352314
4.448239
8.758281
3.977566
4.209218
2.19727
4.08316
5.310769
5.619448
4.735925
8.415644
5.540223
-1.657038
4.810274
6.904081
4.035736
3.905452
8.270549
5.837963
4.723253
4.071788
-1.147067
5.487008
5.471835
4.471961
-0.6141493
5.722819
-0.5313293
4.538464
4.808625
0.2877851
0.4759278
-1.999803
-0.2869933
4.057935
0.2445624
-1.098909
5.856381
-0.1420502
4.440456
0.03993111
4.729128
4.682307
-1.27051
1.373438
7.5212
4.568885
3.872345
6.122733
0.2824747
-0.9378375
2.879927
1.252084
-0.4093785
4.976765
0.9272702
6.064765
4.876878
4.990914
7.574365
0.9725253
4.636327
-0.1227119
5.443766
-0.112844
0.6775446
0.3507717
5.582476
7.947512
4.055261
4.821714
1.907167
-2.190053
5.151685
7.714374
5.992454
4.923493
6.93113
5.048615
0.7221947
0.3223831
5.862435
4.914773
-0.7104798
1.798143
4.208193
5.605017
5.338037
-0.5127616
-0.2058005
6.552126
1.6219
4.547283
6.740295
5.573188
2.412977
5.372075
-0.8054237
-0.8098555
5.645975
5.127886
4.491833
4.203795
-0.4448499
1.221105
6.935345
10.32396
-1.203421
5.483526
5.620375
0.2919486
0.8734658
1.399294
-0.5604205
-0.8224533
4.612672
-1.450097
4.506653
5.976522
5.075032
-0.4309242
-1.171364
-1.739694
3.074012
4.057295
6.33593
-1.650833
0.4526796
7.495749
4.956186
0.345413
6.050071
-0.284797
1.779696
-1.592761
0.6832217
5.123483
4.69603
4.102943
0.608394
5.982943
3.740114
4.995039
3.906633
4.748098
4.172384
3.575552
4.085314
5.156048
0.2327301
1.457138
6.232073
4.261282
5.523358
1.199649
-1.008035
0.4437142
4.685587
4.550913
3.082925
-0.3458454
5.504587
6.403657
-2.236279
4.472049
1.457331
0.3126653
4.383556
5.557046
5.90337
5.436196
6.556181
2.485977
5.275719
5.386708
0.1158424
5.56494
4.256172
5.042694
-0.7915051
-0.9022581
6.671167
-0.5790197
-0.2620258
0.2864907
6.705678
0.343129
3.984156
1.412197
4.166978
4.122675
0.7387648
1.870227
3.549818
0.2002912
-2.576934
5.45874
4.824518
0.1911892
1.201802
6.027461
3.237617
5.875297
4.65809
-0.7169772
4.470791
-1.044831
0.7640005
1.453236
-0.1884711
-0.6207165
5.590037
6.558856
2.935197
6.066986
0.8124263
-0.5367054
5.542551
0.1093598
5.439485
4.638825
13.15516
4.180519
-1.019254
6.914516
0.1945693
4.841143
-0.6179017
5.155737
4.581868
5.718942
3.866265
4.527254
0.02292832
-0.6661115
3.374754
12.4574
0.3814646
3.955695
6.740649
5.236477
5.146029
4.075902
-0.5203534
3.01536
-0.1747382
-0.4428486
4.962053
3.721217
4.280158
5.493046
3.439249
-0.8686835
5.206163
-1.088469
-1.258126
-0.4395815
0.9834322
-1.400758
4.103636
-1.178462
5.491265
0.4223932
6.910667
7.074164
-1.135606
0.52807
4.893858
4.368144
4.393911
-0.2582486
-0.6698295
0.8303223
5.564673
5.254868
3.147096
4.379307
5.218485
2.475675
9.838634
0.2677711
10.69621
-0.3178357
-0.419931
2.567367
-0.02670239
6.79297
5.456441
-1.004227
4.41971
4.266769
1.702937
-1.747173
1.08857
4.549552
0.21629
0.5178858
6.243625
0.6898829
9.025678
4.020557
0.1551773
5.021498
0.8016737
3.850125
5.023234
-1.432198
6.118756
-0.5707339
-0.8017993
0.8419255
5.569306
-0.7751689
-0.1418457
4.615143
4.469952
0.495842
4.643787
7.422205
4.348642
3.170184
3.270914
3.777751
-1.946584
3.301459
0.4834216
-1.343343
-0.8931587
5.847637
-1.24899
0.4510973
4.956178
-0.2860161
0.9530826
1.326649
4.875648
0.779849
7.824206
0.9574015
0.4241621
5.481556
6.665558
1.309174
6.227317
-1.165891
3.250325
2.721942
4.313921
0.07428412
3.316444
4.640382
0.2092186
5.384437
4.810533
-0.7200968
1.226439
4.965467
0.1860717
0.1962731
3.725855
1.175587
0.1286901
4.862737
0.00961489
5.868121
-0.6787598
6.111002
0.2113519
-1.119144
1.848533
0.4391796
5.16806
-1.520371
1.470696
4.116685
0.819731
4.76431
3.950702
6.94244
4.707204
6.007039
-1.083319
4.259517
5.432223
-0.2714618
0.4178561
5.72571
-0.9436854
4.562071
2.253198
0.02801241
-0.1550824
0.5449262
1.05831
5.23862
5.219972
0.1092663
0.6960239
5.863326
-0.2089066
0.3909936
4.85863
5.301914
0.5355879
5.156217
-0.4137663
5.459422
-0.09234149
4.383464
1.495023
-0.8337499
5.640333
0.03707963
2.843757
3.831055
0.1084597
4.485903
-0.5592459
5.292602
-0.5690056
5.948186
4.631487
-0.9157305
8.970599
-0.06504128
3.793841
-0.2726576
-0.07809701
4.398336
-0.3963888
6.378815
-0.1713728
5.175448
4.573855
3.9125
4.536699
3.385307
-0.0973654
1.455996
4.968192
3.245526
-1.369812
-0.5535661
2.06905
6.716538
3.554697
4.764138
5.022868
4.923101
7.061931
5.077742
5.78572
4.868231
4.521806
2.516132
5.755182
0.7026978
-0.2124335
5.302135
3.2589
-0.1157793
6.928606
-0.4968849
4.478896
4.424943
5.733769
3.472064
-0.4143777
6.399304
5.647418
4.498536
5.130532
2.601877
5.038274
5.032131
4.554215
4.438601
-0.636942
5.171845
0.03785508
4.039656
4.292879
0.001473494
-0.2425829
6.325897
0.01371648
4.654868
6.836293
6.307517
-0.4027428
5.306579
5.220236
4.281251
7.495093
3.604327
-0.4239947
-0.009984733
5.579406
3.424109
5.762272
3.42431
-0.9975704
-0.9067647
-0.3840072
0.4351668
1.178135
0.1800655
3.841192
3.915271
3.320204
1.120819
5.301781
5.382239
7.414399
-0.8390331
3.249693
4.446936
4.946891
5.881528
6.436693
0.269544
3.728893
1.455375
6.083827
-0.02521012
4.042907
0.3515446
7.131784
5.675996
-0.6169198
-0.340245
4.57869
2.885717
6.175493
5.844121
-0.5783663
0.4646094
-0.2154658
4.177959
-0.5697275
5.283173
4.888654
5.527142
0.3451462
6.543748
5.195956
0.6541587
1.057805
-0.1030506
1.901205
4.064334
-1.359635
5.246805
5.339749
-0.5520951
3.6127
4.932438
4.70485
-1.537583
-0.3786972
-0.5272822
4.408116
6.079392
0.2980404
0.9175
0.08587181
1.825402
0.152152
7.341086
0.007787294
-1.37229
1.043736
1.611523
6.832063
0.9904346
5.07274
6.211123
1.647274
1.220137
-1.344285
5.004067
-0.3714723
1.892811
3.366094
4.70939
6.320786
4.946697
-1.490114
6.088918
4.960256
9.237837
5.65585
5.730141
-0.8755729
0.519208
5.099362
-1.218228
0.9287107
3.085713
-0.7581963
7.65841
7.103518
-0.3054315
4.250771
-1.033063
-2.80762
1.288742
1.166829
-0.5523791
4.820001
5.229359
4.175169
0.4735424
-0.5170805
0.22814
4.976889
-0.4899781
5.34116
4.656262
5.406318
4.410403
7.018727
5.511731
0.7522332
-0.4255143
-0.2699514
1.163849
1.023295
3.818545
0.05008852
5.465467
4.465625
4.401149
-0.4092042
-0.8055502
5.484605
-0.5612564
-1.998854
3.048189
5.984392
5.713246
4.259221
6.019822
5.058162
7.704213
8.166652
5.985509
4.698166
1.889793
4.550689
0.5356151
-0.7056179
-0.6229336
3.012864
6.043783
-1.205691
0.630393
4.547527
6.602609
0.3404196
1.317277
-0.4256645
4.062345
9.032864
5.431931
4.316651
4.481593
4.673693
-0.8115303
6.356522
0.1538056
-1.32168
5.988339
1.386096
5.814085
4.151452
4.21157
5.976126
5.735005
1.864798
1.504245
0.5030637
0.09098198
6.091704
5.334643
5.148456
0.1635011
4.039001
3.536535
7.836041
4.611791
-1.139364
1.00068
0.2551337
-1.173859
-0.319473
5.961663
0.1090557
6.065036
-0.6664522
-1.281523
0.2292372
2.339909
1.237604
2.996152
5.953843
8.399472
-0.7969027
8.829948
0.2770489
0.3914036
4.662692
4.221867
4.565688
1.434102
6.270448
4.218122
-0.1440347
5.329478
-0.3748691
3.459212
1.119778
4.432837
3.258228
-1.640756
0.2621786
8.985255
5.243179
-0.7329282
4.903714
5.589182
2.37884
0.8955648
0.007572042
4.405604
-1.314004
1.031904
0.3067733
4.353509
-0.2591489
2.757289
-0.802632
4.398923
1.22719
4.434242
5.940126
-2.628213
5.53447
4.022189
0.6446957
5.039388
0.002639987
-2.049759
5.623306
5.544217
3.594823
-0.427143
1.935429
0.5806912
2.019798
-0.0430816
6.70964
6.325016
5.096413
-1.762841
5.097674
6.486337
-1.125026
6.417838
5.531676
5.436227
1.349152
4.214786
6.496757
4.457346
6.008595
-0.1946639
0.4339816
5.012014
-0.5671921
1.076726
0.3720236
1.910846
0.8498467
1.152067
7.278948
5.503649
4.935816
-0.7103375
4.927136
3.751389
6.593642
5.672185
5.46524
5.504193
4.660748
1.952738
4.793268
-0.861399
1.979032
5.92103
-0.2677274
5.782152
5.009254
10.89257
2.266363
-0.2424544
6.06936
-1.026118
7.233773
5.649629
0.599261
4.473362
-1.11608
4.736416
4.667493
3.995699
1.241619
0.734682
6.45647
4.778655
-1.114877
5.278529
6.466119
4.219437
5.029181
6.342394
-0.08291622
4.986974
6.714627
0.2982625
6.04761
5.773668
3.4794
4.663079
0.7378871
4.730183
4.371289
4.935971
4.783489
8.578809
5.245283
0.7045128
-2.386714
-1.000767
-0.06175249
0.2807901
5.211958
3.368849
5.97036
5.214058
-0.1023708
6.433151
5.448818
5.307712
-0.6489277
3.738812
4.057737
1.070777
6.810404
6.40895
0.8382075
5.561779
-1.032265
-1.048902
0.7344538
4.674614
-0.5215227
3.02589
5.282812
6.730825
1.128433
3.77971
1.041671
0.3834495
5.007449
5.204799
-0.4858287
1.668541
-0.3869171
5.904967
3.825615
5.327198
5.119969
-0.5436602
4.421711
5.785025
1.474573
6.305322
6.58102
4.39493
5.135138
1.76263
-0.8467865
6.142902
4.715579
0.4265771
0.1726347
4.487668
4.491561
-0.3786375
-0.2797284
-0.3279648
5.856421
4.24432
3.728466
2.527796
5.497772
9.131077
0.1091905
2.371637
5.880054
3.663966
5.080891
5.681333
3.080293
5.533242
0.531455
5.585127
3.980976
4.543002
-1.222263
1.213462
-0.4905976
4.296527
0.4910356
-0.7726611
-2.012599
-0.9052664
0.4293621
3.646697
5.961019
0.03987439
1.483264
5.780362
-1.132545
-1.232355
4.610229
0.7303911
4.757517
3.388201
0.9406929
4.707759
3.824847
-0.9569295
-0.4926854
8.397034
2.685727
-0.4174941
-0.09485524
3.943787
0.5080432
0.9921464
0.8407373
1.115278
0.8202922
-1.568756
5.620358
-0.07724296
1.006789
-0.1143589
3.766222
6.195385
-0.3640101
4.30129
-0.6241249
3.566521
3.97207
-1.197641
0.6176736
0.6550311
5.759304
4.199067
1.177533
5.875117
1.783211
-1.261332
7.928366
-1.450871
4.052356
0.3499085
1.078461
0.3695623
7.094019
5.233428
3.495619
0.1042568
6.969945
3.355907
0.4097835
5.350911
-1.720687
7.082269
5.875865
2.401298
6.468032
-0.5929705
0.127318
4.876904
1.206434
0.4518386
5.774456
0.5092394
-1.320288
4.303815
0.5456447
2.937265
0.4915308
4.499104
5.249859
-0.02610181
1.211977
4.150601
3.919584
6.025814
-0.8262794
-3.012529
6.457007
5.196947
3.147875
10.80363
0.8570483
-0.01190717
-0.07723596
-1.996114
4.614476
3.917179
-0.52668
3.297956
4.590647
1.399251
5.042043
0.6144362
0.4563512
4.632719
3.656038
4.331573
5.034175
1.271707
-1.814307
0.7562269
-0.6183055
7.868855
-1.371825
3.473199
5.387095
-0.8209012
5.775725
5.230893
0.4129372
6.689363
5.31028
0.248695
-0.5687096
-0.312957
5.294299
5.009702
4.564661
7.021364
0.3610109
0.76765
6.003404
1.168393
0.5974378
6.347925
4.530809
-1.751677
0.04771963
1.193222
4.537332
-1.80739
0.396405
3.767824
-0.5828176
2.075228
6.074436
4.143004
-0.3854048
1.020484
2.115583
5.511265
4.567166
0.636561
7.533089
4.820999
4.163476
0.7722439
5.289936
7.678157
7.17475
5.757257
-0.6869414
0.2689051
4.818773
4.564294
-0.1657252
4.789001
6.535533
-0.9750262
4.621151
-0.3886278
5.422903
-2.530865
0.388322
7.018797
6.764248
11.04096
-1.482596
0.3865774
-0.9484169
5.313253
-0.2072341
-1.871333
5.906303
4.971656
0.729101
4.637673
-0.1715726
4.56867
6.226655
0.6046979
4.541207
-0.3436388
5.84935
-0.3245707
-0.8161094
5.097568
0.3869547
4.155813
4.941908
4.999059
-0.2714803
3.891146
3.647388
5.441146
-0.3735755
4.614245
-0.5510951
6.320653
5.554903
3.755206
9.603566
4.140247
5.125561
1.758227
1.481951
4.168185
5.400617
6.525158
