1.301066
4.408505
0.3649721
5.03236
8.640437
2.490691
6.405369
0.941021
0.3047828
4.10651
4.996869
-1.325654
-1.138094
-0.4917091
0.1303395
5.096431
0.04464092
3.467591
0.974055
0.9653841
4.011303
5.410273
-1.433356
5.100485
-1.152662
6.805339
5.201631
6.383791
3.967038
4.295632
4.247762
-0.1442357
5.83736
0.9174996
5.044333
6.148119
4.300496
4.326497
-0.3482798
4.726344
4.647332
5.735567
4.476058
4.609385
3.047312
9.622661
6.054016
6.347228
0.2792623
-1.96766
-0.09909132
2.110378
0.2353299
5.189465
6.290614
-1.706161
2.216209
4.896132
5.685389
3.877928
5.435838
2.903457
0.2335582
-0.48806
0.4855684
3.56583
0.01905289
6.297401
4.028605
4.062535
-0.5997436
1.303774
6.706141
5.323717
0.4500995
-1.2471
0.1822275
-1.51734
5.267264
0.2102513
5.219653
0.03706564
-0.6936864
3.254189
-2.201162
3.85124
0.2360506
5.650372
-0.9924978
3.493935
4.267613
3.686737
-0.8178592
0.4140889
3.937407
-1.133827
-0.544044
0.4882829
6.786941
4.373724
5.130102
4.100151
1.503482
-1.376932
-0.9275888
3.727203
1.529851
4.669962
1.074653
6.523399
-0.4812786
3.59501
4.2563
4.047086
-0.1254862
0.01485549
-0.3757781
4.379987
5.980861
-1.69373
5.236223
4.48872
-2.83781
4.3716
5.43545
-0.2266113
3.502198
5.632938
5.572099
-0.5588757
3.262221
-1.115081
0.6360534
-1.019071
5.191486
4.287513
7.239899
-0.4054244
-1.188906
4.747723
5.581018
1.910198
-0.625048
-1.32536
0.9722888
4.099862
5.269297
0.2405488
4.516642
4.281012
-0.9023227
0.5279168
1.719517
-0.1411493
6.677332
1.161322
4.607979
3.198749
3.451117
1.509995
-1.10696
5.568434
4.806318
5.476606
4.108422
-0.4135576
-1.024641
5.448735
1.612429
5.482035
-0.4465795
-0.3365802
5.091381
5.845089
3.663417
-1.32842
0.201518
-0.07924743
4.597637
-1.179314
1.572697
0.7378488
5.313332
6.165623
4.93515
6.612923
6.438941
4.562219
5.50841
5.257751
4.16362
5.616342
-1.451466
0.5676451
4.950865
5.005298
-1.532706
7.267263
-0.6354772
3.638337
6.621273
6.978479
3.69333
4.458204
6.686464
4.991785
3.624279
5.308805
-0.1117129
3.970129
5.616186
0.3823028
4.83955
7.186817
5.322533
2.82052
5.410983
4.021022
4.095618
-0.5061659
5.686444
4.663673
-0.9692777
5.854693
4.763343
-0.5955029
-1.606267
4.240005
6.671943
6.310648
4.543994
0.6526548
2.375296
6.41188
1.351092
-0.6201817
1.877532
5.544964
5.572049
4.830119
7.846938
-0.4607691
5.481949
5.002828
6.646862
6.476438
4.463506
5.91002
4.406977
5.364865
-0.9413989
4.788466
-1.984159
0.9147382
4.938125
5.076647
4.203335
4.166911
5.471998
0.6867506
5.895904
-0.3762737
5.349239
0.9729503
6.5974
6.64622
4.023583
6.106698
0.5075225
0.5312659
7.419564
0.1495606
0.4256835
4.455296
4.821102
-0.6080195
5.509353
-0.3550835
4.838036
3.781745
0.1240398
5.182753
5.808943
1.395217
6.272859
0.2206649
4.066839
7.166365
6.489408
0.292379
3.267219
4.352445
10.03934
4.984494
5.716864
4.421153
5.441942
4.846262
5.207963
4.79135
1.056746
4.418082
-0.2640541
4.474216
5.794384
-0.4130396
5.865789
5.351757
5.105004
-0.06251027
1.003665
-0.05882536
5.675985
0.8885372
2.241064
4.943778
-0.1228037
0.2219191
5.207023
4.805693
2.035401
0.8205053
4.625462
-2.489131
4.938254
4.737985
6.173521
6.109838
6.295368
-0.6049773
0.1658927
1.900662
-0.1174651
4.137303
-0.9889588
-0.1530622
5.208494
5.674268
4.069435
4.387202
-0.3789754
4.532315
1.393176
-0.7290975
6.263857
5.311447
2.052946
-2.018292
4.480739
4.28697
6.419613
1.706773
0.448803
0.1724411
0.553001
5.620138
6.826298
7.556471
-0.9150492
4.572719
5.258937
5.991488
1.410842
-0.9580528
5.659264
-0.8549014
5.044586
-2.276963
-0.9542065
0.9154481
3.083199
5.760286
5.259585
5.048911
0.04109051
2.407226
4.301271
1.712858
6.895948
0.711047
6.618393
5.147374
5.216702
-0.6945254
-0.3714521
4.914393
2.940926
1.20847
5.440169
3.464969
5.375739
6.206333
-0.3006379
5.941781
4.669751
-0.2023249
8.357446
-1.152994
-0.3415023
0.2444209
-1.252845
4.713378
3.697519
-1.233391
-0.258279
9.500046
-0.7662056
3.357975
-2.385864
6.214002
5.852247
1.001286
6.054424
5.015598
5.341682
5.073534
5.072576
4.058873
4.340893
4.792058
5.671013
5.446971
0.9850897
1.12724
1.727354
6.10159
-0.09848683
3.960171
-0.2316522
-0.04213787
5.079022
-0.833668
5.213092
6.154449
4.576463
0.4591847
5.458104
4.305925
4.745658
0.2265854
7.789283
6.337706
5.374549
0.2836114
-1.061201
0.8958493
0.006297213
0.9994807
7.319949
1.006707
4.148076
4.418831
7.585777
5.713644
4.429967
-1.059212
0.0310721
6.04818
0.193548
-0.8751451
6.273296
5.916881
0.9743969
11.6834
5.391013
3.378545
-0.3114491
2.210412
5.462505
-1.145657
-0.3510513
-0.2145598
-0.1577053
0.1889392
-0.3206872
-0.5273267
8.043067
-0.4649195
-0.3780613
-0.09315295
8.071203
0.3944004
-0.07539474
6.946421
-1.488503
4.515837
5.925663
4.4059
4.884012
2.910837
2.423314
-0.5612387
0.9077459
5.453974
3.067139
6.289469
3.421528
4.271852
-2.002361
8.923686
