1.230175
-0.05938051
-0.5198942
0.4067153
7.039989
4.253622
0.4492535
4.836965
0.542674
3.023218
4.567637
-0.06332283
1.327449
6.473074
7.507684
-0.1498058
6.32613
1.685573
0.6627683
3.856287
4.239752
3.038066
10.12754
5.345131
5.993326
0.5972081
4.267545
4.086364
6.089651
2.807062
4.15008
0.688652
0.9386561
5.707438
5.226233
5.595969
4.336685
3.646945
-0.9471929
0.2072418
4.80766
-0.818796
6.116004
0.6093041
0.6028697
5.057103
7.915713
7.455863
4.550596
5.868581
-0.1739372
7.042746
2.915406
-2.052412
-0.3731341
5.700988
5.130278
2.832711
4.600915
1.901866
0.3591304
4.675593
-0.3557001
1.231452
8.168589
-0.4928903
4.775614
4.716549
0.9521581
6.139378
6.112747
5.259163
5.036822
0.2026429
4.702485
4.875669
4.175242
0.5758948
7.306961
5.148686
0.08552654
3.943074
3.537075
-0.7667676
4.748294
2.180095
4.702151
3.758924
1.576707
4.256272
5.658011
0.9534369
3.255456
-0.6899685
3.831922
0.7489935
4.815487
4.456838
-0.6013547
0.2120748
4.463188
6.672256
0.4298425
4.087561
3.739013
2.960426
4.683847
3.796235
-0.2023127
1.711737
0.2363013
5.27739
5.455579
0.7974156
3.920216
7.109747
-0.918454
2.448344
3.949959
12.79797
4.250882
5.068919
6.046166
-1.590989
11.89551
4.790716
-0.2665769
4.934005
-0.09306723
5.465506
5.423411
5.111491
1.264324
7.220295
4.265096
1.091089
5.189244
-1.245552
5.511062
-0.7589001
4.470398
5.140863
-0.5889539
1.057925
6.827409
0.5221883
-0.1495068
6.297736
-0.869813
-1.033996
-0.04454203
0.6082535
6.888473
5.417228
0.8365694
-0.4706534
5.646968
3.504872
6.781455
7.29856
5.372703
5.102438
-0.556719
-2.087109
0.05577296
-0.6455148
-0.9221787
5.703847
4.777638
5.396294
5.931078
4.336526
5.402163
9.490396
1.802972
5.818154
2.3639
0.7614174
1.290385
6.242708
6.861189
5.760209
5.945671
2.063691
-2.230518
1.572072
0.2912165
5.115004
1.295444
1.244724
3.639419
5.919398
5.554324
4.272166
-2.539664
5.378225
8.391241
5.424818
-0.7013398
-0.9526441
-0.3289491
4.59037
0.509473
4.194038
-1.125376
0.0609477
0.03264086
0.1788013
-0.2992431
4.974382
5.346336
5.864393
5.460825
4.633045
5.670512
-0.261331
0.6091386
5.308775
-0.2486935
5.241017
-0.3230463
-0.1464966
6.289767
4.150447
1.072161
4.60501
2.963264
0.5393727
-0.6674302
4.734015
4.804
4.096839
4.460809
-1.12631
-0.1459235
5.529362
4.064511
-0.4559146
4.126834
4.96247
4.163905
0.006839731
-0.5400719
1.223112
4.10793
0.05068171
-0.8516319
-0.918265
3.131844
5.923125
