7.401253
5.139898
4.232339
0.01160018
4.293506
6.27
-0.8117009
0.1368105
6.244214
4.388997
4.492747
0.5744597
4.279719
6.283179
4.820787
4.475875
1.516062
4.201289
-1.068643
3.800491
3.458195
1.291971
4.426695
1.263421
1.044866
4.658053
2.523766
4.170194
5.455466
0.8405918
5.894218
4.983016
4.864861
7.280267
-0.3236957
4.723093
1.79831
6.824192
3.860313
-0.3516748
5.148974
7.942303
5.037349
-0.3986178
5.680263
4.651737
-0.07900975
0.06529016
4.50413
-0.7027292
6.251705
6.583353
6.661898
-1.893699
4.425241
-0.6600568
1.680924
-0.286635
4.458021
4.541144
6.432197
2.02736
-0.6991447
6.515199
3.202427
4.696365
-1.529104
-1.070902
2.97238
4.753592
0.1053957
3.414572
3.585405
2.121011
3.586074
0.4175312
5.164245
1.746616
5.645976
5.103285
6.329484
4.734203
4.654857
1.828607
0.8728628
0.5527402
0.1354221
5.239497
6.044887
6.968355
0.1205024
5.514014
-1.453142
5.491893
4.131578
-0.2728169
1.298156
4.907212
1.506791
-0.6168016
-0.9875383
5.940342
4.496068
6.313883
4.231617
4.978227
4.954338
1.446377
4.200502
5.847821
-1.886243
0.4499588
5.397043
6.213778
4.443536
4.834401
5.272199
3.869821
5.54548
4.998299
5.096877
-1.224283
4.332266
3.009812
-0.2866286
0.8560848
6.214601
6.193844
4.047287
1.859104
4.351473
5.038401
11.74687
4.776099
-0.03870248
0.9226693
4.581071
2.32445
3.793198
4.305174
0.5185905
3.986441
6.079192
6.226155
-0.2076571
3.595148
-2.107769
3.991076
3.65161
-1.459857
-1.117502
1.750286
4.00466
4.598182
6.008343
4.4304
0.4107692
3.879208
-0.259902
4.819412
7.528075
0.4639599
4.873421
5.553428
0.7476973
6.159434
1.880193
5.745938
4.204725
-0.1885919
-0.1349928
0.1364096
0.7336727
-1.746795
5.76528
6.168258
6.425777
4.015091
-1.291341
0.5023438
-0.4956695
0.9951734
-1.569518
-0.07156825
5.435134
0.2124555
2.070848
-0.2324381
2.793149
4.66126
3.086733
4.533959
5.913245
6.440642
4.950488
0.3802204
5.108363
4.052467
6.149147
1.783612
0.3432598
3.487444
0.8629823
-1.889171
4.966628
4.713717
1.240731
5.343195
-0.4424477
5.958147
5.488375
0.1282912
4.807114
4.394743
0.9227085
3.860866
0.4781972
6.102661
4.611584
-0.1661826
-0.1521487
0.7417141
5.351517
4.897345
6.87126
4.112894
6.776398
4.927315
4.397598
3.899355
5.472042
9.658973
4.598182
0.4317406
4.170224
4.708529
5.418218
0.8264691
-0.2523166
0.6532145
5.734218
-0.2030661
-1.219179
6.402811
0.3997782
0.5920397
5.679002
3.005805
5.155517
6.148476
5.402543
4.416531
5.417687
4.677958
3.23986
-1.430877
3.716902
0.2816499
0.3245227
-1.355422
5.554191
3.625009
4.280305
3.64084
0.4819929
0.4162239
5.48388
4.849318
5.67925
1.340391
4.778231
4.541289
-0.2341259
0.380205
3.568814
5.695563
-2.812904
5.577093
3.073371
5.462967
0.2959965
-1.728119
-0.7185265
1.198024
11.94913
4.694408
1.037384
-1.367324
4.370522
4.055747
1.624727
-0.4192017
-2.09024
-0.9375837
-0.2235577
4.094117
0.5251579
4.297481
8.779535
3.527373
-0.1628163
4.239618
4.559868
-0.1180405
4.956197
5.586542
3.381984
1.058912
2.099194
-2.019729
4.571671
4.666258
0.7550272
5.65118
5.711336
4.430672
4.052826
0.115634
4.057632
4.077684
-0.3544839
0.2127251
4.756717
3.834023
3.045487
-0.6174338
5.860415
-0.1469028
0.5279855
5.193929
4.018213
6.184191
4.463221
3.232436
-0.7486403
4.398612
4.056975
3.947283
6.854241
-0.9932993
0.0703942
5.834706
5.68976
5.200016
5.970174
1.495008
-0.7561349
4.448985
0.2091099
1.362514
5.845679
6.390543
-0.3633818
-0.7173125
5.48866
8.447481
3.846208
0.3489001
4.191358
3.621745
0.08630348
4.189038
4.850963
5.249254
4.604265
0.2550528
4.621974
4.708715
3.16307
4.776726
-0.2470611
2.439288
7.652352
-0.814983
5.204432
0.8607941
-0.4771125
5.19591
2.070428
2.331104
-0.9150412
3.320087
4.935934
5.475359
3.035694
5.578487
-1.033794
5.558516
-0.25529
0.6207941
7.966316
5.314692
1.661945
5.878074
6.344787
5.092585
0.2816733
9.00488
0.525718
-0.2004406
3.559958
-0.8834838
-0.3514689
-0.983764
5.322982
0.968129
-0.3267171
3.410064
0.0658897
0.1003947
1.518997
5.285457
3.970604
-0.3837292
1.593977
-0.1095519
5.829761
6.233027
4.790619
1.163584
5.984453
3.915516
4.915786
-0.257234
6.30875
5.276868
5.46829
0.5559555
6.141936
3.16481
4.039625
4.857368
4.721295
-1.477232
3.15699
-0.8788798
3.846654
1.655968
-0.1545376
5.219438
1.468965
4.533072
-0.3987953
5.413668
6.330383
4.166353
4.429755
5.929753
4.208298
0.5368986
-0.482087
-0.4428669
5.894952
-0.4173596
5.094609
5.091436
10.65345
5.061978
-0.02515939
-0.13198
-0.1864108
4.763997
4.612694
7.20648
-0.1346503
4.655867
5.711321
1.341845
-0.09081601
4.739772
6.300079
6.640223
-1.019455
-0.005008351
4.291127
-0.1102403
0.1975652
-0.08754739
5.22143
0.07160909
3.675467
6.614405
1.589299
1.026063
-0.1662489
0.3660209
0.7393511
-0.5195154
0.5761496
0.07124394
4.533692
0.2879931
4.7135
-0.2441418
3.40307
-0.01709939
6.167875
5.185358
4.755309
-0.7169103
4.805241
4.907584
4.964418
6.20543
1.912841
4.715083
4.668641
-1.086966
6.037353
3.227389
5.902752
-1.530364
5.084757
0.156681
6.873527
4.505375
4.947998
-0.0372888
3.580187
0.2018748
4.804497
0.5286026
1.732071
6.160427
7.2388
6.265472
5.270102
11.01784
4.840951
6.389949
6.030025
-0.5093189
6.976059
2.539058
0.2356389
4.618736
7.265912
-0.2339627
5.298724
4.481247
4.629628
5.203967
0.479571
0.2583719
3.885484
5.530862
6.283631
4.360585
0.823249
6.743652
4.695397
5.061265
5.442599
0.009038964
5.234278
4.375778
3.766102
0.586316
9.216434
6.075947
2.02041
-2.030728
5.969107
-0.0008729473
-0.1217407
-0.5733888
4.598403
5.682207
-0.6361059
-0.2659413
5.968115
0.6494967
5.060672
5.902199
2.745374
0.01485836
-1.541891
3.836971
0.4688538
5.111373
5.029844
0.7102713
0.00646063
4.820144
7.020875
0.1113865
-0.2022527
0.01105072
4.236927
-0.6752636
6.18956
2.256908
3.788217
0.4514617
-0.08311427
2.380752
5.77402
3.567627
5.389728
5.474629
4.917628
5.999471
-0.3039182
3.744034
4.017377
3.069743
6.238002
-0.03586085
4.735286
-1.877889
0.5275346
-0.4147401
1.387978
2.03673
-1.241758
5.525566
1.598899
1.46086
5.345792
4.252259
0.1508124
7.752232
4.687256
-0.1561105
1.045099
4.871827
4.306237
3.890657
-0.913803
1.754252
0.570323
-0.1090792
4.484403
-0.2756808
4.162556
5.67878
4.93892
3.058125
4.173705
-1.236247
4.396476
3.610878
4.89803
-1.081068
5.009506
-0.2168456
4.75372
4.797948
4.936305
5.58486
4.967957
6.192415
4.785491
5.38793
0.4485118
-0.5418033
2.086992
5.121439
1.693393
0.1977898
5.519861
1.295665
-0.319996
4.312776
0.1937076
0.5528825
4.887
5.214543
0.08165836
-0.05238964
-0.346547
4.785041
6.474659
4.898759
5.077725
0.3880088
3.785446
-1.148811
6.331766
5.506034
-0.8473955
4.693828
6.51253
6.098732
5.608872
6.098492
1.311395
5.441946
5.289531
4.838835
-1.503577
6.084842
0.8375029
5.772193
4.131854
-0.9913016
5.027563
0.02891857
3.818247
-1.532853
-1.346188
5.932507
3.958225
-0.3387147
4.60336
-0.08006885
5.10989
5.507478
-0.4956898
0.6374534
2.748288
5.64583
5.453427
5.940484
1.252384
-0.8062935
0.6131473
5.338109
6.882146
-0.5603247
5.793515
5.093175
1.2237
-1.202005
4.375027
4.866609
5.50852
4.286796
0.5734516
0.9079895
3.317031
5.365418
2.144433
4.119136
0.513983
-1.261034
4.627262
1.023437
1.08607
0.5325416
5.626443
6.114514
-0.2027338
-0.3211976
4.30164
0.6329304
7.499265
10.25293
-1.030087
5.14947
7.899794
5.770778
5.872209
7.410087
-0.5528752
4.737549
3.640037
2.35451
2.315898
4.855384
3.694523
5.953973
3.229695
0.105234
5.055218
1.625785
4.303704
-1.248272
-1.31152
-0.6475476
4.107489
5.893192
4.129109
0.4526188
5.727891
4.035397
6.105827
7.959892
-0.730279
6.085844
6.449211
5.040233
0.8112498
5.141395
5.359684
6.10391
5.742237
5.636537
0.01597756
4.683776
0.4663176
5.633503
1.13973
4.648285
5.931218
-0.301276
5.704804
6.298586
6.296788
6.533718
-1.686774
0.0396792
3.02959
0.7943427
4.774588
3.667763
2.246884
-0.5716922
5.176347
3.949585
-2.343537
6.324647
5.681404
4.407995
-0.03378519
4.202864
5.066146
5.231432
5.548719
-0.7206965
6.293895
4.106653
-0.9917882
4.434226
5.550984
5.459908
4.049059
5.44746
4.850941
-1.075514
5.582601
4.948806
10.76131
4.01415
5.749338
3.141922
0.05397082
1.134462
4.467378
1.00103
0.9494216
0.477322
3.669799
4.67007
0.7132539
5.049624
5.164003
5.097972
4.712695
6.495489
-1.936786
4.558821
1.405312
3.85212
-1.419469
3.182662
5.152301
4.414295
2.647558
4.751872
2.806431
5.50567
3.914868
4.945463
8.411075
5.557575
4.329741
0.4032997
0.7498271
4.203215
-0.8577547
-0.7179239
6.765566
5.304872
3.537708
-0.5876445
0.2206061
0.9964292
6.064565
3.896823
5.582498
6.745475
8.702202
1.076423
5.364272
5.504352
4.316594
-0.02201446
5.527061
6.375666
2.116514
0.3573949
4.93333
5.248934
5.028943
5.823062
5.050415
-1.198773
-0.9328204
5.77724
6.952775
5.251467
4.836043
6.486709
-1.249095
5.31674
3.981785
3.886002
2.371724
4.719715
4.565331
1.559675
4.712672
0.5805214
4.860887
2.891259
-2.237543
5.546538
6.376927
1.189417
5.336576
5.973034
4.489235
5.596099
5.070875
0.5818918
-0.4334363
0.3257911
6.049959
4.940804
8.130093
-0.5192129
0.2307143
-1.002954
0.1951037
5.018986
5.992183
3.184302
3.812947
0.9356571
-0.07340857
1.704152
4.121142
-0.4567077
0.4419186
-2.23943
-0.1720952
5.45684
6.276669
-0.5034931
3.554377
-0.01822858
5.759236
5.382144
2.643986
7.956664
3.93016
-1.274318
2.177677
8.101817
1.158375
4.19219
1.565135
4.114687
-1.492339
2.683585
1.463128
1.106367
5.346336
6.859225
5.41725
5.917479
7.290371
4.828054
-0.5925505
-1.409673
4.725729
6.532639
4.545632
3.199494
5.418116
5.973359
3.850314
0.01126691
-0.2336861
3.871458
3.67815
0.4037147
0.3099471
4.565753
3.934891
5.121484
0.5237376
1.292936
5.811798
4.662564
5.723378
-0.8577676
6.080382
4.960013
-1.076626
4.033772
4.624764
-0.7086745
4.148925
-0.1959674
1.415762
0.574352
-1.865588
4.82108
6.646045
6.294234
-1.539018
5.994002
4.016714
4.323335
4.062742
0.06016757
0.1235339
0.1289971
-0.9894684
5.219139
6.322245
1.933227
-1.260167
-1.791403
4.635249
1.894181
5.446082
3.528546
-1.248303
4.290124
-0.9171916
1.526801
5.522747
0.4879921
-1.831561
-1.73557
4.909077
1.940743
4.691766
3.510102
0.6118758
0.2147183
-1.234134
-0.08829213
-0.4905455
6.921283
5.276269
-2.11735
-0.4050422
6.620284
-0.6031811
3.16725
4.119134
5.118888
-0.9377719
6.384483
9.459605
5.661568
0.8980154
2.124006
1.152252
2.816978
-2.064841
-1.237046
3.704299
4.437344
4.557966
6.228944
6.042766
4.531767
1.488454
-1.298632
-0.1348891
-0.2400302
-0.3005829
4.267848
-0.2098919
6.323845
5.176132
5.937204
4.456639
1.977043
0.1466287
4.581519
2.273956
7.296323
0.5677117
1.217591
4.800178
-0.9087908
-1.995303
4.515512
0.5920766
5.616214
4.832732
-0.02490221
5.908082
5.213083
0.3215374
0.6392944
6.278079
2.63928
2.629023
2.411303
-1.762805
6.023655
0.752565
5.132898
4.123785
0.8251102
-1.301376
1.923358
4.875307
4.512174
1.147544
3.416151
6.960842
0.594734
5.937485
1.895684
3.323516
6.434449
7.443957
6.50993
6.260717
3.833674
4.339541
4.015264
7.104915
4.586644
1.399848
0.8398225
7.952588
4.029931
-0.2892703
0.2117886
4.44385
5.895125
5.947562
5.174211
0.1183779
5.414283
-1.506466
0.3381463
5.336368
1.927828
0.6229572
-0.09862555
5.50703
6.970471
1.104255
5.949166
5.354008
3.246361
4.716338
6.072189
-0.7366826
0.1336573
0.5645943
4.663507
4.91203
-6.281952
-1.01972
-0.01020316
5.552849
3.274089
3.42738
-2.110202
6.466654
0.9455108
4.956436
5.386813
1.496326
5.5468
5.055616
-0.5007444
-1.181714
1.810199
7.382767
0.8394466
4.036832
2.900468
5.172581
0.5821703
-0.4727785
0.607494
4.601539
5.881677
0.004682529
1.792519
4.540837
5.818447
-0.2184046
5.727444
6.103457
5.786887
4.749266
-0.8122032
4.376779
4.526352
1.503367
5.356367
5.144731
0.5108209
5.321318
5.294583
0.8203495
1.181289
5.984196
6.464941
-1.925648
6.581479
5.138684
0.847312
3.47896
-1.229815
7.135693
-1.139655
1.054879
7.92259
5.067412
6.459828
4.65103
6.144488
6.374679
4.190335
3.42409
1.456594
0.9157589
0.7467371
-0.5908858
6.402221
0.998565
5.263689
-0.7752972
0.3165487
0.6535601
-0.627348
4.031352
6.160673
-2.338696
0.7474659
4.569832
4.640394
4.434543
0.9344639
4.410698
4.962292
0.1849874
6.371747
9.509487
6.838065
5.593963
1.331204
8.379812
4.415918
3.494086
-0.05800817
5.231745
5.172678
5.804923
2.445072
4.11685
0.2321239
6.20595
5.673815
0.1267309
4.890217
3.973301
0.8112013
4.766585
-0.3742698
5.907781
2.63677
0.4407696
6.245107
1.639386
3.20347
4.901256
6.228964
5.668734
1.250252
-0.7740379
6.259794
0.05820104
4.193997
0.03261725
6.304731
4.69109
4.715531
5.398399
1.686973
3.029542
5.320165
6.466945
0.3393265
-0.7927107
5.287542
-2.039445
5.673151
1.224054
6.583293
5.333031
1.793106
-0.1086603
-0.202538
5.139509
0.2274245
-0.2030215
5.484101
-1.670985
2.967066
5.037136
5.930628
8.408489
5.072426
-0.8661496
-0.6141494
6.207548
-0.3815151
4.856298
-0.4078242
5.295417
5.348818
1.362027
4.838851
9.078989
5.849345
5.667924
5.929007
5.337974
4.565243
5.711073
3.873719
4.988241
6.167871
6.115083
3.229912
5.490003
2.368267
-1.254114
4.771236
2.350128
4.472286
0.4353506
3.635503
4.68502
0.6271364
-0.4981933
-0.8320778
-0.3076331
5.353233
3.531759
4.209608
-0.9806899
0.4316631
-0.748293
5.667194
5.447573
4.104484
5.788485
4.274476
5.414721
4.868162
0.7506396
4.890572
1.298241
-0.5035458
6.139758
-1.18345
5.314488
0.7975833
4.790781
5.390209
-0.5854597
0.7885955
5.174217
3.253032
-1.270056
4.443104
4.757886
0.6184992
3.465929
0.7248205
-0.3234983
5.40006
5.700698
4.61414
3.110992
1.232634
2.827796
5.493345
-1.409021
1.294704
0.3982126
1.538346
5.213156
5.010696
-0.7015631
4.79747
1.403993
3.133573
5.032831
4.803008
5.357668
4.905269
6.714522
2.845716
-0.161223
5.956928
0.2500027
5.218626
3.366985
4.209094
1.652859
-0.007099682
6.173295
2.415678
2.973368
7.598004
0.1923482
6.457345
1.206386
0.7529232
4.551139
-1.004702
-1.569156
6.026155
5.83974
3.063755
5.556162
4.218018
-2.132559
1.310375
0.732676
1.056028
6.009732
0.4820094
-0.1200916
-0.8052909
1.483736
-1.70047
-1.305425
9.799854
-0.5203007
4.115335
4.101017
3.854346
0.5934245
0.3351648
3.168218
-0.06103879
6.646837
4.392082
4.468656
6.674988
5.102928
8.823115
5.42438
1.618865
6.477881
-0.2078758
5.399058
0.4442329
3.438355
4.962932
0.2358082
4.944442
0.280148
-0.2696722
5.089109
3.633568
3.97405
-0.1048021
-2.286452
6.485497
0.5597574
4.691795
0.08376348
6.162569
3.987741
4.268891
4.451647
3.866962
-0.9365162
0.4241153
5.364132
-1.118363
0.6545738
8.983489
0.5629245
5.014224
3.305659
3.651569
0.3511459
4.634951
3.284737
-1.076292
1.051849
6.022293
-0.6704376
3.663285
-0.4150256
-1.020185
4.732523
1.178624
6.159164
1.638327
6.210988
0.01945361
5.890193
5.414668
2.598798
4.845678
0.7648407
-0.502798
-1.229965
0.2518541
2.423183
4.622284
5.532012
5.648504
4.123174
3.908735
5.196528
3.750836
0.8626767
4.965841
0.7183464
2.752209
4.912906
0.7865943
5.627958
6.812148
1.726465
5.36319
5.454008
0.4938965
5.046568
5.539846
0.776503
0.6109693
5.466064
1.103022
-0.3176483
-0.693467
6.122425
6.625016
8.88719
0.9003508
4.854339
1.214402
0.3752692
-0.8235279
3.374045
-0.9351845
2.030266
-1.685551
4.873677
0.2863301
2.496068
5.649457
-0.1850266
4.970046
-0.7452472
4.789812
1.885255
4.585978
-1.422163
1.191831
4.146763
5.868492
-2.924327
4.688818
0.001145228
4.603225
0.482387
0.2225507
4.774
3.923023
5.120988
5.594509
6.05411
4.365401
2.685009
1.794356
5.355402
5.732295
4.808161
-1.048259
1.028413
-1.027434
0.6644663
-1.117549
3.880676
4.831095
-0.09125463
3.976322
4.214254
1.828179
-0.3622571
-0.1234678
-1.614066
5.201603
0.04546047
0.9476195
3.696598
3.436114
1.81678
6.122827
5.90017
-0.0362468
1.687114
1.17887
4.463493
4.325603
1.446158
4.212411
-0.7686566
5.256326
5.056425
11.10703
-1.414367
4.383092
4.684811
-0.7321302
1.388244
0.7303989
4.917611
-1.376544
-2.158812
2.927919
0.2770961
-0.8532638
10.82282
0.5324006
-0.91386
-0.5854351
5.506391
-0.7538061
-0.05910217
5.048108
0.4542779
4.831575
6.167596
3.803748
0.989601
5.986719
0.3203134
5.296949
5.029021
4.987161
0.8072021
0.8210975
4.873722
1.118232
0.3805344
0.3632418
6.939156
5.623914
5.567784
0.3538063
5.171399
0.5303256
5.065399
5.904788
0.9170267
5.625544
4.694741
-1.604056
-0.5384714
-2.320341
1.134842
-0.7439582
5.729225
-1.494293
4.585097
0.9438892
-0.2184859
5.650871
6.345171
5.550764
6.075142
-0.3033142
5.019175
0.5044389
4.417822
5.630398
-0.04758581
-0.199911
-0.9999502
4.541433
5.483576
0.02372745
-2.414912
0.9807369
5.802765
4.92683
5.75641
0.09351992
4.395961
2.858263
0.6066474
-0.8697517
2.714834
0.1493157
4.101766
5.306695
0.6109994
4.743026
3.517973
-1.231954
5.024361
0.04880996
-2.502752
5.980521
4.32968
5.35414
5.414402
4.764916
-0.5481364
-0.5592786
1.034923
5.208546
5.730622
5.449733
6.458749
-0.7725127
4.170939
-0.09882218
1.327868
5.106397
4.091475
0.1183662
1.853755
2.712868
2.662774
4.060575
-0.9211393
5.775545
2.927015
3.206945
5.369894
5.510794
0.005258939
-1.138412
6.379837
6.557731
-0.09595719
-1.571786
5.339401
-0.8824118
3.688782
3.430047
5.764625
0.7884406
0.1467857
4.377693
-0.8044127
4.658981
-0.3405655
-0.7000468
1.335193
4.775054
6.174086
5.174498
-0.2601834
8.114122
1.348029
0.7526432
3.60392
4.591343
2.890378
5.04043
0.1359593
3.779746
-1.339433
2.196278
4.458249
5.57477
5.748497
5.311728
5.721881
3.462318
6.260422
-0.1639478
0.510421
-1.604953
6.745978
2.801258
0.6029204
4.889512
4.815144
5.47175
3.947848
5.419901
-0.1762671
-0.1133974
9.490909
5.669917
1.390465
6.083079
-1.278445
4.287471
3.797861
-0.3852523
-0.7232674
4.460211
4.634633
4.537263
4.535617
5.427414
6.130606
4.755555
4.447046
5.420736
1.103292
-0.9467293
5.106982
0.4065694
3.770505
3.721705
0.1857687
5.358935
0.7842885
1.169533
0.2689096
0.9295214
4.297303
6.261624
4.88165
-2.373471
0.7899892
2.711833
-1.43051
2.888201
6.659402
4.632835
7.698003
6.309136
2.893943
-0.3849724
1.59516
0.5683588
4.512223
7.338245
5.567529
5.151797
6.653595
0.829104
5.555199
-0.2114128
0.7688927
1.335097
-0.4336928
4.482127
5.339999
5.446946
-1.109663
0.08091484
1.153325
-0.6510371
4.088201
4.976872
-0.05078257
2.383234
4.913995
5.987309
4.286653
4.229203
-0.1171053
6.095697
6.140625
4.674023
5.991009
4.781396
5.705818
-1.74178
-0.2780221
-0.2884331
0.2474399
4.276913
-0.690672
0.1229931
-1.321352
1.225401
5.319566
2.298529
3.029347
4.561592
-0.399623
3.713568
5.453822
0.6025993
0.3628435
-0.09457561
4.993082
4.704941
6.29734
4.615425
-0.3495134
5.175464
-0.5557475
2.929308
5.50104
5.582097
0.2801216
6.258508
6.49605
4.395998
0.4858021
2.740127
0.1373954
-1.199165
-0.1819577
8.966722
-1.606472
5.122318
6.333313
0.1296599
4.849601
5.142677
0.7151278
0.4710533
5.10765
3.492619
0.06487696
0.1245501
5.386895
8.663238
-0.09056607
5.767209
4.938079
4.567031
1.7316
-0.5223936
0.9316772
-1.199172
5.147029
-1.984599
3.257813
5.802136
4.450943
-0.17615
5.577189
5.582102
4.972849
5.66455
3.541464
5.748334
7.238282
4.386865
5.727143
3.153772
-0.8280203
0.08659651
0.2383179
4.159783
4.235227
-0.06239373
4.368694
0.2107854
-0.5798073
5.020331
-0.03150154
6.832266
4.969416
5.877584
-0.7992787
3.510965
0.2532568
4.611581
5.546059
-0.7604906
5.498725
4.22049
-0.6174412
0.3317879
4.945064
-1.341092
0.7132914
3.630247
1.536119
6.11858
6.180698
4.611433
1.025488
-0.5036275
10.5326
5.918958
4.795378
4.337809
0.9267471
5.224787
-1.192868
2.647799
2.015912
-1.574349
-0.3615919
4.460682
4.87759
5.547498
-1.9924
4.960077
4.932393
4.823971
6.261192
6.764016
5.163942
5.820936
3.473282
4.558482
2.301868
8.769858
5.262908
3.823069
5.017598
3.890716
7.207291
4.431247
-0.5279638
5.276206
1.411147
1.417992
5.116653
-0.4629152
4.677059
0.5904913
11.78229
6.266261
5.024718
5.180285
3.264121
5.379792
2.838119
-0.9117035
0.06953973
0.4019089
-0.2359449
7.932801
0.9781801
-0.1060702
4.800226
5.934143
6.009782
6.394198
-0.2073685
5.577844
3.118088
-1.558939
0.5445906
5.31724
-1.244554
6.863068
-0.7597382
4.420174
5.326098
-1.187022
2.286437
4.75433
5.124458
4.879426
-0.05054128
-0.6724413
5.431725
5.727445
-0.02592609
4.402112
1.621839
4.458382
4.964147
4.694921
-0.6956797
4.11488
4.484327
6.088109
4.791595
6.522247
4.584884
4.18856
7.10652
0.228452
0.5501841
5.37454
-0.387227
-1.001065
-1.240315
0.2409847
1.092986
-1.220181
0.7286326
-0.9014974
5.662436
0.3788696
4.559055
-0.7228633
1.842953
4.331899
5.600873
5.229857
1.267925
5.995849
-0.294696
-0.5831095
1.717578
4.297239
-0.9615567
7.179438
2.359549
5.253543
-1.267844
6.027203
4.6321
5.1921
5.022015
-0.2714642
5.182415
6.759404
3.62002
-0.8566945
1.409913
3.093815
7.396313
5.148484
4.84032
3.701129
6.047264
-0.8474853
0.3468576
6.621314
1.702952
4.614762
5.460672
1.25067
-1.411041
5.563653
5.815807
-0.02418933
4.808183
3.73656
-0.5436758
4.347577
4.893904
4.398088
11.52332
5.792169
5.134212
5.344332
7.507336
4.769173
3.816357
6.379532
5.922788
6.864667
3.458379
2.317961
1.651231
5.050927
-0.08308701
6.174574
-2.061236
-0.6132979
4.038903
-0.0589845
4.770074
1.32384
4.263896
0.5042733
5.63127
-0.3911885
-1.26798
0.08784931
5.544327
4.211018
-0.5192353
4.860306
-1.644171
-0.2960558
6.43641
-1.524878
6.342544
3.987026
7.923826
5.388699
2.331098
0.236012
-1.178315
-0.5843791
5.486746
0.7702135
1.143352
6.405436
5.649567
-2.028624
-1.00774
-0.7295606
3.819071
-0.5719
6.117634
0.8209914
0.8508479
4.175091
-0.2157886
4.382717
-1.687798
-0.9528152
-0.9243971
5.850039
7.014815
4.869659
5.820374
7.107611
-0.3285947
0.3584828
4.33839
-0.4858332
-0.39085
4.747292
4.155501
3.165174
-0.8797537
3.675478
0.2866059
5.107518
4.43562
4.835199
4.857009
-0.3459046
3.976725
5.035
5.373387
0.3534916
2.564466
-0.3003108
-0.7749438
-0.8155929
4.961519
7.709684
4.724128
-1.290916
3.228991
4.596551
5.656226
-0.2086443
0.4332855
6.571725
-0.3444387
-0.5787408
-1.070684
4.765773
5.926653
3.146466
6.623732
0.08604117
2.561826
4.96175
7.982472
-0.002852787
5.204141
7.111918
0.1892038
1.150471
0.4479513
4.476659
5.314646
-0.5865904
4.107597
0.4725358
-0.3894932
5.318745
5.683773
-1.563542
2.092037
5.410018
-1.404155
0.2208401
6.279288
-1.153632
4.563546
4.798425
4.300357
4.318999
0.4068482
4.797893
3.967288
4.59529
-0.7881546
6.113617
0.7016312
1.242238
-0.9930493
-0.6647861
1.106897
-1.089696
4.237681
6.10856
6.254907
-1.267974
7.907617
-1.013647
-0.5278249
-1.992941
6.103417
6.911488
6.362247
-1.54526
-2.348928
0.0992866
4.984697
4.669376
4.665535
4.779857
2.025003
5.271181
0.2158495
-0.6980459
4.788939
2.005489
-0.2255299
0.3798381
0.1608712
1.466294
3.914946
-0.700364
6.730519
2.974392
4.401615
5.618406
1.321055
-1.272607
6.68017
7.437404
0.511899
5.227418
4.6658
5.462318
5.876166
4.133655
-1.16714
5.303667
6.303447
5.232753
3.804944
5.170038
4.607236
0.8076021
2.363335
0.7385487
4.445599
-0.4197635
5.808559
4.432236
0.9840596
-1.052787
-0.007418965
4.335537
4.201175
1.42624
0.1318931
5.086636
5.279277
4.945567
5.46899
6.411913
0.8948111
4.232499
5.968968
-0.5792056
5.171657
5.532578
3.410737
-0.3361413
-0.7425438
0.2389824
6.64573
4.94482
1.444851
6.994612
0.09812246
3.998994
2.56907
4.469486
-0.8284561
5.740566
5.381837
-0.304992
0.9513174
0.5720431
4.100973
5.397918
-1.323002
0.5365696
0.3803343
5.262534
6.617986
4.505497
4.204532
-1.986898
4.074765
8.096187
4.474967
5.948155
3.893614
0.4954045
0.3819185
5.453291
-0.8273259
-0.1929352
1.279417
0.03167733
3.701888
5.331569
5.33474
0.317848
0.2690565
0.301883
0.7474856
4.626415
4.268553
5.984283
5.372905
0.5445884
-2.372475
4.84623
-0.7341759
5.694453
5.157962
1.521189
1.955003
5.439712
-1.247786
0.4321297
9.187575
0.3566119
3.481246
2.346001
5.352242
-0.1440058
0.5153725
4.723539
5.093453
5.174586
-0.4031913
-0.311694
-0.02002306
5.466093
4.427998
7.700624
0.2778181
-2.784224
5.13665
-0.6834261
5.735707
4.966755
5.43114
5.704946
-1.089321
-0.7059635
3.493912
5.266296
-1.217938
4.568506
4.995711
0.1411269
1.575372
0.0103568
1.148184
6.032418
5.213163
4.835883
-1.407271
0.2311793
0.4386191
3.463256
-0.11673
-1.149386
0.1531158
5.316154
6.830723
4.27855
5.22522
6.142725
5.123307
0.4289737
-0.06531219
4.59167
5.73293
2.725715
4.470418
7.124551
1.354734
10.45883
0.9988385
6.317838
-0.4255135
4.194858
5.449564
-0.5254992
4.377482
4.055335
0.9532123
3.524029
0.2927336
5.897935
1.317041
2.998248
0.7484788
5.761506
4.979792
-1.613282
-1.096759
0.4983435
-1.550908
-1.146631
0.6773375
-0.2230025
3.285207
5.807486
4.184174
4.894301
0.501018
4.524224
-0.008541162
2.552449
9.76598
2.35388
-0.2745586
-1.252093
0.2180738
4.349497
4.101518
4.939606
5.609142
6.0332
6.440207
-1.268085
-1.016733
2.738479
-0.6429664
4.868746
2.346488
-0.1152631
0.7738245
7.44501
0.8796661
-4.041848
4.661168
8.163977
-0.4819048
-1.158913
-2.173725
-1.816318
-0.5989724
0.7772294
6.570912
0.2874415
5.634984
3.023984
6.410424
4.678561
3.382834
4.50333
-0.07165131
1.518145
4.32117
5.510478
6.527834
0.137892
5.260551
3.01527
0.2160558
2.940856
5.213471
-0.4708641
6.761612
5.017622
-0.967438
3.699194
0.7657854
-0.03431187
4.770304
5.311647
0.1768512
4.654766
5.849773
-0.4103668
4.660522
-0.6541895
5.342474
4.899272
4.66168
-0.774612
5.766268
0.4661615
4.521636
-1.203342
3.183945
-0.3238224
4.620913
3.53384
7.373585
6.296415
-0.4003972
4.262187
1.49396
1.495953
-0.6568782
0.3014051
-0.2743252
1.309825
3.88306
5.126786
-0.7793193
-1.567123
4.934214
0.6688561
-0.1121753
2.721226
4.973734
6.010787
4.018368
-2.427384
8.603296
5.317591
-1.91217
5.397292
5.568901
8.225864
1.368824
4.842071
6.811386
6.099167
2.904904
-0.1664559
5.895115
3.924778
0.819911
5.469853
5.012847
9.342687
4.902456
5.196304
-0.3510161
-1.121869
4.65104
3.794793
5.524945
-0.6654604
5.915847
5.522226
4.029841
1.180223
0.8974244
5.086198
5.060529
0.1136122
4.286259
4.563785
2.259039
4.296146
4.96625
5.129933
-0.5978794
5.850152
3.849906
5.013619
4.991241
-1.796173
-0.3059197
5.757438
6.037543
4.843268
2.470123
0.4565672
1.210549
4.63406
4.091507
-1.119281
-0.6886846
0.7268173
4.379712
-0.401399
6.029891
0.1062834
4.076264
6.370887
0.5185563
5.137213
0.158759
0.09215837
5.36874
4.429223
5.002319
0.1952851
4.899527
-0.901427
4.013065
4.516444
5.145907
3.508214
3.018251
0.8763813
0.1462063
0.2688954
0.4969353
4.631634
0.1262226
5.589285
1.154368
6.587794
5.416312
3.770524
0.4324217
1.382196
5.856818
-0.8572914
4.793958
3.990897
4.469712
7.853073
3.851698
0.9275899
-0.2747427
3.734319
0.413479
7.728692
4.977733
0.4838247
8.546679
3.156343
4.783594
-1.33832
-1.126511
3.8543
5.695956
3.723491
5.5161
0.688015
4.591192
5.114415
-0.03417432
4.578239
5.41089
-0.0607333
3.301905
0.3645496
8.731737
5.579535
4.39688
0.1487101
4.256265
0.1737651
-0.3453612
4.591418
4.486326
-0.9639975
5.731488
1.780283
6.75663
6.784049
4.600225
5.362773
3.796095
-0.8432886
-0.06955048
4.306752
0.4989191
6.289084
7.806623
5.777545
5.797473
5.236847
-1.249964
2.714814
6.106502
-0.7310284
0.6375313
5.410207
5.283901
1.238011
4.115023
4.136758
6.679657
-0.107025
0.6615848
4.87513
5.669787
2.644037
5.634437
1.766917
5.837034
4.257681
1.489702
1.170347
4.150334
-0.3224228
5.539565
5.9418
6.454725
6.875349
4.304803
5.002114
3.592683
0.2083052
6.307363
6.865406
6.031865
2.925968
5.08664
4.588101
-0.997488
0.1494147
-0.4812943
8.647299
-0.2159788
0.2434767
3.783436
6.938398
6.851708
5.44883
7.209959
-0.2744732
5.228679
5.610682
0.3843786
4.151876
-0.08755754
6.303657
0.3983777
-0.315216
0.6643952
0.932943
-0.6112779
-0.4589259
0.3874699
5.236744
5.366395
5.414839
0.198978
-0.7148208
5.97517
-0.5387587
4.349473
2.225677
6.058176
1.264707
2.0756
3.771595
4.346632
8.256311
0.4188799
-0.1511752
0.3550944
6.365238
4.646959
5.772344
5.151947
0.2078286
3.251315
4.540852
4.79073
0.8727018
0.1680169
6.218145
1.337971
3.878948
5.242713
-0.02148726
5.186705
5.984375
7.437127
-0.9760379
4.844456
0.8523879
4.915875
4.450518
-0.2967751
4.233756
11.63504
3.574639
6.82115
0.09277382
-0.3801514
0.0255645
0.4765733
4.152671
0.1057172
7.985781
-1.338751
-0.2265056
0.7287231
-1.590713
0.255277
1.20642
0.08363459
4.461985
0.02514388
4.845793
5.233478
5.959935
5.845299
6.6508
-0.006513541
-1.313618
0.5097036
0.8147253
-0.5076697
7.579288
-0.9668051
6.057617
0.3939082
7.35826
5.391577
4.442242
-0.4235201
-0.4411627
0.1730358
5.660676
1.239465
4.408461
4.63037
-1.228227
5.780646
5.432552
2.641502
5.285058
4.759054
0.3339232
-1.170334
6.061786
4.986397
5.404417
6.334159
-0.4572973
4.939514
5.151967
3.852359
5.702777
0.8488509
-1.033749
4.458546
-0.5200973
5.389849
0.9456608
7.346207
0.05119998
6.050927
0.8324133
-0.05713437
3.555801
1.295911
5.17321
10.11447
5.064632
-1.512273
4.565289
6.880093
-0.9922351
4.088856
-0.4299561
-0.4094263
8.543205
5.441585
6.858597
0.3439594
5.286409
-0.01285722
3.278999
5.072874
-0.5738006
5.46502
0.221106
4.782857
3.608635
4.184415
-0.004203589
5.523789
0.02983861
2.981701
7.525653
3.230159
5.317148
5.111238
-0.1467508
4.005587
2.769946
7.598574
6.619189
4.968005
5.46902
1.011154
0.8734697
5.981264
-0.7477697
7.347654
0.1146958
4.975203
-0.4977739
-0.3270934
3.333866
0.9797866
-0.2800231
3.666439
4.46633
-0.848563
5.182335
5.796975
3.027715
6.461339
5.773563
6.329127
6.344668
5.230917
0.6350544
-1.309354
3.852215
4.616661
0.9087958
5.28126
2.586595
0.2643854
4.737959
8.902797
4.249896
4.027091
4.299659
1.611996
0.7091635
4.501069
-1.041694
5.016928
3.915738
3.941339
2.424329
5.577682
4.935491
0.608717
5.222615
7.437379
-0.4615894
-2.550707
4.320239
4.912068
5.024567
3.708251
-0.9726622
0.815356
-0.444809
4.975747
4.997295
3.469685
4.201898
9.054592
7.151532
0.06994787
0.5882656
6.007338
4.074615
-1.400228
3.607157
0.4457412
5.126509
0.3348367
8.935183
-1.413957
0.6245406
0.03387938
0.2733913
-0.4703411
5.004353
5.21731
-0.1706025
3.429871
6.216577
3.457123
5.343514
-0.006077364
-1.580291
3.198011
6.580624
0.7033645
0.2513558
5.675445
4.684154
0.7427808
5.923397
3.438427
5.489818
4.84505
-0.5601019
5.064512
4.980015
1.766585
1.263727
6.154717
3.046872
5.444158
2.306273
-1.200362
-0.128167
1.721374
-0.653861
-0.339716
0.3456078
1.18435
-0.3874265
-0.5166231
5.661208
4.624666
4.484956
3.417103
4.863762
-1.149376
2.618882
5.380188
0.8853498
5.39389
0.4838735
-0.02281276
-0.3735938
6.744223
4.383248
-0.634619
3.870991
-0.7834144
0.6461005
0.2467529
3.856805
4.931919
4.073542
4.431666
3.488304
5.795128
0.5886154
4.613234
0.2524612
-2.615957
0.5085685
0.04734236
4.125668
-0.05685429
4.058152
4.65774
0.135847
-0.3882117
-1.369272
3.524998
5.72023
4.925657
5.742664
1.046242
4.816079
5.687007
5.514682
5.87551
3.189219
1.58686
3.160667
-0.353142
-0.4557166
0.1202941
7.730883
0.296579
5.160018
-1.159416
3.863767
3.42856
-0.9182638
0.2809663
2.303021
0.7565074
5.005165
-0.1692932
0.6865134
-0.3085702
4.281565
0.5010678
4.916388
3.851468
4.191513
-0.5055935
-0.5453043
3.46383
-0.4869693
3.902594
4.227793
4.645424
0.1054782
6.142338
5.000204
0.3901775
-0.108681
1.164603
4.998129
-0.9024973
-0.9472128
-0.212508
5.54107
1.159309
3.906714
0.1614895
5.911667
-0.7219878
4.636998
5.32683
5.949588
3.163399
1.314269
-0.3330325
5.151687
4.756654
-0.4652828
4.546709
5.229519
7.641929
4.049901
0.9696491
3.855968
-2.70461
-1.077014
5.805725
4.725751
4.340812
0.1515239
5.967624
4.932082
5.142337
0.7262079
6.224943
-0.8849934
6.358844
2.077879
0.2549943
4.053194
0.1634414
2.525106
5.276501
4.378479
3.139222
-0.5376598
-1.555389
-2.511119
5.256466
5.160692
-0.004399116
-0.2290447
4.460313
4.423742
-0.6747043
-1.887443
-0.8587396
5.487721
4.781875
6.315391
-0.914144
4.898974
0.2268451
5.732491
5.688757
5.613424
0.5091861
3.539944
4.059693
-0.4977132
-0.274556
-1.013039
6.036132
4.735308
0.3580751
0.3077417
1.54829
4.828154
6.819829
-0.9570175
0.4137225
7.170563
4.925366
3.52926
4.866816
-0.6233043
9.913079
4.9918
2.549609
5.337866
4.777871
0.2609311
4.084153
2.326197
0.5982362
4.511693
5.054918
0.5264178
0.006442317
5.829238
6.323152
0.4266613
0.07193014
5.043544
4.863746
5.693202
-1.034873
0.8048163
4.241301
4.361631
4.324958
4.123259
5.361858
5.790062
0.6136892
5.379733
4.958054
4.964089
-2.026095
2.528036
-1.538582
6.267446
6.43409
0.1138702
0.1040889
0.06232845
-3.550618
4.228529
5.695541
3.451392
5.495374
5.123757
5.13839
-1.04351
4.983134
4.328168
4.26513
4.925393
6.575606
0.428203
-0.215357
5.18309
4.442554
5.734597
4.027948
3.475991
4.836849
3.892644
6.223992
0.4671047
0.03608923
-1.310942
3.021222
0.6986495
0.4539185
4.516149
4.489977
4.896249
4.105688
6.913308
-0.009177839
3.153419
0.1870914
2.459929
0.7602289
5.889534
-0.4654653
3.750307
7.828697
5.761739
5.05122
4.052162
6.338794
-0.3718395
5.422343
9.417958
4.79587
4.251261
3.90919
4.535173
5.419029
1.876951
6.189339
-1.07229
3.709453
6.164431
5.792117
5.716782
8.724338
4.566626
5.961338
4.663781
6.742198
-0.719342
6.175146
4.602433
4.889931
-0.1353225
5.034166
3.438906
-0.8240077
-0.9039317
4.972405
5.459117
7.379438
-0.1122925
4.573573
4.969782
5.372343
2.901501
4.74603
5.530286
4.868825
5.927385
0.7996362
5.844714
4.873372
-0.129081
5.987028
6.72461
-1.745314
4.505566
0.4098151
6.121687
2.036843
0.1449144
4.103403
-1.201474
-0.04767969
6.533317
6.298274
-0.7732141
5.124452
-0.4769482
-0.4217999
4.909379
-0.5270432
-0.6858699
5.050739
5.830146
1.610389
4.791437
5.687293
-0.5776264
-1.156236
4.921933
6.393912
-1.526081
5.710933
5.828588
0.3643032
0.2220852
5.481193
-0.7957424
6.697504
3.544348
1.669836
5.692763
0.5926464
4.276178
-1.03904
5.736883
4.113232
0.1865813
5.412522
4.367179
3.672069
6.23152
4.483795
5.431741
0.4168924
4.736651
5.350031
0.4374682
-1.427908
7.096026
-1.82299
5.228514
4.461223
4.364478
0.0017604
5.7778
5.447278
6.287663
5.078847
5.078528
-0.4601133
1.339385
5.287969
4.177968
-0.7515587
3.596368
5.812325
4.613573
1.836889
0.522622
5.744867
6.80117
4.682977
4.141196
4.806046
-0.5371435
3.278341
1.02002
-0.7062699
0.05611399
0.6502517
2.375341
-0.9728457
4.971929
5.762986
2.289529
5.263807
5.756469
-1.874778
-0.7032692
4.056392
-0.7353706
-1.442324
-1.65133
5.496139
0.8586675
4.834526
-0.5444039
5.244717
4.185547
2.913062
1.162645
3.488809
-0.1844201
2.802602
1.215089
0.36391
5.960778
6.125953
4.663771
4.36771
-1.422835
-2.467862
0.3962195
2.529859
8.40215
-1.70753
-0.4703364
4.70379
6.953512
-0.138422
4.835275
-0.9063706
5.329574
4.365373
5.549629
7.033608
4.69049
0.691986
1.514583
-1.539766
6.092394
0.2576701
4.10993
-0.4517548
6.601591
-0.7734635
6.714624
3.754974
-0.3996645
4.926627
4.82983
5.486872
2.98164
3.226752
4.787885
-0.7254579
4.985387
4.550722
5.507078
-0.137605
3.914773
-0.3133589
4.579291
6.256855
2.857574
0.995632
0.196384
4.396276
-0.4689444
5.385206
-0.02580196
0.04352882
3.999239
5.046874
5.308898
-0.1269724
4.393796
5.634909
5.639941
1.013774
7.066219
6.233783
10.66696
-0.6433347
-1.62525
4.858211
3.794807
-0.6925888
-2.437303
0.4272032
3.925053
7.953293
5.401736
1.051302
0.7222286
-1.459569
0.9608021
4.684308
6.417338
2.090808
6.20495
5.228307
1.067743
0.5060463
5.708261
0.5265401
1.642574
-1.666426
6.78324
5.062483
-1.118781
6.680964
3.927625
0.8464512
5.849044
0.02152476
0.5692489
7.393941
5.99621
3.683678
5.176123
5.589356
4.481838
6.039026
-0.5947958
0.08601602
0.6356482
4.776161
0.9594876
-1.241569
5.543
5.018679
-0.5964371
1.169042
0.4427812
8.140422
6.189508
3.618926
1.129289
4.080728
1.241541
4.768944
0.2939248
4.32866
4.308039
0.6950435
-0.1648415
5.445704
7.175628
4.357891
0.08290075
4.905064
4.141996
-1.391198
0.8005021
5.226582
2.110636
1.095908
-1.064991
1.283916
4.662371
3.79152
7.647801
4.367198
4.485044
-0.1599337
5.604371
4.618871
6.106407
1.476374
5.149134
-0.3566646
5.84148
5.234172
8.767734
4.698016
4.377792
5.927777
5.556327
3.752788
-2.106518
3.628105
-0.965558
0.8281922
9.905899
3.813423
4.47188
4.370244
0.5551996
-0.5909033
0.1804358
2.12836
5.397447
0.008395617
-0.1348312
0.2538438
4.407889
3.389058
3.626432
-0.6651464
2.304898
4.36977
1.626104
5.189785
4.035077
-1.835175
3.856477
5.702986
-1.504129
-0.06464386
0.01652423
6.745285
-0.5401158
4.994056
4.549861
5.314461
0.3583882
1.393475
-0.9772671
1.492302
-1.260479
0.9078288
2.896958
0.5750254
5.31764
0.4275241
4.162532
4.32963
6.665656
6.422787
-1.071998
0.1316087
6.292781
5.410146
-0.1844546
5.134986
3.997364
5.210217
-0.9322273
5.116412
-0.9378154
3.557016
2.802858
5.265945
0.7731516
-0.8499589
-0.5759485
5.810752
0.4528322
3.794187
5.206617
-0.5541572
8.28595
1.463829
3.522408
-1.009768
-0.8993532
4.478694
1.625892
-0.4345637
-0.8775856
-1.842664
1.944859
4.796226
-0.6544687
-0.627288
0.4842083
5.365065
4.155179
1.560565
4.550707
4.074188
4.49523
1.010286
1.270926
4.069964
0.5222129
5.551686
1.424366
0.5547943
5.472146
0.9950544
4.090402
0.3396283
5.925437
5.14738
5.378348
6.146692
3.748637
-2.296566
4.615767
-0.2849089
-1.45175
3.718636
4.05314
0.6818407
0.2802116
4.706757
-0.5330842
0.7975517
3.2065
3.221181
0.9017722
-0.6015517
4.588115
3.557111
6.90417
0.02222106
-1.476744
-0.2530729
4.056928
3.337543
0.4380807
3.995484
5.291073
-1.015211
5.080005
3.333736
-0.01310369
0.7490551
6.923732
-1.689001
5.215248
3.925238
3.250721
-1.160821
5.461866
4.989517
5.1597
5.227223
3.192839
5.461462
5.646477
3.675311
5.006646
0.1670118
6.799947
4.90475
-1.190481
6.528295
4.61481
5.130545
0.2166428
0.4900872
0.7621807
4.573034
0.005517834
5.575449
0.5066622
-0.8783858
5.40037
4.236732
4.710278
5.398238
-0.0611229
1.339882
5.742922
0.5271196
6.273183
0.5864339
2.896236
4.984954
6.097767
-1.633721
0.8576948
6.328412
0.4939737
4.101002
4.167896
7.891076
5.822757
-0.4626335
-1.364918
0.1527173
0.02677709
4.141213
5.377064
5.880878
5.080543
4.655759
6.760637
6.549385
0.7756178
5.253957
1.71991
3.881542
-0.4121851
-0.9020206
8.828225
0.2664969
6.7992
0.3593761
0.7268783
0.5086301
4.706524
4.700137
-0.4182684
0.9515092
3.402269
4.814948
6.812973
0.9395765
7.461047
5.191865
-1.653676
-1.140813
4.899844
3.112468
5.800391
0.06096446
4.421213
3.449711
8.45241
5.82695
-1.8993
4.801895
4.413853
5.252804
-0.5446552
1.840375
4.836226
3.364847
5.152449
4.694586
5.584738
-1.142412
4.348824
4.346613
6.231798
5.431679
4.061137
5.24541
1.754506
4.043544
4.169861
2.379127
4.696453
2.949015
3.921956
-1.250194
-0.4742324
4.215317
-0.8795295
-1.09883
7.780532
3.400197
5.625669
0.01660487
-0.8165207
4.027508
-0.5152515
5.396948
2.506841
-0.4022829
5.081018
-1.355992
5.801053
4.328784
5.482783
5.258707
-1.160397
-1.380215
4.328769
-0.1754479
-0.2580378
3.433296
6.256693
6.60929
0.07997967
11.76043
5.271681
1.273819
-1.505525
0.8788575
-1.756195
-0.2116965
-0.8111654
-0.8197874
5.306033
4.436552
6.027025
5.501287
4.377642
4.987719
5.251586
-1.423727
4.888138
3.722832
4.934912
-0.6998863
-0.6896493
5.330891
5.503726
5.393861
5.617696
0.5631068
-1.694824
5.699839
4.137846
5.628084
0.9651584
5.562064
1.570539
-0.2438428
0.9023013
-0.7754759
-1.706928
4.483473
4.572331
-0.3249577
6.272087
0.5930353
-0.5120772
4.900557
0.5362879
6.637111
4.661157
4.208414
5.723531
1.58562
-0.2036691
-1.51975
4.349119
2.88891
-0.2075938
4.617946
0.07706984
-1.937759
4.097334
-0.06613419
-2.248884
3.945594
-1.060822
-0.3329774
5.896705
0.08871078
1.065421
4.816777
5.451791
1.220477
6.103995
6.61106
8.697293
5.543427
0.8550878
4.815335
3.496262
0.1055546
-0.553049
4.857063
0.0308997
1.906067
4.276803
-0.7420513
-0.9926623
6.325649
1.566319
5.79037
5.256549
0.7949243
4.913643
5.855341
0.1744477
2.365636
0.1731875
1.351328
0.7981426
4.864254
5.181027
5.006108
-0.1651942
5.050299
-1.27991
5.1713
1.224122
5.894671
0.1408836
3.667233
4.620474
11.46016
-1.352256
-0.05550528
4.202505
0.7168155
0.2449975
-0.510566
5.390431
4.917977
4.692578
3.887709
-0.8157399
-0.1366701
-0.2629923
5.742687
0.27246
3.450807
6.410527
5.58405
0.605617
-0.5947006
4.627477
-0.07225211
5.619064
-0.5247953
5.924444
6.192085
-0.1219347
-0.3727583
4.788728
-0.2832459
5.151258
-0.4013144
5.627964
3.366525
4.767159
5.046177
5.620553
7.155558
1.344709
5.01696
5.245423
-0.2324135
3.439484
5.615634
1.614004
3.748205
5.305492
-0.9206097
5.557667
5.346646
-1.043677
-0.2263452
5.038297
6.442001
1.251722
5.616301
-2.534125
-2.274056
-0.2655835
4.944972
1.97612
-1.137964
5.042512
11.94831
7.329565
-0.8859925
4.854845
-1.747396
5.301158
3.874796
5.220565
-0.5480313
3.778241
0.6442619
6.229848
-1.679571
1.894391
2.908064
5.710713
-0.3369233
5.853294
6.803143
6.725232
4.433904
0.06922512
9.362727
5.279418
-0.4340125
-0.2620363
5.227192
-1.001658
5.229364
-1.09245
0.3294805
4.942456
5.642488
5.146347
5.218212
5.39683
4.253444
-1.285132
-0.4711319
5.186208
4.404808
-0.192822
-0.9737506
0.8212501
4.423482
6.501135
6.563009
6.322616
3.109201
6.279205
4.650939
6.187541
-1.082842
7.154478
6.887561
5.424358
5.692152
6.553662
5.864149
0.4530158
-0.6446103
5.476087
0.3418374
6.304297
-0.179763
0.6224052
6.225091
4.81053
0.09571058
6.026793
4.994123
4.116843
4.690717
5.521745
5.263778
6.423507
4.040741
5.09135
3.223691
5.662539
1.530949
3.770219
0.05931574
-1.159907
5.176775
-0.4743896
1.198191
5.47344
0.05450749
5.697547
5.625392
5.698662
4.814472
-1.394669
-1.067542
6.747937
5.841003
-0.2210782
4.835399
5.442966
0.5305673
5.240668
4.80178
-0.4704084
2.306895
6.16214
-0.2298948
4.900154
4.655602
6.955512
0.567076
6.427534
4.860528
1.855932
3.749748
5.851549
8.802199
5.750481
4.491989
5.5792
3.700497
4.953811
-0.4297265
5.778827
4.221421
2.543031
0.6758816
4.629061
6.918328
-0.3041391
5.938053
-0.1285725
4.043748
3.994666
4.338749
-0.1083045
5.289636
0.7021796
4.510396
5.025357
0.1155352
0.7754136
4.350978
3.964591
5.856897
4.849846
0.745769
7.100758
0.1972357
4.128049
6.097442
-0.4353251
0.1503559
2.109088
-0.008102886
4.88098
4.978876
1.999919
3.966475
3.461295
1.577359
-0.7360522
3.665756
-1.495246
0.742479
0.4360433
5.512395
5.178234
5.806304
4.992014
3.676152
5.355777
4.850934
1.191923
3.420334
3.801328
2.993872
5.264729
-1.333252
5.08275
1.81479
1.961397
-0.1762196
1.052208
4.409817
4.21547
6.258607
5.341673
0.1990674
-0.4857036
3.919771
6.640946
8.202823
4.583818
7.687269
3.090569
3.283354
5.388667
4.593196
0.5278486
5.176701
0.9360179
6.580101
-0.6438647
0.9189481
4.492602
-0.1651679
5.194114
0.446099
1.469546
-0.07616403
0.9990686
0.9160212
4.602077
0.2323044
0.7659831
4.334037
6.709399
0.6187054
-2.684089
5.785336
0.2018605
1.283669
-0.9069453
-0.7009807
-2.647435
5.148015
0.2913714
-0.5331637
-0.05086364
4.421412
1.797946
-0.5507973
-0.765639
4.473585
5.892533
6.16995
5.58778
4.682403
-0.680987
6.65205
5.707934
4.484369
3.955563
7.203847
-0.1444516
5.237486
4.502543
1.81426
4.22569
-0.5587149
1.280142
3.685838
5.817886
0.2846263
5.154541
-0.2063471
-1.324799
5.265634
5.613188
5.08066
3.854398
0.1534919
5.296513
0.7918663
0.1455137
0.5902213
-2.720974
0.771047
4.948582
4.48764
0.2165455
6.847903
4.534006
0.6479947
4.996686
-0.637721
6.220094
6.438151
6.189009
5.266225
3.514541
5.43044
3.575061
0.2159911
4.392297
4.299008
5.894575
-0.4257585
-0.1392488
3.315921
5.08475
5.641313
-0.165246
6.698214
4.833608
5.666875
0.6152774
6.274675
5.303343
-2.77643
4.762755
0.9932996
1.159219
1.626646
4.603787
7.230397
-0.3846955
3.106184
-0.06949025
6.213851
3.69056
9.33343
4.66904
4.253871
4.466074
3.887343
5.201311
1.250326
5.17507
4.555893
-0.1981621
4.226096
0.7005005
8.998703
6.975372
4.930649
6.180564
3.985504
0.2223969
4.72707
1.55804
5.158994
-1.154437
0.5953859
4.785429
-1.072444
0.6415825
4.686546
3.496982
0.7545063
3.380298
5.459917
0.3574733
-0.8149384
4.892217
6.501321
4.871463
0.9408314
0.021397
3.09564
3.643456
6.698008
5.126587
4.481503
-1.227382
9.896919
5.178575
6.296927
4.441543
0.6133858
-0.502548
-0.7189921
5.854944
6.647314
6.618578
0.4757
5.396053
5.376904
4.262686
-1.16046
5.68195
5.052218
0.1171102
-1.411008
1.20414
-0.7991062
-0.6984409
3.320353
1.914104
4.691837
6.290804
5.064073
3.242983
4.624185
5.878245
5.721326
4.214762
4.498193
5.324449
5.333447
5.919713
4.815686
1.425475
4.558816
-0.7161928
-0.0178607
6.119833
5.179781
-0.3119933
5.008316
-0.1243303
4.745035
5.786857
0.7426192
4.124614
5.768483
-0.8107582
3.392289
5.091412
6.559252
2.606194
0.447944
5.847522
6.107304
-0.4582434
6.838213
4.819231
5.177207
0.4044295
3.234305
0.1714736
5.47054
5.368528
2.206232
-1.78861
5.659914
6.164038
4.515537
5.289692
6.287083
5.569207
7.900604
0.2117958
6.706024
4.728505
5.497121
5.286473
5.24973
6.256122
-0.8699273
-0.04772763
6.319421
4.518542
4.479101
3.695954
4.991598
4.124764
5.830021
6.366344
-0.295005
0.09333572
4.762244
6.631854
0.8954873
4.147864
5.511923
1.194272
0.131607
1.433447
3.385547
-0.439896
4.516467
3.924426
-0.4775818
-1.477651
1.564558
4.357922
0.2727744
5.514679
-0.05185893
-0.6567377
0.6748623
11.63096
3.46866
2.13311
-1.063498
4.715709
-0.327397
4.311127
-1.113536
-2.101811
4.893144
8.218913
0.9040767
-0.4799933
7.063775
1.543822
5.445673
0.7962624
-0.1661281
9.301594
6.043744
4.526786
5.69328
5.157126
-0.4325675
6.47039
5.115651
1.159987
-0.7545758
1.275398
3.404728
4.474828
5.399701
0.5472166
-1.031653
-0.9082901
3.978474
-0.6662745
-1.475882
-0.659174
-1.422167
-2.183923
4.821064
5.502783
3.724913
4.661607
4.914529
5.196216
6.015155
-0.4852193
0.409902
5.112102
1.139637
-0.2499015
5.051969
5.114872
4.207121
4.537569
-1.538401
4.509758
-0.4035618
5.010181
0.6592005
6.021093
4.548098
-0.7113297
5.872375
6.485848
2.144726
6.135005
0.1569493
-0.1814852
5.983728
12.31692
5.074411
-0.7281282
-0.7151375
10.03115
1.028521
6.328669
5.545032
5.44324
1.257474
5.385281
4.236712
-0.5876143
7.046899
3.410224
6.62357
-0.1831886
5.665688
-1.05094
-1.052693
5.644478
7.777042
3.951673
5.82476
6.156438
4.786126
5.753682
-1.57336
5.523152
8.405104
5.455415
4.292759
4.887464
0.6238174
-0.370185
4.610585
8.73642
-1.252094
6.609561
0.4204634
6.965349
4.762902
5.432457
5.027087
-1.075336
5.79643
1.557756
5.941907
-0.9363805
4.871186
5.432649
-0.4073893
0.1207328
4.843134
4.305173
5.790932
6.576916
1.457371
3.674876
-1.71997
-2.262695
-1.711018
0.9442073
5.085539
5.440801
0.3055978
-2.152687
5.463616
4.890225
-0.549645
6.183743
0.5385108
-1.516389
-0.4151056
0.1005755
6.126211
0.2320777
7.333907
-0.2859395
1.409774
0.07195233
6.906506
-0.7867785
3.672759
6.749491
5.490185
3.84795
1.831647
4.553462
-0.05866705
-0.8068517
-1.629407
3.654226
11.74464
7.10484
-0.7312873
5.575379
5.920756
5.489834
3.359403
1.171042
0.004638588
6.128776
5.573004
4.605064
-1.020295
4.122052
4.552115
9.168786
9.796417
5.125545
-0.1316981
5.054203
8.678275
0.9755933
0.06071842
8.585208
-1.550936
0.05307745
4.630777
-0.6299512
-0.2384369
4.898739
6.701063
5.022208
3.96344
4.598704
4.794512
3.915007
0.9532997
0.1852766
0.01533238
5.539971
5.99105
4.56505
1.140412
3.706822
-0.02568934
-0.6724265
5.822724
-0.3594071
-0.15963
0.8377002
4.808021
-0.2028196
-0.0521902
6.494326
5.165626
1.029186
-2.159185
6.065463
0.469515
4.748296
0.02056447
1.408828
5.362099
4.472973
-0.5010975
0.3915355
0.1316888
5.244206
5.152823
5.858941
1.021049
5.860295
4.770893
6.391292
4.737555
-0.4732623
-2.58479
-0.1825361
0.4497413
-0.1423596
4.151293
5.733911
4.811294
4.89872
-1.016109
0.1253068
0.4977803
5.040179
3.996477
4.346906
5.981178
6.240997
6.112755
-0.6252335
-0.1350227
-0.8747467
5.358295
2.987203
-2.025385
5.734347
-0.4443093
4.266487
1.069352
6.192684
-0.08732803
5.345543
6.017045
4.689108
-1.653781
0.3288396
4.089659
5.512927
1.103713
5.237153
-1.558659
-0.5029087
-1.497762
3.746855
2.486381
-0.950891
4.20462
0.898705
5.274223
-0.4288631
-0.5394796
-0.0847756
0.04486736
-1.986749
4.841882
5.766259
0.1078347
4.674405
-1.021046
6.163412
0.1561711
5.465014
3.703931
0.3288122
4.15801
-0.9726839
6.525851
1.822173
1.111785
4.639482
6.072804
-0.9747898
3.890365
-0.1295793
-1.707545
3.877683
-2.494314
0.9687435
5.464218
-0.3076724
6.49639
3.85808
-0.62023
6.284137
-0.1501597
0.9370934
-1.483043
4.11374
4.62357
-0.8901205
3.353
5.527153
7.871594
0.2166305
4.227997
3.9341
4.214151
6.052866
0.8884577
-1.854848
4.574188
-0.05663052
3.547546
4.779605
-0.6911567
-0.4441181
4.945981
4.3494
-1.24248
5.434556
-0.3164475
5.267676
-1.086877
5.774335
6.481529
4.660089
-4.883834
-0.2313673
-0.5606534
3.630855
4.479753
4.35521
2.221828
4.033581
4.414874
5.528704
-2.070661
0.5195938
4.077378
4.324255
6.820075
5.560716
