4.90059
4.127259
-0.7428844
6.875728
0.7324494
5.019982
-1.610422
3.876758
4.671153
3.799974
-4.509453
-1.059503
5.78706
5.324149
5.836328
0.2739405
0.5758565
0.3059805
4.200522
1.004923
-0.3392663
1.755873
4.614952
4.281099
1.590718
5.573484
8.059526
5.133303
5.49421
1.3748
0.372812
4.447114
5.470832
4.421363
-1.222966
5.424242
5.586211
-0.0299087
5.605664
5.281405
0.3432797
3.906438
0.1857291
5.985669
3.758243
6.868663
4.478422
-1.811027
4.399417
-1.690641
4.372981
-0.8776395
4.829264
2.936158
-0.183478
4.800254
-0.9688665
3.351908
-0.3857189
0.1761097
-1.561636
3.860268
-0.6388415
4.109035
5.388005
5.85227
5.751292
4.502521
3.900486
4.674657
0.4940125
0.1937771
-0.002319384
5.198366
5.854689
-0.08126165
6.03329
-0.6665786
1.012787
-0.0480612
0.3830423
3.714694
4.970661
-1.890467
-1.87992
4.531576
4.319148
5.795636
1.074373
4.973258
8.481639
2.546954
7.184915
5.487846
4.314023
-1.75542
4.912561
-0.3829169
5.885232
7.142812
4.810115
-1.89312
-0.1511324
4.542214
5.922363
5.763839
4.069434
5.690492
2.000475
5.177553
-1.419893
0.1803581
-0.7988946
5.780355
1.138431
-1.385118
-1.110794
-0.0967064
-0.8235776
3.831865
6.395141
4.461938
0.97134
0.4810718
4.672819
5.446822
7.822516
0.5468359
7.595956
0.8893024
7.08431
5.725469
4.477259
0.2605582
5.976409
5.126529
-1.023674
0.6286125
5.98041
3.846368
5.182393
6.590965
4.522719
-0.7831049
5.396908
0.4095337
5.198298
0.2519235
5.780012
-1.098482
-1.189351
4.757008
4.417642
4.832114
5.71466
4.585696
5.241666
6.649021
1.218128
1.002264
5.743735
6.03138
0.5629415
5.730484
-0.9468839
5.962262
-1.208544
4.915685
5.720208
-1.426634
-0.6280047
5.911576
-1.853496
4.141852
5.515092
1.629314
0.04029848
1.163356
3.896067
3.57618
4.588973
3.731612
-0.3408046
5.36125
-0.7662908
1.839974
-0.226984
0.2045944
5.139843
3.65904
5.679729
4.52006
4.523823
-0.2889318
-1.997558
0.4356992
1.558353
1.320471
5.581922
5.918598
0.5666394
3.465551
0.8901604
1.485123
0.427989
4.765138
-0.1728401
0.7301293
5.468558
5.909981
5.924232
1.122052
5.359643
-2.51868
-1.306736
-0.6146733
10.56443
-0.6034764
5.515827
5.73098
5.554047
0.5458625
1.051158
1.635674
0.4355522
-0.3524071
4.895814
-1.383633
0.5217983
4.403888
5.322272
0.6553611
0.8831751
5.96989
4.465058
4.830702
-0.3663018
5.070627
0.147502
6.447164
-0.6561099
8.220471
3.724143
6.26434
2.021612
5.201009
5.562187
0.9198345
4.419579
3.635826
-0.09789434
0.5070233
4.347397
6.938464
6.08701
4.979271
5.071628
-0.07386912
-0.6003965
4.328939
3.536
6.929042
5.667719
5.969422
-1.075333
5.261908
0.7153474
-1.228499
5.735233
3.696393
8.019214
0.565243
3.950865
3.96248
5.743347
5.201422
6.304043
5.671375
-0.8043024
4.71498
0.2077149
3.719698
6.617942
-0.5310852
4.496201
-0.9905739
2.770706
5.742933
5.707932
-1.659801
4.883369
0.2857996
0.1153909
6.111862
-1.205906
5.669806
6.912032
3.761515
-0.4236416
3.764662
2.991178
0.2258117
4.455347
5.304611
4.837703
-0.3653997
-0.03760563
4.506325
6.170755
5.520922
3.917975
0.3786572
-0.6230973
-0.4978482
5.709623
5.214453
6.664513
5.438072
-0.3598959
5.586928
3.603456
-0.5641735
7.474881
3.814312
0.09639441
0.5393394
5.45998
8.181511
5.343391
0.6810307
5.413307
4.791196
5.336541
-0.6238283
5.409944
2.798091
4.428649
1.722983
4.943434
6.706844
5.197338
4.085661
-1.12946
6.377447
0.5269912
4.559155
-0.95311
0.4217071
8.949995
3.290216
6.639298
5.567872
-0.03581593
3.465641
-0.4615956
5.126634
3.83099
-0.213618
3.253138
6.180497
6.414518
1.292874
3.682922
1.959535
1.654876
-0.5857136
1.491763
2.520243
4.570834
0.9631642
-0.3695674
4.700876
5.69162
1.302334
5.85102
14.85855
5.700469
4.971632
3.755804
1.294758
-1.354545
5.070493
4.380448
5.303414
5.642316
1.662704
3.661676
-1.481337
3.896757
-1.166727
0.8177056
4.290927
0.4885233
-0.9364954
5.646299
4.426154
2.150706
4.081877
-1.126175
3.807703
6.255359
6.050278
1.774005
0.9280206
3.594254
1.140168
3.45977
6.757281
4.954064
4.362768
5.482102
4.564995
-1.169344
3.322035
6.553024
4.821487
-0.8151589
1.349114
5.169899
6.135398
-0.1571232
5.184036
4.928028
0.4986635
3.010003
3.7599
0.7423594
1.395969
0.9961784
5.059425
0.9011917
4.558689
3.627989
5.135534
4.133424
5.38977
0.03378821
1.409434
5.515568
0.6988172
4.332435
5.733112
0.5168534
4.366354
-0.09097255
5.805128
-2.052458
6.295712
0.8283214
6.058244
5.295278
-0.006430284
4.409634
6.135125
4.599401
5.66254
0.3115266
-0.9423507
6.329501
5.872337
0.3552617
-0.7676667
4.422115
5.124782
-0.4065569
5.801189
5.660025
1.224931
0.3118661
5.800058
-1.118442
1.428438
0.3889368
4.870711
5.579118
1.496879
6.114064
-1.045322
0.2385772
1.60273
3.968859
5.895813
-0.0714192
2.891166
0.4088595
-0.3765505
1.664969
5.099972
-1.089526
5.648427
5.727007
5.027979
4.150324
5.574396
1.363282
-0.8943154
4.996372
1.881472
-1.365167
5.081291
