4.796387
-1.353274
4.137781
6.139083
5.516821
6.256345
6.506054
6.88039
1.894957
5.621386
6.023723
-1.774627
6.118472
3.382759
5.953418
-0.2641753
5.728941
0.08514336
4.158504
3.813912
1.145463
-1.497691
5.089474
-2.10955
4.360924
3.53302
4.542378
3.983693
5.02234
5.968394
3.841274
4.008627
5.820302
3.662727
0.9306065
-1.360068
8.369938
0.8774803
-0.8868391
3.363791
5.573954
3.676052
5.113869
-1.004307
6.937563
1.868466
-0.7111399
8.29443
1.266036
0.968614
4.063454
-0.05803861
4.555121
2.548024
0.5026218
4.724377
-0.4198891
4.117528
4.566769
2.777965
4.446694
0.6409778
4.309396
5.422177
-0.399435
5.192213
5.733326
3.399136
5.713004
7.463873
5.010257
-1.110932
-0.3214228
4.862762
6.664257
4.682406
3.37884
3.825345
6.68635
-0.3597672
4.220853
5.595067
6.986875
5.808639
0.1865114
6.810452
5.603524
3.349763
3.874221
7.172688
2.163865
5.962854
5.267662
1.468226
-0.8605448
-1.272355
6.7094
-0.7430053
2.915356
5.979582
5.163144
-1.686481
0.9994089
-0.2376894
0.8000709
5.229769
0.03539013
1.04831
4.648581
4.836877
-1.077046
4.507531
0.4108795
4.967225
-0.9173298
3.485357
4.492687
5.18365
4.410704
5.205135
5.962875
4.403794
-0.193878
1.155019
4.461815
-0.3096116
-0.5976469
4.101736
0.5035978
5.230211
-0.4407023
4.203499
-0.242768
4.284186
5.214322
-0.4883762
0.2401746
-1.616951
6.423897
5.128683
2.97819
6.033459
4.376542
3.402953
5.974774
-0.5895979
0.2773528
0.1013139
5.242813
1.717849
7.323535
3.301478
0.4491303
2.33684
0.4236217
1.516484
3.506555
-0.2078545
4.399728
4.646548
-0.1176069
4.384157
5.919469
-0.9494041
3.86279
4.64337
5.394878
-0.8477887
5.592487
5.35429
4.38248
-0.006587094
5.410379
1.307932
5.265861
-1.187115
5.963902
4.908708
-1.649052
3.581467
2.784594
4.750094
2.432372
7.684498
10.23133
5.17807
5.876074
-0.8984415
4.502803
4.173668
-0.8598252
4.413233
5.485691
3.482343
5.393455
5.108805
-0.1298137
-1.126267
-2.081567
-0.1701208
5.58617
6.19759
1.097219
3.573258
3.965899
4.452833
0.6526001
3.845038
5.332056
4.577488
3.234219
-0.7488128
-0.1576683
-0.418972
-0.8730387
-1.32312
5.787271
5.744572
-0.8449948
5.074488
6.018903
5.578892
2.955998
0.275444
4.52435
2.633118
-1.501888
3.517391
-0.9471901
4.15692
4.404469
-0.7827002
5.428351
5.767157
5.328262
-0.7408816
0.3075949
3.480371
6.752635
13.99456
5.347873
6.227992
0.3898654
4.471823
1.116204
0.7952407
1.759379
7.509723
6.034714
6.984737
5.465078
1.124503
-0.4033395
4.156488
1.632089
-0.3538016
3.933123
4.461761
0.4995615
2.2625
3.102913
6.003292
6.056768
5.077403
4.172107
5.645794
3.328849
-0.8020091
3.296501
0.3093726
4.933031
4.971702
-0.3696105
3.347905
-0.4948949
4.662159
4.155634
0.4133083
-0.876075
5.330918
3.18522
4.202412
3.51837
5.323479
-0.04180195
-1.354067
5.100594
-0.3447091
1.559441
6.8329
5.342917
4.193449
0.6798824
5.307968
4.409775
6.176614
0.9633747
-0.361975
5.477509
3.691341
-2.296399
4.12739
1.115066
-0.4148404
4.627057
8.93193
6.17911
3.193588
5.878141
4.045526
2.238087
3.678906
7.099169
4.944193
4.346937
2.133088
0.1221548
4.14709
0.6129301
4.984951
5.430016
5.640363
6.35142
5.138538
6.191269
-0.01922396
3.136689
1.33036
4.688421
0.8968045
4.314986
5.075939
4.926554
-0.3154284
0.03279809
3.153156
5.504337
-2.326015
5.009805
4.880113
0.1565718
5.899269
4.543698
6.204611
7.622589
-1.111679
-0.3603733
7.387147
5.268563
3.979921
-0.4906646
6.474722
-0.1129334
0.2697192
-0.6343489
6.332412
-1.061409
5.046928
0.1445918
-0.6212315
3.174156
6.338938
4.646331
-0.2396033
-1.102119
1.711401
0.8789602
0.07519592
6.704574
-0.6653498
5.19566
6.203688
5.971335
4.322763
4.125466
0.1672143
3.56193
-1.751835
4.855309
8.67479
5.781241
4.544245
6.637074
4.141486
4.7121
4.328284
7.401213
5.128324
-0.7931381
5.70884
5.255349
-0.06766258
1.671857
0.9498613
1.006433
5.759521
5.150754
6.157928
5.844206
6.515013
5.98683
0.1232584
1.625908
4.805943
5.398431
4.512118
3.132544
4.288471
1.756298
0.3037916
-0.1618706
5.553535
4.705802
5.14481
5.479756
4.879487
4.594694
5.073114
4.732019
0.1469689
-0.6178753
-0.547826
5.492982
13.99179
5.156006
5.026778
4.507819
4.837979
8.18795
-0.1344856
-1.303096
5.582017
1.668839
-0.450688
0.1507852
0.2228261
4.385503
5.08659
0.8693527
5.17155
2.179849
2.87205
4.75889
3.180362
4.181701
-0.02808346
5.626338
0.4891208
-0.7406987
3.925307
2.79449
-0.6405575
-1.172743
6.129982
0.3622432
5.442839
-0.7436099
1.488979
6.408953
4.642111
-0.4214422
-0.103467
-0.6020022
7.751853
2.118594
5.857466
-2.977165
6.318178
3.217448
0.04026788
-0.6371156
5.932775
6.108
3.894554
-0.8579842
-0.748762
7.357645
5.566178
5.651013
5.349721
-0.71571
0.9814226
1.130908
6.422472
5.52183
-0.1099247
0.3687901
5.752701
6.073656
4.188886
4.086469
3.52075
5.064213
1.130099
3.666849
5.665483
3.616253
1.327997
3.367976
-0.7345334
