3.88311
5.596713
1.183899
0.1440151
5.382864
4.694923
6.035632
4.864072
1.155293
0.4456912
1.266161
0.5461384
6.272768
-0.5333483
6.268338
3.923055
4.370016
3.618236
0.1335149
3.996684
6.99267
0.7169368
5.460153
-1.808031
4.136218
-1.347376
4.739733
-0.5831111
5.044836
4.903881
5.361159
3.739729
5.358311
5.137791
3.551065
0.4911505
-0.4114984
4.847787
5.079048
3.550921
6.382333
-0.3649462
7.107011
5.924958
0.1958371
1.662496
6.070158
0.6294473
2.641417
5.366111
3.626735
3.939914
4.60271
5.551547
-0.7090392
0.3165242
4.297601
-1.411108
-0.1439251
-0.04999157
6.702195
3.113541
0.2857274
0.8720541
-0.2786206
4.644414
1.315197
5.039562
-0.3708559
4.52415
5.746554
-1.572184
-0.5056545
5.962944
-1.376671
6.488223
-1.063516
4.270787
5.710607
4.915973
1.328807
-1.543066
0.2062101
5.276307
4.334584
-0.9069976
2.053681
4.78977
-2.163434
-1.175086
0.2753595
3.340501
-0.452733
6.59386
3.850822
5.869059
2.401731
5.554553
0.8754848
-0.009192486
6.102991
3.857075
0.3892377
-0.4872863
5.949825
4.258322
4.648917
5.192972
6.518036
5.532877
5.559174
10.26432
4.6841
0.09632994
-1.399763
-0.5739409
5.056284
6.345419
-0.6621488
5.816466
-0.525283
4.827675
3.241403
5.174291
2.429262
5.426419
4.780636
6.669304
1.370904
0.6183649
1.657194
0.9134884
-2.917218
4.188057
-0.3311864
1.401335
5.841183
1.341989
6.102018
4.862796
4.403793
4.456018
5.202005
4.990114
5.144697
4.63124
6.52216
7.421971
0.6618407
3.956292
1.343039
-0.3619223
2.575656
5.401371
3.139783
0.7170553
4.625886
-0.8472337
-0.4653863
5.526402
1.130909
1.397522
0.1098276
3.223035
1.284738
4.248717
0.2175452
-0.1392026
4.964734
0.363663
-0.3074213
5.592075
-0.7184905
-0.1154109
6.415908
1.927716
1.838717
4.069032
0.5604349
4.772768
4.69549
0.3401576
6.230819
4.760763
2.663282
4.810898
10.97679
-1.20967
6.3498
0.1020559
6.120065
5.755005
-1.268264
-1.592517
0.7605568
4.435085
-2.145869
6.472599
3.487868
-0.4339438
1.800417
0.4835084
3.978836
4.680851
5.184656
-0.09781784
4.508187
0.5845238
5.85651
5.441783
6.104668
1.649322
3.926583
-0.521067
5.714228
5.715531
6.519826
4.908221
4.806443
3.494295
1.140398
5.563266
-0.6922548
6.511576
3.404366
-0.5452335
1.097507
0.1678075
7.691207
5.087435
1.187012
1.016024
4.130622
4.391647
5.042037
6.218822
0.8447121
3.896585
4.233139
0.5122914
2.07369
1.277469
4.534381
-1.230743
5.70677
0.9470696
0.7095679
1.070408
-0.02839987
1.385016
4.022192
-0.7285004
5.494415
5.264588
6.949522
0.5466523
4.259815
5.611117
4.400649
0.5279278
5.788489
-0.1166213
4.485836
5.246991
3.296111
5.340052
2.76893
5.582288
5.269671
-0.09642577
7.333638
5.357117
6.192942
9.978011
4.838377
5.70523
3.818284
-1.457144
-2.826182
-0.7307416
5.841866
0.3331966
-0.9094305
-0.5278918
3.715272
6.447549
-0.4718542
1.861398
4.450003
0.04068289
-1.514668
2.557632
2.302814
-1.726314
0.4466662
5.182901
5.875207
6.079986
-0.8968164
1.650976
-1.172664
5.300198
6.710529
5.68548
4.603451
5.074005
1.317997
0.9398285
5.339052
0.03257639
5.404092
4.747428
6.696047
4.584898
6.0364
6.391095
-0.9338069
4.638747
5.225152
3.879539
5.259409
3.270065
5.204729
4.0404
-0.5208094
5.206931
6.014357
1.042562
4.98995
-0.2597193
3.704638
6.078104
5.21437
4.793326
4.505715
7.474849
0.334497
-0.6426953
-0.4772114
4.176611
1.830767
4.954173
4.653621
-0.6139396
6.941929
1.015593
0.7919238
0.3997733
1.225154
-1.687969
0.7068629
-1.389677
-0.05694921
2.509897
1.555483
2.927283
1.117804
6.413248
-0.8773496
-2.179076
3.747981
-0.933652
4.270962
4.961764
0.7842061
-0.1062304
-0.8694665
0.2200466
6.442291
6.091495
6.414913
4.3609
3.832616
5.183152
5.59412
0.009041237
5.766731
0.5821522
4.413186
5.589954
-0.9073944
2.370251
0.4102784
7.804633
-0.2933649
6.392153
3.976076
4.293868
6.31994
4.060399
0.7097532
1.059831
-0.9736964
5.836844
1.349554
6.141581
0.2050829
2.991435
3.80006
5.548091
-0.416302
5.250995
4.517891
-1.372614
5.9432
4.914647
3.788074
4.22814
0.8972343
5.386949
-0.5268541
-0.5248537
5.699432
7.304948
5.408698
4.472273
4.783703
-1.193104
-1.420287
5.818878
1.834955
4.00394
5.33339
0.8513783
5.776627
4.430178
5.44248
4.537797
4.389315
3.97446
-0.3607779
4.323392
0.4566128
4.181545
5.034012
-0.01566331
-0.8309398
-0.8593222
4.184107
6.065739
0.541573
5.556136
4.19602
5.997804
2.521891
6.353403
4.809342
2.949721
5.692506
0.5728193
5.503627
0.1597327
6.908522
3.297513
1.628274
5.204322
2.240231
6.130267
-0.8407987
1.167195
5.089465
0.5297544
4.934504
6.505458
5.147975
-0.3556496
0.1131583
3.575093
4.492776
6.576342
3.760994
-0.3792814
-0.1806893
6.219265
4.890611
6.677947
-1.142025
3.597019
5.693593
4.791484
10.04274
6.660075
2.283856
-1.160027
-0.398186
4.490864
2.041658
4.246001
4.656859
4.25028
6.305391
0.3999611
3.998284
0.7086417
0.04816213
4.703695
0.2805951
1.363597
-0.377131
1.436371
