-0.2917571
-0.9158105
4.21867
3.282691
-0.1882805
3.001084
2.034288
5.250351
4.720415
5.618356
5.68859
1.647308
4.278441
4.661198
0.1040584
0.9205298
5.826579
6.124023
0.2544562
0.3540122
-0.6518359
-0.2770422
-0.2790275
6.149194
-2.4079
1.370695
5.57414
-1.564569
-0.1506837
5.682729
-0.884563
-0.3297611
-1.005043
6.070153
5.012481
3.937166
4.531048
5.094463
3.19966
5.832728
1.577592
9.973276
-0.6121239
-0.8546393
5.8803
0.2500644
-0.54704
10.05184
4.551823
5.498749
0.05813518
4.422499
0.9062588
4.93066
1.90485
3.665777
6.157182
5.744444
4.469816
5.314166
5.568734
4.896896
-1.058598
0.1038664
1.394894
-0.6686933
4.029811
6.994766
1.255219
0.3096694
0.6483651
4.975453
1.04962
0.8155349
4.358654
2.759581
-0.4542944
5.785109
-0.4578502
-0.009109387
4.276297
4.40097
5.318081
8.009402
3.470279
3.930016
0.7606149
0.3677093
0.2461615
-0.1625581
-1.154829
-1.188679
1.901434
3.983785
3.572472
6.515845
3.458681
0.5061899
-0.6200253
3.395909
5.272733
5.128578
2.071088
-0.4432518
6.643043
-0.09632176
0.07065154
5.983093
6.377117
1.114506
-0.3869459
0.7710031
-1.454681
4.390804
1.296734
3.398241
-0.6787654
0.5300757
7.053528
7.690941
2.145873
-0.6643169
5.162237
4.19681
0.1211069
-0.8868891
0.5373318
2.518876
3.93225
0.7591921
4.646007
4.495916
1.632644
5.110406
5.065835
0.3784553
-0.6653865
4.983127
2.847653
-0.05445297
3.875705
4.502402
5.098025
5.584359
1.192084
1.578533
5.479378
3.27549
6.409733
-0.739748
2.284934
2.545495
4.525355
5.398645
5.729798
-0.239188
-1.046543
5.813664
0.7897043
-1.650308
5.69207
10.29442
0.5644365
3.218397
6.056671
0.3241578
5.512055
4.121254
6.097672
0.4652678
0.7796223
5.397978
6.790051
0.5387212
0.06438257
-0.3228735
0.3981614
5.322086
0.6011217
-0.2085206
4.294996
-0.1583149
3.060169
4.545532
5.312491
0.8069418
-1.341125
0.09217645
9.73526
-1.193562
-2.060707
6.133323
-0.5706897
-0.04978516
-0.7230261
-0.03316453
12.06845
4.712529
5.359107
-0.2599531
3.964634
4.470461
4.615388
-0.1582976
-0.5933064
1.679528
6.428655
4.979476
0.08417271
-0.06276885
5.1149
3.443192
4.261353
4.977358
4.465634
0.6493672
5.537255
-1.832638
1.327565
4.750942
4.500764
2.716114
-0.6235043
0.7927114
2.840251
3.927148
-1.337112
6.106553
5.554049
-1.857427
3.149196
-0.8993175
6.280743
0.0292104
0.9754494
-0.8477044
3.966009
3.774358
5.54575
-0.2478059
4.84829
5.177547
-0.7169151
4.152478
7.305188
0.05840068
5.109431
5.324013
0.4218928
0.9002858
5.161505
4.891038
5.755778
2.755506
0.4434605
4.014413
3.647943
7.751008
-0.1835022
0.5602062
0.7770057
0.3002157
-0.04584548
5.395344
4.723562
3.66099
4.80316
0.9453622
-1.349598
0.8323228
1.030039
2.737292
-0.1443281
5.817973
5.034606
5.515386
3.140038
0.6927663
-1.147934
-0.7253073
4.365051
4.666599
0.1659342
5.721963
-1.816616
-1.538717
4.921979
6.164971
5.927611
8.463441
-0.8796806
5.128419
5.742046
3.173667
3.922921
-0.5078285
4.237846
-1.668738
2.844008
0.3174156
4.234919
3.521115
-0.3685137
4.612416
-1.464739
4.305876
0.5550616
3.737482
4.408945
3.689109
0.429529
4.541413
-0.04474903
-1.540265
0.5917295
4.820288
6.184898
-0.02059866
4.232424
-1.615934
5.509323
5.712275
6.37283
5.384994
0.9435302
1.177539
3.329545
-0.4888941
5.542376
0.7155498
4.03341
6.256153
-0.4742776
-1.878715
6.785826
1.009432
4.717166
5.12136
4.598129
1.371515
-0.3220535
7.798843
0.6236395
-0.2809037
5.890364
0.4356094
2.421103
5.972061
4.447001
4.535515
4.834328
6.908316
0.5504022
1.043962
4.742465
-1.905306
0.5712607
-0.7228544
8.102315
10.00817
5.969558
6.073261
-1.846461
4.722036
6.144635
1.628287
4.573897
5.384329
1.122896
0.5380223
3.97836
3.605466
3.358871
1.111915
-0.07457079
4.403629
5.277172
5.043665
1.844019
4.500865
6.642993
0.2347298
-1.085831
6.011592
4.175707
4.918253
1.650763
-0.4713774
4.350304
5.984485
6.676871
3.378058
-0.4783418
-1.095823
5.495637
3.786847
-0.129927
0.5914266
0.2766779
-1.736942
3.840471
5.657041
5.834392
3.965396
1.119983
5.245816
1.12554
4.29432
4.560398
4.459175
0.06654189
1.077697
0.4202112
-0.001144491
6.531073
6.933899
0.1519427
5.694547
4.150878
4.180613
-1.73209
1.099894
6.377022
6.189242
4.087655
5.285642
4.487563
3.483232
4.989167
-0.09195734
4.889555
-0.1722124
4.0123
2.849283
4.463049
5.445438
-2.161471
0.1169645
-0.86684
7.469325
3.333137
0.309258
5.520969
5.734342
5.003993
4.521015
4.462636
4.58485
4.362873
2.478198
0.340847
0.1556385
3.220596
-1.526577
4.298063
4.099327
5.200321
3.804628
2.383202
4.959378
4.648341
-1.635986
7.984921
4.487899
4.707506
-0.7611292
1.817819
-1.762652
4.166788
-0.4156505
4.757815
5.882245
3.943728
4.061181
3.398798
5.474779
4.081499
3.824514
5.514266
0.4104011
9.824856
-0.6922369
3.962101
4.411996
5.054926
5.405666
3.171336
4.605269
0.8964974
-1.590603
5.675147
5.215325
4.746519
4.891393
4.509992
5.625937
1.245173
4.438998
3.037875
4.590083
4.872044
-1.101046
0.2964128
-1.565058
3.129946
0.8343027
-0.2622311
-0.01153116
4.599424
-1.079498
-0.6082835
0.5925311
6.210553
1.236097
3.653089
4.249937
5.97398
2.976305
5.986895
6.54725
0.4781133
0.4205286
4.715977
10.44728
1.308731
5.735766
0.6030538
5.145129
-2.087036
-1.415486
2.406224
4.398033
5.685687
1.002722
5.039386
3.906773
7.053145
3.219846
5.373466
6.102824
6.899843
3.956005
3.95874
1.755813
4.466458
-0.3249993
-2.040295
5.831089
-0.8878618
5.91219
5.885255
4.359931
0.3223671
-0.02063114
-0.8946462
5.288495
3.895313
6.475203
5.455502
-1.178373
5.029905
2.330527
5.427388
4.889328
4.458261
5.0998
-4.272811e-05
4.4008
4.61883
5.145554
-1.645465
-1.180642
4.823112
4.120924
0.2515718
5.894739
0.5160531
5.501835
0.04628854
6.535943
6.16302
4.681125
0.124488
5.485021
5.312345
0.5230117
2.949251
-0.9095789
7.20513
5.428727
1.771268
3.483086
5.800155
1.008055
6.061048
4.269161
6.514026
3.94882
-0.3870589
5.177635
0.4322502
-1.681175
2.108232
5.564527
1.652148
5.392594
7.676995
4.418289
-1.200124
5.14958
5.514907
5.891326
1.472846
6.495837
6.575737
6.372546
4.483164
4.564534
-0.1936277
4.085994
6.021936
6.022333
6.395051
-0.1124134
0.1315075
13.3026
3.145666
4.766799
6.958067
3.581333
1.841202
5.123933
0.2266268
2.772408
4.418867
4.094324
5.98433
4.468506
6.406931
3.345901
-0.7635364
0.54902
5.585721
1.999652
4.271555
-0.4430016
4.614702
-1.374745
5.577331
-0.148066
4.668628
4.934942
5.085449
5.769169
-0.8340345
0.825695
5.833998
4.140509
-0.5188537
4.946972
5.414166
1.32114
0.5032088
7.097311
5.343534
1.538135
0.7189427
5.107992
2.339039
-0.9646927
5.54305
1.044893
5.62797
4.790591
0.002332119
1.144805
0.6892801
0.4692871
0.4864225
7.664849
-0.5856866
0.3420347
-0.08653366
1.055635
0.2919412
3.632496
4.49128
5.476078
3.616427
-0.1688977
4.596214
3.629579
0.2899632
-0.422209
0.3577351
5.403908
4.399324
-1.366188
6.395855
-0.1962023
3.538748
4.918922
4.695587
4.886791
4.651631
0.2771854
0.3891882
5.464252
4.281216
5.414237
2.203146
7.371887
3.97608
-0.6416565
5.430458
-0.4561843
1.612695
4.977947
-0.4141992
-1.456963
6.171322
5.135335
5.266129
3.767092
3.683497
1.332552
4.268032
0.8982534
5.618174
4.378414
-0.4947087
1.102075
-0.03245432
4.390955
0.05494933
4.778247
5.621784
1.562072
5.68522
4.55815
6.352551
6.157375
5.897879
0.8877447
6.458732
-0.8024019
-0.9855992
-0.2600303
4.12295
-1.473963
-0.4302382
-0.8849214
-1.907085
4.661151
-0.1998205
3.938556
-0.8758892
4.635979
0.3871304
1.063012
0.8308154
6.445683
3.824487
4.237642
0.3559211
4.679239
0.9453829
3.621945
4.464973
-0.3364786
6.748256
-0.06814462
4.706955
4.783524
1.282017
4.209851
3.920503
5.585363
2.223673
-0.7136687
4.683135
1.013412
0.3679945
5.27348
2.814745
1.736374
4.332254
-0.01390235
4.913271
4.729575
4.244848
0.4931087
0.9877678
4.12165
0.6131928
0.1171431
10.35315
6.536687
0.4497715
0.4406426
0.3827943
5.095161
7.217138
1.120411
2.568897
-1.489911
-0.8901017
6.378499
6.01214
-0.5333987
0.3949645
3.251487
-0.8100571
-0.2560623
4.559507
5.170404
5.63158
5.851453
5.596087
4.627336
6.021347
0.6321896
-1.601513
4.663902
4.12672
-0.8253589
-0.6250877
4.367085
6.195526
3.790021
6.422056
1.386928
4.90732
5.428031
0.1847152
8.332143
7.053596
3.273035
-0.7428616
3.614217
5.337453
-1.52335
-0.6837981
7.307097
-0.4104766
3.565289
0.9748031
5.373266
0.9766374
5.833599
0.2313274
0.7155348
3.601907
4.933757
2.126872
3.507267
5.081316
6.902973
0.2891795
4.605813
5.429023
-1.665695
-1.975737
1.911497
5.061681
5.538524
6.136567
4.714016
-0.8082027
2.409516
8.759879
4.80781
4.650587
-0.5695853
4.122656
1.703863
7.111195
6.489238
4.070339
6.210718
4.817955
5.075167
4.888306
6.246668
3.145156
1.145363
5.43243
-1.781497
1.18265
-0.5252803
1.768112
-1.579983
4.70101
6.806451
5.707712
1.709718
-1.318877
-0.7307176
4.090539
4.564401
1.595568
3.320504
-0.9817972
4.211481
5.442121
4.143146
5.086871
5.987109
5.603079
0.4547235
5.26661
5.023752
0.2108594
4.741964
5.295243
4.984915
3.933432
10.22834
5.100925
1.206013
4.806164
-0.3900227
4.637537
4.758374
5.244974
-0.3947903
5.730011
6.685911
-2.042563
4.598066
3.892474
6.566884
-0.9704907
4.985561
-2.101196
0.1028267
4.874068
-1.202537
4.849638
4.675212
10.62956
4.466022
-0.2572452
4.616756
4.55196
0.5107147
0.5126296
5.289882
6.474083
-1.753237
0.458678
4.5388
4.480533
-0.1218058
0.7641714
-0.3334399
6.02409
-1.059565
-0.6543504
4.882584
6.492809
3.587784
6.680753
-1.169964
0.07477658
5.361549
4.696545
1.360439
1.224248
-1.015784
4.793694
11.52806
4.321111
1.342321
6.658797
5.027432
-2.092729
7.4735
-0.9565414
-1.112732
3.173209
6.567956
4.416842
0.05387723
0.6743858
4.915161
3.594425
0.5495356
-0.7943093
5.396637
1.592155
5.700313
2.386806
-0.5733788
5.982361
4.019348
6.525932
5.803904
6.729806
0.6167204
-0.7469796
3.602271
1.788267
6.563292
3.874246
-0.4508225
4.77591
1.250118
3.341178
-0.004896141
6.025723
4.985439
1.677821
1.865281
3.873958
3.991623
3.503483
5.979127
4.891744
1.763366
5.803401
-0.636474
-0.3957033
0.5790953
4.416534
0.8830789
5.277667
-2.198314
0.234898
4.587231
5.204157
5.850072
4.677477
7.02954
-1.367123
4.954229
3.82929
5.930529
3.682176
2.957363
4.832824
4.280376
-0.3882223
4.057908
-0.3796025
4.217038
0.5372546
4.874791
-0.1462394
4.655089
8.237996
-0.562899
6.398799
5.359083
2.720061
5.606781
0.2471262
-2.20024
1.30361
5.928193
4.667899
-0.5496205
-0.07659199
4.645744
1.35837
2.437227
11.15162
6.094209
4.349218
5.25757
3.837456
0.1233188
5.142821
5.513815
-0.4732779
-0.3376103
6.013114
4.18167
4.488703
7.80109
5.210862
5.328514
13.08069
-0.916146
3.103949
0.6755085
-0.05909143
4.435232
3.729557
6.300364
4.648333
6.194413
4.914259
4.778605
4.412261
4.478949
3.730031
1.388806
4.266121
3.663046
5.138963
1.072721
1.705152
0.3612101
0.7060267
-0.05555518
-1.934828
-1.106962
-0.8529057
-0.3417017
-0.3714214
-2.203243
-1.678366
3.447406
4.355219
5.094068
5.946961
6.200711
6.184197
5.477809
-0.0485436
0.04295087
-1.602152
4.817269
0.6368674
-1.831522
1.248524
5.053392
0.67556
-0.2110267
1.116115
-0.7854633
6.306463
2.818855
0.1752901
-0.8400134
3.545834
4.756248
-0.7701622
6.28067
1.129331
4.329285
5.38895
6.196188
6.137465
-0.06839078
4.042767
-1.144955
-1.162744
0.0439205
-0.242716
4.598334
5.576008
0.2311705
5.060233
0.5620641
4.858013
6.105517
4.407458
5.845191
6.256858
6.78386
7.317451
-1.708382
-1.352141
5.723459
5.043428
-0.5957274
0.2703853
-0.3894438
-0.7271191
-0.5386406
4.005185
5.956904
1.423482
4.948028
0.7276502
-0.1319337
5.505594
-0.002293845
-1.811138
6.936793
-0.2114682
-0.5402505
4.779716
0.01174329
-0.6908379
4.366628
-0.8855459
7.546942
-0.05072835
0.9650358
0.888347
0.4123409
4.208876
5.33427
4.588035
4.340297
-1.064772
0.2247901
4.237967
4.713351
4.643977
4.667005
8.742023
3.468084
0.4292647
4.67756
5.407474
0.3541363
1.043614
4.832694
0.441758
5.39013
-1.510065
0.2461424
0.04985839
4.872124
0.6482246
3.973325
4.95051
-0.5518211
5.11115
0.5918653
4.856821
-0.4740087
5.63533
6.954367
6.842699
4.892612
-1.235738
-0.9519841
5.664274
-0.9885819
3.969001
5.359433
2.72081
4.13228
-0.3791049
-0.5526717
-2.314358
2.942167
0.08331704
4.056307
0.8363405
5.599927
4.782807
1.344805
-0.2899045
1.215896
4.32242
5.014263
4.739935
-0.7255105
3.684759
0.5775646
3.670477
5.037549
4.996352
-0.7064651
8.210563
5.02509
0.616604
5.385182
5.526097
1.045568
5.995834
4.897293
-0.6060789
5.01171
4.772671
6.130865
5.09134
0.6186603
-0.6187042
4.395985
4.031677
0.4541207
1.37634
3.178429
5.764738
5.53448
4.578978
5.815278
6.528541
-2.948621
-0.1499048
-1.369608
5.745373
6.218324
3.648082
6.318105
1.36042
5.050276
3.33784
0.3408268
4.05734
-0.5161926
5.328907
4.580316
4.129942
5.503814
5.439307
0.7466489
3.455525
-1.602904
4.669398
4.316387
-0.3222902
3.325921
1.162377
-0.416764
5.134216
0.7443184
1.194402
3.241055
3.568879
4.187528
0.5337013
4.220649
4.525697
0.008808985
4.370167
3.946369
5.348374
0.3387407
-0.4209786
4.835344
5.809533
3.529362
5.129318
4.642088
4.594742
0.1406177
5.611388
2.932589
5.066108
0.8666152
4.300866
5.647515
4.851715
5.710196
4.377519
5.703559
6.099606
5.271441
3.49326
6.939527
3.572226
0.08291145
4.495143
0.2630869
0.166799
5.077341
1.114995
-0.1975924
1.5324
4.820925
-0.4100294
0.6363368
-1.249168
3.193009
6.272369
5.75827
4.966233
5.577716
4.695844
3.954897
-0.7673479
-0.4316295
0.4921773
-0.7135819
0.4485267
6.343055
7.165997
6.246345
5.17733
-0.239847
5.65261
0.4191056
-0.4827385
-0.1575926
4.225529
-0.6985659
1.056226
5.507567
6.036869
0.7981579
3.212249
-0.4717412
3.405048
1.6368
4.912646
-0.9855613
-0.997798
9.558729
-1.331467
0.1688339
5.74878
-0.5697589
5.748892
3.862751
4.813621
-1.393478
1.291158
3.654699
5.299937
4.777722
7.030883
0.4303501
6.089895
-0.1304785
5.393058
4.282792
4.549562
-0.6431194
5.177253
0.2124095
1.259809
1.73011
4.919442
1.115586
-1.676475
-0.9552342
0.4140957
-1.2334
4.973241
-0.4301388
5.687218
5.224384
5.43209
4.003439
5.270354
4.932063
3.361864
-1.287409
-1.100952
-0.3288531
5.259273
5.584843
5.732619
5.021143
5.42233
5.822743
6.835437
6.73412
5.140009
5.25234
-0.434101
0.117129
0.06427918
3.479623
7.030529
5.617779
4.266815
0.1567398
-1.288207
-0.1296096
0.7759328
-1.168222
4.203393
3.943575
6.949197
6.116048
5.687613
-1.908039
2.645274
-0.1885856
-0.5984001
4.859082
-1.473943
5.591793
3.950118
-0.2677342
5.08056
8.510317
-1.766299
5.903419
5.149768
0.7568942
3.600774
6.326592
4.707445
1.120552
4.331702
4.672349
2.101483
1.484794
7.285732
4.555699
6.271865
4.259968
4.421717
-0.3824898
-1.231393
-0.363898
-0.5051452
4.904862
2.737797
5.037562
5.785313
-0.4747024
-0.261934
4.261972
-0.5925475
4.854886
6.150946
0.3642535
4.587352
7.276208
3.359626
-0.6297711
5.536196
2.90329
0.2250123
-0.2207639
5.686725
4.258988
1.896396
3.813611
11.02141
0.1909164
0.08278551
4.387769
0.08377561
2.1295
5.371855
5.737485
5.916179
4.050534
0.5671587
6.63332
4.788363
4.122848
6.653107
-1.835837
4.161581
3.416904
0.3528561
4.433886
5.552967
1.571322
4.50801
-1.176974
5.72103
2.59216
6.536217
-0.5584565
0.5720025
3.65059
-2.045649
10.75583
5.09221
0.3152969
6.001418
1.059752
-0.6565933
5.189671
0.6416564
-1.237773
8.185881
5.370651
-0.9008933
0.6033394
3.645416
6.902822
-1.88892
5.600602
5.967625
7.921514
0.68822
5.358071
9.552125
4.421528
4.735845
-0.1953519
-0.1953309
-0.9681264
-0.4373587
-0.0134292
4.866016
4.226858
5.572253
6.183972
1.355235
5.442047
5.607831
3.242256
5.028183
-1.624285
3.378184
4.946029
-1.208139
-0.5375514
6.021397
5.399665
-1.613831
0.7273938
1.576156
3.628079
2.758893
6.027353
5.347256
-0.4226096
6.073707
5.902994
4.216514
1.135356
1.397593
6.505886
-1.1
4.336637
5.715755
0.1073254
6.128598
4.798738
-0.06690226
0.3924093
4.558831
5.932058
4.755388
3.562204
5.97574
-2.363772
-0.3308536
-1.380046
0.03309308
3.88973
-0.1512411
-0.05220858
3.26286
4.557601
0.9812717
5.5253
3.544609
4.909476
5.645582
3.262025
0.3436039
6.283608
0.683456
0.5632427
6.814931
0.9459779
4.601688
3.830616
6.783819
3.811158
5.091457
-1.322961
4.604333
3.923008
5.532089
3.412566
10.49359
1.581554
-0.638918
0.08280116
-1.138524
0.06516754
3.598512
4.658742
0.9109396
5.04577
-1.195572
-0.8652169
5.939996
3.706116
4.440313
-0.1968188
0.506431
-0.2589171
-1.005169
-1.96947
-0.0829857
10.23094
14.39574
5.592714
5.884783
3.73
6.056362
6.19968
4.243637
0.08957921
-0.6084857
1.872547
5.673632
5.102222
-1.129584
0.6209205
3.319485
1.480657
0.9645441
3.492977
-0.7173521
0.1161338
-0.6443637
0.172796
-2.034385
5.21757
5.822573
4.064898
4.867475
0.7617628
3.811778
5.110209
1.052749
-1.391642
3.464673
4.566617
6.203122
5.832264
-0.6777712
0.3473268
5.849153
5.782398
1.31243
5.239554
0.3883771
-3.355507
3.091264
1.48174
2.242301
3.51139
-1.312053
-1.018931
0.5094633
4.654652
0.06062461
5.681144
1.580582
-0.7382154
4.617926
5.060309
0.6542502
-1.795631
0.1315063
4.801395
7.478027
-0.550744
-0.8456438
5.541317
-0.3470243
5.082958
4.170971
0.1119306
-0.1257184
-2.128237
0.950151
-0.5903077
5.241245
6.062209
-0.3874018
5.18298
0.1854538
-0.2450506
-0.6202751
-0.9591623
5.359607
-2.578396
5.603538
0.8744826
0.4691561
1.059766
6.563185
5.94792
0.422545
0.0370904
2.442671
0.5410595
4.419103
0.7580543
0.3829501
5.127947
4.874178
-0.6307171
-0.1048658
4.921099
0.0644124
5.200988
5.361636
5.147409
-0.4064767
6.077276
-1.328271
1.9406
5.373001
4.744409
-0.8060398
7.186
6.423177
-0.4084262
5.798025
4.65346
5.374915
5.814618
4.994058
3.904152
5.302836
8.236347
3.742377
6.908588
-0.5627985
2.215043
5.277604
-1.123091
-0.6554976
7.036767
2.296641
-0.3862378
-1.208341
-1.344719
3.090963
0.5247651
4.331387
-0.7602331
5.32278
0.9270942
0.7754018
4.772752
4.359324
3.735556
-2.575841
5.559082
1.822005
5.707189
4.994533
4.330932
6.4262
-2.639664
4.478481
5.41025
5.04819
-0.4931886
4.553123
6.547442
5.832201
10.19186
4.96468
5.437175
3.74957
4.196775
6.212195
6.679756
5.646042
1.006873
5.819899
-1.072481
3.785111
5.483002
-0.1180225
3.210333
5.993137
-1.282319
6.539171
5.154946
5.977399
5.061412
1.293091
3.880001
0.9169097
3.00518
-0.5358741
1.072367
0.04177062
-0.2725117
5.665409
1.528433
0.2357295
-0.04931898
0.8258903
4.988848
5.396773
5.371904
6.158354
-1.249445
6.768143
3.878057
6.984684
4.748138
5.416627
0.2603955
4.119832
-0.6875072
7.60995
-2.726187
-1.370095
-0.5816169
-1.827526
-1.007101
-0.96083
0.8653056
5.765346
0.1691365
3.447662
5.220113
0.1147979
4.845433
-1.364013
5.659675
5.997433
3.67497
-0.4925755
4.131276
5.703774
4.444091
0.0287297
5.252271
4.093878
1.51423
-1.798322
2.104334
4.72962
0.2847465
4.862953
4.80668
4.611955
5.604399
5.283357
8.127873
-0.304678
0.5002594
0.8524082
4.934853
-0.8090236
1.249655
3.321223
0.3046661
0.7765123
6.460399
0.7990952
4.118395
4.737059
4.808287
3.284572
4.234447
7.250164
5.815501
-0.2533427
-0.03188585
3.848046
5.207784
4.379766
2.931021
4.635502
0.07594419
-1.023184
1.27448
0.7608062
5.884037
4.376646
0.9986376
0.4417916
4.526647
5.479855
-0.6000506
5.740281
3.539439
1.153825
5.022656
1.003381
5.648641
0.863335
5.737274
-0.4852529
-4.123101
0.506485
3.460475
7.002449
4.469031
-1.266092
4.637173
4.111876
5.464871
4.102202
5.729118
3.975746
0.9915615
-1.038712
5.054053
4.857678
5.282794
0.6486917
4.859347
5.021805
5.623909
0.6805592
5.642672
5.214551
-0.2298184
8.976057
-0.996488
4.63557
5.978571
1.827535
5.020775
-1.117405
0.3741721
4.29507
-0.1623097
-0.0675663
2.128403
4.917237
0.7022021
6.025948
-0.8557652
3.691792
6.525248
6.28889
4.870601
0.0956017
5.390782
9.420458
5.243384
3.556394
-0.3507039
4.927578
-0.8701639
5.37615
5.038555
1.526052
0.6603261
1.550893
4.760111
4.374452
6.086038
5.431407
2.924209
4.754356
0.0800619
6.722853
5.203838
5.053501
3.025345
-2.012866
4.510941
-1.711638
13.0117
4.930008
1.33821
5.96269
6.531836
0.3792301
-0.6391921
-1.382009
3.847834
4.89551
4.278616
1.380697
0.404483
0.718731
0.3616003
-0.0890335
4.851337
-0.7908864
0.5654332
5.25564
4.002834
-0.02964636
-1.941103
4.353672
1.46631
-0.6657774
5.017882
4.119085
3.916991
4.69254
-1.934887
0.5019509
-0.1328354
0.9096271
-1.401381
3.499266
7.0325
-0.0769289
4.885235
4.482047
2.945472
-0.2247113
1.056802
3.477932
5.457525
3.588566
4.355588
5.221511
0.1873719
-0.5970913
0.4532045
1.526519
-1.224852
6.22443
0.06480186
0.791468
3.742195
4.004076
5.487996
7.048343
4.6339
5.279806
5.387127
0.0009085214
0.4800843
0.9939219
6.725361
3.93796
5.577762
0.07097402
0.5768194
4.874567
-0.03331405
0.7343577
5.701665
4.191368
4.902708
-0.7380216
4.814997
6.440696
8.094214
3.259368
5.101854
4.044916
0.2420173
4.457711
4.276555
4.859243
6.128638
-0.4642631
4.09654
4.109156
0.9592497
3.228473
3.749571
4.468637
3.536513
3.562718
0.804061
-0.4199432
-1.288316
5.024868
4.709685
7.02862
4.879773
-0.5739591
-0.9533272
-0.1568796
6.234287
4.446671
4.323796
5.749868
5.898591
5.899297
-1.226868
0.2731742
-0.2267389
6.127043
4.943169
0.7300535
4.094009
2.472298
2.977688
4.959584
5.229515
5.149661
0.728341
0.6565473
0.2934366
5.002619
7.81305
4.614365
1.031642
0.03874773
4.927297
5.242609
2.611082
-0.3154519
4.612621
1.129715
5.276215
-2.468055
4.335422
3.28208
4.828411
-1.177707
4.314328
-0.7302854
-0.4076685
1.059208
-1.542133
3.937201
4.329662
-0.699808
5.229908
5.827036
5.129286
0.2860464
9.091261
5.031387
1.277466
2.485326
5.739626
6.399746
8.734584
5.541041
0.1484168
5.761568
5.269105
-1.344641
5.698453
4.711215
-0.2506536
4.398642
0.6338016
5.933154
5.551823
4.384214
6.371343
4.346057
0.1925681
0.4226521
4.130453
4.097358
4.657075
5.634675
4.550766
5.73943
5.241968
1.914599
-0.2157668
5.580911
4.627142
-0.7571394
4.193643
4.571757
3.094836
2.531255
2.286672
6.52092
3.661015
4.85628
4.161263
4.568366
5.213726
4.342447
6.62241
2.093398
2.474801
0.5342175
6.585652
5.15527
-0.004262624
6.321935
6.490642
-2.267843
-0.9758927
2.969862
4.633659
3.915777
3.477903
4.644265
5.879338
6.043617
6.301101
-2.618426
5.077054
6.55434
6.246104
5.476773
4.915218
6.044394
4.466927
-0.1178408
-0.3828021
-0.3445897
0.1857555
0.3893124
-0.3497709
4.285935
6.385175
6.22672
5.280732
7.193383
2.493962
-0.02363722
6.210764
4.376562
5.525413
4.329039
4.847344
-0.7430504
4.719146
-1.176083
0.6052107
5.614853
0.9599385
-1.346074
-0.6548281
4.973149
4.451151
4.781401
5.338215
1.863883
1.145369
0.6262058
3.774829
4.989325
6.778119
6.053306
0.8634537
0.5665264
4.563307
6.92916
3.952587
4.917285
-0.8003967
7.274749
5.934384
1.001304
7.302286
0.03672234
-0.4095894
-0.4835045
1.477551
0.1581888
-0.824495
3.520529
4.524422
4.777564
3.821545
4.845988
4.034299
-2.070806
4.574108
3.489611
5.47433
1.358193
0.8568523
0.1284035
4.552994
3.940128
4.61548
0.4573409
4.51838
2.603642
-2.496762
5.039854
6.888304
3.488143
-0.9210604
3.834099
6.004845
5.069092
4.711351
0.2687108
-1.390372
5.160604
-0.3786569
0.7764732
5.430331
-3.055867
-2.030498
2.775979
5.315474
-0.8366933
5.164556
2.866756
0.3007633
1.548315
4.141388
0.9448495
5.803486
5.909296
0.8914587
6.039156
5.003463
0.2884394
5.904771
-0.07491062
0.5407213
-0.1029654
3.577975
4.97333
6.224648
5.089922
0.4159661
-2.262751
4.030742
0.1599126
3.798724
-1.567489
-1.373228
-0.5836611
-0.1496904
5.347409
-0.1839138
3.862541
0.729757
7.916014
8.55124
4.988615
-1.860704
0.8290705
-0.6919429
5.217689
3.98458
6.095816
4.49624
4.093687
3.464787
5.99912
6.650587
4.936424
0.9667846
4.677211
4.453932
5.270006
7.771408
8.166774
0.2532635
4.001592
5.075005
0.2683541
-2.560113
5.414634
0.02941686
6.18636
5.59967
-0.5986473
-0.1637448
-0.5277433
3.933472
4.101119
4.170372
0.0380803
-2.232947
3.293331
4.482587
4.307438
8.181106
3.264524
6.280184
4.24696
6.44001
0.4110776
5.872243
6.750746
0.8177286
5.773291
5.837333
5.103832
5.218678
4.978291
0.1713821
0.845644
-1.013965
5.157809
0.4559116
0.1262444
-0.1683235
4.909261
-0.9421367
-0.6024793
5.063265
3.709049
4.711297
5.510289
5.649592
6.625031
5.426083
5.169074
5.035065
7.586969
-0.5357877
-1.672749
4.813246
3.427715
4.802068
5.034981
-0.302056
-0.008722016
1.706991
4.474383
-0.8988935
5.214456
4.501928
4.337197
5.421352
-0.3360949
-0.2563845
4.773288
0.5904865
4.996177
0.4936093
5.654549
4.947402
5.183833
-1.149981
-0.04062413
4.069359
2.170704
0.7034536
3.617899
3.79603
-0.448014
2.989174
4.488303
1.13513
5.974565
3.991241
4.821158
0.4250149
3.9652
0.5185594
4.713107
5.384644
-0.1429155
4.325041
5.214119
3.925269
3.491361
0.2592118
5.45315
4.062187
0.6505706
5.061907
1.387471
5.045088
1.655446
3.637933
0.14642
6.237512
4.881534
6.307058
6.796422
5.419268
0.4405517
1.097541
5.13533
5.691732
0.07352256
-1.598774
-1.097508
-0.7938823
5.40915
4.161078
-0.1187984
1.019795
5.582475
6.557244
3.596708
0.02866865
6.219436
-0.2034014
0.2476385
5.142294
3.60134
8.241387
5.034283
1.829059
1.625248
-0.8620406
3.659333
3.067818
-0.2341659
4.509167
5.700997
0.6685219
-1.441055
4.431162
3.487199
5.868345
6.321277
0.7256731
0.3524799
-1.065018
0.1255023
-0.3421921
-0.6347011
-1.041018
0.6235323
2.034802
5.581404
0.05836008
4.140988
-0.553797
6.077758
0.9286898
1.799312
1.242718
6.070168
-1.374107
5.923154
6.428642
5.257925
5.592932
0.7674424
-0.9384517
4.981349
-2.010202
1.791481
2.425135
-0.5161351
4.855808
5.279177
6.633952
4.987805
1.00004
2.301359
7.469262
3.888435
-0.1842275
6.627876
5.186771
6.081605
-0.1667675
5.813902
4.021393
2.692818
5.704453
6.02515
4.8656
6.114734
-0.6578665
2.942904
6.239764
0.07593781
4.856891
2.970325
7.997312
5.105802
4.944089
5.786687
-0.2919669
0.7409388
-0.05234067
1.946334
4.693876
8.643838
3.874817
3.952316
1.126505
-1.272156
-0.6162406
5.087296
4.176988
4.47615
5.216783
5.04392
-0.02509344
5.860089
5.892297
1.715401
5.020197
1.417529
-0.7784412
4.24668
0.286079
6.986793
1.506279
0.256139
-1.744044
2.595836
6.477393
5.17311
-1.161675
5.129674
8.137871
3.715883
10.7358
5.887268
4.643067
5.694865
5.577493
0.1625803
-0.3011731
4.656107
6.350647
-1.039579
0.8097444
4.19232
0.1196667
5.199266
3.499444
4.656879
6.475136
7.677878
4.582912
1.248888
4.770012
5.664934
7.750163
6.211278
4.390887
-0.6278669
5.807827
-1.18507
3.863434
5.623584
3.634353
5.944632
3.648458
5.753718
4.446422
0.325534
6.009488
-0.07021081
-1.236753
5.5138
4.981759
6.656985
0.3613445
4.596499
6.546718
4.093105
4.9643
2.643997
3.465094
4.561868
-0.710511
4.865175
4.431454
6.136774
4.50894
6.960319
2.949002
1.129911
-0.5384453
5.877497
6.342461
3.744029
5.650325
2.86171
7.299109
4.860245
-1.750203
3.951971
7.602646
5.216872
5.628732
4.009866
5.366498
-0.8064453
9.293938
4.925959
1.603859
6.463016
-1.251679
5.039412
6.763799
4.394335
-0.3336565
6.391721
4.312796
6.708207
1.999239
5.449513
5.572796
-0.2155685
-0.5429459
5.491923
4.057677
3.667341
-1.501678
5.970604
4.361636
5.027269
5.512124
0.9196519
-0.2093574
4.392205
0.7840315
6.802079
1.572364
5.372574
4.373096
0.01939464
-0.1261724
5.100372
4.731878
3.816052
4.232026
0.3236699
4.447204
4.949428
5.316186
5.546464
3.951068
3.225276
0.8814881
5.787474
0.1636278
4.409476
5.068712
5.876596
3.2812
5.325715
3.929686
-1.660009
4.651226
2.48394
4.929539
5.253584
4.824261
3.008532
4.981959
5.496634
6.714428
0.1666675
0.4988844
3.916341
5.170706
0.0758514
3.996302
0.3099017
0.05947659
6.688023
6.673978
4.200062
-0.2122512
-0.4440117
1.054967
3.677392
4.879238
5.124118
-0.2483545
4.314377
-0.2586449
1.797518
0.5368841
3.22816
6.220683
-0.1944432
0.8013742
5.731212
7.293066
5.407007
4.371849
5.652498
5.240972
-0.1453642
4.408064
3.928488
5.89296
4.017488
0.6591593
6.263779
-1.005817
4.258712
6.326834
5.672899
1.01208
5.336809
5.742811
6.270835
4.004821
4.973706
1.307653
-1.146508
4.414157
4.751021
4.787794
7.40181
5.110108
3.557772
4.559918
6.014984
5.593584
4.660012
0.9544641
5.467298
-0.2500066
4.612707
0.8715411
6.310272
6.126878
5.449654
-0.6241834
0.106982
-1.636613
4.666616
5.454889
5.523057
3.890617
2.473798
0.6121537
0.3167394
4.184341
-1.676485
6.099784
5.086672
5.517217
-0.7307588
0.5109956
0.1305507
4.973502
0.7942873
6.817018
4.446874
1.197874
3.473619
5.10161
-0.3871599
2.962843
-0.3448531
4.613751
3.366932
-1.429794
5.357371
4.838383
5.506501
0.9289124
5.649924
5.243464
-0.1499619
-0.1617751
-1.476594
4.882586
4.995675
5.386624
5.247463
-0.5736128
1.579565
5.270083
0.3422234
5.565605
-0.1607828
4.337083
5.727898
3.797285
2.573873
6.011845
0.9762216
0.4455164
4.194397
5.680988
4.447294
6.177823
6.118087
4.597821
6.481291
-1.63745
1.006387
4.69706
5.285181
5.435935
6.38224
-1.759747
7.045109
3.733537
4.714841
-0.2457972
1.084179
5.189824
4.094698
5.910896
5.853326
6.230754
5.224441
4.666944
-1.702507
5.789947
5.766726
-0.3473645
6.215026
4.993014
8.451081
5.767347
-1.141356
-0.575676
4.09951
2.846736
1.127928
0.812558
5.173789
5.46696
0.2034967
7.211168
4.361295
4.804269
0.6596239
-0.7757392
6.246931
5.517103
5.561591
6.881395
1.563959
4.950244
5.308142
-1.232371
-0.9552116
-1.33012
0.2867322
4.923844
0.3226751
3.948312
1.738971
5.373913
-1.17524
5.400253
5.662934
-1.939498
-0.5127104
-1.19584
0.2015333
4.628232
6.683329
2.173782
4.301343
-0.518848
0.2034491
0.8615712
3.874979
-0.5362296
9.197342
-0.8329842
-1.943219
0.002885558
10.65505
-0.2052135
-1.344135
2.88686
-0.6643964
4.216567
2.590289
4.662089
5.341668
6.696566
0.4055971
1.910382
5.295088
1.299538
5.273653
0.5712917
3.473237
3.34859
6.870616
6.299234
-0.1559871
1.535036
0.1381053
5.885563
6.324137
10.69845
4.917055
-0.2532845
0.2768573
-1.200975
5.378973
5.132726
3.77874
9.386426
0.09121599
3.360463
-2.481469
6.440332
0.8467611
4.169064
-0.5056247
4.473685
-1.291521
1.063323
4.891944
4.538759
6.236937
8.129275
-1.001417
1.210642
6.498223
5.755481
4.493753
4.999425
1.735971
0.7874037
0.1084867
6.182863
4.577228
5.470216
1.06737
2.042368
3.431935
-1.599717
1.271046
6.506482
5.216364
5.304185
5.134751
9.062411
-0.5932797
4.982638
5.112998
7.197199
5.556658
4.628415
1.145792
4.666851
7.309119
0.7910776
5.269479
0.1973991
-0.3047128
4.491622
0.78189
-0.09480884
-0.005033605
-0.3318271
-0.3746901
4.825882
5.76358
3.971596
5.272104
1.49942
0.270738
-0.7781345
5.783973
-0.1498566
0.734257
5.53029
-1.666724
0.4463483
5.191084
0.4196085
5.296827
0.9077367
-1.293325
0.1819882
4.235405
6.597083
0.2114806
0.1963602
0.6459777
3.436425
3.049542
9.74855
5.812903
1.128527
5.929217
5.274821
-0.5479039
12.08182
-2.551469
-0.2103319
0.857118
0.3094539
5.802485
4.973081
4.275574
0.1790303
3.894088
0.8329019
6.054363
6.854575
4.254098
0.07441231
6.305909
0.1282581
6.698241
1.400212
4.530525
0.8929026
1.596571
4.151074
4.54431
7.119331
-1.282795
4.300752
2.701862
0.3214406
4.408394
-2.488957
3.707312
4.424713
-0.2417447
5.049207
3.996258
7.478207
0.6648313
0.2528815
6.095501
-0.4109671
5.241244
4.675165
4.417842
5.610249
4.21751
-0.7585508
4.808867
5.405752
0.5535157
6.012041
4.42027
6.292832
-0.3404715
4.848321
5.20008
-0.4600113
1.167611
5.119455
6.405068
5.036537
8.559484
1.17361
-1.018765
3.374781
5.297376
1.139213
4.800349
6.7665
0.4585705
4.703708
-0.2211433
5.82765
4.51215
0.06228634
5.621996
-1.552236
0.2564953
7.423992
1.385058
5.604234
4.526998
3.844376
-0.4740826
0.7208452
7.11413
5.731977
4.873858
0.9073584
5.425833
5.334928
-0.09176061
0.6723892
-2.08264
5.272253
-0.6980981
2.015273
-1.023469
-0.7664429
-1.639377
5.626733
4.961373
3.842363
0.9321763
4.247615
-1.104921
2.323494
4.80958
3.662806
5.314873
5.631278
-1.384342
0.1200006
0.5340252
5.497145
0.3812598
4.232028
5.451044
-0.3651495
5.107651
2.63697
4.554132
2.270865
6.199212
4.160795
4.037642
0.8255875
0.7705723
3.195604
5.859155
0.284723
4.244449
5.807447
0.611211
-0.7373342
-0.8927443
6.664568
5.663834
-0.6901473
0.09281459
-1.12748
0.0624707
5.321455
4.78119
0.7447889
-1.401898
5.36419
5.205518
5.270637
0.2036266
5.647438
0.1568578
5.535168
5.640788
-0.4280038
7.038176
-1.210285
-1.077338
-1.566657
0.5970077
-0.0387483
0.8975827
5.545448
0.2252865
4.667579
-0.01110298
6.618702
4.967512
3.490521
-1.148227
-1.572848
0.7385302
4.281542
6.82828
-2.33921
-1.555589
7.597996
5.674749
5.559218
-0.2488103
6.631733
5.716934
6.596554
0.6050085
0.1651614
5.978304
0.6087363
0.1383676
-0.9606859
1.076235
4.738949
4.37697
0.9644464
5.588526
0.1285346
4.323477
3.982068
4.60739
4.165278
5.37337
-1.675762
7.371488
6.428959
-0.9138534
0.2342214
-0.5224824
4.068219
0.1840957
-0.7139644
-0.5941893
-0.7812343
8.04726
4.791964
3.743397
4.976446
0.9388043
8.792656
4.460269
5.846588
8.621102
5.591208
5.858264
0.5643431
3.342958
0.7947546
5.520136
3.04231
4.861918
5.495856
1.508109
0.3559053
4.867765
4.930985
0.373785
1.606546
6.223837
4.10615
5.527539
0.3246872
-0.752906
4.144722
-0.07424805
-1.330923
-1.05947
1.366128
7.335695
-0.6860638
5.333602
0.1173443
6.183729
-1.013354
-1.013399
7.420025
4.399131
3.761118
-1.252842
0.05523802
5.867097
7.146381
5.569828
4.734888
6.488732
-1.833277
6.369933
4.676471
4.818182
2.659729
3.766308
5.798784
-0.8012591
-0.08374085
6.569148
0.7428649
0.2334752
0.2735657
4.062934
-1.151206
4.382153
7.105937
6.533916
4.96431
4.614721
4.78547
6.127774
-0.6576303
6.269084
0.09522812
5.688236
4.718276
0.8245328
-1.344898
6.109392
4.435075
-3.507851
4.037858
-0.3502991
-1.249261
-0.2531566
-0.2455024
-0.4377536
6.276537
-1.523795
0.4234803
5.561428
5.431399
0.04667579
-2.331993
6.635625
0.9955804
0.1666263
5.739566
3.789555
5.453719
4.33846
5.6756
-0.00762895
5.976754
8.06628
4.113761
6.033841
0.0270369
-0.01587151
-0.04905839
-1.253284
0.5487664
-0.9678574
-1.32827
-0.09871183
-0.2505913
3.457981
6.072592
0.941808
0.3661484
5.904466
1.216752
-0.8222926
6.50367
5.312382
3.966233
0.01348319
5.227001
1.529776
6.066
-0.7737618
10.15533
-1.43782
2.352281
5.694734
5.486676
0.8150423
3.686133
-0.1831981
0.8574564
-0.841074
0.4002584
-1.735576
5.327483
4.345018
1.37468
1.300334
-1.28211
0.2015283
-0.01719516
5.122544
-1.413221
3.65834
5.732447
8.826048
-1.073625
4.832691
-0.1148051
-0.02537893
-0.401653
6.111259
5.150163
4.792852
0.01798083
-0.6397569
5.199581
4.903026
-0.2266511
4.17621
-1.318875
5.302623
-0.9005835
5.208687
-0.5236494
6.088015
0.8943084
-0.5807037
-0.4123409
4.180735
6.136096
6.890807
5.279094
1.419366
-0.9821483
4.775825
-0.3232859
4.929578
0.1038673
-0.2969432
-0.867419
4.591472
-2.318986
3.878206
0.745851
0.1667582
5.559919
5.596185
-0.3599974
-0.8401283
6.495502
2.918006
-0.5511073
3.791104
2.737249
4.5226
3.769746
4.333637
0.2165628
2.400255
7.72617
5.697995
7.177777
6.309794
-0.3484291
-0.4600058
0.135141
4.871197
6.110694
0.8387168
5.533769
5.637357
1.132666
-0.2624536
-1.323236
3.863636
-0.4955004
7.718094
4.803801
5.114517
-2.59549
2.748048
4.723132
4.785919
4.350725
4.558759
3.71021
3.459094
5.478919
3.959856
6.811204
-0.758004
1.911133
5.267797
4.583217
4.74239
2.258939
3.86951
4.231653
0.6728671
0.2214824
1.214311
0.3888919
2.088718
3.431999
3.058412
-0.7435954
4.282757
-2.230825
1.00457
0.6888628
3.679576
4.82582
-0.4154353
5.253636
-0.5599305
0.05472143
0.719165
6.09014
0.9684369
5.854563
1.506612
5.696637
-1.154238
0.3210028
1.125775
0.9046821
0.7397061
5.09142
2.424553
5.587728
4.610802
0.05098505
5.101056
4.164898
-0.6672162
4.2908
-0.258779
4.740066
2.482971
5.976552
5.524876
3.919147
-0.1850668
1.175892
0.5473054
2.516092
1.38318
0.9109508
5.873505
-0.3946858
6.565021
2.643391
0.8117358
-0.8631434
6.885752
5.151201
1.365306
2.207197
0.9827218
5.896757
4.150275
4.792958
-0.7742741
0.5521814
-0.5445303
-0.9854974
1.734939
4.425554
0.1613048
5.524691
5.355745
-1.182256
6.937329
0.1567069
5.700778
0.1813241
0.8113707
4.959752
1.04188
-0.9895229
3.346942
0.2678933
-0.03266134
3.102999
6.517988
-0.8619587
0.7897896
5.624434
7.668413
4.611107
6.839002
4.904133
-0.479333
2.620403
9.488519
-0.05122707
6.341797
-0.1671616
0.7153537
4.735077
4.888113
-1.764933
-1.858867
0.09404419
5.685461
6.310384
5.81652
-0.3646244
-0.218883
6.298332
3.719101
5.508583
-1.135479
0.62848
1.75489
4.411438
5.306985
-0.3120793
5.369952
1.042972
0.3124769
-3.063745
3.719743
6.359767
4.588297
2.022155
-0.1903014
8.449023
-0.259571
6.404169
5.069242
0.8740089
7.220516
5.739169
6.282122
-1.651345
-0.3135189
-0.6046036
-0.3084227
6.735959
3.184845
6.885859
-0.1725808
-1.388222
0.09678603
2.038948
0.7755565
5.337203
-0.1513717
0.6532997
3.868424
0.1736675
5.689185
1.481339
3.640589
3.227376
5.325409
1.243563
5.674975
4.631646
6.517418
5.887945
-0.7349455
1.007023
0.8037531
0.6830072
5.536495
5.266021
-2.163338
0.368009
0.2701002
5.702309
0.06804757
-0.3202108
3.264613
-0.320794
4.939246
3.82108
4.797363
5.019282
4.892439
-1.249182
5.083618
3.744859
6.675103
5.518284
5.181231
5.218777
4.414143
1.084992
5.936272
1.884502
6.84064
4.559529
5.464964
-2.283716
3.558833
4.779193
-0.7087633
0.3514066
-0.1576322
0.1701153
4.118175
4.374402
6.477879
1.176097
5.849
5.591486
5.419312
-0.4298652
5.271958
0.580051
2.862811
-0.9454016
4.630393
0.5803459
-0.8337997
5.306794
1.64495
-2.51165
2.051582
1.109059
0.8837224
6.416841
5.997959
3.672826
-1.251739
0.6096381
5.498463
4.073502
4.714213
2.833153
0.2214141
1.199753
1.054877
5.055994
4.048078
5.873411
-1.583446
4.806097
0.4721732
5.390821
4.640124
-1.266812
-0.2672988
5.336338
7.269787
5.160125
-0.9649693
0.9774238
-1.06993
6.218783
-2.140071
4.332866
1.187293
3.84383
4.200167
1.00195
1.454093
3.031806
0.7056458
6.276239
3.653769
3.806503
5.29983
6.756376
5.189678
6.378436
3.222743
4.689317
-1.350086
3.625755
4.196954
-0.004906526
4.736458
2.402298
0.7702192
3.493695
0.8366009
4.723547
2.821434
-1.628117
-1.145921
5.151167
5.064674
-0.6210578
4.511835
-0.5375574
6.564828
5.953449
6.015949
-1.310005
5.591446
-0.3982196
8.336257
0.7017395
1.228875
4.818582
6.401383
-0.3963968
6.369148
-1.01328
8.176303
0.9483095
4.81957
1.676641
1.909704
0.1962591
2.362321
-0.1773831
5.029033
-1.211215
7.23486
5.847286
4.198516
4.36949
-1.870464
-0.4001694
4.105454
-0.1853842
-2.736076
-0.8469758
-0.2591593
6.538637
0.8665457
-1.580963
4.635441
4.633641
-0.4081293
5.490452
6.295776
-2.376837
3.183262
-0.2843259
3.975877
-0.3331153
6.034822
4.273731
1.988171
4.594968
7.860054
6.174192
1.157748
3.41656
-0.8787276
4.782028
0.7933963
5.126727
4.125787
3.024477
0.4918459
-0.01346959
2.987048
-0.04647661
3.965226
-0.7402896
3.465477
5.84193
0.0368038
-0.3041374
-0.5926499
-0.1929472
3.043391
3.926415
-1.078843
3.856001
5.689877
5.027833
0.8241476
6.506627
1.03875
0.1808776
5.560621
0.8949112
0.3485348
-0.8342203
7.288898
6.639906
0.9870808
0.8684332
-0.005704255
4.808908
-0.4459517
-0.6946013
0.2458406
5.282126
5.909151
5.451608
0.6496155
0.1260431
3.002872
5.689459
4.787176
4.532777
-1.44313
0.5358136
0.2753945
4.535808
3.074662
1.769913
4.750239
-2.448525
5.50868
5.387417
3.357036
6.502688
-1.288458
4.548855
1.909742
-0.4882163
4.502471
0.7288788
-0.3494529
4.836013
4.229313
-0.1284496
5.920992
-0.1566954
5.074295
1.098384
5.140851
4.573316
4.911368
4.42894
6.225886
3.012276
3.777102
6.276999
4.505166
4.4932
0.3107716
4.191064
4.554323
2.386096
5.206441
1.763056
3.87523
3.561115
5.629529
2.36491
1.069952
-1.035868
-0.1377266
6.083656
-0.5013155
6.590839
4.223828
5.17931
4.715603
-0.1671202
1.334566
4.864146
0.5116887
4.381975
-1.838325
4.534292
5.828173
-0.6084488
4.136293
6.565146
6.016824
4.996896
1.313551
-0.6234442
4.622895
5.317211
4.215768
5.06558
5.670674
4.529811
-0.6010445
1.963037
6.819878
3.389185
5.172572
4.772106
-1.172033
4.577603
6.686575
0.5932522
1.018854
-2.393265
5.528482
3.580425
1.695707
4.908818
5.065352
-0.2288377
-2.941359
5.770816
3.837974
5.19883
0.8924147
1.271765
4.320936
1.539162
-0.2518833
4.936966
-0.1311725
-0.02914564
2.822954
5.550878
3.935055
5.916354
4.699235
1.79404
5.270838
6.962955
3.354747
0.4296152
-0.7797287
4.419253
3.630774
-0.8321163
0.2734762
3.070981
1.330876
4.372522
0.274614
0.9490919
0.06076819
7.744521
4.526509
0.2240066
3.860429
5.164774
3.440122
4.521741
3.628458
1.393761
1.072215
4.482965
6.663561
3.0925
5.112975
6.701435
6.016783
0.4743014
4.632791
-1.01246
5.71137
4.207851
6.867902
1.101631
0.3984214
4.734846
0.09822521
8.248869
6.120908
6.276226
5.740407
-0.313351
3.441552
-0.8742777
6.252775
5.245648
0.6941699
5.127568
5.45638
0.3394297
0.3673063
-0.2102759
2.930469
9.25946
4.813114
0.5158638
5.29041
-0.1163426
0.7115052
4.777474
3.67392
5.468595
1.307706
0.3577919
5.079869
4.727447
5.980609
1.696852
-0.1651177
5.42325
0.1308715
-1.380914
3.864656
0.2729126
4.866698
3.469503
1.236717
-1.399185
-1.903365
5.070476
7.128681
5.450354
0.01756786
-0.7016239
6.030138
3.446924
1.472424
5.032303
0.5896876
4.118414
5.717933
-1.485315
0.1107657
4.742266
-0.4679073
7.092435
5.841928
4.611153
-0.7579349
3.403561
0.2611778
5.93615
-1.098861
4.034499
3.80837
-1.990202
3.350696
-0.3315105
7.621721
0.9360177
0.3818442
4.564768
5.120447
7.206479
0.5472641
5.48342
-1.412895
-1.395352
6.015946
2.253883
0.4148506
-1.735604
0.6014048
5.030485
5.237653
5.329307
-0.1625489
-0.07544568
-0.5157677
0.5562655
3.645281
1.296847
6.424193
-2.188748
-1.442237
4.397506
0.1284715
3.580136
0.3668024
4.967009
6.02044
5.487196
3.714117
4.948866
4.932809
3.129301
1.838395
5.823539
0.5143297
5.433669
-0.7608869
-2.003851
-0.6134621
0.4327682
4.332808
3.728586
5.333117
6.34871
5.576671
5.492014
0.1974235
4.615279
7.385453
1.103407
4.478543
1.066132
2.718208
-0.9891569
0.3467664
3.800889
8.97853
-1.189292
4.81961
-0.3283687
4.053609
-1.022411
5.385302
3.867914
6.192087
-0.8588348
0.2844274
6.025655
5.467651
-0.6278171
5.991468
-0.7365793
1.596276
1.922508
5.133234
5.660525
-1.244329
5.404005
3.803325
1.772694
5.916366
-0.7523949
4.467822
-0.4616023
-0.2160157
3.546068
-1.560236
5.857189
5.569677
-1.33238
-2.819179
-0.2909271
5.343805
4.66047
7.020956
-0.479828
0.6120723
0.2531165
5.97106
0.5213159
-1.036136
4.984015
-1.34747
1.733182
0.6505882
-1.356027
4.300532
0.6697784
5.470866
0.3468039
4.732511
-0.7416344
-0.2835754
5.666342
5.134337
-1.59411
2.03586
-0.9342641
4.31172
7.671445
4.758964
-0.8181636
0.2064368
1.50796
7.999913
-2.137918
-1.593237
7.054177
4.765461
-0.0001268903
0.9297068
2.022615
6.868624
4.610405
5.554458
10.48242
4.627333
5.040637
-0.5202447
0.2485459
5.030845
0.5020126
4.478764
5.51596
2.695733
6.147584
-0.6217471
5.510613
-0.4102104
5.629417
4.32736
6.55523
0.6793635
4.35026
5.042996
1.516021
5.886527
-1.125971
0.04253177
4.838691
4.693514
4.58912
6.282839
6.202557
4.836306
-0.2523142
0.04842426
-1.091206
5.042326
-0.02817506
6.502003
5.755538
5.380074
5.659852
3.865097
3.779258
3.63481
6.08392
-0.4727979
4.407755
3.731102
0.9004948
4.592424
0.8142295
-2.724969
-0.2315116
2.896023
4.644607
0.4987891
4.281358
0.3173409
5.236381
-0.687699
3.353854
1.00728
0.7097396
5.778693
4.241535
-1.209827
-1.21391
2.302944
-0.3320129
0.1203975
5.337644
-0.7344911
6.035842
-0.1581332
5.273948
5.766591
-0.5552816
4.835106
4.044462
4.69794
1.454791
7.506081
0.1306823
6.304016
4.254177
2.623835
4.67473
-0.3712485
-0.2405758
4.5916
6.280545
4.297726
0.4161076
6.193751
5.646912
5.488582
5.973069
0.7064031
5.066455
-1.082943
-0.783991
-0.5967624
5.449271
1.86233
3.324677
5.214592
-0.8953738
4.42116
-1.401461
6.888434
6.413676
4.666382
6.10317
0.02409568
-0.6086667
0.682156
1.168751
5.447154
-1.549462
5.711945
0.4517281
-0.1474216
5.635733
-0.9440712
0.4333239
3.60942
6.074667
4.00182
-0.06056718
-0.7343999
3.769332
5.079443
3.881658
3.970055
3.719077
6.566956
5.578949
-1.762808
1.057539
5.275758
0.358641
2.435035
0.06337181
6.253471
3.699994
4.435511
0.6344741
4.510872
1.243394
-0.8068432
5.064369
-0.8225821
5.080675
0.01100436
-0.1901347
4.811777
4.168073
0.7571168
4.131109
4.254957
-1.06005
-0.1770516
-0.7004621
-0.587142
6.089496
2.010487
6.2054
0.3921305
0.8541002
3.128572
4.809514
0.03211808
2.000962
3.300285
4.528297
3.839209
7.891768
5.250338
5.644641
4.337785
0.0800536
-0.3809856
7.920544
0.0189855
0.6447134
1.294134
0.2259387
4.43651
-0.1080544
3.62195
0.5972684
1.170643
5.095334
4.466681
-0.7137238
4.210551
3.876063
6.084909
-1.060697
8.397413
5.355448
2.542142
2.594532
-0.1238361
4.18848
1.155855
2.413019
3.868464
3.977769
2.031386
0.7339126
-1.813421
0.5369689
3.372307
5.564839
5.446314
0.6641314
6.946611
3.105214
3.456877
0.1581685
-0.3206316
4.178698
-1.865941
-0.7254356
4.137805
3.676669
0.6539823
5.226484
-0.4725795
2.075053
-0.66796
2.877389
5.162607
0.5826761
5.52128
4.576231
6.623144
5.185462
-0.03235688
3.565763
6.650326
-0.8568743
4.013966
7.927721
5.494045
6.193625
4.680335
-0.1797581
2.859631
0.6969978
1.612051
6.034617
4.360809
4.837906
5.444214
4.768052
0.01371428
2.691876
5.620811
4.528231
6.289014
-1.748615
3.979465
3.85174
2.783828
0.232628
-0.07833547
0.3755951
6.198814
-2.24465
4.30234
4.035661
0.1445071
-0.1204237
3.378456
6.229003
0.1654399
4.358244
-0.6075908
1.653191
4.634991
4.989905
0.7119444
1.509277
-0.6896213
4.720503
5.630741
5.460195
0.3447482
4.092139
4.470605
6.683879
2.84202
4.104893
1.385118
5.544384
5.100128
-0.56131
0.4438828
3.631696
-0.003292234
6.44138
4.746554
4.327971
2.080698
-0.04590326
3.450393
4.59808
5.826144
0.2032112
-1.32576
-1.331459
3.895648
5.233497
5.562942
4.31439
2.605348
-1.829567
-1.363023
4.719335
6.09131
0.0483836
-1.126647
4.295907
3.761227
5.349787
3.132947
-0.1117346
0.3666015
-0.2643794
5.719641
9.327509
-0.6030335
-0.6566626
0.04177788
0.137227
1.621542
1.685883
3.556151
2.638923
4.195826
0.6987281
0.1944444
-0.9272035
6.154999
5.039205
-1.236574
-0.6444835
-0.7101016
5.089506
3.656997
5.03292
2.812233
0.1325605
5.667708
6.163481
4.260017
5.658636
5.936292
1.88269
4.651603
5.0675
3.14522
0.1293252
0.7181874
1.66921
0.3541065
0.7826791
-1.002194
3.924191
6.180156
-0.09481748
3.987644
0.842404
5.393011
5.805582
0.6533845
-1.968592
5.005065
5.036037
-1.015553
5.768782
1.293402
-0.3711411
4.67843
-0.205559
5.245627
0.6698267
1.445009
7.792548
3.586951
4.895616
-1.659276
5.875399
5.374589
0.9047038
-0.7878256
-1.677673
4.918649
5.36679
6.135191
0.925501
-1.034203
5.394449
4.778644
0.1529904
0.5691645
0.7277477
5.916401
0.7624498
1.084205
-1.314783
5.243673
4.367631
3.519018
0.1262322
5.833866
1.24966
-0.4778122
5.001669
5.100596
4.831552
-0.007812571
-0.7446789
0.6384347
-0.6615089
3.485932
6.574994
7.780143
6.249383
3.172806
4.154672
5.372825
6.103545
4.712254
3.554187
10.55749
-1.367204
3.567722
3.697723
4.331383
2.370378
7.092102
4.85216
9.637308
4.525839
6.518982
0.1326114
-0.654902
3.436617
0.440777
5.503887
0.3775531
5.323291
7.895097
-1.464957
7.542216
0.8950146
4.113553
0.1521529
5.170435
5.472733
4.647199
2.671724
2.926145
3.481322
3.967409
-0.02660239
-0.9211959
-1.783407
4.182482
3.386925
10.01833
5.040467
5.282317
4.423617
0.197855
-1.23639
0.422019
6.126128
5.736858
4.796668
5.663278
4.435852
-0.9647703
-0.07697887
-0.4331242
4.718072
0.3767725
4.959831
4.245944
4.530993
7.874839
5.159705
3.444124
1.362386
-1.46249
4.039792
1.190944
0.1206297
4.831499
3.843756
0.7809471
2.924814
4.635973
6.937396
5.228854
5.969466
-0.7021531
5.825596
5.249768
-0.1143372
5.236127
-0.2732257
1.093942
-0.7137956
3.72445
3.689622
0.1350706
-0.4153029
0.2026159
6.141485
4.472071
-0.4905192
4.079572
4.69512
6.224646
4.808652
6.065639
5.630297
5.302932
6.640212
4.910541
-1.254048
3.750257
8.321478
2.075229
5.877634
4.590706
0.4450998
0.4076048
0.06777176
0.1656736
-1.453696
7.507002
1.566023
2.561135
-0.4586659
1.037369
6.593088
3.594313
5.95992
0.7733126
0.04934762
6.418858
5.882534
-0.01093628
6.968105
5.325464
0.1774312
-0.1131872
4.242289
4.65679
1.658911
-0.2451071
4.666193
4.185732
-0.3761691
5.380687
3.930026
-1.030847
8.672966
0.01912147
4.605578
2.586446
5.536978
4.869441
5.858434
3.986231
1.247616
4.620875
3.176026
4.527275
4.408565
4.389245
4.865527
-1.35747
4.231424
-1.453251
5.16393
4.502102
5.006914
-0.7080675
5.615573
4.676909
6.336943
1.55407
1.163043
0.2658745
5.626064
5.632191
0.2683277
4.923561
6.706976
4.824357
4.92709
3.717621
7.233586
4.373226
4.970291
0.3728041
4.715992
5.021451
5.583625
-0.4493934
3.286471
-0.2227748
5.286794
4.255364
5.099194
-0.8747039
-0.3347538
4.306639
5.336219
6.059407
4.213215
3.252803
0.2998092
0.9937094
5.266481
5.415868
2.28082
4.562126
5.987176
1.337631
-1.19847
2.600587
8.081019
6.27936
-0.5476131
-0.869943
4.865242
