5.740522
0.09337838
4.545564
2.648959
-0.5508398
1.320236
5.077471
-2.404611
5.046142
5.391477
-1.221789
3.804737
-0.730022
0.9506261
5.799895
1.307362
4.201968
4.647963
0.1014612
5.119291
6.679995
4.812023
-0.3482913
3.67301
5.676633
2.631041
4.125611
5.670962
-0.9901577
1.169366
-0.3538227
7.505946
1.00808
1.288507
4.213764
0.8550618
-0.9875894
2.525285
4.686655
5.213389
5.383765
-0.8691822
3.625607
4.488696
-0.2841517
5.702962
-0.5693469
-1.011228
0.2790311
-0.509738
6.157255
0.9581169
6.030465
6.101892
0.109446
-0.09968879
0.7744411
5.485471
7.107446
-0.5699207
5.220079
-0.00796454
6.446262
0.2614239
5.715814
1.284287
5.017948
-0.5070166
4.805622
1.279229
5.903049
4.43539
5.066392
-1.436842
4.524035
4.370657
5.57745
5.582974
-0.3776095
-0.3388126
8.153231
5.355013
6.001573
-1.169646
2.150949
-0.3064572
5.571023
4.958763
10.08357
3.65864
4.974528
0.3541335
-0.66928
5.465901
3.217528
-0.5284175
6.194607
6.406588
4.565094
5.378174
-0.2984903
5.741874
5.377107
-1.066479
4.574874
6.29647
5.858077
-2.206241
4.743874
5.978037
-1.029079
5.198541
5.902506
0.1594786
3.974804
6.555088
1.400858
5.5191
6.384968
5.490789
5.995317
7.035712
-0.4625256
-1.200619
1.327507
6.144146
5.62814
6.121267
4.72698
-0.9133651
5.674023
0.1274714
5.871708
4.471675
5.015056
4.346325
4.653897
5.982609
0.9720425
5.471588
4.154017
-0.3144283
-1.128466
0.3475198
4.003891
0.9486159
0.7708957
0.2857785
4.014099
1.816015
6.597664
5.223403
-0.2955812
5.414898
1.273189
-0.6891533
4.785963
4.068046
5.568252
5.955592
4.843529
-0.7946426
-0.6257428
5.068409
5.183295
5.693895
-1.673659
5.266564
-0.3683225
-0.3297839
1.13706
0.6051053
-2.926995
-0.07225705
2.060374
6.940001
1.033267
1.13771
5.577081
4.935547
-0.9807271
4.478697
-1.289967
6.583113
-1.408323
4.389296
3.74639
5.787532
0.4858452
4.746493
5.995663
5.120561
-0.09258432
10.05127
5.761732
2.382762
5.060527
4.260644
0.6687733
0.3903572
-0.3226164
6.468923
3.895346
4.424021
4.055541
4.126691
4.847779
7.191535
5.397019
1.452483
5.54996
-1.6321
3.723072
0.07152534
10.10499
4.661173
4.327158
5.057402
5.5721
0.8098179
-0.09047936
-0.6854814
0.2523645
0.822659
0.3680657
1.200344
4.956292
2.012458
5.483388
3.088034
4.803986
0.8306915
0.05064493
5.315786
6.05481
5.654699
0.05732059
4.636867
5.735889
6.336827
-0.0533152
-0.5645561
1.037892
0.1313148
5.890946
-0.8708798
4.399768
5.779761
5.966054
4.859916
6.969024
4.24412
5.66529
0.929241
2.202829
1.742828
-0.1113225
5.257155
-0.03684645
5.085747
-0.8339818
0.7522532
5.248971
5.600312
5.207279
4.282573
3.501022
0.1854095
5.010432
3.890868
5.419679
0.4101991
-1.294801
4.174767
5.181555
5.48452
2.251662
0.2285626
-0.1052665
4.077452
5.351959
3.786186
0.1073544
0.08913417
7.884779
5.684124
1.493509
5.116813
5.874692
5.260307
5.486411
0.4187639
4.605479
5.084699
3.236698
3.776214
4.447956
5.82883
4.475567
5.659503
3.853328
-0.8928063
6.466368
4.68975
4.962737
-1.053534
-1.367873
1.18029
4.479202
0.6552921
3.406471
0.3123158
4.502087
1.613517
-0.1507556
0.7401081
-0.4423527
6.434732
4.661677
0.01639868
7.246137
-0.2412778
0.8632271
3.841231
0.5565762
4.650842
1.866927
5.171292
-0.7535283
1.415579
-0.9603963
4.718599
0.5254955
-0.2171874
5.568601
0.8497378
4.854397
5.165018
6.053262
5.141771
4.4665
6.031267
6.064895
5.216062
4.876407
3.110054
3.960999
5.81236
0.1435866
5.602905
4.958381
1.485306
3.909827
4.325543
6.618356
1.287531
2.662162
8.217803
0.8333146
1.352416
3.951315
-0.324526
-0.199285
-0.8766095
0.3495794
0.4269328
-0.8197943
7.341237
-0.2358979
6.195876
0.3728694
5.423949
-0.6153183
5.194962
3.967292
5.091242
-0.3550422
0.07811831
0.04702729
4.739131
-0.4310539
-0.1494957
11.03832
5.450192
3.646195
3.098495
0.184974
4.333995
5.049663
0.8414987
1.844746
6.120969
5.159071
3.272034
-0.6284711
3.637297
5.643059
4.503378
1.025792
0.5732814
6.182107
1.48532
6.395564
0.9153656
-1.169324
3.997805
-0.1463302
0.5114247
5.018468
4.617435
0.008584375
9.522403
-0.3199134
0.1805143
5.170035
7.365882
0.515879
4.507478
3.309556
4.674779
4.20361
6.925743
-1.891533
4.037738
3.565328
7.414914
4.80339
0.7489182
6.165885
3.703746
0.7567943
-1.59704
3.633687
0.7256466
0.758172
0.5653287
4.947991
0.2464514
-1.035114
3.585482
-0.0660707
-0.9305914
5.92103
-0.7476961
2.499961
0.8383026
3.414121
6.566646
4.458866
3.075466
-0.2974708
0.6832268
-0.7182539
-0.4591741
0.2081843
-0.9158309
5.373001
0.9699977
-1.723717
5.623885
0.8540841
3.453093
5.038859
1.046361
8.204886
5.123407
6.177745
5.857628
3.493174
0.7711918
5.311543
4.370473
6.708981
0.2530471
2.376764
6.155322
5.024167
-0.2016107
3.811127
5.161916
4.40229
5.987631
-0.294421
6.152486
6.327835
3.416454
5.698448
7.259385
6.032744
0.04911045
4.809345
5.680949
3.768554
4.983488
4.355706
-0.06871501
0.07258956
0.8322124
-0.5379823
5.480804
5.212358
3.520911
3.581849
9.797291
-0.8165559
-0.3638386
4.055791
-0.3433506
-1.913799
0.8761806
3.743176
7.065028
5.135612
-0.6149895
0.7352945
4.680524
4.234291
-0.4003186
-0.6834996
6.188582
-0.2243847
-0.09153298
0.8337142
5.041163
6.248951
3.92682
4.478964
5.854623
0.4645758
6.553658
0.1837364
-0.7369502
3.650943
4.505882
0.04312467
-2.350294
4.033893
9.71587
-0.6112945
5.168245
5.346854
1.631754
-0.4093161
-1.262005
-0.6064044
4.394294
-2.019003
6.233893
0.2369285
6.071676
-1.412813
4.767951
0.5476495
-0.4450561
6.815692
0.1618585
-0.09626989
5.897284
0.5068132
-0.4037012
-1.051577
3.784054
4.890195
-0.1394904
1.048373
5.088655
3.773142
4.755349
7.054937
0.8044878
5.732262
5.69764
1.384813
3.885764
-1.480099
3.810382
5.087688
5.685958
1.643906
5.874022
0.6533004
4.528477
1.210625
1.199794
-0.4444447
1.603282
1.834856
2.591912
6.080557
6.112771
0.914103
4.207673
4.213114
-0.6701992
4.437176
4.483085
4.32026
0.5329454
3.86501
0.9831209
1.884323
1.04954
1.130091
6.596903
7.329338
3.638067
5.729404
4.765533
0.1582655
0.785439
0.376788
4.027674
0.1045981
5.642313
4.936332
3.215003
-0.6313535
-0.08661932
-0.3618379
5.836653
-0.6151112
3.4654
-1.281893
-0.7673333
4.580625
-0.7855239
-1.005563
-1.162406
-1.124602
5.45536
5.054821
4.866262
5.433169
6.875474
6.552025
5.126356
-1.882802
1.586593
4.127041
4.173828
0.5233733
2.075802
0.2544739
3.4509
0.02010997
1.138886
6.173489
4.765789
5.539577
5.712132
5.65326
3.870012
4.915105
5.918536
4.270379
6.981682
3.451136
8.420608
5.491556
0.08729848
5.116841
5.444299
-0.2444263
0.6631277
-1.34803
-1.055526
0.1148938
-1.073579
4.17489
4.768131
-0.9736563
-0.2183629
6.097228
1.953209
1.359575
7.059364
3.540488
3.497932
-0.262072
-1.247014
-1.565022
9.747392
0.03318791
-0.6013614
-0.8628885
-0.03687484
7.870928
-0.689125
6.009461
3.083037
4.61358
4.50767
-0.3783458
4.992515
5.570095
-0.870729
5.072237
-0.5870605
0.1596977
2.646987
0.7757154
7.838001
-1.001901
4.876272
5.636652
4.288691
4.539334
3.984205
-0.9166963
-0.3764893
5.072703
5.348756
6.744664
-0.4258174
0.1181731
-0.3139795
3.424961
5.684485
4.261431
3.959259
4.829454
-0.02054109
6.874582
-0.8242195
4.32733
5.897054
6.334957
0.801742
5.069087
6.24629
6.468916
0.3106408
-2.213074
6.102023
6.053908
5.836378
4.522041
4.962781
5.057775
0.4412684
-1.391527
4.337972
-0.8035386
4.879706
2.992771
0.9159579
-0.8092309
6.235361
-0.6922985
6.268698
8.8923
-2.139843
-1.60635
-0.1698407
1.079664
3.901402
6.405124
6.637018
11.39139
5.821144
6.078365
4.413588
3.588004
5.319763
5.536146
0.7961428
0.9800816
5.374923
5.007025
4.777101
6.700001
4.410962
5.266923
4.128132
-0.8671286
6.144408
6.101958
6.374202
1.838283
-0.6754039
3.936923
1.424445
-0.4455849
5.539664
-2.403664
-0.9326207
4.678684
0.2656724
4.053639
0.3048426
5.411343
3.807326
1.906129
6.070996
4.75737
3.345554
-0.1502718
3.424529
1.045449
5.914215
6.400297
4.51549
4.139108
6.824943
-0.865396
0.6775758
0.2607413
4.46209
6.112668
4.654959
5.69742
1.213988
-0.8542831
6.411534
6.114138
4.549053
7.27007
0.1897761
-0.1196816
6.076949
0.1708483
1.435789
5.951106
1.486532
0.3053443
0.5147656
5.354769
-2.401564
-1.357842
4.010729
0.9672712
6.851682
4.214342
2.774368
2.144678
0.3209805
1.699984
-0.3641128
5.738298
-1.00995
6.780029
-0.3519095
4.042751
-0.3597659
5.071031
0.1607885
5.373768
0.848479
4.750471
4.612955
-0.9142628
5.360591
-0.5381416
-1.13517
0.1514306
2.898961
7.141141
5.593997
5.65139
0.8950811
5.630406
2.762444
-0.4419127
5.487617
0.9849837
4.684696
5.790266
6.160184
4.954044
-0.4367377
0.2423479
3.623519
7.031962
4.2511
-0.03566464
0.3537336
-0.1709587
6.120758
6.423887
5.01936
4.094431
6.414399
0.6825056
5.37557
6.282026
4.653638
6.158601
4.990182
4.101386
0.8240604
5.2821
-1.598509
4.760206
1.480859
-0.1835385
1.106887
5.662554
4.995911
4.392081
-0.01482624
1.970392
5.248965
-0.5655655
3.836279
3.867695
5.162378
1.252169
-0.7275556
5.381622
0.8282495
-1.761207
-0.5871146
1.848083
5.812966
-0.2039151
4.904429
5.403964
-2.2735
5.163382
0.9116
6.385998
-0.3991119
3.9169
-0.227895
8.221263
-1.485438
5.035507
4.965671
-0.5859696
4.469545
6.009715
2.951924
1.101528
5.745873
5.478261
-0.8121166
5.559077
5.828217
6.534872
2.086751
1.861417
5.817591
2.571675
5.301437
5.610448
-0.2296805
5.425564
4.635729
2.897973
-0.5660835
3.941964
-0.2789776
-1.413471
5.016109
2.016031
-1.047115
-0.2015378
0.2755948
3.055888
3.957314
-1.058153
-1.572036
4.53618
6.251016
-0.9122525
4.331526
4.03681
10.76741
-1.487121
6.023463
5.263554
-3.156009
5.420139
5.625222
-1.092065
3.685438
5.453848
6.129433
4.259632
5.730062
5.820175
4.692799
4.431448
4.542268
2.114913
5.688097
5.018071
4.713751
4.990223
4.40834
3.524713
3.215885
-1.055908
4.009076
5.609252
5.891718
-0.9296702
3.049658
0.6696491
4.798627
5.139047
-0.4881228
5.626158
0.2157539
0.4951576
0.5586554
5.76677
0.6830616
-0.931148
4.849282
5.879882
4.885895
4.231238
6.118654
4.606439
0.3184693
4.018659
1.481576
4.360122
4.967877
-1.09646
3.117908
0.5864635
-0.1661281
8.340308
-0.5821686
5.64403
4.788349
-0.1036367
-2.996269
2.431184
0.3974811
-1.657271
4.352462
4.146347
5.056616
0.2958115
-0.9392326
5.495973
4.931381
0.1133061
-0.7398019
-1.494552
0.05759295
0.7937491
3.571948
4.069891
-0.7819922
4.885308
6.88214
6.531991
3.287217
4.939234
3.457047
5.656964
5.15237
-1.696193
-0.6451277
3.085174
4.673588
-0.4067468
0.7242728
4.66953
-0.7007578
4.247855
4.778271
-0.003955321
5.625399
-0.4877954
0.9588741
-0.5258297
5.282776
3.623825
-2.75319
4.480409
6.30426
0.5480499
-0.5162815
5.17274
3.37447
4.596121
7.759359
0.7357191
-0.8964669
-0.002735353
-0.503272
3.712125
0.8826226
2.595398
-1.813812
-0.7369457
4.534711
0.7949983
6.358733
-1.449419
6.426056
-0.3077377
5.298821
5.341628
-2.824117
-0.2002506
3.777916
4.431975
-0.1841184
-0.1041631
-0.7962085
0.01991743
0.9624507
6.045094
5.909679
5.500829
7.572627
0.7393352
0.2517971
-0.8909644
4.399897
-1.560326
-0.206451
-0.1813551
7.973262
0.019674
2.249238
5.673248
5.17933
-1.784337
3.768592
-2.231589
4.964197
5.722231
4.7324
6.761648
7.685397
4.353602
4.290339
5.703762
3.849104
3.683997
4.521476
3.738491
4.369487
-1.141167
-1.294107
-1.145183
0.5254796
4.153322
5.451789
-0.8813773
-1.587358
-0.520894
5.650194
1.199341
4.358091
0.5044673
5.035268
4.044964
5.813164
0.1472903
5.175079
3.905994
-0.1228917
4.1023
5.249077
1.096163
0.8939812
5.837431
5.693661
5.236993
3.589583
-1.595952
0.4277576
5.152316
-2.204929
3.718843
0.4773455
4.597554
0.6789791
3.329283
1.294488
2.678952
-0.6121492
6.34272
4.863066
0.7571213
-0.9196861
3.300285
6.096559
3.555934
-0.1133423
-0.5014924
5.177744
4.711234
5.355797
5.812355
7.665312
5.449297
5.621269
5.627709
0.3794107
6.842698
3.189132
-0.2768978
3.450945
4.324568
6.213109
3.665618
4.356629
3.195768
-0.8837989
4.782048
5.626229
0.954775
-0.2467362
0.5317443
3.722071
-1.46699
4.119119
5.018081
4.300022
4.143501
0.7569144
5.781498
3.352433
-0.4738381
6.316984
0.1795769
3.655269
1.139968
6.288126
5.487862
6.689334
4.454599
-1.110498
4.235926
-0.1516915
4.773359
3.632356
11.2002
1.764925
4.878858
0.6238214
6.513332
8.168933
-0.7221067
-0.4709207
4.733134
1.144851
6.550147
3.605236
0.2727824
-0.5268813
5.433123
5.317801
1.880047
-0.6045224
4.353478
-0.4157757
1.669733
5.21655
0.452513
5.502224
5.660964
2.551539
4.31561
5.496554
4.723491
-0.1480967
6.716749
-0.6807351
5.121736
3.096894
6.145669
6.104652
-0.8873575
3.313263
0.129189
0.6058939
-0.5275251
-0.3257416
5.911858
0.8583317
7.129265
4.35322
0.247115
5.452797
-0.5248238
6.377151
5.347931
5.837651
3.42199
3.727805
6.843375
5.60901
4.500517
4.435901
5.179132
4.53843
-0.1779792
1.517583
4.525507
5.238244
0.4116725
0.3210573
0.9853262
4.991107
4.513301
0.1798061
2.352827
5.002128
5.644208
5.561196
-1.183154
5.71765
3.783994
6.474868
0.121151
4.174446
2.313591
5.598168
-2.159581
3.073987
3.968942
0.9244868
6.63585
0.02773466
3.332167
4.575365
4.275175
6.146551
-0.9684765
4.639958
4.32912
-0.2541663
0.04890711
5.930337
-0.1093289
4.777376
4.892976
6.239519
5.456032
5.654603
0.0810009
3.573652
1.032832
-0.6803988
0.1046201
9.528891
4.148003
3.956669
5.19516
7.814727
4.088978
5.97368
5.740531
1.11049
0.4434885
1.65718
5.363514
-1.085645
4.247868
4.822391
3.623686
3.240843
5.917965
-0.03902666
6.288672
5.252765
7.252801
0.302368
4.848891
0.673197
-0.08312953
0.7652235
-0.3443767
0.776487
1.469604
4.517787
2.070569
5.24163
6.498227
3.285109
5.155203
1.465745
5.128845
3.990673
-1.638217
9.156771
0.9194962
3.889164
3.709251
2.099145
-0.01437918
6.977515
0.3080536
4.645673
5.426666
0.5293191
4.726769
5.620616
0.1236932
1.449632
1.153162
-0.2407253
3.065124
-0.3312501
-0.1447065
0.9219845
4.997419
5.769716
-0.5757445
7.207517
1.408338
2.636891
4.910489
0.4705249
4.403849
-1.202762
4.150063
-1.51943
-0.3690898
0.2686903
0.3790058
-0.02168141
-0.5946259
4.937784
5.214773
4.897038
4.77676
6.855397
-0.5138508
5.616401
-0.2497702
0.7929494
-0.8246804
0.8990424
2.468048
-0.01481345
0.4250666
5.400692
5.15943
-2.313742
5.701022
8.778204
4.399034
9.378964
5.281801
3.933754
5.288504
3.842112
6.371955
1.546572
5.572695
5.036786
-1.11185
3.963115
-1.621262
-0.5107175
6.139524
4.52431
5.155196
5.661796
6.16111
0.5405609
0.8696065
5.034637
5.310509
6.117506
0.3932597
1.432956
6.013528
-0.2511689
4.838938
0.6511359
1.107899
-0.01591891
4.772864
6.046195
1.978139
2.835213
4.335687
5.365445
-1.53363
-1.276918
5.446933
0.4144411
1.403598
1.193004
4.819644
-0.4476465
3.930722
4.747172
0.1081748
0.2383793
6.428983
5.118095
2.246055
0.3990422
6.267103
-1.52916
5.168635
0.7250776
-1.379625
5.706499
5.449635
-0.5367667
4.361715
4.943695
4.110568
3.713874
4.409573
5.412641
2.196227
-0.0609829
0.5475
6.508042
5.663982
-2.296221
5.997457
0.5059833
5.182778
0.2414029
-0.4914043
5.406179
3.527538
7.406888
5.348237
1.384768
4.489395
3.364827
4.875934
-0.1204454
0.6974743
2.829458
3.548827
5.346997
-0.4193842
4.910117
0.9456688
1.078706
4.313494
-1.741939
4.332471
4.337596
-0.5533294
-0.3816853
0.02651283
2.122466
-0.3062202
4.090332
6.025996
-1.668936
3.226271
0.6813805
10.11882
4.453068
0.7550603
0.2325739
1.451522
-0.6214552
5.690756
4.712357
3.420194
4.79846
5.319991
0.2325258
-0.7873401
4.841275
3.053208
2.947761
5.933524
4.467971
3.573319
1.092434
-0.1735925
-1.577784
5.191472
0.2490321
3.341554
0.6547909
1.752777
-0.5533242
5.271426
1.078086
0.5791759
4.561109
-0.4634751
-0.3216959
-1.085759
2.103237
4.440826
5.227247
-0.5923734
9.584578
0.4523429
5.573732
5.073349
5.992542
0.1239491
0.85178
0.324998
-0.5540032
0.7673597
6.381766
4.424392
-0.7556252
0.5532788
3.933947
-0.916577
4.836908
4.525581
3.086152
5.098455
5.91336
-0.327083
9.024737
4.026029
0.1907115
-0.1435372
0.4908903
0.4310025
4.938817
1.533815
1.965004
-0.3416919
-0.3483114
3.143259
6.428989
6.161823
4.520251
5.324983
0.7742609
0.1939511
0.5094508
5.756496
-0.241227
5.250611
4.720188
4.815857
4.96598
4.391524
5.887398
-0.7543457
6.980152
1.02368
2.205715
0.5744576
0.3109608
5.117484
1.568592
3.538216
-0.5491966
4.919771
1.359367
5.234453
5.713016
5.894508
5.346595
-0.3909612
3.160805
4.899768
-0.5813003
5.943289
0.01214425
1.028052
1.75824
5.014345
-0.9102771
4.777495
6.001094
4.314149
-0.7524492
6.357582
1.081032
4.657449
4.920575
1.761598
4.391247
4.107714
1.011645
0.4809633
0.3221239
4.236733
7.073518
7.153393
3.728562
4.694642
4.601689
2.36489
3.948339
-0.3873641
-0.8113722
-2.570759
0.7492177
-0.4722868
4.146697
0.0156707
5.832511
0.9117228
1.00748
-0.8632531
6.578719
0.8106271
1.337517
5.903877
-0.1512978
-0.7877407
6.878704
0.9071933
-0.04093715
1.415419
0.8413207
5.621703
1.677447
4.23697
5.013962
5.193603
4.980185
-3.029583
-0.5400846
-1.02982
1.0176
3.900848
3.756307
1.036231
0.6643957
0.04715449
1.308307
6.333856
3.817607
0.625301
5.845627
4.861675
6.902921
0.2942119
-1.569554
6.083611
0.8361215
3.653786
1.039927
4.027871
3.445339
0.4447761
5.827373
5.129406
0.9416725
4.510528
-0.03181262
0.2279197
-0.170754
6.101604
5.110072
5.764644
5.086417
4.78505
9.374837
9.031653
2.450023
0.8958846
3.083998
0.2878781
-0.9773924
-0.4264435
4.893259
-1.2039
3.747321
4.55844
3.915069
4.78942
6.046536
6.372574
0.7863174
0.4657855
6.058777
0.7284955
4.558777
4.102418
2.493176
0.1190091
4.574549
3.052337
5.2877
-2.234038
-0.1351105
6.504628
5.446134
5.340586
6.263857
4.477847
0.08159186
-0.4999682
3.187794
6.26787
2.745312
4.774503
5.170894
3.915753
2.872158
1.518849
4.502862
4.489572
4.950563
5.977367
-0.8153631
-0.2172763
4.413451
1.546128
4.797523
5.341468
0.5767717
-0.464066
4.473101
1.018838
-0.4277811
5.234999
4.888917
5.467009
0.2003871
1.057095
-1.90495
5.929632
6.094411
-0.70863
6.00661
4.951518
3.487274
6.138376
5.341673
6.641835
4.600396
-0.357631
4.342705
-1.181466
6.170073
0.4378322
4.649827
1.759068
0.5058224
-0.14082
6.306345
5.966894
3.466532
5.085444
6.278248
5.243796
3.292224
4.632184
-1.837021
-0.0152273
5.313086
4.119742
1.190715
4.995366
0.8901846
4.886798
-1.313474
-1.167498
5.648842
3.862825
4.501176
0.3383322
3.897525
0.1198861
4.661252
4.271702
4.610592
-2.660665
0.815822
3.297511
7.175973
-0.1330601
-0.08284798
-1.284446
4.201477
6.948606
4.941602
9.642943
5.581059
4.417246
3.849099
4.282562
0.7095662
-1.763363
5.350325
-1.995404
-0.4105909
6.659693
-0.119614
3.894357
1.295388
5.913283
4.178127
4.798004
0.1180698
-0.08659288
1.177422
5.673767
0.135318
3.262574
4.740038
5.753726
4.039807
-1.185907
0.375797
0.170927
1.559012
5.925058
3.182163
4.480548
4.379278
4.608751
-1.072667
4.552007
5.066681
6.25459
3.53321
4.12454
0.108798
-0.6007899
4.723396
4.556108
0.3280856
4.562164
6.573183
-0.1230445
0.4703526
3.896507
-0.2684296
4.497843
4.94141
-1.412648
3.475785
1.203396
-0.08992284
-0.08161416
2.612331
3.812624
1.354421
1.495326
0.03036634
5.443311
6.6793
5.281876
4.492296
5.197094
5.268963
-1.263511
4.418506
1.333955
3.684372
1.979082
1.863884
-0.3731685
2.340155
-0.304706
4.590841
0.5064607
3.875016
5.55435
5.793002
4.970419
4.678106
5.506037
4.345714
4.040812
0.9415257
5.910674
-1.979125
-1.302241
-0.02258463
-3.155612
4.420212
4.058848
3.074323
-1.200255
0.3149499
6.555527
4.270479
0.2246183
0.04250545
4.698301
5.529962
-0.8130868
5.006048
4.927174
3.197826
4.100089
5.810788
4.840315
-0.3945742
5.73523
4.152773
0.7953472
-1.857204
3.301908
6.064675
0.5734267
-0.4471151
0.190523
6.249092
0.09584543
3.91575
5.442301
6.06404
1.220961
5.561833
0.4860318
-0.7781111
0.5483935
3.905775
5.62116
-0.9130146
5.589146
-0.3645285
0.8010144
5.355888
4.977314
4.883856
4.180533
5.184396
4.101444
7.096665
2.955648
5.010707
5.679196
2.881397
1.356166
-0.5122074
4.80995
0.4983331
3.619965
4.717985
-1.733237
3.018565
1.575649
3.250194
0.1281243
6.354351
0.1654044
-0.5162491
-0.826137
1.483658
2.691859
4.823779
6.804768
-1.974584
0.2495414
7.365597
5.739712
7.9888
5.037406
3.785671
4.616092
12.19579
0.4267854
4.944137
1.789974
1.327765
5.780861
5.746536
6.908527
4.359551
1.099425
5.290129
5.211464
1.004036
2.375705
6.891757
-1.122077
5.419904
6.279386
5.149612
-0.5641549
1.109241
5.194168
4.810096
-0.9941427
2.172302
0.8412344
5.241399
5.318944
5.15534
5.493943
4.305609
4.280576
0.3798882
8.381575
5.254141
5.51491
3.432654
3.421263
2.710109
4.510925
-1.858512
0.2267163
5.148823
1.050635
0.7906903
-0.9456914
4.741847
5.736033
5.351873
-0.5995974
0.5832635
6.155956
-0.1940592
-3.107443
5.315783
-1.36471
0.3537294
1.782085
5.705572
4.435315
5.508235
-0.4253728
5.955124
5.934998
8.553339
4.717215
-0.4603711
10.78814
3.813082
5.298982
1.402123
5.738893
4.90688
-1.087118
2.103466
0.7802445
-0.08327498
0.8129106
-1.490232
1.290231
3.877666
0.8520596
0.580423
0.6011504
5.448932
5.247886
5.671125
0.5248308
1.355287
5.20751
4.433483
5.683572
-1.223431
4.052091
4.450329
5.93399
5.399802
-0.9704275
5.488855
6.621275
5.668453
4.831239
-0.4941526
5.419441
4.914664
6.503513
0.3974854
4.051603
1.097771
4.368137
5.462022
4.983483
5.952642
3.610591
5.033458
0.9406435
3.468
1.514738
5.742216
1.217875
0.0113568
4.936844
-0.3418862
6.11387
0.8173445
-0.2751366
4.385316
0.5905936
7.064867
4.817516
6.727187
6.296414
4.716571
4.764343
6.194346
-1.203599
3.765731
0.4818064
-1.274163
3.085823
-0.2046691
4.422298
3.791204
4.359867
4.173859
6.532794
-1.107861
6.534371
5.448384
5.761899
4.068284
-0.9638833
5.766094
6.183407
-1.812782
6.194973
3.623938
-0.2719333
0.4126924
4.238592
2.049481
7.049703
0.3160587
5.076508
1.211812
6.133387
-1.069782
5.227512
4.364401
5.101958
0.5386708
6.425265
-0.8065144
8.322466
6.056645
4.743683
5.425769
5.559194
-0.4503423
3.895455
4.809824
4.504131
4.73923
5.306783
5.625525
4.055481
5.670107
4.89675
-0.02840119
5.815456
6.688641
-1.706863
-0.3894201
0.1224431
7.945654
4.260294
5.469262
4.409778
-1.830427
5.576523
5.307827
2.834719
-0.7031125
-0.5236876
-1.485852
3.541929
4.909022
-0.1512771
-1.636954
5.439998
-0.8059209
-0.5943644
5.542117
7.444397
3.691441
5.749123
4.341623
5.32173
1.697028
4.668216
6.2435
5.142401
0.6927958
-1.153706
0.8777729
-0.8693414
5.065253
0.05290224
0.3435468
0.2215209
-0.4073459
-1.091699
-0.1358709
3.842191
-0.5958789
-0.08134361
0.6078772
4.75268
4.94555
4.747054
5.86358
5.340298
2.889483
-0.36988
-0.9606749
0.5895269
5.62516
0.9189383
4.695976
4.950939
3.232756
3.812968
-0.8734724
-0.1277167
3.430333
0.7230183
0.7309713
5.69859
4.078763
-0.7864274
4.721741
4.070305
5.556852
4.885006
1.774244
4.966457
4.948322
4.816202
3.755399
4.670181
6.489363
4.864143
2.112978
6.886075
4.507125
3.856452
0.1419289
6.167963
-0.3911711
0.1228055
4.432661
4.284569
8.225268
0.2782481
-2.987865
5.670409
-0.8260682
4.12673
5.208473
5.826717
5.173503
4.575657
4.389398
0.5065403
4.581875
0.6500427
5.494169
5.4432
3.028905
5.999568
0.8963992
4.08051
4.82541
4.321885
4.635717
6.695326
0.3343908
3.63332
4.458347
6.187764
0.2757666
4.544818
3.047642
6.424545
4.704522
3.453322
4.198268
4.848611
-1.011484
5.376456
4.437332
-2.005711
5.904812
0.267709
0.1709261
0.3463904
4.176661
1.625517
1.306357
3.702658
5.985867
5.994674
-0.9081169
0.1029837
1.665539
-0.862199
5.558464
6.047755
5.019805
6.437957
0.6989872
5.831319
4.881582
6.872384
5.364488
1.877625
3.517532
4.897881
4.842369
4.894882
7.597499
5.217976
1.186357
5.261376
-0.3273992
-1.869761
0.05541336
5.568882
-1.551858
5.063766
6.331424
0.1994743
-0.2917771
6.136284
-0.6558215
4.916191
-0.01460818
0.5486244
5.170709
-0.1330324
1.621217
-0.1449488
-1.629665
-0.4906662
-0.9762183
0.575607
4.87638
5.2144
0.3337856
-0.8689674
-0.08542724
4.452162
-0.3014616
3.249752
-1.682233
3.553007
-0.8402237
-1.072827
4.733372
0.971055
3.6859
4.285335
0.1265442
6.742767
4.811451
4.397358
0.6869069
1.376386
-1.332852
0.4727121
5.55259
-0.06171574
-0.4272075
1.07514
0.226937
4.329771
0.4755881
5.469834
2.76589
5.747048
5.714958
0.2097444
4.954611
-1.205033
4.633709
1.697961
-1.872836
7.632185
6.096559
-0.247398
0.8355482
3.793106
0.5855729
5.810241
4.988502
5.227613
3.258772
-0.7383356
3.564191
-0.7883061
6.721983
5.713965
0.3706312
5.038503
4.628889
5.957585
-1.189828
6.377643
4.623411
-0.01664719
5.559325
3.724259
2.52862
5.126767
5.997465
3.066539
5.267642
5.226283
1.196391
4.629963
0.5548562
5.211765
-0.5905404
-0.4188184
-0.6636631
-0.7086155
6.235811
-0.363535
5.698508
0.6229956
-0.1377583
-0.904003
4.884507
0.2540406
5.402328
-1.355376
4.682679
4.799417
3.573042
3.974575
2.329517
6.582442
5.50734
4.572515
7.86891
4.942967
-0.8725155
4.6732
6.402652
4.633284
-0.5482534
0.8228039
4.356686
5.575616
5.625372
5.472553
1.306047
0.695354
1.455623
4.134818
4.7026
5.752292
3.913825
5.130319
4.808351
1.649802
-1.487369
4.826174
-0.303951
4.366118
5.78161
3.178198
4.433381
2.641971
1.447414
0.5203142
0.350342
-0.5544548
3.28795
-0.9855557
2.004113
0.3673027
4.819724
-1.803532
0.3204732
6.217576
-0.2529233
7.536605
6.431695
4.706949
0.2458514
4.681327
5.845229
5.839245
5.148072
2.782299
3.567757
1.218304
4.298367
6.65079
4.317203
0.7212785
-0.6141564
5.25464
4.598112
6.297896
-0.9288358
5.171976
2.369921
-0.2934049
6.153248
0.9942751
0.9838142
5.26242
-0.8901139
4.623964
-0.1535428
7.232584
5.061755
7.133042
0.8362078
5.152448
3.177471
0.3057465
-0.6138452
6.643133
0.2311965
-2.540856
4.666202
4.487631
4.960828
0.8017841
0.4979141
-1.188811
6.354229
0.6844067
3.260667
5.646307
-0.2565148
-0.4347064
7.73794
4.676886
6.861672
4.306563
-0.8930758
-1.405511
4.182212
-1.185897
6.885097
5.122137
5.795457
0.9755097
0.1524799
4.65409
5.343391
7.175169
-1.023844
0.6051328
5.270197
0.2968791
5.846341
4.443837
0.4845155
5.112298
6.406786
5.141234
3.708453
3.68156
1.753604
6.345299
4.766809
0.1774315
3.31795
5.435442
4.477645
-0.1445724
4.136864
5.762921
5.535182
4.90178
4.864913
0.2815141
0.7486264
9.692854
5.93347
3.521741
6.300974
4.001702
4.055901
5.636062
-0.2958232
-1.742695
5.289374
2.624679
3.953542
4.609536
0.9905882
3.015304
4.793497
0.9252917
0.4789978
-0.175341
10.78067
-0.6607113
0.537206
8.448705
-1.244277
5.557057
5.445255
0.7349991
-0.2254968
1.003602
-1.607143
0.2896889
5.053091
0.6496001
3.087281
0.2930073
4.881719
-0.7472349
5.20203
-0.2380348
4.453259
-1.647261
4.464602
4.035694
5.823582
0.754562
-0.4624063
0.2209782
-0.6194486
10.26354
0.5206135
3.925681
-0.775148
5.331593
5.027695
1.467448
0.7504825
5.603734
4.958093
4.620168
1.55787
4.332236
5.342802
0.04328944
4.703106
-0.08815026
-1.095456
6.876655
5.268501
4.980821
0.1607554
4.493481
1.370304
5.604707
-0.6716438
5.723369
-0.08374038
4.23379
6.094734
-1.999609
1.042131
5.787858
5.927876
3.790633
-0.7605852
4.326319
-0.3690306
1.108998
5.475592
0.3649872
-0.6000205
0.78572
4.135049
7.655774
-0.8549666
5.699626
-0.2370612
4.509704
1.108741
5.179271
0.4191657
5.123756
0.897924
-0.1428017
-1.146931
-0.1630619
1.384951
4.591433
3.806444
6.110554
4.547914
2.789866
4.752366
0.6632508
4.427926
1.104292
4.893555
6.333092
3.071841
5.638016
3.122936
4.093039
6.981447
4.377202
-2.746901
5.213865
5.515715
4.673483
3.678045
5.863641
4.250684
4.394057
6.092569
5.500509
0.6873832
5.865175
2.427251
-1.317831
3.511062
4.856423
0.1675219
-1.642658
0.1781971
4.950841
5.33487
2.022228
4.98681
5.385013
0.03015577
4.636532
3.827224
6.067894
0.3478077
7.12672
2.494969
-3.083387
3.986541
-0.2089553
4.157658
5.381646
0.02792143
0.5082511
1.332725
5.182191
5.783212
5.342826
-0.424043
1.654718
4.014792
6.338987
5.549441
1.298285
-0.6728435
0.002736158
5.607149
0.6265015
5.200573
6.412018
1.536495
7.186193
-1.157686
4.491769
4.619703
3.743481
-0.2477414
-1.130372
4.762477
-0.2701059
4.72147
4.340736
0.4718762
0.8411596
6.060629
0.563816
1.967107
7.460139
3.944107
-3.296355
5.008035
4.465456
-0.3501853
2.749542
5.294644
6.263458
5.073142
5.821036
-1.696226
0.6291527
-0.1002644
0.4995789
8.980363
0.07326025
3.447377
-0.8805942
6.147851
5.737336
3.943301
-0.2394693
6.495715
0.5223492
4.891377
-1.770484
0.03730939
6.250734
1.673819
-0.9596177
-1.772339
4.601765
0.5341423
5.071391
6.41712
4.928828
5.28696
3.1424
0.6453417
0.803308
-0.08806631
5.048212
0.1003905
5.202092
5.112616
5.023135
6.637716
0.6907997
3.775454
4.363072
4.442491
-0.2579617
1.198115
5.379255
4.818866
5.674353
5.792242
6.000672
-0.3480857
-1.570726
4.874468
2.563502
-0.4865489
2.682576
0.2199724
5.094
0.1099271
-1.359349
-0.0110017
0.4039905
1.064519
8.38112
0.8453171
0.005841523
-0.1708272
1.522382
0.249164
2.938228
-0.1479422
6.441626
1.241081
5.563462
4.721385
0.5936147
5.390533
9.780045
-0.443747
-0.7326057
1.289692
4.767113
0.2739182
1.750289
5.888083
6.934641
6.996277
0.5801936
6.257426
6.554195
4.381188
4.000044
-0.8990797
3.68425
-1.99517
7.259505
-1.038025
5.133782
0.1369256
2.114345
5.793121
0.6851261
0.09097731
1.117664
1.257158
1.654196
1.23582
-0.03862462
0.6047636
1.984992
2.047586
3.230091
6.279207
0.6016658
0.4072432
5.269932
-0.9303817
7.042399
3.917232
0.3889316
5.576903
-0.3763057
5.365055
3.86855
7.956689
6.952701
-0.3918421
-0.01339027
4.199718
3.476115
4.19053
6.143102
-0.1354345
0.06762512
4.14265
6.127942
7.781962
3.504679
5.079309
-2.688421
5.658049
1.727509
4.164805
-1.297356
6.104179
4.06751
-1.4547
-1.578267
-1.564403
-1.014198
0.26479
4.17803
5.432132
6.634994
0.6302465
0.3096835
4.797858
7.510345
1.09895
8.452392
-0.3772751
3.65557
1.160848
-0.08121729
-0.3597563
1.424495
2.364957
-0.4768586
0.8883349
3.437801
5.748236
0.1689306
-0.05017755
0.7382487
1.258933
-0.4393828
4.657346
-0.3424807
3.185173
4.20881
5.052583
-0.2408
1.810098
4.109942
7.534413
4.846974
4.481769
5.589548
5.320595
1.537151
4.287115
3.361572
1.923288
-1.552445
4.939996
3.471111
6.383256
5.178757
-1.581454
-1.352885
-1.221675
6.563572
1.047131
5.240968
-0.6059579
-0.3102628
3.87061
2.87933
4.298659
6.665038
6.061971
4.171657
6.16555
4.258307
3.62962
0.8581961
1.200639
6.029481
-0.0753091
5.620909
5.435163
0.4980401
-1.352528
-0.2256488
4.582271
-0.1195481
-0.8540785
4.581721
0.8565622
3.519418
-0.2546959
4.244877
1.5883
6.141118
0.6819739
-0.7281029
6.015363
3.783655
3.770387
1.357594
3.827848
5.678855
4.168074
-1.290383
-1.800674
-0.7824282
4.454101
-0.3220095
-0.1839944
5.949105
0.3705717
3.39803
4.820866
0.1516454
0.6590975
4.601601
3.082879
4.026494
3.699483
5.46517
3.815011
5.566412
1.167767
6.226308
-1.210233
1.446183
1.246188
-0.08249999
5.14404
-0.5419346
5.386754
0.08566971
-0.2928756
-0.8597816
4.745283
6.543623
6.106024
4.719194
4.867221
-0.04004046
1.721907
3.8252
0.8087381
-0.4210426
2.547668
0.6637395
0.1297883
-0.2908836
0.7111494
3.377638
0.5991426
5.80721
5.288396
-0.8472927
4.13654
4.372032
5.338365
3.846757
4.205636
0.556632
-2.784506
0.6052181
2.117148
-0.6608405
0.2969903
5.591965
3.966935
-0.2075503
5.785276
3.440772
-0.8917242
-0.7432564
-0.4931927
2.034566
5.306817
1.446084
4.311869
0.8266751
6.156844
4.70145
4.203947
0.6522135
7.02139
0.7861564
-0.7306042
-0.1554204
4.569195
12.17436
5.786431
1.197517
0.09974599
5.409236
5.418399
0.241249
0.5094105
-1.52054
5.973196
4.690272
-0.3824114
0.9382144
5.977168
3.347776
5.676589
0.7407435
1.139349
5.161229
4.424546
-0.6255037
6.352865
5.41606
-1.433926
-1.623535
5.402309
0.1325086
4.428233
1.358461
1.530533
4.001333
4.711615
5.47721
0.7674342
4.944585
1.271956
-0.35841
2.362197
8.208304
4.289937
5.180567
-0.1394829
4.841425
5.831568
-0.1163793
4.30331
4.677378
3.155401
5.572242
4.851917
6.977017
4.40696
5.559519
-0.482757
-0.8337642
5.516945
4.73728
0.08114676
1.356039
7.538267
0.5836424
1.094201
-0.9605909
4.820572
6.023182
6.619699
-0.03305606
0.5051344
-1.010446
-1.19816
-0.4127224
3.595544
6.301542
5.047166
0.9817061
0.5400518
5.060868
3.926056
0.3320983
4.830834
1.181744
5.095558
-0.03239798
4.911799
6.83586
6.637359
4.611239
5.500902
-2.382378
0.5277045
7.114098
4.829734
3.101831
4.984095
4.057683
1.173928
4.772087
5.846272
10.77177
-0.668974
3.351072
0.03122212
5.488359
0.7231612
4.429059
5.153574
2.489488
-0.2547532
0.6074449
-1.08096
4.585388
1.270729
3.655609
0.04459637
4.78488
1.513724
4.296714
0.6180994
3.35359
-0.3801877
0.6069298
6.891259
5.946393
1.030237
1.024014
2.931895
4.819733
5.209807
0.2666707
-1.344065
3.514551
5.173552
5.68661
4.586504
4.767371
5.806561
5.031082
0.821589
-0.00925999
-0.6025179
0.04829027
-0.7885789
2.830526
6.264751
-0.1903015
5.666052
0.9921384
5.320859
5.098455
5.84501
1.108782
4.622732
4.742606
5.303884
5.219623
4.363774
-0.417347
6.679803
-0.9637585
6.097204
4.757549
2.993963
7.137974
3.346609
5.070993
4.799137
-0.3651248
0.9531407
5.768812
4.974906
-0.05512526
4.619693
0.1020553
0.4732372
6.409272
3.51513
4.496648
0.8313192
4.167917
5.256801
0.225311
4.955501
-0.4890545
5.010316
1.083064
6.787077
5.081928
4.340101
3.326266
1.365033
-0.1869342
-0.4430298
4.274567
0.5669993
5.524451
3.826301
0.8542257
6.166293
4.353687
5.732738
-2.258525
5.289526
-0.7707596
0.01099814
-0.4109434
3.297826
6.529034
5.843076
0.2002154
4.965079
-1.237751
0.6787923
-3.069456
6.359587
0.181649
0.3113502
4.538834
-0.5886374
4.527649
5.684157
1.29318
-0.800918
7.252655
-0.4408493
4.989418
-1.285416
-0.1672238
4.38627
4.016423
0.4154178
0.02907539
0.4818502
-0.4576518
0.2760456
5.435646
0.5732287
3.382868
4.174506
5.066284
5.43779
4.545876
-1.520772
0.2711777
4.140581
6.428826
0.9321121
4.981169
3.680724
0.3992471
0.7896811
-0.08751942
-0.1661366
5.091586
1.573889
5.468769
6.115866
5.952833
4.131542
5.213877
4.681263
-1.041946
4.225624
3.824852
5.40888
4.178899
3.431659
0.597238
5.822154
3.824891
-1.223068
2.841167
8.733252
-0.7154319
4.415456
-0.6631284
4.02016
0.1594699
0.5168615
4.287169
6.221109
6.812826
5.35885
5.790975
5.187703
-1.061755
4.792394
1.048198
5.342031
4.986992
2.25797
2.218469
4.125635
1.01069
-0.6206958
4.006533
4.307792
-0.9926943
4.442789
4.523271
6.142474
4.827248
0.6727572
6.658255
5.365925
5.847863
4.520235
4.509821
6.016907
5.841003
4.827153
3.953067
-0.930985
-0.1249374
6.06305
1.489013
-0.1359504
7.878623
7.70175
5.999551
5.064586
6.119788
0.3301477
0.1747351
5.136268
-1.302796
3.449463
5.887346
-1.395981
0.2374259
5.100738
0.3123043
0.08456082
6.012711
4.632113
5.988145
5.828759
0.3552865
4.743528
4.089402
4.438394
0.6408381
1.971266
1.376149
5.987758
-0.2140501
1.346764
5.870379
4.774116
1.731733
0.2654323
6.520323
0.5008346
5.895621
5.218108
6.753722
0.2824951
5.154249
5.369069
5.819086
6.682865
5.089688
0.8196926
0.4870077
5.624249
4.248466
-0.4233737
-1.154271
0.2205486
4.913807
5.419522
-0.4681505
4.693104
5.288891
0.1284377
5.215763
0.5160268
8.126004
4.168384
4.626599
0.982496
1.803088
6.014813
-0.0388115
0.4609402
4.914128
-0.8510452
6.032749
11.35852
-0.1533175
0.9787181
5.622274
2.880698
4.314489
4.107441
5.698548
6.784676
7.016553
4.494068
-0.9930504
3.983373
0.6913055
-0.1324768
4.998297
0.04440941
1.423835
1.074142
-0.1807583
-0.2463154
-1.610731
6.000867
2.755092
5.159193
7.041821
1.652883
2.96358
5.036194
5.113121
4.779531
6.198346
9.751857
6.399253
6.809714
4.46777
-0.6999925
5.121189
4.455904
0.02536551
0.03883219
-0.8643583
6.921375
0.8097659
7.017611
5.900741
-0.324594
2.639019
4.834664
5.398268
-0.6087436
5.615304
2.242448
4.673073
-0.5753893
-1.82554
6.134339
4.601023
5.356048
1.048242
5.664631
0.2805882
0.2127389
-0.4020593
5.956227
8.908993
6.158655
0.3557028
-0.4114525
0.756629
3.541247
3.355582
-0.5693595
5.527512
-0.3695244
0.1634799
2.034325
6.496113
0.4860714
0.3103272
0.4372277
4.544639
-0.6458308
3.804197
0.972446
6.259467
5.538521
1.351179
-0.3236287
5.479429
-1.105278
3.868144
1.829907
5.574807
4.523379
0.3131715
6.198343
5.046945
0.6705823
4.186396
-0.792576
-0.01165678
4.782202
0.157276
-0.1084745
4.921304
2.564367
5.35195
7.303372
6.906023
0.1121096
4.907271
0.2467046
4.450935
5.213009
4.86362
-0.2741038
7.328418
8.292518
5.000208
6.970965
0.5555297
5.936258
4.119598
1.70849
4.57153
6.712178
4.820723
7.782644
4.735482
6.23408
4.977186
4.998946
1.148526
-0.5355092
4.21715
3.524089
1.635649
4.313155
5.885257
-0.295661
5.78547
-0.0239324
4.126019
5.003683
-1.15681
-0.5127866
-1.175204
6.203099
5.310307
3.905415
5.132682
-1.866563
1.197619
-0.6470797
5.560909
4.279559
2.294412
5.258379
0.4197835
5.936918
5.780208
1.441512
4.914722
5.382928
9.973615
6.290156
3.843549
6.651503
5.813797
4.370615
5.018967
5.210101
-0.8570842
8.111677
3.546082
3.97534
5.146245
0.4425714
5.150083
2.120525
4.713246
4.738911
-0.05515929
6.235727
0.2919225
5.836139
-0.2326209
4.085287
3.323463
4.946729
5.805144
3.590123
6.411299
4.808033
5.584199
0.2988796
1.429847
6.864141
4.214195
4.07864
4.48243
1.910172
0.5607185
3.634494
4.513456
1.114253
0.3916757
12.45814
4.777708
-0.119768
-0.001542901
5.93431
-0.7642445
-1.661317
5.069343
4.885322
4.607863
0.8793291
4.944734
6.145445
1.257429
5.885665
4.495132
3.252266
5.561027
4.711962
-0.0381324
1.839389
-0.1490779
-0.2126444
4.396795
5.907034
5.032629
5.145738
-0.2002678
4.436105
5.494564
1.475113
-0.3167207
-0.4936961
3.80988
6.580459
6.371591
0.1274993
10.9405
-0.1613323
3.145945
7.228679
3.446984
-0.3813065
6.053913
3.451758
-0.507738
4.873119
3.926544
-1.268119
6.812973
4.651241
0.1814143
5.524796
5.925505
-0.1614128
-0.7356693
7.085262
0.1420733
5.99084
7.289985
5.631267
4.698181
4.345122
4.866713
-0.9552468
9.867646
5.320202
5.382067
6.237005
4.6209
1.514187
5.073632
0.9654517
6.544818
5.913932
5.617192
0.1163325
-0.2154306
5.717105
5.405831
1.463802
0.5786969
6.088438
1.092232
0.9612314
1.272456
4.330549
5.708909
-1.749192
1.255525
0.06622149
2.687916
6.694775
7.067907
2.711081
-0.9521942
5.357674
-0.1118761
3.150642
5.657364
1.072658
4.143716
-0.4938228
-2.472786
3.240967
3.763698
-0.7560848
5.760061
4.952137
5.34347
6.527872
4.720774
4.028764
0.2693586
0.7186316
5.110196
7.486557
0.2091989
-0.008722313
-0.2500341
4.039925
-1.953978
4.674491
-0.4414113
-0.4633382
0.003653728
5.812985
5.539144
3.868988
6.204257
3.976106
-0.6273745
4.691283
3.248348
5.056785
-0.4999549
3.579052
-0.0553222
-0.5021683
5.765596
5.553004
-2.064117
5.992958
0.2046273
4.924517
-0.1590524
4.057168
-0.4320832
-0.8245164
-0.09837017
6.909481
6.771341
4.69803
-0.7655005
0.02329329
5.797379
3.491897
6.074966
4.383089
2.739093
3.854919
5.751403
0.1085575
5.442813
6.173644
2.369387
5.381675
5.615961
-1.595551
5.548034
3.920361
-0.1863654
0.7328144
2.411093
4.24505
-1.258491
5.68632
0.3183455
0.2632031
-1.013719
-0.3281692
-0.09528063
0.548154
5.937547
-1.30203
4.953963
0.9538288
5.102788
3.460225
-1.180045
5.248071
-1.189922
3.451199
6.0802
0.5099504
4.981655
5.495641
0.7728313
1.14031
3.564051
4.109841
8.100082
-0.3191488
0.8609393
5.412564
-1.00106
-0.4675146
7.159698
6.555913
5.605602
5.379081
4.949695
-0.002252826
4.249267
3.673071
8.679176
5.844808
-0.7929804
-1.78784
5.537465
0.3416243
5.981726
-0.6772744
4.57819
0.541014
-1.300659
0.5185041
6.540782
0.2915076
4.78456
0.9659686
-0.6358751
1.840011
5.22337
-1.439762
4.192622
4.963043
-1.004576
-0.04068869
0.01915663
5.03004
4.361298
4.831288
6.428365
6.38451
0.5347413
5.711952
5.139968
0.2613452
4.018707
3.517764
0.07292003
3.715858
5.985548
6.764871
2.844632
3.464324
0.5988509
5.915565
-0.2860715
6.743038
-0.5143989
0.05887857
2.024481
0.107616
4.697202
7.004658
4.537813
6.836906
3.548054
5.023425
0.960344
5.437357
5.039932
0.8156372
0.1024452
-1.095881
-1.126205
-0.9983212
0.3812223
-0.128919
6.171464
-1.321393
4.206431
1.69414
-0.9129888
0.7211068
3.608948
1.072635
5.56078
4.500504
-0.7701609
-0.4215822
-1.57594
4.695895
4.605861
4.067824
1.573577
4.36305
4.976474
-1.016686
5.914063
-1.32624
2.445675
-0.5314504
2.882518
-0.998551
4.578317
0.05866737
7.24062
1.509593
4.589861
4.119537
-0.2029417
1.212264
-0.08354293
7.327715
5.477812
1.989511
1.213322
-0.186034
-0.6808292
6.01462
-1.332713
4.2613
5.897769
-0.4436865
1.403113
0.7722972
-1.228028
5.553469
5.277789
4.685624
5.32566
0.711669
6.735232
-0.8939496
2.833662
4.732511
6.563241
1.051472
5.793273
-0.7067243
-0.108749
0.7605589
0.3038259
6.771234
4.67716
5.757277
6.482343
5.644565
3.577477
0.8983257
-1.478838
6.248236
6.126826
10.279
1.11659
5.707296
4.818757
3.415363
4.159336
3.970007
5.101652
2.412637
6.89541
4.411626
1.189586
4.15932
-0.4555178
-0.2319225
5.495153
2.923044
4.401928
4.55581
-0.5371994
3.38149
5.162752
3.825331
1.51743
4.965666
2.054774
4.923261
5.574945
0.3859925
0.9279971
-0.04029182
1.088957
-0.1745702
-0.2627866
5.736883
6.874494
6.229969
0.7155624
4.916282
4.32554
4.258763
5.617046
4.149168
0.8716726
-1.301824
3.952082
-0.7478225
-0.1544685
0.7898259
-0.1068204
0.6940989
0.415986
4.566848
-0.6758867
4.823635
-0.09347892
4.429971
5.758368
-0.7119042
4.375966
-0.4168624
-0.7710018
0.5529193
-0.8657756
4.746509
6.128964
4.848376
5.407756
1.488127
0.6971224
5.197672
0.4842376
-0.833422
5.964069
1.774517
0.2541017
5.127652
3.829171
6.08057
7.231838
3.377072
4.654437
1.15208
1.092778
3.642153
-0.06703971
0.02162073
5.846016
5.760816
-0.5796579
1.097146
-1.495704
5.65955
5.584222
0.4236652
-0.6237215
5.008543
0.2886844
5.670662
6.399473
2.362998
-1.220863
7.232744
4.365387
-0.5825513
4.844497
3.941897
0.3067298
-0.1962923
4.5956
0.2867152
6.01206
0.2800083
-0.1399589
5.230799
5.7022
2.602003
4.962417
5.621576
6.299543
0.5363302
3.675678
5.995532
1.951403
2.695632
-1.993572
-2.401686
0.3695312
-0.5499235
1.296685
2.67097
5.935707
4.899618
7.535161
6.355741
5.557696
4.161733
-0.726499
-2.369729
1.609253
5.497384
5.497936
4.902875
5.683959
-0.4411584
-0.5323396
-0.6299172
7.701925
2.594144
0.1090768
0.4125244
4.105782
5.001834
5.635873
-1.11566
5.388913
4.870745
-0.3076577
0.8945122
5.819098
-0.2361084
5.211885
4.591354
5.00617
0.5610826
-0.1452707
4.540165
2.518563
0.1849187
6.702438
1.350283
0.1380123
-0.4855588
0.6368611
0.8890914
7.842971
-0.2450113
-0.7400168
4.132967
4.557054
3.417692
0.8041941
4.692622
0.3130345
0.9687196
-0.4880484
3.938199
5.280126
6.389868
5.781674
6.104703
5.427468
0.667215
0.06393073
-1.248026
4.119759
1.013212
0.04334973
0.7311879
6.210877
-0.9159593
4.454874
1.140661
-1.64963
5.859877
5.77274
-0.7415606
4.831909
4.335182
-0.9949081
0.3943411
5.961884
5.492629
-2.272988
5.027056
5.585475
5.154887
0.3710711
0.6651809
6.509023
2.541339
4.839402
0.5924527
0.7315299
4.811917
7.027803
7.542191
5.97589
3.133139
4.603146
4.665243
0.2335762
-0.8724612
4.722219
-0.07970688
5.782094
0.1434303
5.848939
-0.4097549
5.25618
6.108868
5.128325
4.628794
6.606408
6.959226
0.1619369
2.235755
6.278724
5.936418
-0.09939027
-0.8827813
-0.1551335
-0.3915323
3.372722
0.3852384
-1.351731
0.457764
6.594843
3.965957
5.724644
-0.5487182
8.822197
4.495795
5.005028
5.74241
-0.4045798
6.335022
-2.655494
3.105962
7.333492
4.837219
1.235302
5.085935
0.2787387
4.927289
4.495971
7.797914
0.9584341
0.4828162
6.184496
-0.5960751
-0.9840428
5.829649
4.608089
3.763413
-0.8173406
0.9349111
6.517346
5.46349
5.217535
5.675284
4.548607
4.666583
0.351347
0.6818602
2.13298
2.975198
3.021765
-0.5437504
5.6936
3.544924
-0.08708972
-1.383872
3.301695
4.73034
1.123195
-0.8077323
0.7521126
5.083907
0.4830905
5.859089
6.616044
5.952183
4.397279
-0.3508792
0.6611578
5.090603
0.4865749
4.33933
-1.311553
4.916411
3.98923
5.72383
-1.169546
5.810317
5.600573
6.013719
0.7072654
-1.079285
9.08278
5.48283
5.792211
5.269607
6.071369
6.573372
-0.5123083
-0.1131429
7.719862
5.101163
0.4612738
2.18411
4.454887
-1.173374
-0.5723036
3.574192
5.098703
4.82488
3.777819
3.986521
5.301278
5.870366
0.3213749
0.9665011
0.4664069
6.379735
1.212589
4.033428
-2.694181
4.09134
-0.1286638
1.554986
4.441345
-0.7386223
5.33736
0.9904645
4.933127
4.874985
5.164551
-0.5716372
8.23806
-0.3852787
-2.554877
4.721534
5.244944
4.857451
5.052362
4.411845
4.230023
3.73706
5.266627
1.188524
3.642844
7.211654
6.397293
7.791662
4.605964
0.9034882
5.331982
-0.4918221
0.796782
4.199949
-1.954211
-0.1274149
4.695517
6.296445
1.198063
4.163767
3.639138
6.197419
-0.3653766
6.590924
6.424592
-0.5125551
5.027083
5.622209
3.815598
5.381572
4.500197
4.580679
5.002549
-0.7159136
0.7060335
4.160742
-0.6512666
5.938777
-1.748666
0.4691071
4.46917
-0.6764389
-0.7927941
1.963136
-0.9944585
3.237697
5.938831
0.3895392
5.181467
5.757597
4.184701
4.401999
-0.5319666
5.905355
6.3388
5.502687
7.590392
6.788161
-0.3934942
-1.241968
4.932137
4.885572
5.266697
6.317533
3.777616
-0.1034693
4.315566
0.08855721
3.997604
8.604655
7.568998
4.289034
4.761492
4.072027
6.297729
4.727621
5.725788
3.199461
4.794497
-1.187177
-1.243623
-0.3796988
6.897786
4.722877
5.666378
-0.7872766
6.553748
5.857408
-0.4252072
7.155282
1.999281
7.026914
3.874849
-0.0660674
-0.3764965
-0.4125458
5.254217
5.122537
-2.184124
6.130152
-1.814882
-0.4337159
5.2445
4.772905
-1.38793
-0.2757753
4.270624
4.178592
3.325962
5.532263
6.113741
6.414238
7.223177
0.8680133
4.105097
6.252724
0.7667352
5.168582
5.075304
5.570338
-0.3782268
4.484372
0.01094089
4.378032
0.9344476
-0.2297903
5.75246
0.7583165
6.460055
4.967148
5.541449
4.780919
0.1122776
4.749205
-1.263023
1.676847
4.575066
0.2951812
1.635415
-0.9077369
-0.9784502
5.693994
4.55163
3.220562
2.090403
-1.20922
5.337811
0.3236163
-0.09343517
-0.2130941
3.685755
0.5545049
0.9340372
5.15725
8.385509
5.963234
-0.173989
-2.327518
4.249972
-0.1382584
4.356633
3.700677
-2.734181
3.06316
-0.3314594
0.3742179
4.204729
0.3926216
3.064258
5.597293
6.864954
1.062547
4.605783
5.168137
6.846589
7.275378
-1.764242
4.601296
5.611507
5.731061
4.714106
0.08075612
-0.0605993
-0.09829097
5.11674
1.842723
0.2337769
0.8600538
4.365097
4.47094
5.352999
0.3476796
4.372663
0.9790948
4.358068
4.538158
1.881556
7.258965
5.100731
5.093101
6.579167
3.870367
-0.7254829
4.86331
-0.1700472
4.558921
6.985971
-1.29139
-1.2048
-0.3034569
4.532087
0.7804566
2.761853
-0.7993326
5.835462
0.2543875
3.692784
-0.1427259
0.7349791
-0.1813997
0.5258108
4.519553
5.588264
7.171124
-1.607368
1.618693
6.442895
0.3645385
-1.214446
-1.013459
4.993769
5.410206
-0.09579643
5.019686
3.404905
0.004425887
5.008151
5.049669
4.23851
4.261914
5.289039
5.249471
4.012883
0.30424
-0.2383221
4.187002
6.363706
0.08720665
5.69717
6.382675
4.599956
-0.2792278
0.448061
-0.2811921
5.817597
-1.301527
11.93628
-0.4038952
6.096026
4.403103
5.242009
2.483115
-1.174617
5.861896
7.037306
-0.1102054
-0.2335569
0.9583929
3.973746
5.704952
-1.452227
0.9884163
3.981458
4.620655
-0.575117
-1.097204
5.306368
1.92138
-0.5887001
11.31271
-0.2298402
5.308065
4.492604
5.525477
4.728525
0.4468803
4.215446
4.067409
1.107056
-0.8291436
-0.09271385
0.799364
5.000334
6.99072
6.475842
-0.6402464
5.586301
0.2887367
6.179227
4.387201
4.049921
5.131787
5.294381
6.318657
1.653978
7.033937
1.610063
7.169435
5.037673
4.339411
-0.5973189
4.173087
-0.5266416
5.680004
6.371963
4.158908
9.224548
6.47546
8.425613
1.983006
0.6213904
0.5766238
6.70825
8.870726
5.80953
1.535136
3.826501
5.854061
-0.4965367
8.969658
4.686201
6.143866
-2.572964
4.107307
0.2903304
3.819238
5.242792
-0.2633294
5.809494
-0.8688935
6.529192
1.733336
-0.8503174
-0.3044137
1.151864
4.701628
2.366332
-1.911708
5.717214
0.1846942
7.003909
5.43612
0.5722381
3.889769
4.784695
-0.4894426
5.899365
-1.492719
8.989703
-1.605358
7.050895
-0.658921
4.614651
4.555739
1.190133
-0.6534496
2.199111
-0.2988664
4.344842
-0.5487466
0.05776407
-0.7921245
5.347437
4.39983
4.93648
0.2582336
-0.9637864
4.181879
-0.4252317
0.2628786
-0.1013458
5.507727
4.903233
-0.8367912
4.186108
3.535669
5.128951
4.712636
6.375175
-0.1392376
4.757406
5.159617
3.305585
5.362701
3.581958
-0.07390183
3.855223
0.6467573
5.896231
-0.1518907
3.7308
0.9267231
1.076353
2.05766
-0.4918177
-2.555162
7.682225
3.727075
4.628151
1.908531
5.799808
-1.789839
3.431952
5.208463
6.071334
3.324989
7.116952
6.003956
5.799598
5.136431
-0.1841648
5.45521
-1.94793
5.70989
3.148172
-1.011271
4.230988
0.7865297
5.462118
6.116829
-0.6806785
0.9692556
3.969483
4.021892
-0.3257764
5.109627
0.9731327
5.791652
-0.6103871
0.328061
1.796379
1.080269
-0.4141837
0.9894275
4.998081
4.860102
5.044906
-1.112614
3.646286
3.002582
5.240704
-1.965619
6.441215
-0.130762
0.61085
0.6291142
4.947723
3.286888
6.374244
0.5243915
0.1499117
3.502212
-0.955058
6.695387
0.4446105
4.51307
5.379451
6.55731
0.03796229
6.756964
5.499035
6.107551
3.575905
3.859611
5.604166
5.373642
0.01200546
5.865691
