5.322955
4.426908
4.242768
5.196428
5.426366
4.98114
1.204403
-1.498658
-1.666541
6.797719
0.880596
6.837101
6.912394
4.45932
-1.295825
4.586756
0.9689933
3.924935
3.858904
8.487227
0.7681566
-0.002467341
-0.2011774
5.341968
1.099289
-0.76052
5.362686
0.1018288
4.950065
6.274595
0.2457578
4.85786
4.827176
5.457677
3.905946
-0.86707
-0.04441019
0.2552174
4.132663
5.322595
3.621585
4.481968
9.145527
-0.08772609
-0.107404
-0.514103
-0.5151083
-0.3455711
0.1020937
5.698803
13.84911
5.637067
5.504075
5.651369
5.602017
0.5174638
6.356441
5.992808
0.5027194
3.807949
6.858519
3.442111
1.824066
0.4954366
4.88538
5.603703
2.189761
1.740209
6.463953
0.4229262
5.153214
5.411038
5.137462
0.6526562
-0.2413465
-1.11742
3.517219
4.144863
1.599043
-0.9908127
0.3863438
4.572409
4.754681
5.815975
-0.09342847
5.640634
5.072804
-0.4621605
5.808895
4.454449
5.079337
-2.23
1.179623
-1.313137
0.1274925
-0.4470877
4.976615
-1.030619
3.598772
5.681201
3.576913
7.438792
5.267068
-0.7739656
4.765685
4.988856
-0.8217891
-0.7568795
3.383463
1.383271
5.830552
5.986268
5.319634
-1.532554
5.867738
-1.84636
6.192344
1.725735
0.5459342
6.084484
5.555115
4.044598
0.1982348
-1.256889
3.99331
-2.43506
2.654159
1.57077
5.561128
10.30886
6.186233
9.052648
0.7102551
3.880665
5.667491
2.381726
1.014314
0.253895
4.358944
6.688566
0.1048159
3.990186
9.000407
-0.9991651
-0.5403812
6.662422
5.713091
4.590131
5.783224
-1.794127
4.109398
5.484594
4.932582
5.544609
6.007535
3.398768
4.474974
3.840736
6.007422
-0.1829835
3.454916
5.290164
0.005466001
5.477557
-0.4979247
-1.203622
0.2100678
0.2716864
3.704485
4.0985
5.164831
4.600577
-0.205528
0.167094
-2.110145
4.882958
5.734702
5.106534
6.394313
-0.026951
3.972758
5.926551
0.6048417
0.6469335
6.375819
7.166282
2.02722
4.916226
4.658246
-0.3364207
5.761366
-1.546975
-1.50505
5.071392
4.30601
4.603758
5.597104
3.969152
4.729464
1.33487
5.773134
1.084094
0.3252327
6.052198
4.313757
4.713696
0.5233482
6.867024
4.711817
-1.482274
-0.3419397
4.202741
0.3230382
-1.582224
1.34316
0.5520897
-0.6571047
-0.2994863
-0.001856312
1.022679
3.814204
3.218078
3.272773
0.4062766
0.4366541
0.1927531
1.776111
5.222409
6.641767
6.085052
3.821091
0.5093943
5.050115
3.930756
5.107306
-1.356144
-1.267722
0.5866497
-0.2101674
1.896291
3.688023
5.034004
7.485313
6.254347
0.66477
5.385735
5.084551
5.197079
5.564238
4.040823
-0.8452911
2.027744
-1.579617
6.333383
6.107651
0.2739712
4.773402
3.787861
6.082766
3.142525
-0.5297471
3.931972
5.79569
6.63928
0.1324009
5.677106
0.6557486
4.995105
-1.928009
-0.3913465
1.489345
-1.164264
0.1905363
3.976201
4.083618
-2.085575
1.375038
1.426129
5.398119
6.309891
0.2739306
-0.6285334
4.688599
4.760497
6.247484
-0.2896867
-0.7658591
-1.61045
-0.6487429
6.835721
4.324383
4.746515
-1.533844
5.48177
-0.5947749
5.871077
4.174323
5.918108
2.768403
4.173448
5.212062
5.528418
0.8084176
-0.3353535
-0.5144623
5.116891
5.678816
-1.165868
-1.321495
4.72545
1.057324
-0.1214829
0.06396277
6.083127
-1.049223
0.9319224
4.475053
4.519793
8.010681
4.346101
5.699459
5.915421
-1.158121
5.283831
4.60067
-0.9950799
-0.582503
-1.266976
2.16182
3.092114
1.51181
3.33644
7.934992
-0.4553241
3.687197
4.143225
4.867395
4.150467
1.056096
5.411333
5.91978
5.351519
0.959842
4.587436
4.943563
-0.6982648
4.070694
4.778351
4.606291
1.433656
-1.925643
5.06561
6.913058
5.881567
5.111423
-0.08719704
-1.481954
3.386174
3.988502
-0.5894989
1.28103
-2.08964
-0.2507321
5.481418
5.66857
-0.3251926
11.76801
4.969775
4.544281
4.912496
4.53302
-0.07936518
1.27877
-1.509647
1.262497
4.677425
6.452146
-1.987722
3.392864
6.187783
-0.7884172
-0.2296358
4.982065
-2.108886
5.074535
1.533164
-0.7985497
5.696992
5.400925
4.34699
0.4340289
5.969225
-0.1447566
4.161981
4.196932
5.773717
-0.4994456
4.822193
-0.8554905
1.299854
-0.8387014
1.025351
1.34155
3.337697
6.326053
5.145333
5.141491
6.607848
4.532129
-1.405822
4.777496
4.224764
0.4431495
1.440237
-0.6854563
0.7908173
3.898361
4.904674
3.694523
4.321946
0.463172
6.055232
-0.6636207
0.553451
-0.5966173
0.6629093
4.480391
-0.02370649
-0.802581
-0.2749416
-1.2792
5.653931
0.9189155
5.22424
4.909707
6.513024
6.037573
6.413548
0.03304587
1.427394
5.15813
6.763189
0.01866179
4.586968
2.898586
-1.272538
6.11426
0.7807723
11.07887
4.51838
4.623328
3.567588
4.348336
5.744162
6.614161
5.329323
5.077148
6.292659
4.612758
0.7195606
4.688129
-1.616037
-2.038246
6.025791
5.601732
1.54005
-0.08094618
1.541586
6.093033
2.101995
1.270252
1.142346
5.258755
0.5001855
4.643114
6.349939
4.865166
5.647755
5.029594
6.261496
-1.903247
4.33916
2.089726
6.087839
1.647078
5.405066
5.448117
4.931168
1.678361
6.082431
4.889859
8.181779
3.817368
0.7381103
6.141485
-0.3592189
3.877646
3.709507
4.386508
0.3757068
5.040823
5.098388
6.082612
-0.03314152
-1.170205
5.066244
-0.7514397
-0.7134426
-0.6563663
3.848608
4.08678
3.865199
3.434837
0.578271
0.9159792
6.162977
4.561472
1.28005
-0.3577852
4.626912
4.506077
0.9248627
2.138231
-1.063055
5.58362
6.712409
5.593329
3.728973
6.944381
0.487185
4.06876
6.532965
-0.9368245
1.138323
0.004462961
5.84481
0.3077593
5.821584
-0.463389
5.145851
5.742055
5.473758
1.380232
0.3932252
4.430466
3.587352
2.525228
6.556809
2.508238
4.916427
1.732692
-0.8104997
5.521852
-0.2931946
0.0009080644
3.234172
4.087295
6.026422
1.442502
5.82552
7.138154
2.907478
0.1578074
5.189934
-0.5389239
3.665388
5.000953
4.818875
3.654498
5.407293
4.34964
0.3825037
3.480206
3.960288
0.8991791
-1.234754
0.7228359
4.509592
5.278868
4.891824
4.95785
0.07421935
4.628378
5.68092
5.711488
3.626232
4.760298
3.876346
4.621055
-1.022868
1.284596
-2.554659
-1.118446
0.1941413
5.311137
5.250387
5.844788
-0.387067
-1.52108
-0.3215857
3.545635
0.4263932
4.717598
5.6662
7.398094
0.4797746
0.4095175
4.940799
1.757745
0.7379953
12.21273
4.380911
-0.6483891
-0.1606164
-0.2231538
3.892175
5.877944
5.05915
0.5261519
-0.683645
5.18041
3.727135
6.30112
0.2300618
4.805922
-0.5569427
2.874727
5.564188
-1.189506
1.621704
-0.7146296
-0.09311719
0.4255476
2.7069
4.90687
0.1837834
3.863057
6.150503
0.02418552
5.727221
0.2654625
5.5058
-0.8372538
6.143019
0.05454538
0.3163766
-0.328641
5.011434
3.29446
4.329522
0.4921838
-0.2172977
-1.159894
5.648214
3.187774
5.903205
7.039195
5.726654
4.47699
-0.6239491
-0.842056
-0.8315198
4.496576
5.135985
5.41135
6.871541
4.827117
3.992019
5.139963
5.940988
4.059922
5.378463
6.121163
4.606644
0.2415076
4.57039
5.204163
5.902707
5.327448
4.573948
4.767207
3.064649
-0.3992385
4.359803
0.02495648
4.267752
5.714933
7.569594
-0.1674429
3.052637
3.494931
0.454132
3.212803
8.170641
6.074834
1.743633
4.193696
-0.8899217
-1.117317
-1.248666
6.203748
0.5300498
5.728184
-1.927649
6.538612
1.160224
5.598172
5.974345
-1.537863
6.087533
5.034459
-1.805622
2.38771
6.573536
4.488277
6.219563
4.397303
5.117182
5.581104
6.368619
6.081481
5.79739
5.573675
0.8557237
0.1176995
2.021326
-0.01278782
5.227464
-1.181707
3.206006
6.571251
6.388555
4.859501
-1.369908
3.953385
-1.11875
0.9595025
-0.01780881
2.43133
5.19644
0.8010156
-0.0528732
5.614964
4.646263
4.303533
6.09071
0.002728488
-1.72862
0.5258835
4.208852
1.410704
5.321381
1.354776
5.968192
1.509642
5.231988
6.247453
3.694032
4.684991
-0.8002369
4.246286
-0.5311089
-1.082162
4.458267
2.960496
10.49288
4.192322
5.50472
0.5672432
7.231486
6.466502
10.64041
4.198328
0.3746395
4.259779
-0.9297569
5.721235
0.5407806
0.137526
-0.4988932
-0.6550934
0.1854393
1.066439
-0.7606751
-2.344447
0.5686034
4.734889
5.03931
0.6002366
-1.713612
0.3653474
4.046312
5.241815
5.613946
-0.5243723
5.243426
4.134438
5.433738
3.691472
1.52789
6.464717
4.468211
-2.401067
-0.5072232
5.139043
6.019018
-0.8480819
-0.5428442
2.663532
1.558716
6.803741
4.721131
5.61859
4.079054
5.862937
4.74169
6.267707
0.3515643
4.157153
3.292167
5.060588
-1.156028
6.377518
4.355343
3.56008
4.758194
-1.836704
5.072908
4.412713
-0.2988908
1.022289
4.589028
1.767438
2.767123
0.1770378
5.03076
-0.9804214
-0.9470889
5.549704
5.202444
-0.6672841
0.5213739
5.991987
0.04614173
5.658013
5.40402
3.854697
-0.7502894
-0.3481306
0.5003453
4.748069
5.86096
7.212755
4.5271
-0.4109025
-1.065466
4.681485
3.922642
5.026334
-0.2180256
-2.179328
5.332864
0.6370595
5.651434
5.166712
4.689169
1.435262
-0.9895417
4.978409
1.097546
8.916577
4.982317
-0.421437
5.595726
5.00361
-0.1668124
-0.5246197
3.56553
-0.03852845
1.089468
3.959578
4.641168
4.623871
-0.6962789
4.96504
0.7861909
4.678633
0.2886967
4.031661
6.110574
2.029819
-1.851154
4.700933
6.992473
5.826108
1.042371
-0.9713398
5.378471
-1.560726
-1.125107
-0.8407698
7.763755
0.6343373
-1.326478
4.875479
5.164938
6.485591
0.6428248
4.302268
6.364244
7.247104
-0.6183204
0.8368399
2.184045
4.695837
5.928751
5.156984
5.713059
5.617755
0.5448506
5.157019
4.272913
-2.718898
4.568967
5.478447
4.016085
4.843063
4.366888
0.3401422
0.1760365
-0.5569591
5.826205
0.5695434
6.366847
-1.18651
4.176651
0.05440089
-1.601614
4.743607
4.722334
0.3687231
6.084544
3.757176
4.953721
5.460421
4.740242
-0.6037073
-2.372195
0.7431859
1.014219
3.542949
5.726012
4.176109
3.782268
-2.034091
4.548232
4.180997
5.840848
3.29093
4.116889
4.843671
-0.169949
7.904976
5.789802
5.31112
4.294844
4.104691
4.098083
5.317014
4.286309
-1.792808
0.775868
0.4841627
7.299877
5.038878
6.028325
4.466195
-1.292575
3.578408
3.125137
7.428125
8.04776
7.661709
1.113975
3.510158
5.181245
5.287221
0.2275784
-1.07034
4.716247
4.373547
4.296287
0.09103516
-0.7163753
3.666039
3.969257
4.888735
4.714259
3.858549
4.406668
4.735938
2.684968
-0.4264316
2.087633
3.855499
2.873312
-0.1707322
4.591288
0.5196241
1.019621
0.9743662
4.550164
3.600609
5.963271
2.668564
0.02614645
5.605095
4.071826
-0.2936257
6.768838
5.17661
4.110201
0.6374219
3.096677
-0.9113588
1.622514
5.099757
-1.037146
5.793115
4.649363
0.3975808
-0.9880596
2.044191
-0.04338635
4.796612
-1.361356
5.5437
0.1935723
4.916954
0.1191327
6.163342
-0.02405352
5.335053
3.837043
5.809731
4.408881
-0.4545425
4.155883
4.658513
4.593992
8.627801
6.31878
4.282611
0.5543712
5.358577
6.884747
0.5546584
4.149925
-0.01414828
4.25815
5.82149
-1.924534
4.690084
1.295425
4.98041
4.994526
-0.9401486
5.885978
5.438713
-0.2953787
4.176341
6.359646
3.512307
0.2968202
5.572843
-1.218561
1.395694
0.426277
4.011834
4.861973
0.1874057
6.3571
-0.9099818
4.346988
-0.9584088
4.375613
7.391995
2.697545
4.721955
6.086286
5.737059
4.182879
6.181447
-0.2260537
0.9517833
5.7369
4.451074
0.7262194
-0.2848506
1.126462
-0.559304
-0.3386658
3.379594
0.9180902
-0.3380986
-0.942159
6.657427
1.063949
6.150016
0.4343612
4.31109
5.083911
1.391281
-0.8086095
5.411525
4.872745
-0.169913
0.3718974
0.09124512
5.453454
5.017626
4.160567
7.407346
5.978228
6.324699
1.227641
3.736843
-0.8253024
0.669827
-0.9747743
3.266174
6.895735
0.4849377
5.869037
-0.8141282
5.027909
1.19402
6.244999
4.700583
-0.9888257
0.1377082
5.832358
0.574356
4.840729
7.217148
4.546042
5.835668
-0.665159
-2.647338
-1.265029
0.8920705
5.481036
3.784086
4.10839
-1.192625
3.101399
3.508017
3.738983
-0.6810431
4.365338
-0.04344946
0.1180824
5.017947
3.793964
3.802245
-1.009659
1.183872
0.7272049
0.6289339
-1.203446
4.226563
5.82858
5.435025
0.6378198
6.009702
-0.08943588
-0.6749686
3.085077
0.1147181
2.882526
-0.1369583
-1.40807
1.370573
4.582787
5.199762
-0.62302
5.781512
5.814788
4.357257
6.204136
-0.6060606
4.153594
1.857057
-0.9546857
3.214142
4.591696
5.005594
5.150295
6.552066
6.951031
-0.3668418
-0.1904233
5.351028
-0.8721106
-0.3048081
4.219935
5.73997
-0.5924236
4.586174
1.196165
0.0846061
0.8038337
5.383783
6.623913
0.6896723
6.177555
5.479339
4.025449
0.3824179
-0.1592249
5.315013
3.201511
-0.5822897
6.114778
-1.721984
4.517051
2.751512
5.173871
-0.7688034
-0.8017127
4.6669
0.347271
4.22118
0.6817343
0.104786
4.818254
5.714179
4.920042
4.512954
-0.8460358
6.297304
4.453984
1.807048
0.6354793
4.840277
0.4076193
0.5191749
3.523795
5.217996
0.4095665
1.042787
4.309877
5.552008
0.2826759
5.594521
5.269837
-0.3825912
0.454556
2.626541
5.238503
6.401789
5.848157
5.229061
6.529743
5.262374
3.369642
3.481199
0.4249853
-2.413637
0.3134228
4.64359
6.752765
3.375906
4.977801
4.292914
4.658685
5.901692
6.824783
3.864824
1.488458
5.952864
0.1752218
4.592692
1.591525
4.074917
-1.538132
6.31471
5.335104
-0.8053487
5.300074
5.833684
1.809779
4.24677
0.5587211
-0.226297
-1.401435
4.554053
4.539323
5.533701
4.274505
5.986533
6.068575
6.274785
-0.9846269
-0.8932726
-0.4586652
1.477344
5.225724
6.163353
3.771962
10.49951
4.93179
-1.280028
4.865531
-0.5618602
5.762176
5.148263
4.066906
6.066603
-1.527237
6.073073
-0.8951148
5.28303
3.322643
-1.141339
3.549187
4.82938
-0.1206128
3.497477
0.4836557
5.085242
4.475171
5.619652
4.754024
4.800148
0.5204064
6.952589
1.449691
-1.169911
0.9056776
6.041717
0.03759808
5.898994
-0.05938988
-1.083308
1.115069
0.4774671
5.786238
1.001648
1.111455
-0.2808787
7.143796
3.327224
4.64398
6.613328
4.180143
3.719855
1.442533
4.935894
6.383363
6.659951
5.987493
3.283231
5.426542
5.370819
4.557976
5.16312
0.6194017
3.509778
5.045993
1.312062
5.272084
-0.9443771
-0.04428844
4.278967
-0.4577744
5.28031
6.071493
6.550396
4.926506
0.09891874
5.027812
4.852763
5.914455
4.296766
-0.2291386
4.432042
3.656374
0.9038637
0.8188208
6.824765
3.245875
-0.7229402
6.481746
5.493746
-0.5088082
8.338307
4.556056
6.975615
5.00089
5.287615
3.663762
4.408727
-0.6339692
5.149621
-0.6140154
5.326257
-1.547296
-0.6716888
-0.9620645
0.6059721
7.212044
0.1392968
5.874778
5.202157
4.291467
0.314293
0.1309249
10.11296
-0.1969362
1.082592
3.888422
2.605267
4.791169
1.010662
3.951283
0.6447211
5.376641
4.410604
5.088808
7.214368
5.824484
0.2593478
4.876251
0.645452
-1.327386
3.956551
4.569405
3.672059
6.509307
0.2220138
5.306069
-0.2448496
4.278217
3.799667
-1.218052
4.048898
4.673883
0.5800818
4.062241
5.809665
5.046671
0.1446966
4.028658
6.024991
7.473489
5.656815
-0.9525159
4.922257
4.630554
4.935622
4.419644
4.624001
-0.6911485
0.01281152
5.437665
5.450668
5.982091
5.268485
1.519375
4.095813
5.559798
5.328867
4.595921
1.684265
2.906062
6.112276
4.891326
4.653338
5.394948
5.628632
4.885868
6.661828
4.985268
6.477288
5.16595
5.685206
5.912109
1.774926
0.4668015
4.736044
0.0580909
3.321665
4.328238
4.751013
4.976333
6.368427
-2.14939
6.0115
5.233137
4.104953
0.8200079
-0.3583926
6.272726
-2.706944
-1.164464
1.807612
0.2741975
5.921183
4.793584
4.801193
7.354748
4.937812
4.095507
3.725073
5.535563
5.882815
6.47656
-0.4278244
5.535586
-1.018747
-1.081199
0.3312089
0.2413599
4.479687
5.415408
6.962683
5.051082
-0.372097
4.728689
-0.1663363
0.2882879
4.892363
6.258967
3.609556
6.900829
4.312578
0.6545034
6.138069
4.414706
-0.7348038
4.638956
6.467758
5.598549
0.2271518
4.583159
-0.4880906
4.485723
4.283203
0.0559696
5.681001
4.764597
0.7038221
-1.834684
5.488744
4.810075
0.5879923
7.537781
4.118235
5.34293
3.089944
5.801386
0.1181136
3.924794
-0.06417796
1.094767
6.245481
-0.682404
0.2014774
-0.5791618
4.415403
2.670906
7.900493
3.996338
-1.287372
6.084594
3.927631
-1.257959
0.6187739
-0.363149
0.05554242
4.667281
4.799241
-0.1794848
3.476021
-0.6282536
5.284573
0.7536364
0.00360864
1.417562
0.3098817
-1.903768
3.513697
1.898984
5.746083
5.734417
4.570831
4.857076
4.492323
0.7299364
4.578382
0.7024246
5.252471
5.581994
-0.9745809
5.021829
-1.65429
0.9392132
1.43631
4.120654
2.348757
7.029385
0.8660373
5.83023
10.49723
4.916248
4.285226
5.361446
-0.5853861
-2.377899
0.8076498
4.459649
6.277512
-1.810877
0.8385762
3.223965
6.269352
5.620249
-1.246248
-0.1492483
5.765805
-0.3492485
5.456927
3.619791
-0.535915
8.317682
4.363996
5.160997
-0.0258854
6.106876
4.583274
4.756703
0.5932895
-0.4625057
5.255116
0.9162894
1.38246
4.535717
0.7389378
0.8738921
5.77591
4.613004
0.9385374
5.850503
4.352137
1.702127
4.769733
-1.32403
4.355775
0.07127949
-0.03363982
0.3985209
-1.072475
6.245394
4.927714
5.453331
1.462809
7.178462
4.858943
5.720645
0.1371055
7.944523
0.09130165
3.614628
4.675661
-0.06422883
0.91765
5.06007
1.877253
2.789856
3.846824
0.4310357
4.583024
3.828856
-0.2221979
4.067036
5.131508
1.775559
-0.604333
-0.09199378
1.418047
0.6280454
4.093747
-1.442303
5.022892
5.987789
6.046607
5.79541
6.755073
0.09993449
6.356717
-0.5735668
-0.6406834
-0.3015303
-0.1474314
5.148937
0.3578236
-1.274142
3.476278
5.550947
-0.2476581
0.1026761
2.643728
5.715759
4.377234
5.253212
-0.6417337
4.138822
-0.8596879
5.725631
-0.4465096
3.831284
3.851292
0.4450515
4.908446
4.4984
5.744102
0.3801541
-2.270024
4.588052
5.842738
0.1172824
0.10082
-1.344752
0.9287518
-1.918352
6.083137
-1.993814
4.92367
4.087712
5.192644
3.184981
5.339727
4.437349
-1.781123
4.447372
6.459671
4.518502
-0.2481804
0.09189091
3.200973
5.307336
-1.720026
0.736508
6.357365
3.695421
4.459892
0.210358
4.013956
4.663656
3.643269
6.036407
6.681163
0.445629
-1.029026
4.750254
4.532871
-1.014471
6.051018
4.291172
5.478978
5.344764
5.588182
0.9753722
0.003792345
-1.793224
-0.8154942
4.694196
-0.333312
0.4303236
-0.9963628
3.699267
4.662835
5.125406
0.9387335
0.6658501
-0.4251324
4.759974
-0.8285507
3.233523
0.1783765
6.233326
5.181463
0.5604043
0.1555705
5.660706
-0.6078821
1.456822
-0.3183466
-0.1886828
5.674871
0.9243796
0.6064342
-0.2575325
4.752292
5.393505
-1.073815
1.228716
4.196713
0.9244975
4.305305
5.943973
4.097904
4.169116
5.236073
4.953393
-0.2815302
6.163041
-0.04971288
4.227949
8.232058
-0.4826678
-1.768965
5.591243
3.54908
5.085712
3.523934
5.247805
4.128438
4.586916
4.285437
3.80629
1.364072
0.04219448
0.5002809
5.280537
5.99116
5.086174
6.300606
5.741418
2.688291
2.431772
5.968493
5.573178
5.488128
5.068806
6.476745
1.951974
0.8910983
4.536402
1.02537
4.763183
-1.588921
4.087255
3.369648
1.983658
-0.9841637
0.3705139
6.372774
5.495417
5.947104
4.669392
5.651859
5.748692
5.658006
4.733533
1.131905
2.635509
-0.3860805
-1.844503
9.49951
-0.4031997
1.905411
-1.096217
1.216011
-0.094805
-0.1220568
6.725504
-0.4731263
6.598674
0.6031733
5.503673
4.427043
-0.7357749
3.440917
4.711366
2.381608
-1.514372
-0.3638795
4.534469
0.3184989
4.013876
-0.5175467
5.294687
6.10891
6.970993
2.291713
-0.4133276
6.220506
-2.399299
0.04606899
-0.2957171
5.372298
0.9694653
4.384882
4.093611
3.148523
5.338193
4.975528
-1.539479
7.070301
6.118255
-0.2150364
5.538665
4.999407
5.489949
0.5678933
5.299074
0.2443719
5.008051
1.409529
4.150754
3.50394
5.106562
-0.5842586
5.533522
4.761846
6.242817
4.026371
5.184181
5.981761
4.469871
5.212405
-0.7951219
5.738073
4.459181
5.167845
4.669381
0.08153949
-0.1212561
3.087502
4.153538
1.538291
1.206638
5.207217
3.978992
4.871448
4.751875
-0.2804515
5.310954
4.512962
8.202239
5.324035
-1.071492
5.597877
1.075046
1.363226
5.021873
4.445106
3.8357
5.029259
4.251711
0.3129499
5.300703
5.185267
-0.2450943
6.020884
1.304252
5.541741
1.491191
2.765609
4.456174
6.05084
5.464282
3.68434
4.840009
-1.785303
2.726131
4.938333
0.2252081
6.5879
5.661041
6.298063
5.310605
7.521664
6.677311
-0.6017537
0.05470714
0.4266889
5.214794
4.898165
5.019015
1.735251
5.103038
0.4028362
4.610686
-1.708045
-1.07751
-1.271628
5.384893
-0.7953625
5.08702
5.872037
0.6212771
6.202702
-0.6729979
3.786089
1.421133
0.5717221
4.499097
4.251251
2.877849
6.786431
5.537979
7.963543
0.02595175
6.001203
6.790699
-2.873742
3.566109
8.536595
5.635663
0.7346849
0.4068191
0.1719344
-0.0951886
4.850885
4.686402
-0.5130176
-0.3255931
1.376892
1.001615
5.350136
0.4107888
6.056348
-1.249243
0.7021301
3.982132
-1.26917
4.692333
0.6800109
5.107801
-1.509575
4.095676
5.079251
4.617913
6.571798
5.316316
6.425214
4.19451
0.4059758
5.08465
8.813348
3.95231
-0.2418026
-0.04808819
4.554601
4.380076
-1.623361
3.228603
3.192043
5.571417
0.9068808
4.202237
4.855896
0.8704018
9.044909
2.091209
-0.004216461
0.7951042
0.008071104
1.617732
4.047605
4.483507
4.569257
3.83717
0.0755527
-1.045263
-0.3614563
0.4266264
4.893889
5.368604
0.3955855
4.260868
5.525053
4.213127
0.1749171
7.311649
5.072226
-1.094351
3.866162
0.177776
0.2655907
1.007335
5.526558
-0.02373729
2.737341
5.839938
-0.3625748
2.333298
1.169166
4.983463
0.5606803
5.880233
5.42885
5.429671
4.576614
8.970784
4.381065
4.257094
1.60063
4.068185
6.602585
-0.612853
6.475789
4.653573
4.088574
3.120041
7.033157
4.380743
1.896267
3.705487
-0.919038
0.4082296
-0.7492187
-1.075224
0.4773042
5.846372
0.7910867
-0.3894407
5.807137
-2.372768
4.898111
0.3050201
0.09135889
4.493809
5.067017
3.484667
-0.3191815
0.2787487
1.272599
6.127459
-0.2495107
2.706075
0.1587281
1.081811
5.067004
-0.1351373
0.3629465
1.026944
2.333174
-0.2471419
0.919667
0.7978385
0.5408814
2.225421
0.1357665
1.523674
4.885962
5.950157
-0.5214998
6.071008
4.891428
6.008247
4.203295
5.647426
-1.340496
0.5068644
4.913473
4.359974
5.6595
3.124675
4.852983
-1.860971
5.303727
-0.6161887
4.853731
0.1053082
5.208474
-0.559049
5.756904
4.838223
5.751542
-1.158323
5.773454
5.704194
3.792891
0.7262721
3.04027
-0.7716138
3.348317
0.01490288
-0.188848
5.104969
2.345122
6.255159
5.787595
1.565863
10.12436
-1.208964
-0.09720142
-0.6132261
5.858046
0.1592127
-0.1949291
4.779738
5.094297
4.28327
5.915685
-0.6130591
2.88467
4.84228
5.034615
-0.5654388
-0.8316006
-1.847228
-0.1053038
-1.261247
5.12932
0.2369064
-2.020062
0.1390374
4.964545
1.486328
4.424358
0.01370089
6.783601
-0.9603513
3.436615
4.362947
6.335576
5.021436
4.078871
4.746863
1.280943
3.732329
4.262322
4.451115
4.665825
-0.427312
3.458064
5.6955
4.486833
4.880556
4.745739
6.222861
6.203768
3.000071
0.1618032
5.773122
5.590595
5.371936
0.0180666
3.420854
-0.3862911
-0.6451648
5.60614
-2.032351
1.68322
0.7120674
1.62241
5.001682
5.369553
-1.94179
4.85844
4.574749
6.151594
0.3826848
0.7232557
5.873446
7.063442
4.079811
-0.3405878
6.490825
6.406652
5.657215
-0.2159148
4.859783
-1.644398
4.301705
1.403787
-1.51621
6.4373
5.117252
1.851938
-0.898539
5.959233
3.2311
6.429092
0.9622015
1.407564
-0.5378695
4.80885
1.289623
2.329913
4.056386
0.9973404
5.465802
9.235486
5.042316
1.068943
4.62204
1.043965
0.2422557
4.2399
-1.301167
-0.7488514
6.699932
-0.3927123
-0.4484152
1.188153
5.971433
0.631096
4.57822
6.134607
-0.05528409
4.790777
6.523931
4.232251
-0.9694531
1.454196
6.71033
4.33702
1.414257
3.376297
2.290082
-0.8558065
4.530095
-0.710196
0.6353426
0.4541534
4.599711
0.1092706
-0.7176222
1.580988
0.6970705
5.314133
5.033837
7.329702
-0.6331785
3.619522
3.785183
4.805567
4.911632
-0.2364287
6.184342
6.496259
0.5610608
4.328878
1.905152
5.875181
4.259484
4.66168
1.070967
4.831828
-1.460812
6.51023
7.161142
-0.2165162
3.850558
4.482987
0.710781
3.099903
1.252097
0.9288991
4.645337
3.677968
5.347589
1.878808
3.654568
3.347247
4.227109
5.194301
5.093803
0.8145643
3.763895
2.454962
0.07118923
0.4543114
5.3754
1.223554
5.831912
6.175683
0.1299266
5.422746
4.713509
8.842472
5.476455
5.08961
4.487343
6.639202
4.401562
0.287712
4.522787
2.915716
5.333337
2.876702
-0.7908005
0.1683226
-0.7428155
6.453331
3.633111
6.796219
2.907417
0.8022648
1.384097
4.41617
3.74589
-0.1477406
1.051362
4.590508
4.74805
5.028301
4.580257
5.432577
0.956635
5.943308
-0.7887264
4.553852
-0.5889676
3.424153
-0.5927549
4.178614
5.828707
5.826002
0.8973736
-0.4499127
5.052773
6.578193
4.823095
4.43994
-1.057264
3.79725
5.678562
4.654948
0.271014
5.167934
0.2554445
0.6657308
5.419045
5.596638
5.942803
1.459263
5.342879
5.531438
5.068185
0.1010792
5.314254
-0.8427153
3.794584
4.512927
0.7616668
-1.076761
5.560905
-0.08373384
0.2983573
-0.4651668
1.225041
6.247377
-1.10321
6.237382
-0.5139418
-0.3874971
4.555797
-0.1196378
0.286265
1.033628
5.54682
-0.6538173
4.71685
0.09286245
0.6504826
4.603498
2.763888
7.627185
-0.8221412
5.198839
6.230204
4.847404
3.380121
3.42595
-1.891926
6.056402
6.058386
6.02565
5.665813
0.04528453
5.887197
5.317669
5.132802
5.243014
-0.8927225
0.7963885
4.474072
0.5356431
5.234931
3.606999
4.921124
4.693116
-2.893502
6.156123
6.202706
6.579516
6.790172
5.782333
3.256888
3.918563
5.443914
4.636375
4.894274
0.7148508
6.054273
1.450485
7.485166
0.1908714
6.422186
2.27937
4.735125
5.809505
0.5157122
4.937093
4.62984
-1.036019
2.186119
4.370878
7.048038
6.525227
-0.1939101
-0.5437694
0.3691345
8.457931
-0.09117005
-1.704506
5.319778
0.1696173
5.268551
5.240778
-0.7520749
-0.1809007
-0.226563
0.2913309
1.775041
3.965147
6.105796
4.27255
1.687045
4.32955
6.274507
3.90907
-0.2417891
4.483167
7.142511
0.7503707
-1.14517
5.215628
4.110838
2.262382
-0.3617933
5.060164
4.723477
5.89297
3.628921
0.4842579
0.6686496
3.110833
5.56843
12.45905
5.729833
4.701426
1.561739
5.335974
-1.654656
2.794667
-0.6015494
-0.06949109
-1.508731
-2.220759
5.420692
0.5303187
6.690797
2.773256
-0.4614702
-0.3386247
-0.74735
0.4501053
3.046521
4.871127
-1.506645
4.878929
-0.1211752
2.415381
-0.6363835
-1.279523
5.551219
5.077927
5.946752
5.034175
0.4440038
4.473275
3.922385
-1.168293
4.145451
1.258063
3.025427
4.193767
0.7054887
4.370267
4.200721
3.472068
5.715417
0.8015369
4.044046
4.960575
1.000335
6.183464
6.922423
0.4535956
1.096642
4.734402
6.200766
6.056747
4.453488
-0.08263935
0.1968494
6.108604
0.396036
4.775396
5.485582
4.449765
-1.184195
2.969649
-0.6768483
-0.1573956
6.485926
5.151163
0.1543579
6.237702
-0.3323688
4.548915
-0.3236709
4.271798
5.395027
0.1437398
0.7384216
3.084953
-0.3155578
5.156316
4.7371
4.869146
3.039227
-0.4870913
3.566711
1.729728
-1.639971
7.817764
-1.507542
4.002062
5.894886
3.178591
-0.4203298
7.126444
4.984549
-0.1297271
4.978434
-0.8129364
4.040982
2.866898
6.885256
5.552733
4.601072
-2.083529
-0.3982258
4.275905
6.69302
4.69843
4.692741
6.9839
-0.1352643
5.1479
0.07446998
6.281727
4.681505
5.472007
1.13055
0.2539179
3.403128
-0.4981744
0.1444175
6.274366
4.143057
0.8974365
-1.588027
6.164769
1.057222
0.2434413
5.326953
4.772024
6.012785
4.086692
3.979666
0.9466175
3.817372
3.872866
1.003614
0.8225185
5.376127
1.772377
1.307399
4.151334
0.9401674
5.807281
-1.631956
2.518354
4.975917
6.16636
4.271443
5.756202
5.529332
1.112763
5.228275
4.71044
4.665333
-1.980073
7.214191
6.098206
4.950632
5.508317
0.8910865
3.037635
4.140358
5.402858
4.159549
0.0005288744
-0.0272064
0.293448
4.754934
-0.1688565
5.113367
4.224401
6.284048
4.887321
4.494936
3.662669
8.065335
-1.226029
0.2634113
0.4955289
-1.5655
5.149867
4.474212
6.131178
-1.383524
4.866294
-2.033547
4.935039
-1.052968
5.449744
-0.2586853
6.27081
6.169336
-1.372111
1.185669
4.442448
3.699738
2.412055
-0.2384697
3.653864
-0.9523437
5.483277
5.291475
5.326472
1.525267
8.123481
3.424009
0.5486645
0.9681164
4.638986
3.536906
7.004344
0.6567345
-0.4176309
3.290942
-0.3951459
5.392468
6.031063
7.262645
4.120161
-0.3885315
4.58138
5.49918
5.611843
-0.09333386
5.119096
4.556576
0.0262146
6.827288
2.313627
0.8654442
1.019116
4.749512
4.932886
4.077683
7.361526
2.752428
6.187635
5.039196
5.630938
5.25076
3.509502
5.772287
4.301475
7.534747
2.942802
5.460976
5.577177
0.4256926
4.344035
0.8729875
3.684564
4.677191
4.857739
0.4738001
2.217434
0.99401
0.3508523
6.057977
1.092494
-0.8258779
4.325728
0.407889
3.351358
5.0285
4.94322
5.202339
6.237445
5.411813
5.258312
-2.070629
4.087986
1.349403
5.039404
4.546934
6.10058
5.513243
4.451704
-0.1568215
0.5429894
2.95889
4.596244
0.1044544
4.333495
1.520466
1.101861
3.996523
0.9244074
5.223233
5.807658
6.969058
-0.7428769
-0.4941743
5.227118
3.866582
3.325784
5.671173
3.431777
3.355692
3.779567
-0.2945135
4.824477
3.295054
-0.3789834
0.9534361
4.04678
5.373645
-0.04358508
8.01563
4.698475
5.980761
8.196734
0.6370035
0.4735007
0.6035298
0.4262131
4.965363
4.568605
-1.151331
-0.8216017
-0.492687
1.058014
0.9284746
5.635968
4.736054
5.875027
1.343496
-0.9813079
-0.4044971
5.058276
-1.441691
5.107083
3.624207
0.60717
3.894548
-0.8373591
1.800657
1.100301
-2.34461
-1.57057
-0.456517
3.187851
-0.043252
7.001447
5.993539
8.134093
6.076893
6.032551
-1.080072
5.833539
-0.2242569
0.5642017
0.006701535
0.76768
2.739933
0.04577623
4.057516
6.40657
3.573994
5.68915
3.456439
4.851271
5.066456
5.387059
0.132105
0.1414411
1.084902
6.138262
5.118717
3.192834
4.046276
-1.284689
6.580048
-0.9219159
5.942084
0.0410239
4.58815
3.740803
6.169585
3.114704
3.7704
5.044849
0.742932
3.351554
-0.4505481
-1.286469
3.79843
5.228294
3.978964
4.492211
1.849803
5.188836
1.098922
-0.9565667
4.598796
6.625966
-0.5727138
3.863902
0.255742
5.128308
-1.523572
4.983277
3.778672
0.4347773
-0.1238621
3.602495
3.463228
5.591084
0.3068724
-0.6378494
-0.6086776
-1.029111
3.735895
5.095912
4.423571
4.394116
5.758256
0.4624491
5.034392
0.5184171
6.906369
4.667518
-0.3718683
0.2572732
-1.033954
5.687152
-1.253734
-0.5545175
4.548296
5.425264
4.957965
5.100861
4.562988
0.9182079
-1.296919
5.248977
4.803298
5.16357
1.336798
4.980009
-0.611719
6.349787
4.43841
-1.516024
3.981065
0.7629428
2.273793
5.382668
0.5909387
4.686581
0.1691492
6.025028
0.2201798
2.928289
-0.9298801
6.213422
-2.983593
1.05153
1.923044
5.189623
3.35591
1.551309
6.282442
-0.7040962
-0.6291601
4.088905
1.170063
5.417978
6.92993
5.869165
12.62815
4.157374
4.468377
-0.488794
-1.255987
-1.030122
5.985666
4.934097
0.4590349
4.823781
-0.9823288
1.003306
2.169472
5.671874
4.146206
5.266733
-1.475163
-0.9111178
5.080289
0.2406592
6.457454
0.4482562
5.841149
6.12633
0.1373157
3.86219
0.129608
4.763806
-0.188533
4.825355
5.246845
1.593991
5.677418
4.992629
1.138439
3.479963
-0.8411063
6.531132
6.981892
5.167334
7.248795
-1.75235
-1.434281
4.500389
7.752705
3.632552
0.4201453
3.846354
0.9117241
3.724527
5.432895
6.700111
-0.08342276
0.9429041
0.8883934
0.0947583
4.29111
0.2472267
5.166926
0.01419299
4.831067
-1.105903
1.391709
5.853767
0.2926854
3.441589
-0.1624424
0.6611523
1.671905
6.283332
5.555425
4.062807
5.976686
0.233387
-1.582334
1.242454
4.983366
4.877566
6.995498
5.167036
-0.9827181
6.191753
5.25864
0.01911785
1.199867
5.637487
-1.503677
1.23434
5.218158
0.2597729
5.844046
5.7265
0.8040804
3.69097
-0.5896289
5.090764
1.261256
6.417045
4.16124
5.880577
5.294201
-0.9073894
0.3744479
0.1103025
-0.8529405
2.233116
3.438214
6.103837
8.91802
5.12941
-0.5137567
-0.9838708
1.291327
4.511587
5.926252
5.374349
5.735117
5.356943
4.881086
0.3528531
5.09492
5.5485
1.377214
-1.664824
2.011951
0.9983878
6.006633
0.4744326
5.560379
3.901177
5.452112
5.233298
5.822921
1.716616
-0.2317014
3.707528
3.090132
0.3058526
4.799755
5.482503
0.0784497
0.1020016
5.230193
0.9793842
3.997602
4.026283
1.343416
-0.5555719
2.849985
-1.01137
5.570544
6.430476
5.29063
4.291342
0.0688418
0.1300681
4.780338
4.018581
0.7690894
5.456672
6.764912
0.7243037
0.8119236
6.313668
-0.5360077
2.250649
0.1842519
6.102228
4.889472
0.01913681
5.217088
3.548409
5.521428
4.549336
-0.2920032
5.539436
-2.96509
-0.3202083
4.456212
-0.8259714
4.72995
4.132049
-0.8995786
6.43243
1.618925
4.35764
3.978431
5.290479
-2.415546
5.053143
1.551058
4.596354
5.248486
0.8797642
5.897965
6.165694
5.082019
5.66287
-1.084126
0.6195745
4.1193
3.44726
4.060203
3.422829
4.84778
0.4316138
0.7116588
0.1305396
4.235236
3.937881
6.813202
-0.5799938
4.302215
0.6035238
-0.6694102
5.066806
3.254075
3.657521
0.172845
-1.431329
4.96004
4.792503
11.28161
-1.175452
4.379505
1.663545
-0.3998516
-1.120046
0.7109728
5.535689
0.3357822
4.497135
-0.7340735
1.148946
5.102782
-0.8404164
-0.1596247
-0.0768389
4.393902
-0.1427492
5.180932
5.824348
-0.2611691
0.3885482
0.5438133
4.666559
3.841137
4.035305
2.861202
-0.5490365
4.961934
3.444368
4.970823
4.943195
6.274364
8.130021
1.497565
1.138109
0.7348821
4.600856
5.138912
5.33076
5.363957
0.5811614
4.392092
4.575594
6.788516
5.350156
5.092751
0.2488702
3.651128
2.796399
6.742197
-0.09263846
5.724108
3.776432
-0.2727296
6.80252
5.351967
0.0742243
0.903536
-1.11906
5.45346
5.206379
0.1262934
-1.297948
1.154242
-0.4245492
0.7679333
4.207485
0.7410513
3.290328
5.573966
4.661232
0.3378965
5.967038
0.9858483
-0.2465963
5.291661
1.226032
0.7238197
1.420773
4.130845
8.76547
6.760882
4.15558
3.915937
4.254012
5.890393
1.066313
-0.1145864
-0.8471774
1.250155
0.9246731
5.721471
4.455431
5.544933
-0.01423262
6.509887
5.519451
0.8238123
-0.3687854
4.439123
1.119763
5.110035
6.251683
-2.066628
6.138553
0.4711041
3.943023
5.739203
5.219586
4.64397
5.398932
0.5350177
0.1622912
1.49678
-0.4318379
1.133493
6.061474
1.287306
2.004847
0.137988
5.854966
6.454203
6.562915
-0.9297002
1.351334
6.009613
5.180876
5.186053
4.798857
0.4496596
-1.419722
5.852933
-1.439863
4.45629
-0.2351653
4.147201
5.207207
5.817321
-0.3216078
-0.6144633
5.488896
1.203339
1.701462
6.427724
3.79681
5.279193
-1.025893
6.270138
5.544586
-0.493863
4.643114
-0.2016565
5.81472
4.453022
5.269554
5.59716
-0.6042769
4.2447
0.02258197
5.055026
5.274049
5.021519
1.861069
-0.5999023
4.747657
6.056862
-1.327912
4.564686
-0.5250072
0.411707
-1.160119
3.311587
4.081098
4.253948
5.935703
-0.7201458
0.4552596
4.182492
-2.131793
4.876076
6.055038
-0.08565695
0.9068757
0.1701457
7.272182
-0.3828474
1.29291
4.088419
5.72562
5.39928
1.189911
2.274634
5.641667
-0.008081764
4.86363
0.2144524
4.058655
1.12489
5.717092
5.976426
0.3965908
3.810055
4.032844
4.278548
-0.7023977
5.964208
-0.9909837
1.425018
-1.516659
6.175484
4.617164
-0.02949214
0.3931079
2.805923
5.533515
4.331827
6.188016
-1.232783
-0.4603382
0.7399617
3.742896
5.063492
4.109049
1.892681
-0.7026483
-0.5444108
-0.2649624
4.92545
2.048174
-0.1333565
-0.8408152
1.473461
5.697772
4.470396
0.7684171
0.7170913
4.580943
0.2602309
0.3593453
4.895705
-0.2615326
0.4908905
3.900665
5.7365
5.427282
4.06955
0.7043778
4.878558
-0.6956949
-0.05689046
-0.0552096
4.448062
0.4324368
1.263297
0.6009287
0.2435072
0.1891346
0.03503374
5.654717
-0.8106979
4.288502
4.444909
5.560934
0.4863016
3.806789
0.05045118
4.403279
1.303217
5.479297
0.5800003
4.547965
0.4412959
5.592939
2.548354
-1.062793
-1.080213
1.255286
1.97693
-1.625176
-0.3207241
6.273514
5.367054
0.2150433
5.528875
5.378443
5.59166
-0.132949
7.307983
3.894028
4.940852
4.822387
0.120852
1.130929
1.097202
-0.7514833
-1.092034
-0.3688718
3.489714
5.202456
6.193849
4.334943
4.161551
5.351368
5.581668
7.378979
3.070741
5.598402
1.374233
-0.8017406
5.004266
-0.2107877
6.741276
-2.061155
3.743896
3.889859
5.440667
1.041798
6.420082
4.86512
5.515251
6.231212
5.849736
-0.1426794
5.05271
-0.2011373
8.249327
1.695877
0.462403
5.968607
5.304226
0.1745725
0.04239316
6.120573
-1.299236
1.878157
4.617137
3.88714
4.413379
5.73098
1.984112
7.601237
0.6657691
0.9421986
5.722044
2.502608
6.602041
-0.125855
3.97441
1.051667
6.693182
4.560997
6.180498
5.012452
6.382892
5.164843
3.982779
4.938832
4.936536
4.444123
-0.6003189
-1.153694
4.243259
3.597992
0.990518
5.442271
0.1072273
4.410894
0.1169892
4.140245
-0.1320558
4.674591
4.584398
2.646338
0.1358312
10.16102
3.098291
-0.9898789
5.497544
1.066221
5.128467
2.602862
5.860041
3.370517
-0.5275214
4.960113
4.791309
-1.105797
6.420967
5.350545
0.1871072
6.037255
5.084665
4.126224
-0.5623712
3.918126
0.6724781
-1.625116
4.478409
5.909992
2.033485
6.165456
1.579318
-0.01171569
4.310851
0.06458218
0.2283886
2.759738
-0.1471071
-0.6972544
4.20968
5.85849
1.062949
6.655315
4.723461
-0.1543993
7.022239
0.1867757
4.847326
-0.8084434
-0.7092357
-0.6196345
3.77691
4.278251
-0.2610748
1.292132
5.966157
1.959286
3.795091
5.605439
-0.8182103
5.87185
4.622559
0.2331371
5.672764
4.865685
5.327886
5.614898
1.08034
0.1131271
1.03158
0.1349474
4.800735
2.9341
4.644646
0.8380895
1.183047
4.926497
0.3464604
5.256907
4.072611
5.44405
4.918717
-1.456181
4.100072
3.45264
0.4827041
5.170551
10.27651
0.2493372
-1.031921
4.748627
0.6533977
0.08985235
5.784303
5.535338
6.267537
6.319476
-0.7746033
6.021392
4.271577
2.856663
3.876711
-0.7760356
4.311969
3.250597
3.715313
5.241399
-1.047482
0.5981995
4.030674
4.042238
6.760998
5.351297
5.986284
-0.1381271
4.244981
0.9786946
1.043422
1.254234
-1.800729
5.980145
-1.514901
-1.564851
0.9310221
1.620481
0.9871341
5.368215
8.85121
8.194377
6.089276
-0.205864
-0.9593047
5.041626
0.9549105
-1.299608
1.106269
4.661663
0.3597054
4.799142
4.633815
5.104143
6.11177
-0.2258597
5.204088
6.265549
5.37206
4.371105
4.748478
6.359225
4.683745
6.285272
6.352531
4.64091
-0.2748757
4.601894
0.5484563
4.157546
-0.2370642
5.609709
4.435574
0.2937826
2.900437
-0.6332257
-1.328617
4.982387
1.011164
2.558563
6.749584
4.544615
5.092861
5.014485
4.112489
1.209554
4.667663
-0.4075437
4.390776
1.516734
3.509009
1.374544
0.2301149
-1.533457
-0.4976075
4.351423
4.863086
6.153498
5.662101
5.638559
0.6213648
4.876356
1.401649
4.85839
1.21869
4.599832
-0.4065078
5.004941
0.3760016
7.364563
3.234448
0.2045901
2.888238
5.594375
5.694676
0.06039442
2.91557
5.838292
-1.177862
-0.9191113
4.353301
5.488538
-1.8408
4.863051
0.1373599
0.9890251
-1.114771
0.5021795
5.752452
4.217147
-1.350576
5.691903
8.07336
-0.3651105
0.2217825
0.1251484
0.6993963
6.130467
3.128198
-1.081366
1.472625
0.7687265
4.843473
4.640426
-0.0682665
-0.588224
-0.818045
4.355808
3.732781
6.846085
-0.009981994
3.785073
-0.7272681
4.854526
4.514575
8.910291
4.950832
-0.06898273
0.8313069
5.067462
5.366362
5.27914
0.8904614
5.425518
-0.6090088
3.418727
5.839386
0.6306452
-1.441522
6.828712
5.032691
-0.1794622
7.305741
3.824523
4.184161
-0.3868736
5.150933
4.477822
-0.4343354
5.895716
5.44022
-0.3310926
0.4728665
0.1863249
4.512357
-1.103566
0.1276778
2.829404
6.739222
0.7091385
-0.2451943
6.088439
8.85863
4.283081
5.943472
5.205971
5.601404
0.436373
-0.3700097
-0.428807
3.588158
3.677627
5.5146
3.974934
-0.5353313
-0.2637774
0.4946801
3.793765
5.447797
4.668981
5.060253
4.321039
7.721024
5.146532
4.867375
1.429939
1.751025
4.928756
4.075933
7.86125
-0.8747219
5.132941
4.345642
4.747244
-1.566635
0.07319903
0.5313255
-1.658381
6.135401
-0.02227497
5.177698
4.714594
0.5804428
5.838746
0.3052593
4.031052
0.8738723
4.751241
4.160092
2.148903
-0.2029099
0.6464326
4.787401
3.820398
1.119395
4.729866
-0.789009
1.575141
4.260942
5.853462
-0.3175594
5.979879
5.137491
9.385218
7.894666
-0.5590495
6.121827
5.708622
4.97639
3.449503
4.827018
-0.1469228
4.457364
0.7101983
1.07324
9.754794
5.19421
3.360482
5.105649
6.619233
5.458812
-1.882533
5.25871
4.171331
-1.709967
-0.217009
3.993769
-1.227135
-1.337494
3.229744
-0.02183897
6.190498
0.2330898
4.31437
1.129774
4.248333
2.819065
6.131373
0.9740782
6.727283
6.068736
5.813491
5.100448
-0.5952608
5.811249
6.042334
1.297734
2.064853
1.824416
5.139612
-0.5490596
-2.018075
1.718775
5.227455
0.8351335
4.153104
0.2029321
7.143027
1.183853
4.529168
3.389684
1.171303
0.3847589
-0.3964125
5.848148
2.907338
0.8577867
0.5605817
6.246521
5.586584
6.889
4.676877
0.8564604
-0.118003
4.51811
2.557617
3.639973
0.1057466
0.4644048
3.118068
-0.5972968
-0.8883659
-0.5791896
4.799298
0.02614894
-0.9577471
-0.04361949
0.6274539
8.428421
4.117861
3.597644
0.106922
5.058617
0.2990761
1.672586
6.449026
5.364521
-0.518743
-1.170026
10.17701
1.282479
-0.5401006
4.449038
5.024027
5.982134
7.264436
4.747276
4.737076
5.413072
0.5529065
-0.3007635
-0.1504488
1.254904
4.774509
-0.5780597
0.2525002
2.971117
-1.288725
0.303319
0.7468222
0.7559985
0.468173
2.536905
5.730891
4.567655
5.152304
5.75301
5.158454
-0.06238712
7.110659
-0.995374
7.301372
0.273118
3.286099
-0.08442786
0.6005762
4.033522
5.401318
-0.3289851
3.982293
1.418049
-0.08417218
-0.3555526
-0.626866
-0.3828211
-0.08969899
4.382019
4.32316
7.553101
3.387576
-0.4857561
5.932822
-0.3479027
10.20413
5.778461
0.4382388
-0.9374831
5.707492
5.761613
1.522036
4.928032
7.128956
5.481497
4.635636
0.4536339
5.546935
4.229263
5.95981
0.06924724
-1.940826
-0.6586177
5.109238
5.818475
0.7312022
0.5402478
1.225174
-1.090629
0.3383159
7.408736
-1.55427
-1.546317
-1.339893
6.0344
-0.4098334
0.6939209
0.605277
3.112258
0.9100433
3.723917
-0.4090491
-2.461839
0.9399828
-1.777982
-2.248333
-0.8161097
4.744386
3.6185
5.491163
6.380255
5.82072
1.104939
5.06193
4.713124
5.398853
-0.727196
5.508687
-0.9874345
-0.7999589
3.597966
7.030106
4.839858
-0.519866
0.3666513
0.4597521
0.2216313
5.558829
4.496024
4.830856
5.644516
-0.2720129
6.019738
0.5300569
5.409047
-0.1916423
5.955529
-1.485943
0.1792537
-0.4614664
1.645693
6.427926
4.388639
4.401265
5.066654
8.300284
6.226526
0.4090073
5.488489
4.422357
2.649627
6.420968
3.6224
3.815696
4.601506
6.630978
2.981805
4.719863
4.578588
0.9597123
4.981629
-0.8726322
5.012579
-0.2955402
5.213983
4.446533
0.3609045
7.046392
-1.089093
2.348644
5.758931
7.242102
6.235903
5.25728
5.09039
4.919191
3.770501
5.532715
4.775383
4.061557
3.431963
2.567808
5.493605
5.564164
3.014233
0.5942876
0.9130853
4.606725
-1.3339
4.438461
4.726231
0.7593237
-1.535194
4.583031
8.57725
0.5962293
-0.09740433
0.9447896
5.252448
7.23549
1.004016
4.169542
-0.2993403
5.658954
3.371382
6.402748
4.793743
3.756079
2.731067
4.759001
4.782049
6.713452
7.207499
6.994498
5.158574
-0.404185
5.497555
0.3549654
4.22168
-0.3184118
5.523785
1.222013
5.956663
0.8865561
6.231569
5.341681
4.418679
3.064403
-0.3597124
-0.1687144
9.824235
3.930351
3.133267
3.384022
3.840084
4.54592
8.880467
6.011245
4.220161
4.847453
5.086603
9.948475
6.583613
5.339777
3.890014
5.584259
3.701621
5.795535
5.401071
6.1006
5.04737
4.188845
-0.6741843
0.1727385
-0.446019
0.9215002
1.021401
0.7228791
4.195956
4.222952
5.263603
0.3376279
1.584165
0.9996647
5.441729
2.491335
4.336051
7.688744
0.4879231
1.552576
0.2339497
4.56071
5.501045
-0.001228842
5.68956
5.791769
-0.4336889
5.337229
3.059206
0.2789054
4.501703
0.1872075
0.2406612
-1.893713
4.562705
1.175975
6.509579
0.516971
5.203525
5.050314
4.557453
4.883807
3.33053
-0.828655
4.940575
5.183273
3.055081
4.973898
-1.548362
-0.3892044
-0.4348854
3.768777
1.20532
-1.118183
5.293864
9.044271
10.59257
1.333438
4.056365
5.813641
-1.154766
5.216932
5.239545
3.551119
3.532033
4.748937
-0.4229301
4.506405
1.358948
6.504742
4.48857
5.127712
3.224157
5.991623
5.148541
4.02133
-0.9302849
-0.2402753
0.9091138
0.3114215
0.4541106
0.326514
3.308293
-0.3561401
-1.453729
0.2001682
5.804804
-0.3039293
-0.8145037
3.846728
-1.38471
4.92956
-1.556902
3.995712
4.332305
-0.03264219
0.9770818
-0.5801716
-2.121793
-0.6831775
-0.7855238
4.588561
5.432585
0.4216078
1.392208
3.315921
-0.06709726
4.744682
-0.2959473
2.51879
5.628026
7.23529
4.665266
6.255665
7.128642
4.850605
4.597953
5.515504
5.235189
4.185031
5.294473
-1.736129
-0.01747356
9.436303
1.073071
5.457851
3.900975
4.316533
-1.06037
4.793227
5.44038
5.528829
5.47818
5.042061
1.667874
-1.207238
3.307663
5.741164
-0.8834673
8.391086
5.96171
7.002306
2.432021
5.30244
0.2831616
4.428621
0.9231753
5.772262
-0.1970448
1.252679
-1.414373
0.7515782
-1.543688
0.9277124
0.7277996
-1.778403
0.3724154
4.847252
3.923553
1.045647
3.642785
0.9599347
5.790607
9.882756
-1.35998
-1.528454
5.474105
3.34008
2.712712
-0.7666467
1.626383
1.753301
5.016274
3.915318
6.550475
5.666514
5.189515
3.940897
5.096108
-0.2141188
4.139452
5.352459
0.2776952
4.327474
0.848819
5.085284
8.639495
5.800057
0.2893442
6.392587
9.534376
5.513664
-0.6287677
0.5169403
4.599714
6.181252
0.4698155
5.050415
8.365533
-0.09155916
4.302574
0.6693379
4.411448
5.866161
4.233252
3.903966
0.02542655
6.634216
4.834369
5.691121
3.924388
0.494013
5.835684
-1.40249
-0.5554784
6.26957
4.651629
6.207749
-0.9146098
4.375862
4.219236
4.4396
-2.196756
3.997654
-1.108726
4.680455
5.954635
4.884299
1.281222
1.431206
5.785229
3.566539
2.634893
5.964569
0.7540043
4.143121
1.621591
6.000297
-0.494624
-1.387876
0.7795245
0.2126906
5.564265
5.837069
3.676444
-0.2018073
-1.077232
-0.1780457
-0.7343075
0.9366057
4.864065
3.818976
-1.621766
0.2252444
3.774308
4.300538
-0.4706953
0.7984767
7.135404
6.52977
0.5167022
0.4777997
5.078813
2.8712
4.093347
4.988732
0.5196184
4.587431
-0.5343374
-0.4559884
4.522521
3.928275
4.660277
4.154701
1.631702
-0.3168273
-1.372742
9.69984
3.766423
4.672363
5.972433
2.286077
5.082096
3.553504
-2.574408
4.362947
7.866578
6.762309
6.380363
-1.304418
5.735163
6.255748
4.319676
-0.6274519
5.946948
0.9165194
8.389632
0.7722273
-1.637432
3.39111
2.904423
5.967927
4.312674
0.6252591
5.888186
1.014293
1.062185
4.456774
4.359582
5.807196
3.456575
6.777513
-0.3060574
-0.6943622
5.372086
5.379185
-0.346145
4.159703
4.187213
-0.4097042
7.796493
1.86539
0.4678085
5.340969
0.2666627
4.631502
0.2043648
5.892247
3.824162
4.277675
5.346284
-0.207675
-0.2820256
-0.5426953
6.269558
-1.70617
-0.515367
4.37037
5.159606
6.153431
4.170617
1.456038
5.90917
5.928508
0.7445055
5.44038
5.603872
4.970766
4.704095
7.125053
-1.803135
4.4076
4.764673
1.817192
4.319698
2.067056
-1.08721
6.558481
2.312917
-0.7563796
3.538826
7.019292
5.808085
5.097837
5.728192
4.87854
5.327398
-0.8558625
4.223959
7.003729
-1.036048
7.42462
6.516747
4.900179
5.514966
5.836532
5.820697
0.8714086
5.010377
3.985376
-0.7636903
3.557951
4.472303
-0.1979143
5.89048
5.145705
1.585997
-1.594015
5.073124
4.997481
6.08525
0.03025075
2.28811
4.718354
3.785446
-0.8459263
-1.356449
5.213981
6.2194
6.053808
0.07527819
0.3144174
1.413969
5.968442
0.6823989
6.196595
0.0998652
1.624765
0.5253169
4.918706
4.225284
5.6693
2.401255
5.809509
-0.9069862
4.078843
4.643283
-0.4485728
1.060406
-0.5421153
5.143217
0.2641732
-0.5476369
10.42513
2.225531
3.832934
-0.4748403
-1.244781
2.827118
3.87281
0.7628842
0.6765209
-0.2540443
-0.1433556
6.345155
1.221966
4.02624
6.097247
5.83031
4.491662
-0.2783671
4.874317
3.492228
0.7386519
3.47822
5.670793
5.657001
0.7993092
4.790964
6.669529
5.053761
4.882882
1.366226
0.3605633
-0.3374426
6.149397
4.166308
6.1774
4.304609
0.1458252
5.242626
4.262688
4.789667
5.030178
-2.025711
2.979471
3.922638
5.947233
-2.063018
5.903878
-0.4137972
3.450218
0.4221321
5.923171
3.361392
6.975231
4.781027
3.929411
1.069611
5.493338
0.6518651
3.983972
5.415897
1.653429
4.761677
1.170485
-1.417161
5.772957
5.557759
4.294671
5.045942
6.778597
-0.06114926
5.945462
0.6040503
7.597392
-0.360375
1.375412
-1.129182
0.4595652
-0.2386138
0.7800428
0.2754069
5.575419
-1.902859
1.127603
4.680609
4.578976
-0.04969108
1.626497
5.120534
1.484428
2.01223
5.691141
0.8952207
2.789049
-1.289445
5.676879
5.708349
4.700441
-1.524728
-1.02977
4.242475
-2.00207
0.07964155
-0.5075085
3.20881
-0.03314287
0.3332985
4.902333
-0.09806259
5.408984
-0.215568
1.43645
0.5466567
11.41308
0.3120191
4.979269
-1.62852
4.926309
3.881945
4.073851
0.1140509
5.880241
-1.289129
4.36256
5.032968
3.44732
0.431737
-1.0214
4.856313
4.878262
5.433584
-0.2357632
3.484242
5.536251
1.327422
4.225028
-0.357063
4.804162
6.182364
5.187004
4.933387
6.204778
3.390002
6.009592
2.193946
0.6826116
5.043224
11.09388
-0.5089659
2.97957
-1.469875
6.33797
5.894219
-1.928565
1.467996
6.105079
3.179032
4.29214
6.306892
11.09372
0.3534699
6.272687
5.288086
-1.820772
6.808666
4.782664
3.442028
6.217269
-0.270981
0.6921489
6.304228
0.1571677
5.678967
5.611531
4.777133
4.65881
4.162057
0.4861661
6.755317
-0.101903
-1.797623
3.858568
-1.161829
0.7679268
0.4899871
0.8034598
6.33509
-1.863396
5.216573
4.129615
5.150058
6.656093
3.428282
4.893405
-0.8246573
3.832921
0.894507
0.7597622
4.420695
5.963922
0.3256992
-1.045995
-0.8202832
7.71547
8.928266
4.581628
5.665468
10.26548
0.4736041
4.064752
4.06706
5.048078
0.8074182
4.562751
5.662512
5.353787
4.562654
7.100751
3.977071
1.869794
3.813836
-0.009257027
3.660639
5.363433
1.955734
0.954092
4.703478
0.32001
-0.7696536
6.358567
4.808219
6.603659
-1.240896
4.555626
1.19417
3.611459
5.930314
3.881995
5.246205
0.2400236
1.736945
6.510401
-1.083744
5.908954
4.262753
5.378879
1.460858
0.1648997
3.562209
5.168907
-2.073732
4.043446
7.197563
5.052553
0.2312498
5.044546
2.015967
0.3422781
-0.1300393
0.6168059
4.642217
0.02120693
0.3152101
4.663044
5.781578
0.716807
6.567053
3.594088
5.780117
6.069203
-3.018948
5.019647
5.13023
