6.307942
5.209245
5.031664
6.072602
4.710466
6.697067
1.193758
7.790603
-0.3376625
5.174839
3.578186
0.5477735
4.610138
0.1343313
6.978592
-0.3326485
4.74702
4.832728
4.951322
5.614976
4.769845
5.426244
3.560774
-0.4262951
-0.1645027
0.2160284
4.838653
3.805026
5.458353
1.542663
5.045998
5.733413
6.323913
5.016566
5.063664
-0.9906852
1.906035
-0.1028672
1.934488
-0.03057054
1.526635
4.707557
-0.106367
-0.9391386
6.253528
0.0028838
6.680306
4.372109
3.509985
-2.299937
4.557529
-0.06540836
-0.7787457
-0.2345789
6.387297
3.780649
-0.7214237
0.07718248
-0.7246207
2.512077
-0.4442631
5.549763
-1.628637
0.1586972
2.57239
4.918584
-1.265489
6.641177
0.6026437
3.718993
6.037469
-1.8706
0.2302541
4.247364
3.447704
-0.1685937
4.888231
4.610892
5.266187
-2.862883
5.343702
5.015227
0.7633209
4.983336
4.231535
-1.96471
1.229189
4.019381
0.4553435
7.594197
-0.4259752
0.5194813
-1.429642
-1.068656
1.159519
3.899657
5.943685
5.012318
8.481226
8.688953
3.767062
0.09696801
4.613086
0.6957537
4.850425
5.459871
7.040903
-0.8406322
5.485298
7.918431
6.670261
5.155628
-0.2896617
0.8514745
-0.619158
3.977902
4.087696
6.681371
-1.149542
5.438392
0.6431257
4.926115
-0.357523
1.572999
-1.147976
0.450918
3.842515
-0.4062621
7.550833
1.866449
5.835208
-0.06954528
4.48533
-1.001143
4.785811
6.276699
5.004476
-0.2252774
4.840882
5.724433
-1.630897
4.420207
2.199617
0.06751176
5.799913
0.2148278
-1.424279
5.307868
4.28189
5.587678
0.850951
7.23907
2.213861
4.470142
-0.7247019
-0.05929657
4.792677
-0.2278086
4.851659
4.717432
13.07072
2.890442
-1.922458
5.765085
7.665533
-2.421513
-0.007130576
-2.384004
1.521707
-1.473074
0.9348079
5.676239
1.076746
5.360612
4.286218
7.398581
3.112257
6.383016
-0.2368992
7.054203
4.061502
5.194809
0.5403552
0.6189042
1.914309
3.905528
9.151034
-0.4202531
4.685868
0.5264544
6.311011
0.6917851
2.717708
5.24141
0.2066215
5.285912
6.998543
5.886655
8.262696
6.901101
-0.0171297
0.4246817
-0.4599181
1.13958
0.5021676
4.662918
5.600218
0.03205256
0.4116706
5.59263
4.302982
-1.484308
3.057524
4.602268
4.737149
-0.7556082
0.344211
0.588969
-0.08495057
-0.1138351
11.09658
0.03258949
1.083668
4.603069
-0.5897638
4.009453
-0.6328802
0.8460485
5.251531
5.946614
5.782328
5.884467
10.70223
0.8122186
5.576309
1.097961
-0.9341754
3.785678
4.379485
5.902328
1.466535
4.920897
8.032449
6.981539
4.529677
5.566533
0.5955509
7.483295
-1.068345
-0.03414351
4.463084
1.484726
0.1859924
4.38831
4.234497
3.514899
0.9446689
6.863609
7.557497
-0.5964557
6.601853
1.485882
5.896433
5.693562
0.3306894
5.623134
4.136777
4.915115
-0.3554512
-1.152492
5.120145
6.338089
1.045401
0.2923214
0.6673849
0.2501247
0.2251789
4.852676
4.436314
-0.4083922
-0.1863302
-0.9680959
5.794722
4.214044
4.72731
1.305959
-1.288613
0.4543562
0.05725801
5.95352
-0.6624745
4.777395
4.04949
6.198078
5.628646
-0.5401241
3.936469
2.764603
-0.3474814
3.856884
0.6490475
6.041162
-0.002241567
-0.4625739
1.531416
-0.5281321
0.750514
4.636579
0.09056563
5.317554
12.13484
0.5162617
4.854227
4.529998
5.576735
5.239305
3.913047
-1.180353
5.983104
5.704124
0.5837752
-1.462236
-0.8897541
1.048197
0.6289354
-0.6872621
6.075805
5.390374
0.3638751
1.777845
-0.2997775
1.161981
-1.604291
4.837971
0.5588403
-0.03212007
5.73482
7.65359
5.704532
0.7257734
-0.2710936
5.730792
4.303023
4.966336
0.8291452
7.476298
-0.5424144
4.6874
-0.4786315
0.2634702
5.752533
6.530257
4.840518
0.1838718
-1.484559
-1.002574
-1.306619
-1.511856
5.136648
9.936213
0.755908
4.336306
4.861987
1.303594
6.088132
0.5192789
-1.18039
6.131088
5.809172
5.051137
-0.5595082
-1.05986
-1.00537
1.166399
0.2333451
3.12418
-0.399992
0.1973845
6.070614
5.424295
5.139021
4.427155
1.693996
1.659884
0.8628499
5.840951
4.974626
0.8704101
4.732095
6.41342
4.703478
5.034288
-2.325376
6.360254
4.608807
4.846022
-1.778263
2.859071
5.51082
6.316839
5.720776
6.257385
4.579016
-0.8000945
0.4897103
5.118889
6.391982
7.017634
0.7055169
4.311257
4.806561
-0.5524518
-0.4941513
5.57783
0.1704443
-0.2204888
4.539729
5.776529
1.300117
5.002941
1.639705
1.651835
-2.264326
6.226461
4.50607
6.027771
-0.09211656
4.026468
4.947031
5.142815
5.326603
0.3160618
0.2500964
2.417417
5.084641
5.352973
0.1190212
-0.5658564
6.579367
5.192957
4.54688
3.173359
5.167457
6.163029
6.515237
1.25734
4.897762
0.1089246
5.365567
5.297871
6.679561
-0.8164604
0.2811052
-0.9812399
4.328247
-0.3670908
4.318086
-1.967133
3.256358
5.661616
6.519304
-0.3927986
4.907131
4.898766
-0.4370819
0.3160739
5.017217
0.3090482
1.577748
0.8878855
4.061377
5.585282
-1.092935
3.06093
4.984231
-0.6983012
3.959173
0.161795
0.8447723
-2.102003
4.026282
3.042942
0.6197655
1.424933
5.485269
1.117207
-0.8639239
-0.7625156
3.813518
3.563551
0.4815293
3.362123
6.526359
0.04619508
4.561734
5.470974
6.936656
0.007037705
0.1945433
-0.7174294
1.464851
4.47437
-0.6569611
6.560157
0.8368531
0.5127348
0.7761162
8.884532
5.544703
-0.1652367
0.02075752
1.044715
3.195893
-0.7725828
0.01405686
4.230316
6.247793
13.1557
4.052709
6.486864
9.384883
-0.5021942
2.299824
5.71018
-0.3170563
-0.2727782
4.272375
1.411971
6.110818
3.822751
6.660227
3.934378
3.201172
5.101778
0.1247038
5.172415
4.95404
4.24757
6.510458
1.474642
6.055718
4.941229
4.120726
1.390155
6.188767
-0.6735733
0.9635367
-4.293819
4.311555
0.227577
4.302003
6.371323
0.4013901
1.838333
4.621765
1.661927
-0.3609027
5.881707
6.045026
5.473079
1.485231
-0.6645016
1.623081
5.673505
-0.003385613
0.1845674
-1.118298
0.1391759
1.633422
5.02707
0.2522162
1.693855
-0.2175171
5.56677
5.812646
8.079062
6.131528
6.353608
3.939613
7.659664
5.460829
4.630787
1.202819
5.32052
5.557572
-1.170163
-1.6366
4.173224
0.9702389
3.484947
4.316905
5.348423
-1.51085
-0.8662597
1.964233
1.25476
0.2087352
5.358479
1.232998
0.9598605
1.283842
5.834676
5.52003
-0.0540577
0.08935272
4.066659
0.8974686
-1.572192
2.981312
0.2157484
5.575524
2.350098
-0.1396507
6.122534
0.9108783
-0.6132429
0.1370781
0.299206
-0.4307238
1.047335
5.213387
0.2672328
4.366719
8.697002
-0.7421126
4.911724
3.320804
0.08052532
2.585249
5.254962
5.847128
4.876523
-1.568758
5.543222
-0.2187782
-0.8161667
7.714822
3.945439
4.023527
5.220086
5.252263
4.632761
-0.1012826
-0.9501476
-0.7968058
4.05375
4.207762
6.763547
0.1467804
6.219328
1.969331
-0.8677653
0.1137026
3.342252
-0.1495138
5.023684
6.730374
6.820204
1.725027
-1.732561
-1.108158
0.03794847
1.063561
1.675898
5.698302
5.550947
4.632326
1.037867
-0.4968802
4.970986
0.8735871
4.064931
5.183356
4.177691
3.791945
11.43442
4.921199
3.101533
6.0248
5.096983
5.524105
-0.7384488
-0.01814087
5.412074
4.403794
4.919433
4.698748
10.62252
7.346003
-0.8861308
-0.2724045
5.272494
1.362993
-0.8941826
5.803919
4.812179
5.471877
7.306293
4.637514
5.540174
4.874648
1.075042
-0.2042948
-0.4114472
0.04964347
0.1601662
5.496146
-0.479021
6.293098
4.17361
0.178288
0.09477833
0.06442317
1.804686
5.889576
-0.117684
3.874929
5.260776
0.1746613
5.285955
-0.1291608
4.609562
11.4579
7.027878
0.5253906
3.641785
-1.509483
1.279284
3.121192
-1.815923
5.064659
0.5225622
-1.05822
-0.1431748
5.855412
6.526124
5.440397
4.786919
5.873922
6.349626
3.460465
5.067635
0.1724926
5.363693
4.407519
6.261675
6.484646
1.1174
-0.2616695
-0.9608139
0.2852004
4.272198
6.466035
3.846518
4.430349
-1.489692
5.872297
-0.6642691
4.005989
1.538219
0.3178546
4.863776
4.93784
3.193716
-0.2617861
-2.057383
-1.153176
5.32525
-1.765101
6.09702
6.558428
5.004644
0.8833713
0.4493534
-1.650448
4.78486
5.824248
6.526925
4.964898
4.398364
0.7034125
4.677049
3.364054
5.003751
5.805915
0.8071052
-1.132796
4.404421
5.154019
5.757958
0.7353703
0.2607725
5.063591
5.927404
4.614535
0.7439018
-1.109456
4.554868
2.957645
1.390716
-1.520226
9.117011
3.927954
1.59568
4.29424
1.119674
4.583733
4.595966
6.969624
0.5858436
-0.7213007
5.767103
0.2282613
9.775985
4.37306
4.114564
2.484246
0.3634199
3.36136
0.7152791
4.555221
4.853304
-0.6238524
1.341282
5.162718
6.458756
5.40815
-0.2771159
4.024609
7.407083
1.668901
4.908379
6.387653
6.723763
0.4084896
-0.4602213
-0.04692871
-0.3922033
5.858478
-1.562711
7.418306
3.912662
5.023323
-1.131758
3.213613
-1.126785
5.779958
0.96529
5.284622
5.392516
-0.7767626
5.868998
4.860326
6.476323
6.507341
5.081961
0.2478733
2.42061
5.491676
0.8023407
4.245147
1.014953
3.767939
5.077668
4.000491
5.834939
6.303728
3.5505
1.261614
4.983419
7.391174
5.962825
6.006189
-0.6531777
5.318706
4.26895
0.3505238
6.136266
1.319701
4.782939
6.683561
0.1577788
5.946673
1.847605
-0.5407702
1.349331
-2.049897
3.890292
5.732992
5.341684
4.965841
5.782393
7.964617
4.25991
1.431274
6.652264
4.007535
6.130301
6.560434
3.740496
5.583409
1.901901
5.064945
0.04848267
-2.071454
6.441444
0.2388672
6.26588
1.044726
0.3402917
6.305286
4.877709
5.159501
5.234339
4.65251
0.06114272
0.1316211
4.242784
4.72348
4.991223
1.342073
5.275912
6.935135
7.967521
-1.564065
8.71321
-0.5306862
0.6621997
0.6849817
5.347473
4.681104
3.279677
-0.6991616
7.279193
5.590699
0.8973577
5.240208
4.608463
4.830939
0.5914872
5.201181
6.183696
3.627057
3.641153
5.868332
6.320035
4.54941
0.7120003
-1.006157
6.901381
5.519519
1.625465
0.1756267
4.589037
5.750209
0.9119518
-0.1380216
4.220714
-0.01517607
4.18982
0.03687267
0.3938607
4.233746
2.37208
5.616486
4.693254
-1.196648
-0.2770709
-0.2163662
4.71881
0.07005855
5.813407
0.007018292
-1.10945
3.541837
-2.011165
3.752523
5.458601
3.20468
3.740736
0.4115527
6.59903
5.21814
1.368888
6.074856
5.9552
-0.2589833
3.999689
3.18721
-0.9565573
-0.2663527
-0.08881046
4.971621
5.703287
6.432173
4.595752
4.551874
5.196125
4.660724
0.7376673
6.145764
0.421979
4.751113
3.809298
1.767498
-0.3403256
4.291276
-0.7290927
0.3305067
5.434799
-1.577342
0.455567
1.762765
0.1526121
0.0006274764
4.666565
4.777846
5.179617
0.2600643
0.6571081
2.773692
0.1215267
6.170522
4.540562
-0.4082819
0.8050759
-0.359761
-0.8951171
4.698199
-0.01069601
5.01607
5.767747
0.4231046
-0.6350158
5.842604
-0.5067059
-0.1495669
6.319252
4.145773
6.31992
1.123473
5.231592
3.585193
1.254557
4.900568
5.430959
4.89647
5.112683
2.003708
4.335937
0.3078258
-0.2788353
4.339363
4.832752
4.007637
6.295467
-0.1535125
-0.3163665
5.855967
4.982796
9.428677
10.77674
-0.521922
-0.4415983
0.1510281
0.5304047
-0.2274562
-0.6462319
5.267757
-0.5835344
5.428381
-0.3557883
0.2626822
4.602378
1.204338
6.260242
-0.4234754
0.1732818
-0.2408286
-2.025877
2.465086
5.707317
4.116934
4.508785
4.463548
5.608009
3.750066
5.269108
6.68692
3.84527
5.799387
3.179744
6.396277
3.976508
0.1612556
6.417821
3.806442
4.967342
4.35534
0.3670585
6.354223
6.164959
0.2451292
4.804646
5.49033
5.138482
-0.9178285
-0.2325049
1.54455
3.61048
7.231046
0.2265214
7.940882
7.57364
4.092854
1.287837
3.890929
4.590621
4.379934
1.348627
0.9911934
-1.256482
4.042916
-0.4863313
4.258707
5.155707
1.323757
3.941177
4.009416
-0.488152
4.653497
7.347525
6.339041
-0.4106378
0.4303961
2.114515
1.121549
5.42561
7.347312
4.569546
-0.1198633
-0.1739642
1.5472
0.1127999
0.2118271
8.423091
4.571774
4.86186
3.785388
0.1444755
5.3831
4.183869
4.988464
4.227835
-0.593449
4.898541
6.370605
6.39139
6.128971
0.404333
0.289819
0.1164581
-0.724284
5.223126
-1.257335
4.572181
3.865932
4.504514
3.292695
4.249599
5.134251
5.363486
-0.49656
5.101672
5.002999
-1.73835
3.527718
-0.3978352
6.037939
-1.96957
-0.3216306
-0.5454701
3.837071
-0.3931791
2.733053
5.63788
5.048681
3.925786
4.590404
4.910889
5.034296
3.987698
-0.702484
3.852238
-1.203301
0.8618142
5.183981
-0.3214775
3.472987
-0.4045002
-0.4129485
-0.4433057
6.137355
4.44871
5.871969
0.7210013
5.329385
1.689292
5.423672
2.72171
2.0669
-2.228206
-1.115537
2.786134
0.3019768
-0.5731196
5.099928
4.859925
4.151371
5.478372
1.687646
6.46787
5.261987
4.794704
4.396829
5.093934
0.6364767
6.30113
0.01970661
10.28775
-1.916502
0.05863481
-1.616366
3.968853
-1.041072
-0.955952
0.2961343
7.518557
-0.1149355
0.8301375
5.981154
5.251365
4.796408
-1.218176
4.26722
6.122111
5.483475
5.109117
0.6147304
2.719289
4.478662
1.58837
-0.9026653
4.524023
-1.123888
-0.6748015
4.472078
1.087593
4.598747
4.751809
3.624648
-0.2040731
2.85108
3.59169
-0.2185331
5.018751
5.322755
5.41839
0.1275215
3.872796
1.117804
4.702924
4.391861
5.469876
-0.3232809
1.314351
0.9358475
-0.6372512
-0.2612697
3.787347
1.000702
4.955877
3.988659
3.957474
5.54257
2.449543
-0.2946335
10.99746
6.606512
0.9435401
0.1240054
-0.3865116
-0.5470203
4.837525
6.850738
0.3564861
0.598696
3.73385
4.919486
4.172262
-1.154381
-0.02116712
5.782474
4.597424
7.706047
5.277072
4.521493
-0.494685
4.400024
4.858946
3.665866
-0.2044708
1.978528
-0.851888
2.239437
5.768351
0.04694136
2.710335
3.782016
4.840266
1.87465
-2.200032
6.483301
-0.4965628
-0.4832577
5.238913
-0.6855102
-0.1592612
0.8951641
6.675264
2.138122
-2.143867
1.386127
3.980938
4.02291
4.817195
-0.6609637
3.77802
3.940283
6.264182
5.256319
6.195225
0.4227263
4.73882
6.295278
5.011025
6.661196
0.5522617
3.667894
6.616309
4.27564
7.090684
3.975043
1.460486
1.215562
5.03337
5.490955
-1.519454
0.1868097
5.66932
0.9942946
5.236388
-0.4641115
5.223915
2.358419
5.256103
3.486578
6.011367
5.706806
3.200791
5.527698
0.4699486
-0.2895985
4.761258
3.7506
4.351738
-1.221445
-0.903523
5.065302
3.803783
-1.317356
-1.600021
0.07922642
4.520002
-0.06798822
3.618957
1.063
3.715078
1.91867
6.329785
5.138911
0.7003174
-0.3614311
-0.8611809
4.378536
-1.170865
0.1576301
-0.7233188
4.204145
1.591097
0.401943
-0.7962442
0.6774502
4.608061
5.407614
3.665711
5.506373
4.205726
-1.037067
0.7270323
3.50611
2.760253
3.496145
8.157673
6.482628
-1.314323
4.416925
-1.186118
0.8978194
6.408316
7.093385
6.934888
0.1132093
-0.6418886
4.307874
3.646076
4.658658
6.04596
-0.5980623
3.590133
3.806266
5.265472
0.731708
1.039513
0.1935487
5.602654
4.420673
0.4481765
4.951027
-0.1501418
5.529159
6.833105
6.367691
5.056811
0.3809262
1.667903
5.019598
-0.7809144
5.069504
5.688171
5.145332
4.230113
0.4329931
0.3250673
4.234645
0.679579
0.9510866
-0.3576285
6.566034
0.9352804
-0.06647341
5.325442
6.058278
5.385202
-0.4097176
6.567888
-2.895526
-0.2267504
3.437202
4.614039
-0.953531
6.068576
5.3299
5.255219
5.360156
1.449627
-1.854819
1.460654
3.503429
0.4093731
-1.439078
-0.09315498
-0.4965203
2.010668
-0.9169562
-2.217996
6.502724
5.099481
-1.255477
8.276345
-0.845576
4.687702
-1.070956
4.560281
-1.73286
4.998715
4.827939
0.850491
1.338744
-0.4577322
1.140523
-1.345893
6.659078
3.664887
3.510942
3.599367
3.750857
5.371958
-0.6931379
3.972014
0.08942419
5.408848
4.897944
4.032316
5.499651
4.908279
-0.4370617
5.316512
0.1480566
0.7235369
0.2655985
-0.3772841
4.605558
4.224273
-0.1503663
6.580428
-0.01420621
5.678132
5.212261
4.84051
1.668642
9.232159
6.84124
0.1808605
3.921313
3.865567
-0.7406399
6.223701
-1.138347
-0.008881235
-0.09331465
4.259531
5.648831
-0.09680148
4.810641
5.534092
1.172411
6.457483
-0.0774068
4.697697
-0.1109935
3.619443
1.000467
5.503136
-1.176681
5.551199
-0.6109553
0.7076089
5.321815
4.064949
5.146384
5.665519
-1.773577
4.053052
-0.1417969
6.009629
2.40302
0.2022946
3.006238
4.208986
10.28247
0.2722408
4.923504
0.05055099
4.957599
-2.843319
4.62373
3.898174
10.90553
4.346357
6.663043
0.4887124
0.2790708
-0.3835763
0.2084703
2.2415
5.910771
4.565313
5.16358
0.5396147
-0.4724941
-1.016994
0.7262947
3.777757
4.14792
-1.258382
4.774464
0.2313887
-0.9300603
-1.572055
-0.6595558
3.835651
0.5144984
-0.04268979
2.630377
-1.726926
3.116899
3.92597
1.286086
5.221591
-1.416189
0.2783168
0.7140351
5.45128
-0.2287748
7.604731
-0.8238679
5.093201
3.448894
-0.07090691
1.524151
5.538819
1.354657
4.522335
4.126124
-2.717472
6.482916
5.271411
0.9501181
3.642243
6.974653
4.047225
3.651792
5.075387
5.524117
1.667275
4.632149
-2.081433
6.789279
0.07930858
-0.2758772
-0.6800406
-1.845962
7.041203
4.455839
5.499436
3.218559
6.510879
4.194522
-0.1674903
-1.15113
-0.9778657
5.684198
5.371477
0.7470573
4.789629
-0.6914573
5.01166
6.042987
0.5193944
-1.3397
-0.1254881
-0.3987817
6.357952
-0.1095832
1.894848
1.342438
-3.082782
6.299436
0.2029047
0.8050514
6.203096
-0.368051
2.160142
-0.05377424
1.651828
0.28229
6.000803
0.2544376
1.389437
0.6737352
4.716263
5.126882
1.56136
4.848497
-1.776996
-0.2699158
5.763948
-0.2722905
5.459396
5.17419
8.942692
5.869034
5.047533
4.493275
-0.7959181
4.367244
7.766608
0.4290783
0.2554707
4.227718
-2.324149
4.599171
1.441727
-0.8998593
5.097228
0.7847683
-0.02764129
0.06725127
-0.1401439
5.516314
6.072803
-0.4416554
3.630039
2.980342
4.743679
-0.8765544
-0.3126558
4.620761
0.9249234
4.125685
4.908671
2.318822
-0.7013235
6.193217
4.694174
1.043359
5.031249
3.788428
5.491062
1.391389
4.049171
6.356615
4.374001
3.514366
2.575032
1.956778
4.875862
2.498457
-0.5593031
-0.1455508
-4.002253
1.897787
5.143246
-1.813532
4.852507
5.046941
-0.4136538
0.2285297
0.2837813
4.846747
0.4719303
-0.7533598
5.140662
6.665269
6.375948
7.081596
4.25747
0.3030275
4.467538
0.3343075
4.484467
-1.294174
2.774507
4.237471
5.162351
4.690203
1.318944
3.636163
5.637145
6.11806
2.047994
5.131411
0.5843825
4.094959
6.453118
0.6516057
4.087545
6.057277
4.156965
5.924692
6.04896
-0.499873
5.767999
0.1492789
-1.379072
-1.077138
-0.6368115
6.625196
4.541235
4.329006
3.169396
3.810785
0.6779621
5.040634
0.9063975
3.561808
0.5059686
0.9026179
3.978182
0.1298187
1.123739
4.744983
10.75824
-0.8894381
5.500854
5.349924
9.09718
5.650601
4.602741
6.671458
4.969128
0.2566333
-0.6349638
-0.07323071
-0.03032091
5.457575
5.787808
4.509979
4.873325
7.820654
-0.21225
7.551688
3.721805
4.906403
5.393775
5.613853
-0.3869344
0.5725743
10.07329
5.668382
1.037994
4.750132
6.58582
3.72529
5.76684
4.702233
4.08614
3.74012
3.116164
-0.8154558
-3.887184
4.565994
-0.1767903
-1.130523
4.422725
4.89024
9.434984
0.5594421
3.323602
-0.3879461
0.5279046
3.209582
3.914113
0.07433883
-3.366276
0.8931114
9.467296
7.781123
0.5472617
-0.5508439
2.379439
0.3185774
-0.7874118
6.114376
6.183909
-0.2831423
0.6110192
0.8339385
4.65267
-0.1966097
-0.1314009
5.631043
2.827672
0.5551452
4.136964
3.932715
0.5091161
-0.6409479
5.989334
4.419046
-0.4113835
5.666234
6.915059
1.113083
0.8800626
3.998395
3.712269
9.449818
4.101683
4.253328
0.206401
6.087118
7.268431
5.379639
5.917996
5.968827
5.655482
5.890435
5.363174
-0.6626369
4.984816
3.636691
3.640914
6.041006
3.804585
3.479112
1.048796
3.951416
4.68616
4.01243
0.08057687
5.497231
5.105037
-0.7893467
-0.5443396
8.115273
-1.376721
-1.148073
4.306987
4.370539
4.275768
5.166605
-0.660543
4.489977
5.247085
5.161122
1.296787
4.317954
3.059143
0.2163363
4.223025
-0.1414227
-1.602802
0.4395815
5.019896
4.30835
6.078578
5.409223
1.301596
-0.7548752
3.818139
6.381649
4.726862
0.7586881
4.998807
-1.618935
6.05864
0.7803546
0.8434544
6.447209
7.897619
6.045264
5.19534
4.850142
-0.1343198
4.538722
4.352488
5.672562
6.471358
4.907845
-0.1656582
5.206784
-3.439958
5.187432
5.550286
5.326521
0.2017064
0.1096408
4.847753
5.812371
3.98347
2.652694
5.726884
8.278387
3.093957
-0.7678397
5.695704
-0.06507821
-1.512197
-0.5803825
5.738055
3.693696
5.597911
-1.544184
4.432614
1.007534
1.428848
3.912228
4.416383
-0.5347284
0.6688332
6.143775
0.6515263
-0.2910832
4.478227
-0.5861954
-0.7317058
4.691747
3.326065
5.100827
0.6460358
-0.04536742
6.207992
-0.5186057
4.400321
4.486357
-1.284383
3.679184
0.6050445
5.374053
0.2614223
-0.6981965
-0.3353766
0.0542841
0.07737121
-0.9410194
4.410867
-0.007955359
6.321321
-1.052184
9.194968
5.408676
-0.7317955
0.8993944
-2.093938
1.781599
6.106247
4.52385
0.1930601
4.746405
3.900725
-1.401327
7.318759
0.7982647
-0.1286273
4.410487
-0.9443127
4.798416
4.563586
5.532995
4.239338
4.302848
1.208974
0.5632817
4.724802
5.018655
-1.235957
5.979791
5.761967
5.02357
2.38033
6.083695
4.318014
7.675186
5.298055
5.323944
2.332554
5.377985
5.451901
4.619518
4.961502
0.02622392
-0.596666
5.064051
4.973464
0.7647972
2.579953
5.945544
1.000172
4.197349
4.054796
4.663662
5.443177
-0.6013264
2.749633
5.930807
5.613109
-0.08936099
-1.104805
4.670131
-0.09621529
-0.3937424
-0.02074983
3.02852
-0.4604318
4.074899
5.407549
-1.734452
5.608245
3.190458
4.694023
6.062995
4.514801
4.744527
-0.6229378
4.500044
7.808801
6.067055
5.194308
-0.3219027
-1.239343
2.293953
3.437173
-0.1997152
6.284696
-0.2984502
5.477835
0.1483858
9.490253
5.547961
6.68945
0.4652248
3.168258
5.23202
0.03977213
3.007984
4.79404
5.930105
5.987246
6.486994
-0.3089791
0.4175323
4.197253
4.315071
0.5021311
2.132375
8.759205
4.887592
-0.4634562
0.2484503
0.2576757
5.025262
0.8761834
-1.390233
4.075952
3.101002
-0.3055424
1.91747
-0.6936062
4.586667
-2.460209
4.913318
1.305124
5.037516
3.427632
6.305161
5.133593
0.9674003
6.527003
-0.06271035
0.2953286
-0.009513426
5.250341
5.103771
4.908824
-0.2290467
1.057492
3.856119
-1.285741
-0.3279033
0.2475623
-1.229036
-1.061044
6.678246
5.910296
4.594824
-1.714923
5.764249
-0.1266287
5.851217
-1.028695
7.385331
2.42222
5.925397
0.5541725
-0.8305037
5.744045
7.972316
2.983739
4.947309
-0.0357749
0.02643023
1.277759
-0.1819581
5.762924
0.05026296
-0.646713
5.176751
4.798179
4.077736
1.299523
-0.04507559
4.614196
5.134017
3.641098
1.255672
0.06644367
5.693093
4.440689
-1.075839
3.551114
-0.7649515
-2.120643
0.2680644
-0.9793117
4.566544
-1.083773
5.255603
-2.020812
5.467663
7.497808
0.08971555
2.329643
6.495587
5.274959
5.032769
0.5147733
-0.225911
4.958356
6.685559
3.811759
-1.060987
5.251483
5.796546
4.653335
4.320048
1.028681
5.232705
6.00079
5.038955
-1.585108
4.833163
0.1694558
2.693385
5.058653
4.497233
5.827637
5.235747
4.961176
-1.147952
3.757944
5.053459
5.327204
4.512694
1.316118
-0.07069798
1.062047
-1.504449
4.813916
5.215742
4.129296
4.513432
1.845131
4.316496
5.251878
4.889894
-2.06356
5.61256
-1.293607
3.737485
1.523217
-0.5064378
7.058435
4.57154
5.737508
-1.561417
3.942904
5.840817
1.247708
0.3973772
6.796727
3.833517
5.06859
1.129404
0.9766123
5.916993
3.920166
-0.776061
0.7166842
1.411416
4.529892
3.19544
13.52152
5.477942
2.423266
4.555877
0.4185014
-0.120646
3.302757
5.044991
3.642437
5.482768
11.14556
-0.6396166
4.099537
0.3032608
0.2901652
7.12227
4.552827
0.8302523
4.306288
-0.3711453
5.242742
-1.430116
1.255076
9.179543
1.16859
-0.3191606
0.8813793
4.252901
-1.309823
4.762249
2.692774
3.209851
-0.47436
-1.107574
0.3220566
6.686043
5.862744
-0.551117
-0.6682675
-2.038499
-2.241086
6.112236
4.77306
1.408318
0.3855141
6.858171
4.281276
3.791829
0.4022355
5.264091
4.390669
0.2180243
-0.4496684
-0.107232
5.774359
5.411083
5.396446
0.261308
3.504699
6.313552
6.918094
6.716819
5.296266
5.966857
5.355054
0.4812582
0.9906051
0.2556071
5.925083
0.1495098
1.930732
2.354149
0.2989665
4.412808
3.600992
0.6230238
6.096431
6.80294
0.4376913
-0.4632317
4.164873
-1.510575
4.321433
5.250602
5.062365
0.3030989
2.990272
6.547334
6.371977
1.133781
4.31617
4.159525
4.822894
3.949584
4.65475
2.69009
-3.065702
1.004085
6.038181
5.824159
2.060442
6.846869
-1.933306
4.590212
3.287454
3.837945
4.451858
-0.4744522
4.82284
-1.200891
6.778303
0.3778548
5.721537
4.457345
-0.6026677
5.186805
5.369412
0.1692549
4.762372
0.1282583
-1.049242
-0.578786
5.128226
-0.3176017
6.111738
9.183363
4.45992
5.805814
4.180164
6.631975
1.146782
6.672835
0.4858482
6.10919
-0.1298399
2.883234
8.293866
5.084102
3.972573
5.439656
0.5209993
-0.195167
2.506516
4.272731
1.007195
-0.004429459
-0.5266205
1.488666
4.8019
10.93095
4.096912
-1.239254
0.7062037
4.359018
6.506674
4.659341
10.16356
6.777515
6.582537
-0.6925003
5.8827
4.840315
5.793698
5.254758
5.3047
0.6502312
0.5614401
-0.7158183
0.3162542
2.726348
-1.28952
-0.548528
11.01901
5.737336
-1.292012
-0.330724
0.4977531
5.632429
0.3702414
0.2615548
0.1772997
0.5033364
0.03547924
4.758159
3.952098
3.573257
0.308467
4.756969
5.468834
-1.378905
-1.24806
4.725021
-0.01709552
7.282111
1.392907
5.840924
5.675143
6.954739
6.861707
1.122446
-0.6990198
0.2925185
5.542053
1.159023
-0.1588302
1.091486
-0.7015216
-0.8026945
-0.8602988
5.095558
4.316218
1.251699
5.480629
6.439055
-0.1857754
4.062419
4.799125
4.906832
-0.2924063
5.956103
5.722037
6.479932
4.100998
6.104773
0.8961717
6.614808
0.163096
3.506056
3.201195
0.3485012
5.800581
-0.3937285
-0.4701391
5.198039
0.03744461
4.863123
3.796344
3.941124
4.757631
4.573813
-1.188684
0.7864429
4.049559
5.083081
5.03791
-1.098829
1.389199
6.575918
4.955072
-1.639304
0.3991472
-0.06377323
6.187192
4.296676
-0.6054355
5.57358
1.242019
6.753137
0.08044493
5.598731
0.00252115
-1.049172
5.00416
6.191986
-0.3116162
-0.6478895
0.1727321
0.388039
0.4290009
6.197384
0.501254
-0.4055848
1.92753
0.6366208
1.253117
-0.01728472
6.925732
-0.1688406
-0.2903245
-0.5740828
5.220261
3.924176
4.495549
0.02227739
7.343851
6.369486
3.864543
0.6873484
5.556618
-0.4820444
0.6147481
0.910374
-0.3761019
0.4333636
1.333527
5.88489
5.248834
8.143931
4.180486
5.783908
-1.707192
6.422083
0.0258566
6.510339
7.238879
4.951037
7.750573
5.534693
4.099096
3.915262
3.573965
5.764325
5.883845
3.67566
5.613849
-0.3706947
9.527695
5.229366
4.693039
4.280988
0.367268
0.3057137
7.021599
6.410445
5.086873
-1.589508
2.909601
0.5285456
8.026317
5.436246
-0.4791869
-0.6685241
6.497654
5.405029
4.048795
-0.04860261
5.3929
0.7932849
-0.7938823
5.29913
6.709412
6.130136
-0.1130362
1.72225
-0.8099061
3.085673
4.582075
-1.256343
-0.7239287
1.762231
-2.005442
6.169927
6.106025
4.511364
-0.1441449
4.625698
4.412336
10.08837
6.216949
0.7142168
0.8496635
4.565229
4.636194
4.67673
-0.5660781
1.105432
4.662116
0.0972968
-0.5906996
0.2388559
0.3386725
0.811914
4.875103
0.492028
4.735713
4.36636
2.862007
0.4569241
2.485985
5.903547
1.105893
3.936239
0.8948231
4.587696
0.07275194
0.7643069
7.08792
7.664014
5.090431
5.537974
4.94371
5.200051
5.000941
3.544303
5.171499
6.604946
4.066555
-0.03112173
0.3471129
4.920177
6.131094
1.166395
4.049082
5.711667
1.309092
4.945769
6.441664
0.3264015
-0.1268525
5.839191
5.227849
5.511813
4.83838
-0.4398509
5.631391
4.969334
1.345543
5.915225
-0.3589896
-1.30134
4.76236
0.1016994
0.06779441
0.5111744
-1.736139
4.833757
6.101915
4.035125
3.297587
5.15783
-0.2698869
1.707802
0.2609834
1.576589
4.6948
4.430766
5.854383
-2.192894
0.2852645
5.789514
4.550449
6.775076
-0.4958797
5.671365
3.725357
0.795238
-0.4296894
4.977012
0.06567171
0.2906346
5.048818
1.862264
5.123874
-0.3025148
5.06616
0.4434301
5.539588
1.60903
6.42331
1.137582
3.993507
-2.730575
0.6848388
5.294366
5.11994
5.718496
0.04335608
4.809673
5.768583
5.949801
5.29894
-1.164233
0.4710949
-0.5101986
0.05886925
7.509838
4.359312
5.922394
4.500778
-1.482661
4.293196
5.778831
5.477831
0.09993534
3.235934
-0.02344825
4.313854
5.588461
3.17281
4.807523
-0.2043349
6.856783
5.266662
-0.3737692
0.6758629
-1.259314
-1.76098
0.2937708
4.750233
1.219932
4.012021
4.582645
1.156863
1.199002
6.288545
6.203437
6.216768
5.806694
-1.813427
3.729486
3.688189
5.347439
0.03497588
4.626461
-0.274875
4.881496
-0.1919054
-0.1650912
3.601534
-0.05595883
5.881882
-0.152023
7.072768
4.561946
-0.1114664
3.597111
4.266835
-0.6608404
5.118195
5.680365
0.7292897
4.079733
3.99908
5.987874
3.704143
0.3083355
0.7808449
-0.1341504
5.106238
2.663145
-1.603558
4.630272
0.4389879
5.550799
0.8319003
5.111125
5.030638
6.525286
0.2523928
0.9517624
-0.1833289
5.447604
4.328874
-1.723791
0.03663297
-0.4836261
5.492203
4.700143
4.857569
3.890297
4.555432
0.4465781
0.6166712
0.3720122
3.96829
0.5689989
5.731353
0.6187206
-2.183627
-1.185844
-1.726603
-2.073288
-2.132741
0.9099639
0.5941013
0.8188567
3.954916
-2.45837
-0.5246241
0.0547617
-0.14447
0.4989575
5.137787
4.394821
0.4985917
4.451319
4.872599
-1.007893
-0.5464916
-0.1075738
4.80719
0.6984036
3.564091
5.703679
1.552391
5.417786
-0.09441668
-1.016886
5.531493
2.844073
4.754336
3.949178
5.683037
4.886846
4.312878
5.816189
3.692746
-0.1193056
6.573312
5.068905
4.512876
7.614032
-0.4935771
5.178528
-0.7958286
0.9673556
5.304123
6.7407
-0.4762844
0.4088487
-0.06528505
5.860995
3.329897
-0.7401515
1.619996
-1.089043
5.068863
1.555324
-0.8469117
1.674697
1.529901
4.913697
1.230286
6.2804
-0.8492174
0.5245237
5.377425
5.972529
4.400757
5.666766
4.127532
6.135187
1.061755
-0.6829852
4.097176
6.551835
0.3245264
-0.7248404
0.7328449
5.156262
5.695968
-0.6311942
-0.5593332
4.856478
0.08068075
4.239687
6.880148
-0.5267773
4.231584
-0.7780157
-1.543033
4.223569
1.970183
6.387039
0.4856654
2.293568
4.770198
-1.904455
6.758247
-1.146061
4.588215
-1.430651
-0.8895266
-0.03584283
3.454216
0.7080722
2.66523
0.8146376
7.240837
1.00615
4.33622
3.921628
-1.366772
3.317732
5.115069
6.749175
4.057594
-1.595825
5.393056
4.180239
1.94852
6.325474
4.550338
0.4044919
1.464705
0.3531533
6.412313
5.358211
0.3231327
4.621336
-0.8989828
1.419951
1.584226
6.540525
4.554829
4.087785
-1.305651
3.998571
0.06630205
3.717194
3.246046
2.037507
6.066926
5.11274
0.9541123
5.307028
0.1561496
-0.3525769
0.4566815
1.662781
4.646568
-1.117784
0.2457627
0.9290446
4.080278
0.5681153
4.888546
0.2248006
5.033297
1.022749
4.501699
5.926987
6.454259
7.014147
-0.001023214
5.453893
1.826787
-0.6523998
1.816879
10.91105
5.412632
-1.173228
3.771633
6.206025
5.004318
3.941601
5.344319
4.019852
3.558161
5.146564
4.946913
-0.2749585
5.082016
4.957722
1.96495
4.83672
5.635819
4.553667
5.215155
5.508999
4.897657
0.2822312
3.850143
5.937869
0.2820591
4.746189
5.44991
6.048105
-0.2244786
4.03629
5.651648
6.183155
5.201883
5.996891
4.455927
-0.4233996
5.182795
0.8164304
4.672831
-0.05289636
3.956461
1.291232
6.189287
6.705451
2.591799
4.819384
5.6751
3.421935
1.031593
0.9790909
0.4784485
5.425132
5.325718
-1.165549
-0.6267074
3.444413
-0.2807337
3.328082
0.665425
1.643478
-0.9160474
7.312231
4.72115
5.235944
5.270839
4.722138
8.078426
4.860211
2.230349
1.620639
0.3995369
-0.2505386
4.072389
1.087856
-0.4166503
3.377254
1.904202
-1.962394
-0.1362783
-0.562238
5.603986
-1.716625
5.642573
5.10035
5.097271
5.056
5.421267
4.335894
5.472363
-0.9400009
5.864434
-0.3790025
8.775084
5.672345
5.551183
-0.8622236
-0.3440687
-0.315773
0.6773764
4.461781
0.1028173
-0.5614496
4.577887
4.544805
1.91379
1.741647
3.468422
6.607481
0.8239022
5.935861
-0.1284755
-0.1500476
5.636972
7.371547
4.604724
5.250462
2.162578
1.221515
-0.09051425
0.1300734
3.489864
5.04682
-0.05253749
4.362817
2.252462
5.744357
5.271772
6.122964
7.174712
5.764131
-0.2587941
4.724755
1.569993
1.283316
4.534875
0.8875395
0.7892891
-0.1709472
0.8056782
4.038653
0.3667775
3.895738
-0.8422269
2.426147
4.881039
5.107383
5.609819
3.619687
5.170408
-0.738118
4.902403
4.31475
-1.295159
9.164218
9.542621
5.491101
4.261878
4.686442
7.548065
7.632325
4.129095
6.456806
5.585846
0.6461834
5.517164
5.232473
0.5741488
4.841706
3.82783
-0.3787701
4.077222
-1.148068
4.987216
5.154439
3.031414
5.41247
5.66844
0.1780919
10.28882
5.423503
5.858452
-0.4253457
4.616794
1.902248
-0.5999161
0.03165541
7.727206
-0.7227804
4.446415
-0.1129213
9.089545
5.226268
5.183023
5.866987
-0.04877868
4.492566
-0.6147324
5.354776
0.3817388
2.798496
1.608363
4.622316
5.184038
4.787428
-0.8388722
4.54198
5.435249
4.710425
6.919926
5.929794
-0.1415079
-0.2747823
7.097256
4.188434
0.1978116
4.936472
3.494553
1.591414
4.207606
5.445809
0.374529
-1.449468
6.211192
4.428879
-0.2789565
-2.385979
6.000505
6.124764
-2.471403
-1.526355
5.606126
6.183518
7.462128
4.999932
7.148445
5.842112
4.409722
-2.143466
3.908093
4.72386
6.288258
7.353773
-1.342551
5.209738
-0.6844778
6.524522
3.673494
0.7954728
4.11005
1.480316
2.728167
5.916174
-0.799014
4.116357
1.384601
1.778876
-0.6265844
-1.969798
6.849754
4.653914
-0.6814252
-0.7964103
-1.772746
5.058505
5.153807
3.651817
1.027688
5.058788
5.038713
4.667521
0.7403889
5.892334
0.7124822
0.3962596
1.071775
-0.2351014
2.291117
3.930113
1.700009
-1.819228
0.3000521
7.925374
0.01203545
0.2867143
5.835985
0.5996149
5.559617
6.357523
4.239751
2.343797
-0.1560816
0.749412
4.53445
1.170258
0.5274321
-1.758219
5.519554
0.3790797
5.483767
-0.6759947
5.765761
1.298413
5.482827
6.000848
5.658741
-0.505565
-2.517953
1.171735
1.462171
4.161411
3.458404
0.2668898
6.837471
3.923798
4.724894
-0.2573943
5.008096
-0.8818721
-0.05849987
5.173229
4.237761
6.507152
5.160703
5.624767
5.17562
-0.2443305
6.086221
-2.625286
3.131878
6.327868
4.829523
0.5944843
4.959898
4.065545
5.779164
-1.277583
-0.3820405
4.048186
-0.2281946
4.107204
3.019132
4.218919
5.829404
6.616767
5.605703
5.639686
6.120141
3.680499
4.479706
0.7805396
4.822086
3.411628
5.443843
6.339133
5.127969
5.66705
0.8229376
-0.1057808
-0.9176568
5.122736
6.378968
5.108455
4.420565
-0.03367091
5.563141
0.9751266
-0.8200046
4.432669
1.091142
3.972505
-1.158567
3.248052
5.264595
5.713683
-0.7926302
-2.074195
6.918855
0.8078537
5.790612
6.09417
0.05568539
0.3323731
6.840366
-1.678161
1.075108
4.317156
0.1649116
5.268673
5.2737
5.733766
-1.584475
5.293341
5.43852
4.548247
-0.7536457
-3.229061
3.094074
3.523203
-2.273914
1.260988
5.72508
-1.095233
-0.1727034
5.227735
0.7714511
1.514584
-0.2638604
3.236323
-1.37598
5.231224
4.364627
1.044702
-0.5069364
5.447011
0.6264435
5.243726
5.544185
4.303317
4.767393
5.752391
6.971553
0.3607436
-0.4340381
3.568433
0.1421176
4.302709
6.233908
3.933642
-0.3149582
-1.236568
0.8546719
5.203552
5.591989
5.431475
5.195398
6.36496
6.402736
7.033911
-0.7679823
4.134567
3.670048
0.2661536
-0.5168649
4.684515
3.300681
0.6595287
-0.1065661
-0.6415261
4.138964
4.884203
4.335022
3.613191
4.19716
4.825005
0.3048574
-0.02600483
-0.2724321
4.749243
5.288342
-1.330635
6.499431
6.761782
7.062724
4.606375
5.352321
4.532499
1.841785
-0.124555
6.233
5.004507
8.384312
-2.000484
5.320134
0.6988062
-1.037548
5.426917
2.016057
5.350983
1.538677
0.433716
8.064611
0.08581088
0.730192
0.1429067
0.1267878
-0.1545325
4.501329
4.954461
6.439278
5.540905
6.722485
5.527623
-1.016711
3.465696
3.141188
4.154848
4.35423
2.285767
4.177585
6.754159
4.859007
2.122013
-1.588559
1.566818
-0.06035668
4.279639
2.755653
-0.6449033
-0.3845582
1.208326
5.166274
0.009712031
1.038593
5.406202
0.8326971
0.5944733
2.143781
1.924196
-0.2393808
1.103027
0.1111426
-1.882122
4.695988
3.783641
3.15833
3.781343
5.007227
4.382644
0.8383767
0.427936
-1.233999
-0.518661
4.626796
4.072614
5.881951
6.895536
5.429269
-0.8445384
5.606842
0.4836375
4.355346
4.278331
2.79098
0.9435798
-1.798118
1.276241
5.819604
6.06384
0.7700568
3.96489
0.1741542
1.149039
-0.9524201
0.01998543
4.899062
5.535994
4.896828
-1.515639
2.616137
6.489976
-0.5461533
4.828086
4.340321
3.751323
3.500944
-0.9740704
-0.1699531
2.436411
0.06383343
3.047805
0.6719019
2.555045
-0.7179187
0.383459
5.542034
4.296112
6.909504
3.915696
4.651372
7.08905
-2.428885
3.136743
0.6649908
1.07758
-0.3212076
1.418979
-0.2952833
6.909563
3.324855
-0.8032524
6.457916
0.01879016
8.640114
5.325433
8.065027
-0.2426115
5.049766
0.5235371
1.411443
4.867492
0.4393894
-1.327672
-1.486017
4.854097
5.907331
6.920141
0.6617876
5.802321
6.082872
4.950825
4.386345
-0.4179637
-0.1277791
3.483979
4.910829
5.88041
5.787304
-0.7859363
-0.406322
3.004436
4.386262
-0.5796882
1.327217
-0.8176378
0.7041804
4.152339
0.1655306
4.258962
5.432923
0.2255425
4.871326
4.197746
4.445321
-1.01914
1.17275
4.946109
-0.486793
5.50619
4.231679
-0.5387525
-0.2796682
3.725099
-0.2458215
5.47504
0.9959402
5.780939
3.590997
6.656833
4.579362
0.003481857
4.27441
1.149898
6.169411
5.668889
4.885367
0.6982301
-0.5637121
-0.2552514
5.140655
6.22297
4.866113
4.765226
0.9785195
4.702547
-3.117866
1.092429
5.519538
-0.01110568
-0.03390113
6.392003
4.325835
4.926769
-0.4672014
4.740107
5.345852
6.192406
5.410374
3.567468
5.491227
-0.6182896
0.8171662
3.206724
5.996356
6.01604
5.67718
3.965288
-0.2944943
0.979372
3.853804
5.488835
4.903848
1.029272
0.2839334
7.849758
0.2820977
2.525688
4.736092
4.568369
3.940045
-0.3934779
-0.2925499
5.201624
-0.2812201
5.087395
5.697733
0.09966177
4.081392
6.247275
0.7713746
3.882516
5.311297
5.649881
-0.100534
0.9342953
-0.03553225
5.158368
7.336496
4.207221
0.5685269
1.662822
-0.3756032
2.641436
5.215229
0.4254087
5.828827
0.9816163
4.36094
-0.1532653
5.476863
4.276899
5.441729
-1.496493
0.8019061
6.987017
0.734402
-0.9114605
0.1287484
3.836793
3.387207
4.677917
4.949289
-0.9434204
-1.06615
4.678836
4.627647
4.838641
5.429604
6.616432
0.7078128
3.904364
4.549828
-0.5764702
3.825482
1.776224
5.310527
-0.1406121
5.598217
9.330436
1.742467
-0.925138
2.326467
4.055316
4.729118
4.584675
-0.1922038
0.966345
5.056123
-0.8472081
5.465856
0.1092146
4.209736
1.208938
-1.54924
4.77258
-1.348653
-0.8482015
6.291807
-1.054329
-0.6883186
0.6063962
5.591535
5.696964
1.82835
4.408524
0.4492927
-0.3043371
5.887959
-0.8841173
-1.081696
4.894638
6.000384
4.011654
3.371192
4.640352
0.9300836
4.84207
3.286643
-0.5154181
5.668671
-0.3393802
-0.6680873
5.14584
4.672987
-1.389358
-1.665205
-0.8411094
0.8907962
4.181248
-1.089792
3.011529
5.313457
6.92607
4.878966
3.878675
4.513749
0.3325482
0.36037
2.401439
0.4765049
5.386741
4.378486
4.623349
0.8602664
4.306942
3.530681
6.484843
4.735971
4.719323
3.777027
5.351953
1.272267
5.393866
-0.01928335
4.205472
5.531673
5.808336
0.4232051
0.2694147
1.358619
5.851151
0.1250144
-0.5143489
5.356961
4.583162
0.4019743
0.5050812
4.668353
0.8144008
5.922395
0.1556665
5.128499
5.17359
0.6686435
6.071811
5.825087
3.997709
5.549379
1.056539
2.890035
1.738917
4.076422
4.336526
5.20369
4.074464
5.154922
5.135988
-0.9645816
10.03897
4.605302
8.086972
-0.765245
-1.029724
3.742117
3.868939
3.952806
-1.240574
4.628998
0.4738674
5.233026
7.02777
5.502445
4.973548
7.019499
5.382488
10.16778
6.185443
0.7776686
5.251451
-0.9923309
-0.09113076
5.920975
-1.106818
-0.5852525
4.443159
1.116978
3.710807
6.385296
4.982913
4.64476
-1.083036
0.7044143
5.232347
-1.524601
-0.2309736
-1.170362
6.284173
3.681088
0.2702177
4.835486
5.705997
4.361163
4.654981
6.292506
4.895555
3.816
-0.301175
0.9625896
1.949498
6.482941
0.8005893
-0.5387524
4.505336
2.865369
4.194817
0.5004712
-2.01418
0.5589452
6.542049
-0.07761372
3.90316
5.999849
4.117015
1.965989
0.8490856
-0.04576917
-1.596884
0.7542761
0.6752722
6.190658
-0.7557697
1.982023
6.709797
4.470832
5.770182
0.1535339
-0.6108123
0.2625647
4.571094
5.385119
7.778188
11.22547
1.296872
0.4354083
-1.302396
5.710437
4.44432
-0.7005057
3.128492
-1.958902
4.019071
-0.4518859
5.10067
-0.8605095
-0.09387467
1.069778
4.513589
5.137931
0.3901759
-0.7274501
4.027353
6.327842
0.4285345
0.07311584
5.821448
6.019598
0.6184244
0.8183231
0.9507735
8.097658
5.455508
5.957773
5.230865
3.795601
4.814106
0.4014971
5.797489
0.2111871
0.4196044
-0.9699864
4.087
5.205192
4.003462
-0.9337157
-0.3950883
3.797203
4.382193
-0.6252212
6.096714
5.874355
3.053928
4.498817
5.488276
3.532058
4.72935
0.8730231
3.176004
-1.320555
4.719014
4.690771
1.437265
1.620141
-1.296853
5.94456
0.7609172
5.651133
0.5885869
4.393093
-1.171849
5.177711
0.847155
6.833291
-1.04321
5.020884
1.860987
0.0755445
4.108356
3.479847
-0.3741924
4.220385
-0.8834126
4.008089
0.9468384
1.255289
0.3681911
0.339158
6.819683
7.754354
5.744569
3.864564
5.047935
4.953542
5.133267
5.267334
5.296836
2.019322
6.529331
5.265638
5.738879
0.6668407
5.178304
3.472773
-1.149632
4.160973
0.3147203
4.439017
5.781334
0.7852767
0.4697927
4.52082
-0.1369467
4.774649
5.767746
5.644556
4.154349
0.755965
0.3397096
0.5421266
-1.384156
2.335324
0.1724202
5.85487
5.262897
0.4982738
6.496898
4.166396
0.2641153
-0.469385
8.195868
5.507949
0.3881804
5.317944
8.839511
-0.06632852
0.2429995
-1.361605
4.824827
4.776258
1.376085
6.080765
3.930823
5.683777
-0.1993159
6.297568
5.332815
-1.764132
0.3227477
1.614006
5.200111
-0.4962674
5.531932
5.253453
-0.1033126
-1.419532
-1.433911
1.315041
5.735224
3.680674
0.07847034
0.7816893
3.403468
5.924381
-0.3869605
2.775117
4.245818
1.491008
-0.0987633
4.063972
6.434365
7.398272
-1.359192
6.061985
-1.241096
1.669389
-0.1301302
-0.5318598
4.992594
-0.80428
5.69562
4.200422
5.250668
8.386328
-0.3150132
4.144483
-1.756044
5.462254
3.933893
4.68159
-0.5540946
4.946301
5.693819
-0.01885889
0.7544669
-0.6149616
1.698239
-0.7398934
5.399048
0.2509367
-0.9743191
3.967702
0.995286
4.479476
0.5286304
5.400767
-1.194976
4.874645
2.725901
-0.6798102
5.017812
5.040256
2.593847
4.180372
0.7398605
-2.127348
13.43232
3.619002
3.746164
1.367369
4.199552
0.599831
6.980754
6.293776
4.347167
3.446675
7.358637
-1.517764
5.755477
-1.360891
5.011874
5.518938
4.59288
0.6854721
3.13407
4.610108
6.215472
-0.8734519
6.472519
4.407121
4.640798
0.3261608
4.775173
5.105245
-1.217151
8.741763
-1.397392
0.385763
4.481213
7.169363
4.874154
0.01205845
6.416775
0.5714964
5.02088
1.248771
4.513453
-0.645251
3.463053
0.1947191
0.001729119
1.444071
-1.176305
0.8974592
3.424107
4.626439
2.495444
4.768165
4.016146
4.635087
4.376651
-1.577219
-0.6853756
4.716126
6.081002
0.535048
5.633168
0.2789111
1.518458
-0.08542952
6.79607
6.966996
5.514148
6.474206
6.3405
3.59637
1.190279
4.306224
2.958731
4.196749
-1.063682
5.110244
6.264191
-0.270866
5.512354
5.782286
5.085004
3.269916
1.956705
0.4940658
6.522504
3.961629
8.104572
1.298302
3.308962
-0.04054669
-1.266576
5.566824
3.363074
-0.9570092
-0.135559
3.252576
4.3589
-0.3245271
5.017466
-0.6264375
6.386192
4.8051
5.030812
4.90821
4.404348
4.012923
0.9649395
3.377774
1.140289
5.52524
4.498066
0.2882128
3.965634
4.471409
-1.071095
5.701717
5.517638
4.363631
4.92817
0.3057778
0.1764422
1.567
5.958174
0.6188727
-0.6869966
-0.6263554
7.096877
6.438104
0.7164762
4.134424
1.539496
-1.516252
5.461145
3.327132
-1.054579
2.736619
1.45305
0.2722288
4.640253
-0.7694616
5.336395
0.239962
-0.1775327
1.431368
-0.05837761
-0.1161464
6.51258
7.048481
-1.991678
0.08594903
5.597209
5.125438
4.868353
1.30554
4.855292
4.885217
2.805131
4.460315
1.699172
3.644562
3.358879
5.448553
6.096178
5.710653
5.841267
5.814126
6.018246
5.374689
-0.5651628
6.573447
3.060539
0.3119327
3.268369
0.0295517
-0.1772929
-0.6464071
0.3773452
1.042681
3.310464
4.684344
0.3880663
4.19935
1.876441
5.285533
0.4884672
4.922392
4.600745
0.2385319
0.8610896
4.529094
-1.059713
-0.1126814
4.767423
-0.7824878
4.886567
3.126115
4.057259
0.7444873
-1.40082
5.471773
-1.632991
5.416689
3.40695
-1.840765
-1.45717
4.202739
0.8091778
0.6749038
4.983117
1.107308
7.059384
10.16384
6.158856
0.004890843
-0.1564299
2.226987
-0.483118
-1.224225
5.417914
0.8331573
5.025315
0.6830131
0.2262614
5.107041
3.885367
4.881059
5.639202
4.440259
-0.5589988
5.138177
1.467233
5.147436
3.856814
0.08573885
-0.9600278
5.107147
-0.03658045
4.60081
6.899265
4.337376
4.160424
-0.9697383
0.2121079
5.043664
5.284531
3.796976
5.98791
0.4098829
4.506841
4.484111
-0.08813836
4.873593
5.067968
6.449878
-1.171926
-0.6685805
-0.8398716
1.792369
6.312962
5.601627
4.339879
5.739647
5.158123
5.761793
6.109855
-1.554201
4.397811
5.244032
4.248202
-1.208569
7.57051
-1.703719
6.60603
4.905311
1.375577
0.9801698
4.709771
4.890767
-0.587267
5.629322
5.596324
4.942312
6.005275
-0.5463609
4.386515
-0.2393595
-0.9868643
-1.743296
5.754346
0.8063556
3.668041
3.132052
1.449642
4.091354
2.635142
-0.9154463
-0.1067184
3.347554
4.81653
0.60254
1.117852
-0.476709
0.1515015
-1.567397
0.1964324
-0.2544015
0.4040719
0.5472601
-0.09885799
5.525901
5.407918
6.488595
-0.2182215
4.853853
4.12181
5.164132
0.8331332
3.616486
3.289311
5.222574
-1.796691
4.55914
3.238206
0.4372168
5.344682
0.8538046
5.437853
0.3136176
-1.634653
3.824957
6.814493
4.004864
-1.241208
-0.04327684
4.736827
6.177622
4.587555
3.075968
3.677656
0.5242673
6.453866
-1.086069
3.99596
5.261674
0.7778325
-0.422405
0.1270244
-0.7427223
0.9409617
4.200677
4.274632
6.623373
7.068557
-1.454857
3.460149
3.763915
4.111478
-3.16001
4.838657
5.350353
0.4364458
-0.2520322
4.479772
-1.214053
6.222112
-0.6623697
3.170242
0.507862
2.310284
-0.6099165
4.634597
5.727881
0.01120871
5.133402
5.079544
5.212596
6.844383
1.015712
4.355348
4.648758
-1.062654
1.238665
4.320946
1.498597
6.841923
4.407341
6.286231
-0.1849805
5.356826
5.514301
0.6634902
5.071397
0.5793166
0.863716
4.469851
-0.5281906
6.169759
-1.044584
3.994915
4.363451
4.762197
4.106242
-0.09037784
0.4856945
7.729927
3.969623
-1.438036
1.083898
4.996146
5.901065
-1.347784
0.6419313
1.031569
-0.06372461
4.825771
4.427503
0.8790653
0.01943166
0.2246477
5.093614
4.711427
5.257927
3.884696
-1.024925
0.2101664
-0.6098545
4.763368
6.042657
0.376177
4.565341
0.451477
-1.901304
-0.5423163
-0.577959
5.339939
-0.5451322
6.66078
6.100845
1.798522
8.245418
4.39251
5.564613
-0.9391306
3.881812
3.749765
5.936844
2.126326
5.430444
-2.97794
4.586895
0.588358
1.563069
-0.3804675
4.0935
5.975735
4.87514
6.124886
5.294834
7.355098
6.755953
0.2002712
5.427949
3.887636
-0.1026126
-0.8593058
4.198229
4.408074
1.085438
4.468267
0.5083839
5.22053
9.725933
-0.4611817
4.171332
1.313579
0.7364031
7.125343
1.711078
4.62153
-0.1067765
6.071275
5.735296
5.388012
4.310464
6.024309
0.2954299
5.064774
5.256221
0.3578647
5.897797
8.498813
0.6076455
4.989358
0.01263903
6.302167
4.944244
7.068257
-1.007778
6.281623
6.126163
4.645017
1.280751
5.90756
0.1521771
4.314778
6.036992
6.636341
4.259344
-0.916793
3.093609
4.757835
4.383972
5.328692
-1.357057
5.149027
1.188021
0.1837428
3.193552
0.9209213
5.772807
5.431441
4.708322
1.30544
1.359796
4.201441
5.765577
-1.393562
5.586822
5.817014
-0.02914539
3.758959
4.79255
-0.4171777
-0.2131195
8.282446
-0.02497565
6.450208
3.89752
-2.156894
4.450864
3.445667
0.08071142
-1.080365
5.553359
5.259954
3.725937
5.077697
-1.263686
4.596322
1.282235
-1.024586
6.706856
1.33076
4.979846
5.204484
-1.143739
5.470746
0.1184612
-0.9362713
-0.2571311
5.919389
4.963879
0.6715414
4.774749
5.436446
0.1551265
3.743948
5.654397
5.333002
1.120652
2.266973
-0.4636436
-0.8711097
5.078749
-0.7235052
-0.5477566
5.109178
5.782193
0.2799401
5.201069
5.01769
-0.3341897
0.4206347
-1.659457
4.554659
-0.6610739
-0.2341512
3.359902
5.619368
4.939755
-0.5584613
7.267308
5.460935
3.855139
5.094259
0.4459554
0.5540077
4.307947
1.126428
5.451008
3.497806
6.028785
2.929888
0.7325401
5.333132
6.027236
0.5007489
0.5805754
-1.990457
6.073787
-2.26231
5.166697
-1.324355
-0.776849
1.158778
0.210551
2.579285
-1.392503
1.66473
5.662521
0.6478351
0.151657
7.14596
3.61501
4.55855
0.2855546
6.196346
3.835507
4.057978
0.1568288
-0.6681257
4.587656
0.8566957
-1.191811
5.986949
5.331325
-0.5839898
-1.17411
6.857891
0.1976673
-0.319045
0.8212104
-1.476779
7.153784
7.854728
-0.4752011
5.096964
1.743319
0.3182719
0.5816702
0.1485664
6.320803
5.179283
-0.4964359
0.1073407
4.962163
5.81371
0.09696327
0.2816891
2.200473
4.080873
5.564006
1.353245
4.884029
4.365092
5.011511
-0.3314627
6.21912
0.7418719
-1.19676
5.059922
4.439682
5.968242
-0.6980922
3.857243
1.421837
0.6170139
-0.3048194
4.562669
0.8942313
4.04314
5.94201
2.672721
4.011787
1.070415
6.100165
10.18581
10.4482
6.456542
2.008449
1.379952
1.671037
6.509592
8.451445
4.167614
5.170328
0.5385391
4.443382
5.699055
4.620668
0.4789914
-0.5961934
2.82003
1.108427
-0.7696136
4.291812
6.221916
-1.11918
0.9961582
6.420104
0.001575969
4.243535
1.218919
5.176263
-0.09000708
2.096419
5.851398
4.544201
5.903604
4.170697
2.778465
7.219812
5.513768
4.335099
1.184591
6.017535
0.3943623
5.252466
6.791656
8.344378
4.473613
0.864611
-0.300247
8.292522
4.339976
0.04524756
5.687454
4.877298
2.459748
0.9862105
4.831305
0.2935784
0.1939969
0.5102565
-0.4868487
-1.460487
-0.1822159
0.9661301
4.696724
0.07026188
0.7637485
4.25861
5.006112
6.764331
4.651693
6.038557
4.940258
1.302427
0.7532767
5.846084
4.135595
4.133087
5.456532
1.312777
5.442692
0.751981
4.173182
4.765256
-1.8471
-0.937646
4.49525
5.233301
1.04287
5.716118
-0.3010295
2.729531
-0.7037435
0.7821569
5.146107
4.42936
3.033754
1.308204
5.439097
-0.1126453
4.162023
5.117602
4.832906
11.62303
1.983156
4.329097
6.14155
1.185642
-0.4399247
4.503731
5.166419
6.277476
5.081085
7.049131
0.2627957
5.027347
-0.4627336
-1.173319
6.906463
4.760375
-1.69817
-1.916118
-1.113805
0.1858426
0.8594989
0.2846971
3.87092
0.4601009
5.342598
5.195292
