4.345708
-2.879109
-0.2905351
-0.5471862
5.693903
5.902532
3.753412
1.644925
-1.090658
0.8434253
3.605921
5.93083
4.684568
4.704545
0.2063746
1.053789
4.423968
2.648343
3.518301
-0.3750184
5.48618
4.003576
4.991471
4.305169
-1.025593
4.225095
6.198652
7.815496
-0.07959756
4.932694
3.793015
1.393078
0.6770779
9.798123
4.63369
3.65179
4.369182
4.367362
6.717434
4.991554
9.325629
-1.608002
6.363395
4.507938
4.771526
8.253163
0.6601424
0.4049274
-0.2066168
6.396662
-0.8082585
4.07473
6.787733
4.174835
5.1488
2.889228
4.538101
4.597829
-0.7948986
0.7540722
1.657199
4.412526
-0.9912388
1.196345
0.7207519
-0.8222144
0.253834
-0.632656
6.42035
-1.579704
-1.838295
4.469634
5.912819
8.511789
5.569991
0.003568121
5.51758
8.436599
5.754939
0.9232987
-0.7360722
4.005092
0.257211
4.975987
6.588389
0.6090865
-0.8654281
0.07230198
6.962606
-2.436319
-0.5585685
5.484566
6.232802
0.222209
0.5033271
5.803415
2.315046
-0.6842358
4.618584
-1.581316
3.53441
4.536725
3.829381
4.584072
6.687643
4.297111
-0.4580959
1.265214
-0.5320696
-0.5712696
3.214508
0.6091602
4.87529
0.4619635
6.472236
0.3499931
3.901894
-0.6920734
1.401513
4.095156
5.822019
-0.01169662
6.225176
4.183256
4.760986
5.445753
4.717397
-0.2740413
4.746898
1.617803
3.421287
4.893399
-0.3953437
4.750633
-1.990073
5.830065
4.831371
0.7922869
3.946604
1.672633
3.965686
-0.1596512
4.928765
6.185979
6.97835
0.1778048
5.379236
-0.05422583
-0.5790266
0.8383894
5.329333
5.872158
0.5900098
3.634295
3.24221
4.267235
4.482074
4.988869
4.572869
-1.026179
-0.7993739
4.867454
4.838544
4.600007
4.192539
4.264096
6.240453
-2.224511
5.859011
-0.1903501
5.411594
5.309988
4.976354
4.576582
5.364545
-1.072025
-0.6850387
6.694366
-0.9400848
5.182151
-1.015448
5.547683
0.4471582
3.743747
4.460914
7.218054
4.883332
-0.9759041
5.754933
0.2022896
-0.5164751
0.6203036
1.315649
4.674214
4.694105
3.885084
5.635526
0.3649851
0.2484459
3.874994
5.580303
12.72058
0.4293169
-0.4099974
1.528986
9.554141
4.52699
2.002611
1.77397
0.2902665
6.30938
5.637584
1.061331
0.4200736
0.2883016
7.15309
-0.9525979
4.139035
9.973501
3.634421
-0.4846606
-0.4474502
3.727598
6.105595
-0.004102311
4.721996
0.3649755
-0.2164215
0.4653741
-0.3694685
1.608924
3.548378
-0.5514291
0.6977642
0.1423346
1.61109
1.11426
5.826702
1.44298
4.06089
6.348613
4.684646
-0.515768
3.436423
3.956444
0.5786782
4.417407
5.945803
4.825885
0.1633636
