-0.4961767
6.105553
6.095268
4.818464
3.552968
5.79172
5.549873
1.257923
6.338949
6.336482
-0.1645259
4.088511
4.649943
4.49431
2.331295
3.382297
5.127162
1.854525
-0.8526443
-0.508835
5.540596
0.4333301
0.3323873
5.177681
3.676318
4.251144
4.408481
0.6513525
1.688252
4.644987
0.3428648
0.1587967
5.463214
4.71393
5.038911
0.2248374
-0.815757
4.61886
1.477726
5.635888
4.369696
6.959414
6.210983
0.991436
6.064032
4.975222
4.517539
4.248386
4.652673
0.9271033
0.3241755
4.602243
0.423941
0.2559617
4.80331
4.369587
5.216566
6.089553
-0.09317056
4.997701
-0.6517418
3.684002
2.985521
5.715559
3.957792
-0.0443472
2.020491
6.108446
-0.6413784
4.910634
6.725038
-0.394957
3.984767
-2.639768
5.467945
5.941367
5.131629
-1.006363
1.383694
5.745317
-1.674312
5.6493
7.323665
1.441824
6.312421
1.451737
5.262598
0.874667
4.375714
8.635881
4.907617
0.8400003
6.601146
-0.767505
4.609195
4.654818
3.272209
-0.2132291
0.4043534
-0.5046529
3.69405
3.736002
4.901718
3.598451
0.4160069
5.31795
5.337513
4.759128
2.773892
4.25119
-0.5327624
-0.2867342
5.051788
4.182198
5.175176
1.580467
4.68878
3.527692
5.451347
4.843571
9.686214
3.673342
-0.4111952
6.382106
3.638097
6.266705
3.924038
4.85088
0.1517436
0.9595889
0.5971469
-0.8380164
5.962751
6.062237
4.540878
4.94524
6.102488
3.074067
-0.2796071
0.3488174
3.962841
5.857894
3.76569
5.250028
5.725243
0.01830321
5.259049
6.411389
5.544308
5.866532
0.3944309
3.868415
6.165735
5.374355
1.122558
4.785841
0.3207264
6.115516
1.592486
5.125297
3.960632
4.102161
-0.1092295
-1.04193
-2.368474
5.711951
-0.6166766
5.912456
3.636178
-0.1704328
5.055102
-1.123867
2.353662
-0.6441583
0.2893416
3.58149
9.167128
0.9279194
6.814391
-0.3854276
5.745153
0.3400893
5.642967
5.527595
6.059369
4.161144
-0.8343252
1.026779
10.81325
0.4559752
-0.4218111
0.4248434
5.635111
5.328424
4.686628
-1.479475
4.240115
0.09073769
-0.596655
5.160944
5.822855
0.3336802
5.337944
-1.52214
3.588767
-0.5404426
4.791574
-1.437261
5.204605
1.662885
5.320973
-0.181317
3.97278
5.682897
10.5499
5.073642
5.64147
0.3384238
4.259991
-0.7080325
0.5195181
5.896993
4.226436
1.704354
-1.555546
11.23292
4.009879
3.2619
-0.1918296
-1.69304
4.889806
5.98907
4.755845
4.492919
-0.2480461
-0.2631802
-1.538492
5.282025
0.08348797
4.971571
4.995014
-0.7354086
4.915399
2.076354
4.955429
6.53606
0.1093437
4.161911
-0.640217
-0.2958913
