4.237444
6.082151
-0.364451
1.851257
2.448079
-0.6524655
4.688563
4.247042
5.368477
5.974529
5.540302
4.675283
4.434301
5.945292
5.062066
7.920795
1.046498
5.591569
6.693001
-1.62206
4.603942
4.854965
0.001456454
6.817806
0.5506727
4.685767
0.1139294
-0.7747488
0.4993746
6.186497
-0.3019274
5.255201
2.894033
-0.09573066
-0.5972111
6.131092
5.411223
4.618271
5.968647
7.552455
4.152196
5.543606
0.3854858
5.523824
0.5433484
4.995206
5.117038
4.423255
5.254375
4.488277
4.358965
-0.2430286
-0.7855253
4.726369
-2.394469
1.893471
5.129079
0.3269827
5.009361
3.812936
5.219802
-1.421385
-0.5418274
4.086771
5.842001
4.43836
5.035632
0.9496804
5.60017
-0.1218856
5.873282
7.043844
-0.4947807
0.1808147
1.029439
0.3804555
3.719463
3.741365
0.6352933
4.287221
6.967841
-0.6107327
5.647914
6.145161
5.74181
3.930995
0.6333704
-0.5580758
12.25582
6.264904
5.123775
-2.093467
5.710604
4.861776
6.256209
0.8159852
0.02624202
7.981677
4.650701
5.954842
-0.6345529
-0.7993249
2.242144
0.237873
4.58129
4.697079
4.524735
3.795988
5.986853
4.479828
5.295523
-0.653262
-0.01889684
6.614822
11.26322
3.997872
5.84419
-3.096751
-1.111785
0.7198777
4.809859
4.544255
3.735864
0.08113281
5.820026
0.8635243
5.531296
4.757404
0.07849398
0.598224
6.32395
0.6573191
4.701323
1.517444
2.413687
4.726787
5.589891
-1.162837
3.277708
1.006756
5.54366
-1.944097
9.253942
0.786321
3.892227
2.156513
4.121897
5.353224
0.4949979
-0.1012473
0.1556732
0.8253903
5.727974
3.315759
3.916688
5.476064
7.138536
0.2145331
5.506425
0.9559753
0.1330214
0.8358473
7.026285
6.092536
4.643615
5.386588
2.489152
5.687335
0.223371
5.682508
5.630023
3.963685
-1.111705
-0.3934714
-1.761192
4.819015
5.140817
6.625626
5.126679
-1.741046
5.410335
-0.3633222
4.368994
3.146702
5.097111
2.962609
6.986563
3.842942
5.499978
4.570507
4.326643
0.2916055
1.449552
7.402209
-0.5682083
6.015898
0.4277121
-1.029348
5.245454
1.848928
0.9927938
0.3348067
-0.0747832
1.584153
4.067558
4.683603
5.405125
4.836777
-0.4224838
1.045272
3.875971
-0.6771314
4.518963
-0.7923722
4.444209
3.533469
4.214403
5.652827
0.1135221
6.262781
0.06837693
-0.9042974
4.559191
5.912007
6.826215
3.82558
4.195807
0.3321249
1.505656
1.049747
3.689924
4.020973
0.9655494
-0.03880186
0.2053966
-0.6070335
2.223393
-0.662009
3.773654
0.3143716
1.190827
5.300634
3.950093
4.241791
-0.92471
3.733713
6.088461
5.68786
6.646242
5.713421
-1.80273
5.326733
-1.167391
4.963063
-0.1240207
3.519153
-0.5584913
3.781019
0.3543622
4.277648
4.337744
4.965728
4.680849
5.603989
0.9575393
-0.01987917
4.805599
4.592295
3.487267
4.014971
6.960666
0.002335404
4.389305
3.751932
2.941006
-0.6020749
3.75365
-1.043604
2.763404
4.444495
4.210743
5.206112
4.501724
-0.3329638
0.14065
3.480366
-1.317656
4.593608
4.403008
-0.6682739
5.020001
5.530371
5.871766
8.453608
6.428306
4.914443
-0.7886711
0.4600128
0.07003419
-1.319125
0.8766301
-0.5533691
4.42229
4.991798
6.665978
-0.5518211
5.67686
5.247853
-1.611146
0.4210289
4.52719
1.577779
5.438099
6.677169
-0.2800214
5.042279
-0.9489235
5.828988
-1.050784
4.104995
4.043984
-0.2965104
5.028174
2.678681
5.079338
4.728763
4.826205
-0.1905268
-0.6445525
3.111116
0.1810843
6.127553
4.276766
2.801866
5.679062
5.824564
5.351499
-0.5267912
4.364481
0.9294313
3.524221
-1.318721
7.172862
3.821799
4.69884
6.796121
5.052396
2.13336
0.3987549
6.501448
1.066066
3.810212
5.594827
4.246768
4.277249
0.7226109
-0.2295074
-0.2499157
5.702099
0.03708555
6.127876
-0.7382721
0.721255
3.578553
6.918529
4.330525
3.664987
5.199706
5.102013
4.304884
5.63536
-0.7072697
3.262342
1.252358
5.448571
1.179386
6.413055
0.7145413
-0.908941
-0.6295369
6.922065
5.833178
3.607883
5.611029
0.5127118
-0.1003718
5.578188
4.385935
5.069111
5.747291
5.652682
4.34589
6.805069
4.299231
0.0582306
0.6918907
1.582257
5.824563
6.809893
4.602795
0.02233537
5.388327
1.050352
5.864996
4.307804
-3.371264
1.04254
9.240882
4.146521
3.330694
4.342879
3.377962
0.4503839
-0.4888461
4.837042
0.8839449
5.83865
5.496317
5.238833
5.600156
4.877532
5.741845
-0.6118904
-0.030951
5.983774
6.045031
-0.9352837
1.763513
4.475278
-0.5451321
0.2006601
0.5484699
4.691269
1.325212
3.254294
0.1758266
5.059531
0.1057313
7.284098
5.464613
0.5323795
3.476362
0.3703217
3.624753
3.823011
6.289226
4.248105
5.009639
0.7382472
-0.2228624
1.713745
3.704022
4.126871
1.914937
-0.1384168
3.211194
7.02424
4.25257
5.079679
4.072405
3.205222
6.031219
0.3440967
2.823791
-1.47014
4.468708
-0.3815584
-1.027424
4.194031
5.221022
4.968042
5.597652
5.256884
6.90017
6.19019
6.251379
0.7929222
0.4808901
-0.8286044
5.851509
-1.503239
5.9003
4.986532
-2.906247
3.747688
4.75996
4.53586
5.415875
3.889254
-0.7012695
2.283255
2.392986
4.575546
3.710694
5.986845
-1.666056
-0.5386274
-0.2480435
-0.8970988
3.825983
3.941333
5.999624
0.7244363
-0.1217169
0.4556497
1.180553
3.708941
4.473771
4.814704
0.6057433
-0.5304846
7.618839
4.60951
-0.5398927
5.65924
5.002604
3.666531
-0.8276185
0.5696503
2.625244
-0.6138807
-0.9157465
4.87256
-0.4850733
4.499118
7.158392
5.397861
6.082056
4.813027
4.625881
4.727895
-1.31854
6.05977
5.486751
4.785784
4.269022
0.561131
5.34379
3.343297
-0.4553023
-0.4620183
-0.0909628
1.060651
0.519358
4.355045
2.970403
4.636247
5.834189
0.1905377
0.4574586
6.156306
3.847616
5.371276
6.491318
0.5532234
3.647384
5.495173
3.586665
-0.8206445
-2.087662
12.3923
0.4583373
0.4166193
5.416773
11.458
-0.1287362
5.217297
4.571261
5.370427
1.517024
4.403341
5.870033
0.2262235
2.902337
2.9909
-0.4295002
1.077253
0.04913524
-0.9564298
-0.5727579
2.23376
4.931389
3.990249
-0.1379507
4.64234
0.5273374
0.6073092
4.875003
2.872589
3.404872
4.876782
-0.2736595
7.891977
4.198692
5.160677
5.548904
5.020735
5.382095
0.1565081
-1.260399
5.597171
6.496228
1.339967
0.05168567
3.347898
0.3205982
5.636831
4.174466
4.582728
0.3486204
-0.002645078
0.2302806
5.093957
-0.3977141
-0.5709948
4.783479
-2.20885
0.7292637
-0.2881693
5.407603
-0.3311273
5.361982
-0.3292386
4.573999
0.1560313
0.7645563
5.755937
4.04212
4.044844
0.2911819
4.837526
0.6775041
4.321891
2.795726
3.588036
5.389391
5.99733
1.236116
0.8137208
0.1468298
6.781467
-0.4245863
4.397722
4.140131
-0.3842956
0.6179829
3.688418
4.64021
1.460258
5.057659
-0.4740263
6.76887
-0.1504464
0.005064722
0.8848375
4.014291
-0.3550591
-1.498502
0.3390506
3.705028
0.7216361
5.950848
3.439385
1.159602
2.900746
0.428908
-0.9179413
-0.3200246
-0.33877
5.759711
4.867602
-0.8310468
5.387202
3.25711
5.707514
6.876612
4.7788
0.175434
3.567032
1.982798
-0.1425329
4.299449
6.590841
7.457531
4.931264
0.02760886
1.943593
2.196607
-0.9417048
5.772154
5.520053
5.349864
2.104689
6.342653
6.223214
6.374977
5.101877
5.484173
5.874533
0.1343382
4.832342
4.846436
4.151157
2.770237
-0.07961517
3.31471
-1.425219
1.336891
6.38624
3.496969
5.229664
-0.1930169
0.3634841
-0.0002457846
4.343245
3.978793
5.59859
4.764244
5.308327
5.41411
-1.727307
0.2895273
4.387689
5.481507
5.94826
5.412684
4.725236
4.944256
0.6882135
4.186961
0.719196
7.244419
1.757892
3.896634
5.0382
5.261298
3.839604
1.101726
4.607503
1.086893
0.4464969
3.217359
-0.4994167
6.639878
4.621247
1.322574
-0.1335669
5.683454
7.450882
4.698379
5.542859
0.07033493
1.430886
1.09172
4.621598
2.478182
0.1035722
4.125619
4.280231
4.967943
0.8913994
-0.3624817
5.342263
6.04335
3.819463
4.463732
0.01346889
0.1413876
4.590201
0.5730324
5.494822
5.62916
5.884146
5.618263
2.968621
4.405213
3.388174
3.48132
4.687694
4.262874
6.449715
1.07468
4.800978
4.417475
5.594445
0.8541828
-0.7733672
-0.562243
0.6575406
4.690727
0.4789865
0.3644859
4.405972
-0.7116075
6.106893
6.020008
7.131485
0.2610311
2.136662
5.745777
5.66768
-0.5032083
-0.5455321
-0.2171381
7.257834
3.21956
7.398571
-1.21398
0.2917903
-0.4116628
-1.051329
4.974851
-1.33108
0.2315822
0.08668469
7.986902
0.5092914
-0.2889402
4.71034
2.263099
8.81495
1.322441
-1.571605
-0.05912525
6.126558
-0.6887917
-0.06180213
5.213005
14.1724
5.230826
5.260988
0.6252082
-0.1623768
2.489471
1.220922
6.05465
4.815781
5.765722
0.07671193
5.63871
5.281094
1.372334
1.21453
0.5507627
0.6620014
5.087166
-2.192575
0.06777454
4.646896
12.7573
0.5604925
-0.7976922
1.1618
-1.003792
5.608908
4.356922
-1.171817
-2.108523
-0.1336834
3.99498
-1.172887
1.139487
4.499853
5.992775
5.534803
-0.3774594
1.92696
0.5119664
-0.4033549
4.837773
2.974206
4.974361
5.224355
0.1229761
-0.6356001
4.969389
-0.940856
-1.85082
-0.04063235
4.75099
-1.579758
5.649567
5.975029
4.934976
0.3675392
0.5304635
-0.07050782
4.602878
0.1585023
5.685285
-0.1280173
4.923201
0.6453743
-0.9044132
4.237376
5.827999
0.8781756
5.680702
5.460176
6.959146
4.194633
5.003403
5.129092
6.382098
5.665075
0.694596
0.1840614
4.87553
6.268139
0.8105569
0.1360322
4.446655
-0.5215088
5.223179
2.493619
6.633636
1.690621
5.852624
3.667659
-0.150023
4.650842
5.136259
6.149705
5.200506
3.903738
-0.4056482
6.543655
-0.9950956
5.004147
4.719153
0.8858861
5.577922
6.572771
-1.339533
4.539724
-0.651647
4.655295
4.637475
3.32915
4.112062
-2.348925
6.822239
-0.1134416
5.536664
5.055862
3.866933
4.989314
2.957767
0.2868132
-0.4610018
0.1065313
4.741931
4.079668
4.121311
0.7632127
6.345091
3.556162
10.71776
2.305305
4.458409
3.722739
10.39284
1.554541
4.140505
0.1633876
4.21222
6.754728
2.552468
-1.41612
-2.148344
5.109606
0.3102221
-0.3090357
3.882407
5.189851
4.014881
0.1361539
1.211122
4.412866
-0.8032472
6.430844
-2.097217
3.509068
1.201872
1.523239
0.5093819
5.240878
-1.846502
0.4637189
4.755533
0.01037898
4.374448
-1.629864
3.675672
5.381874
1.435293
1.836293
6.096635
5.815212
-1.0376
4.313046
5.049783
-2.013675
-1.157258
4.912454
5.161279
4.083846
5.070623
3.599063
-2.516674
5.224185
3.163604
1.181752
2.870087
-0.4830711
5.083111
-0.1022889
5.266672
4.973072
0.155986
5.065777
4.903538
5.290908
-2.374818
-0.3245613
-0.8193729
0.6423444
2.926978
0.03967369
-0.5574148
11.33075
0.1511017
0.5443169
5.18153
6.295017
6.616779
-0.7765293
-0.1332319
6.318987
1.031938
0.6421239
5.168108
6.297669
-0.249938
5.815599
-0.3209741
4.259235
-2.643305
1.160942
4.306044
4.976559
5.024137
5.381113
2.964757
-0.3330521
-1.668976
0.3917147
4.557716
-0.02681728
-0.4678646
5.182237
6.576168
4.58482
-0.29358
5.897024
4.898093
6.960265
0.7223912
6.632292
6.00358
-0.3315924
2.28716
-0.02244355
5.482798
-1.104605
4.804839
4.395176
4.153527
4.852866
4.951267
6.080456
5.302616
-0.4166034
5.33419
1.077701
-0.05846328
4.152404
0.226012
5.730684
5.222828
3.676833
5.206761
-1.106265
7.393775
5.511943
0.6791215
0.2581545
-0.6956344
0.8445943
4.408502
6.22992
1.385709
0.07081509
7.049173
2.436322
-0.907543
-0.3555363
6.245847
-0.6503483
-0.168331
5.488111
-1.680778
4.95745
5.446867
5.739743
9.61662
4.898701
0.3097372
4.255456
4.997237
-0.3178671
5.720506
1.528093
6.832157
5.487136
3.532004
4.347065
5.67308
-0.6637406
5.178212
4.478901
4.209541
0.1083737
8.869168
0.8173871
0.4836654
0.8326583
3.392869
2.832209
6.494045
5.337399
5.192286
-0.4785116
5.130179
4.432039
0.531613
6.664477
0.09213222
3.197853
1.684513
-0.3683611
-0.1703716
6.050531
7.050871
0.5341216
3.280387
0.7388573
6.321616
5.76353
-1.532832
0.202462
5.331496
4.484018
4.822574
0.3372907
6.086698
5.212447
9.51585
4.17536
5.394776
5.551534
5.14174
5.857487
4.869968
0.5975981
3.970915
5.522946
2.695159
4.842055
0.5303634
0.3929571
4.148791
0.6928866
1.107728
4.628632
6.256056
6.166163
0.8282127
5.923901
0.6841354
-0.7570827
3.858133
5.012885
3.054124
0.05342458
5.958476
-0.5383805
5.862361
4.414269
0.4329216
3.958197
5.789613
-0.5691508
1.286692
6.617572
-0.2764977
4.259093
-0.7202803
7.790417
1.891664
5.512854
4.888627
5.819976
4.51786
4.657978
5.633577
5.651004
-0.4013591
4.799071
4.577434
7.347541
2.534666
5.679954
5.026494
0.5085275
4.405299
3.701664
0.4647456
1.449761
0.02523757
4.418913
5.684034
6.687736
3.921236
0.4755151
4.262715
4.478622
4.587213
3.459286
3.510688
4.282989
5.935908
0.6455543
-1.478302
5.210987
6.941599
0.9351216
-0.7508508
-1.256763
1.665996
4.79974
-1.313305
5.646147
6.164838
-0.2774508
0.9902194
4.552265
0.731215
6.981201
-1.385194
-0.7514399
3.664557
-0.09371826
-1.754792
4.493379
5.894636
0.01888138
5.755993
-0.4832195
-1.179655
-0.5649152
13.17206
5.479834
5.197695
0.5089427
3.942692
5.670067
1.36639
4.080144
4.895193
4.28573
1.868919
3.88647
5.453503
5.272862
3.736759
0.1569867
4.41452
6.745174
-0.6332937
7.075133
0.8834521
5.251078
4.517215
6.138546
-0.6929158
5.551714
-1.021626
7.628789
1.007608
3.705456
6.097502
5.557595
1.368134
4.582346
6.65434
6.168857
5.147899
4.664362
6.712549
-0.1017885
0.6146023
4.497057
-0.5519643
4.023989
-1.256727
5.34243
0.6877086
0.3997376
5.554367
5.051948
5.792302
-0.8327883
4.864169
1.410343
1.720293
0.6143152
-1.955661
4.40446
5.06828
5.740278
3.723108
6.210613
6.241232
4.750578
10.02113
5.097582
5.061476
2.377112
-1.881842
-1.944286
2.768128
4.219218
1.736546
5.54163
5.04558
-1.021191
3.986028
4.41571
4.317038
1.522785
7.147128
0.7346937
0.2993854
5.121295
4.895246
4.519535
0.4503327
0.6004216
-1.620169
5.669219
5.413438
0.8104501
1.576518
5.305371
4.735231
0.4449666
0.9781165
2.290086
-0.5028271
5.413777
4.886032
1.598782
3.388988
0.2609025
4.645228
0.6331013
4.445334
4.5914
6.268903
3.950906
1.230681
3.693798
5.226974
-1.896318
-0.5487649
8.176072
-1.400474
0.5884238
5.574228
3.902319
0.7494417
5.597131
-0.8998358
4.652181
-0.6554724
3.53265
-0.08147062
-1.450406
4.919506
5.084316
-0.6572757
4.528476
0.8086144
11.28912
5.122138
2.007812
2.137259
-0.695021
-0.09275121
4.115939
5.335466
-1.167872
3.537653
4.440947
1.23302
4.679694
3.948199
-0.7555971
-0.2745875
6.335277
5.806714
5.236047
6.040986
6.436125
5.196234
4.537615
4.090447
5.094129
1.239783
-2.337962
4.302347
-1.347878
4.475312
5.352197
5.324125
-0.4657734
6.077156
5.083274
5.550423
1.556162
-0.1973072
-0.2137386
5.873595
4.397688
4.993691
-0.2943726
5.182302
5.178169
-0.6548975
-0.4672936
0.3950683
0.2109962
3.230056
8.869379
4.491734
4.224393
3.077856
3.809048
6.75908
3.381034
5.840719
0.2512857
4.615956
7.614144
6.48363
0.5043691
0.1006837
2.284331
3.618027
4.615202
-1.794316
4.55242
-0.8434448
6.383043
1.007592
6.078144
5.071453
0.1015727
6.126854
-0.5761963
6.458491
4.279029
4.130773
5.720416
3.481979
4.838805
-0.118228
3.852206
6.969703
3.076762
0.1434282
-0.7423353
5.620833
4.456904
-1.011654
0.661262
3.994217
0.7943136
2.326758
0.4164333
2.450854
4.267882
6.388959
6.41641
3.997384
-0.03312105
5.11164
5.625857
5.890447
5.344926
0.2231162
1.599746
4.812822
5.182655
4.116295
4.148496
-0.9240693
2.297814
4.022124
7.100821
4.725735
-2.243967
-0.6744116
5.285677
-0.6797338
-1.608308
0.763467
0.5192097
0.2136888
1.807635
1.497786
0.1239538
-2.170424
0.8749955
5.246381
-0.4430074
4.844635
1.261439
3.309975
1.014966
7.055025
-0.2811841
4.550579
5.320483
5.81693
1.840584
-0.3589089
-0.03834154
4.932583
3.062759
4.901162
4.328869
4.904363
4.002716
0.5116646
3.907382
1.678953
4.933285
4.833858
4.25247
0.4357128
3.210972
5.166164
3.336842
4.092714
4.951775
5.909966
4.744202
5.070984
0.8908331
6.043661
6.692668
-0.6101026
-0.4157002
4.61015
3.57129
0.1155601
-0.3550408
0.2110303
6.955865
1.833091
4.308681
1.585718
5.97717
4.70426
3.682184
0.3585157
1.618356
2.016493
-1.147435
-0.4395373
0.0685761
5.981957
4.382075
1.040086
3.003332
-0.07984147
-1.845273
6.070971
-1.667799
0.3669617
-1.322816
1.151925
5.535999
0.5819099
6.98337
5.78824
1.295657
3.87514
3.454946
2.160085
5.256852
4.224348
4.274275
4.936951
3.536345
5.892125
6.353271
5.161279
4.438572
4.295915
4.00518
5.195665
0.1360132
1.621776
1.620716
-0.9801985
0.3434828
5.747857
4.745601
3.816536
0.3710964
-0.7239331
5.26012
5.907475
6.294762
-0.422539
-0.05233128
0.6362662
5.638124
5.011866
4.037415
5.172811
5.52708
2.719605
-0.2841271
2.643201
5.297498
4.632338
0.6024116
-1.401002
6.373925
5.383824
4.390161
-0.8251951
6.557143
4.071103
0.9331126
5.626368
3.005402
-0.4635235
0.09613599
10.10028
-0.4560491
-1.277168
-0.2819549
3.438953
3.881384
5.094
0.2839364
0.1930978
-0.7813625
4.051244
4.711224
4.282898
-0.8460756
7.060872
-0.9741123
-0.6270168
4.89986
2.379305
3.564442
-0.4405627
6.182475
4.534804
1.614161
-0.1136964
5.859886
4.585741
5.484184
1.478831
6.119974
5.276033
4.913766
4.978077
6.164683
4.747276
0.06952714
0.6124706
0.5170719
-0.8663395
0.02794874
6.118181
4.668661
6.581339
1.203468
5.069437
-0.5072429
5.169765
1.554486
-0.05792835
4.846765
0.5938678
5.714664
4.057707
4.637779
4.251893
1.145795
2.302552
-0.8944712
-1.01318
1.597464
4.638992
5.345965
6.414744
6.08336
0.1876876
5.790496
5.107182
2.73996
2.653245
5.304103
3.572792
0.07757877
0.2213647
5.66169
6.480651
5.332607
5.135323
-0.2365262
6.313327
-0.8683509
4.91585
5.966454
-0.7352896
-1.080875
6.669509
-0.4904977
5.585192
5.086909
4.486177
4.797481
5.111689
-0.1883901
5.203428
3.703033
5.308078
6.572222
-0.8173249
4.466269
6.4417
1.084614
-0.2183547
4.74283
5.430366
3.680242
2.62339
6.493152
3.681637
-0.7810492
2.934117
4.871305
2.02163
0.2768248
4.122566
4.087712
-0.3539922
0.2566846
5.094525
0.4266134
0.9091035
5.616524
3.925394
5.095045
2.62765
2.079727
-1.448471
-0.4707938
-0.990416
-0.1566246
4.811688
1.654628
-1.535761
4.569698
-0.107803
3.421172
1.102525
5.06838
-0.9923666
4.954219
-0.4502906
6.645736
5.805768
-0.155448
6.644331
0.8320438
5.58056
1.247848
2.904364
1.460012
-0.8174815
-0.04609986
-0.3012363
-0.5722375
-0.5929556
1.983639
0.06035894
0.8902521
7.134585
5.315443
6.176679
-0.1713772
5.257622
-0.6421143
0.04513618
0.4206059
5.121584
2.633473
-1.538491
6.268752
4.75886
7.274116
4.653366
5.397699
1.043972
5.725239
5.210802
-0.04601562
-0.06779664
5.401064
-0.799337
4.150903
-0.2584313
0.8599349
-0.9053561
4.989524
4.72242
5.171058
0.4430153
3.610435
5.166658
-1.483295
3.468517
1.468563
0.452163
4.270135
-2.638169
3.827763
6.322024
-0.3908995
4.626973
-0.2099192
-0.7858205
3.202132
4.686389
5.293477
-0.587621
3.65421
5.862811
3.408712
4.048721
-0.8926386
5.180496
-1.844762
-0.4465126
-0.884048
4.531429
7.156412
6.70706
2.171708
4.10181
0.7697742
2.085102
4.989836
-0.6318301
6.789993
1.228715
4.640338
6.210189
0.6874142
1.559233
3.62892
5.888453
4.52567
-4.275291
4.583246
4.652612
0.8210727
0.6677745
-0.6246234
-1.111315
-0.180251
0.7582066
4.834606
5.415831
4.723399
5.193008
1.259529
0.2580809
-2.133585
1.209275
-0.06470266
5.370415
3.972416
0.835177
1.959997
-1.013269
5.423433
0.4197888
5.031104
4.753203
1.78821
4.754961
4.86949
5.486731
4.72411
3.233266
6.460361
-0.4668794
-0.9099134
4.198522
-2.285402
-0.2524694
6.580138
5.366837
7.270159
5.979751
5.560861
6.232542
5.113313
5.725085
0.06575936
3.685167
7.958264
-0.3256682
5.534272
4.699845
-1.560268
7.557092
5.570509
4.135622
5.274638
-0.9312576
1.413749
5.04433
-0.6172171
6.336309
0.3333623
-0.7409555
3.652375
-0.4859162
4.83064
6.07873
4.925333
5.328538
4.149917
5.298504
0.4208459
4.923242
0.7679763
-0.6625339
3.823177
0.1292792
0.2749975
-1.044443
1.765238
5.26694
5.869401
5.054958
5.594696
1.435195
5.086407
0.9796212
-1.7831
-2.107138
0.414991
9.220905
4.183735
6.002737
3.8474
4.199605
4.510326
0.5432965
3.439825
-0.790925
1.698347
3.840216
4.846038
3.262352
5.063881
4.426508
4.309485
-0.8482734
1.686714
0.5644893
0.1420893
6.97682
-0.8427799
5.019258
6.4161
3.250071
-1.449457
5.593197
-0.114785
7.21272
4.369982
-0.3133726
-0.6419007
7.052435
-1.025612
7.413437
5.900761
5.858311
5.476172
0.3736762
5.476761
0.7098066
2.205832
4.605114
5.715581
0.7021114
-1.440915
0.2814552
6.483529
-0.8338713
-0.8637923
0.5400582
5.019408
2.011656
2.924684
4.905002
4.08905
4.020373
5.803771
0.2539903
3.55317
5.837902
0.9498617
5.261259
5.450645
0.3413436
4.913816
3.174869
5.44238
5.376934
5.48846
3.227087
0.2410612
5.656733
5.205975
5.970749
0.8018228
3.749474
-0.2070666
-0.7936743
-0.1588685
4.978168
5.921364
6.444184
-1.463764
2.254452
0.6665195
1.388345
-0.3854967
4.590395
5.999867
5.899121
-2.738479
5.153105
4.8902
3.65254
-1.185049
-0.6528559
1.225012
4.912313
4.977641
3.36184
-0.4498577
-2.316723
7.361944
-0.2326093
6.348952
-0.9584058
0.4735486
0.1732425
5.613784
3.183424
5.603213
4.901176
5.254518
3.759369
5.354767
0.4469781
2.102231
5.311375
-0.8696829
0.5720115
-0.03672161
5.284624
4.524592
3.121423
-0.4396959
-0.7659939
7.042603
-0.8242519
6.120174
4.477892
4.775729
-1.09416
-1.041877
0.4282751
6.293145
-0.5767363
-1.146603
6.372658
-0.5921017
2.76068
0.1452379
3.79673
8.611556
6.010029
5.98348
1.188213
-1.132899
5.433402
5.658585
0.2571391
4.488305
-0.0550375
4.981782
6.424304
4.279053
0.4378702
0.3311026
4.343309
0.2698545
0.7252119
4.401531
5.915482
0.5464765
6.354871
-1.115076
1.847219
4.322653
4.58905
4.267682
4.167757
3.435568
4.999332
-0.6887556
-0.4696932
7.725723
4.007629
5.132901
3.800753
0.9751389
3.137816
0.2461118
2.286555
5.030771
0.9647194
3.632446
1.138972
5.901253
-0.2449352
-0.1880386
5.172123
0.365636
4.41478
-0.002187175
1.266782
1.103394
1.089017
4.197213
5.50803
-1.701507
1.416161
4.531566
3.363431
-0.3200714
4.385488
2.27585
0.1328127
-0.3640183
6.013406
4.313511
4.103912
-0.116477
4.488539
0.01135043
4.688029
4.855145
3.359219
2.954652
-0.7557627
-0.9204071
5.067081
1.569551
6.486132
4.519283
-0.4521375
1.206058
-0.8229758
4.308904
6.687748
0.3842596
-0.7917911
-0.6886076
0.0915609
4.29592
5.85535
-0.210839
1.386809
3.925323
1.245751
3.779963
5.441453
6.573298
5.763347
1.492065
5.875845
4.737496
8.103756
5.417774
1.862915
-0.6439081
7.081911
6.375418
4.917208
5.009256
0.2759979
-0.6991687
6.019802
5.431702
-0.01687168
-1.360734
3.94806
5.167804
5.099874
9.257637
4.675987
0.1798056
0.2753188
1.61518
5.503536
5.785396
5.786681
3.238707
0.4252563
5.675669
-0.7612159
0.1162823
-0.3213326
-0.6958057
4.621683
-0.2196262
-0.8279071
5.634288
-1.019413
5.923155
-0.5716689
3.277926
-1.446087
0.7838317
-0.7021785
0.7168952
4.830519
4.45788
-0.3820461
-0.3963466
3.929328
0.1310511
-1.82619
0.7056178
5.732558
8.091437
-0.9873639
-0.8911806
4.369464
4.938563
5.780171
4.706633
4.886724
-0.1819755
-1.498605
4.836458
-2.068335
-0.9289076
6.440709
1.305582
1.282258
4.628064
6.107425
0.03990285
1.915904
5.685165
-2.115904
3.654609
4.053052
0.4915949
7.584993
-2.272708
8.244409
-0.8552244
7.708144
-1.257049
3.777783
-0.09171309
-0.5895683
3.778854
5.204235
-0.001559662
2.035449
5.136455
1.066553
-1.73916
4.069596
4.536326
4.967547
5.051984
4.339003
5.70865
5.04716
4.909823
-0.2106781
5.453159
5.649479
6.808642
4.055416
-0.2186925
3.82308
3.850564
9.233722
4.390446
6.179151
5.63224
-0.06391879
3.446654
0.6086644
4.453135
1.089802
-0.1687785
6.59779
4.070769
5.03743
-1.448505
5.803473
4.773069
6.056236
6.050023
5.744756
2.949881
6.143298
5.894172
2.103466
-0.6285648
0.1541127
6.332526
1.538559
4.547074
2.635463
-0.3547812
3.736142
0.7455318
6.48619
-0.3670096
5.633455
5.472143
-0.19933
-0.2725942
-0.4259273
6.614529
-0.3397408
5.662923
0.4121855
-2.650825
-1.657706
6.382012
-1.170411
-1.131123
1.124694
1.620157
-2.814982
5.020991
4.750436
2.013893
6.850671
4.458737
2.16155
5.763278
4.40469
5.142997
-1.273444
-0.2456374
1.546882
4.169689
3.697876
4.876455
6.103225
4.775905
3.920914
4.493304
4.097776
5.121544
-0.02349509
5.400166
1.476403
4.385495
4.83887
5.682018
1.893579
2.093031
4.363602
-1.668284
1.727329
5.816773
0.7272414
0.298301
-1.341222
1.245681
-0.6131243
4.644252
-1.412436
-0.09865414
5.065781
-0.08097053
-0.3980582
6.001793
0.8345633
4.429068
6.767152
6.327114
0.2265509
-0.7444212
6.748696
1.02308
-0.4672678
4.933186
8.995907
-1.115881
-0.8404208
-0.8676088
4.976544
3.589481
4.366406
4.850547
-0.7167261
5.148447
6.535958
0.6740134
5.66872
4.712532
6.09856
-1.146531
3.12984
-0.007405594
0.7193789
4.841819
-0.3178303
0.8184105
4.876715
4.974371
5.883989
4.385072
4.655339
5.152644
7.046177
3.476899
5.370043
4.65384
3.194983
0.6289006
3.497772
-0.2086151
0.2637563
6.519057
8.136449
-0.7249758
-0.3029701
4.96861
-0.170515
3.506633
-0.08864185
0.2369922
0.7989208
1.74471
-0.3293869
6.313311
-1.693026
4.273874
5.134907
6.940815
3.512563
7.273577
1.0137
5.684064
1.850765
5.296265
4.202541
0.04665043
-0.4405179
5.154389
-0.6514166
0.2460231
4.945029
0.5839031
3.418753
2.000528
4.887156
5.233369
-0.6784719
6.419106
5.784005
-1.794064
1.132578
-0.8419191
3.397309
1.403248
3.514359
5.666291
-0.2551563
4.237638
3.116414
6.55983
5.000785
5.285023
1.524044
4.804952
-0.05401096
-0.5620712
1.004634
5.514345
1.930585
-0.03436144
5.226437
4.631945
5.766981
-0.3291051
4.313552
5.842258
3.327154
-0.8147461
5.589773
1.594784
-1.103216
3.986783
5.962164
0.7725897
4.804739
4.378765
-1.255978
4.997575
5.030569
5.215287
4.453306
0.1455769
5.479064
6.422318
-1.90191
3.746114
5.732986
3.5205
6.488967
2.610083
0.09323243
4.641839
2.849483
3.758762
7.384795
1.19445
5.197581
3.256881
-1.246818
6.344096
2.635006
-0.5579779
10.63524
0.03675881
6.631819
4.557395
-1.148217
-1.954534
5.715276
-0.4635475
0.1766067
4.485921
4.625379
4.432615
5.541296
6.11744
4.583083
5.202351
3.58077
4.725825
5.520972
-2.116207
1.818596
-0.05834829
-0.4311411
0.4542596
0.491908
5.935647
-0.8931343
7.609603
-2.455875
6.921195
3.721781
4.000105
4.883701
0.3937371
0.4825582
-0.8209553
-1.119562
6.134022
7.793766
5.613015
0.1727736
4.628275
3.763548
-0.1824239
5.4523
5.497842
1.95122
5.834419
4.07446
4.984536
6.27855
4.690563
3.483152
3.140804
7.497339
6.576
5.155358
2.977441
7.675107
1.516378
4.571815
4.588032
-0.6152165
6.251105
-0.0916805
3.510573
5.115883
-1.179644
6.984161
4.398125
4.405149
1.503901
5.367792
3.983692
4.640398
6.678567
3.05072
5.611239
5.387374
5.200865
5.122603
-1.041917
5.193294
0.2042377
5.275712
1.322771
0.6804118
5.625769
9.952072
4.42657
4.15181
-0.5338414
5.894448
-2.049137
0.3683618
-0.6423047
6.037334
0.2560043
-0.4078169
5.292859
4.709596
5.196796
6.129792
4.60746
6.204596
0.1754941
-0.1603153
0.8277939
0.4730402
0.0483658
1.295236
4.348128
1.331638
1.703508
4.974521
7.173207
5.150183
0.4043577
1.451859
5.285902
6.400361
4.129082
6.369056
5.4655
0.5524486
2.635955
5.393909
7.041052
0.6846263
4.889866
4.960293
5.181617
4.217245
-0.9298606
1.998375
6.687224
5.210059
5.233719
3.414677
6.972338
7.938281
1.001906
2.888778
0.526188
1.346631
4.77029
6.129918
6.038247
5.467582
0.923809
-1.527712
5.113936
-0.9672758
6.197329
0.118103
0.7841115
5.227217
4.819999
2.581429
1.553816
1.339476
-0.1745888
4.679564
2.556095
4.660616
1.833766
0.3501124
4.257402
0.7456584
1.366336
5.761612
4.291708
-0.5096928
5.004221
2.237085
-0.8761635
5.868201
-1.681975
-0.6181637
-0.7444792
6.495813
5.21728
1.3495
1.842354
-0.648626
0.03910252
5.009478
5.967886
-0.4547861
4.564418
0.6854174
4.488999
4.852279
3.330598
0.01679515
5.49236
5.927206
6.038963
4.938728
-1.291915
5.693486
7.209646
-1.626528
5.288752
0.423901
-0.4686515
-0.7763071
5.892679
-0.9488683
3.855018
2.50531
3.181339
5.687101
4.578085
-0.5046168
3.963521
3.884258
4.74419
5.67833
5.735706
0.8371352
3.575959
4.93781
4.87198
2.793004
-0.04725454
4.343733
3.246438
6.5229
0.2784986
2.315321
4.391363
4.269549
-0.03066691
4.140519
3.774692
4.279687
-0.3855052
0.4862152
1.160343
-0.7184223
-1.675274
-0.4356228
-1.0722
3.757801
-0.434698
5.681116
-2.187307
5.96374
1.247471
4.64716
1.798496
5.707367
-0.3267685
5.921612
9.096291
5.010559
5.570764
5.821672
0.2243403
-0.3136999
0.9660216
7.775549
0.2669063
1.798155
0.03126435
1.61355
7.045752
4.870686
0.07369603
-0.3096161
0.536373
5.934345
0.6627067
5.392871
4.528889
0.1600563
5.384142
0.8543689
-0.6092541
5.636073
0.2757178
6.291127
6.188748
4.989805
4.848203
4.427608
1.366607
6.068306
5.221142
2.621086
4.090281
-0.9409486
-1.454517
0.5011425
7.531329
3.953053
5.485694
5.022594
5.163736
-0.6295484
0.8792232
6.60892
0.4599548
0.812835
-0.0904951
5.924761
0.04106493
0.2848718
5.757557
0.8289212
0.6159151
4.513498
6.220851
5.602494
-1.087249
5.196953
4.082928
4.32752
-0.4878765
4.29525
3.530699
5.811919
7.026054
-0.3416494
-0.1932272
-0.3524466
7.264744
-0.5554456
5.242243
4.640091
3.717916
3.233401
3.839905
0.1578291
5.88045
6.051616
4.280687
5.243128
5.379673
0.4722658
-0.01655376
4.526037
1.096029
5.404507
4.373909
3.40581
4.179813
3.681272
1.071403
-0.1810537
4.649155
4.252132
4.98699
6.118941
5.693548
5.81857
4.111562
-1.225726
-0.4256228
0.4097012
5.917336
-0.3908976
0.6335837
4.334847
2.687237
4.761949
-1.173394
-0.008332697
6.982741
0.3512551
-0.2633569
0.3222704
-0.4541045
1.411281
5.425702
5.880134
-0.6376199
0.6466569
0.9460143
-1.80888
4.319965
3.470409
-0.08560219
-0.8937463
0.6924931
-1.006664
-0.2331439
-0.3900581
-0.01681116
-1.27078
2.978398
-0.06502014
5.299322
2.879871
4.823031
5.417085
6.392818
4.325414
4.335877
4.938899
4.905918
4.831748
6.724536
6.437439
0.1752016
2.02385
-1.529404
0.9751056
6.877834
6.665678
7.293308
5.92499
-0.41792
6.228903
0.4630598
-1.431696
7.224329
5.788964
0.1899376
-1.889656
0.5375679
-0.06229498
0.7621097
-1.897992
-0.9956898
-0.8919366
7.508211
1.810071
-0.9107157
4.071441
-2.361854
5.612616
0.2218515
5.277037
6.471887
0.2676519
3.511672
6.111829
-0.0574904
5.579208
-0.4897052
5.284926
5.44732
-0.8854527
5.290422
-1.526011
4.272094
3.063715
5.53135
3.965662
-0.1782444
0.1690363
-1.980247
-1.005726
0.8024592
4.483454
0.5942825
5.912256
6.460765
4.311571
2.265389
5.017392
4.084978
4.179173
5.219544
4.42686
3.62432
4.586915
5.846382
-0.7730482
3.942047
4.032119
5.036568
5.937856
4.657998
4.496331
4.908322
4.911531
0.04573342
4.217321
4.20929
3.698085
5.29879
5.536058
1.090652
8.052555
5.737671
-0.2440125
3.828438
5.584577
1.409616
-0.2597703
-1.290618
2.370395
7.026752
4.355534
-0.2873287
2.484324
5.165472
5.807133
5.436759
5.232663
5.179611
1.087223
5.017811
4.744516
3.671231
-0.5047137
0.02149977
4.487498
5.308152
6.471803
4.48895
3.197778
4.693916
4.830947
5.151471
3.956958
2.6031
1.232843
1.262704
7.460688
0.3161921
5.175931
4.890334
0.01502203
5.328316
-1.357837
-0.5174025
-0.05518539
0.0003035582
-1.327447
0.1204851
5.371201
8.604687
5.379441
0.512418
5.432747
1.321311
0.00129553
5.089095
0.3410275
5.72384
5.919033
-0.7689727
0.3511705
4.999761
6.942479
-0.4683884
0.7503441
0.7746709
7.883109
5.184771
1.550973
5.642075
5.345514
-1.476625
4.322829
3.289785
6.244327
5.506517
4.902542
-0.01482466
6.905576
0.7387843
-1.525415
5.333872
0.05657339
3.987458
4.673251
-0.8299778
5.825708
-1.074999
7.215165
4.548555
9.015397
6.73014
3.770679
4.590222
3.024887
8.010161
-0.7420978
0.1399109
4.95333
-0.1240437
-0.3337325
4.895707
4.848876
3.65151
2.262743
0.1764992
-0.08210819
5.353443
4.322596
7.644585
5.89287
5.357707
5.101429
-1.691485
6.264672
6.06337
1.482273
5.417028
1.230324
6.45939
0.336867
-1.290848
5.617861
0.7248334
3.727608
4.318376
0.9354382
0.03735981
4.534032
5.815073
4.389879
6.976263
3.505653
-0.6613105
4.841443
-2.396859
9.460013
6.194871
3.66486
5.808243
4.254748
5.699138
5.490853
0.6864156
1.516866
5.762211
0.2699639
3.900656
-0.7893277
0.5387348
9.050536
-0.3752907
3.309519
4.370347
0.5584054
5.557639
-0.4665934
-0.4321238
0.119727
0.1947523
1.485395
4.730645
3.004883
4.257103
-0.6862945
4.944801
4.882574
5.708949
1.030992
5.248518
0.6515438
4.39204
5.359773
0.7032748
0.9085695
5.497816
1.35972
0.7190167
0.2141897
4.098283
7.393981
0.5392079
4.999405
6.261385
5.179225
6.398586
4.931764
5.991154
7.396622
4.904821
2.407602
-1.804781
5.1493
6.690355
5.172366
5.30108
8.527614
0.7142728
6.319689
5.005826
4.903947
5.461488
5.797299
-0.9895782
-0.9709007
6.19049
1.575563
5.259285
5.850276
4.984445
-2.772836
4.421283
3.850007
10.47785
4.283197
5.464534
3.690257
4.745991
5.79994
8.365338
5.313817
0.7360779
3.760764
11.10888
-1.054578
5.305715
6.383322
1.014944
0.03696726
0.2610538
6.86009
4.84179
5.49542
6.63973
3.250904
4.47263
4.591134
4.093044
5.808972
0.516711
3.975393
-0.9153947
6.422661
1.365312
5.085449
8.019611
6.905988
3.290047
0.9012345
2.301315
-0.1147008
-0.2878484
5.124353
6.719274
1.411959
-0.9877544
-1.877349
5.39387
1.141529
3.007794
4.807329
4.262343
0.3096086
7.192759
2.392063
6.120347
2.339633
8.418767
5.555661
0.4849896
5.427511
4.576681
0.3480303
-0.112215
1.300546
5.383916
4.301288
-0.4719693
-1.201183
3.449808
3.086385
-0.07327962
0.03541192
3.387994
4.107327
5.313085
5.173112
1.192537
6.674704
3.052239
1.926254
6.217206
6.191844
4.767299
0.3831121
3.27966
5.163121
3.528193
2.221028
5.38136
-0.9839453
6.903034
-0.3204882
-0.8119305
3.070092
0.8636882
-0.555039
3.224893
5.166681
4.395771
0.2955635
4.390268
1.378774
5.175468
-1.888313
5.529046
0.2116987
-0.2952422
2.36634
0.5767716
4.309469
6.506722
4.226792
5.199064
5.739985
2.89196
0.9646932
0.269947
0.9017277
3.572065
-1.49316
-0.1347631
4.167645
-0.7769191
4.579304
8.660171
3.617355
-0.6078686
-1.054322
-0.06222345
2.850249
4.431766
4.929964
6.26981
-1.705459
0.6988823
-0.6121482
3.859738
-0.4643267
9.359678
5.477755
6.278542
-0.6247421
2.76295
4.992593
5.04531
-0.2451569
4.633864
4.190269
5.327417
6.202697
1.885017
-1.811581
-1.838607
4.604385
-0.3835765
-0.5454488
3.232057
5.298377
4.911116
5.147389
7.402606
4.043581
6.364772
2.479756
3.650502
4.305215
5.840919
2.102884
5.07057
5.265574
1.902346
5.136805
5.81974
3.314793
7.304866
2.760516
6.380086
0.7988472
3.081656
4.443019
5.999012
4.729623
0.6615537
4.856302
4.499483
4.240291
-0.3104686
-0.6869259
5.394853
4.664576
-0.5257829
0.9569111
0.1574004
0.5531082
-1.778286
-0.1720296
0.03526832
0.0547123
-0.4076649
-0.4741838
5.415076
0.0458236
6.133453
-0.3206182
5.477712
0.2765077
5.256154
4.754745
5.116953
5.74173
-0.0654431
0.9491215
4.440028
3.707344
1.466354
-1.069373
6.365958
-1.077566
2.746709
8.205742
6.980879
0.2294239
7.138354
6.624178
4.127834
4.950939
0.5038992
0.4788138
7.189643
5.709665
3.081794
3.059511
4.471703
3.490305
3.942944
-0.3297462
5.378803
4.71017
2.672532
-0.1817645
5.374739
3.766211
3.951139
0.9733449
4.946464
7.244799
4.402016
2.357386
4.425826
2.874586
-0.01469427
-0.04115271
4.410997
1.827983
4.696925
5.795594
-2.912509
2.145373
4.782311
4.624996
0.3222851
-0.3293658
5.379206
-0.1212905
6.46935
6.676422
0.52642
3.558216
0.3567815
6.991794
-0.09474593
6.341484
4.206398
6.021027
0.1342658
0.6745372
0.3917657
6.69677
4.506189
7.168302
5.032463
0.9271228
3.636834
6.066941
0.3300545
2.87326
10.18813
6.012384
-0.544104
0.7049569
5.268545
8.341911
1.34089
4.14955
-1.515708
0.2349773
6.887896
6.127843
1.38757
4.275778
3.207527
5.813111
3.88061
-1.112555
-0.6581518
0.1342791
0.3588245
0.6804262
0.5604463
-1.054498
4.51731
5.033346
3.849145
4.838263
-0.2855081
-0.7701963
3.518097
-1.047787
0.68771
0.1062146
4.790811
6.288053
-0.2515626
4.563254
4.728569
6.333677
5.283546
-1.923766
0.8559777
5.058544
0.441145
6.321005
4.681768
-0.9160554
-2.571874
-0.9282129
7.335202
-0.4359178
5.42026
0.2430886
5.906342
4.396808
5.434738
5.51557
5.352211
4.151899
-0.745043
5.748331
-0.205495
4.962167
0.1570757
4.86588
5.762782
-0.1491563
4.949142
5.090669
4.483309
4.216264
-0.6781566
4.837551
5.264319
1.17725
5.20804
6.740723
3.538379
6.425237
-0.9692588
6.881447
1.243529
4.209312
3.544161
-1.135428
0.1376637
3.929999
-1.873099
3.702577
4.651354
-1.321503
4.393043
4.849321
-0.5975456
4.195946
-0.7769692
4.865501
2.134299
5.81242
5.747092
0.2916482
-0.1848282
0.5153193
5.325523
-0.5839852
4.665594
-0.2021918
4.990196
5.25028
5.611768
0.8379391
0.3953324
-2.297925
3.284152
8.045388
3.917569
0.852341
4.433153
1.103437
4.944152
-0.3093167
5.089787
7.142911
4.440706
2.979639
4.90493
5.861317
4.921123
0.1238816
3.701051
4.170072
6.42639
4.744436
6.032808
0.7107867
8.34732
5.268861
-0.5232269
0.590763
2.563247
-1.158879
5.012202
-1.226768
-0.7490554
3.457434
0.3587323
-0.04894702
5.470413
5.01521
4.285517
0.1577861
4.12204
1.688825
8.371731
6.337883
-0.3187893
6.314544
4.637274
1.098499
-0.2990783
4.863512
4.780237
2.933812
3.153725
4.800726
-0.4693239
-1.365677
0.920178
2.136904
4.182491
1.061748
-0.08864375
4.271406
-0.2351438
1.255943
1.775548
3.65082
0.8492885
1.229697
4.836718
5.925646
3.484304
5.427986
4.915992
5.420443
-1.074095
2.925524
0.7900876
4.948284
6.661274
-0.8081288
-0.8591279
4.127818
3.601448
6.743166
0.2798017
-0.8638946
6.050006
3.783776
3.004608
-0.1663628
4.477835
6.439335
0.2114394
1.193894
6.226199
5.626144
5.479681
3.713455
6.945314
5.5286
0.6488789
-1.823317
4.730151
-0.6861877
4.863518
4.751898
4.971191
-0.7390938
0.3100542
-0.3790998
5.179824
4.243671
3.070177
1.045252
5.785932
5.814172
0.8737932
-1.687867
4.945008
6.103137
0.4056753
0.1066623
5.014141
4.69455
5.391661
3.305712
5.632915
6.237616
5.448377
5.877264
-0.4877908
0.6934856
4.449699
7.226054
3.32005
0.9497772
-1.245296
1.92294
-0.1412149
4.044353
6.401472
5.701616
4.535925
6.63593
9.282837
-0.5388461
4.456314
0.1342782
5.073003
2.96471
0.9061256
6.062898
5.64712
-0.1773464
5.028708
-0.487369
3.702574
3.732009
1.128661
1.235807
0.9656821
-0.5560486
-0.8280182
0.15297
4.798062
-1.450276
1.944992
3.597764
-0.6142798
2.259841
0.3364725
6.761729
6.85443
5.239003
4.771699
0.1867649
1.288112
4.102743
4.443181
4.305888
-0.5640766
4.970255
3.625939
-0.543109
3.219356
0.5818257
4.713316
0.221052
4.743805
5.588122
6.486139
4.298761
0.5203396
3.552045
5.577636
0.04798638
5.670541
3.413415
4.486897
7.267632
0.6672699
4.835804
1.070821
4.607125
5.740098
4.359815
5.109962
6.151019
1.149595
6.843495
6.529926
-0.6219812
6.083296
3.443622
0.009769424
5.75867
5.163324
3.996788
5.015876
4.838888
0.8661921
-0.591325
4.555804
0.4797316
4.680283
4.57953
2.491536
6.153786
6.3911
7.013107
3.301674
0.4658151
4.22497
5.775251
-2.358691
0.4675169
-0.9727755
-1.300547
-1.425776
4.517161
5.397021
0.7727549
1.011307
1.190199
3.535563
-0.330549
4.808661
4.31571
8.106007
4.146502
6.212
5.156216
5.797586
-0.1816885
13.00313
4.313349
4.435895
5.279277
2.442696
-0.7155363
5.575357
-0.09295754
1.5887
5.057994
0.5743379
3.497343
3.575505
5.965711
-0.2838957
4.611433
1.896334
4.852656
4.979024
5.096596
5.835434
3.807148
5.209067
-2.195123
4.74967
5.492398
0.1671115
4.843294
5.704828
-1.343721
6.221809
7.059217
3.860188
2.901459
0.4185606
4.678744
-0.3445515
-0.8181273
-0.7762591
6.055665
4.598194
4.8532
-1.599896
0.8064273
5.289642
4.701528
4.22011
5.489212
0.9536119
6.168126
0.4320266
4.14606
5.382806
4.055608
3.214386
-1.868844
0.5402795
-0.1432407
5.216695
4.667129
6.992707
3.73826
-2.048191
1.225671
5.164719
6.555188
5.31276
-0.466831
5.434755
4.251724
4.782903
-0.2482159
0.2435407
5.426974
-0.7637904
2.480492
4.435463
5.768413
4.298309
5.081238
-0.7661936
-0.6760647
-0.1287135
-1.422039
2.02908
-0.1740458
6.253293
-0.5316166
4.721263
4.607804
5.579175
2.555613
4.702244
-1.091566
3.729113
3.949218
6.061512
0.3069124
6.392732
0.0651922
5.819291
0.0166495
4.093452
0.8963414
5.403445
7.019467
6.279006
0.1616593
5.197307
6.002923
1.587616
-0.6567122
0.03796529
-0.4490823
0.009433307
4.121744
3.342489
7.833248
4.366649
6.26494
0.1151933
4.727766
-0.8643505
-1.650811
9.716759
0.5333341
6.078329
-1.154763
5.791987
0.9281894
6.35698
0.6270069
0.7977014
0.965446
0.02476249
-0.8218692
4.701594
4.846594
6.355521
1.641512
-1.245362
0.5048043
2.208722
-0.7078565
4.32268
1.083161
4.681937
7.58403
3.965971
-0.2066606
3.958678
1.863392
-1.984471
5.368703
1.850099
4.071388
-2.913492
-0.4305679
1.202447
1.481921
4.288102
4.313967
-1.348517
0.5486761
5.157789
3.434692
0.8678521
-0.7694505
4.285672
0.2119956
5.430073
3.351627
5.330626
1.27382
0.5605576
4.937403
0.8956131
4.688335
2.254921
5.39721
5.222856
5.198944
4.44855
4.153451
5.478258
4.287279
5.769523
4.685216
5.460693
4.29389
4.745058
-0.3797172
5.038756
0.05804391
4.768449
11.9488
0.4813404
0.2351625
-0.9259851
6.232463
6.179246
5.806072
0.5077836
7.935507
3.269781
2.652393
0.7490559
0.4355344
3.127677
7.409778
-2.867523
3.840111
4.611583
4.988325
5.046817
5.751437
0.12986
9.750436
3.263902
6.389353
4.017943
1.686089
4.630365
4.983876
4.53487
4.997274
0.1006164
3.469658
-0.9895595
5.907998
5.847935
4.489193
0.9633052
-0.5952678
5.830328
-1.585224
-1.128784
6.478667
-0.2273895
0.3179336
0.1455645
1.677174
-0.1616776
-0.916644
5.795566
3.95281
5.833032
3.733265
1.868991
-0.3830118
3.966357
1.897407
0.9072278
4.290478
5.341059
-0.2627552
4.92459
4.996638
-0.4681345
3.835866
0.2340739
-1.019966
4.767083
3.520794
-0.2190703
4.117811
6.175131
4.080254
4.717521
4.90452
5.188061
4.777068
3.524202
-0.4009155
0.5221588
4.00505
-1.912525
4.095285
4.349837
0.4839619
3.611593
7.030527
0.9742679
5.575875
4.527202
0.3755609
2.458719
0.8187679
1.018842
10.06735
0.2288828
-0.826452
0.8429483
5.897375
3.772623
-0.4643513
0.9189688
0.8032688
4.937366
3.119563
5.716796
4.290464
0.9330144
1.862423
6.65753
4.709504
6.344217
5.755071
5.567675
5.523383
-0.98728
0.3011078
1.507173
4.740469
3.177873
1.603644
-1.058672
2.484873
0.9206257
4.989642
0.1078083
5.815656
4.365363
6.018301
5.114502
5.283955
1.215852
5.701174
5.12584
-1.126944
4.490875
-0.3690341
10.07126
2.49693
-0.6336261
5.70634
6.081937
5.196849
5.937482
4.861093
-1.428746
4.037658
4.172237
5.227663
5.952224
-1.227808
4.10168
-0.8146961
2.802913
0.2711333
-0.5297009
-0.3896059
4.325799
0.03298674
7.946053
5.711433
-1.140976
0.1450476
1.93821
4.96562
6.305592
6.06359
4.987447
6.329057
-1.795187
0.7082358
1.518029
5.473843
6.222436
-0.00709665
4.899984
0.4643831
11.16598
4.149605
3.651164
3.886295
5.078336
6.127587
0.3686442
0.08264785
4.679257
5.107545
0.3887223
4.528933
1.376665
-1.089252
-1.795115
-0.8552117
6.043178
4.640686
1.447275
3.976683
0.332753
4.285107
-0.3520758
2.910418
-0.3173142
5.958958
5.913148
5.077502
5.329341
5.369686
3.357371
5.78673
0.1123824
5.052136
3.50674
3.357311
4.269439
2.252755
5.111087
4.1196
7.18437
4.324276
-0.3328847
0.4707701
2.672845
0.7008974
0.3843549
3.769965
4.674264
3.603816
5.780072
5.181616
-0.06610713
4.677546
1.433553
3.995578
6.662667
4.144879
-0.2616009
1.203868
5.588444
0.7821351
5.494821
7.142577
4.438287
6.626522
4.83268
2.805261
1.495353
5.672145
6.122098
3.583794
-0.2655003
4.581984
3.380584
3.689982
3.448192
4.570071
-0.537252
0.266438
5.978097
-0.8279124
4.370495
0.2241256
5.325728
5.843209
1.133959
-0.2676638
4.441389
-1.223414
-1.804199
4.764282
5.383018
5.11049
6.366776
6.483148
9.526178
0.7620815
3.848349
5.709046
6.631571
4.633464
4.950457
6.213369
-1.318692
3.223228
6.182657
5.222399
3.971573
5.205533
4.851954
4.270046
-0.2936643
0.426759
-0.9819766
-0.8965747
4.447796
0.4269586
4.957959
3.678727
6.108811
4.868279
0.248072
0.9303901
1.100802
9.912786
4.799758
4.842402
-1.739839
5.977748
0.7506641
4.694773
5.106123
5.269296
2.59023
0.7958959
1.949881
6.159053
-1.339523
6.141519
7.095534
5.795656
0.02257438
2.76377
0.2158432
4.819465
4.875092
5.036949
3.413189
-0.5701978
5.494637
-0.5313
4.994262
6.910673
5.131437
4.694395
7.249307
-0.9685889
6.479134
-1.15008
5.790835
5.656636
-0.2633144
-0.08760909
0.6407539
5.755292
4.689477
-1.105658
2.093095
-0.6844363
-0.5467482
4.327585
1.466611
0.1789394
6.080061
4.669877
5.700265
0.8310737
0.7321915
4.801641
-0.3680416
4.286084
-1.782615
4.90019
3.864941
0.7981989
-0.5655251
9.609565
-0.4784749
5.991789
-1.844293
0.368009
5.529136
0.5645561
4.426061
3.75932
3.722038
-1.66145
-0.4203803
5.237928
1.014194
0.7451467
4.871066
-0.594391
1.858999
4.80876
7.078807
5.607769
5.955861
3.614752
5.783866
6.325986
5.799043
5.142222
3.302385
6.492628
0.3720077
5.683275
7.185335
4.440511
3.027664
0.3289391
0.9493079
-0.594051
5.726212
1.77405
4.853168
0.873348
5.254615
-0.1848282
0.7953288
5.649342
-0.9039656
5.307142
4.881447
-0.14867
5.620792
6.685657
4.755595
5.849578
-0.8724165
6.746326
6.856618
3.779114
-0.5923229
6.143949
0.2206599
5.395836
5.051303
-0.4143355
4.035787
5.459391
-0.2746872
4.142645
-0.4768538
4.979253
6.260143
1.254534
5.819438
0.5946497
-0.5573457
-0.9730363
3.633726
-1.235102
3.476598
6.394886
4.989472
4.226576
0.2158369
4.815655
5.25914
3.422653
0.2015381
2.77841
0.3549457
4.495739
5.445126
6.111325
0.6451171
6.249265
5.756786
3.697188
5.843786
4.141758
3.109828
0.3967966
5.502526
5.962089
1.130315
6.544396
4.212734
4.501121
7.316329
5.578266
3.860701
1.631416
1.450062
4.925862
4.515111
-0.5492416
4.290896
2.255648
-2.036219
4.873507
6.215765
4.535138
4.138978
4.488529
-0.7840923
3.724692
0.8789362
4.56546
1.505611
4.058726
5.614627
0.2672403
-1.071371
3.675039
0.4015604
-0.2133398
4.690928
0.8942748
0.1149046
4.877974
-1.251244
5.288488
1.033009
0.266438
-0.8430752
5.168128
-1.139415
4.707147
3.643995
-0.9783834
6.069597
4.879962
5.030228
0.1531074
5.842057
-0.4276748
5.200261
5.075709
1.295074
6.834597
-0.2146743
5.686397
4.042236
1.242552
3.250265
3.147136
4.278436
-0.7465689
3.826515
3.887899
0.6068822
4.443662
0.04191924
4.881218
2.401274
5.442935
5.023884
5.931005
4.364844
-0.8015083
-1.116949
-0.1000216
-0.1372067
4.095383
5.956482
-0.1866514
3.601762
-0.5128968
3.667355
3.35838
4.202016
-0.07724888
5.239042
-0.279732
6.519249
3.366956
2.862257
-2.066281
5.265627
7.63539
5.439588
-0.8498716
1.138912
9.121723
-1.728683
5.449718
0.2553753
6.153003
-2.786791
5.322428
4.516714
3.695234
6.15453
5.211912
6.621291
4.348064
6.181102
7.209197
5.199666
6.320389
-1.141233
4.91343
-1.553806
5.796791
4.303347
-1.273182
4.450952
5.269203
2.46792
7.291213
6.953136
5.162915
-0.7068648
6.253286
0.9751102
-1.31465
0.4071214
-1.564516
-0.2564294
5.306422
5.580519
6.247389
-1.915073
6.230518
-0.5695778
1.052579
3.693823
8.793319
0.5715068
-0.5075989
1.265351
0.985439
-0.5464967
-1.433518
-0.2345364
-2.123381
0.1476873
5.854048
0.3855473
4.935174
0.6364387
4.018684
5.555788
5.796643
3.09122
5.541094
0.5545969
1.86895
5.817713
0.1760934
5.391562
2.896887
1.580522
12.59723
-0.2606212
3.213098
4.202978
5.221609
0.02134063
4.086349
5.320293
2.21875
0.4256471
5.837943
-0.5089072
5.30972
5.941531
4.087225
5.1995
5.754581
7.151754
-0.1753711
4.034072
0.3910144
5.398756
6.178285
5.37524
1.14014
5.269525
5.192599
6.923687
4.962128
5.018065
4.233953
6.884848
4.775981
-0.3916465
4.132703
4.43554
5.880259
0.4773085
6.537535
-0.1345686
4.867224
4.521345
5.380304
4.766922
-0.195736
5.035774
-0.5203257
0.7437307
0.2731895
0.5954166
-0.2450706
5.559576
0.4049101
6.282798
3.621845
-1.009951
6.902944
0.633212
3.922916
4.92669
5.838228
3.917706
5.827687
0.9833172
-0.01847036
1.007839
-0.4364472
5.070823
5.424569
5.263772
5.979695
5.276951
-0.5127895
6.047657
3.988515
-0.500581
-0.6986518
6.040461
5.015513
3.619299
3.784415
5.633705
7.982045
-0.5615014
4.633615
2.815301
0.5876174
6.528423
6.834446
6.87201
0.4533757
6.09959
-1.600924
5.661654
-0.6795851
5.488699
0.6331168
5.483915
4.184352
-0.210093
3.489871
3.590882
7.747926
2.542024
3.685434
4.385698
5.925946
4.473662
6.712182
-0.5966749
5.119595
-0.5594313
5.502834
6.100298
4.891523
1.308336
-1.073296
0.02074645
5.942078
6.327358
5.34331
4.929996
3.2162
5.282986
5.00304
5.702785
4.413227
0.2237779
-1.576746
5.154429
-0.3584228
3.77316
-1.358195
0.9489338
-0.03826138
5.783299
4.280835
5.019689
0.349586
6.690239
5.915427
4.598103
3.324535
12.32155
1.29676
1.00081
3.350203
0.2850222
1.167035
5.504122
-0.1793866
3.307445
5.555719
6.129694
3.826636
-0.9419646
0.2886911
5.042392
5.743943
-1.574953
3.293897
8.838376
2.232553
0.4188437
-0.2029229
0.7631977
2.272752
-0.5516542
4.960253
-0.9869968
6.404309
5.600495
5.783314
2.221582
7.295596
-1.685106
6.521652
3.678182
4.365184
6.597151
5.000702
1.026499
-1.046628
4.654447
5.217955
4.037338
0.6337976
4.249582
1.410705
5.043768
-1.670493
5.308133
8.15811
3.311699
0.4730772
4.020743
0.4651652
1.190688
2.504997
1.681669
1.360637
0.4740747
5.413282
-0.8016126
5.95427
3.56584
0.4536271
4.550007
6.271138
3.1166
-0.803146
5.008798
5.90085
4.174182
3.600261
-0.7016738
-0.1681182
-2.122033
0.2464029
-0.2372229
2.032382
0.9629787
4.415943
1.806847
0.3413272
7.435434
0.5705957
1.196241
4.763702
5.426759
9.960003e-05
-0.1524843
4.817497
9.823683
-1.322161
