0.9053918
4.46921
-0.8715912
5.619398
3.850156
3.722581
1.900098
4.723674
-1.263752
9.668447
7.067233
0.8237282
5.81799
3.355683
5.424572
4.086875
4.635575
-0.2255216
6.161791
4.110373
4.534055
6.577291
4.65634
5.739955
3.24207
6.360871
4.745428
4.68768
6.064141
3.469858
0.1977026
2.650457
6.109475
4.001631
5.402517
5.712833
3.99664
5.15441
5.466311
-0.6108413
3.073543
5.610231
1.340677
-0.807607
6.252475
0.6680857
1.834332
0.1813015
3.90682
4.774617
4.673522
4.514912
4.188121
2.714978
4.477008
0.89187
-0.2845535
7.212634
-0.01737062
6.052681
5.025419
4.563558
5.244668
4.574964
0.0322236
3.022094
4.404802
3.598646
0.3700514
5.458778
5.572884
5.517829
4.57955
0.4916272
1.559911
5.224662
5.611534
3.726128
1.150202
4.59463
0.1652391
2.818614
-0.6252514
4.76264
6.372051
0.4137901
5.596862
4.23159
-1.063223
-0.05461951
-0.1635229
4.921495
-0.6454267
1.664168
-1.113953
5.023722
5.548191
6.390894
5.67649
4.792041
5.517737
4.392155
2.393653
4.248013
0.8170153
6.431588
0.8620571
0.9595615
3.132399
5.069038
6.289285
-0.4173424
3.696441
2.446602
-1.062967
4.747352
-0.004611777
2.45609
6.219111
5.022145
4.779221
-1.150208
4.410847
4.978542
-1.754069
0.3314094
3.87915
8.522686
1.385933
-1.218941
1.229312
4.828658
5.111645
3.823691
-1.766621
-0.7384964
-1.026767
5.376403
-1.207141
4.020976
-1.323798
4.629716
5.235627
-0.7641736
1.212177
3.617204
6.086271
9.53012
5.689567
5.623468
2.508659
4.197982
4.73129
4.789108
5.801498
2.556954
5.571944
6.041871
3.828429
4.267114
1.930884
1.837568
9.985466
0.3839886
1.823213
-2.270677
5.768966
-0.5168993
5.178655
-0.5556033
-0.1846849
2.926553
6.845329
5.442649
4.940558
4.557112
4.510903
-1.507899
0.2673489
1.976417
3.542386
0.294288
6.015931
5.828422
5.538684
0.7742579
7.240861
0.1406245
0.788286
0.2432677
0.07729134
1.149046
-0.9225489
1.492199
0.3082847
5.012837
-1.62428
0.8484464
2.869351
4.482568
2.46107
0.5265588
0.3049809
11.15551
6.417119
4.658137
3.536021
6.189746
6.267955
6.659368
0.018379
4.969512
4.550751
-0.90196
-0.6452011
2.985275
6.622932
0.4898712
-0.03097057
5.602939
-1.807619
7.205281
4.904168
5.194341
4.322
-0.6033969
-0.8405151
4.501117
0.5260336
-0.05408484
-0.8752574
6.0564
-0.304167
6.587203
3.147004
-0.2528533
5.791465
3.691231
3.636963
1.132283
-1.046607
4.929982
4.290573
5.389194
-0.4798665
-0.1684338
4.607085
3.557673
4.408379
5.615902
0.2287273
4.615071
4.668879
0.8386137
4.991964
5.475987
4.831916
0.07948877
5.478274
2.103679
-0.9396045
5.836334
3.597205
1.469892
0.38461
3.592576
4.972262
0.9856268
6.311947
-0.002057407
0.8277453
-0.4985895
0.815643
6.204625
5.701816
0.8060174
0.3132709
2.321676
7.621542
8.072446
3.821795
2.521749
-0.5238256
6.135775
4.379935
3.336105
6.756525
-0.9830823
-1.266602
6.874969
6.439836
0.8938882
4.928587
1.050502
-1.131715
6.616211
0.1640901
4.935481
0.887062
-0.5876134
-1.123894
5.599592
5.344658
3.930111
-0.2718159
-1.226285
4.391175
-1.442241
4.921772
3.185784
-1.976725
0.7766574
0.5845834
-1.870154
5.098922
3.858713
-0.6269926
-0.560457
5.130147
-0.04003735
3.225
1.099029
0.890049
0.9961819
5.840561
-0.2500191
3.767965
-1.423054
5.486298
4.819394
0.2746292
0.8445425
0.8042297
4.234622
-0.02676765
4.446928
1.172877
4.130062
5.126433
5.379014
1.014165
5.372191
1.152404
4.154494
5.989238
4.488856
4.626053
5.605287
6.172661
4.504367
-1.741607
4.178536
2.894738
6.563781
4.88176
0.5916057
5.361184
3.949378
0.5697959
1.645327
0.5066473
-0.6902428
6.453707
-1.21093
5.405769
5.881759
0.7257002
5.972143
5.55855
4.118094
4.847684
4.954578
5.313877
-0.3121017
3.479939
4.342997
4.443514
5.329873
-0.4937521
5.580109
7.292569
4.387898
4.971575
0.1632051
4.045442
5.071931
0.1366185
4.104855
5.658876
6.460551
4.657014
0.2097264
4.323174
0.4445051
0.1997278
0.7874594
-0.02229498
6.225863
0.4863113
4.664116
0.4075663
1.069146
4.849639
1.016518
1.667691
0.9438667
3.326957
3.934493
4.692415
4.847526
0.3251059
6.097244
-0.2829073
-0.7479884
4.633183
7.44732
1.131866
3.454002
6.073822
5.304637
6.02444
5.488252
4.108087
4.34827
0.3727943
2.188736
5.340717
6.334234
6.775835
1.969502
-0.6384299
4.886549
-0.01389801
0.07063101
5.849511
1.683216
0.2169861
5.053938
6.041317
4.837966
6.257989
0.9666817
-0.07434494
5.179609
5.125849
4.761336
2.233539
4.912946
6.367687
5.096842
5.27058
0.8170802
5.391021
4.980291
-2.458581
-0.01862571
4.512965
4.840988
5.135476
5.516092
-0.7322445
10.5439
5.302612
5.002341
0.2602496
2.039092
-0.4834752
0.3428608
3.559025
6.398207
4.49009
2.392172
1.260787
4.246449
5.037554
5.208162
0.1285963
4.414761
-1.381132
4.702304
5.156761
7.40052
6.12939
4.495345
4.195173
4.231409
-0.1232003
4.258958
4.590659
5.949317
7.32473
4.909344
6.085538
5.519447
0.3809765
4.192425
0.3685133
5.331996
0.8173077
4.528506
