5.959828
5.855011
-0.6534203
1.412332
1.570926
6.450397
5.396309
2.044938
-0.586925
6.227564
0.04423411
-1.160349
-0.3859323
5.360013
5.78067
5.614665
3.73965
3.997944
9.19455
5.416073
-0.3097983
4.937995
5.29986
-0.846864
5.341128
-2.410321
1.316303
5.635949
0.3113285
-0.01418023
5.257672
-0.8033668
6.083525
0.5761557
5.174886
7.608567
4.00578
5.279011
7.099512
0.496163
4.518638
5.994028
0.9483281
3.390464
5.794996
6.459248
4.706228
4.43308
4.296454
-2.10925
-0.2052539
-0.5485866
3.457503
0.1952953
-0.07264568
-0.8606871
0.8956803
0.6808181
5.029079
-1.170298
4.619469
5.533167
6.65537
-0.2166729
0.4578708
5.394858
5.301124
4.41763
0.7640445
-0.9528688
3.804072
6.685899
4.5454
3.921986
0.1445595
5.950164
4.020665
5.35656
6.186093
4.017436
4.662669
5.448871
12.00348
4.297839
5.366132
3.532637
5.868886
5.43969
-0.01223569
6.131822
5.393612
5.157186
4.912469
6.802497
0.1256566
1.145196
4.355083
3.740462
-0.7549808
4.69678
5.955961
4.439329
6.078839
5.892806
4.445657
-1.240211
-0.3370091
6.07288
-0.2009474
3.315107
3.523787
7.022794
4.373326
8.791591
4.630166
6.680948
0.7706751
1.0465
-0.6760475
3.162378
5.542095
5.459583
4.777088
6.463857
-0.6672924
7.439207
6.318129
5.011684
0.07176803
0.233522
4.656825
5.151424
4.466937
0.7912997
4.528127
-0.04468722
0.9313506
4.471621
0.07029668
4.533323
4.599709
6.17093
4.475416
4.168399
4.538437
6.371541
5.31429
4.826617
4.58195
4.934303
4.132668
2.623092
4.050494
4.341176
5.920787
0.3346989
5.869951
5.777589
0.298437
-0.3579703
1.072877
4.496795
1.067995
-1.156146
0.1814007
3.814917
7.742791
5.641869
0.8513546
1.560904
5.032979
12.1542
8.633895
3.789075
4.757013
4.25492
-0.7032562
2.601067
4.681111
5.546426
5.9829
-0.1962023
4.371397
5.364756
1.685661
0.1492153
-2.80212
4.017257
-0.4970944
-2.021821
0.2372171
4.834948
5.658052
-0.6862334
4.164852
5.561838
4.921583
5.20364
0.265142
3.740381
4.531776
-0.7282795
5.116894
-0.03383536
4.567822
3.892624
4.128145
4.785675
7.356498
5.822569
1.386862
0.1285436
-1.612495
7.403214
-0.2672379
7.825771
-0.3160354
3.177708
5.654013
0.9069251
-0.6933656
-0.2212832
-0.9333119
1.300492
6.091477
0.008758222
5.811856
4.501458
0.5329675
6.220767
2.231706
4.753192
4.59902
-1.750436
5.411321
-1.113698
4.644918
-0.6476318
5.765424
6.088069
5.054259
6.119221
3.493859
1.724538
6.567286
6.047439
0.9232686
7.199124
5.269609
-2.39662
