6.767308
-1.213504
-1.003509
-1.286107
0.9128355
-0.105954
5.803204
4.855204
0.758956
-0.4020741
2.236112
0.6649169
3.737186
5.799712
0.3784762
-0.4826579
3.157311
5.051789
3.869797
7.78769
5.89871
1.347621
-1.114028
6.192523
-1.428641
4.743102
8.149761
5.833634
-1.400568
5.80424
5.625736
5.59578
5.48963
-0.2235426
5.671792
-0.7035687
1.375747
0.07588399
6.549153
0.1258741
4.780155
8.771241
-1.329717
5.771163
4.180035
3.178341
-1.297492
5.699373
0.4245796
6.306498
4.055369
1.740363
-0.7513029
0.39536
0.1864686
4.414296
0.5859246
8.825662
5.334059
4.344376
4.789472
1.190742
3.600712
4.652563
0.4906195
-1.662773
2.813168
-0.6995391
6.037308
5.819227
3.720114
-0.4036001
3.514105
4.123959
6.556138
5.832407
6.198231
0.6217744
4.964317
-0.2436931
-0.5304815
-0.5598864
5.719138
0.7684918
-0.5115648
6.138972
4.850834
0.1243604
5.34322
4.419506
1.092775
4.771418
1.59969
8.160542
-0.8358684
1.570887
4.450061
5.194643
4.775014
5.52659
-0.3373426
5.742555
5.488231
4.674653
-1.874944
8.416517
4.813913
3.953847
5.367761
5.696014
-1.309178
6.240102
0.669241
4.551605
4.002867
5.653831
0.09103025
3.752739
4.041749
7.189736
4.875436
4.420321
1.382729
0.2670863
-0.499332
0.6870102
0.9719998
6.068055
3.628646
1.388424
6.703114
4.462941
4.594819
5.023506
0.4835251
1.391706
6.279598
-0.2273792
0.2398079
6.405209
5.322778
5.64074
5.320917
4.927003
0.4926477
4.943987
0.6023112
0.1762435
0.1944743
5.178323
0.8572399
4.994677
3.501619
3.949494
2.0114
6.789183
0.3726973
-0.8980406
5.696385
4.281844
6.130278
5.074789
5.233566
4.849754
0.1288835
0.2972407
5.239456
5.222828
7.255311
6.35049
5.777442
-1.106222
3.100139
5.334101
0.05279841
-0.8097873
6.878255
6.689182
4.430398
0.4984452
0.4457802
6.459837
1.377346
5.694569
-1.369691
5.47299
4.144658
6.457373
4.818182
-1.030533
4.030215
1.046759
4.052121
0.164123
4.507919
-0.4677727
-0.2835688
0.2021204
-0.8730599
-0.6998506
6.022056
4.321768
0.2990242
5.769661
5.45485
3.822624
6.573888
1.235964
4.616203
-0.9039952
5.450697
4.40981
0.272956
0.9836491
6.336049
5.158938
2.591227
4.883913
4.872893
1.87241
-1.157584
-0.5857337
7.271262
5.135942
-0.9469695
-1.219824
0.7377183
4.189563
-0.6359885
0.2672927
-1.088098
3.540802
4.898658
0.7464319
0.2300429
4.200037
3.732724
4.580237
0.1490934
-0.4868637
4.635743
-1.126859
5.845889
4.430268
5.521712
-1.380471
5.878251
-0.141319
3.521025
4.360204
