1.081452
4.910401
5.412129
0.1407512
0.5977323
5.098136
4.56917
3.941128
-2.203387
1.195418
1.770838
5.560078
6.837453
1.427347
5.058458
-2.172749
4.589482
5.557086
-0.3703963
4.776911
-0.006657479
1.050811
7.909467
6.12208
4.100362
1.677224
5.233597
4.247185
5.247999
5.695636
4.919277
3.097057
2.071481
5.73061
-0.7100089
2.519228
6.879507
4.488594
6.36872
4.643541
6.349306
-0.9856799
0.2429036
9.565749
6.797254
5.902326
-0.2700901
3.867992
0.4313209
1.081576
-1.218488
3.563935
-0.06278833
6.270264
6.239752
0.02339823
0.1772316
6.195456
1.085323
6.693459
-1.761278
8.458277
5.515229
-0.4605546
5.94575
0.08128825
2.388137
-1.063628
4.879117
-1.043445
6.207613
-0.2202686
5.776157
1.147822
4.971552
4.54209
3.918027
3.066501
5.020578
-1.374759
5.970566
2.275797
-0.8473386
4.102042
7.126211
3.998067
5.190571
4.883793
-0.2956734
3.218565
0.4514843
4.14311
1.876031
5.437805
5.124414
5.291332
7.144344
6.042935
3.577614
3.91807
5.830616
-0.2767415
2.836235
6.533345
5.255545
4.084057
2.569129
4.977013
6.183512
0.8176483
0.06337366
3.27752
4.886304
0.7111186
1.28115
5.351713
0.3219184
-0.6831734
4.719471
5.747959
0.4463564
4.433857
0.4346785
4.307945
-0.6969996
0.7040554
3.825827
5.855901
4.021578
4.172687
6.634561
9.24141
4.41138
4.035761
4.156908
5.982595
11.40127
3.644803
4.574138
1.057098
4.738464
4.6689
-1.093232
0.8536959
-1.064757
5.00192
0.01764616
-0.3141668
0.2317556
4.280786
0.6554087
-1.262105
1.281042
3.962334
-0.1433145
-0.4757511
4.817356
0.8406936
0.9522628
4.758331
4.21459
-0.1677179
4.119875
3.776176
0.7693021
5.917103
6.216135
1.037161
5.523844
1.031093
0.4031794
-1.311845
3.353382
1.225085
4.957473
5.324452
0.578797
5.501597
4.742171
-1.318618
-1.535729
0.9722992
4.207414
-0.4188502
5.550877
-1.53491
4.776863
7.993101
4.402538
-1.114152
4.210869
-0.1396555
5.514592
4.828692
-0.1370417
-0.3087584
5.215652
-0.7963006
5.067282
0.6453466
5.659047
0.5238991
4.706895
4.935571
0.4172844
4.805957
0.6761932
4.65554
1.934939
-0.08438097
7.381294
1.912836
0.29351
4.777724
0.8336465
1.319836
5.564532
4.503995
7.044141
4.840673
4.491693
0.2937901
5.778586
5.607923
5.22129
4.724288
5.513582
0.2416401
-0.0464145
8.371596
2.230029
6.795909
6.70557
0.5165878
5.946181
2.983724
4.174378
5.439889
4.822954
-1.433674
-0.7074242
5.556742
-0.4400108
1.605949
0.1817347
6.414561
0.6513424
1.07465
3.936229
4.486774
0.08704265
0.282339
1.020778
-0.02907181
3.649319
5.82168
4.969582
-0.4858195
0.05318613
6.482891
4.168341
1.193972
-0.9722199
0.2023071
5.937952
-1.175145
4.776729
-0.557495
-0.1857645
5.477653
4.603095
-0.4874771
5.563625
2.323019
5.740589
-1.006841
5.003259
6.951121
5.404615
2.412195
4.450765
4.516036
4.932855
3.277549
5.667821
4.439777
-0.4294713
0.4863837
-0.7643773
-1.166081
-0.237476
3.608472
3.280433
-0.6764227
7.288914
3.732335
-0.1762939
4.873273
-1.566275
5.230188
3.51326
0.8411161
-0.1480729
5.921926
0.06063101
3.067361
5.048591
5.678035
3.689533
4.81882
4.928839
4.080562
4.138604
4.249283
0.1037575
0.704852
-0.1503474
-0.5536258
8.951007
-0.1290532
-1.086668
5.71885
-1.281582
-1.180095
3.882758
6.339158
9.101001
6.006938
3.451022
-1.511134
5.713752
4.17526
5.949944
0.2906828
6.115247
0.8241115
6.069197
-0.8260286
4.113636
3.78613
-0.3084112
6.2464
5.425053
5.494096
0.5448131
1.576986
6.287809
7.213083
0.9616579
4.222679
0.6682489
5.091466
1.862756
4.137335
0.5619752
0.5200392
4.147484
4.192007
3.725197
4.943952
5.045998
5.230875
2.723755
-0.3199884
2.656664
7.616525
0.2116091
5.338213
0.2366193
5.210748
5.764158
6.198636
0.3794161
5.068234
0.1170538
-0.01188149
5.858246
5.165475
-2.074326
4.833469
4.954801
6.32238
5.272502
0.8413434
4.856849
6.005697
6.873792
4.909833
6.219344
4.969265
-0.0958217
5.744905
4.722111
5.258131
3.148348
5.789731
5.024409
0.6857537
5.982236
3.984438
4.499513
-1.316897
6.901962
0.9868461
6.679449
7.263375
5.317089
4.103149
7.566113
-0.36349
2.043098
4.95649
-1.194952
4.363066
-1.217545
-2.05596
5.797549
1.422966
-0.1433465
7.482609
4.204679
-0.2312523
3.54093
5.230204
5.064858
0.4489708
6.611429
3.759188
4.852979
4.417657
4.933686
-0.3395904
-0.3926542
5.028439
3.738558
3.251459
3.872954
0.3981973
4.889561
6.028144
0.0549833
2.310948
1.442294
-0.08723907
5.430573
5.063291
1.318218
4.192742
3.06427
-0.4502971
4.16301
3.831253
6.018853
3.015461
5.327487
5.143503
0.9259
0.9346351
5.997379
-0.4703922
0.3051028
4.90749
5.804661
5.751759
6.175257
5.978131
-1.034131
3.852404
5.739771
3.01177
5.377
1.011144
8.716077
-1.430983
-1.135254
3.211981
-0.7385616
2.042435
0.716641
-0.4240044
0.08111731
0.8982413
4.293535
8.523841
5.581008
6.112364
4.345537
4.346164
0.4071908
5.617664
4.511813
5.96398
-1.939522
2.796805
1.198487
-0.5573381
-0.7464365
-0.1333029
2.833831
0.4221316
