5.557998
3.582363
-1.767469
0.9678389
3.518079
6.473947
2.372381
7.494229
3.267546
1.097
5.383254
4.612947
5.365887
4.231738
5.520805
-1.339324
3.955277
4.185546
-0.2765242
4.58763
0.1466311
-0.603249
4.658713
4.468047
-1.052428
1.918008
-0.6546646
4.557691
5.171982
5.41025
4.882899
-1.056688
6.716438
3.641268
6.795011
0.005950301
-0.5690024
-0.5938144
-0.300798
4.756956
6.109038
4.896085
3.245646
0.7062264
5.692199
-0.7912315
-0.3625296
4.542654
4.244045
-1.205197
2.304949
0.1309681
4.783945
0.1552888
1.094909
-0.7679874
5.608363
1.390094
3.893502
5.368455
4.882773
0.745304
5.348692
0.9598494
6.546964
6.957224
-0.2367458
2.546369
5.461589
6.982728
5.291694
5.436059
-1.103125
5.82318
4.614963
4.295412
3.941963
6.214652
3.166762
4.460282
4.23063
4.38239
5.703891
0.3418967
-1.125184
5.85222
-0.2433559
7.27577
4.050172
5.490751
7.863278
5.126321
4.339457
5.020076
5.529421
3.13481
5.180498
5.218513
-0.4150983
5.576281
0.5445277
1.387671
5.040002
-1.745415
-0.130674
0.01945879
-0.9996816
4.060178
3.698633
-0.9161174
0.3955492
5.152865
0.0168018
3.529121
0.6674074
4.911108
3.700406
4.730105
-0.003425272
5.283657
5.362708
6.252454
3.588725
-0.7272028
0.9763507
6.553258
1.487439
5.087718
6.664747
0.09901439
0.1431466
0.9096259
-0.4118911
1.521555
4.278705
3.115195
1.106419
4.543046
0.3268389
-0.7369488
-0.2402814
5.696867
4.647584
4.550468
0.2494365
5.165774
0.5101422
-0.5534378
-1.041874
-0.9870811
5.285974
-1.487146
-0.8686458
3.599907
-0.02343093
0.6565973
8.245857
4.471067
4.713975
-1.261457
5.710796
4.591668
6.374862
3.676358
2.052984
-0.5315838
5.832161
5.899122
0.8602077
5.004536
1.630964
3.599665
-0.4907084
1.519991
6.164775
4.940839
-0.3020164
3.876541
6.086156
2.420564
0.5345231
-1.205236
-0.1261179
5.062879
-0.7550794
-0.2545868
-1.007977
2.933923
-0.7413562
1.309313
-0.2361128
2.258307
3.739571
5.720003
5.133703
4.599997
3.991166
-0.5009898
1.406233
0.4949976
3.686393
4.25653
-1.687528
-1.386683
4.293844
4.012648
4.05192
5.295133
4.871575
-0.6835322
5.309282
3.485552
-0.01117584
0.09088947
4.801241
0.5075128
6.44191
-0.6944002
0.8175186
-1.655279
0.3210135
2.702402
8.136267
-1.84322
5.218535
4.187219
3.971873
-0.1376188
-0.268403
5.11408
-0.5973693
4.352399
-1.360088
-2.278006
4.330171
4.981931
5.794444
5.706339
-0.1112691
2.258406
5.96854
-0.7204371
5.887115
-0.7847583
5.419694
5.813893
-0.1677758
1.870207
5.158184
6.138647
6.739431
0.5863188
-2.375809
3.921429
5.178692
-0.1457535
6.547959
4.078827
-0.710079
6.074388
5.399335
5.728863
-1.702622
-0.1398316
6.146368
3.604907
0.624643
4.994341
3.967722
5.680449
5.666895
-0.2241759
0.464087
5.694027
5.824845
5.167326
4.497639
4.819782
9.214112
-0.9819389
5.19972
1.549952
-0.4432305
3.966436
6.699043
4.343513
5.510812
4.400744
4.391791
4.512102
-1.875271
5.965317
4.832311
6.096908
0.4954081
3.069673
6.100776
5.323194
3.527027
-0.2611917
0.1412441
0.9693433
4.439791
5.228315
3.534194
-2.072535
5.765831
5.828414
7.916718
5.674084
5.840921
8.44561
5.478496
-0.6357103
10.16883
-0.2871811
1.341991
0.596077
4.846992
-1.735186
4.477977
5.110759
7.215562
0.2329529
3.613484
6.193117
5.030781
0.4850756
4.479591
5.889781
5.823379
6.2576
-0.06288287
5.120905
4.374887
5.887383
5.450499
0.08512555
0.8630981
6.400549
5.282583
5.857868
5.492495
-1.530108
-0.2639459
5.608794
4.516952
0.3392015
5.687471
0.2954533
4.669416
5.027268
-2.339962
-0.5122631
-1.655834
1.014203
0.6966516
3.91794
5.64532
5.945674
2.791251
4.858772
0.1633154
-1.731857
4.946192
2.711287
6.181741
6.310427
-0.3472717
5.499954
3.444389
5.20533
-0.1353285
4.986747
0.3260213
-0.04479236
-0.3223304
3.742213
2.908677
4.535387
3.114457
6.606255
5.835594
0.5064595
-0.7096679
4.672674
6.855131
5.495056
-1.082386
0.4274381
6.107053
-2.062651
1.524364
1.787285
5.944473
5.431262
5.695007
6.200004
1.989058
6.391184
1.720227
4.589136
6.055747
4.853164
0.3485615
-0.09200523
0.3850491
5.651827
4.203722
1.132759
5.973327
-0.7985951
-1.417549
5.548471
-0.303174
5.119197
8.847657
4.384271
5.012716
3.831908
6.170321
4.120167
5.953621
-1.027525
-0.9364688
4.23984
4.823391
0.165908
3.928598
1.991385
0.3577982
5.299872
3.361088
7.267992
5.067112
0.306747
1.605261
-1.65412
4.178632
5.155528
0.05507747
5.813553
1.146386
6.653811
-0.1041336
-1.633467
5.612956
5.006709
2.398694
6.076826
0.07405516
5.056086
1.143573
4.890286
-0.319225
0.6930324
0.1808453
1.942351
5.764398
0.5226566
-0.1256939
5.847019
1.162204
5.095855
7.153401
3.144682
4.489981
1.194286
3.715694
4.540736
0.9135945
4.838356
-1.737253
4.9037
1.392096
3.428829
-1.021693
4.123617
6.635708
-0.2584624
5.02308
0.4541215
2.372656
4.549759
4.379278
3.604984
-0.182633
1.318138
1.01174
3.080081
-1.819052
-1.223845
4.985825
5.235114
4.190156
0.498477
3.26728
5.055454
3.94847
4.643263
