-1.130097
4.435339
5.30829
1.125867
-1.544321
-0.1825253
-0.2324861
5.20794
6.065684
1.623819
-1.575517
9.160361
5.413596
0.7679142
-1.665099
1.876494
5.106669
-0.08804945
1.16006
3.730552
7.082801
0.9113444
0.9576736
0.4714577
7.071821
5.170519
4.584791
-0.9975958
-0.6029729
6.146081
5.035521
0.3386448
1.644939
5.890704
5.552674
1.701929
4.810382
5.892843
-0.7366236
3.070089
0.8453249
4.525331
5.638496
-0.5078874
1.899518
1.831918
-1.048808
-0.6288786
4.920156
5.386878
0.006599974
-0.2853928
0.3658713
1.278125
0.8071708
6.886296
5.255592
-0.04939749
5.201764
-0.1306782
5.965276
7.031112
9.99536
5.576482
-0.7285226
7.087069
1.019205
4.857618
0.02737222
-1.261483
4.630996
4.281235
2.877652
6.166431
5.236429
-0.857109
5.162375
3.590031
4.883144
5.744359
0.7117115
6.747197
5.96068
5.297833
0.4761728
1.351982
-0.6255564
-0.5527953
-0.4384782
3.899699
5.06974
0.3106441
6.352001
1.237494
-1.421746
-0.6515798
4.599447
5.248085
3.86538
8.67786
3.211014
5.286776
-1.146861
-0.510785
5.896725
-0.2886065
5.178828
-0.6979046
6.366113
4.800331
0.9905013
5.272672
0.2482311
5.70601
3.400451
0.05654501
1.988241
5.017934
5.587011
4.204005
4.16693
-0.03905633
3.869539
4.642629
3.832434
-0.3697146
6.005151
4.280381
5.03696
5.031631
5.219779
5.120831
5.27492
5.107222
0.8356196
0.86909
-1.748314
4.463497
1.386386
0.6590544
5.934758
1.019775
5.243093
4.813289
-0.2700148
0.06596724
0.09778115
4.519806
-0.6644066
5.247822
6.698235
4.792561
0.7602635
0.770695
6.482053
-0.65835
5.394719
6.809419
4.964411
6.86158
-0.5978286
6.081081
4.424678
7.315598
5.626991
4.098735
2.981978
1.767739
4.695905
7.539723
5.231103
6.302229
-0.7831602
6.034741
5.424546
4.499888
4.70538
4.300576
0.07742718
5.30411
1.20888
3.199784
2.421495
6.100816
-0.3946437
0.3200204
-1.379078
4.482533
4.689536
5.800075
4.888834
2.194305
-0.8300982
6.028251
4.078447
4.746868
-0.1682906
5.530991
4.965185
3.123901
5.137848
1.01629
4.766677
1.54509
6.207953
4.168108
1.849458
0.1326848
-0.3947978
-1.524972
0.3608391
7.539942
5.360783
5.790974
4.113578
-1.947485
4.893967
-0.6840752
5.556232
-0.3933235
2.844462
-0.5363336
1.365617
4.980549
4.450167
5.867088
0.3215305
6.907706
5.62824
4.768932
3.401207
0.6863456
4.236772
1.670842
-0.1861154
3.817624
4.145315
-0.8510667
0.2023243
0.5263514
0.07032311
7.079611
-1.107471
0.4659652
5.576732
-2.50999
-0.0524584
0.9304753
-2.150231
5.520664
