5.528615
6.971317
5.447592
3.390288
5.465528
4.63985
6.713185
4.84762
5.37483
1.089551
0.9889325
-1.445512
1.015633
4.40878
3.107154
-0.4114074
-0.7639735
0.9273051
2.174691
2.860307
4.695442
1.364652
1.232196
1.207132
5.062276
3.569784
-0.6452619
3.642657
5.772007
2.993812
3.746876
5.893834
4.319544
7.428794
1.339337
-1.575563
4.560518
-0.4026483
0.05836959
0.3237763
6.126795
0.5309279
3.577915
4.480114
4.567264
5.966911
5.150592
6.338739
-0.1237745
3.80355
1.08466
4.758596
5.894992
6.287329
0.806789
5.258244
-0.3831755
-1.263875
9.518175
0.2669129
4.616789
5.5345
4.702981
6.670168
4.525918
-0.8299497
4.293499
3.698796
4.323868
1.037969
-1.722371
4.796109
-0.1778973
6.360108
3.96618
-0.6964126
-1.038909
0.94157
6.965882
3.781046
5.592019
-0.8367667
0.4128929
3.859422
5.893457
4.217744
1.627958
6.492809
1.76493
-2.187873
5.975138
5.247727
5.961482
6.559475
4.663756
6.334799
2.868147
5.32113
-1.316723
3.768738
4.735217
4.268805
-0.7204098
5.169303
4.598079
-0.3846054
-0.5166593
-0.2356366
2.787442
4.729412
5.794762
-1.149512
5.043963
0.8903706
4.808917
4.117828
-1.298888
-0.7786559
1.523033
6.77262
-1.332595
-0.5808241
5.79735
0.7880114
-0.2166127
0.1835081
3.989293
1.037247
0.1971188
-1.272257
-0.4337042
3.691387
3.665285
3.990775
3.334616
0.2769585
5.014697
0.7288442
5.054245
8.180441
5.753461
2.404483
5.737579
0.3256901
4.397085
1.971859
-0.3444009
-0.1129279
3.619187
-0.1161379
5.907237
6.197912
2.757726
-0.6396933
3.581288
4.724202
-2.358722
-0.4436205
3.657878
5.221059
1.032758
8.240293
4.703793
0.1298734
6.664653
0.01154884
6.714691
-0.3877706
5.919416
0.03874049
6.966637
5.851986
4.036011
-0.381655
1.32741
1.621683
4.751339
-0.1759374
4.527321
4.270285
6.386604
-0.360394
6.6343
6.260656
-0.1196656
6.525009
4.844909
4.117798
0.9030231
5.205744
3.68093
-0.8480938
5.914733
5.771217
-0.1581761
6.618749
4.598725
-1.047912
0.7008315
-0.8857088
-0.8862683
3.69409
4.804864
4.664437
4.148102
1.364659
-0.4895734
5.739154
4.065407
6.92077
-0.3106984
6.23757
5.424958
5.124117
4.40784
5.672732
6.845827
4.861939
0.04450288
5.230662
-0.2168922
0.4608248
5.36795
6.190236
4.987497
5.639837
0.7154872
3.820141
0.3682436
1.457482
5.44313
3.637454
0.7641183
4.698324
0.00788904
4.51337
4.108337
4.789808
0.9881734
7.215263
-1.070037
5.281677
5.785618
3.673524
0.6352749
4.424815
0.6056724
-0.4438553
7.754178
-0.180255
5.431188
0.4345809
4.055682
-1.257295
5.924078
0.2732483
0.6995385
5.494334
2.906372
0.8080119
5.739485
-0.6929182
5.229105
-1.038834
5.614648
1.347274
4.773715
0.3559711
-1.336809
0.7316104
2.006182
5.105775
4.406459
5.751486
0.3559143
6.743436
1.593201
5.394059
-2.489881
0.7026825
5.22328
1.745545
-1.905642
-0.1504653
1.370734
5.651418
4.752758
5.479689
-3.732264
0.6573582
3.956308
3.885698
0.3600622
3.45167
1.057781
5.210093
0.6319822
0.849731
3.540756
5.038971
-0.2718437
4.787845
-1.549832
-0.02609498
1.056322
5.791356
13.48482
7.083652
4.979183
1.563609
4.925668
6.391568
2.750072
-0.9181095
-0.5787979
0.2295591
5.478227
4.790459
4.469764
4.016694
5.91302
-1.363433
7.829649
-0.7177857
-0.01717825
3.775798
5.652495
3.711286
5.540042
0.494408
0.2965252
4.085155
5.651156
2.877343
2.040073
-1.334654
5.863164
-0.0450856
-2.728389
0.269453
4.950609
5.944245
4.248959
-1.24849
1.097897
2.89586
0.9855134
0.09855132
-1.472941
4.384166
4.292489
-0.7114914
5.827381
3.457039
5.332524
5.988125
5.330185
0.7963742
5.550376
-0.5890923
7.464605
1.247234
5.650785
3.515596
-0.7574648
6.607808
4.186846
6.690283
5.586892
5.699181
-0.5814283
2.004361
-0.999951
0.1740358
0.4155508
7.35078
5.416202
3.335427
-0.03533579
4.839321
0.07847945
0.8199371
0.5219437
4.621795
0.5798454
-1.154261
0.05949504
6.96783
0.6991288
3.084718
-0.1410774
1.850355
-0.8563196
1.058119
0.4895818
0.4866723
3.798027
3.852971
3.25187
6.217947
0.539307
4.492109
1.910992
6.037731
4.794681
4.530197
5.519382
-1.138985
4.096797
0.6142129
3.91348
4.007286
3.53491
4.170951
5.764207
-0.5949747
1.689697
4.824174
-0.2948276
-1.021819
-0.4175911
6.389997
5.818232
0.7745349
5.959509
0.5024456
0.2336452
3.79172
5.867693
4.707039
5.465637
5.537487
1.742221
-0.2440658
3.094179
-1.125417
0.09472022
0.4277891
4.116985
-0.5913251
10.23464
4.55811
4.997243
-0.02496444
3.752506
6.008677
3.803791
5.807199
-0.6404432
0.3231574
0.70787
-0.1430156
0.03311635
-0.01512374
6.36596
0.3464664
5.817756
-0.2655907
4.943136
1.333701
2.949022
-0.1471048
-1.001002
2.860331
1.869064
-0.8012838
0.5273391
5.88175
1.343766
0.9449268
6.674553
9.162635
5.482828
4.955211
-1.768531
1.434893
5.298787
8.311309
5.618501
4.312309
4.387421
-1.072237
-0.4153504
5.43769
-0.4870872
-0.8937671
5.56107
4.027381
5.009563
3.814959
5.833872
7.94227
5.095379
6.448497
0.3209731
0.02863547
4.828088
3.528671
-0.7268822
4.649466
6.55297
0.978779
3.927915
0.7922805
10.08089
3.748386
2.692301
2.498596
5.637366
4.234014
5.060933
-0.2508912
-1.211083
5.309616
6.621108
-0.6616487
5.651486
5.505097
-0.3655013
4.484417
7.360589
5.990886
4.469646
4.982386
3.787194
6.454249
3.531584
0.0669354
4.744515
0.3666632
0.6159061
4.805388
0.3602431
5.012987
4.529598
0.8996525
6.216859
4.571472
4.895953
5.636913
-0.2535316
3.756044
-0.341438
0.5877202
-0.07056835
1.098734
6.258792
3.598879
-0.4799
-0.5176046
5.641363
0.5066998
3.049845
3.330991
0.494449
3.88487
-0.7008929
5.028017
4.263104
-0.0874234
-1.411082
-0.9801604
4.647867
4.15602
5.528262
3.250286
3.461595
5.243203
5.465623
3.542244
-2.160703
4.775188
1.378784
4.734055
4.362137
0.307189
9.703418
4.550683
-1.37431
-1.373647
0.1237373
4.88209
0.3122891
5.647613
3.713514
3.92934
4.640661
-0.09928927
0.9449397
5.074725
8.072251
4.062469
4.789053
4.894405
-0.6775409
1.266174
-1.295538
4.801323
-1.01468
4.658198
-0.553845
4.498965
5.355305
6.862011
0.804867
4.79215
5.420477
4.119645
0.9077692
6.154699
-0.3946065
2.818657
1.269555
2.308095
6.002356
0.2666903
5.772324
6.23887
4.476407
6.735284
6.381859
11.01453
4.35303
4.468796
4.489133
4.608306
0.6066433
3.834362
0.01973076
5.184247
3.05932
-1.69885
-0.08963443
5.254204
4.204949
4.729765
7.320962
7.877443
6.49102
-0.3573459
-1.842832
5.525536
0.390544
-1.152389
5.502887
4.148121
4.243394
-0.9366796
-0.5591929
5.668712
1.055063
5.652534
-0.5307427
-0.8674805
2.584819
4.639143
5.482986
6.058245
6.569643
0.8152425
4.746532
0.5690514
-0.4239715
-0.3763284
0.6254421
4.470806
-0.5011938
4.368796
2.677302
6.456402
1.232841
5.035045
5.696959
-1.053171
3.508069
0.5468426
0.5724188
0.2950563
3.61251
5.474767
-0.4938428
0.3146559
0.9876891
3.532273
0.5000279
1.255689
5.045527
5.373056
-1.824809
5.641367
-0.1079776
5.299817
4.579738
7.428434
7.09559
0.374911
1.248972
8.718727
5.274008
5.425415
-0.8394234
-0.3260264
2.372066
0.3247548
-0.2479319
4.826761
2.818723
5.504571
-1.507697
4.867194
5.132098
2.487325
-2.20868
-0.3500958
-0.6720088
4.726326
4.492385
4.947595
0.1268389
-0.004532823
-0.3367358
-1.436303
-1.115825
0.06612722
1.027814
4.93332
3.082655
5.603917
0.7492673
5.09755
4.948132
5.40654
-0.08071307
0.448169
-1.280765
6.188317
1.159686
1.314622
5.425751
1.980211
4.877767
0.6967197
3.941398
4.960584
-0.5204124
6.595295
-0.3663256
6.046074
5.703159
5.46227
4.308621
-2.379854
-1.359597
3.471698
0.479894
5.498026
1.236834
-0.3596026
1.70851
8.785597
5.571744
-0.7754014
3.034268
0.8261263
1.386387
5.515803
1.259507
-1.311245
-0.8949339
5.653351
-0.3786306
-0.9555982
-1.930054
4.290889
-1.997336
6.630857
4.547865
4.750474
-0.4024654
4.630535
0.6606872
4.834034
5.748178
0.6920263
-1.750937
4.498476
4.590103
-0.3783769
6.899412
4.520113
3.811195
-0.2015913
5.06916
-0.1753438
5.633095
4.604643
-0.3868245
3.607426
4.074864
5.837445
-0.1307535
5.195298
3.876443
4.198847
6.125509
0.514637
-0.4051677
9.292994
1.102748
0.27642
8.253173
5.797549
7.476414
1.128954
5.403005
0.6985357
5.117
6.182793
-0.09548601
0.7701532
-0.2937946
4.231815
1.065515
5.424646
3.164806
5.229911
-0.9512003
0.0691401
2.658365
-0.02429421
1.632918
1.030838
6.423704
-0.2164007
4.761078
-1.848014
0.3027788
3.147911
6.960129
-1.091282
-0.491631
-0.4891321
6.332749
-1.338291
-0.1223318
5.394284
4.53143
5.054739
0.3112568
-1.343046
1.342801
7.234058
0.535976
4.197724
-0.8254715
5.039222
1.418044
7.778038
4.287683
4.919662
0.2987436
-0.7871522
0.5458189
0.9101155
1.068808
-0.1671336
0.5978157
0.3057313
8.98146
-0.6237637
1.650248
4.549496
3.713961
-0.8188917
4.867897
4.264132
0.8947797
-0.167518
0.9717194
-0.7682034
-2.553811
10.87165
6.807649
6.480066
3.910224
0.2936273
0.5006802
3.850511
3.976414
0.8402823
4.879658
5.443378
3.508415
5.277118
0.07390706
0.6144371
-2.034651
1.447911
4.84945
0.3534974
-0.0397698
12.21627
-0.6834487
5.933978
3.580721
6.42981
0.4263513
-0.82769
0.116509
1.865715
5.236697
3.859212
4.172054
5.627399
6.167812
4.313161
2.886333
4.767006
-0.120403
6.144885
4.429157
-0.7511614
-0.9524714
8.755807
6.238507
-0.2275969
5.581194
5.020622
0.9351846
1.099992
5.956128
4.196462
1.435435
-0.2816827
0.5704678
3.344341
5.183849
1.054013
-0.440255
3.245586
4.597005
5.878465
3.774949
6.987583
3.580384
-0.4380709
-1.277497
5.181344
6.266821
0.7044562
-0.7332315
1.062223
3.684502
4.435904
-0.738818
4.611845
-0.4455085
4.75731
0.6562572
1.54962
4.889103
0.5374068
1.411154
1.168383
5.18501
5.327402
5.897709
4.752915
1.653553
5.553585
-0.6518828
4.037777
5.131557
1.403878
4.479266
-0.3728157
0.5358361
1.275606
3.043371
5.88533
4.991121
4.166385
-0.2309265
-1.751937
3.703009
3.98289
-0.8967257
4.489638
0.8061611
5.246908
5.098707
5.268852
4.441771
4.837811
4.248967
-0.02056659
1.863288
4.385419
4.434068
4.654078
4.424389
6.307994
5.514215
5.018158
4.022589
6.630288
1.466417
-0.1832885
5.312947
3.638064
4.887838
5.712581
5.650135
5.350975
5.604127
0.9533363
-0.6121192
-1.066371
5.889019
5.064904
6.794213
-0.987829
-0.07239592
4.291458
5.433573
4.912847
4.099514
-0.6095556
3.927641
-0.2257959
0.8788082
-0.1549396
0.240318
4.791774
0.6051618
6.089832
6.161504
5.237105
5.526265
-0.9240185
5.277865
6.945235
-0.3422767
11.7921
4.822183
1.202945
7.661339
4.860109
4.45134
-0.5142967
0.3202268
5.006259
6.451405
4.950318
5.422921
3.94858
4.324763
0.4344361
0.668046
5.362565
-0.61607
-0.5203968
5.209043
-0.7714774
1.080011
-0.4888111
6.598895
0.6205465
2.254066
4.696845
2.187954
5.74234
0.3185998
-0.08115368
4.882906
4.675536
4.022489
5.525052
-0.9878622
5.794092
-0.1531934
1.85715
3.641953
6.24135
5.522257
-1.257776
5.752813
5.132655
4.042077
4.811174
-0.4430596
5.98792
1.88605
1.172323
6.448586
5.853967
1.283411
6.092139
4.286262
-0.3013788
5.366263
1.798253
3.561456
0.56699
3.143874
4.099076
2.793303
5.702932
3.870814
5.397902
4.511166
0.7419345
-0.4958339
4.057797
0.02319033
8.358917
-0.5183938
-2.021167
-2.569552
4.215264
3.518528
0.9751672
5.266743
4.190037
5.728006
4.653418
5.820184
5.080044
5.981703
5.019966
0.2731557
5.490998
3.394225
8.677321
6.335241
4.4261
-0.5356675
0.7789965
5.366433
4.635114
0.3685686
5.267799
6.033208
4.780924
4.690585
4.062406
4.213079
3.79685
5.220463
4.683799
3.141338
-1.016905
-0.1221163
5.216969
5.622453
6.029936
4.755529
8.623549
5.49002
0.2367756
-0.2871365
5.953779
4.130643
5.661822
5.039482
0.1873222
0.03770222
0.05699212
6.361214
2.9333
4.496804
3.873001
0.1329041
5.351061
6.050046
5.076817
5.960125
-0.08303853
0.5982781
1.212273
0.9157515
4.65891
0.5876706
-0.5918553
4.101999
5.345836
-0.5336666
0.3134725
0.3754846
4.231735
0.9180679
5.94345
-0.6106211
-0.2029379
4.319682
4.110679
-1.547231
3.749095
-0.04838973
-0.8373153
0.5192101
5.164129
-0.8104077
4.41832
-0.04510778
4.16305
8.829127
3.470976
7.716361
0.7936543
4.042232
7.11655
3.373312
-1.685101
6.199404
7.772065
-0.2284856
4.126362
4.064608
4.745788
-0.7032672
3.072722
6.568034
5.151293
-0.7656716
0.9103169
4.633505
3.690519
7.387489
5.37339
1.39704
6.33522
5.058419
3.98457
5.864155
-0.8992518
5.912505
-0.7059681
-0.4690792
0.3654334
3.876274
-1.132056
5.015839
5.984169
5.534721
-2.019902
5.479891
-0.3956712
-0.1654702
-1.589844
3.937281
0.7880983
4.921528
6.41267
1.181946
5.013684
5.608048
-1.723216
2.516316
-0.5989402
0.7263957
5.56313
3.888587
4.714286
1.617165
3.924981
5.166403
-2.588513
11.39496
6.269159
-0.2807513
-1.004361
4.623273
-2.438559
-4.590861
3.85591
4.47698
1.42935
1.754075
6.568436
-0.5319105
0.7843474
5.512447
3.78743
6.517436
1.445026
0.222037
-0.1400993
5.871193
1.219601
-0.02391766
-0.5647728
6.967248
3.578225
4.400123
5.034025
4.108645
1.525886
10.22116
0.164015
0.06893472
4.957204
2.990768
4.233845
0.5734188
7.308093
4.85735
4.907876
1.511599
3.383414
-1.850232
4.919029
-0.7747582
0.9379496
5.772657
4.300012
-0.5250359
0.5815749
7.472768
-1.155753
1.228678
0.3350735
5.970099
5.017157
5.531767
5.433069
5.05147
1.197547
-0.1170282
4.55344
0.1950708
4.239881
4.756127
1.357137
6.452153
-0.3191329
6.730107
-0.07095903
1.07525
0.1461105
2.888359
5.641394
-0.08232181
-0.2960403
4.897498
4.541991
3.287471
4.131724
4.895771
4.065584
4.770552
0.01337692
-0.4836749
-0.0001688602
4.605505
4.052287
3.372449
4.718158
3.94217
4.613312
-0.6606556
0.09491375
5.672498
5.390001
2.086054
0.001512573
0.7425686
0.08801358
3.66989
-0.5230329
5.63174
-0.1840815
2.869776
3.676141
0.9188392
-0.01856108
1.180301
1.135216
2.794937
0.1729096
4.342257
0.7341438
0.8249632
0.6530015
0.6433086
3.041674
-0.7232392
0.5764507
5.001444
-0.4657677
4.476591
5.760504
0.9655981
-0.6499884
4.314044
0.3786987
4.636311
-0.2365865
4.12155
-1.219801
4.208283
7.182166
7.353704
4.688779
5.009335
4.081773
-0.803684
-1.08139
1.377165
4.082473
5.99303
0.1278492
5.286547
6.569749
-0.7774335
-1.232345
-1.222797
5.234461
6.176374
0.7256217
5.098983
6.324953
3.632023
1.359892
4.483237
5.004429
3.899123
-1.733408
5.30968
4.098274
6.207037
5.687245
1.363259
5.164781
5.093695
0.1332376
4.040069
1.742551
5.339654
1.149933
0.6016908
-0.3315083
0.5385978
4.604365
5.11721
0.9249494
5.209929
0.3309728
4.205681
-0.564366
0.9734556
3.382437
5.532464
2.870867
1.043439
3.927451
4.535583
5.231298
4.2893
-0.02981675
3.46457
0.4995783
6.288985
8.916476
5.852896
0.6486374
5.435173
0.04898293
8.952165
4.800941
5.968671
3.835772
-0.3917935
0.5990031
1.985183
4.091991
-1.188421
-1.720658
3.424787
2.963185
3.201101
-0.1809543
7.966842
-0.883046
7.205606
6.230001
3.35288
-0.05523455
5.124165
-2.620633
1.358229
5.526137
4.554392
3.008666
1.186799
5.244642
-0.02287564
0.9899517
4.935861
5.308456
2.118737
8.55475
-0.3460896
5.599865
-1.418472
-0.4362275
4.606774
2.225763
3.206598
2.673482
6.30906
-1.076828
-0.1816955
0.6910342
1.524123
5.573978
-1.915049
3.244272
-0.8893197
0.3657364
-0.3181736
-1.006701
6.374933
-0.06972279
6.949098
1.301106
0.4617406
4.627638
-1.488833
4.164671
-0.659155
-0.311047
4.647894
1.395754
3.119136
4.153558
-2.044229
6.430853
0.8630946
2.77509
4.611884
5.591065
4.513524
6.338143
1.910468
5.669739
4.205873
3.988594
5.479376
4.322349
-1.801783
1.066312
4.63681
-0.428277
6.685106
-0.7324668
0.5637913
1.369309
-0.367826
5.501813
1.964034
-1.253908
2.518202
4.027276
4.743464
4.048809
-0.4320789
5.918752
0.1713848
-0.3073315
-0.204376
5.444261
0.6895347
6.066104
5.678997
-0.02785118
5.296341
5.971591
4.193275
4.155667
4.66095
4.159153
5.056641
5.661464
-0.3743564
-2.754919
4.841577
4.455407
5.238175
5.944207
-1.18718
4.430138
-1.247258
6.42298
-0.1421956
5.218069
5.30971
-1.175885
3.528956
4.906382
3.110423
4.270032
0.2428348
-1.620458
5.898442
-1.105797
8.225207
3.91676
4.192166
6.085848
0.73938
0.8946918
0.09080737
-0.810351
0.05135752
4.614274
5.485367
4.638271
7.283373
-1.932514
5.210765
0.07525002
1.477066
-0.03985714
-1.372443
5.306677
1.435434
0.2684255
5.422472
3.314842
4.878611
3.289961
5.94709
1.269793
5.311021
4.629482
0.378519
4.955126
4.284626
5.921521
0.6779732
-0.1214107
1.194838
0.4036981
6.199641
6.842126
4.614715
4.520553
0.3785876
3.42595
8.827958
-0.4345957
-0.3990776
1.219343
5.031672
4.318565
5.046406
4.500043
-0.5532194
5.112411
-0.8097998
5.85158
-1.951846
-1.577012
1.016209
6.133915
0.6261781
3.145447
5.088105
1.538033
3.9545
7.896617
4.997516
6.406148
3.444926
5.423623
1.097049
0.4133356
0.2578766
-0.8478288
-0.4954812
0.7869889
4.753148
3.782756
2.333419
0.3626145
4.926105
-0.6797736
3.676672
5.52999
-0.4723052
0.7516277
1.486723
3.753837
3.649479
0.8571675
5.960281
0.6236567
-1.466186
1.06977
6.335872
-0.765478
-0.5321712
-1.328768
1.443406
5.76616
0.3154682
5.372122
4.381494
0.7613109
0.107595
0.3797266
0.9330125
6.115978
5.552467
3.045126
-2.443763
-1.50874
3.604118
6.143926
0.6352542
0.5277532
5.745426
-0.1808994
-0.1077532
9.040927
5.084262
-0.6704437
-1.219797
0.4000254
-1.096584
4.329009
5.400181
2.137936
5.157259
8.024682
0.8389673
1.470487
-1.323105
-0.1971338
0.9378697
0.2298205
5.877216
-0.2114484
5.35749
4.408743
7.287893
5.837203
4.26193
4.790026
1.080417
-0.3446745
-0.9397788
4.924047
6.24288
5.361589
4.724362
5.288852
5.085861
0.5104483
1.300412
0.2267421
5.119744
6.354832
5.837261
5.108277
0.2854359
5.725709
1.683086
4.808754
0.9490036
0.3784817
-0.08940085
4.955914
1.667513
4.411532
9.770339
-1.78975
-0.06259392
2.419893
0.3404374
0.1305207
2.781043
5.831256
-0.08002647
0.2565657
-0.2375593
7.678289
4.584736
4.216022
3.188836
14.22458
5.188476
0.6591308
-0.3281569
0.5590211
-0.4696676
-1.464531
4.855112
4.620717
7.174288
2.254142
5.195912
6.60402
7.870555
0.004843067
5.785719
1.233593
0.8561902
4.245504
6.747284
4.684931
4.631923
5.080638
-1.680633
3.925596
6.671868
3.755164
4.987867
6.078229
4.802376
-1.212902
-0.06929648
-0.5412981
0.2855315
0.756243
4.844836
4.888303
-0.1311553
-0.5859832
-0.08135327
-0.4008212
6.784928
0.2299116
1.859464
-1.366011
4.577048
5.387913
5.559451
7.467369
2.247454
-0.2630261
0.907384
3.66072
0.4593007
3.629641
5.297729
-0.4337418
4.058321
0.6017204
3.112682
4.683196
5.383257
4.736686
4.316496
5.462663
10.10008
3.749901
6.438198
6.262521
4.956247
5.849953
1.146577
0.1415041
-1.864765
0.123049
5.1557
3.894545
5.221045
-1.22608
5.604114
-0.07517983
1.206623
6.409762
6.034113
0.6066119
-0.1844769
4.603301
1.897903
-0.4137285
5.664028
3.23473
0.3472898
5.125113
0.7017612
8.664663
0.3829298
-0.2967075
3.200947
0.347132
1.217886
4.240507
0.6440759
6.26996
3.072148
5.353443
5.403189
5.547988
-0.3989327
3.396802
3.702119
-0.6546235
1.136903
4.540301
4.575238
1.134787
4.447225
5.564133
4.367275
-3.201173
5.3358
-1.222566
1.062089
5.37021
6.030608
-0.6251783
6.995514
4.505242
6.049052
5.202695
-0.1283374
-0.8540081
5.803166
4.791489
2.867439
5.464738
1.086494
-0.2508837
0.401878
4.644931
0.3876898
5.666569
1.893448
5.209076
-1.031331
6.261667
4.237852
3.787145
5.069596
2.151485
6.400022
0.8726775
4.843381
3.843666
4.806364
1.745326
3.771168
4.968122
5.299475
1.439198
5.044081
5.45437
-1.35988
4.757134
6.351901
-0.8908424
1.018862
-0.2378159
-1.256293
0.2330923
5.317568
-0.4893619
8.620835
4.293125
0.8074617
0.2777277
12.32765
4.918768
-1.180983
5.513132
6.415529
4.405722
-1.809317
4.466736
6.743853
0.2792126
5.494528
-0.199576
5.396387
-0.914093
-0.1633748
6.931904
-0.4151879
6.455923
4.291885
3.943846
7.389282
10.6598
-0.5857263
5.057445
4.97744
4.663204
4.582421
6.637774
-1.923875
0.6946823
4.094386
5.648279
1.236724
-0.4010303
5.556869
3.437764
0.8007545
-0.442201
-0.002685448
6.016295
5.401285
-2.27231
3.811416
0.1043042
1.192208
5.532005
1.791569
1.329184
1.489611
0.880327
5.672482
3.555561
-0.2618859
10.76811
0.9715245
-0.3388606
5.138782
5.855153
-0.1158242
4.795363
4.323528
5.777511
3.415421
6.333694
4.314529
0.2648626
6.84627
4.787828
4.230123
3.607424
5.548413
-0.3321659
5.620547
1.445997
-0.6888726
-0.947038
3.219049
-1.253939
5.709007
5.309536
-0.1151722
4.122652
-0.2046378
4.077608
5.085806
-0.5539577
-0.3900754
6.035331
0.1851978
-0.9258721
4.938925
5.73726
7.580473
4.809994
9.416576
0.7372883
-0.0839015
-0.08771269
5.542735
5.042726
-0.5931057
5.183327
3.930588
6.853012
-0.8806726
5.041747
5.247886
-0.2981042
0.4462902
0.3437637
0.6124819
-0.1227862
0.1249823
-1.297884
0.3285634
-0.6421445
-2.122894
5.944132
1.57152
1.465817
7.090405
9.251214
4.762911
4.874135
-1.308042
5.85822
-0.324041
0.7776948
0.5645503
-0.05369873
3.800779
-1.928803
0.7827616
5.021534
5.325869
5.113749
-0.9635831
3.07668
4.871916
-0.563362
5.850865
4.107712
7.973637
6.130245
5.351211
2.633869
6.662778
1.075738
5.263318
-0.4693037
-1.545674
5.047696
2.335561
4.730172
0.3865459
5.862766
7.61641
0.7446957
5.761928
0.02952562
4.751759
1.185957
4.130309
0.235907
4.030673
1.254891
5.609787
6.09446
4.666309
6.673275
-1.533107
4.126194
-0.5659299
5.061406
6.643589
5.584152
3.118338
-0.03035495
-0.2708995
-1.719963
-0.0966241
0.770711
3.273412
-1.249983
3.73265
-0.5639968
-0.9223677
4.353348
5.749384
-1.21584
-0.3788185
3.688724
4.077007
-0.9347287
5.499974
5.782731
6.093952
-0.9023196
1.879497
4.759835
3.982787
0.4643693
-1.179195
5.970532
4.053927
0.1989917
4.559762
-0.7043409
4.205485
4.211024
-0.9566322
3.947919
-0.6106691
0.1255679
6.449461
4.554455
6.398589
4.831528
6.317148
1.501094
3.111475
3.803367
0.5608885
6.05371
4.889501
0.6221107
0.2868571
1.580241
4.526959
5.012077
0.1667333
3.937362
5.988572
-1.675299
4.530381
5.355332
0.9074273
0.3700495
-2.056634
0.9471076
5.449015
4.433564
7.00791
-0.9166056
2.089784
1.665952
0.5684813
3.663968
6.771362
1.529478
4.229293
2.514308
4.565495
3.784323
6.741248
4.036947
2.012042
-0.6605545
3.625273
4.885242
4.984743
5.503939
-0.3094381
4.410776
-1.090793
0.6515927
4.457914
5.966833
-0.7415341
0.1565085
0.3531857
5.074257
6.563802
0.1657205
-0.6339928
0.1051995
0.4091406
5.499041
-0.1244224
1.556725
-0.3139042
5.423
-0.378173
4.032117
6.230425
5.403179
-2.67707
5.659247
-0.6273875
0.075397
4.244823
4.983091
3.861661
3.451308
4.637774
3.744219
5.490943
-1.215648
-0.7246202
-1.877987
-0.6621809
-0.747697
1.676805
4.887269
5.229584
0.9955813
6.560992
-0.7896122
-0.8208928
5.960537
8.91046
3.741081
-0.7623458
5.193645
5.221227
5.380599
6.151216
6.020123
3.607317
-0.2556702
0.5743969
-1.491104
-0.8710514
-0.5296369
3.630504
4.937059
0.8122088
4.17981
6.007234
0.1418143
-0.6496527
-0.1876962
4.756452
3.539919
-0.0897868
-1.398438
-1.565586
5.515779
4.548242
-0.0891416
3.419492
1.280616
0.1612814
7.537102
-0.1487778
-0.4731264
0.4878943
0.6569018
-0.937178
4.708587
5.039912
1.956423
3.970716
3.694041
5.011727
1.863998
0.07238245
0.6795175
5.354945
4.742895
-0.4854141
3.238453
0.7383772
5.329721
1.28346
0.536491
4.072693
3.347012
4.864192
5.741406
5.523568
6.31313
6.154293
-1.0157
-1.069379
-1.661026
5.810002
4.760971
4.214576
-0.5057848
5.172216
3.075065
4.779924
3.049486
0.3765227
-0.5944251
3.297373
-2.429267
8.109958
5.179493
0.5861157
6.311425
0.3894491
0.4924393
0.9584942
4.353309
1.189367
4.528053
-0.6321866
1.206015
0.1948807
5.331891
7.676164
6.375503
0.2233091
0.654104
2.315992
5.34999
2.297312
3.864012
-0.4395222
-0.6534744
8.049541
-1.764097
4.602831
-0.4622387
4.221122
-0.3202538
6.272163
-0.4873876
0.8167626
6.12554
4.535006
-0.9043611
-0.05832774
5.309622
4.518005
-1.779182
-0.705215
3.64464
3.694267
6.929944
5.650847
-0.1310807
6.513924
2.558628
1.290655
-0.3610972
5.449589
4.580442
5.286959
-1.656044
0.8299228
1.919869
3.885198
5.906191
4.242692
-0.4009638
4.293653
3.166388
4.280074
0.4373667
3.370935
4.541657
5.136071
5.476952
5.175002
0.7346404
4.682096
-0.6587839
4.795999
4.872376
5.65733
-0.1905901
3.823533
0.1588359
-0.7741685
4.768935
3.331642
0.1715735
4.978036
0.04522021
4.153097
3.49298
0.2567659
6.015693
3.473112
3.965381
4.946874
-0.6416373
5.226988
-1.163942
-1.850652
0.5451889
0.5992305
0.8048244
4.20848
5.919143
5.270317
4.39384
4.888702
3.70075
-1.271737
5.318419
5.283256
4.258857
-0.1902636
0.2464831
-0.6110736
1.115117
1.927324
5.284572
0.988897
3.35371
-0.5492233
0.5393818
1.248506
6.798919
7.024858
-1.359511
5.228233
0.2489146
3.852026
4.215465
1.987125
0.8637167
-1.989818
6.88756
3.188147
4.988705
-0.7567185
0.765703
1.58907
5.658681
-0.5511555
2.544288
4.749509
3.962747
5.170713
3.570205
0.8161767
2.45989
6.14767
4.504178
2.154641
4.651053
2.935325
4.353416
-0.2976657
-1.166472
2.940952
-0.2911521
0.8421852
4.808528
6.788585
-0.4672092
3.274619
5.430122
0.416995
4.935425
-0.2496283
-2.387457
1.230515
3.026341
6.367673
0.9765349
0.6870141
5.914693
2.285333
2.785378
5.652849
-0.2474178
6.15296
4.015824
5.450934
0.7185101
1.17456
4.653905
5.097651
0.01784486
3.663092
0.4264075
5.267961
5.212559
-0.3567482
4.441691
3.885295
4.980923
5.612132
-1.265061
3.431656
5.357305
-0.9774627
0.3053094
-0.4541599
6.235541
7.067842
10.44873
6.247379
6.963517
0.2749857
4.707141
5.097325
4.227561
3.75855
6.133848
5.897468
3.051367
-2.549308
6.051726
6.190346
0.4348318
0.6226689
1.803336
3.230844
5.354698
4.506785
3.659541
0.3219441
-1.247964
5.309971
3.918974
3.530812
3.504731
6.014991
-0.1192329
-0.5957726
-1.82613
4.457082
5.419322
5.216178
5.851802
5.617043
-0.5726443
8.161647
3.818132
-0.6496212
4.494399
-0.1743688
3.732896
3.146897
4.147628
0.337675
0.3442396
4.58583
10.45373
9.943744
5.39316
4.678591
5.420083
6.83466
4.079894
-0.4594463
0.3818776
5.359582
0.1932521
-0.1758447
4.569542
4.494024
-2.264305
3.29893
1.226582
-0.5172876
-0.9484354
4.782574
0.3806115
7.048718
-1.243066
5.602399
-0.1324792
6.048841
5.393164
4.798965
4.660901
0.4629987
3.871589
-0.8807649
4.451674
2.93376
1.218437
5.026403
3.91314
7.452385
3.64261
-0.1323561
5.256435
4.982749
6.162146
6.032535
5.238031
4.970304
-0.4555806
-0.3755897
0.4495752
-0.1698061
3.708082
4.774178
4.909238
0.8031782
3.827268
1.286662
2.990486
-1.500814
-0.2043078
4.926061
5.011285
0.8433527
-0.6118975
5.100174
5.69728
1.129983
5.386362
0.7064165
1.199509
6.780425
5.421828
0.21233
3.897102
-1.038935
5.203858
4.240696
-1.143212
0.1167921
5.744688
-1.695187
-0.8091647
-1.079992
0.1709113
6.177406
2.097453
5.77894
3.600888
1.20973
-0.3516906
-1.445236
-1.18915
3.967134
-0.1168003
0.6017362
5.962078
5.346977
5.38246
-0.1130783
3.563215
1.216959
1.283788
3.964714
5.900836
3.038433
3.054145
-1.042512
4.212264
4.109245
3.210994
3.519433
-1.985788
5.682258
-1.096523
5.3866
7.593258
1.971549
4.908092
4.859741
5.614762
-2.195849
3.700613
-0.6725825
4.460078
-0.5346253
5.587939
1.699884
6.45494
4.525582
5.70044
5.060549
-0.122601
1.230542
1.677812
4.062397
3.530846
-0.4071256
-0.6440085
4.638997
5.589824
4.424972
5.852807
6.149206
-0.8265501
8.111186
1.077931
6.077375
5.752901
1.621369
-1.521868
0.6070949
-1.615815
-1.280187
5.667986
0.5636669
2.422256
5.557086
7.196632
0.6482316
0.2003832
0.2796576
-0.8115946
-0.07087799
4.981456
4.560735
6.924805
0.06429633
7.20543
12.54853
0.4284496
0.7341399
3.696279
-0.6712533
-0.6874901
-0.1521665
3.205769
6.585977
5.716744
4.677345
-1.543208
5.174233
6.172605
-0.2192015
4.212501
7.248137
3.957049
6.182676
1.570197
3.269244
1.527832
1.757301
4.751373
0.4798569
-0.5967085
5.311222
5.998798
3.332006
0.7997286
1.143905
-1.879036
5.331097
1.431557
4.527128
4.012535
4.009354
1.668844
11.53853
5.778963
4.794363
5.409927
5.271729
-1.063982
-0.2679095
5.185296
1.844363
4.733296
0.8337062
1.633533
4.660876
5.407478
0.1353698
4.739232
4.294959
0.2132509
4.352132
-0.6431895
-1.992789
2.277779
5.236781
6.717881
2.48453
4.483833
-0.3004094
-0.325746
1.022282
5.265763
0.8914863
5.926084
5.723685
5.570695
3.991411
6.371995
5.480305
6.547634
5.513016
2.39852
0.5766242
0.6032008
0.06719435
0.7525403
4.461121
0.2654049
5.515989
0.3885203
4.27928
6.062832
0.336873
4.384895
5.669551
5.484989
3.576645
0.8067013
3.380064
4.273687
3.254557
4.879975
0.4528099
4.030898
3.952474
4.882257
-0.8837039
5.567687
-0.4163134
-0.2153599
0.6755944
4.369493
4.762365
7.177883
5.160179
-0.1361713
3.267168
3.800122
5.192075
4.508798
5.300365
5.020096
-2.343876
2.547381
-1.001304
-0.4940226
4.158284
4.769396
5.814747
0.2908168
-0.1723801
-1.080126
0.7749986
-0.5686225
-0.1225114
6.330782
6.612421
11.43108
-0.6263809
0.4721908
5.707727
0.5556097
4.568217
0.2010424
1.559933
2.792726
-1.156282
-0.1046106
-0.3467572
1.749459
4.694075
5.6338
9.27881
-0.6949179
4.776549
4.669279
5.941958
-1.466517
6.815929
5.206602
4.188312
5.170661
3.248516
6.673653
-0.932663
-0.06042345
-2.021683
1.031201
4.579295
3.167743
4.895236
2.054259
-0.430158
-1.773797
5.357709
5.063495
4.930573
6.107664
-0.06447221
3.161447
0.4272746
-0.8994701
5.020362
6.591184
5.35766
4.235702
-1.12365
1.705445
4.137327
4.954358
4.722118
5.109199
-0.858236
6.330137
5.242813
5.966628
2.167433
6.403402
4.547846
7.252501
-1.246567
5.932033
5.279309
0.8239694
0.6309864
0.9930608
5.946658
-0.09476435
-1.331946
-0.08367439
0.2077371
5.106702
-0.1694365
1.429391
3.967803
1.173912
0.4880675
4.887846
6.496951
6.186012
-1.087104
5.723968
0.3810539
3.662781
-1.002271
-0.4434473
0.5093391
-1.205342
-0.3933094
-1.659363
-1.218967
7.383643
0.2070633
5.531079
1.214052
8.914064
6.525398
0.4726428
4.652132
2.666399
0.6272069
1.358038
5.033105
5.042386
-0.1125407
4.344981
-0.03763315
5.545797
0.8124269
3.48727
5.5156
3.149399
4.069447
-0.9449433
4.947893
5.775906
6.159335
-0.3120238
3.884958
-0.370173
7.699074
0.9235124
-1.350165
-0.390259
-1.088816
1.190136
8.305703
-0.1903936
0.4478909
-0.06484575
0.1357387
4.979639
1.713435
5.138574
4.831119
6.296045
6.849189
-0.9898888
4.350982
3.493953
7.772429
0.8443595
5.519108
3.658473
1.694519
4.661983
0.2431531
5.377408
5.561785
-0.7160682
3.717891
4.001443
0.432414
0.1393022
5.051267
-1.575545
3.785379
-1.360231
5.302008
-1.157302
1.537306
9.287664
5.188844
5.850899
-0.1292139
4.590361
-1.031177
3.386118
-0.1706226
5.498484
-1.688192
0.551017
1.712597
-0.136786
-0.05601534
6.120697
0.9225172
2.727677
0.9387467
0.0906133
6.519344
6.385506
1.21687
2.566893
-0.1053011
3.325052
0.2130649
5.439982
6.843899
2.735598
0.5093956
-1.832422
3.504006
-0.5778846
0.5564761
5.845101
-0.04323319
5.861058
0.07107456
1.364223
0.1492785
5.723123
2.972217
-1.157691
4.080974
4.492945
4.427732
-0.02842444
0.7959144
-0.3614111
-1.932206
2.048025
-0.0827063
5.704305
4.301382
1.39935
4.859845
0.4980599
-0.2181016
10.30942
1.837571
6.306412
1.669022
0.2417258
0.5493339
0.04145655
5.403452
0.9096628
-0.3365987
5.288828
5.841925
4.792623
-1.197941
3.399889
3.338909
4.285093
0.1344076
5.810667
4.690921
6.529615
5.195334
-0.7666164
-0.6867887
4.476469
3.536224
-1.027241
-0.5346322
5.063697
0.3798342
5.378784
0.8291313
4.382583
-0.5145361
1.356919
5.228533
-1.222018
3.619367
-2.076583
1.096951
0.4014467
0.4511261
7.101665
3.750752
1.001366
-0.1158723
4.680389
-1.140057
-0.6341973
0.7093959
-0.0399259
-0.1245506
5.865745
4.234266
5.067696
0.4934663
5.650786
-1.493217
0.2595128
6.38697
0.02902119
-0.7012929
-0.09732274
-1.006619
-2.009419
6.658502
5.921952
-0.8379927
0.3446135
4.871122
0.5493317
-1.051865
3.979674
5.639487
5.979004
8.109984
3.712043
1.432748
5.08297
-1.535683
0.5651179
4.852931
5.816792
4.826296
-0.7580942
4.776891
7.163453
6.614293
4.454025
5.466532
5.939739
7.414744
4.695105
7.995123
-0.4710051
4.244706
0.5659245
5.601827
6.160665
6.865491
1.372784
-0.865795
8.328786
7.326533
5.746493
5.839861
0.3516435
3.333526
0.4930457
-0.7951534
-1.147235
6.577116
5.843629
-0.3051152
4.858874
-1.713976
5.06854
-1.922258
-1.738938
0.3177286
4.687041
2.881513
4.541722
7.595672
4.714869
5.378131
4.921328
6.642563
5.302071
5.065624
-0.8220084
1.689165
4.134944
0.3766078
0.5290397
6.185892
6.021836
4.382905
5.60475
3.961384
6.561604
5.879916
5.895448
4.663322
10.61858
6.350362
-0.2011775
-0.4855032
6.565213
6.035812
0.8225658
4.048222
0.6832736
1.760901
5.621119
1.597415
-0.04040174
-0.2867518
5.726284
3.09195
5.288471
-0.107073
6.121986
4.728514
-0.5917232
-0.3562556
5.615712
5.43087
6.391149
5.891027
4.497027
5.914633
3.310058
2.219681
1.091223
4.908597
4.991772
3.420326
5.109022
4.563173
4.777282
5.325101
-0.3711612
4.309752
4.631103
4.048706
5.229789
4.466199
1.248737
6.196551
-0.7928523
4.086914
0.8038886
-0.359205
4.593761
-1.144071
0.301702
5.162193
0.4600314
5.161821
1.111645
2.90215
6.988444
6.955182
4.405069
5.424295
3.688024
5.2815
0.952749
5.311505
-0.7110077
-2.164533
3.837833
3.743582
4.153846
4.261042
4.75939
2.86178
5.619013
-0.9480063
4.126399
4.877767
3.955651
3.117319
5.667555
6.274657
5.386722
-0.3981649
6.112426
3.487292
6.156725
0.1924127
4.798606
-0.8709725
0.08796454
4.836777
4.800374
1.049384
4.073621
3.267521
4.668135
3.858701
4.41379
13.63891
0.1252995
-0.04570472
-1.458821
4.231482
4.786893
-0.2819874
5.948471
5.540636
0.3592341
0.01828051
7.583181
7.24374
-1.667722
-0.5934826
-0.4767774
6.54789
0.1514588
4.900549
-1.633534
4.53867
7.126632
4.63081
6.218135
-0.5075067
5.134285
-0.6034454
-0.1942373
-1.229815
-0.2036876
1.155854
5.347472
0.1581215
3.681696
5.761848
4.770603
0.1486794
5.866336
-0.5027169
-1.342969
-0.9529865
5.971232
9.172853
5.090113
0.397173
5.597003
6.848112
0.04417835
0.9404456
4.09302
0.1431327
2.365605
6.428114
4.57587
6.70861
1.899114
0.06933121
-1.042701
4.342186
7.110025
4.88223
0.3674756
-0.808543
4.466425
4.52528
-0.4992999
0.314077
4.776764
6.244574
5.499992
0.999115
-0.2931555
1.129716
0.3297533
0.9178306
5.113004
4.336353
4.930498
1.076949
4.444929
-1.020929
4.441082
5.761637
6.223085
4.193504
5.972423
5.622097
5.108242
5.748203
4.252783
-1.634414
4.972145
6.116216
5.703538
6.433368
3.410216
6.427135
0.1332357
4.184436
-1.018014
6.522626
-0.1529684
4.89776
1.131212
0.5760014
4.295552
4.819492
6.089838
5.834418
5.257842
6.413345
-0.3875252
4.688171
-0.6478406
4.601252
3.21116
4.301335
4.489923
4.209045
1.409243
0.9749402
4.471993
5.772805
8.661474
4.566242
5.771479
-1.257534
-1.770456
4.951917
4.758386
5.747984
-1.078582
4.951583
4.562519
0.3853873
4.266027
0.9038848
5.352355
2.942495
1.119183
5.556854
3.298317
-0.02953479
0.2246009
5.194681
4.897863
5.096261
0.5482156
3.76741
6.068913
5.117899
-0.14964
0.5239334
6.236692
4.655503
1.695815
-1.20542
5.195791
-0.8950395
5.562497
0.6833978
3.352273
0.2787161
5.357526
4.511873
1.745698
4.526853
6.000157
-1.185165
1.627546
0.03247387
5.658367
6.560931
-0.5778779
-0.09832675
3.579642
0.04311323
7.68342
4.929859
-1.020819
4.410784
-0.3688719
6.613954
5.54367
1.111708
-0.9565108
0.7172685
4.648773
3.734888
4.609788
2.979107
5.798139
4.606936
1.036375
7.329459
5.081019
3.873108
-0.01883798
0.6889973
4.440973
5.287178
6.899578
4.728479
-0.04782774
5.019517
5.714709
6.252144
4.670686
2.302652
5.122847
4.683666
6.787661
0.8481003
-0.7768284
-2.329411
5.774864
0.9560216
5.804682
4.556701
4.595152
4.645379
0.09631882
6.050296
1.815573
-0.6060849
3.705161
4.668255
0.5190309
0.3751575
6.709817
-0.684139
5.066847
6.206049
3.416985
1.129006
5.78368
0.4987119
4.269719
0.3156214
-1.233712
-1.267198
0.1720238
6.505733
4.457479
-2.353507
-0.1131455
6.285171
3.789137
4.758959
3.983569
6.486841
0.007334485
5.783385
6.6467
-0.6430904
4.251354
5.857293
0.5151709
-1.103192
-1.480524
4.550767
6.401311
2.841168
4.748249
2.74281
-0.6002078
0.7594006
-0.2606499
-0.9616903
4.898653
0.4299044
4.831414
-1.037421
4.779683
3.881592
6.08291
6.517481
-1.528682
-0.05037209
5.424842
4.086703
5.617455
5.285692
1.466262
6.704154
6.15574
2.481555
-1.792161
4.504023
3.808924
-1.149882
5.278742
4.606814
-1.397351
1.73156
6.219382
-1.140604
5.297369
5.290407
-0.9580899
2.165609
-0.3129605
5.602288
4.22605
5.938411
5.817518
0.01550827
5.275302
0.6871483
0.9017321
5.471216
1.04823
5.864603
4.797171
-1.424042
3.421608
4.329653
5.595604
4.777089
6.030947
-0.3367206
4.797037
5.668234
0.047051
0.480759
5.275086
-0.414421
6.377354
0.08890848
4.338764
1.038065
5.841695
-0.06842535
-0.5199231
4.840804
4.030279
-0.8373142
-0.5451524
0.7104372
4.86752
6.094524
4.622949
3.773045
4.52557
3.965522
4.09276
4.503436
4.96721
0.08631892
-1.426801
-0.4877231
-0.7456851
5.016042
-2.4577
6.732784
5.95039
4.975086
3.973352
5.048531
6.340493
0.8302496
-1.332563
4.412979
6.64699
4.337442
4.131284
-0.6072954
1.193867
-0.6666881
5.071801
1.156419
6.909335
4.729028
3.935417
5.361912
0.5292742
-1.229133
4.308502
1.057414
0.7346343
0.195114
2.789645
4.97461
4.301464
3.342652
-0.2261368
4.700259
3.976092
4.610021
0.2880692
5.264898
0.7501023
0.3388175
5.616527
4.597526
5.937754
5.387113
0.1982066
4.912851
1.128386
-1.167876
-1.101999
8.266516
2.82058
0.3888923
1.739101
6.730943
0.1735372
7.16186
0.4729503
1.904722
-0.1221125
-0.8879938
6.516282
5.422404
4.621396
0.2928724
-1.06802
6.170014
6.894422
5.914411
5.012655
3.726512
4.435444
6.165776
-0.7315108
4.794707
5.472795
6.588467
-0.9512687
5.357692
-0.6304264
5.666682
0.07802335
4.064282
6.363023
6.327139
4.325779
2.845564
-1.230645
4.388664
5.156769
0.4108873
-0.2696525
5.833891
13.30301
4.151725
4.82461
5.306301
-1.826583
6.119396
-0.4320781
6.316328
7.764951
5.346117
7.391128
6.14656
4.199886
7.726156
-0.3364191
1.045899
4.553168
5.905564
4.106344
4.608965
-3.000587
0.7895124
4.459258
0.5642139
2.014897
0.7767814
3.303279
5.362309
4.982745
12.58917
5.180113
0.9745366
0.03834153
0.2748373
5.247928
-0.4239089
5.549944
3.379257
6.706434
4.285628
4.860998
2.848747
5.164199
1.126401
6.525448
4.634221
4.901744
0.2710523
0.1694522
-0.1040495
-1.106693
6.691807
4.599417
-0.9190518
5.72265
3.547822
-0.05449767
6.06033
4.326889
5.094973
4.78046
4.71397
0.8232231
0.2785018
1.554902
-0.3730736
4.155574
4.955458
4.744239
5.276171
5.926701
3.705715
5.640552
2.856118
-1.099064
-0.2667049
4.79476
4.708881
-2.079451
6.037063
6.015517
4.247231
-1.271671
5.01158
-1.7321
-1.403449
4.338175
0.6146132
3.693561
5.782606
1.758792
5.12245
0.6018465
-1.347643
-0.9834461
1.35966
-0.6518172
-0.096118
4.333817
2.243716
6.020319
4.578205
3.209858
3.181195
-0.8973132
5.430615
-0.2777695
-0.9098042
5.421982
0.113333
5.188071
6.377824
-0.5652976
4.302445
6.875378
-0.7569276
3.880272
5.181097
3.617699
6.187545
8.076396
-0.9220987
-0.3859006
-0.4129086
5.578717
6.179429
4.064693
-0.3818078
4.383302
5.993903
-1.426242
1.128772
5.591332
7.470106
0.5852477
5.095029
4.357196
-0.8569955
0.4377535
6.477329
6.854421
1.804491
7.001807
4.089127
-0.3443003
5.112748
4.084705
6.17028
-0.5183564
4.976385
6.435461
5.910875
0.5706966
5.656042
4.408066
-0.07487006
-1.360001
6.944737
3.866465
-1.512693
-0.4088962
2.087735
5.413976
-0.3093319
0.4502682
4.485205
5.637034
-0.7572992
1.1436
3.749549
6.776013
5.055141
-0.3895729
4.744966
2.243679
3.796245
3.882407
0.1535068
0.7161306
0.5041856
1.02793
0.4322302
4.562553
5.228357
5.324353
4.140262
0.9849561
-0.4683921
4.999763
4.64177
5.126689
0.5614359
5.400035
4.700377
5.251251
2.175793
1.163488
-0.1847057
4.742621
4.694621
4.473227
5.889036
-0.4485712
1.82624
-0.5913338
3.309794
1.780597
-0.191642
5.873527
0.5277729
3.881481
4.555112
-0.23053
3.467788
5.661075
6.225491
0.4341965
5.232555
5.558718
4.062514
0.9339272
4.212902
2.274642
5.032612
5.188642
4.817931
0.3137849
0.2949109
3.216883
5.211082
7.179967
1.141766
4.290339
4.906979
-0.2099103
0.2663165
-1.733418
3.528435
-0.265078
4.224832
5.276895
5.177139
5.746831
4.776503
6.043389
5.380558
0.8962428
5.444735
5.700018
1.288765
4.696705
1.247254
4.376979
0.8505082
4.406121
-0.9920759
-0.8102707
1.095409
5.676687
-1.319183
0.2723756
4.223617
5.348657
6.469644
4.160386
1.612938
1.843392
-1.10494
-0.6257264
5.38923
2.620977
3.920728
5.710818
5.107176
4.845731
5.807239
6.489866
4.413309
0.514544
3.696944
4.87137
1.532396
0.4910994
-0.2512948
1.796213
5.055329
6.202381
-1.38756
-0.9213303
-0.4863324
-0.8492006
2.831225
4.839775
-2.386275
-0.7611615
0.2411409
-0.3947122
4.41846
5.998391
3.765628
0.8104586
5.312035
1.202956
7.072832
5.489155
5.123816
4.730939
5.587558
6.825419
4.67989
5.054431
5.611312
4.708441
-1.230106
0.2024996
4.633621
5.974828
-1.33622
-0.4736412
4.637987
0.9652456
5.482205
-0.3559299
3.688114
6.209395
4.424585
-1.19636
4.302467
4.852182
4.019416
4.899627
-0.651355
5.372254
1.387598
3.956487
0.3459323
4.414157
4.737884
6.092903
5.018629
3.719564
-0.5586697
0.6595441
1.469649
5.198257
4.845599
4.992172
3.761087
-0.5784125
4.31359
5.834455
-0.335248
5.02982
2.734381
5.194534
4.623446
-0.01665351
1.451925
-0.5854657
5.456734
4.13582
5.300655
3.594089
6.605439
6.645498
5.158141
-0.1583901
-0.846473
5.948112
5.92251
3.956093
4.711026
5.236835
5.023141
5.023795
-0.9924934
5.46449
6.424046
3.918145
6.267754
5.35375
-0.9974939
6.278193
-2.609545
4.120525
3.580565
-0.02574398
5.66042
5.641729
4.08007
5.593139
3.561224
0.4237404
-0.632189
5.789805
-0.9733011
-0.5551363
4.262333
-0.1184794
2.127523
6.562028
-0.7321608
-1.552134
5.542841
4.19006
0.2385835
-0.6158811
5.012151
5.035927
0.341245
-0.3311511
4.471984
6.774246
-0.399579
-1.751301
6.918555
4.485986
6.899448
4.02534
-0.6397806
5.556046
3.658194
5.24297
6.536613
1.218453
5.159446
3.898184
2.82787
6.056787
5.691994
1.648513
4.183679
6.181109
-0.04299602
4.8485
3.394849
5.655131
5.291945
5.760967
-0.97897
-0.882224
4.405533
4.670869
10.4927
5.249423
-1.640803
5.733364
5.096346
3.735895
5.524658
4.613457
5.609137
6.30872
5.424287
3.180266
5.376013
2.782606
-1.179616
4.162321
0.009663181
-0.8212391
3.493542
5.263328
4.916656
5.915704
5.37765
-0.7670937
1.574883
5.639182
5.896396
5.648249
3.640646
0.3132591
-0.05102371
4.931548
0.009085517
-0.3764388
0.7710075
4.097243
5.819204
6.279237
0.4900961
-0.273741
4.557743
4.322181
4.351549
-0.2404394
-0.6241459
-0.09784323
4.211222
4.850804
5.198801
1.629894
-0.8206931
3.758426
0.584891
5.908791
0.7356214
0.2766469
5.134567
5.240962
1.257382
-0.1304708
7.618293
3.380373
3.466357
-0.7266654
5.353071
6.028026
0.7801228
5.067048
-0.322486
-0.01782921
4.075613
4.873948
1.745999
-0.5531167
6.382061
4.621287
0.9831815
-0.2855192
-0.3689142
5.801038
-0.008549044
0.243394
1.717792
0.733384
4.267827
0.6331717
5.979984
1.115597
5.031684
0.4139422
5.753925
-0.104848
0.5068392
0.5864172
1.162875
3.540162
4.740896
7.097565
6.371836
3.150376
4.626518
5.292332
4.640046
0.01621255
4.445742
4.555141
5.694577
-0.1114135
1.84334
5.74966
5.75276
0.67452
-0.5953755
5.053809
5.141794
0.1250662
0.195129
-1.106002
0.4349788
6.651204
7.066694
5.498776
4.404176
1.001787
4.893125
9.405372
-0.04451412
7.805936
-0.8537331
5.185244
3.389819
5.518164
1.984247
1.233997
6.642621
3.669713
-0.2657281
7.2469
6.016071
1.027054
4.606987
-0.438977
5.991432
5.801338
0.2800565
6.288296
4.548259
4.474095
5.001519
1.523257
6.012618
-0.8364495
6.088127
4.998575
5.409514
0.02193991
6.722
4.345855
8.411659
5.604342
4.486664
4.995609
-1.693182
-0.998422
4.867815
6.182762
5.780385
-0.2094216
5.236661
4.029619
3.107653
4.1979
6.306729
5.99468
-0.1322685
0.4781928
3.523505
4.949624
2.818492
5.268187
-0.558727
-0.435449
4.982167
3.97265
0.519608
0.3495136
4.710028
-0.9883912
4.78458
0.02575093
2.166574
4.70014
5.316865
-1.475145
0.5883376
5.197928
6.70098
-1.100973
-0.4867392
5.266907
1.02475
5.228837
0.03755906
6.076198
0.201502
0.6082268
4.293578
3.322279
3.869941
4.707257
-2.05014
-1.809165
1.678889
4.106466
3.542898
2.008006
5.304761
-1.86846
5.96398
3.97137
7.758559
4.805351
-0.07114046
10.70191
0.7853407
1.040109
5.669369
5.048198
0.6423199
4.187893
6.209617
-0.4004326
6.140893
-0.477993
4.959944
-0.7844588
4.808558
0.3465792
4.342528
-0.4914228
4.190427
-0.7778749
3.666325
4.547866
4.742431
0.05904665
5.575877
5.656322
3.107596
4.381674
3.541445
1.017838
-0.5748423
6.189081
-0.4733466
0.4768476
0.1360731
-0.6393273
-0.08404854
1.594632
5.688892
0.7689534
6.450263
6.645024
-0.60999
4.103566
-2.124145
5.070472
2.853017
4.837063
5.451121
0.2593551
5.233121
5.08453
0.3968619
6.198003
-0.769076
1.132357
4.694295
-0.1660349
0.9147776
7.066103
-0.4737382
4.233597
-0.4112001
4.707968
-1.876561
0.1157524
4.324066
4.777144
4.610686
4.949075
5.179009
0.3969315
1.451736
5.799793
4.371867
5.368174
4.437114
1.115874
0.2157299
3.466139
0.1563744
5.32108
3.591079
-0.6974935
5.29602
5.148609
0.342398
5.447934
4.740491
5.210847
4.235406
4.460272
-0.3973549
4.348138
6.234132
0.6179504
7.070657
-0.1777484
4.660854
4.851548
5.382288
-0.3516585
1.588021
-0.2393207
-1.415939
1.68273
-0.3013099
-0.3709065
5.105453
5.748579
4.215924
4.929918
6.57099
-0.297358
6.747507
-0.4822138
-0.9372545
4.265678
3.31547
7.159065
5.730353
0.8014833
2.562959
4.022512
5.108534
-0.3300472
5.653371
5.419436
-0.5785282
0.8101712
4.179753
5.791724
4.572133
5.759762
2.290579
-0.981963
-0.9387065
4.804986
3.830898
-1.209701
4.241499
4.409473
-1.424258
-0.6932885
3.110615
-0.9291155
1.80708
5.045904
4.487464
4.467569
3.963961
5.703624
-0.229362
1.319027
6.401188
0.551292
-1.20609
-2.743875
-0.1186912
1.14233
4.985656
4.458802
5.096548
0.8293099
3.636946
4.273404
5.569329
-0.08557909
0.1118661
6.622733
4.952938
5.259446
4.124728
1.238862
-0.53293
-0.5233752
6.509432
0.7144108
4.654067
0.5139214
6.656103
1.310268
1.405963
1.280064
6.081592
5.329678
-1.00167
-1.708778
1.398019
-1.153971
6.568367
6.333688
8.023785
3.938352
4.369077
3.362213
-0.6405535
4.464676
3.757495
4.160841
4.159348
2.22332
-0.7188786
5.137085
1.054846
0.07977242
4.798181
9.308451
11.8976
5.745733
0.7236042
-0.3706524
-0.3306496
4.373817
0.1485588
7.3038
0.5214483
4.912603
5.596698
-0.4207028
5.382704
5.378362
-0.719631
-0.561066
0.8814318
-1.745153
4.090373
5.990459
0.4208241
1.040041
5.912097
5.565395
6.441948
5.223387
1.774309
-0.7033064
3.285482
0.1529851
-0.400485
4.834573
2.180061
5.073128
5.575253
2.541386
0.04544736
7.444799
0.5436593
2.53077
6.091649
5.807808
5.547171
1.121735
-0.6709928
5.896227
4.331563
5.997756
3.809591
5.019951
6.809307
-1.203449
7.445788
6.07232
6.627768
5.444344
4.232358
5.780884
-0.1512333
-1.393537
6.774339
-0.6061231
-1.447221
0.5106483
4.855506
3.959904
-1.943068
5.205194
1.608569
0.6296796
0.7038424
6.351845
1.661811
5.64575
2.779115
3.804871
0.6231419
-1.155714
0.04913369
-0.5288142
-0.8600614
-0.3022596
-0.281421
6.580992
7.225114
1.01181
5.130231
6.110659
-0.3784425
-0.2689026
5.189351
0.7499851
3.977474
1.972359
4.915853
6.682799
1.243098
4.416765
-0.01282261
4.739952
0.3793346
6.170282
6.128054
5.857703
-0.8917726
2.192941
0.1519267
3.042255
7.086122
0.6546599
0.2164771
-0.4761488
5.682138
1.619686
7.459844
6.540738
7.640389
-0.0998252
5.255258
5.394184
-0.4756432
-0.6623243
-0.6512807
8.349195
-0.6752496
-0.6006161
4.613244
-0.03967891
7.141581
4.710847
5.319951
5.796782
3.639284
6.236298
1.030158
0.5229585
-0.262027
-1.073977
5.670102
6.292107
5.650103
6.070242
-0.2525667
6.065199
-0.4837143
9.099581
4.81779
3.224211
1.860687
5.939292
-1.134987
0.8513781
4.946803
-0.7440692
-0.3195626
-0.8520464
4.250538
5.898211
0.05949275
0.251642
7.998367
-0.7318013
4.882246
0.08360598
4.30926
5.115097
5.294881
5.486188
1.129673
6.144887
5.762595
2.421556
0.3764281
3.776515
4.754583
-0.1234798
-0.71544
5.146034
-1.927757
-0.3561944
1.60686
0.5374092
5.061411
4.229427
4.448073
0.3110969
5.437016
4.725576
5.595653
6.129635
4.368113
1.264406
11.94608
0.9238791
-0.7629317
-1.227801
0.4033372
0.9903042
3.821181
5.21539
4.521495
-2.178667
0.3749384
5.30528
3.85607
4.795059
3.970171
3.991936
5.413152
5.671129
-0.2892794
6.203548
0.428214
1.485981
-0.8648729
-0.8264961
-0.4494405
7.180916
5.179054
-0.5941332
-1.118367
-1.387448
5.214531
-0.1170249
6.50197
0.9219249
0.6640595
6.594196
-1.159971
5.949137
6.386419
-0.6211582
5.223384
5.477899
5.764004
5.553238
1.418463
4.984723
3.227443
0.6418712
-1.076148
3.642459
1.680678
7.043989
4.850954
5.059139
4.872955
-0.2633639
-0.3621486
4.361081
-0.455579
4.208362
5.387232
0.5447999
5.846435
-0.6660175
3.803893
-1.594158
5.452263
0.3781093
2.878311
5.556563
1.102362
1.509033
1.202247
3.634602
0.5414913
1.006375
-1.216254
5.955124
-0.2250872
6.433202
3.815583
5.040513
0.3751247
0.4414487
4.649174
5.751609
-1.315545
-0.05121299
-1.925471
5.323208
3.623743
4.002087
1.708179
-0.2866012
-1.847544
3.410676
1.602624
2.450388
-0.007797785
-0.4855706
5.273997
-2.485801
-0.294094
4.627202
6.19362
6.668008
-0.9825492
5.26927
4.067644
0.1260353
4.359687
-0.8960904
11.18473
0.1601414
4.294717
-0.6945685
6.917456
-0.6739926
4.41209
-0.1308541
5.071803
0.6660372
0.4060621
-1.281607
