9.033717
4.280072
0.7230455
4.335313
0.714622
4.161801
0.6885362
0.216929
0.9260314
4.893563
-0.597261
4.353431
0.6441001
-0.1457478
4.738068
4.931521
-0.4443813
4.749271
0.2624725
1.586263
4.978906
3.970612
5.000376
5.844276
1.246776
4.941689
5.343133
0.2281713
4.424672
1.745043
5.173699
-1.350239
-0.002818218
5.779877
3.845513
-1.154546
4.268752
6.393381
3.45167
4.902932
5.129497
6.020563
4.337172
5.503349
2.935548
0.7464757
2.277891
4.764391
3.882165
4.748819
5.492127
3.233751
1.558981
2.775192
1.470913
1.698493
1.078226
4.830911
1.972034
5.563429
-0.2858775
6.047837
4.610501
4.102057
4.331456
6.202258
3.616856
-0.9329603
4.943095
1.215141
6.29477
-1.312684
6.422316
5.235339
-1.417233
4.661527
-0.8229074
-0.7589254
1.209831
4.276209
2.604663
0.04754984
-0.7333702
5.412366
-1.064299
4.649798
3.324051
4.529241
5.654682
4.606624
0.9882392
4.73953
0.7182664
-0.3405973
1.567116
2.860181
4.303269
1.357607
0.8677995
5.865403
6.854676
4.000113
-0.8439848
4.556428
5.010427
6.64201
0.166859
5.653344
-1.734751
-0.3588569
5.432668
4.914394
7.14385
6.650315
-0.8141708
5.686161
5.885535
3.774877
1.515603
4.396673
5.234863
0.1814179
4.198556
4.703539
4.374349
-0.5731844
-0.5335991
-1.894536
5.027074
-1.30344
-0.816424
0.1783576
3.885489
5.733486
6.959958
0.6027638
5.607069
-1.249188
3.070018
4.946212
3.866539
-1.046291
3.889324
4.23096
4.858891
6.119955
5.291707
-0.1788346
0.4132586
5.47324
6.431379
1.344778
4.850437
0.3076812
1.820714
4.964452
5.759688
0.8112917
-0.05603205
-0.9096327
-1.668056
5.40778
6.468069
2.629201
7.714569
5.700136
1.085814
4.246944
0.1043205
3.709947
5.328729
0.5547079
5.231394
5.528653
2.200054
-0.518263
4.067061
6.297691
6.405854
-1.28472
-0.6656312
5.91862
4.08692
2.57099
5.171427
4.363633
8.447629
1.467177
4.249775
4.259615
2.266592
4.411809
-0.8692586
5.664381
-0.07165113
4.61574
2.089437
5.829801
0.8885821
6.953213
4.962099
4.699377
5.171097
5.402309
4.108689
4.102237
0.6032949
5.417665
6.591908
6.870975
5.342644
4.591681
4.475416
3.206445
5.712602
4.382501
0.2181337
-0.8440273
5.663871
4.774706
0.7057326
-0.4197933
4.776917
3.448462
5.287056
-0.5092045
5.387745
3.050753
4.668402
0.630847
6.031415
4.843984
6.310447
4.940321
5.456769
0.2804011
3.911304
2.165944
5.903427
2.22043
4.855504
5.389434
3.999812
4.855694
5.767728
0.3894055
3.692181
0.1570746
4.129323
1.479891
