-0.1777459
1.111796
4.773849
-0.2527207
5.061622
5.14525
0.2794474
6.292887
4.981322
4.464991
5.416632
6.6152
4.153823
7.117173
6.640337
-1.052621
5.142398
-0.08148921
4.757018
0.4880401
2.554175
5.826988
5.094611
5.085745
-0.07712033
5.497451
-0.4536953
-0.8425897
2.846294
4.870371
4.965764
-1.551643
-1.797496
5.611746
-0.6094069
-0.584171
4.776179
3.837618
6.024257
5.143355
4.374927
4.454432
4.870207
0.7587303
5.650701
-0.6084953
5.267294
5.628059
-0.2398844
6.916453
5.648008
4.587912
4.506825
5.718315
0.4816199
8.433492
0.5886572
-3.824738
6.422071
0.5672273
6.75902
4.671749
-0.05249358
5.424211
5.730045
1.787899
-0.399978
6.728669
6.1545
-0.990499
0.1384079
1.071018
1.405659
5.64164
-1.90976
-0.1984497
-1.551864
6.109729
5.620074
5.610223
4.816825
4.413201
4.522499
-1.446279
1.688256
5.888251
0.284594
4.701623
5.884336
-0.1513807
-0.9048244
3.090674
6.022177
-0.6548283
-1.162878
3.695332
6.048048
-1.516526
-1.352955
-0.8509733
1.442008
0.1852021
0.231972
5.358921
-0.6109243
0.6898161
4.651958
4.33638
-0.04731191
5.314882
-1.310926
0.7247933
-0.1113571
5.388529
1.522957
3.724644
-0.2332913
-1.073613
0.2028788
8.589896
0.6714425
4.775597
5.686873
0.8037941
6.180644
6.380025
0.1036424
1.551323
0.941893
5.396016
1.24392
3.96834
3.847728
5.492558
1.21872
4.22347
-0.75705
5.547632
6.018768
6.429399
6.120572
5.647487
4.240397
4.644137
0.6193619
5.450182
6.22414
4.481032
-0.9555175
3.536167
5.078713
4.601191
4.910514
4.839946
5.433008
4.8364
-1.319815
0.4481315
0.3757525
2.555551
5.327214
4.472237
5.930042
5.672386
4.831729
-1.512774
3.355099
5.632282
3.167825
4.552423
4.292732
-2.295052
5.411428
5.532134
-0.375531
4.5587
5.497523
6.084157
-1.102874
6.385683
4.310518
7.09949
3.463039
4.985934
4.998115
3.101503
5.38617
4.57803
5.452646
4.816629
5.642887
-1.188599
5.480289
-0.4788518
5.412429
0.7116214
-0.9621528
4.883189
5.625809
3.687393
1.100456
5.365278
-1.257208
4.27651
4.804362
4.286267
-0.2970764
4.579778
4.956403
-0.8197098
6.248108
4.431571
4.493595
4.2217
3.587243
4.627109
5.465042
1.357309
4.031587
0.2219905
1.306198
-0.4779447
4.421264
5.339104
-0.5436094
-0.3112531
-1.032496
0.7463739
4.752645
2.500341
5.177099
3.945116
6.954902
-0.4084139
5.322062
4.387849
-1.490313
5.960183
6.112907
3.304981
3.421037
7.301835
5.61865
-0.894104
0.2243808
-1.466786
4.170711
4.782927
0.201958
0.7979245
