9.09396
5.380201
5.076289
4.698465
0.8244338
6.052283
7.446908
-0.4354334
4.604441
6.073996
0.2595864
1.741538
-0.1299551
-1.999774
6.912839
4.796875
-1.039447
4.973283
3.891798
2.787384
-0.3968676
0.3184526
3.566017
-1.014019
3.39743
0.1006671
4.313273
0.9724909
2.908903
6.19001
3.726189
-1.449369
4.943805
6.306665
-1.338514
4.763788
5.847395
-0.8947982
-1.51655
5.495294
4.796845
5.126341
4.903778
3.881692
4.304042
5.006108
5.16923
-0.1551478
0.122264
3.337361
4.510033
5.989233
4.163942
4.731244
6.729136
-0.06317496
5.32245
0.814624
4.759355
6.428399
4.748743
4.08967
4.451173
-0.3933506
-0.7517291
4.105998
-0.5799994
-0.2754549
3.925001
-0.1077926
0.5635649
6.621625
4.757666
4.518787
5.07888
3.740546
-0.3915812
4.647048
2.134364
5.632565
0.3455345
5.572158
4.088962
6.407133
0.3244795
-0.5281
0.5528253
5.611551
3.863037
-0.4534993
2.417242
0.4756748
5.399873
5.48455
3.477774
0.5942152
-0.1472767
5.573252
0.3450018
5.334232
5.360435
-1.327399
2.12877
5.660875
4.847911
-2.179702
-0.08798821
4.823156
7.164474
-0.1744117
5.732239
7.242711
2.849878
4.635774
6.228296
0.516031
4.344086
-0.7484508
4.924659
-1.471406
0.816503
-1.209363
4.429893
-1.574979
3.423868
-0.6537259
3.816928
6.174059
4.870729
0.0265229
-0.337812
3.563121
1.637574
1.312819
4.394183
1.10608
4.066344
0.9908532
0.4972338
4.460684
-0.4076323
6.614028
3.320115
8.465356
5.07895
-0.9462522
1.916451
4.661294
5.487875
6.281891
-0.3818819
5.679402
-0.6091707
4.107259
-0.3201878
4.472953
4.811766
4.739603
5.837261
3.525196
-0.1832323
4.892916
-1.334772
0.9257864
5.353842
4.496782
4.561235
7.421047
7.59215
0.7457945
4.078713
3.594903
4.472021
-0.1154193
0.04985382
0.9814357
4.782608
0.2373446
5.708423
-1.198576
-0.122389
6.275716
1.945007
-2.681874
-0.7453034
-0.2005948
5.444598
-0.255104
4.234517
5.998539
-0.4742479
2.654266
6.819665
-0.8412598
4.061981
0.5650474
3.987329
5.229645
0.174374
6.212174
5.895164
-1.15963
-1.464942
12.07221
4.95972
6.182846
0.8124062
-1.51505
-0.3836666
5.346072
1.150723
1.667454
0.9534688
1.450444
1.305707
4.285669
6.097142
5.890578
5.495885
0.1704968
3.351879
0.7235023
-1.463838
-0.03610989
4.835295
5.309086
5.701995
-0.4248278
-1.62061
4.198118
4.019049
5.472213
6.296645
1.075955
1.679921
4.814661
4.188952
5.495061
0.2585401
6.457088
-0.3644307
0.3987434
2.15016
0.2663359
4.340481
-2.906461
-0.4106379
-1.886245
-0.1555048
10.99514
