0.665245
0.3102973
5.254361
-0.157777
5.679933
-1.332219
5.275243
6.697398
-0.4008347
0.2612851
-0.179166
5.165318
3.660862
6.288765
5.498068
5.896084
7.463094
-0.08663512
4.662201
0.5637547
5.729606
4.808374
1.513951
0.4551163
1.208432
-1.8754
4.43284
3.904269
1.011251
-0.04789739
5.797552
6.545641
0.5058398
0.01615505
6.901139
-0.160227
3.823384
5.53077
3.543729
0.5842879
5.19518
4.823448
1.676807
3.650659
4.344113
0.9725622
6.441603
0.3254658
4.153237
5.663822
1.069342
5.291926
4.616946
4.945796
2.364774
2.833249
4.286785
4.800538
3.959051
4.293974
-1.368666
-0.2461533
3.761266
5.368869
3.335049
-0.1934799
4.182783
0.7918999
5.253897
1.870268
5.508878
0.7625241
3.885834
-0.3456775
0.8700492
0.6532512
0.1410172
-0.6567437
6.195442
6.065975
-1.131232
6.846281
-0.4305558
5.802947
5.16135
5.134663
0.4814877
4.138437
5.653535
4.071581
0.7152842
1.409977
4.007819
6.419138
4.805668
-0.3252441
1.272222
0.8217048
-0.2276904
4.780499
2.579647
7.124136
7.869939
-1.459154
4.44142
5.982746
-0.5757955
4.333551
5.803461
5.226144
4.953127
4.39914
6.299834
3.061765
-1.038965
4.672659
0.6245768
4.79204
3.003125
4.006436
0.004974326
5.459887
3.907888
6.56976
6.944326
-0.2781312
3.645351
1.894909
5.184207
0.8542213
5.526738
3.266428
5.575329
5.445175
-0.9338767
5.939569
3.928199
4.502366
5.536965
4.557378
5.109762
4.673453
5.898866
5.725685
-1.17941
6.004399
-0.1232021
3.198027
0.09082368
-1.308981
-1.53626
5.994772
-0.2646506
5.212363
4.015918
5.089438
3.963423
4.26028
0.3382258
-0.6585635
4.025706
1.586805
5.037246
4.159139
5.827985
4.78386
4.525658
6.777421
3.384848
-0.3361277
1.974179
5.72542
4.71434
5.764681
6.706773
0.9227762
-1.836649
4.080046
0.1572667
3.451584
6.289656
3.345593
1.269669
-1.143005
3.443127
5.590158
5.990344
6.949945
-0.4069431
3.351008
3.607436
2.42345
0.06107386
2.990499
5.756338
-1.970531
4.180401
5.338017
0.4907014
0.4256056
5.593397
-0.3350953
3.988622
2.297184
-1.573653
0.5368211
3.778712
-0.6306311
4.396137
5.529275
0.4608848
0.388251
-2.082608
5.882778
1.364137
4.702884
4.472996
-1.778598
0.2826869
-1.238314
3.894766
0.3625032
6.159107
5.586367
2.17718
-0.5350698
0.3534836
-0.7863814
0.5447533
3.74307
6.237578
4.987954
6.640693
-0.4658025
4.462408
6.340336
0.406592
4.792447
5.930454
3.643728
4.951789
0.7106634
-0.5950237
4.621782
-1.871358
5.711158
-1.431304
-0.756925
7.159972
2.594682
4.651985
-1.816411
1.959491
3.723407
5.43452
6.031406
-0.4433181
-0.6178397
0.5453045
-0.8039278
6.011136
5.654013
4.843959
6.354942
-0.5990582
5.413417
6.535208
-0.304094
5.761409
0.5099066
1.077369
0.08762414
10.64245
4.617605
5.458343
5.142162
1.498736
6.394423
-0.7739895
4.977323
4.403471
6.616252
5.182664
3.171833
0.307385
5.445144
3.887159
6.908799
4.95888
4.816086
6.819221
-0.07309345
5.635784
4.842606
4.054921
-0.4893528
4.678711
5.315701
6.588177
2.697788
0.1824006
3.872409
3.594923
0.3391092
4.160322
5.835303
0.723041
5.125498
-0.258744
5.855117
5.64438
5.798499
5.816334
1.927944
-1.430332
-0.390459
-0.2075049
8.408225
5.888424
4.164299
4.941987
4.155589
0.7961972
5.158043
5.732049
1.418774
6.390495
6.43556
0.316481
4.519969
-0.9789281
5.280507
-0.2965301
-0.369648
5.092188
0.1166481
6.393383
6.024927
4.806686
0.3435403
5.814228
1.450139
5.477711
4.121854
4.959402
7.161033
7.675838
-2.199008
-0.4982763
-1.873055
6.515504
0.00976453
-0.1694267
4.857841
5.829575
-0.7375134
-0.4308678
6.054866
6.232143
4.670868
3.746938
-0.1068604
7.027658
4.974255
3.526066
-2.129326
0.5537061
3.809849
4.316645
5.912401
3.861489
2.619528
-1.025279
5.278661
0.1775635
5.420286
5.871601
1.253288
2.527031
-0.8406301
-0.5663511
4.88972
0.7553374
-0.2629122
-0.6696193
0.166264
5.912072
4.975958
-0.4467624
0.4330598
-0.80243
-2.65759
4.445406
-0.3486962
-2.101608
-0.0354635
5.435231
4.96663
2.551172
5.915933
4.17514
1.984872
0.8016004
5.332806
2.046741
-3.032558
5.875067
-0.8755364
4.964913
5.713149
6.535403
5.399271
0.7167522
5.77559
-2.689712
4.002369
5.603541
2.106006
-0.4910567
0.424967
4.179081
3.602756
2.173986
-1.031713
6.971302
4.034692
2.963896
-0.7891017
3.728242
1.714379
-0.8188838
5.340282
5.820027
0.832184
5.060925
5.654105
4.59184
3.810209
5.862646
1.190925
6.124261
5.584586
1.393186
6.858791
4.732741
6.138859
5.984878
4.281064
4.967809
-1.007003
4.880929
4.567474
4.236451
0.5011481
-0.6422359
0.8944974
3.945295
5.323079
5.701371
-0.4128929
6.700203
5.942836
5.169987
5.301816
5.79133
5.899417
3.691634
5.273247
-0.007115287
0.0377667
3.828004
-0.9038461
0.5577115
4.112513
3.624506
4.249033
-0.2742378
-0.09344271
4.138112
4.940599
4.99597
3.966492
2.305444
4.301269
4.681335
4.460581
-0.7484478
6.825717
-0.6777148
4.094187
5.203008
0.4209992
0.154801
1.679352
0.6590484
3.919774
-0.8196511
3.222173
5.225733
4.264459
6.207163
-0.7044767
2.583409
-0.07241954
5.217648
7.470671
4.502945
5.21645
9.796473
-0.756439
0.3211231
5.811406
4.921522
-1.424599
6.63309
4.704721
4.421107
6.227899
7.207749
-0.7051831
5.024905
4.570614
-0.5890867
-0.5792965
4.547208
5.123212
4.286782
4.66892
0.4004408
5.966164
5.547758
-0.1198821
4.400799
0.6522145
5.056795
6.592131
-0.588579
3.364077
-1.127715
3.705837
6.098543
3.590566
5.947407
0.7608444
0.6932123
-0.6291615
-1.031588
4.900787
3.360821
4.284048
4.2218
1.351983
6.455266
1.797197
4.949718
4.412297
-0.111706
5.669138
5.935162
5.48243
-1.612491
4.086637
5.883053
1.103183
-0.8224668
3.326869
-1.963091
5.978701
-1.015005
6.239863
7.900017
0.388128
5.713278
2.536956
-0.3008631
5.985717
0.9658947
0.02950114
5.480195
-0.07664592
4.893179
-2.416231
2.416257
5.869081
-0.3988688
-0.3855108
-0.217509
4.455719
0.3328781
-0.9429339
2.871556
-0.456988
-0.8435551
5.81472
6.185309
3.804861
6.600377
-1.023314
0.3711426
-1.159274
5.337002
5.364856
1.426321
5.155306
5.372422
6.689042
5.531069
4.963291
3.979095
4.595644
-1.455266
4.928015
0.3902072
-0.2491734
0.3113233
5.039192
5.432322
0.3560011
11.95739
0.04059541
0.08635841
5.117156
3.752657
-0.3069894
-0.1294732
5.396183
-0.2692635
3.937953
6.822754
4.554876
-0.5363695
-1.00716
-1.572079
8.028878
6.871612
0.05955178
6.500694
0.9376571
5.172545
3.124669
5.35485
-0.1625137
3.544638
-0.66877
3.519006
8.821845
1.779925
5.99943
0.1766246
0.8615326
3.783125
4.71459
-1.01041
4.887299
6.231557
4.430535
-0.5525607
2.425298
0.8976586
5.736219
-0.9772163
0.6261429
1.026855
5.725077
-0.45876
-0.2932334
1.548346
3.731494
4.020604
7.907884
-1.049252
4.78102
-1.544765
5.696816
5.181842
4.642973
0.5468
1.157693
0.06366503
-1.986555
1.562611
4.802518
5.935733
2.249162
6.990896
4.969209
-1.592719
5.610002
-0.3803573
-0.7645814
5.541865
4.061843
0.2432523
6.310998
4.346213
0.07703069
-0.1922263
0.2683228
4.924594
5.403063
3.929084
5.702976
-0.785292
4.384098
4.050283
1.033175
4.053649
6.007477
5.386973
5.327126
4.81732
9.328352
2.941396
0.6841147
5.882282
-1.167856
0.5382161
4.180994
4.711076
4.016132
6.029349
1.116188
7.153424
0.2275997
0.5166034
6.698646
-0.3160141
0.8052978
0.08377751
5.517117
4.907709
8.438388
8.369984
2.818685
5.168251
5.729341
5.417024
-0.840025
5.991438
3.321106
6.662958
-0.8902456
6.904746
-0.4180434
5.1542
9.404253
-0.8751527
5.742447
5.29944
4.336197
-0.4685594
4.63693
3.331574
0.4390962
5.228236
3.629245
5.171307
5.743122
0.3124104
1.301628
0.8100656
-1.316359
-0.1939062
6.072908
1.596593
4.820626
5.020949
3.858949
3.951579
1.111238
1.47069
1.07378
4.661996
5.368658
-0.2389663
6.576598
-0.8455064
5.329103
1.11636
6.480104
5.811353
4.187818
0.4226478
5.872422
0.7106914
3.84626
4.886631
5.566796
3.867802
1.139777
0.9660787
0.7872331
-0.4547276
-0.753608
2.537527
4.237121
4.804026
-0.4434216
-0.6841415
1.454551
-0.7602681
6.518568
-0.1541908
0.1638608
6.044555
-1.019274
4.120895
5.010732
-0.4878443
5.026152
0.1106211
6.128206
6.171073
5.384651
-0.8572414
8.667022
-0.3963659
5.542973
-0.9861787
3.851305
-0.8308466
4.767966
-1.210913
5.729352
3.79081
6.447226
0.4936302
5.691395
4.277235
-0.8523989
5.852176
-0.975185
4.956127
0.6024151
1.920871
5.888394
-0.5830544
3.95396
4.118903
-0.3143525
6.592302
0.090135
0.5865518
4.222961
0.1417907
1.560112
0.4911271
1.150697
4.392582
0.04161474
-2.63928
1.144661
6.226406
4.556308
3.182312
0.8158349
-0.04690749
0.5186538
4.858601
3.789272
-0.1527308
0.621402
-0.8014389
-0.1417277
5.674329
0.4023716
0.7014267
4.948785
4.420188
-0.615267
6.377909
1.083365
5.008185
6.487832
-0.1467963
0.5524833
-0.3001339
-0.3939904
6.666136
-0.3295059
0.2997002
0.6518641
1.498672
1.092408
6.030427
6.2442
4.845927
-1.586384
4.980088
6.575859
0.8975094
5.255871
3.268693
1.187135
0.2459576
4.664131
-0.4650539
-1.045894
6.56626
2.180848
0.33209
5.214903
3.000307
6.443152
1.434728
0.6559837
1.122553
5.331658
2.853642
4.404551
4.550687
1.002243
4.810633
3.641917
-2.586292
0.6459557
1.593734
5.005503
-0.6118712
5.517074
5.249178
-2.783877
4.574192
4.325504
4.315902
-1.3105
6.535355
0.3149955
4.355848
5.232765
3.884998
5.560865
6.382326
4.084079
5.852004
4.459967
2.092073
0.832844
2.950062
2.593535
6.165847
-0.7357401
-0.3003361
4.51509
0.7205582
5.932615
5.658167
-0.6618493
0.04644954
6.567236
-0.8785461
-1.680148
7.252801
5.658436
-1.289207
7.577759
3.780136
4.761039
2.986955
-0.8413366
-0.9131187
5.726264
1.661081
0.9482
5.326252
3.947251
6.866381
-0.5388148
0.2073195
9.946095
0.9043707
5.786357
0.09539237
3.976648
6.283594
4.607797
0.01679158
5.667781
-1.236837
-0.2441761
-0.8394055
-2.421302
-0.64965
-0.7396382
6.798959
0.117672
4.728488
0.1287057
5.700834
-0.4654795
-0.7554461
0.2519057
-0.7557386
1.932185
3.555426
3.82796
-0.4662652
6.804165
5.002367
6.566734
4.631044
-0.3092219
4.675319
-0.304249
6.372446
4.991468
0.8296008
-0.1349865
0.1757089
-1.468361
6.467181
3.934099
5.343946
0.4336843
3.085199
9.038829
-0.1486641
0.7420217
6.1633
4.425071
10.24475
4.240202
-0.6794877
4.401193
4.530315
4.604201
4.663138
3.526571
4.547596
4.772269
0.4081823
-0.4581787
-0.9934169
5.043434
3.643265
4.529376
0.4256978
-0.2797052
6.534396
-0.1530052
-0.3607778
-0.9892229
5.110869
4.346545
0.3034159
0.8405119
5.761746
6.438348
3.731963
-0.8010062
5.031954
3.659681
-1.871381
-0.009068396
6.534738
5.201025
1.891731
3.794721
0.2366783
1.349915
4.491699
-0.7502944
6.165006
5.052304
0.5912852
5.131009
5.514594
6.925966
3.832333
5.206196
4.453294
-1.762447
4.806124
-1.347278
4.878033
5.117999
2.791456
4.449837
0.505435
5.656148
5.017843
4.904181
3.316746
-0.1100245
-1.711012
-1.868383
5.607233
5.64655
5.72431
4.677395
3.100468
4.492356
0.7300794
-1.293256
0.05036894
-1.384123
7.394567
6.071662
0.7384352
4.525894
6.693827
5.530311
-0.1591565
3.854869
0.2755066
-1.311442
4.252459
4.179832
-0.961882
-0.1400307
0.1017748
3.705634
0.1601242
4.966915
0.6759557
4.287257
4.496007
4.732784
-0.5567818
5.904532
-1.461847
5.913545
4.499845
-1.023505
2.06989
-0.6392928
-1.335021
5.069727
6.559465
0.3086509
6.116715
-0.5770086
-0.6390625
4.685501
-1.185534
0.545893
6.296305
3.791665
6.87878
2.267219
1.117512
1.222409
4.411171
6.228032
4.269632
4.156672
-1.296697
0.2249416
5.540481
-0.5914134
4.186348
-0.5356953
1.884531
0.4365914
2.811462
-0.3158399
0.5538574
0.3337486
6.537645
-2.517108
4.52768
4.74732
1.416232
7.812474
5.131351
3.483942
4.815041
-0.678387
6.227296
6.040271
4.623614
5.560262
3.104581
-0.1364731
-0.9095737
4.81294
3.382328
4.653236
-1.076676
0.7703411
6.076242
-0.08193493
0.3254232
6.831078
4.369056
3.989605
5.202393
-0.9704373
-0.7570396
5.867513
0.3326309
1.188376
1.3765
5.247883
6.742107
1.670448
5.135162
5.149355
7.75415
0.9788108
-1.305753
3.868395
0.4690188
3.753019
0.8590224
-0.2721066
2.922314
0.9000874
4.701458
3.496115
3.821104
-0.7511391
3.902291
5.080388
5.243518
1.226711
5.132365
-0.7327123
4.349755
6.151093
5.036531
-0.7445265
5.181419
3.177372
0.0944216
0.07066895
8.45537
5.535233
5.118763
5.530673
6.295662
4.559051
5.841541
2.723201
-0.05897991
3.567116
4.905309
1.747328
-0.03560236
3.057359
0.5016103
-1.031624
5.645061
5.817986
3.773488
4.371132
-0.08172088
4.068036
4.557083
0.7813256
4.719592
0.1032669
-0.6836389
-0.9401117
1.390125
0.128406
0.3579401
4.482167
0.7604445
0.287709
-0.8251502
0.8655421
1.416665
5.908781
5.253963
7.212514
-0.341613
4.831407
-1.183712
6.116181
-2.639351
2.748868
5.045378
5.658455
4.531408
4.029051
0.2391255
-0.9203683
5.135032
2.679253
1.744979
5.488313
0.2147254
4.481261
-0.1866794
4.457644
4.232223
4.621581
5.248847
1.581703
3.300823
0.6013106
-0.007459316
2.751727
-1.369751
9.119457
5.429449
4.176586
4.675598
1.080303
5.003771
3.618756
4.310355
3.904159
4.712937
6.796541
3.444171
-0.3801433
5.138026
2.365977
1.760485
0.04487085
-0.5913925
0.5494767
6.050384
5.594092
5.831303
4.786977
4.456933
4.18996
2.106941
-1.198282
6.449068
-0.7739609
0.7884198
4.181165
0.345548
4.787336
5.84077
4.988527
5.359166
5.002288
5.020704
1.587389
-0.04208948
-0.07544189
4.635771
3.743445
0.1204966
3.002429
5.597853
3.025879
4.969072
1.099564
-1.23482
6.753057
6.185535
3.406633
0.2569825
-0.6456266
3.485376
4.726363
0.3441333
5.782656
4.207663
0.4184859
5.585001
5.080429
6.022668
1.128284
5.771882
1.375913
5.940997
4.460612
5.889982
4.838272
6.072902
-0.5098028
2.311627
-0.9193951
7.291882
5.251848
5.587491
-2.903004
-1.407125
5.412966
-0.06657705
0.4343288
5.468668
3.863967
5.122649
6.310823
-0.312634
5.690128
1.619503
3.472791
0.09821096
-0.7924662
4.473624
7.03441
5.596609
0.2815332
0.2295935
-0.4014616
6.323469
3.771274
6.547739
1.503476
-0.4894241
5.862385
4.99981
0.8291746
1.044776
-0.4061059
-0.5899591
4.984299
-1.295798
6.32019
-0.4555662
6.816712
0.5256831
5.243124
-0.2923624
7.219034
0.8556478
4.062519
0.9729342
7.210818
4.750162
6.67462
3.179107
0.0464849
3.000038
1.656991
4.271299
5.480526
-0.9526365
4.684562
-0.6077496
4.198308
-0.02881572
6.751596
5.907766
4.73979
7.040074
12.09212
-0.5517633
0.7322259
0.5442203
5.021734
-0.6256486
-0.1768749
4.091574
4.274005
6.938997
3.896185
1.085864
0.2747681
0.0691432
3.415891
0.529454
5.364543
4.526811
3.035424
4.288286
5.591065
0.884856
1.089849
5.244946
6.972807
4.735667
3.402734
4.196315
7.522472
0.7216636
-0.4643627
1.44166
-2.204144
5.356911
4.942948
-0.4520894
-0.3281134
5.457556
6.004575
3.475158
8.565365
4.197052
5.977377
3.949642
4.286202
5.08146
5.051851
4.413828
5.492018
4.596912
4.018466
-0.4431642
0.7170445
-0.2418974
4.785765
6.068898
0.5238659
5.836051
4.713968
4.040358
-0.06259415
5.382229
3.886288
-0.6012449
4.967973
5.927899
3.123759
1.209165
5.729876
1.684995
5.338524
5.436803
0.5638697
5.076582
5.503909
3.981498
4.223127
5.293573
5.968037
3.604647
-0.03896728
5.254875
3.515859
0.04920723
7.171354
4.472622
4.432844
2.378403
0.3891586
-0.3904468
3.703148
0.01338044
-0.6106447
3.250704
-0.3709596
0.8490057
3.657023
4.864054
0.8424144
-1.603694
0.9589434
-0.9187171
0.05109039
5.012726
-1.061513
-0.2348985
6.281857
0.9968043
-0.05221748
-2.68174
0.559402
2.741171
3.974442
0.9633494
3.762512
-0.7794223
5.627417
0.5554857
-0.09209215
4.542066
-0.6735346
0.2822303
1.787975
6.252019
-0.693494
5.677074
1.196517
-1.457444
-0.9047518
5.037507
5.439133
5.2139
-0.3504673
5.137787
3.479387
-0.09039004
0.0172188
5.892937
3.436706
9.960602
-0.03728212
4.329595
4.460756
3.820617
0.5260767
4.421532
-0.4081998
-1.434186
1.051872
5.637236
5.500591
0.4377107
1.784919
-1.199799
0.06211764
-0.3078478
5.605587
5.871715
-0.2907278
7.458109
2.91304
1.30432
3.911479
-0.01174543
5.06192
-0.3767745
5.911872
7.183535
4.824298
4.421177
1.528013
4.787186
6.194125
0.6160982
6.228932
3.993995
-1.39637
-1.076293
4.125547
4.958345
5.681828
3.476877
0.09566561
7.716741
0.1136256
4.455658
-0.8197073
0.07815275
2.649491
0.5960314
-1.982869
3.465043
-0.09319427
-0.006741451
1.942387
4.93654
1.176461
7.158104
-1.069696
0.5854996
4.661281
5.93742
4.392673
0.686606
4.316984
4.421234
4.327682
4.448763
5.233025
3.399227
5.869597
7.139968
6.03188
5.274831
1.361961
-0.8961588
-0.7051808
7.087561
-0.09324629
-0.1638939
5.031859
4.304559
4.162674
1.9279
5.394486
5.946123
0.127606
0.8810929
-1.624318
3.978148
5.970543
6.310055
6.045459
-0.611041
0.5711317
5.344202
4.968249
6.425042
6.481146
-0.07307594
3.91387
1.84875
0.0001530435
4.65965
0.6886643
2.725085
-0.4638854
0.945375
3.548983
-1.030245
4.821874
5.213007
4.829848
2.566271
-1.372969
-2.276601
4.51861
4.23271
3.701287
5.150714
4.774213
5.417176
-0.7668587
4.344939
-1.828873
6.732852
4.43818
4.2408
-0.8338353
1.448627
4.808456
6.011969
4.901538
5.540249
5.376978
5.223709
-1.525432
6.318859
4.039952
-0.6588338
3.731949
-1.320221
-0.6572613
6.83428
4.216712
-0.1673345
5.871966
4.92347
0.7598489
4.955085
4.32029
3.986851
5.370908
1.478629
0.2210058
6.522669
7.439404
-1.902526
-2.20371
4.398669
0.3067104
5.219834
5.349085
4.987137
0.9361672
0.4846572
-0.09642905
5.029694
4.333366
4.650576
3.84824
5.938985
4.777819
5.291957
0.433132
2.804878
5.970719
-1.019494
6.349207
0.1903778
-0.7257622
5.210522
2.495293
-1.397316
3.011938
4.055462
5.225134
0.0480288
-2.783084
6.194939
5.05558
5.656213
3.987688
6.611099
5.654745
-1.325733
6.699126
5.301152
0.1713942
4.957327
10.84203
-0.2528255
0.9207372
4.927739
4.012878
5.349329
6.248959
0.3024511
4.972598
1.242148
0.262116
2.151116
5.345265
-0.1103693
6.35258
-0.6587002
0.6046663
-0.5621903
0.01109678
-0.1149999
4.071267
4.55285
1.098457
3.83812
0.549941
4.562481
7.244867
0.1116548
-0.7758598
0.07763744
6.364828
4.538969
5.021933
4.433748
-0.7574957
-0.008436133
5.723468
5.262807
1.720632
0.349451
5.259821
-1.423323
-0.06106783
4.1661
0.1704621
4.355206
1.012778
5.442125
6.173277
0.3794314
2.520888
-0.5735541
1.103565
0.9168869
0.1760212
2.290735
0.1997196
3.93289
0.184861
4.279426
5.83008
5.851723
6.332868
0.1562073
5.47544
-1.437048
2.290527
3.479614
6.158612
2.019889
4.385793
5.6604
0.7226752
6.757456
-1.656701
1.301683
1.466106
2.319832
6.998864
1.025933
3.046125
3.499909
-1.119936
-0.9525827
-1.864451
6.501594
6.187173
3.978165
5.80033
-1.579731
1.408609
0.4194491
0.5258
4.676451
-1.381473
-1.383426
2.354275
-1.108091
-0.08835221
0.9876734
5.393778
1.032975
4.447086
3.868939
6.528972
-1.154776
5.272866
0.5081144
0.4173099
5.671607
5.839667
5.693047
4.678686
6.059556
0.3019212
4.749375
4.874505
-0.9789978
0.2577804
4.4121
6.275305
0.9298963
-0.5856765
5.749089
6.149953
4.504479
5.863367
-0.227852
0.7398886
3.118253
3.974806
1.513311
0.09413971
1.860032
0.9908041
11.64223
5.391617
-0.3504676
6.991523
4.594256
4.107127
6.91348
6.924439
1.250466
1.228683
4.339585
3.414804
0.2734145
6.841605
4.489704
-0.8684581
1.31497
4.172465
6.446903
1.274062
-1.813039
6.256838
2.511646
1.898823
4.395978
0.6571488
0.6159205
5.877143
5.251193
7.212929
-0.3932
4.750199
5.455922
-0.6236596
7.054087
5.06698
2.909885
4.855448
2.191961
-0.6024782
-1.667922
5.285296
1.602503
3.727254
5.034377
5.006128
6.090953
4.355561
2.35915
1.283791
4.799603
0.345501
3.983295
5.400003
4.49103
4.41072
4.448652
-0.2092553
6.127546
5.627557
-1.200772
0.980444
4.042442
-0.8251323
5.460246
5.575509
-0.988084
5.879517
4.886756
0.002306141
4.476047
-0.05965184
-0.5015831
1.806731
3.38356
1.35805
4.570311
5.915769
-0.7450521
-1.645113
4.965933
5.401781
0.5841007
-0.9347763
-0.2955898
4.722747
4.794273
3.389864
0.1701819
5.378216
7.081156
-0.3348514
3.968078
-0.2519661
0.5459729
5.306846
3.914541
-0.002038963
3.023726
-0.2982882
-0.3071157
-0.9262981
4.657196
7.120378
0.204058
2.512526
-0.5677022
5.636525
-0.1705133
5.923004
0.8908121
5.223202
0.9864184
5.710982
0.625412
0.8345529
6.421232
2.025261
5.02797
4.802277
-1.217194
4.89615
4.531463
7.14391
-0.2938078
5.55273
0.564039
0.9781734
4.77492
0.4764647
6.124336
4.288122
-0.0822783
-1.442498
3.89444
0.4576981
0.899373
-0.5026538
5.386561
-1.396689
6.632327
6.262259
5.185535
6.076519
4.290564
-2.599455
-0.7957143
0.03487824
5.163725
6.498246
0.6077558
4.038406
1.701926
5.684181
4.687278
0.9256893
5.606286
4.988895
5.65891
5.885262
4.372756
5.906371
5.502464
4.010011
1.171925
0.690415
6.899953
4.532471
-0.7664271
0.2494427
5.66342
0.400118
-0.8037536
-0.8057928
4.804704
5.242598
-1.635445
5.586419
0.5414094
1.383416
4.252712
5.17542
6.501226
0.05313284
3.551975
0.4732284
3.721632
4.271866
4.041283
1.021962
-0.9254721
-1.146761
6.288193
0.8598448
4.106405
5.259677
4.059775
3.243886
6.799605
-0.8911964
-0.5733284
5.34374
-0.4432754
3.93577
2.0648
-0.5977681
0.07014026
6.771326
0.6292357
5.256214
3.983588
-1.477493
6.09615
0.00459926
1.791839
4.689837
0.1092875
-0.0502316
6.134775
6.435222
4.662854
4.17434
3.040469
0.7517668
3.873579
5.6041
0.2450172
6.724428
-0.6411571
5.390617
0.9262372
5.296567
5.539342
7.544886
4.997794
5.412004
0.02282051
6.329897
0.2418173
-0.8044538
-1.352773
-1.92334
0.7537334
0.1570092
-0.2333289
5.310619
0.07824188
0.1683777
7.214593
5.801731
4.218018
4.085907
-0.9009647
4.700389
-0.5419642
4.272569
4.859875
0.9934822
3.265112
-0.3587796
-1.125089
5.850891
5.397144
4.52811
8.297429
0.1579141
5.622305
0.8397662
-0.4832452
5.412194
4.88485
6.113831
7.041655
-2.013095
3.972614
4.813261
-1.142537
-0.436579
0.8867181
6.148086
5.749124
4.973645
4.431688
1.581167
-0.5327925
0.2367213
5.509653
6.009631
5.189592
1.814388
2.867624
3.792255
6.621667
0.3531904
3.807122
4.776375
1.369218
4.088041
5.424277
-0.6252628
6.027958
5.40358
-0.1308101
5.836525
5.115796
1.034567
4.767829
-1.481203
3.995358
5.032276
6.608934
0.1377484
-0.3385057
3.410367
5.065567
4.724482
1.002739
4.589867
-0.1918514
5.200085
-0.2674809
5.792847
0.008719813
6.468646
0.07522251
6.213994
5.395644
3.096244
-1.510062
1.113541
1.628593
-1.874553
5.873842
6.445823
1.24136
6.259197
4.935876
6.046092
-0.6911962
0.5122061
0.2435154
5.693515
5.91245
5.160462
1.296741
4.243743
3.877339
6.493211
5.065965
4.862855
3.925558
4.312231
4.684618
6.005899
-1.722202
7.467905
4.383607
-1.486684
-1.82216
5.065773
3.976716
3.707351
3.314922
4.025539
1.541016
7.162989
3.8116
-0.4707224
3.941535
-1.156803
-1.081494
0.7987938
4.752779
-0.0461453
4.671612
5.548471
-1.107703
-0.09246197
0.3453091
5.712523
3.604922
-1.066169
5.390111
0.3734331
-0.9195584
2.897389
-2.128981
4.327083
4.280372
0.6423967
2.497537
0.7517789
0.04532395
0.4183519
-0.7042588
-2.957762
0.3471132
-0.5361153
-0.6478828
5.678867
4.284006
5.820071
4.397728
6.222469
0.5517105
-1.299093
3.265189
5.314906
3.899405
6.854842
1.770565
5.095065
-1.068865
3.876725
2.694464
3.988619
5.331589
4.087518
-1.144979
5.15104
5.064101
1.758556
6.271818
5.636806
1.47062
-0.7540625
4.275949
5.251127
5.794735
0.5877852
4.202096
-0.6640323
0.4981034
6.724253
6.768073
1.524808
1.28838
-1.262594
4.602269
-0.325654
5.543657
0.1438685
-0.4106623
4.023625
5.099413
4.577373
4.676489
1.291456
6.27744
5.727622
3.651156
0.8844202
2.013802
-0.09956046
-0.1345808
0.2192185
5.331401
4.3098
4.459815
0.1307496
6.546464
-0.4922786
-2.034198
-0.01687113
4.09393
5.356909
0.6537191
4.487164
-0.03464849
4.686186
4.626866
5.929136
4.310436
-0.2246005
-0.4619412
0.6768726
-0.676423
10.41924
4.396831
3.897248
3.025286
7.675059
5.298904
5.170227
-0.1214004
6.339489
6.621407
5.936702
-0.825096
5.768989
7.049623
-0.05377241
4.76441
6.661209
-0.3664557
3.222917
4.195279
3.521095
0.6850135
1.107248
4.098065
5.562851
5.155605
1.662982
0.2272169
6.935102
-0.5965822
5.510513
4.713071
-1.903824
3.269307
4.41387
0.6403946
5.230013
0.5446167
-1.168539
5.181845
-1.083439
-0.150605
5.409099
5.999739
0.2815227
1.08923
5.180707
1.436758
5.85376
6.190885
5.551489
4.989981
4.803375
-1.376143
3.889245
-0.4758592
0.1347766
0.0212972
5.62593
5.827331
5.135658
0.8930387
5.900997
5.064525
2.824699
3.837987
5.311184
5.925783
4.644255
1.520294
1.121781
1.632507
6.371175
-2.419372
4.403886
4.301499
3.483789
4.620026
-1.893141
0.1836605
-2.390721
0.3489109
6.044471
4.154643
5.643733
3.311341
6.15485
4.430234
5.289963
5.706053
2.543904
-0.4274698
-1.534339
-0.7029886
0.1021545
0.2988657
3.47155
4.12583
-0.5486937
5.728075
0.4692527
4.609996
1.030034
-0.1607627
2.829589
3.997232
-1.150872
6.387315
1.014926
0.8304991
5.789662
2.787042
4.552334
0.2375411
1.371285
0.9896912
1.328083
4.094324
3.814184
-0.1951663
5.665711
-0.68337
-0.01240428
9.029148
-0.2555157
3.328122
-1.449286
5.874795
4.794262
4.357605
9.617179
3.259199
0.5521962
0.01147168
-0.1978038
5.90454
-1.177665
4.526955
-0.4728537
5.443748
-0.7219801
5.855255
1.677618
4.855691
4.684436
-0.7171392
3.992179
4.315824
-2.402583
4.089433
2.156101
-0.9995503
5.928156
5.512379
-1.349707
-0.07332344
4.174039
-0.663457
4.149535
0.02284144
-1.472107
4.670122
0.395192
0.7429883
4.527862
2.029421
5.563047
5.517983
-0.4926693
0.8639634
5.442928
4.19205
3.251108
3.997732
3.133915
-1.174414
-0.889863
4.678041
1.911794
4.158097
0.8511835
4.808066
1.061806
0.7470544
6.564751
4.524591
4.614396
7.193227
0.02640932
-0.4639377
-0.9588941
1.932917
-1.270217
-0.5166762
5.620809
4.975438
-0.09708466
4.198286
5.136542
-1.315373
0.8119779
-0.8159711
7.035965
1.379886
2.12446
6.042534
5.132774
-0.4879299
0.06988947
0.4521166
1.298745
0.4498862
4.535022
6.207069
6.970645
0.4178472
4.867996
3.26574
0.6134632
-2.153827
0.7912051
5.612594
5.752009
-0.7034775
4.889496
0.3591721
5.406888
5.551289
5.585498
2.745425
-0.9120416
4.375419
1.268998
4.650205
0.9829344
0.5963727
0.06955595
3.58456
-0.5608698
-0.8752277
-0.7121043
4.809955
3.727491
0.08967225
3.5806
0.1929701
4.810116
2.063624
5.384716
0.5358243
4.735414
-0.01263183
4.653858
0.4637211
-0.2384983
4.641509
5.543767
5.979202
0.2276735
0.5781768
5.012481
4.500105
-0.4179345
-0.6147608
5.759123
1.194112
1.778115
4.469565
0.6620343
4.814132
-0.8847485
6.419276
6.519823
5.530692
5.176636
-0.6842617
-1.733161
-1.612538
2.685477
5.971767
-0.274548
5.395229
1.418033
3.257191
4.442565
-0.7854457
0.210342
0.2922151
4.922889
5.258277
0.5466075
6.287094
6.239925
4.256138
4.855768
1.475523
5.375294
-0.3569817
5.612791
4.653494
4.789821
5.313533
4.476209
0.7061439
4.198412
5.763099
5.942963
1.00111
5.766432
4.779917
5.14456
0.6049078
3.569963
6.500701
3.517201
-0.7503374
4.78237
4.951643
6.019244
3.745703
-0.9067757
4.678321
4.361018
-0.07812215
1.139236
1.193723
6.209579
-0.2887572
3.251093
-0.5823248
0.2756828
0.0263886
1.281394
-0.6587923
3.674036
5.39183
6.09931
-0.4959887
6.276014
4.710113
0.3036111
4.083656
-1.503854
0.94941
4.483676
0.8939825
4.799052
7.682256
3.418271
4.653928
8.473078
4.765803
5.222311
1.348585
5.387371
5.189802
-0.502865
4.091646
6.00525
3.935209
7.679948
5.788147
0.2517347
-0.1508652
-0.1290316
5.885303
-0.2178817
5.455724
4.693751
0.708174
5.228996
4.20598
5.148347
1.368118
6.115618
-0.3950894
4.530175
-0.7921999
5.16317
3.406319
6.189871
0.737171
4.929731
0.4531977
6.483242
6.071204
-2.709199
5.790653
8.477347
-0.9166323
0.8935826
5.127234
-1.72448
4.931268
5.772373
-1.916829
4.698423
4.120913
3.497123
1.027425
1.204402
0.6897646
4.710134
-1.129969
5.107144
4.401833
-0.6884219
1.389701
6.831895
-1.029826
-1.070962
6.642658
5.643257
1.436237
5.249873
3.722223
-0.6747169
4.644665
-1.217192
0.940154
0.6743922
5.002027
6.388894
7.14222
6.02886
-0.7357105
4.253663
5.186631
0.542041
1.24273
-0.1977199
0.8905006
6.043724
0.2018493
0.5292444
-0.8330046
2.289144
2.969043
-0.2556344
-0.9018613
6.04567
0.6635046
5.964751
-0.6562618
0.3971627
-0.8035649
-0.2181685
-1.757036
5.701294
5.307608
-1.299953
-1.152538
0.57335
1.139972
8.494373
5.075662
6.907437
4.21146
4.784483
0.5686938
-1.036914
0.5307252
7.136689
-1.46037
0.3247679
3.831845
-0.0429112
0.2750004
0.6114538
-0.2044534
4.158225
4.597487
4.397353
2.306043
4.10773
0.3954032
4.492147
0.4789283
1.66044
2.472436
0.03716407
5.329397
0.538828
5.123871
4.835382
3.858001
0.9546268
0.2112715
0.5628276
-0.1148631
-0.1042248
5.792234
4.277439
3.587576
0.8835553
6.236755
4.934419
0.6348729
-0.1406708
0.9200098
2.168036
6.972709
1.048174
4.877591
5.670404
0.5020192
0.5362996
-0.207191
5.039064
2.708307
-0.4488381
5.36879
1.747494
4.246576
4.322994
5.601525
4.790373
0.8499201
-1.522041
3.847433
0.493836
1.137674
-0.2723285
-0.613154
-0.8076456
0.153302
4.425523
5.227356
6.573496
7.026338
1.395641
5.999286
4.639342
0.2061905
4.070342
-0.1107611
-0.8813691
5.621512
4.757532
1.566152
2.220828
11.1738
7.331724
4.810747
4.061852
3.898609
-0.1869044
-1.259755
5.967348
0.4876123
3.653146
-0.842959
1.493478
0.07375691
4.611288
1.476553
5.150534
0.8197999
-1.455481
4.172672
4.628425
0.01794561
5.978607
0.2501507
0.3813869
-0.8277595
0.6772489
3.741839
5.646618
4.431584
5.229877
5.065755
4.190403
3.734279
4.163564
5.93742
4.582649
4.620643
1.035425
5.108462
5.162864
8.128271
-1.344868
0.8083564
0.334285
8.155407
-0.9296428
-0.5819904
4.958844
4.225577
5.695997
1.682262
4.938306
7.745474
-0.5932875
6.129594
1.852519
4.195447
6.97715
5.477038
4.530146
-0.03454066
-0.4258757
5.00401
0.7570719
4.842069
4.215971
5.372235
4.481494
1.436092
-0.980592
-1.770962
5.284602
0.4882667
1.104952
4.113692
6.062754
3.892145
-1.32324
3.519346
4.035178
0.6243966
-2.376855
4.523275
-0.3693956
-0.4971315
4.387104
4.888027
7.402696
-2.649097
-1.103358
5.306833
2.802346
0.3767624
5.026791
-0.3861303
5.48305
3.812397
-1.363771
6.47119
5.287582
0.5920186
7.654076
4.452387
4.906131
-0.4575418
6.216663
4.079544
5.176405
9.17872
4.871718
0.6228815
4.131899
3.076113
4.13937
-2.084035
3.209007
5.343875
4.883342
6.219253
0.6445327
5.297478
-2.039627
5.178984
1.833083
4.120162
3.543287
-0.4652145
0.8294734
4.325815
5.713403
-0.3681844
0.06264868
-0.2816997
-0.06785909
-1.864018
5.132042
-0.4019816
3.729126
3.536576
0.2242064
0.5367205
4.544311
6.430663
4.673683
-0.2441401
2.714037
5.350372
4.622255
0.7210623
1.154921
-1.107748
2.973961
5.261069
4.179858
6.23862
6.643432
1.0095
5.998957
0.9755549
4.13681
0.4356091
1.887064
5.457929
-0.9287208
5.448136
0.472436
5.543913
4.056989
1.402084
5.160851
3.813556
4.236009
2.573879
3.412553
7.148431
10.23669
4.517614
0.9187014
-0.53072
6.774743
5.71102
-0.5510904
-1.077997
5.557815
6.781592
5.236422
4.450098
-0.5752883
2.704742
0.8194281
3.595596
4.452777
4.531814
5.779828
4.064165
5.116652
11.85041
4.815896
2.116787
5.51116
3.4772
-1.1409
4.690113
-0.005950517
2.008034
0.206488
-0.002472663
0.1746447
5.504298
-1.382135
4.945897
7.804808
-1.303369
-0.5618136
2.322764
3.335753
4.787836
-0.2048934
6.150488
-1.122018
5.292588
-0.3757352
3.699894
5.114382
7.836497
0.6902598
-1.843989
-1.63809
0.9214526
4.210632
3.545246
3.953343
-0.779855
-0.1270209
4.942185
3.702236
-1.085371
-2.697823
-0.4743944
0.3678191
1.129695
7.501992
5.182648
-1.030316
6.236869
4.925912
0.2856334
4.841518
-0.2692664
4.961674
5.065126
-0.4088434
-2.523094
0.38286
-1.630372
-2.037282
1.178415
4.77646
1.418858
4.174014
5.427083
7.266482
-0.3232875
-1.896816
3.931672
3.431834
4.939064
4.289952
4.158288
1.855886
5.140738
6.269848
-2.123639
5.155889
0.01609003
2.887122
5.188882
0.01080963
4.064871
5.244371
-0.03705102
1.262913
2.014299
4.941134
2.210415
-2.351376
6.148282
6.447134
9.915489
5.707825
4.997853
0.2788224
5.885409
5.468491
5.951027
4.31483
0.7502754
5.835926
-0.6654795
4.363597
-0.3639766
6.101582
4.927642
5.029358
5.064347
4.843285
1.370737
9.57455
3.443174
6.856921
2.770248
3.922638
-0.137071
1.547698
4.898933
0.5359802
-0.9732287
0.8175363
0.9197753
4.695286
12.28422
4.272943
5.224689
6.258803
3.904333
1.488357
5.657662
-0.5411033
3.810266
5.062103
-1.811885
4.240941
-1.646204
4.290207
1.126549
3.584198
1.101861
5.220698
6.204135
4.576501
7.661928
4.381196
-1.540264
0.1516658
3.912387
-0.2867203
-0.7467894
3.59964
3.52355
5.228625
0.4700088
5.668886
2.303838
5.200551
0.386128
0.2489098
1.085099
3.713494
-0.505102
3.574031
4.481775
-0.226137
5.260422
0.08081902
-0.3213075
-0.006175482
-1.758154
2.909063
5.641259
2.99967
6.226474
2.136154
1.275593
-0.2018933
4.566198
1.644211
5.933883
5.595555
4.238113
2.361983
5.454041
-1.893773
0.06605957
2.539976
5.561438
4.348661
7.722548
3.699777
6.281979
-0.9974886
0.473214
4.556102
6.585302
-2.150913
0.1898663
3.452983
6.195544
0.6394177
5.452951
4.268757
1.920972
3.379499
4.434106
3.732844
-1.171935
3.507323
1.825104
4.596647
5.481725
-1.53096
4.039537
4.144662
3.511981
5.545973
-0.786023
4.395643
3.797154
5.934681
0.9106622
5.129538
5.64993
5.368633
1.974766
1.628101
-0.2423635
6.271367
5.237179
-0.5868204
0.6225162
6.214819
5.233379
5.934816
6.783585
0.1753845
5.87975
3.124911
-0.6106429
0.11933
4.498479
0.08250207
-1.300716
5.858954
6.403016
3.856828
0.302814
-1.639644
0.9050223
9.16501
0.2592093
6.04832
0.9408948
6.318519
-0.9398069
4.241524
4.712348
3.683129
3.935563
1.445595
1.508234
5.733892
0.6800301
4.027892
1.565145
0.2693936
0.7562528
5.248948
-0.5737121
-0.9998221
-1.768943
5.888087
5.835764
4.949418
5.810796
0.7308857
-0.6736484
4.797238
5.534478
4.771259
-0.9172087
-0.7175462
5.603521
4.85403
5.180539
5.052456
3.914971
0.0629216
7.827041
5.068503
0.7217627
-0.457924
4.689626
1.446123
1.004112
4.286945
0.3356104
4.144226
-1.31208
4.865826
1.991422
4.024149
4.601645
0.06759175
5.329987
5.955493
-0.2631519
-0.03346965
4.621332
-0.3985638
2.043667
5.574068
6.576665
3.228454
4.367703
-0.9818555
6.015698
1.093107
5.685303
0.5496431
4.331483
4.642442
4.426839
5.948419
5.13035
-0.3097566
5.085433
5.827984
4.231442
5.782246
2.240347
-0.7371898
0.4873455
4.343238
0.1957574
-2.368805
5.129015
-0.6341078
-1.95387
0.7221758
7.279097
5.915644
-0.3488255
4.376429
5.538706
0.2536948
0.1680221
-0.4855943
-0.271665
-1.515941
-0.3319858
4.987878
4.33017
6.169323
-2.376153
6.749628
5.908198
4.04812
5.763068
0.3698924
-0.8226155
0.9714205
4.915978
0.2922572
5.259549
5.984557
-0.8400537
4.112253
6.080423
0.6035418
6.12114
4.282714
4.527329
4.654445
2.2413
-0.07474883
5.906109
-0.3659726
4.738468
-0.9051534
-0.08518425
6.127055
4.947796
4.346049
-1.714712
5.947298
-0.7161093
4.662358
0.4616364
3.502796
0.2500875
-0.8885008
-2.412746
0.06366
6.171593
5.54657
-0.5741535
-0.1594261
4.100239
4.826323
6.472428
5.024227
4.524572
0.1352104
4.554783
5.231705
4.985454
4.852293
4.424792
0.960335
5.344305
5.345075
5.977242
5.306753
-0.7751588
4.711984
0.4728103
1.269567
4.461827
-0.01520077
5.261826
4.101308
5.71126
3.859483
-0.4759682
0.03901322
0.4702727
3.692843
3.151647
0.01365388
3.486024
4.597715
4.777898
8.385326
-1.739082
5.978971
0.1809875
5.972928
4.660945
-0.9627998
1.147075
6.901166
6.420144
-1.372627
6.275806
-0.4306354
0.2052853
5.963114
-2.704767
5.009386
4.567627
3.991693
1.294166
6.443428
10.1775
4.260781
1.135037
-0.5059226
0.5397034
0.5899831
6.057895
1.351223
6.164884
5.559345
5.47067
-0.807265
-1.132904
5.031072
4.661289
5.772661
4.328002
3.648687
-0.05275428
3.472443
4.50346
5.034924
1.930855
3.624005
0.870352
6.515381
5.44566
4.755758
5.286842
1.691848
-2.295742
3.561631
5.0172
6.041981
5.514856
4.787485
5.793626
-0.7319756
0.2864576
-0.2593101
10.94914
-0.7323959
5.193227
0.9769855
-0.803595
-0.505277
4.705228
5.322513
8.261708
0.5931631
5.023775
5.053591
-0.9508404
4.606826
3.736082
-0.8352367
-0.5250069
-0.7787432
5.680772
2.630425
0.6057071
1.213991
1.512261
4.353615
7.767479
4.935872
1.452666
4.191477
4.816313
6.760662
-0.2973446
-0.3227985
4.050778
6.203327
3.534536
2.219907
-2.012268
5.597508
11.12291
-0.7990333
0.3412199
4.201373
1.32873
6.471155
6.272103
10.34134
4.130671
6.735355
5.235258
5.654413
-1.925458
-0.3678715
4.906961
5.89132
4.763928
4.179525
-1.336861
1.329118
1.003647
4.931525
4.456115
5.733867
1.683474
5.125422
4.460102
0.4291505
2.081464
4.085946
3.453159
0.5739838
0.803696
6.302203
-0.2218664
4.964982
1.603161
5.106598
7.310718
-1.05461
2.575168
5.558047
0.585468
4.489262
4.858645
2.35784
1.707379
-0.2307328
-1.054387
5.96016
1.222417
4.376735
6.528441
-0.5951489
4.356126
-0.4337283
1.345854
1.04392
0.3751538
0.049939
3.56798
1.448067
6.161951
0.7004447
-1.114614
3.704037
-0.5644663
3.330585
4.072627
5.546254
1.153145
4.262572
7.438103
4.347
0.9452094
0.529673
5.823004
0.8918979
0.1087854
4.302005
5.547447
4.936224
6.258459
3.486299
5.306453
0.1255499
6.15607
-1.098413
-0.6615901
4.302025
0.09417386
4.262447
5.691407
1.215442
0.4323222
5.465791
5.209872
3.248826
3.228259
3.684132
-0.5950822
5.290809
1.008615
0.2764822
5.246836
0.1402387
4.070529
5.948031
-0.9024727
4.283734
5.22614
7.354135
0.77028
3.873887
1.180773
-0.3260951
0.5174382
4.258084
3.910341
4.577412
-1.134379
-0.7516644
5.315019
4.627391
0.852355
-0.6277182
6.269654
3.802347
1.153328
4.91266
4.527691
5.308663
5.254426
4.695323
-0.7294353
3.856987
-0.9776383
6.551121
-0.04565099
6.883743
5.352915
4.476803
0.4440028
-1.526942
4.774577
-0.4472428
5.819167
8.108533
5.45346
0.149421
4.49723
3.867943
6.404347
1.829085
-1.506816
6.310129
0.928518
7.034845
-0.1419108
-1.087045
6.866919
-1.873658
4.891619
0.2873108
1.342317
4.302273
3.331368
0.2307783
5.368723
4.199285
0.5301819
5.183152
-0.1798135
1.174341
5.604513
6.141591
-0.4674013
0.0937903
3.397427
1.419286
-1.222607
0.6210247
-0.07130414
5.109064
5.66621
1.871597
-0.2918317
5.713915
-0.07000722
-0.2661116
3.669596
4.892684
3.984771
5.412975
5.614858
6.097634
5.914004
6.5215
-1.666327
-0.5581394
-0.8702789
3.629115
3.116907
7.261851
2.585475
5.557174
-0.4794626
0.5070188
4.42063
6.160617
8.007829
0.4935597
2.790559
1.666929
4.025859
6.679856
-0.44017
4.602803
-2.496488
0.1674431
-0.8254956
2.15721
-0.4638997
1.635905
6.020433
5.829341
3.88389
0.4600851
-1.076424
3.94002
0.7318041
0.08281191
-0.5288941
7.302652
1.848382
5.681852
4.678343
-0.2891213
-1.237123
-0.4027405
-0.9782853
0.01054221
6.080214
6.524361
6.276672
6.948951
4.760293
5.220053
-0.6031939
4.390038
-0.8154864
-0.6541713
0.8184282
0.8590663
4.668385
0.8211509
4.296879
1.940453
2.140445
1.638462
4.331394
-0.5273568
5.049313
4.940125
-0.1849643
6.447721
4.049712
6.459826
5.491949
6.050067
5.677753
-0.1199548
4.499629
-0.1130209
-0.5198407
6.972492
5.574174
0.6396198
7.824965
3.646265
5.74351
-0.3493186
6.15971
-1.267711
0.5082145
-0.04359635
0.9305251
3.363194
1.744831
-0.8090383
5.083961
6.346185
6.511288
-0.6729473
3.985012
5.62129
7.48693
5.230986
4.59186
2.873384
0.5617967
7.785618
5.766017
5.117077
4.394699
2.379971
0.6689614
0.1986918
0.02196988
5.398655
3.995807
6.017697
3.363446
3.958248
0.8314166
5.505722
7.964523
-0.3487828
6.080096
-0.341716
-1.013003
4.351542
0.5100007
-0.1543728
-0.06505772
3.594571
3.709109
-0.1561922
-0.3952914
2.892228
0.610995
0.8831883
1.33632
4.319066
3.425816
5.737464
5.167482
5.312747
0.8604022
6.776824
4.383026
2.244338
-0.1952278
3.924305
0.04312331
0.5309863
5.182096
1.928049
-0.03771328
5.352032
4.126561
4.181897
5.116732
5.614453
5.730224
-0.5013861
4.114478
-0.1240051
3.928765
-0.6703444
-0.8883679
5.92184
-0.4420759
5.676056
4.502176
0.8365353
-1.229922
3.06495
0.0801895
5.178478
5.273728
4.709549
-0.1252085
8.100133
3.839942
5.055838
5.362592
-0.05861726
4.149084
0.7655804
-0.2343813
0.1648186
5.398571
4.55329
0.4194565
1.899478
3.926773
-0.5720487
3.772195
5.096334
0.04162749
5.407601
-0.532606
1.110228
1.546876
0.4323865
-1.092546
4.567732
-0.4364295
3.881773
2.265365
0.3799916
5.663191
4.979716
-1.517254
2.585965
5.430206
3.298027
6.356602
5.3819
0.4719472
0.8604895
5.893195
1.022586
6.776579
-0.8532208
-0.9207067
-0.8049148
5.313776
2.150532
7.648439
7.826822
6.359429
6.590269
6.41215
-0.6058741
1.228619
5.52931
4.713675
3.325032
4.665802
-0.7634718
-0.4707013
3.626829
4.821822
5.22389
5.313571
0.04891027
4.436771
0.7235877
0.1708769
0.9497594
-2.49467
1.22289
8.525109
-0.1812225
-0.6401528
1.338756
0.3191997
-1.333604
4.625168
6.454462
-1.326848
0.5115852
9.329273
-1.556973
1.282096
-0.4475667
3.369432
-0.3033752
-0.9770713
5.555778
-1.430317
3.878937
4.737302
6.834931
5.248968
5.309304
0.1492861
5.185696
-0.7838053
-0.6296218
3.688217
4.438774
3.836278
7.36088
5.756235
5.420158
5.217442
5.435529
4.471419
-0.5122836
-1.067506
4.721118
5.291336
5.346562
5.971594
4.780641
5.822796
4.943265
5.233907
6.501688
1.019852
3.442873
4.952036
0.3235414
-1.433342
3.108449
-1.196781
0.3526792
5.129456
0.7680002
-0.7935366
0.1493931
-0.4078142
1.364307
0.4344142
-1.172779
-0.9041737
0.9829186
-1.651466
5.179502
7.27835
6.024895
4.886538
0.8046583
4.994042
2.876195
5.574659
-0.3176613
5.49706
5.347852
2.461132
3.308815
5.648757
0.3609226
-1.163084
5.5748
-0.6097536
0.6293459
4.484075
6.549449
-1.632118
0.9236604
-0.2743645
5.702198
2.898748
5.809528
-0.2610565
0.7289149
4.165562
4.116223
-1.505846
-0.7593087
3.549233
0.5244546
7.601954
-2.004856
4.662652
-0.6229279
9.158951
4.702063
5.471852
3.547852
7.084972
2.341069
-1.075069
5.152881
2.853318
5.511097
4.74926
5.651906
-0.5538107
0.8361616
5.58113
4.909443
1.277703
-1.158671
5.007737
2.846818
0.0687268
-0.3257812
5.523771
4.575463
4.967373
4.007638
3.972866
-1.881711
-1.732879
4.680212
1.063011
0.3822338
3.773011
0.1531103
4.715989
4.002882
5.986582
-1.195204
2.033858
5.564585
-0.2819743
-0.6112052
3.222861
1.970368
5.848844
-0.1206844
1.044837
7.587431
0.08576446
4.870331
3.956326
3.613414
4.25741
-0.7328884
2.465711
6.392943
6.875191
-0.2089282
6.251196
5.460809
6.613401
0.5117407
-1.368097
3.571298
0.3327829
3.931908
5.465483
-1.575001
0.4849047
3.837114
-1.591726
5.597937
4.903528
5.455583
4.088469
5.772144
4.411429
7.010925
5.758557
5.112367
-0.09281518
6.043407
6.988372
4.936075
5.329036
4.910109
0.5273757
0.9364356
0.01046444
6.052534
-0.2333992
-1.310044
-0.3604731
-0.3953086
-1.141846
0.5479631
-0.1896994
3.429454
-1.205747
3.94095
5.73259
5.324947
5.526707
5.137864
-3.753033
0.5737832
4.991221
2.692628
6.128741
5.925216
0.692068
3.310305
6.356938
5.429096
6.015901
5.303369
5.752793
3.024437
-2.048707
9.107319
0.4217001
5.196277
1.203377
3.407751
-2.26591
4.960995
4.545528
5.508476
5.410738
0.04200207
3.684239
4.094814
6.298971
3.733131
5.204556
5.202892
5.437482
6.641395
3.217685
4.305146
3.613515
0.5456123
0.5869363
3.907547
0.5791492
6.217007
0.1790341
3.928489
5.394533
-1.261214
4.935208
5.004004
5.755556
2.881815
4.157554
4.418275
5.520873
5.139439
-0.5097917
4.1038
0.08151657
7.545037
7.089047
4.71435
3.969238
0.3540801
5.445686
-0.5123252
-1.014806
5.890808
5.577955
0.9240763
-1.039568
6.094962
4.996921
0.05459015
7.92674
5.325133
6.439016
-1.883379
7.848314
2.919488
4.129081
5.20762
4.128724
0.4872558
7.546784
3.367591
4.145338
1.107245
0.05295067
4.298296
-1.349581
5.084269
0.01539679
4.014683
4.780423
-0.6850694
3.896743
4.484839
5.11128
-0.5096206
0.9978961
6.241858
4.378268
5.642493
-0.8359739
3.508909
6.196348
3.759611
5.221797
1.772245
4.312123
-0.7848816
0.5439867
4.454095
4.914973
-1.054827
4.709157
0.3317621
1.534433
5.06206
5.682844
-0.08429728
6.239605
-0.384059
3.029992
0.2629159
2.19002
-0.3091057
5.566551
5.390633
6.340266
4.997077
-0.08897311
-0.404543
4.61424
6.127519
0.805306
-1.029555
-1.182347
3.80911
-0.1512438
4.868015
4.736282
4.24441
11.84118
6.937635
1.664524
6.318467
-0.3668969
5.022788
4.379284
0.1911972
0.3600794
0.1399834
3.865041
2.960682
1.67147
-0.7465078
5.337014
1.589514
5.275234
1.251297
5.115536
-1.864128
3.761511
3.630698
-0.08758876
-0.2119853
4.676513
5.857539
3.51922
6.159818
1.585386
0.2123737
-0.5939867
5.407269
3.184079
5.492893
5.432987
-0.7990797
1.064275
1.716937
-0.4460374
4.172674
3.80359
5.093073
5.376281
0.2725081
4.571074
3.836436
-0.7896578
1.226149
1.826793
3.504452
0.2053344
4.100509
5.047423
3.544439
4.375608
-0.6079935
3.246512
4.898222
5.148213
5.365542
12.19924
4.441207
5.517623
9.480027
0.4252726
5.01795
6.177629
3.725288
0.02840124
5.365816
6.039067
0.5392042
5.638826
4.967541
0.04656827
4.752129
5.709126
1.327832
1.128188
4.296178
9.108389
3.901306
1.070501
7.479713
1.446151
5.094808
1.351391
5.39781
5.877217
6.012112
0.4688483
-0.7183728
2.902016
6.027962
5.689438
1.369551
6.128813
6.493072
-0.7217092
4.862056
-0.2785961
1.432197
5.071385
5.939903
0.135827
4.055339
5.754011
-1.36623
8.012777
1.194357
7.2475
5.475223
-0.8951949
4.582774
-0.4595083
5.681074
-0.5216061
0.3830434
-1.191613
-0.1771177
0.1682121
-1.825818
-0.006262685
1.181977
-0.541437
3.767191
0.2686212
5.540798
7.130111
-0.1639336
-1.863551
6.042272
4.547345
0.1454289
4.338621
1.622463
2.781602
4.392765
5.506068
2.326397
0.930801
0.6559774
-1.032787
6.360043
0.8957124
6.589551
-0.08901349
-0.7104781
-0.5066204
4.186043
2.640107
6.081343
7.566911
0.03497094
3.677256
4.636465
4.639088
5.671191
-0.7846284
5.391307
5.598761
0.3735462
5.050389
0.8749024
-0.05129355
5.35838
4.754979
-1.264996
-0.3466792
4.956504
5.741743
4.137069
4.917568
-0.4623097
0.1120166
0.9536191
0.4968387
0.4190201
0.5057908
4.621942
1.202651
-1.945084
-0.1012258
0.2265396
0.4057001
-0.3895908
-0.1548679
1.162329
5.242672
6.444381
0.4504313
6.430732
4.30231
1.733267
4.443781
7.855386
3.559123
4.131196
4.507782
4.916917
5.538311
6.089825
5.907688
5.462251
5.076418
-0.3221098
6.961165
5.564467
1.124252
4.794498
7.276555
-1.058821
1.470203
5.080997
4.607291
-0.0937328
-0.2502662
4.618903
-0.05585328
-0.1545429
4.502784
5.307832
1.706564
1.121317
0.1854279
0.5479855
5.594325
5.132395
0.7427675
-0.2097363
-0.02332435
7.562592
0.599182
4.678573
-0.7040123
5.498416
5.469716
5.325265
2.318647
1.04099
2.625785
5.823307
5.984771
3.591448
3.117008
0.2279544
4.525904
1.628811
4.992894
-0.4928306
0.1439347
5.625668
4.065614
4.676135
-0.2548266
-2.077781
6.50154
6.246919
1.165905
4.478123
6.029051
0.8865996
4.467211
5.095994
-0.8146965
3.823471
4.548934
2.415931
2.397921
-0.1014496
6.872762
2.20956
3.290726
-0.746984
8.011222
1.041661
0.273015
11.12224
5.20997
0.7159342
4.194812
-2.347566
-0.008610663
-1.28997
1.444415
-1.48778
5.863092
6.043455
-1.01024
4.613624
6.213561
4.72855
4.421471
4.116066
6.648282
0.6302864
-0.1050842
4.381351
1.444485
4.807515
-0.7170143
4.265784
4.679237
-0.9461765
2.8992
0.9268286
1.244113
6.179963
-1.789543
3.8942
-0.7978886
-1.535576
5.890916
4.703919
4.172043
5.225262
5.775376
0.2175079
-1.035225
4.929699
0.3377817
5.834774
5.218255
3.599507
6.424295
0.2816862
-1.028377
5.651104
6.296886
5.704433
4.525709
1.89663
3.185509
0.05320773
2.767492
-0.3029162
0.5384443
4.596614
5.799758
-1.057553
-1.414515
-1.780047
5.68518
1.194661
5.742158
6.20173
0.386922
5.4967
-0.7166447
-0.1175689
-0.343569
7.18655
-1.040165
0.5474715
3.517228
3.646618
-1.23491
1.359992
-0.6812997
1.146314
-1.36814
0.1504075
-0.4209172
8.866309
3.565928
-0.4198502
3.889789
0.6003403
1.303301
5.556793
-0.3020014
-0.100473
4.11106
-1.057448
-0.6806152
-0.3413794
-2.796627
-0.7264389
6.664154
5.456212
4.240464
1.356951
6.09424
-0.7813365
-1.562674
0.1591329
4.67253
5.305581
6.377732
-0.2007297
0.5297326
1.973824
-1.47395
4.638523
1.326035
0.3905681
-0.03599582
4.612547
6.590147
3.336285
-1.225999
4.670579
6.516273
9.179773
4.164466
-2.455392
5.863668
0.0587
5.167743
5.723131
5.007115
4.403371
0.3557188
4.324429
5.392944
2.174217
5.8907
-1.422496
1.606934
6.178616
0.76329
4.526709
5.728805
6.115941
-0.0702958
3.762813
0.07237159
3.071341
0.6202016
-1.244323
0.07096079
0.4094942
0.3918136
-0.4088589
5.297942
5.213357
0.672495
5.893265
0.7555317
4.90432
2.764027
6.910752
0.9864345
6.650587
-0.001832528
3.271185
6.195631
4.727002
-0.7503236
5.876283
6.879976
5.186802
1.8055
5.553721
4.625455
0.8271496
6.810504
4.295019
4.632746
5.364092
-1.565521
5.043433
-0.3738096
5.703548
3.776682
4.592239
7.875459
5.07699
-0.227808
3.835427
-0.3229947
1.567176
6.32069
-1.346269
5.517485
0.4168905
5.348434
4.329706
4.629592
6.013431
1.55847
6.047574
-0.2455371
4.502129
1.40266
5.920917
4.876623
0.523752
5.280281
3.276515
0.6640482
5.833028
1.709936
3.872
5.266387
6.656286
4.440763
-0.4889136
0.6995465
1.31542
-0.510591
4.018666
-0.9509753
0.738182
1.155439
6.025277
6.159826
7.826343
5.052612
1.280345
5.39067
0.7269261
-0.5334182
1.014381
0.2507304
0.8684973
0.7112052
5.996039
6.160243
1.340637
4.71852
4.829063
4.109742
0.3181308
0.01624055
0.4568691
0.2428967
-0.5568755
4.522073
5.464653
-1.983819
6.744008
-1.651335
6.114114
4.217623
4.274453
-0.9717709
0.1688593
3.143956
0.7019499
4.968436
3.789779
3.580779
7.333652
0.2269577
-0.3026241
