40
40
40
40
25.72864
40
35.37688
20.1005
40
40
40
37.98995
25.12563
28.74372
40
40
40
40
38.19095
40
40
40
40
40
40
35.37688
40
40
32.56281
40
40
40
40
40
40
40
40
40
40
19.69849
40
36.38191
40
40
40
28.54271
40
29.34673
40
40
40
40
40
40
40
40
38.79397
40
40
40
40
40
15.67839
27.33668
40
39.39698
40
25.92965
40
40
40
30.55276
34.17085
40
40
40
14.27136
40
28.74372
40
40
40
25.72864
40
40
39.19598
32.56281
40
38.39196
40
22.31156
34.97487
14.27136
40
30.15075
40
40
40
40
25.52764
40
38.39196
40
20.90452
40
23.31658
40
40
40
40
40
40
38.99497
34.97487
40
40
40
40
36.1809
40
40
40
40
27.9397
40
40
40
24.72362
40
35.37688
40
40
40
27.73869
40
40
40
40
40
40
40
40
40
40
40
40
38.39196
40
40
40
23.9196
40
40
40
30.15075
40
40
40
40
40
40
40
40
40
40
32.56281
40
40
29.94975
40
40
40
40
40
40
40
40
40
40
34.97487
40
40
40
34.57286
40
40
40
40
30.95477
40
40
40
40
40
40
40
40
40
40
40
40
40
40
40
40
21.30653
40
40
40
40
40
40
40
40
40
40
40
40
40
40
40
26.73367
40
32.36181
40
40
40
32.36181
40
37.58794
40
40
40
40
40
40
40
40
40
27.73869
40
40
40
40
31.75879
40
40
40
40
40
40
40
40
40
40
40
40
14.47236
40
40
40
40
40
40
40
40
40
40
40
40
40
40
34.37186
40
40
40
40
24.1206
40
40
40
34.77387
40
40
40
40
40
40
40
40
40
40
40
30.75377
40
40
40
40
40
40
40
40
40
40
33.76884
40
40
40
40
40
40
40
40
40
40
40
39.79899
40
40
40
40
39.19598
40
40
40
40
40
38.99497
40
40
40
40
40
40
40
29.54774
40
40
40
22.11055
40
40
40
40
40
40
40
40
40
40
23.71859
40
31.35678
40
40
40
40
40
39.19598
27.33668
40
40
40
22.91457
40
40
40
40
40
24.72362
40
40
40
40
27.9397
40
40
18.89447
40
40
31.35678
40
40
30.75377
34.17085
40
40
40
35.57789
40
40
40
12.26131
32.1608
40
40
23.31658
40
36.78392
32.1608
37.98995
33.76884
40
40
24.92462
40
40
40
40
40
40
40
40
38.79397
40
38.19095
40
40
28.94472
40
40
40
40
40
28.94472
32.56281
40
40
40
40
30.35176
40
40
40
40
11.25628
40
40
40
40
35.57789
40
40
37.58794
39.79899
40
27.33668
40
40
40
40
17.88945
40
40
40
40
40
40
40
40
40
40
16.88442
40
39.19598
40
32.56281
27.9397
40
40
33.76884
40
40
40
40
40
18.69347
27.73869
40
40
40
13.86935
35.57789
40
40
40
40
40
40
40
40
37.18593
40
40
40
40
36.58291
40
40
40
